/*--------------------------------*- C++ -*----------------------------------*\
| =========                 |                                                 |
| \\      /  F ield         | OpenFOAM: The Open Source CFD Toolbox           |
|  \\    /   O peration     | Version:  2.4.0                                 |
|   \\  /    A nd           | Web:      www.OpenFOAM.org                      |
|    \\/     M anipulation  |                                                 |
\*---------------------------------------------------------------------------*/
FoamFile
{
    version     2.0;
    format      ascii;
    class       surfaceScalarField;
    location    "0.3";
    object      phi;
}
// * * * * * * * * * * * * * * * * * * * * * * * * * * * * * * * * * * * * * //

dimensions      [0 3 -1 0 0 0 0];

internalField   nonuniform List<scalar> 
3782
(
-3.26144e-41
8.97529e-39
-3.54644e-41
6.75188e-40
-8.32287e-42
8.98138e-41
-7.46344e-41
6.38354e-42
-1.36773e-39
-5.62361e-42
-1.42088e-38
-1.23805e-39
-2.39755e-37
-6.00343e-38
-9.16705e-37
-2.11521e-36
-1.35761e-35
-9.62345e-35
-8.25805e-35
-1.27439e-36
-4.39569e-35
1.44011e-35
-6.63979e-33
-1.15192e-36
6.77355e-33
-2.94298e-35
4.8625e-35
-5.71572e-37
8.49927e-35
1.47772e-35
1.4814e-35
8.60723e-37
1.56429e-35
-6.06253e-39
7.85215e-35
-8.54919e-37
-6.34359e-35
-1.55858e-35
7.498e-33
1.93838e-35
-1.57484e-32
5.09282e-35
-1.40272e-34
-1.73212e-35
-2.78843e-34
-5.1758e-35
7.9835e-33
1.84161e-35
-1.66952e-32
5.30877e-35
-1.63412e-34
-3.62535e-35
8.44681e-33
-3.71592e-35
-8.67355e-33
1.63222e-35
8.75541e-33
-1.03505e-36
-9.06222e-33
-1.18194e-34
-8.14517e-35
-3.30314e-36
-1.13143e-34
-1.9739e-35
-1.86439e-35
-1.15269e-36
-1.14475e-36
-1.26694e-37
-1.13893e-36
2.04589e-40
-1.96004e-35
1.33886e-37
-1.03538e-34
1.1345e-36
8.25137e-35
2.05489e-35
-9.88073e-33
-2.53603e-35
2.06893e-32
-6.70726e-35
2.93771e-34
2.1434e-35
2.81072e-34
4.60751e-35
2.58478e-36
1.24964e-37
-4.99071e-40
1.15438e-36
-5.80461e-39
1.56035e-35
-8.27045e-38
-6.89691e-37
9.19453e-35
8.85188e-39
-5.36927e-40
8.02236e-38
-6.24102e-39
9.63661e-37
-8.85295e-38
-7.37159e-37
5.53618e-36
1.11618e-39
-3.91674e-41
8.79469e-39
-4.90192e-40
9.23527e-38
-6.56996e-39
-5.29272e-38
2.90324e-37
6.72785e-41
5.07158e-41
5.05572e-40
1.18032e-42
4.82409e-39
-7.83593e-40
-5.77673e-39
1.13814e-38
-3.47385e-42
1.02393e-39
2.66962e-41
1.13665e-39
3.53285e-40
6.63157e-41
-3.28045e-40
6.53601e-40
-7.48886e-40
9.64825e-39
-2.24509e-40
1.08372e-38
-7.49036e-41
1.05708e-39
1.03325e-40
2.02499e-41
-3.39484e-38
1.56829e-37
-5.87457e-39
1.74564e-37
-1.79342e-39
1.48038e-38
1.74489e-39
-1.79116e-40
-1.14858e-36
8.79305e-38
-1.14595e-37
1.576e-37
-1.89759e-38
1.3321e-38
1.58529e-39
-1.67644e-39
-2.64644e-36
-1.20841e-36
-1.90659e-36
-2.81434e-37
-3.06699e-37
-2.17282e-38
-2.29124e-39
-2.41309e-38
-2.74011e-37
-6.39877e-36
-2.94803e-38
-5.26735e-37
-8.75038e-39
-3.01176e-38
-2.51644e-39
-8.70259e-40
1.48123e-35
-9.23067e-35
1.23974e-36
-3.64385e-36
1.44247e-37
-1.06731e-37
-1.61498e-39
1.06213e-38
-1.19397e-36
-8.52514e-35
-1.1263e-37
-3.31883e-36
-1.35555e-38
-9.56163e-38
-1.30278e-39
-1.05941e-39
-3.02172e-35
9.07869e-35
-2.53906e-36
3.5423e-36
-2.98055e-37
1.02406e-37
1.42828e-39
-2.20713e-38
-5.98391e-37
9.43666e-35
-6.21933e-38
3.72179e-36
-7.56346e-39
1.08641e-37
1.57202e-39
-6.1127e-40
1.51713e-35
6.40686e-36
1.27341e-36
3.63897e-37
1.49317e-37
1.59444e-38
8.13181e-40
1.10471e-38
8.95281e-37
1.1456e-36
8.71429e-38
1.26492e-37
1.04751e-38
8.58472e-39
7.20287e-40
8.26131e-40
-6.27262e-39
1.19832e-36
-5.76364e-40
1.31217e-37
-7.35012e-41
8.83118e-39
7.38097e-40
-5.63356e-42
-8.8884e-37
5.88338e-36
-8.61161e-38
2.60105e-37
-1.01709e-38
7.72146e-39
5.21476e-41
-7.96176e-40
-1.59855e-35
9.79102e-35
-1.32526e-36
3.6347e-36
-1.54861e-37
9.40852e-38
-2.3835e-41
-1.13811e-38
1.99294e-35
-1.83821e-35
1.70242e-36
-9.8574e-37
2.00443e-37
-4.13436e-38
-1.97693e-39
1.49619e-38
5.22892e-35
-3.22533e-34
4.3919e-36
-1.27599e-35
5.15359e-37
-3.76434e-37
-6.01214e-39
3.81506e-38
-1.77833e-35
-2.19528e-34
-1.49287e-36
-8.84299e-36
-1.7502e-37
-2.69377e-37
-5.27425e-39
-1.29482e-38
-5.31365e-35
8.85203e-35
-4.45829e-36
2.90902e-36
-5.22725e-37
5.48233e-38
-2.63883e-39
-3.86657e-38
1.8907e-35
-2.06289e-35
1.58672e-36
-1.18277e-36
1.85898e-37
-5.34571e-38
-2.91638e-39
1.3748e-38
5.44896e-35
-3.36939e-34
4.55936e-36
-1.32897e-35
5.34463e-37
-3.91382e-37
-6.25559e-39
3.94849e-38
-3.72094e-35
-1.20206e-34
-3.11201e-36
-4.87971e-36
-3.65017e-37
-1.49128e-37
-2.8844e-39
-2.69684e-38
-3.81655e-35
1.01705e-34
-3.22037e-36
3.74051e-36
-3.78237e-37
9.63545e-38
2.89065e-41
-2.8065e-38
1.67703e-35
4.10251e-36
1.37551e-36
2.52344e-37
1.59254e-37
1.06141e-38
9.64141e-40
1.15986e-38
4.31511e-37
-7.22828e-36
3.74132e-38
-1.27683e-37
-3.29156e-39
6.6657e-39
1.92783e-39
-5.27563e-40
1.66109e-35
-1.27844e-34
-1.02141e-36
-5.36261e-36
-2.38888e-37
-1.75065e-37
-5.2689e-39
-1.97315e-38
-1.92331e-36
-1.26318e-34
-1.87399e-37
-5.32076e-36
-2.99268e-38
-1.75069e-37
-5.44285e-39
-2.60498e-39
-2.02276e-35
-8.55481e-36
-1.7042e-36
-5.05223e-37
-2.01636e-37
-2.32396e-38
-1.31654e-39
-1.5001e-38
-1.19834e-36
-1.43431e-36
-1.17005e-37
-1.59322e-37
-1.4187e-38
-1.08194e-38
-9.15259e-40
-1.12464e-39
-1.32163e-37
-1.00237e-37
-1.32557e-38
-1.24711e-38
-1.78738e-39
-9.32482e-40
-8.24591e-41
-1.47207e-40
2.12556e-40
-9.94614e-38
2.05801e-41
-1.20681e-38
1.90525e-42
-8.9282e-40
-7.77586e-41
1.24829e-43
1.3959e-37
-1.49061e-36
1.39101e-38
-1.62155e-37
1.86201e-39
-1.0841e-38
-9.03224e-40
1.5243e-40
1.17959e-36
-7.75674e-36
1.14365e-37
-3.4292e-37
1.35252e-38
-1.0173e-38
-6.76492e-41
1.05962e-39
2.1076e-35
-1.29096e-34
1.74746e-36
-4.79378e-36
2.04202e-37
-1.24151e-37
2.4028e-41
1.50082e-38
-2.60743e-35
2.30942e-35
-2.22763e-36
1.25988e-36
-2.62301e-37
5.37298e-38
2.64119e-39
-1.95811e-38
-6.88672e-35
4.24297e-34
-5.78667e-36
1.68945e-35
-6.79273e-37
5.04797e-37
8.8326e-39
-5.03003e-38
2.199e-35
2.96344e-34
1.82959e-36
1.19704e-35
2.14368e-37
3.64417e-37
7.00288e-39
1.5796e-38
4.73232e-35
2.12565e-35
3.9923e-36
1.29404e-36
4.68823e-37
6.09433e-38
3.49177e-39
3.47801e-38
2.68927e-36
2.6297e-37
3.17169e-38
2.51264e-39
1.24473e-34
-1.01696e-35
5.83349e-33
-8.92086e-36
9.24337e-37
1.98643e-35
-5.81884e-33
1.97928e-35
-2.70907e-35
-9.62107e-36
4.25604e-35
-2.04194e-35
5.91407e-33
-1.03148e-35
1.35856e-34
9.5455e-36
9.5043e-35
1.02431e-35
1.45424e-35
6.97964e-37
9.20545e-37
7.59108e-38
8.03076e-38
4.59005e-39
-1.70788e-37
1.04627e-39
-1.75182e-36
8.76909e-39
-2.81686e-35
1.47285e-37
-1.75628e-34
1.32035e-36
-1.77489e-34
1.97925e-35
-1.17057e-32
8.91854e-36
5.75012e-33
-2.95615e-35
8.33584e-35
-2.11215e-35
5.99534e-33
-7.42471e-37
1.6389e-34
1.10584e-35
1.91141e-34
1.1178e-35
1.51542e-34
-8.57867e-36
5.92945e-33
-9.51192e-36
1.36731e-34
9.65775e-36
9.51486e-35
1.11828e-35
1.48274e-35
1.29331e-36
1.11202e-36
-5.19797e-37
1.79781e-36
-9.39239e-37
2.90219e-35
-1.81047e-37
1.89662e-34
-1.33374e-36
2.60794e-34
-1.85715e-35
1.1789e-32
5.76045e-35
2.97654e-34
3.01335e-35
-5.65512e-33
1.20443e-35
1.14759e-32
-5.40849e-36
-1.16761e-32
2.93253e-35
-1.71645e-34
-2.31977e-37
-1.87367e-35
6.93252e-35
-1.07725e-35
1.24872e-34
-9.43792e-36
6.42304e-38
2.10377e-35
-1.23968e-34
2.09612e-35
-6.35645e-35
-1.01864e-35
6.45253e-35
-2.16309e-35
1.2971e-34
-1.09279e-35
7.01322e-35
1.01055e-35
5.72826e-36
1.08512e-35
8.96322e-37
7.46068e-37
6.39681e-38
8.12452e-38
5.62265e-39
4.93526e-39
-1.20091e-38
1.12573e-39
-1.21641e-37
9.42811e-39
-1.729e-36
1.57612e-37
-1.05661e-35
1.41125e-36
-1.34593e-34
2.09609e-35
-1.90107e-34
9.4354e-36
-4.05795e-36
-3.13056e-35
1.28918e-34
-2.23821e-35
1.34454e-34
-8.24087e-37
7.17193e-35
1.07608e-35
1.16624e-35
1.12562e-35
7.12484e-35
-1.00338e-35
1.30665e-34
-1.01006e-35
7.00626e-35
1.01953e-35
5.74452e-36
1.09242e-35
1.18139e-36
1.74977e-36
8.61365e-38
-9.22843e-37
-7.72618e-39
-7.26e-38
1.76899e-36
-1.64793e-37
1.12698e-35
-1.45594e-36
1.39472e-34
-2.06488e-35
2.57257e-34
-1.81778e-35
7.98669e-35
3.08936e-35
9.66096e-36
1.17839e-35
5.25538e-35
-6.27804e-36
-1.26096e-34
3.01213e-35
-1.30421e-34
6.5481e-37
-1.93033e-35
2.01426e-36
-6.69634e-37
3.46842e-36
-5.74163e-37
7.04117e-39
1.30342e-36
-3.38052e-36
1.29778e-36
-1.71435e-36
-6.27921e-37
1.80834e-36
-1.34573e-36
3.67795e-36
-6.81151e-37
2.09098e-36
6.21931e-37
2.95804e-37
6.75491e-37
8.69261e-38
5.35871e-38
7.00189e-39
6.01904e-39
7.08179e-40
3.91251e-40
-1.51742e-39
9.06629e-41
-1.32074e-38
7.46652e-40
-1.66892e-37
1.16516e-38
-5.05432e-37
1.01184e-37
-3.89225e-36
1.29775e-36
-5.34331e-36
5.73945e-37
-1.35184e-37
-1.93738e-36
3.60272e-36
-1.39968e-36
3.88437e-36
-5.8553e-38
2.24913e-36
6.74425e-37
6.07357e-37
7.88383e-37
2.19496e-36
-6.10981e-37
3.77126e-36
-6.207e-37
2.09018e-36
6.29425e-37
2.97351e-37
6.85746e-37
1.04585e-37
2.03547e-37
9.23693e-39
-1.43971e-37
4.9686e-39
-1.02094e-38
1.61981e-37
-1.28612e-38
4.32623e-37
-1.02874e-37
3.97575e-36
-1.27292e-36
7.53626e-36
-1.11347e-37
2.66282e-36
1.91117e-36
4.3369e-37
7.50189e-37
1.41745e-36
-2.63755e-37
-3.60764e-36
1.85794e-36
-3.89125e-36
4.37903e-38
-1.25674e-36
4.29834e-38
-7.03101e-38
6.85633e-38
-6.01621e-38
4.05602e-40
1.37056e-37
-6.39442e-38
1.36377e-37
-3.12578e-38
-6.59888e-38
3.62243e-38
-1.41502e-37
7.55356e-38
-7.17472e-38
4.69621e-38
6.52668e-38
1.14936e-38
7.1066e-38
4.55901e-39
5.80281e-39
4.03154e-40
7.25889e-40
4.2311e-41
4.89429e-41
-9.09801e-41
1.19173e-41
-7.58462e-40
9.31592e-41
-8.7175e-39
1.40348e-39
-1.84732e-38
1.08835e-38
-8.27789e-38
1.36373e-37
-1.08174e-37
6.01373e-38
-3.14044e-39
-2.03773e-37
7.16087e-38
-1.47353e-37
8.18798e-38
-6.45492e-39
5.47603e-38
7.0335e-38
2.43093e-38
7.52668e-38
5.29483e-38
-6.45491e-38
8.04661e-38
-6.51726e-38
4.65122e-38
6.61194e-38
1.16184e-38
7.17544e-38
6.40778e-39
1.44193e-38
5.67536e-40
-7.8944e-39
-1.41699e-40
-6.78928e-40
8.2493e-39
-1.45595e-39
1.31101e-38
-1.04347e-38
8.18952e-38
-1.30369e-37
1.65759e-37
3.73992e-38
6.99834e-38
2.04235e-37
1.45264e-38
7.94626e-38
2.81047e-38
-3.47272e-38
-7.50634e-38
1.95005e-37
-8.92789e-38
5.53985e-39
-1.24864e-37
3.42187e-40
-3.89188e-39
8.03089e-43
-3.29431e-39
3.15722e-41
7.58074e-39
3.45558e-40
7.53916e-39
3.28933e-40
-3.6404e-39
4.40723e-41
-7.84213e-39
3.15547e-40
-3.98204e-39
6.38571e-40
3.59603e-39
6.53066e-40
3.94028e-39
3.41282e-40
3.44489e-40
3.13579e-41
4.46248e-41
3.47111e-42
3.14681e-42
-7.47467e-42
7.79307e-43
-5.87831e-41
5.98315e-42
-6.51425e-40
8.61459e-41
-9.68537e-40
6.44601e-40
-6.50925e-40
7.5389e-39
-2.94919e-40
3.29279e-39
-2.95919e-41
-1.12659e-38
2.45094e-41
-8.18941e-39
6.03513e-40
-3.80494e-40
1.23928e-39
3.92079e-39
1.38818e-39
4.52897e-39
1.06909e-39
-3.52645e-39
6.85386e-40
-3.58584e-39
6.24256e-40
3.65268e-39
6.61671e-40
4.0041e-39
4.43547e-40
1.16713e-39
4.2995e-41
-7.78251e-40
6.14622e-42
-6.308e-41
5.92833e-40
-9.20675e-41
2.74057e-40
-6.03509e-40
1.09655e-40
-7.11223e-39
2.20694e-39
2.54616e-39
2.26129e-39
1.13687e-38
7.1854e-40
4.48334e-39
3.529e-41
-1.44782e-39
-5.32877e-40
1.07741e-38
-1.45731e-39
3.21223e-40
-7.17227e-39
-1.86668e-41
-2.82589e-40
-6.14556e-41
-2.46567e-40
1.68108e-42
5.70398e-40
7.90701e-41
5.67017e-40
4.8869e-41
-2.738e-40
-2.97494e-41
-5.90013e-40
-4.81514e-41
-2.99897e-40
-2.39513e-42
2.70236e-40
3.04802e-41
2.96546e-40
1.74228e-41
2.63292e-41
1.67628e-42
3.58496e-42
1.88658e-43
2.57374e-43
-4.07193e-43
6.52696e-44
-3.13805e-42
4.88701e-43
-3.31815e-41
6.91619e-42
-4.37384e-41
4.90944e-41
3.3841e-41
5.66993e-40
7.85703e-41
2.47215e-40
1.195e-42
-8.4775e-40
-6.30067e-41
-6.16581e-40
-3.75658e-41
-2.93893e-41
2.6972e-41
2.93532e-40
6.64489e-41
3.23296e-40
2.09835e-41
-2.66096e-40
-2.91883e-41
-2.6959e-40
-4.22718e-42
2.74626e-40
3.10416e-41
3.00394e-40
2.50979e-41
7.19835e-41
2.39502e-42
-4.20881e-41
-8.37829e-43
-3.77018e-42
2.94638e-41
-7.0463e-42
3.76326e-42
-4.31462e-41
-6.80193e-41
-5.1918e-40
-9.42692e-42
3.8647e-40
7.79663e-41
8.70736e-40
3.059e-41
3.40018e-40
-2.06149e-41
-1.24703e-40
3.66797e-41
8.09746e-40
-1.25128e-41
2.64448e-41
-5.23292e-40
-2.21098e-41
1.11766e-40
-6.67221e-42
-3.12809e-42
-5.12108e-45
3.0085e-41
6.36945e-42
2.93899e-41
3.80473e-42
-1.41548e-41
-2.60677e-42
-3.05943e-41
-4.5074e-42
-1.55659e-41
-9.64413e-43
1.39604e-41
1.84036e-42
1.53816e-41
1.09071e-42
1.42239e-42
1.06368e-43
1.97488e-43
1.22284e-44
1.45855e-44
-2.64133e-44
3.73642e-45
-1.98817e-43
2.76754e-44
-2.07585e-42
3.80603e-43
-2.60303e-42
2.64849e-42
3.67886e-42
2.93539e-41
7.09263e-42
1.27198e-41
1.40651e-43
-4.38934e-41
-5.43233e-42
-3.20295e-41
-3.86675e-42
-1.57782e-42
9.14224e-43
1.52947e-41
3.9842e-42
1.77969e-41
4.57005e-43
-1.36531e-41
-3.31962e-42
-1.39105e-41
-1.03636e-42
1.42157e-41
1.87325e-42
1.566e-41
1.48812e-42
4.77242e-42
1.48747e-43
-3.15358e-42
-1.91853e-44
-2.73362e-43
1.77891e-42
-3.94183e-43
-6.12161e-43
-2.25458e-42
-6.53761e-42
-2.63786e-41
-2.85395e-42
2.37689e-41
4.69055e-42
4.55438e-41
1.89135e-42
1.78944e-41
-1.87426e-42
-5.13466e-42
3.63733e-42
4.19263e-41
6.975e-43
1.4047e-42
-2.7892e-41
-1.60358e-40
1.13986e-40
-1.08967e-41
7.93359e-42
-7.96091e-43
2.3246e-42
2.73843e-43
1.84882e-42
1.87846e-43
-8.74662e-43
-1.3316e-43
-1.89444e-42
-2.32484e-43
-9.64446e-43
-5.53094e-44
8.63751e-43
8.74819e-44
9.52663e-43
5.25374e-44
8.89852e-44
5.26459e-45
1.26429e-44
6.09587e-46
9.4291e-46
-1.31877e-45
2.44239e-46
-9.83365e-45
1.78796e-45
-9.98509e-44
2.43569e-44
-1.23076e-43
1.65405e-43
1.93639e-43
1.81718e-42
3.63693e-43
7.86393e-43
7.64217e-45
-2.718e-42
-2.77079e-43
-1.98436e-42
-2.05595e-43
-9.93198e-44
3.23338e-44
9.44124e-43
1.92429e-43
1.06625e-42
1.6233e-44
-8.47058e-43
-1.75097e-43
-8.6096e-43
-6.12331e-44
8.79727e-43
8.93437e-44
9.67899e-43
7.71032e-44
2.63325e-43
7.57295e-45
-1.61761e-43
-3.63871e-45
-1.48521e-44
8.3228e-44
-2.42433e-44
-4.76074e-44
-1.31795e-43
-3.45981e-43
-1.58143e-42
-1.53839e-43
2.06093e-42
2.27688e-43
2.87065e-42
8.85791e-44
1.11685e-42
-9.17307e-44
-3.49452e-43
1.9516e-43
2.59383e-42
4.67366e-44
9.14627e-44
-1.69375e-42
-2.26348e-39
-1.61181e-40
-1.41371e-40
-1.16699e-41
-1.0514e-41
-5.59962e-43
-5.83752e-43
4.77701e-44
-2.7396e-44
-4.43797e-44
-9.29475e-45
-9.17772e-44
-1.29194e-44
-4.66987e-44
-3.13428e-45
4.16826e-44
4.71124e-45
4.61023e-44
2.83992e-45
4.42327e-45
2.86791e-46
6.34669e-46
3.35157e-47
4.82263e-47
-7.25409e-47
1.25558e-47
-5.35317e-46
9.14115e-47
-5.39532e-45
1.22184e-45
-6.61882e-45
8.21588e-45
1.07269e-44
8.78243e-44
2.00102e-44
3.78423e-44
4.2747e-46
-1.31367e-43
-1.52122e-44
-9.61288e-44
-1.12967e-44
-4.91015e-45
1.67688e-45
4.58647e-44
1.02989e-44
5.39378e-44
6.66526e-46
-4.06537e-44
-9.70713e-45
-4.15082e-44
-3.37721e-45
4.25177e-44
4.80812e-45
4.70272e-44
4.02698e-45
1.5075e-44
4.06053e-46
-1.00202e-44
-1.49904e-46
-9.03111e-46
4.33032e-45
-1.22465e-45
-4.34006e-45
-6.28923e-45
-2.05587e-44
-7.46494e-44
-7.19951e-45
1.14378e-43
1.39453e-44
1.4045e-43
5.00018e-45
5.47326e-44
-5.08619e-45
-1.3927e-44
1.06397e-44
1.25391e-43
2.81084e-45
4.48046e-45
-8.37062e-44
-9.9279e-41
-1.65702e-40
-6.99782e-42
-1.17598e-41
-5.70556e-43
-6.50156e-43
-3.42996e-44
-3.59817e-44
-1.85878e-45
-4.37452e-45
-4.57673e-46
-5.02791e-45
-5.85347e-46
-2.50871e-45
-1.42809e-46
2.23207e-45
2.11182e-46
2.47093e-45
1.27843e-46
2.38802e-46
1.31489e-47
3.46293e-47
1.54065e-48
2.64709e-48
-3.33819e-48
6.923e-49
-2.45358e-47
5.01607e-48
-2.42644e-46
6.66517e-47
-2.96201e-46
4.43196e-46
4.84971e-46
4.70543e-45
9.02215e-46
2.02532e-45
1.96216e-47
-7.03925e-45
-6.86306e-46
-5.15353e-45
-5.16069e-46
-2.66029e-46
6.8625e-47
2.45315e-45
4.67105e-46
2.83091e-45
3.41302e-47
-2.18102e-45
-4.38041e-46
-2.2235e-45
-1.58218e-46
2.27725e-45
2.16077e-46
2.51725e-45
1.91373e-46
7.54742e-46
1.89945e-47
-4.81473e-46
-1.21309e-47
-4.49587e-47
1.8848e-46
-6.45166e-47
-2.43352e-46
-3.16175e-46
-9.68787e-46
-3.86297e-45
-2.86132e-46
7.61141e-45
6.65204e-46
7.66036e-45
2.2476e-46
2.95633e-45
-2.21465e-46
-7.96376e-46
4.90246e-46
6.71447e-45
1.24362e-46
2.47469e-46
-4.42988e-45
7.86334e-40
4.35567e-41
4.48623e-41
6.12205e-42
2.79972e-42
3.6178e-43
1.46378e-43
2.06525e-44
8.03656e-45
8.82166e-46
3.70436e-46
-1.73327e-46
-8.77148e-48
-1.10777e-46
-6.0093e-48
1.00554e-46
1.01654e-47
1.11426e-46
6.13885e-48
1.09726e-47
6.34705e-49
1.59787e-48
7.46151e-50
1.23713e-49
-1.61716e-49
3.24115e-50
-1.1839e-48
2.34386e-49
-1.1645e-47
3.0739e-48
-1.4197e-47
2.03573e-47
2.33074e-47
2.11982e-46
4.33291e-47
9.09515e-47
9.48462e-49
-3.17121e-46
-3.29508e-47
-2.32564e-46
-2.46984e-47
-1.21662e-47
3.36544e-48
1.1098e-46
2.23099e-47
1.32057e-46
1.52313e-48
-9.77123e-47
-2.10429e-47
-9.99838e-47
-7.51859e-48
1.02596e-46
1.03563e-47
1.13876e-46
8.99823e-48
3.83813e-47
9.06236e-49
-2.58182e-47
-5.40725e-49
-2.38581e-48
8.67543e-48
-2.97457e-48
-1.53903e-47
-1.38231e-47
-4.9897e-47
-1.69136e-46
-1.03966e-47
3.85213e-46
3.56811e-47
3.49869e-46
1.12447e-47
1.34827e-46
-1.06618e-47
-3.03453e-47
2.33635e-47
3.02566e-46
6.04993e-48
1.12228e-47
-2.03084e-46
-8.04643e-41
5.10008e-41
-4.7779e-42
6.36182e-42
-3.04942e-43
3.7337e-43
-1.64349e-44
2.13586e-44
-9.17899e-46
1.03462e-45
-4.61012e-47
4.1156e-47
-3.44452e-48
-3.06687e-48
-3.93129e-49
4.89661e-48
4.20041e-49
5.32208e-48
2.5795e-49
5.26799e-49
2.70355e-50
7.70062e-50
3.17865e-51
5.98491e-51
-6.89551e-51
1.56912e-51
-5.04457e-50
1.13378e-50
-4.8948e-49
1.48105e-49
-5.9484e-49
9.76732e-49
9.79985e-49
1.01141e-47
1.81978e-48
4.33547e-48
4.03073e-50
-1.51311e-47
-1.38499e-48
-1.11017e-47
-1.0472e-48
-5.84994e-49
1.32657e-49
5.29044e-48
9.44403e-49
6.22276e-48
7.25928e-50
-4.66509e-48
-8.83349e-49
-4.76951e-48
-3.24153e-49
4.89367e-48
4.3528e-49
5.4309e-48
3.94536e-49
1.76193e-48
3.91824e-50
-1.15864e-48
-3.19055e-50
-1.09557e-49
3.50859e-49
-1.38799e-49
-7.57114e-49
-6.1391e-49
-2.19445e-48
-7.767e-48
-3.39521e-49
2.15507e-47
1.59667e-48
1.69929e-47
4.76645e-49
6.4854e-48
-4.34816e-49
-1.50889e-48
9.97517e-49
1.44296e-47
2.47441e-49
5.45645e-49
-9.6162e-48
-1.6493e-39
-5.2012e-41
-9.46833e-41
-6.65973e-42
-5.96218e-42
-3.92592e-43
-3.13717e-43
-2.25302e-44
-1.73316e-44
-1.10007e-45
-8.41267e-46
-5.53488e-47
-4.17784e-47
-2.69843e-48
-1.891e-48
8.91517e-50
-6.65157e-50
2.19067e-49
7.65799e-51
2.22697e-50
1.03172e-51
3.27948e-51
1.3292e-52
2.57476e-52
-3.01266e-52
6.75363e-53
-2.20176e-51
4.88346e-52
-2.12746e-50
6.32063e-51
-2.58284e-50
4.16674e-50
4.25969e-50
4.25311e-49
7.90735e-50
1.81871e-49
1.76043e-51
-6.36265e-49
-6.01771e-50
-4.67442e-49
-4.54147e-50
-2.4856e-50
5.85364e-51
2.23249e-49
4.09311e-50
2.68919e-49
3.05199e-51
-1.95292e-49
-3.838e-50
-2.00277e-49
-1.3997e-50
2.05793e-49
1.89027e-50
2.29145e-49
1.69552e-50
8.10588e-50
1.69583e-51
-5.53181e-50
-1.38739e-51
-5.20123e-51
1.45486e-50
-5.88672e-51
-3.97218e-50
-2.46498e-50
-1.01561e-49
-3.15706e-49
-8.54672e-51
1.00265e-48
7.62574e-50
7.25281e-49
2.15046e-50
2.75782e-49
-1.88613e-50
-5.46234e-50
4.31584e-50
6.0692e-49
1.08015e-50
2.30007e-50
-4.10066e-49
-4.6523e-41
-5.13012e-41
-2.80822e-42
-6.83076e-42
-1.79238e-43
-4.04975e-43
-9.74704e-45
-2.32737e-44
-5.4438e-46
-1.13738e-45
-2.70505e-47
-5.68094e-47
-1.35605e-48
-2.56783e-48
-6.25312e-50
-1.07402e-49
-2.10323e-51
4.81359e-51
3.21684e-52
7.73266e-52
4.18767e-53
1.3498e-52
5.30502e-54
1.09303e-53
-1.1959e-53
2.92946e-54
-8.75428e-53
2.12978e-53
-8.37423e-52
2.74912e-52
-1.01416e-51
1.81213e-51
1.67669e-51
1.8409e-50
3.10996e-51
7.8656e-51
6.98641e-53
-2.75394e-50
-2.36835e-51
-2.02413e-50
-1.79978e-51
-1.08178e-51
2.18494e-52
9.6604e-51
1.62042e-51
1.1561e-50
1.32203e-52
-8.45402e-51
-1.50882e-51
-8.66685e-51
-5.61993e-52
8.90533e-51
7.44088e-52
9.91766e-51
6.8993e-52
3.43971e-51
6.81405e-53
-2.32015e-51
-6.82623e-53
-2.21589e-52
5.4716e-52
-2.48297e-52
-1.77308e-51
-9.82361e-52
-4.18321e-51
-1.30921e-50
-1.49278e-52
4.9234e-50
3.19318e-51
3.19602e-50
8.58436e-52
1.20348e-50
-7.23019e-52
-2.41471e-51
1.7201e-51
2.62604e-50
4.15138e-52
1.00699e-51
-1.76733e-50
8.24872e-40
4.13648e-41
4.73258e-41
2.31699e-42
2.97877e-42
1.16748e-43
1.56673e-43
6.41093e-45
8.65327e-45
3.08711e-46
4.19896e-46
1.53463e-47
2.08245e-47
6.87982e-49
9.37262e-49
3.15353e-50
4.24209e-50
1.68709e-51
1.79596e-51
9.33885e-53
7.60439e-53
7.81633e-54
3.13206e-54
5.3217e-55
-3.64489e-55
1.20318e-55
-3.50016e-54
8.51312e-55
-3.34097e-53
1.09155e-53
-4.04245e-53
7.21007e-53
6.68899e-53
7.24437e-52
1.24033e-52
3.08942e-52
2.79876e-54
-1.08368e-51
-9.44599e-53
-7.97335e-52
-7.17294e-53
-4.28832e-53
8.77683e-54
3.81292e-52
6.45516e-53
4.65034e-52
5.20409e-54
-3.31444e-52
-6.01696e-53
-3.40676e-52
-2.23559e-53
3.50453e-52
2.96685e-53
3.91367e-52
2.73888e-53
1.45001e-52
2.71057e-54
-1.0047e-52
-2.81129e-54
-9.56945e-54
2.0682e-53
-9.74758e-54
-8.16481e-53
-3.62623e-53
-1.76765e-52
-4.94856e-52
3.97081e-54
2.11959e-51
1.38294e-52
1.27776e-51
3.54434e-53
4.7855e-52
-2.86945e-53
-8.27585e-53
6.84814e-53
1.0336e-51
1.65699e-53
3.96116e-53
-7.03494e-52
6.25035e-41
4.71426e-41
3.7229e-42
2.96921e-42
2.36673e-43
1.55777e-43
1.27625e-44
8.66074e-45
7.10688e-46
4.20605e-46
3.51092e-47
2.0969e-47
1.75343e-48
9.45118e-49
7.99954e-50
4.29303e-50
3.64138e-51
1.81842e-51
1.54997e-52
7.69921e-53
6.54219e-54
3.19337e-54
2.64502e-55
1.33263e-55
-7.73304e-57
8.9261e-57
-1.3012e-55
3.4128e-56
-1.23467e-54
4.3486e-55
-1.49097e-54
2.87969e-54
2.47178e-54
2.88132e-53
4.58049e-54
1.22786e-53
1.041e-55
-4.30994e-53
-3.49038e-54
-3.17247e-53
-2.66558e-54
-1.7123e-54
3.09905e-55
1.51679e-53
2.39695e-54
1.84446e-53
2.07129e-55
-1.31791e-53
-2.22127e-54
-1.35467e-53
-8.3963e-55
1.39358e-53
1.09653e-54
1.55696e-53
1.03967e-54
5.72447e-54
1.01704e-55
-3.94667e-54
-1.21877e-55
-3.80116e-55
7.23946e-55
-3.76665e-55
-3.35568e-54
-1.30736e-54
-6.83338e-54
-1.87449e-53
4.49856e-55
9.36461e-53
5.42728e-54
5.17498e-53
1.33365e-54
1.91908e-53
-1.03552e-54
-3.30149e-54
2.55701e-54
4.10983e-53
5.99772e-55
1.58547e-54
-2.79271e-53
-4.36762e-43
4.80879e-41
-2.52851e-44
3.02398e-42
-1.61503e-45
1.58215e-43
-8.48823e-47
8.78759e-45
-4.71134e-48
4.25945e-46
-2.27586e-49
2.1219e-47
-1.12903e-50
9.55035e-49
-5.05207e-52
4.334e-50
-2.27619e-53
1.81958e-51
-9.26502e-55
7.61181e-53
-3.69243e-56
2.99736e-54
-1.24092e-57
1.16802e-55
-7.14213e-58
4.46159e-57
-4.84054e-57
1.4224e-57
-4.56545e-56
1.61434e-56
-5.50852e-56
1.07278e-55
9.13886e-56
1.06415e-54
1.69311e-55
4.52793e-55
3.86303e-57
-1.59165e-54
-1.29031e-55
-1.1726e-54
-9.85495e-56
-6.35708e-56
1.14611e-56
5.61644e-55
8.85838e-56
6.93596e-55
7.65272e-57
-4.85198e-55
-8.20981e-56
-4.99866e-55
-3.10378e-56
5.14686e-55
4.05297e-56
5.76375e-55
3.84225e-56
2.23202e-55
3.75327e-57
-1.57016e-55
-4.71477e-57
-1.51094e-56
2.51279e-56
-1.37566e-56
-1.39428e-55
-4.42933e-56
-2.6654e-55
-6.59849e-55
3.05722e-56
3.75115e-54
2.15932e-55
1.94332e-54
5.09315e-56
7.15792e-55
-3.7992e-56
-1.06871e-55
9.45227e-56
1.5181e-54
2.21243e-56
5.84126e-56
-1.04138e-54
-5.95591e-41
-1.00813e-41
-3.53206e-42
-9.6479e-43
-2.23274e-43
-5.61839e-44
-1.20122e-44
-3.21896e-45
-6.67089e-46
-1.59497e-46
-3.29226e-47
-8.00675e-48
-1.64246e-48
-3.64933e-49
-7.49241e-50
-1.66492e-50
-3.40924e-51
-7.05392e-52
-1.44615e-52
-2.96275e-53
-6.0676e-54
-1.17274e-54
-2.40521e-55
-4.57336e-56
-9.40436e-57
-1.69347e-57
-5.18298e-58
-1.52331e-59
-1.60099e-57
5.92772e-58
-1.9137e-57
3.97205e-57
3.17891e-57
3.92549e-56
5.88645e-57
1.66917e-56
1.35095e-58
-5.87095e-56
-4.48833e-57
-4.32702e-56
-3.44448e-57
-2.35157e-57
3.83046e-58
2.07288e-56
3.09424e-57
2.55881e-56
2.82467e-58
-1.7888e-56
-2.85353e-57
-1.8435e-56
-1.09445e-57
1.89828e-56
1.41015e-57
2.12713e-56
1.36668e-57
8.24053e-57
1.32052e-58
-5.7918e-57
-1.85209e-58
-5.61974e-58
8.18639e-58
-4.91557e-58
-5.3227e-57
-1.44628e-57
-9.6938e-57
-2.29997e-56
1.48743e-57
1.5151e-55
7.96061e-57
7.30167e-56
1.80924e-57
2.66242e-56
-1.29308e-57
-3.88667e-57
3.31725e-57
5.59891e-56
7.55601e-58
2.16034e-57
-3.84084e-56
-8.4798e-40
-1.62043e-40
-4.84456e-41
-1.39391e-41
-3.04465e-42
-7.78326e-43
-1.5967e-43
-4.40357e-44
-8.80876e-45
-2.14342e-45
-4.26532e-46
-1.06904e-46
-2.11346e-47
-4.81244e-48
-9.49714e-49
-2.18397e-49
-4.29228e-50
-9.16534e-51
-1.79836e-51
-3.83196e-52
-7.49553e-53
-1.50557e-53
-2.94029e-54
-5.84874e-55
-1.13944e-55
-2.15918e-56
-4.20597e-57
-7.82753e-58
-2.07099e-58
-6.5771e-60
-7.12817e-59
1.38103e-58
1.09534e-58
1.36449e-57
2.03108e-58
5.79487e-58
4.67774e-60
-2.04058e-57
-1.54897e-58
-1.50504e-57
-1.18956e-58
-8.20459e-59
1.31532e-59
7.222e-58
1.06826e-58
9.0306e-58
9.82261e-60
-6.20088e-58
-9.84528e-59
-6.40337e-58
-3.78388e-59
6.59833e-58
4.86635e-59
7.40896e-58
4.72966e-59
2.99318e-58
4.55237e-60
-2.13684e-58
-6.72314e-60
-2.07399e-59
2.61881e-59
-1.67703e-59
-2.02843e-58
-4.46618e-59
-3.51856e-58
-7.54568e-58
6.86756e-59
5.67318e-57
2.93709e-58
2.58254e-57
6.4414e-59
9.34284e-58
-4.4194e-59
-1.18567e-58
1.14624e-58
1.94643e-57
2.59607e-59
7.47923e-59
-1.34615e-57
1.11994e-39
-9.63873e-41
6.46121e-41
-5.27321e-42
4.07402e-42
-2.6409e-43
2.15095e-43
-1.44749e-44
1.18965e-44
-6.97176e-46
5.78869e-46
-3.46639e-47
2.87413e-47
-1.55563e-48
1.29631e-48
-7.05086e-50
5.86864e-50
-2.95262e-51
2.4659e-51
-1.23316e-52
1.02926e-52
-4.83661e-54
4.04674e-54
-1.87707e-55
1.57016e-55
-6.9195e-57
5.7984e-57
-2.51088e-58
2.0866e-58
-8.01622e-60
5.16074e-60
4.50841e-60
3.85154e-60
4.70002e-59
6.6732e-60
1.99518e-59
1.5452e-61
-7.02951e-59
-5.08511e-60
-5.18673e-59
-3.92141e-60
-2.83209e-60
4.165e-61
2.49e-59
3.51978e-60
3.11795e-59
3.38584e-61
-2.13458e-59
-3.22993e-60
-2.20555e-59
-1.25682e-60
2.2729e-59
1.59798e-60
2.55411e-59
1.58244e-60
1.03783e-59
1.50726e-61
-7.42109e-60
-2.4322e-61
-7.24945e-61
7.92686e-61
-5.57833e-61
-7.23696e-60
-1.3088e-60
-1.20682e-59
-2.43025e-59
2.77353e-60
2.11794e-58
1.01973e-59
9.0654e-59
2.16408e-60
3.24571e-59
-1.42134e-60
-3.95653e-60
3.79219e-60
6.70482e-59
8.3815e-61
2.57603e-60
-4.64286e-59
2.85008e-39
1.27973e-40
1.63583e-40
2.02143e-41
1.02991e-41
1.21687e-42
5.41834e-43
7.01894e-44
2.99311e-44
3.43074e-45
1.45263e-45
1.71289e-46
7.2049e-47
7.71169e-48
3.24315e-48
3.4997e-49
1.4669e-49
1.46856e-50
6.15392e-51
6.13958e-52
2.56655e-52
2.41201e-53
1.0078e-53
9.36943e-55
3.90746e-55
3.45864e-56
1.44148e-56
1.25637e-57
5.22777e-58
4.37387e-59
1.81092e-59
1.65097e-60
7.36523e-61
1.59113e-60
2.36236e-61
6.55383e-61
5.66745e-63
-2.30557e-60
-1.6471e-61
-1.70226e-60
-1.27179e-61
-9.31432e-62
1.33651e-62
8.18491e-61
1.14122e-61
1.03627e-60
1.11109e-62
-6.98497e-61
-1.04602e-61
-7.23039e-61
-4.08425e-62
7.45541e-61
5.17679e-62
8.39314e-61
5.15177e-62
3.53135e-61
4.87977e-63
-2.55684e-61
-8.29762e-63
-2.50042e-62
2.33645e-62
-1.78369e-62
-2.55693e-61
-3.61162e-62
-4.10131e-61
-7.42605e-61
1.09074e-61
7.44278e-60
3.5135e-61
3.02778e-60
7.22581e-62
1.07454e-60
-4.55157e-62
-1.13406e-61
1.23115e-61
2.19957e-60
2.69812e-62
8.40509e-62
-1.53408e-60
-9.66704e-40
8.84879e-42
-5.54613e-41
8.81889e-42
-3.49059e-42
5.69455e-43
-1.83589e-43
3.33923e-44
-1.01395e-44
1.63755e-45
-4.9201e-46
8.18258e-47
-2.44007e-47
3.68363e-48
-1.09824e-48
1.67157e-49
-4.96718e-50
7.01271e-51
-2.08372e-51
2.93143e-52
-8.69032e-53
1.1514e-53
-3.41236e-54
4.47203e-55
-1.32308e-55
1.6505e-56
-4.88098e-57
5.9947e-58
-1.77047e-58
2.08557e-59
-6.15836e-60
7.17021e-61
-2.06294e-61
7.32912e-62
-1.98129e-64
2.18913e-62
-6.57767e-65
-7.45516e-62
-5.12279e-63
-5.508e-62
-3.96438e-63
-3.01687e-63
4.01418e-64
2.6502e-62
3.55574e-63
3.36448e-62
3.59589e-64
-2.25727e-62
-3.24657e-63
-2.33835e-62
-1.28152e-63
2.41138e-62
1.60813e-63
2.71708e-62
1.62662e-63
1.15399e-62
1.52514e-64
-8.38158e-63
-2.79311e-64
-8.23977e-64
6.53704e-64
-5.54992e-64
-8.56558e-63
-9.18238e-64
-1.32968e-62
-2.21209e-62
3.94907e-63
2.58878e-61
1.15162e-62
9.98312e-62
2.30012e-63
3.50523e-62
-1.3858e-63
-3.48318e-63
3.84994e-63
7.11452e-62
8.25001e-64
2.71197e-63
-4.97268e-62
-2.88699e-39
-3.16477e-40
-1.65617e-40
-2.32495e-41
-1.04239e-41
-1.25852e-42
-5.48215e-43
-7.05948e-44
-3.02778e-44
-3.42686e-45
-1.46913e-45
-1.7078e-46
-7.28589e-47
-7.68222e-48
-3.27912e-48
-3.48529e-49
-1.48307e-49
-1.46192e-50
-6.22118e-51
-6.11068e-52
-2.59452e-52
-2.39992e-53
-1.01872e-53
-9.32104e-55
-3.94977e-55
-3.43994e-56
-1.45705e-56
-1.2494e-57
-5.28488e-58
-4.34645e-59
-1.83758e-59
-1.48351e-60
-6.26452e-61
-4.72398e-62
-2.03873e-62
-9.16053e-64
-6.57829e-64
-2.36273e-63
-1.76864e-64
-1.71137e-63
-1.21869e-64
-9.38241e-65
1.20787e-65
8.23937e-64
1.08722e-64
1.05616e-63
1.11624e-65
-6.98885e-64
-9.91135e-65
-7.25214e-64
-3.92973e-65
7.48203e-64
4.91151e-65
8.44466e-64
4.99993e-65
3.69472e-64
4.65621e-66
-2.71126e-64
-8.97656e-66
-2.66969e-65
1.76441e-65
-1.66754e-65
-2.82716e-64
-2.12311e-65
-4.25122e-64
-6.27616e-64
1.39701e-64
8.56699e-63
3.7255e-64
3.15605e-63
7.23612e-65
1.09754e-63
-4.17682e-65
-9.33404e-65
1.17911e-64
2.2078e-63
2.49986e-65
8.36087e-65
-1.55314e-63
1.02596e-39
-1.56277e-40
5.88471e-41
-9.00576e-42
3.70281e-42
-4.59579e-43
1.94724e-43
-2.53388e-44
1.07532e-44
-1.22511e-45
5.21748e-46
-6.09906e-47
2.5874e-47
-2.74295e-48
1.16451e-48
-1.24435e-49
5.26685e-50
-5.21942e-51
2.20943e-51
-2.18165e-52
9.21471e-53
-8.56826e-54
3.61833e-54
-3.32779e-55
1.40298e-55
-1.22813e-56
5.17595e-57
-4.46061e-58
1.87752e-58
-1.55176e-59
6.52882e-60
-5.29691e-61
2.22639e-61
-1.73708e-62
7.32367e-63
-5.41026e-64
2.35635e-64
-8.80432e-65
2.73429e-66
-5.26988e-65
-3.35785e-66
-2.87836e-66
3.51638e-67
2.5158e-65
3.21067e-66
3.23681e-65
3.40614e-67
-2.12924e-65
-2.91644e-66
-2.21145e-65
-1.16772e-66
2.28181e-65
1.4464e-66
2.5779e-65
1.49393e-66
1.14129e-65
1.37739e-67
-8.40873e-66
-2.83145e-67
-8.31674e-67
4.50582e-67
-4.87035e-67
-8.92572e-66
-4.04469e-67
-1.30561e-65
-1.72346e-65
4.65467e-66
2.79292e-64
1.15543e-65
9.81581e-65
2.18625e-66
3.376e-65
-1.20597e-66
-2.63624e-66
3.49336e-66
6.73357e-65
7.2518e-67
2.53882e-66
-4.7503e-65
2.94788e-39
1.31342e-40
1.68979e-40
2.08609e-41
1.06341e-41
1.25539e-42
5.58965e-43
7.2407e-44
3.08669e-44
3.53754e-45
1.49708e-45
1.76603e-46
7.4234e-47
7.94829e-48
3.33988e-48
3.60676e-49
1.51032e-49
1.51311e-50
6.33369e-51
6.32537e-52
2.64104e-52
2.48454e-53
1.03674e-53
9.6506e-55
4.01901e-55
3.56193e-56
1.48228e-56
1.29383e-57
5.37559e-58
4.5014e-59
1.86876e-59
1.53668e-60
6.37104e-61
5.05364e-62
2.09349e-62
1.62835e-63
6.73552e-64
4.86444e-65
2.08375e-65
1.13363e-68
5.35091e-67
-3.85514e-68
2.86846e-68
7.42727e-67
9.34289e-68
9.6221e-67
1.00385e-68
-6.2506e-67
-8.42178e-68
-6.50236e-67
-3.38954e-68
6.7117e-67
4.17886e-68
7.59442e-67
4.34853e-68
3.45061e-67
3.97857e-69
-2.56457e-67
-8.59381e-69
-2.54152e-68
1.09279e-68
-1.37771e-68
-2.76758e-67
-5.03766e-69
-3.94195e-67
-4.5044e-67
1.51546e-67
8.72919e-66
3.52429e-67
2.94353e-66
6.50406e-68
1.00199e-66
-3.4332e-68
-6.54293e-68
1.01257e-67
1.98089e-66
2.07592e-68
7.4123e-68
-1.40579e-66
-2.01432e-39
9.3927e-42
-1.15474e-40
5.25622e-42
-7.2687e-42
3.37769e-43
-3.82086e-43
1.98579e-44
-2.11021e-44
9.78414e-46
-1.0235e-45
4.91296e-47
-5.07538e-47
2.22291e-48
-2.28346e-48
1.01375e-49
-1.03261e-49
4.2742e-51
-4.33028e-51
1.79553e-52
-1.80563e-52
7.08733e-54
-7.0877e-54
2.76627e-55
-2.74753e-55
1.02597e-56
-1.01328e-56
3.74473e-58
-3.67457e-58
1.30916e-59
-1.27734e-59
4.49081e-61
-4.35451e-61
1.484e-62
-1.43076e-62
4.80339e-64
-4.60298e-64
1.49794e-65
-1.43337e-65
4.16461e-67
-4.39342e-67
1.1265e-68
-1.2635e-68
2.18177e-68
2.23163e-69
2.79308e-68
2.78852e-70
-1.80135e-68
-2.3541e-69
-1.87585e-68
-9.55931e-70
1.93647e-68
1.16887e-69
2.19345e-68
1.23247e-69
1.01006e-68
1.1165e-70
-7.54089e-69
-2.553e-70
-7.50244e-70
2.46301e-70
-3.78609e-70
-8.25981e-69
6.69903e-71
-1.14901e-68
-1.12759e-68
4.70633e-69
2.67969e-67
1.03637e-68
8.66479e-68
1.86817e-69
2.91599e-68
-9.41485e-70
-1.68603e-69
2.8481e-69
5.71576e-68
5.72224e-70
2.1259e-69
-4.06984e-68
-2.09802e-39
-1.59168e-40
-1.20604e-40
-1.36039e-41
-7.59796e-42
-7.53198e-43
-4.00198e-43
-4.20581e-44
-2.21204e-44
-2.02415e-45
-1.07459e-45
-9.9518e-47
-5.33294e-47
-4.42311e-48
-2.4025e-48
-1.97692e-49
-1.08728e-49
-8.17974e-51
-4.5647e-51
-3.36461e-52
-1.9048e-52
-1.3014e-53
-7.48454e-54
-4.96759e-55
-2.90349e-55
-1.80241e-56
-1.07178e-56
-6.42408e-58
-3.88951e-58
-2.19299e-59
-1.35321e-59
-7.33271e-61
-4.61641e-61
-2.36102e-62
-1.51803e-62
-7.4331e-64
-4.88715e-64
-2.26231e-65
-1.52264e-65
-6.73657e-67
-4.64133e-67
-1.94425e-68
-1.37202e-68
5.45894e-71
-3.2558e-70
7.72756e-70
-3.08573e-72
-5.02725e-70
-6.47783e-71
-5.23913e-70
-2.63413e-71
5.40993e-70
3.20329e-71
6.1369e-70
3.40548e-71
2.89233e-70
3.05941e-72
-2.17573e-70
-7.33518e-72
-2.16945e-71
5.05182e-72
-1.00956e-71
-2.41629e-70
7.66552e-72
-3.28608e-70
-2.66221e-70
1.4277e-70
7.93e-69
2.99059e-70
2.46937e-69
5.27108e-71
8.21963e-70
-2.53875e-71
-3.79755e-71
7.83346e-71
1.59705e-69
1.55204e-71
5.88935e-71
-1.14353e-69
8.55119e-40
6.68846e-41
4.84026e-41
6.16006e-42
3.00791e-42
3.79405e-43
1.56205e-43
2.72551e-44
8.51752e-45
1.5149e-45
4.08152e-46
9.04633e-47
1.99816e-47
4.56899e-48
8.88007e-49
2.38364e-49
3.96376e-50
1.10576e-50
1.64132e-51
5.18123e-52
6.75345e-53
2.22543e-53
2.61647e-54
9.52644e-55
1.00047e-55
3.8121e-56
3.63975e-57
1.50793e-57
1.30133e-58
5.64966e-59
4.45968e-60
2.08198e-60
1.49804e-61
7.33314e-62
4.84916e-63
2.53285e-63
1.53614e-64
8.41528e-65
4.7078e-66
2.73696e-66
1.41071e-67
8.60215e-68
4.10167e-69
2.66064e-69
1.1845e-70
1.00502e-70
3.44128e-72
-1.14354e-71
-1.6274e-72
-1.42724e-71
-7.03881e-73
1.48086e-71
8.52497e-73
1.68152e-71
9.17401e-73
8.04009e-72
8.16082e-74
-6.07678e-72
-2.06012e-73
-6.08085e-73
8.83469e-74
-2.61401e-73
-6.83428e-72
3.77261e-73
-9.10652e-72
-5.88481e-72
4.16368e-72
2.30063e-70
8.35385e-72
6.89875e-71
1.44149e-72
2.26934e-71
-6.62146e-73
-8.71179e-73
2.0956e-72
4.37154e-71
4.07097e-73
1.59999e-72
-3.14176e-71
-8.90654e-41
1.57589e-40
-6.88361e-42
1.24292e-41
-6.20178e-43
7.1219e-43
-3.96871e-44
4.54366e-44
-2.75106e-45
2.38148e-45
-1.55172e-46
1.32485e-46
-9.08869e-48
6.41748e-48
-4.6305e-49
3.19749e-49
-2.38979e-50
1.43813e-50
-1.11501e-51
6.52495e-52
-5.19178e-53
2.7368e-53
-2.23899e-54
1.14392e-54
-9.54885e-56
4.49232e-56
-3.83246e-57
1.74459e-57
-1.51272e-58
6.43769e-59
-5.68059e-60
2.33787e-60
-2.09095e-61
8.1318e-62
-7.37831e-63
2.77531e-63
-2.54716e-64
9.12444e-65
-8.47586e-66
2.93824e-66
-2.75651e-67
9.15276e-68
-8.67521e-69
2.79022e-69
-2.66673e-70
8.30932e-71
-7.95298e-72
2.02236e-72
-2.76624e-73
-3.13837e-73
-2.50772e-74
3.95396e-73
2.20269e-74
4.47613e-73
2.41065e-74
2.18581e-73
2.12589e-75
-1.66316e-73
-5.6152e-75
-1.66827e-74
1.05199e-75
-6.57327e-75
-1.89254e-73
1.44304e-74
-2.4731e-73
-1.18375e-73
1.18588e-73
6.46026e-72
2.28677e-73
1.87158e-72
3.86657e-74
6.08582e-73
-1.69504e-74
-1.68361e-74
5.48094e-74
1.16209e-72
1.04865e-74
4.21293e-74
-8.39642e-73
-2.13508e-39
-1.54595e-40
-1.38963e-40
-7.05218e-42
-1.10654e-41
-3.62256e-43
-6.51304e-43
-2.48818e-44
-4.25996e-44
-1.37198e-45
-2.28442e-45
-8.202e-47
-1.29278e-46
-4.14347e-48
-6.36528e-48
-2.16516e-49
-3.20961e-49
-1.0047e-50
-1.46089e-50
-4.71234e-52
-6.68686e-52
-2.02434e-53
-2.82993e-53
-8.67079e-55
-1.19088e-54
-3.46992e-56
-4.70909e-56
-1.37308e-57
-1.8386e-57
-5.14449e-59
-6.82148e-59
-1.89624e-60
-2.488e-60
-6.67878e-62
-8.69167e-62
-2.30712e-63
-2.97699e-63
-7.66498e-65
-9.82213e-65
-2.49311e-66
-3.17231e-66
-7.83534e-68
-9.91074e-68
-2.40846e-69
-3.02838e-69
-7.17617e-71
-8.97855e-71
-2.10068e-72
-2.60375e-72
-6.91314e-74
-7.38402e-74
8.60126e-75
-1.45883e-75
1.16153e-74
5.64158e-76
5.77942e-75
5.25711e-77
-4.41959e-75
-1.49571e-76
-4.4479e-76
-5.75847e-78
-1.60411e-76
-5.08382e-75
4.9515e-76
-6.52595e-75
-2.0455e-75
3.264e-75
1.77646e-73
6.07784e-75
4.97347e-74
1.0081e-75
1.59754e-74
-4.20971e-76
-3.14002e-76
1.39672e-75
3.02424e-74
2.62064e-76
1.0867e-75
-2.19385e-74
-2.44859e-40
-1.70484e-40
-1.61057e-41
-8.28247e-42
-1.20373e-42
-4.34054e-43
-7.10414e-44
-2.93776e-44
-4.49271e-45
-1.60969e-45
-2.41032e-46
-9.50928e-47
-1.33713e-47
-4.78015e-48
-6.58211e-49
-2.48012e-49
-3.27742e-50
-1.14688e-50
-1.49117e-51
-5.35453e-52
-6.76908e-53
-2.29442e-53
-2.86366e-54
-9.79647e-55
-1.19835e-55
-3.9129e-56
-4.73733e-57
-1.54482e-57
-1.84259e-58
-5.77927e-59
-6.83517e-60
-2.12654e-60
-2.48655e-61
-7.48098e-62
-8.68623e-63
-2.58079e-63
-2.97001e-64
-8.56586e-65
-9.79977e-66
-2.7832e-66
-3.16164e-67
-8.74003e-68
-9.87909e-69
-2.68429e-69
-3.01681e-70
-7.99431e-71
-8.94668e-72
-2.32778e-72
-2.59293e-73
-6.61255e-74
-7.32307e-75
-1.5631e-75
-1.87514e-76
2.46571e-76
1.00748e-77
1.48208e-76
1.19771e-78
-1.15028e-76
-3.87749e-78
-1.16033e-77
-9.78892e-79
-3.80188e-78
-1.3362e-76
1.55649e-77
-1.68637e-76
-2.49311e-77
8.77347e-77
4.74227e-75
1.58175e-76
1.28631e-75
2.57563e-77
4.08205e-76
-1.0249e-77
-3.92642e-78
3.47995e-77
7.6598e-76
6.42334e-78
2.72365e-77
-5.58536e-76
-1.13053e-39
-7.29003e-41
-6.52547e-41
-4.41655e-42
-4.14316e-42
-2.33081e-43
-2.19295e-43
-1.34354e-44
-1.22128e-44
-6.7161e-46
-5.96503e-46
-3.48546e-47
-2.98209e-47
-1.62177e-48
-1.35125e-48
-7.6559e-50
-6.15939e-50
-3.32396e-51
-2.60168e-51
-1.44382e-52
-1.0934e-52
-5.8706e-54
-4.32351e-54
-2.36688e-55
-1.68911e-55
-9.04344e-57
-6.27579e-57
-3.40678e-58
-2.2936e-58
-1.2269e-59
-8.03298e-60
-4.34085e-61
-2.75982e-61
-1.47749e-62
-9.13702e-63
-4.92967e-64
-2.9625e-64
-1.58957e-65
-9.29394e-66
-5.01804e-67
-2.85282e-67
-1.5361e-68
-8.49855e-69
-4.60042e-70
-2.47604e-70
-1.33935e-71
-7.01697e-72
-3.81389e-73
-1.94457e-73
-1.05832e-74
-5.25102e-75
-2.80462e-76
-1.38312e-76
-2.53054e-79
-3.19325e-78
3.57087e-78
-5.75617e-80
-2.91654e-78
-1.00259e-79
-2.94819e-79
-4.44802e-80
-8.73571e-80
-3.41506e-78
4.63479e-79
-4.24293e-78
7.64818e-80
2.28714e-78
1.23894e-76
4.00578e-78
3.25732e-77
6.40972e-79
1.02069e-77
-2.42622e-79
-1.53821e-80
8.4588e-79
1.89864e-77
1.53109e-79
6.68296e-79
-1.39031e-77
-8.58178e-41
-6.01068e-41
-5.1389e-42
-3.81781e-42
-3.29195e-43
-2.01181e-43
-1.78475e-44
-1.12736e-44
-1.00086e-45
-5.50294e-46
-4.97133e-47
-2.76427e-47
-2.4993e-48
-1.25293e-48
-1.1465e-49
-5.73131e-50
-5.25042e-51
-2.42254e-51
-2.2384e-52
-1.02084e-52
-9.4441e-54
-4.04016e-54
-3.76116e-55
-1.58174e-55
-1.47431e-56
-5.88252e-57
-5.50838e-58
-2.15356e-58
-2.01884e-59
-7.5499e-60
-7.10193e-61
-2.59758e-61
-2.44582e-62
-8.60812e-63
-8.12582e-64
-2.79446e-64
-2.63999e-65
-8.77481e-66
-8.3051e-67
-2.69637e-67
-2.55358e-68
-8.03948e-69
-7.62368e-70
-2.34453e-70
-2.22418e-71
-6.64971e-72
-6.31379e-73
-1.84438e-73
-1.75157e-74
-4.98415e-75
-4.73559e-76
-1.31554e-76
-1.25064e-77
-3.21813e-78
-3.13637e-79
7.21949e-81
-7.36729e-81
-7.42619e-80
-2.61836e-81
-7.37295e-81
-1.56594e-81
-1.94854e-81
-8.53769e-80
1.30849e-80
-1.04502e-79
1.9105e-80
5.82352e-80
3.14926e-78
9.92927e-80
8.04169e-79
1.56235e-80
2.48823e-79
-5.62576e-81
1.98988e-81
2.01061e-80
4.58768e-79
3.57641e-81
1.59635e-80
-3.37644e-79
-1.18866e-41
-5.67246e-42
-7.2505e-43
-3.66091e-43
-4.75898e-44
-1.97866e-44
-2.60031e-45
-1.11783e-45
-1.47243e-46
-5.54524e-47
-7.32576e-48
-2.79944e-48
-3.69056e-49
-1.28264e-49
-1.68926e-50
-5.88551e-51
-7.71759e-52
-2.50586e-52
-3.27454e-53
-1.05789e-53
-1.37442e-54
-4.20697e-55
-5.43767e-56
-1.64857e-56
-2.11643e-57
-6.14963e-58
-7.84489e-59
-2.25184e-59
-2.85108e-60
-7.90792e-61
-9.93995e-62
-2.71984e-62
-3.39116e-63
-9.0196e-64
-1.11568e-64
-2.92571e-65
-3.58808e-66
-9.18618e-67
-1.11705e-67
-2.81945e-68
-3.39786e-69
-8.40052e-70
-1.00336e-70
-2.4461e-71
-2.89454e-72
-6.92941e-73
-8.12352e-74
-1.91847e-74
-2.22752e-75
-5.17582e-76
-5.95173e-77
-1.36456e-77
-1.5539e-78
-3.46996e-79
-3.93788e-80
-6.60295e-81
-9.68153e-82
-1.95992e-81
-8.22476e-83
-1.82623e-82
-4.87416e-83
-4.21236e-83
-2.0793e-81
3.55353e-82
-2.5099e-81
8.76345e-82
1.44173e-81
7.83204e-80
2.39902e-81
1.94352e-80
3.71506e-82
5.93531e-81
-1.27049e-82
9.5831e-83
4.6671e-82
1.08471e-80
8.1387e-83
3.73167e-82
-8.01856e-81
5.031e-45
-5.30889e-42
1.48197e-46
-3.39185e-43
-6.1035e-48
-1.82327e-44
-8.84955e-49
-1.02273e-45
-9.07028e-50
-5.05029e-47
-5.98589e-51
-2.53507e-48
-3.89434e-52
-1.15672e-49
-2.10436e-53
-5.28192e-51
-1.12526e-54
-2.24023e-52
-5.36789e-56
-9.4164e-54
-2.51957e-57
-3.73097e-55
-1.09103e-58
-1.45618e-56
-4.62806e-60
-5.41275e-58
-1.84597e-61
-1.97452e-59
-7.19338e-63
-6.91007e-61
-2.66731e-64
-2.36802e-62
-9.64876e-66
-7.82611e-64
-3.34753e-67
-2.52962e-65
-1.1323e-68
-7.91567e-67
-3.69329e-70
-2.42107e-68
-1.17437e-71
-7.18923e-70
-3.61472e-73
-2.0862e-71
-1.08486e-74
-5.88991e-73
-3.16055e-76
-1.62508e-74
-8.98137e-78
-4.36939e-76
-2.48264e-79
-1.1483e-77
-6.69252e-81
-2.94352e-79
-1.71162e-82
-7.32936e-81
-4.11396e-84
-2.21934e-82
-1.4831e-84
-8.53248e-84
-1.37545e-84
-9.77937e-85
-4.95306e-83
9.26969e-84
-5.90023e-83
3.0326e-83
3.48703e-83
1.89826e-81
5.67225e-83
4.58518e-82
8.65031e-84
1.38198e-82
-2.80885e-84
3.48751e-84
1.05961e-83
2.50319e-82
1.81402e-84
8.50427e-84
-1.85972e-82
1.22318e-41
-5.86286e-41
7.42318e-43
-3.68205e-42
4.84681e-44
-1.92213e-43
2.63626e-45
-1.06672e-44
1.48577e-46
-5.1624e-46
7.36083e-48
-2.57011e-47
3.69203e-49
-1.15541e-48
1.6831e-50
-5.24058e-50
7.65756e-52
-2.19757e-51
3.23635e-53
-9.185e-53
1.35297e-54
-3.60692e-54
5.33232e-56
-1.40094e-55
2.06736e-57
-5.17018e-57
7.63416e-59
-1.87806e-58
2.76393e-60
-6.53401e-60
9.60026e-62
-2.23079e-61
3.26298e-63
-7.33667e-63
1.06955e-64
-2.36354e-64
3.42693e-66
-7.36557e-66
1.06296e-67
-2.24611e-67
3.2214e-69
-6.64627e-69
9.47769e-71
-1.92347e-70
2.72411e-72
-5.41396e-72
7.61719e-74
-1.49014e-73
2.08101e-75
-3.99591e-75
5.53986e-77
-1.04784e-76
1.44122e-78
-2.68055e-78
3.65798e-80
-6.70652e-80
9.07586e-82
-1.63956e-81
2.19581e-83
-3.92608e-83
4.84206e-85
-9.32416e-85
-1.13888e-84
2.13335e-85
-1.35385e-84
9.2153e-85
8.2156e-85
4.50105e-83
1.3089e-84
1.05893e-83
1.96718e-85
3.14873e-84
-6.05551e-86
1.05096e-85
2.35114e-85
5.65258e-84
3.94423e-86
1.89629e-85
-4.21874e-84
7.93401e-41
1.33996e-41
4.70771e-42
1.2805e-42
2.97741e-43
7.46026e-44
1.6024e-44
4.27619e-45
8.90121e-46
2.11994e-46
4.39387e-47
1.06454e-47
2.19233e-48
4.85357e-49
1.00018e-49
2.21465e-50
4.55127e-51
9.38487e-52
1.93066e-52
3.94207e-53
8.10044e-54
1.56077e-54
3.21108e-55
6.08796e-56
1.25236e-56
2.2615e-57
4.65862e-58
8.24532e-59
1.69947e-59
2.88392e-60
5.95333e-61
9.87814e-62
2.04129e-62
3.263e-63
6.75427e-64
1.05422e-64
2.18522e-65
3.29736e-66
6.84718e-67
1.00811e-67
2.09681e-68
2.99227e-69
6.23562e-70
8.67978e-71
1.81204e-71
2.44959e-72
5.12408e-73
6.75624e-74
1.41601e-74
1.81591e-75
3.81368e-76
4.77075e-77
1.00395e-77
1.2229e-78
2.57888e-79
3.06486e-80
6.4767e-81
7.50138e-82
1.58863e-82
1.79547e-83
3.80995e-84
4.19762e-85
6.31882e-86
1.53383e-86
-2.83683e-86
2.59601e-86
1.89613e-86
1.04145e-84
2.95578e-86
2.38963e-85
4.3803e-87
7.00928e-86
-1.27755e-87
2.95384e-87
5.10379e-87
1.24698e-85
8.39697e-88
4.12662e-87
-9.35319e-86
1.11824e-39
2.13233e-40
6.38881e-41
1.83548e-41
4.01521e-42
1.02508e-42
2.10574e-43
5.8001e-44
1.16172e-44
2.82336e-45
5.62528e-46
1.40821e-46
2.78735e-47
6.33952e-48
1.25255e-48
2.87704e-49
5.66099e-50
1.20742e-50
2.37185e-51
5.04817e-52
9.88585e-53
1.98345e-53
3.87798e-54
7.70517e-55
1.50281e-55
2.84455e-56
5.53964e-57
1.03335e-57
2.00842e-58
3.59584e-59
6.97909e-60
1.22766e-60
2.37879e-61
4.03783e-62
7.81394e-63
1.30071e-63
2.51357e-64
4.05339e-65
7.82381e-66
1.23592e-66
2.38263e-67
3.65679e-68
7.0421e-69
1.05812e-69
2.03549e-70
2.97787e-71
5.72287e-72
8.19467e-73
1.57333e-73
2.19706e-74
4.21444e-75
5.76e-76
1.10393e-76
1.47319e-77
2.82111e-78
3.68493e-79
7.05094e-80
9.00106e-81
1.721e-81
2.15072e-82
4.10917e-83
5.0223e-84
9.58312e-85
1.14885e-85
2.12262e-86
3.24086e-87
9.13656e-88
2.3631e-86
6.6268e-88
5.28037e-87
9.55693e-89
1.52702e-87
-2.63003e-89
7.67286e-89
1.08341e-88
2.69206e-87
1.74559e-89
8.78589e-89
-2.02874e-87
-1.46578e-39
1.3156e-40
-8.45696e-41
7.28478e-42
-5.33259e-42
3.66625e-43
-2.81556e-43
2.01257e-44
-1.55726e-44
9.70602e-46
-7.57768e-46
4.82801e-47
-3.76243e-47
2.16847e-48
-1.697e-48
9.83197e-50
-7.68269e-50
4.1199e-51
-3.22818e-51
1.72123e-52
-1.34744e-52
6.7545e-54
-5.29779e-54
2.6222e-55
-2.05558e-55
9.67068e-57
-7.5913e-57
3.51099e-58
-2.75526e-58
1.22071e-59
-9.58895e-60
4.1653e-61
-3.27151e-61
1.36899e-62
-1.07601e-62
4.40771e-64
-3.46427e-64
1.3727e-65
-1.07947e-65
4.18351e-67
-3.28992e-67
1.23711e-68
-9.73269e-69
3.5781e-70
-2.81516e-70
1.00648e-71
-7.92131e-72
2.76856e-73
-2.17911e-73
7.41939e-75
-5.84124e-75
1.94438e-76
-1.53094e-76
4.97095e-78
-3.91477e-78
1.24295e-79
-9.78956e-80
3.03497e-81
-2.39077e-81
7.2493e-83
-5.71114e-83
1.69225e-84
-1.33339e-84
3.86549e-86
-3.04723e-86
8.8024e-88
-6.7105e-88
5.40121e-88
-7.98075e-91
1.14447e-88
1.71381e-90
3.25327e-89
-5.36557e-91
1.91115e-90
2.25038e-90
5.68165e-89
3.55236e-91
1.827e-90
-4.30314e-89
-3.75865e-39
-1.05857e-40
-2.15773e-40
-2.26078e-41
-1.35869e-41
-1.39203e-42
-7.14896e-43
-8.07357e-44
-3.94943e-44
-3.95169e-45
-1.91691e-45
-1.97378e-46
-9.50817e-47
-8.88806e-48
-4.28014e-48
-4.03388e-49
-1.93599e-49
-1.69288e-50
-8.1221e-51
-7.07766e-52
-3.38744e-52
-2.78071e-53
-1.33015e-53
-1.08019e-54
-5.15729e-55
-3.98756e-56
-1.90256e-56
-1.44851e-57
-6.90066e-58
-5.04018e-59
-2.39938e-59
-1.72067e-60
-8.18096e-61
-5.65902e-62
-2.6886e-62
-1.82284e-63
-8.65101e-64
-5.68011e-65
-2.69375e-65
-1.73181e-66
-8.2053e-67
-5.12366e-68
-2.42586e-68
-1.48247e-69
-7.01314e-70
-4.17182e-71
-1.97222e-71
-1.14795e-72
-5.42283e-73
-3.07751e-74
-1.45286e-74
-8.0677e-76
-3.80605e-76
-2.06326e-77
-9.72772e-78
-5.16053e-79
-2.43151e-79
-1.26045e-80
-5.93544e-81
-3.01151e-82
-1.41728e-82
-7.03189e-84
-3.3075e-84
-1.60651e-85
-7.5522e-86
-3.58871e-87
-1.68614e-87
-6.71951e-89
-3.65534e-89
7.33576e-91
-7.45485e-91
6.42919e-91
-2.69114e-92
4.45798e-92
4.53974e-92
1.17362e-90
7.05748e-93
3.71692e-92
-8.93175e-91
1.17906e-39
-2.51707e-41
6.74773e-41
-1.28888e-41
4.24527e-42
-8.24139e-43
2.22892e-43
-4.82276e-44
1.23047e-44
-2.36749e-45
5.96275e-46
-1.18357e-46
2.95574e-47
-5.33469e-48
1.3289e-48
-2.42216e-49
6.00749e-50
-1.01718e-50
2.51785e-51
-4.25421e-52
1.04957e-52
-1.67236e-53
4.11804e-54
-6.49855e-55
1.59591e-55
-2.40011e-56
5.88341e-57
-8.7213e-58
2.13303e-58
-3.0359e-59
7.41228e-60
-1.03674e-60
2.52629e-61
-3.41093e-62
8.2982e-63
-1.09901e-63
2.66909e-64
-3.42575e-65
8.30725e-66
-1.04476e-66
2.52954e-67
-3.09193e-68
7.47548e-69
-8.94845e-70
2.16043e-70
-2.51889e-71
6.07331e-72
-6.93287e-73
1.66939e-73
-1.85912e-74
4.47104e-75
-4.87484e-76
1.17093e-76
-1.24702e-77
2.9918e-78
-3.1197e-79
7.47607e-80
-7.62163e-81
1.82442e-81
-1.82139e-82
4.3552e-83
-4.25391e-84
1.01609e-84
-9.72066e-86
2.31949e-86
-2.17216e-87
5.17793e-88
-4.72634e-89
1.13182e-89
-9.66376e-91
2.42652e-91
-7.45489e-93
4.85818e-93
6.02437e-94
1.01329e-93
2.37041e-92
1.39583e-94
7.38826e-94
-1.81373e-92
2.59941e-39
1.91503e-40
1.49396e-40
1.11372e-41
9.40929e-42
5.67954e-43
4.95488e-43
3.12523e-44
2.73795e-44
1.50638e-45
1.32973e-45
7.48213e-47
6.59718e-47
3.35607e-48
2.97122e-48
1.51955e-49
1.34425e-49
6.35981e-51
5.64188e-51
2.65394e-52
2.35356e-52
1.04038e-53
9.24501e-54
4.03489e-55
3.58529e-55
1.48669e-56
1.32305e-56
5.39278e-58
4.79978e-58
1.87341e-59
1.66937e-59
6.38742e-61
5.69307e-61
2.09774e-62
1.87145e-62
6.74916e-64
6.02293e-64
2.10043e-65
1.87586e-65
6.39714e-67
5.7151e-67
1.89048e-68
1.69002e-68
5.46445e-70
4.88676e-70
1.53616e-71
1.37453e-71
4.22307e-73
3.78012e-73
1.13108e-74
1.01295e-74
2.96255e-76
2.65412e-76
7.56985e-78
6.78482e-78
1.89178e-79
1.69621e-79
4.61686e-81
4.14131e-81
1.10222e-82
9.89041e-83
2.57169e-84
2.30854e-84
5.871e-86
5.27208e-86
1.31068e-87
1.17741e-87
2.86414e-89
2.57337e-89
6.13128e-91
5.50279e-91
1.30839e-92
1.15136e-92
2.85227e-94
2.53641e-94
4.74419e-94
7.34915e-96
1.44833e-95
-3.60581e-94
1.90508e-40
1.13879e-41
7.25126e-43
3.92061e-44
2.18609e-45
1.08222e-46
5.4112e-48
2.473e-49
1.1266e-50
4.78379e-52
2.00813e-53
7.96403e-55
3.10633e-56
1.1556e-57
4.21478e-59
1.47617e-60
5.05942e-62
1.6734e-63
5.41093e-65
1.69454e-66
5.18568e-68
1.54113e-69
4.4751e-71
1.26452e-72
3.4916e-74
9.39625e-76
2.47147e-77
6.34314e-79
1.59164e-80
3.90064e-82
9.34863e-84
2.18989e-85
5.01818e-87
1.12454e-88
2.46588e-90
5.29013e-92
1.11071e-93
2.31602e-95
5.11499e-97
)
;

boundaryField
{
    leftWall
    {
        type            calculated;
        value           nonuniform 0();
    }
    rightWall
    {
        type            calculated;
        value           uniform 0;
    }
    lowerWall
    {
        type            calculated;
        value           nonuniform 0();
    }
    atmosphere
    {
        type            calculated;
        value           nonuniform List<scalar> 
45
(
8.74091e-35
6.73485e-36
7.09718e-37
4.69493e-38
3.85714e-39
2.49032e-40
1.55645e-41
8.10894e-43
4.48874e-44
2.16914e-45
1.07782e-46
4.83899e-48
2.19127e-49
9.17737e-51
3.83035e-52
1.5024e-53
5.8279e-55
2.14839e-56
7.79479e-58
2.709e-59
9.23866e-61
3.0353e-62
9.76811e-64
3.04104e-65
9.26428e-67
2.73867e-68
7.91822e-70
2.22664e-71
6.12289e-73
1.6404e-74
4.29768e-76
1.09844e-77
2.74583e-79
6.70296e-81
1.60066e-82
3.73563e-84
8.53034e-86
1.90486e-87
4.16289e-89
8.90094e-91
1.86386e-92
3.82537e-94
2.58053e-95
6.97539e-97
-1.39403e-95
)
;
    }
    defaultFaces
    {
        type            empty;
        value           nonuniform 0();
    }
    procBoundary3to1
    {
        type            processor;
        value           nonuniform List<scalar> 
45
(
-3.27623e-41
-4.98921e-40
-5.80444e-39
-8.27045e-38
-6.89691e-37
-1.01696e-35
-8.92086e-36
1.98643e-35
1.97928e-35
-9.62107e-36
-2.04194e-35
-1.03148e-35
9.5455e-36
1.02431e-35
6.97964e-37
7.59108e-38
4.59005e-39
1.04627e-39
8.76909e-39
1.47285e-37
1.32035e-36
1.97925e-35
8.91854e-36
-2.95616e-35
-2.11237e-35
-8.32912e-37
8.2808e-36
-6.48045e-35
-1.13563e-35
-9.60454e-36
9.56731e-36
8.49554e-36
-7.19115e-35
7.26851e-35
1.74792e-36
-9.50855e-38
-1.42427e-36
-2.14189e-35
-2.02891e-35
2.71956e-35
9.17401e-36
-8.13911e-35
2.66359e-35
2.36776e-36
5.36389e-35
)
;
    }
    procBoundary3to2
    {
        type            processor;
        value           nonuniform List<scalar> 
43
(
-7.06524e-40
-5.38913e-41
-7.58878e-42
-5.07797e-43
1.08687e-41
7.8105e-40
3.4575e-38
1.15717e-36
2.55211e-36
1.91875e-36
1.31134e-35
-1.04112e-36
-2.66172e-35
-5.18117e-37
1.33647e-35
7.79617e-37
-5.49303e-39
-7.7414e-37
-1.40942e-35
1.75341e-35
4.60608e-35
-1.56655e-35
-4.68105e-35
1.66556e-35
4.80121e-35
-3.27874e-35
-3.36064e-35
1.4887e-35
3.47111e-36
2.16386e-35
1.4175e-36
-1.77251e-35
-1.04138e-36
-1.14956e-37
1.84176e-40
1.21494e-37
1.02732e-36
1.85824e-35
-2.29403e-35
-6.06626e-35
1.93838e-35
4.16731e-35
2.34097e-36
)
;
    }
}


// ************************************************************************* //
