/*--------------------------------*- C++ -*----------------------------------*\
| =========                 |                                                 |
| \\      /  F ield         | OpenFOAM: The Open Source CFD Toolbox           |
|  \\    /   O peration     | Version:  2.4.0                                 |
|   \\  /    A nd           | Web:      www.OpenFOAM.org                      |
|    \\/     M anipulation  |                                                 |
\*---------------------------------------------------------------------------*/
FoamFile
{
    version     2.0;
    format      ascii;
    class       volVectorField;
    location    "0.3";
    object      U;
}
// * * * * * * * * * * * * * * * * * * * * * * * * * * * * * * * * * * * * * //

dimensions      [0 1 -1 0 0 0 0];

internalField   nonuniform List<vector> 
1935
(
(1.29382e-35 1.82023e-40 0)
(9.84719e-37 -7.04002e-37 0)
(1.38841e-37 -6.132e-38 0)
(1.53783e-38 -1.18288e-37 0)
(-7.09263e-38 -1.49233e-36 0)
(-1.22704e-35 -2.80232e-35 0)
(-5.8927e-34 -2.78602e-34 0)
(-2.06677e-32 -4.89532e-33 0)
(-4.79293e-31 -1.48872e-32 0)
(-2.02811e-32 -2.78085e-31 0)
(6.14414e-33 -1.504e-30 0)
(-5.42363e-34 -3.54114e-29 0)
(-1.36959e-32 7.19121e-31 0)
(-2.60685e-34 3.61654e-29 0)
(6.88022e-33 1.54495e-30 0)
(3.95587e-34 2.89194e-31 0)
(-2.704e-36 3.04931e-32 0)
(-3.96558e-34 3.07081e-31 0)
(-7.26744e-33 1.38741e-30 0)
(9.00857e-33 3.87645e-29 0)
(2.37045e-32 -4.44295e-29 0)
(-8.06529e-33 -8.50398e-29 0)
(-2.40992e-32 -2.41764e-30 0)
(8.57761e-33 4.06981e-29 0)
(2.47206e-32 -4.69942e-29 0)
(-1.68776e-32 -8.90218e-29 0)
(-1.73074e-32 4.18916e-29 0)
(6.80324e-33 5.54343e-31 0)
(-2.87269e-32 5.70195e-31 0)
(-6.78405e-31 -2.7052e-30 0)
(-2.97774e-32 -4.81616e-29 0)
(-9.99136e-33 -2.05965e-30 0)
(-5.46009e-34 -3.81977e-31 0)
(-5.45828e-35 -2.03587e-32 0)
(1.07151e-37 -4.34499e-33 0)
(5.77193e-35 -2.02332e-32 0)
(5.25883e-34 -4.02744e-31 0)
(9.58153e-33 -1.83161e-30 0)
(-1.17857e-32 -5.10996e-29 0)
(-3.12139e-32 5.81091e-29 0)
(9.98301e-33 1.12029e-28 0)
(2.14399e-32 5.1224e-30 0)
(1.19494e-33 9.43146e-31 0)
(1.57324e-34 -1.94985e-40 0)
(2.26989e-33 -2.13825e-40 0)
(2.01521e-32 -2.46055e-41 0)
(2.8292e-31 -4.20121e-42 0)
(1.18243e-35 -1.13944e-35 0)
(1.60109e-34 -1.32528e-34 0)
(1.39811e-33 -1.88827e-33 0)
(1.73195e-32 -1.57467e-32 0)
(1.56545e-36 -8.64509e-37 0)
(2.01146e-35 -9.96425e-36 0)
(1.50708e-34 -1.32993e-34 0)
(1.64309e-33 -1.08377e-33 0)
(1.06056e-37 -2.9743e-38 0)
(1.20072e-36 -1.2276e-36 0)
(8.6192e-36 -1.70093e-35 0)
(8.5081e-35 -1.24639e-34 0)
(-3.91974e-38 1.18766e-36 0)
(-2.82766e-38 1.25455e-36 0)
(5.46807e-37 -8.81331e-37 0)
(6.31519e-36 -7.25268e-36 0)
(-1.17903e-35 2.21903e-35 0)
(-2.7556e-36 2.46969e-35 0)
(-1.60513e-36 2.39542e-36 0)
(1.50247e-37 -2.37103e-37 0)
(-5.77141e-34 1.98094e-34 0)
(-8.22521e-35 2.22733e-34 0)
(-3.18519e-35 2.17393e-35 0)
(-2.98242e-36 2.59616e-36 0)
(-2.04237e-32 3.38256e-33 0)
(-1.88549e-33 3.76284e-33 0)
(-3.40332e-34 3.16255e-34 0)
(-2.82457e-35 3.72424e-35 0)
(-4.75006e-31 -1.37497e-33 0)
(-3.14823e-32 -1.64587e-34 0)
(-5.55001e-33 -1.21168e-35 0)
(-4.07129e-34 -1.04784e-36 0)
(-4.90517e-33 -2.62149e-32 0)
(-4.17051e-34 -6.26097e-33 0)
(-1.55556e-34 -4.83972e-34 0)
(-1.44057e-35 -5.12647e-35 0)
(2.66245e-31 -1.19879e-31 0)
(2.14608e-32 -5.7652e-33 0)
(2.61918e-33 -2.03658e-34 0)
(1.8258e-34 -6.18947e-36 0)
(-2.12483e-32 -1.98763e-30 0)
(-1.94255e-33 -7.74294e-32 0)
(-2.45113e-34 -2.23317e-33 0)
(-1.81806e-35 -3.06829e-35 0)
(-5.43014e-31 4.12062e-32 0)
(-4.3907e-32 1.65533e-33 0)
(-5.41007e-33 5.01065e-35 0)
(-3.79161e-34 9.38505e-37 0)
(-1.05512e-32 2.0316e-30 0)
(-1.07159e-33 7.92208e-32 0)
(-1.36419e-34 2.28799e-33 0)
(-1.04893e-35 3.16712e-35 0)
(2.72654e-31 1.22937e-31 0)
(2.20236e-32 5.75349e-33 0)
(2.71046e-33 1.92454e-34 0)
(1.89787e-34 4.22039e-36 0)
(1.58861e-32 2.33419e-32 0)
(1.50333e-33 2.55483e-33 0)
(1.89281e-34 1.71581e-34 0)
(1.41815e-35 1.43458e-35 0)
(-1.11972e-34 2.81393e-33 0)
(-9.86383e-36 3.33184e-34 0)
(-1.33112e-36 2.4421e-35 0)
(-9.65218e-38 2.09948e-36 0)
(-1.57755e-32 2.45455e-32 0)
(-1.48879e-33 2.6627e-33 0)
(-1.83876e-34 1.77208e-34 0)
(-1.36782e-35 1.47524e-35 0)
(-2.87564e-31 1.09781e-31 0)
(-2.29286e-32 3.2759e-33 0)
(-2.81237e-33 -9.15485e-37 0)
(-1.95552e-34 -1.35618e-35 0)
(3.57666e-31 2.12566e-30 0)
(2.94305e-32 7.97099e-32 0)
(3.63627e-33 2.14903e-33 0)
(2.57003e-34 1.30176e-35 0)
(9.39683e-31 -2.54535e-30 0)
(7.59509e-32 -1.02216e-31 0)
(9.35463e-33 -3.09297e-33 0)
(6.55399e-34 -5.8154e-35 0)
(-3.19593e-31 -4.81856e-30 0)
(-2.58195e-32 -1.89113e-31 0)
(-3.17703e-33 -5.5016e-33 0)
(-2.22451e-34 -7.91124e-35 0)
(-9.54985e-31 -1.93599e-31 0)
(-7.71063e-32 -1.27863e-32 0)
(-9.48882e-33 -6.48691e-34 0)
(-6.64272e-34 -4.13069e-35 0)
(3.39793e-31 2.21465e-30 0)
(2.74449e-32 7.92037e-32 0)
(3.37458e-33 1.90039e-33 0)
(2.36198e-34 -1.89416e-35 0)
(9.79518e-31 -2.68564e-30 0)
(7.88555e-32 -1.06208e-31 0)
(9.70273e-33 -3.1209e-33 0)
(6.78348e-34 -4.76438e-35 0)
(-6.68914e-31 -5.00718e-30 0)
(-5.38193e-32 -1.97217e-31 0)
(-6.62658e-33 -5.81495e-33 0)
(-4.63301e-34 -9.51811e-35 0)
(-6.85617e-31 2.26268e-30 0)
(-5.5686e-32 8.58059e-32 0)
(-6.86454e-33 2.41013e-33 0)
(-4.82115e-34 2.93259e-35 0)
(3.01914e-31 5.9403e-32 0)
(2.38232e-32 -4.04349e-34 0)
(2.89382e-33 -2.1021e-34 0)
(1.99433e-34 -2.86659e-35 0)
(7.59906e-33 3.42637e-32 0)
(7.82353e-34 6.16575e-33 0)
(-5.56613e-35 4.52546e-34 0)
(-8.27207e-36 5.06787e-35 0)
(-3.14757e-31 -1.99296e-31 0)
(-1.55275e-32 -9.08094e-33 0)
(-4.31168e-33 -3.00358e-34 0)
(-3.28326e-34 -6.66349e-36 0)
(-3.42546e-32 -2.71959e-30 0)
(-3.10261e-33 -1.13356e-31 0)
(-5.37325e-34 -3.69664e-33 0)
(-4.39551e-35 -1.13634e-34 0)
(-3.63447e-31 -1.64456e-31 0)
(-2.94424e-32 -8.12543e-33 0)
(-3.65891e-33 -3.0045e-34 0)
(-2.57549e-34 -1.0635e-35 0)
(-2.12595e-32 -3.08635e-32 0)
(-2.01637e-33 -3.40959e-33 0)
(-2.56266e-34 -2.30145e-34 0)
(-1.92943e-35 -1.94236e-35 0)
(-2.34179e-33 -1.88407e-33 0)
(-2.25269e-34 -2.27977e-34 0)
(-3.2202e-35 -1.68796e-35 0)
(-2.51494e-36 -1.47323e-36 0)
(3.76362e-36 -4.04495e-34 0)
(3.64942e-37 -5.67581e-35 0)
(3.47933e-38 -4.41045e-36 0)
(2.21308e-39 -4.0944e-37 0)
(2.47469e-33 -1.86636e-33 0)
(2.36621e-34 -2.18776e-34 0)
(3.35611e-35 -1.5974e-35 0)
(2.60537e-36 -1.36591e-36 0)
(2.09348e-32 -3.21665e-32 0)
(1.97686e-33 -3.48347e-33 0)
(2.44503e-34 -2.31542e-34 0)
(1.82031e-35 -1.92561e-35 0)
(3.79134e-31 -1.44932e-31 0)
(3.02331e-32 -4.34592e-33 0)
(3.70843e-33 -7.23945e-37 0)
(2.57873e-34 1.77116e-35 0)
(-4.67943e-31 -2.80252e-30 0)
(-3.85098e-32 -1.05104e-31 0)
(-4.75843e-33 -2.83384e-33 0)
(-3.36347e-34 -1.7163e-35 0)
(-1.23757e-30 3.3298e-30 0)
(-1.00067e-31 1.33869e-31 0)
(-1.23297e-32 4.06057e-33 0)
(-8.64107e-34 7.74654e-35 0)
(3.95475e-31 6.35756e-30 0)
(3.16445e-32 2.5186e-31 0)
(3.89237e-33 7.46473e-33 0)
(2.71377e-34 1.24196e-34 0)
(8.50142e-31 4.08435e-31 0)
(6.90354e-32 2.14428e-32 0)
(8.50866e-33 8.55466e-34 0)
(5.97481e-34 3.56902e-35 0)
(4.76998e-32 7.68835e-32 0)
(4.53484e-33 8.10198e-33 0)
(5.72922e-34 5.35963e-34 0)
(4.31265e-35 4.40323e-35 0)
(1.57415e-30 -5.47647e-42 0)
(2.90594e-29 -4.50798e-42 0)
(2.77458e-29 1.01297e-41 0)
(-2.77278e-29 1.0076e-41 0)
(-2.87929e-29 -4.88991e-42 0)
(1.62375e-32 -1.04392e-41 0)
(2.90609e-29 -5.28822e-42 0)
(2.93094e-29 4.84545e-42 0)
(1.57982e-30 5.24471e-42 0)
(2.66234e-31 3.99624e-43 0)
(1.6229e-32 4.99106e-44 0)
(1.65114e-33 3.01038e-45 0)
(-9.12967e-35 -3.80515e-45 0)
(-3.22598e-33 -8.49203e-44 0)
(-3.08003e-32 -1.78406e-42 0)
(-5.16329e-31 -3.13545e-41 0)
(-2.89497e-30 -5.36024e-40 0)
(-5.70534e-29 -3.40396e-39 0)
(-2.90592e-29 1.76538e-37 0)
(2.77442e-29 1.43302e-35 0)
(3.03759e-29 5.96288e-34 0)
(2.95731e-29 1.85116e-32 0)
(1.86072e-30 3.86929e-31 0)
(1.85189e-30 1.85117e-32 0)
(2.9342e-29 6.10442e-34 0)
(2.93271e-29 5.96288e-34 0)
(1.57915e-30 1.79154e-32 0)
(2.68959e-31 3.68418e-31 0)
(1.90389e-32 -3.68418e-31 0)
(2.56031e-33 -1.79151e-32 0)
(3.23593e-32 -5.67268e-34 0)
(5.31344e-31 5.97111e-34 0)
(3.15253e-30 1.89766e-32 0)
(5.84139e-29 3.96664e-31 0)
(5.7567e-29 1.95729e-32 0)
(-2.35351e-29 1.91226e-32 0)
(2.66953e-29 3.8693e-31 0)
(-1.54734e-30 1.79289e-32 0)
(-5.57395e-29 -1.73428e-32 0)
(-2.85992e-30 -3.68472e-31 0)
(9.4465e-32 -2.07925e-31 0)
(1.25207e-30 -1.82393e-31 0)
(1.17337e-30 4.06138e-31 0)
(-1.17212e-30 4.04678e-31 0)
(-1.23577e-30 -1.96709e-31 0)
(1.12707e-33 -4.17489e-31 0)
(1.25217e-30 -2.10894e-31 0)
(1.26723e-30 1.95164e-31 0)
(9.49791e-32 2.09428e-31 0)
(1.62832e-32 1.42704e-32 0)
(1.12642e-33 1.55205e-33 0)
(1.16061e-34 9.38466e-35 0)
(-6.8497e-36 2.13917e-35 0)
(-2.26408e-34 1.7929e-34 0)
(-2.13628e-33 3.01133e-33 0)
(-3.14467e-32 2.69955e-32 0)
(-1.73784e-31 4.04671e-31 0)
(-2.44047e-30 1.82346e-31 0)
(-1.25206e-30 -6.04406e-31 0)
(1.17324e-30 -4.31858e-31 0)
(1.3308e-30 -1.57766e-32 0)
(1.28075e-30 2.07586e-31 0)
(1.12279e-31 2.15474e-31 0)
(1.14244e-31 -1.93908e-31 0)
(1.26964e-30 -1.95088e-31 0)
(1.26832e-30 1.96863e-31 0)
(9.25295e-32 2.10724e-31 0)
(1.90486e-32 3.1886e-32 0)
(3.89802e-33 -1.60709e-32 0)
(-2.22496e-33 -1.28828e-33 0)
(2.07489e-33 -3.13436e-33 0)
(3.22848e-32 -2.78663e-32 0)
(1.86613e-31 -3.98684e-31 0)
(2.5224e-30 1.45922e-32 0)
(2.47441e-30 5.96526e-31 0)
(-9.23126e-31 2.27132e-31 0)
(1.11077e-30 -1.23649e-31 0)
(-9.00026e-32 5.81646e-31 0)
(-2.35921e-30 1.25999e-32 0)
(-1.74019e-31 -3.7139e-31 0)
(4.13326e-33 -1.23275e-32 0)
(3.49905e-32 -1.05716e-32 0)
(3.2378e-32 2.39909e-32 0)
(-3.22413e-32 2.38887e-32 0)
(-3.34199e-32 -1.15582e-32 0)
(1.21435e-34 -2.47702e-32 0)
(3.50027e-32 -1.25353e-32 0)
(3.64355e-32 1.14496e-32 0)
(4.17847e-33 1.24327e-32 0)
(1.56706e-33 9.83514e-34 0)
(1.21343e-34 1.09065e-34 0)
(1.46571e-35 7.05808e-36 0)
(-9.01805e-37 1.62468e-36 0)
(-2.85717e-35 1.3474e-35 0)
(-2.27961e-34 2.11158e-34 0)
(-3.01365e-33 1.85848e-33 0)
(-6.80356e-33 2.38882e-32 0)
(-6.87972e-32 1.05677e-32 0)
(-3.49879e-32 -3.56586e-32 0)
(3.23622e-32 -2.57601e-32 0)
(3.76149e-32 -1.07239e-33 0)
(3.78326e-32 1.24255e-32 0)
(5.85303e-33 1.46665e-32 0)
(5.94391e-33 -1.12391e-32 0)
(3.66897e-32 -1.14262e-32 0)
(3.65609e-32 1.15865e-32 0)
(4.03738e-33 1.26295e-32 0)
(1.73818e-33 3.88933e-33 0)
(2.93202e-34 -2.79729e-33 0)
(-1.1379e-34 -1.96075e-34 0)
(2.10297e-34 -2.34935e-34 0)
(2.93593e-33 -1.90148e-33 0)
(5.46707e-33 -2.34955e-32 0)
(7.17555e-32 -2.99661e-33 0)
(7.46243e-32 3.51149e-32 0)
(-2.29033e-32 1.37985e-32 0)
(3.13271e-32 -4.70978e-33 0)
(-3.79544e-33 3.42043e-32 0)
(-6.62771e-32 7.8811e-34 0)
(-9.30417e-33 -2.32784e-32 0)
(1.38954e-34 -1.36363e-33 0)
(6.9593e-34 -1.16751e-33 0)
(6.35802e-34 2.65829e-33 0)
(-6.27924e-34 2.64521e-33 0)
(-6.14091e-34 -1.28008e-33 0)
(6.95801e-36 -2.74425e-33 0)
(6.96641e-34 -1.39134e-33 0)
(7.70517e-34 1.26616e-33 0)
(1.41646e-34 1.3782e-33 0)
(8.15993e-35 1.1211e-34 0)
(6.95214e-36 1.39984e-35 0)
(8.78473e-37 9.41315e-37 0)
(-5.66501e-38 2.28987e-37 0)
(-1.71049e-36 1.79183e-36 0)
(-1.30214e-35 2.70678e-35 0)
(-1.56302e-34 2.10295e-34 0)
(-2.02509e-34 2.64513e-33 0)
(-1.40534e-33 1.16704e-33 0)
(-6.95758e-34 -3.95243e-33 0)
(6.3476e-34 -2.85728e-33 0)
(7.56123e-34 -1.24766e-34 0)
(8.34261e-34 1.36359e-33 0)
(2.2937e-34 1.45255e-33 0)
(2.428e-34 -1.25283e-33 0)
(7.85637e-34 -1.26443e-33 0)
(7.77288e-34 1.28252e-33 0)
(1.26136e-34 1.39104e-33 0)
(9.95321e-35 2.7233e-34 0)
(2.49287e-35 -1.46294e-34 0)
(-1.39052e-35 -1.26632e-35 0)
(1.1153e-35 -2.80219e-35 0)
(1.49077e-34 -2.01844e-34 0)
(1.05565e-34 -2.53016e-33 0)
(1.48512e-33 7.2005e-34 0)
(1.73448e-33 3.96021e-33 0)
(-3.75167e-34 1.53961e-33 0)
(6.5732e-34 -6.82872e-34 0)
(-1.11432e-34 3.78247e-33 0)
(-1.34655e-33 1.07212e-34 0)
(-3.87546e-34 -2.41645e-33 0)
(6.38373e-36 -7.39046e-35 0)
(2.62707e-37 -6.25442e-35 0)
(-2.47108e-37 1.439e-34 0)
(8.60348e-37 1.43115e-34 0)
(5.85156e-36 -6.91048e-35 0)
(5.37428e-37 -1.48863e-34 0)
(3.18605e-37 -7.55833e-35 0)
(5.8104e-36 6.82667e-35 0)
(6.59282e-36 7.47946e-35 0)
(6.09193e-36 6.53233e-36 0)
(5.36923e-37 8.42879e-37 0)
(7.21536e-38 5.93564e-38 0)
(-4.73287e-39 1.46706e-38 0)
(-1.40451e-37 1.12869e-37 0)
(-1.00132e-36 1.62721e-36 0)
(-1.16516e-35 1.22265e-35 0)
(-7.1607e-36 1.4311e-34 0)
(-5.48247e-36 6.25135e-35 0)
(-2.45871e-37 -2.13851e-34 0)
(-3.28904e-37 -1.55448e-34 0)
(8.04961e-37 -7.2089e-36 0)
(1.09173e-35 7.4456e-35 0)
(1.31538e-35 8.63311e-35 0)
(1.38095e-35 -6.69227e-35 0)
(6.9558e-36 -6.80705e-35 0)
(6.35672e-36 6.93401e-35 0)
(5.76844e-36 7.60261e-35 0)
(7.08345e-36 2.24834e-35 0)
(1.53174e-36 -1.51127e-35 0)
(-6.96633e-37 -1.21793e-36 0)
(8.16014e-37 -1.7459e-36 0)
(1.06988e-35 -1.15005e-35 0)
(-5.3757e-36 -1.35308e-34 0)
(7.50556e-36 4.46024e-35 0)
(3.53606e-35 2.15513e-34 0)
(8.56129e-36 8.50571e-35 0)
(5.39519e-36 -2.71501e-35 0)
(-4.70974e-36 2.04534e-34 0)
(-5.64054e-36 6.05388e-36 0)
(-2.26653e-35 -1.3648e-34 0)
(2.4849e-37 -5.66757e-36 0)
(-6.11062e-37 -4.81027e-36 0)
(-5.82614e-37 1.10931e-35 0)
(6.15266e-37 1.10283e-35 0)
(9.20543e-37 -5.32569e-36 0)
(2.8658e-38 -1.14746e-35 0)
(-6.06492e-37 -5.83215e-36 0)
(-3.28771e-37 5.25659e-36 0)
(2.82249e-37 5.76718e-36 0)
(3.0978e-37 5.10971e-37 0)
(2.86294e-38 6.95054e-38 0)
(3.9297e-39 4.98231e-39 0)
(-2.65321e-40 1.26284e-39 0)
(-7.64376e-39 9.46076e-39 0)
(-5.33078e-38 1.34099e-37 0)
(-5.9119e-37 9.5284e-37 0)
(-2.58359e-37 1.10278e-35 0)
(9.15666e-37 4.80976e-36 0)
(6.10436e-37 -1.64884e-35 0)
(-5.87225e-37 -1.19903e-35 0)
(-6.3658e-37 -5.7056e-37 0)
(-9.30761e-38 5.70715e-36 0)
(6.16965e-37 6.26689e-36 0)
(6.73699e-37 -5.1779e-36 0)
(-2.66127e-37 -5.24434e-36 0)
(-3.00809e-37 5.34142e-36 0)
(2.18703e-37 5.84046e-36 0)
(3.84231e-37 1.37927e-36 0)
(1.03254e-37 -7.99154e-37 0)
(-5.67349e-38 -7.17809e-38 0)
(4.04615e-38 -1.36479e-37 0)
(5.31826e-37 -8.38629e-37 0)
(-4.58731e-37 -1.01066e-35 0)
(-8.62435e-37 7.45562e-36 0)
(6.79332e-37 1.69276e-35 0)
(8.35038e-37 6.60781e-36 0)
(-2.40877e-37 -2.45153e-36 0)
(-1.59535e-37 1.57492e-35 0)
(8.71979e-37 5.13746e-37 0)
(-1.11502e-36 -1.01618e-35 0)
(-3.51579e-37 -1.10156e-37 0)
(-7.78692e-38 -2.30964e-37 0)
(-5.17277e-38 5.69076e-37 0)
(5.16282e-38 5.64786e-37 0)
(7.20882e-38 -2.72343e-37 0)
(1.81261e-39 -5.88566e-37 0)
(-5.2445e-38 -2.99442e-37 0)
(-3.51041e-38 2.68578e-37 0)
(1.63719e-38 2.95904e-37 0)
(1.93742e-38 2.73482e-38 0)
(1.81115e-39 3.79158e-39 0)
(2.54872e-40 2.79866e-40 0)
(-1.73556e-41 7.16431e-41 0)
(-4.9568e-40 5.31057e-40 0)
(-3.36603e-39 7.30737e-39 0)
(-3.69541e-38 5.09277e-38 0)
(-1.36056e-38 5.6471e-37 0)
(8.50616e-38 2.4472e-37 0)
(5.27013e-38 -8.44407e-37 0)
(-4.99694e-38 -6.16157e-37 0)
(-5.55449e-38 -3.0324e-38 0)
(-1.95605e-38 2.94297e-37 0)
(3.73178e-38 3.43118e-37 0)
(4.00689e-38 -2.62616e-37 0)
(-3.11924e-38 -2.67613e-37 0)
(-3.32859e-38 2.73489e-37 0)
(1.31563e-38 3.01303e-37 0)
(2.32286e-38 9.24851e-38 0)
(5.67581e-39 -6.13652e-38 0)
(-2.78664e-39 -5.30299e-39 0)
(2.41399e-39 -7.58744e-39 0)
(3.21385e-38 -4.35242e-38 0)
(-4.40287e-38 -5.08445e-37 0)
(-8.29539e-38 4.46024e-37 0)
(2.75205e-38 8.75204e-37 0)
(6.35859e-38 3.44089e-37 0)
(-2.68495e-38 -9.81059e-38 0)
(-9.55504e-39 8.06612e-37 0)
(8.02042e-38 2.69367e-38 0)
(-6.66564e-38 -5.37266e-37 0)
(-2.92027e-36 2.39529e-36 0)
(-1.9443e-37 1.67008e-37 0)
(-1.72198e-38 4.60313e-38 0)
(1.75699e-39 3.6109e-38 0)
(3.56197e-39 -1.70617e-38 0)
(8.6638e-41 -3.69551e-38 0)
(-2.67306e-39 -1.8813e-38 0)
(-1.84257e-39 1.68514e-38 0)
(7.68274e-40 1.85836e-38 0)
(9.30922e-40 1.73359e-39 0)
(8.9533e-41 2.46194e-40 0)
(1.27232e-41 1.83441e-41 0)
(-8.82992e-43 4.75043e-42 0)
(-2.47319e-41 3.47852e-41 0)
(-1.66271e-40 4.74315e-40 0)
(-1.77317e-39 3.22251e-39 0)
(-6.17387e-40 3.54499e-38 0)
(4.3785e-39 1.53443e-38 0)
(2.68564e-39 -5.30233e-38 0)
(-2.53721e-39 -3.8707e-38 0)
(-2.8446e-39 -1.93547e-39 0)
(-1.14876e-39 1.84135e-38 0)
(1.77679e-39 2.07527e-38 0)
(1.96083e-39 -1.65302e-38 0)
(-1.64553e-39 -1.67978e-38 0)
(-1.75546e-39 1.71619e-38 0)
(5.66101e-40 1.88771e-38 0)
(1.16926e-39 5.09033e-39 0)
(3.28348e-40 -3.11178e-39 0)
(-1.81256e-40 -2.8607e-40 0)
(1.1058e-40 -4.71892e-40 0)
(1.50599e-39 -2.57224e-39 0)
(-2.43069e-39 -3.08829e-38 0)
(-4.28944e-39 3.99467e-38 0)
(1.30137e-39 5.59707e-38 0)
(3.12111e-39 2.17735e-38 0)
(-1.4006e-39 -6.87573e-39 0)
(-3.81122e-40 5.06003e-38 0)
(4.1718e-39 1.78325e-39 0)
(-3.26402e-39 -3.3005e-38 0)
(-4.14119e-35 -6.47602e-38 0)
(-2.55253e-36 -4.80021e-39 0)
(-1.93379e-37 1.49679e-39 0)
(-1.0838e-38 1.69142e-39 0)
(-5.00431e-40 -8.21376e-40 0)
(-3.16932e-41 -1.77806e-39 0)
(-1.48842e-40 -9.05701e-40 0)
(-1.02096e-40 8.08552e-40 0)
(4.12181e-41 8.94247e-40 0)
(5.02902e-41 8.57684e-41 0)
(4.87064e-42 1.22994e-41 0)
(6.99813e-43 9.3431e-43 0)
(-4.8824e-44 2.43189e-43 0)
(-1.36017e-42 1.77098e-42 0)
(-9.0375e-42 2.36785e-41 0)
(-9.57579e-41 1.59315e-40 0)
(-3.2802e-41 1.70356e-39 0)
(2.41154e-40 7.34076e-40 0)
(1.47512e-40 -2.54815e-39 0)
(-1.39209e-40 -1.86459e-39 0)
(-1.56264e-40 -9.51895e-41 0)
(-6.31567e-41 8.89743e-40 0)
(9.57275e-41 1.04749e-39 0)
(1.04312e-40 -7.88506e-40 0)
(-9.13656e-41 -8.05153e-40 0)
(-9.71798e-41 8.24745e-40 0)
(3.1583e-41 9.12257e-40 0)
(6.1807e-41 2.93538e-40 0)
(1.64107e-41 -1.95531e-40 0)
(-8.5238e-42 -1.75921e-41 0)
(5.61215e-42 -2.37779e-41 0)
(7.84974e-41 -1.22394e-40 0)
(-1.62796e-40 -1.45058e-39 0)
(-2.36523e-40 2.19036e-39 0)
(9.66838e-41 2.72179e-39 0)
(1.74181e-40 1.06123e-39 0)
(-7.70607e-41 -2.69054e-40 0)
(-2.17303e-41 2.43233e-39 0)
(2.2839e-40 8.67651e-41 0)
(-1.73794e-40 -1.62482e-39 0)
(-1.80286e-36 -3.2307e-36 0)
(-1.25472e-37 -2.33799e-37 0)
(-1.04499e-38 -1.29456e-38 0)
(-6.32247e-40 -7.14728e-40 0)
(-3.3968e-41 -8.59964e-41 0)
(-2.13589e-42 -9.83888e-41 0)
(-6.75367e-42 -4.9085e-41 0)
(-4.61575e-42 4.36765e-41 0)
(1.84192e-42 4.8346e-41 0)
(2.25995e-42 4.66846e-42 0)
(2.23196e-43 6.7686e-43 0)
(3.22008e-44 5.17094e-44 0)
(-2.2762e-45 1.35226e-44 0)
(-6.25628e-44 9.7987e-44 0)
(-4.14006e-43 1.30279e-42 0)
(-4.29896e-42 8.66439e-42 0)
(-1.45428e-42 9.207e-41 0)
(1.08741e-41 3.96345e-41 0)
(6.65001e-42 -1.37735e-40 0)
(-6.2689e-42 -1.0083e-40 0)
(-7.0615e-42 -5.20188e-42 0)
(-2.9623e-42 4.7991e-41 0)
(4.29523e-42 5.53019e-41 0)
(4.77753e-42 -4.26862e-41 0)
(-4.11461e-42 -4.35104e-41 0)
(-4.39363e-42 4.45584e-41 0)
(1.32051e-42 4.92451e-41 0)
(2.87645e-42 1.46809e-41 0)
(8.40668e-43 -9.33876e-42 0)
(-4.7173e-43 -8.72569e-43 0)
(2.36106e-43 -1.26099e-42 0)
(3.42481e-42 -6.19385e-42 0)
(-8.15153e-42 -7.56756e-41 0)
(-1.06656e-41 1.48166e-40 0)
(5.10795e-42 1.49801e-40 0)
(7.81257e-42 5.78147e-41 0)
(-3.44696e-42 -1.56918e-41 0)
(-8.54636e-43 1.31379e-40 0)
(1.03769e-41 4.84091e-42 0)
(-7.96133e-42 -8.66084e-41 0)
(1.44536e-35 -1.57179e-37 0)
(8.19693e-37 -6.63771e-39 0)
(5.16858e-38 -3.47273e-40 0)
(2.69422e-39 -2.0942e-41 0)
(1.48937e-40 -3.44371e-42 0)
(7.1598e-42 -4.41029e-42 0)
(3.5326e-44 -2.20738e-42 0)
(-2.05698e-43 1.95969e-42 0)
(8.8977e-44 2.17375e-42 0)
(1.08469e-43 2.14011e-43 0)
(1.07682e-44 3.11594e-44 0)
(1.55994e-45 2.41207e-45 0)
(-1.10663e-46 6.31916e-46 0)
(-3.03041e-45 4.56994e-45 0)
(-1.9965e-44 5.99438e-44 0)
(-2.0622e-43 3.97064e-43 0)
(-6.95344e-44 4.13565e-42 0)
(5.22243e-43 1.77449e-42 0)
(3.19355e-43 -6.18686e-42 0)
(-3.00932e-43 -4.5371e-42 0)
(-3.39084e-43 -2.37272e-43 0)
(-1.40644e-43 2.16526e-42 0)
(2.06012e-43 2.57804e-42 0)
(2.27321e-43 -1.90624e-42 0)
(-1.97737e-43 -1.95065e-42 0)
(-2.10987e-43 2.00162e-42 0)
(6.49506e-44 2.22173e-42 0)
(1.36204e-43 7.50298e-43 0)
(3.85726e-44 -5.05267e-43 0)
(-2.09704e-44 -4.66415e-44 0)
(1.04677e-44 -5.80948e-44 0)
(1.58039e-43 -2.70556e-43 0)
(-4.56971e-43 -3.30549e-42 0)
(-5.12197e-43 7.45485e-42 0)
(3.1026e-43 6.82007e-42 0)
(3.82789e-43 2.62944e-42 0)
(-1.64379e-43 -5.90648e-43 0)
(-4.27091e-44 5.90305e-42 0)
(4.96507e-43 2.18752e-43 0)
(-3.78997e-43 -3.96361e-42 0)
(-1.47571e-36 1.04772e-36 0)
(-8.71823e-38 1.31807e-37 0)
(-5.62078e-39 7.74411e-39 0)
(-3.02232e-40 4.43197e-40 0)
(-1.69889e-41 2.14802e-41 0)
(-8.39781e-43 8.66507e-43 0)
(-5.56615e-44 -5.75159e-44 0)
(-1.12429e-44 9.62038e-44 0)
(3.60698e-45 1.0443e-43 0)
(4.55165e-45 1.03307e-44 0)
(4.58617e-46 1.51005e-45 0)
(6.65029e-47 1.17316e-46 0)
(-4.76272e-48 3.07585e-47 0)
(-1.29171e-46 2.22244e-46 0)
(-8.50655e-46 2.90429e-45 0)
(-8.6567e-45 1.91537e-44 0)
(-2.8971e-45 1.98455e-43 0)
(2.19317e-44 8.50779e-44 0)
(1.34146e-44 -2.96899e-43 0)
(-1.26317e-44 -2.17823e-43 0)
(-1.42694e-44 -1.14737e-44 0)
(-6.07082e-45 1.03792e-43 0)
(8.64748e-45 1.21958e-43 0)
(9.69603e-45 -9.15544e-44 0)
(-8.28603e-45 -9.35915e-44 0)
(-8.8716e-45 9.60219e-44 0)
(2.57546e-45 1.06549e-43 0)
(5.87916e-45 3.4434e-44 0)
(1.78408e-45 -2.26036e-44 0)
(-1.02302e-45 -2.13797e-45 0)
(4.03307e-46 -2.72236e-45 0)
(6.41157e-45 -1.20672e-44 0)
(-2.11173e-44 -1.52605e-43 0)
(-2.15064e-44 4.21084e-43 0)
(1.49117e-44 3.33232e-43 0)
(1.6101e-44 1.27197e-43 0)
(-6.84298e-45 -2.97813e-44 0)
(-1.60261e-45 2.83131e-43 0)
(2.09778e-44 1.07056e-44 0)
(-1.61716e-44 -1.88573e-43 0)
(-3.03059e-35 -4.97858e-39 0)
(-1.72904e-36 -1.7355e-39 0)
(-1.10033e-37 -1.1032e-40 0)
(-5.77238e-39 -6.50523e-42 0)
(-3.21075e-40 -3.26677e-43 0)
(-1.55641e-41 -2.5044e-44 0)
(-7.76172e-43 -5.1883e-45 0)
(-3.53063e-44 3.91071e-45 0)
(-1.42346e-45 4.38319e-45 0)
(1.31499e-46 4.40069e-46 0)
(1.7245e-47 6.4395e-47 0)
(2.79445e-48 5.04932e-48 0)
(-2.12694e-49 1.32322e-48 0)
(-5.63892e-48 9.56585e-48 0)
(-3.71267e-47 1.23823e-46 0)
(-3.76099e-46 8.16285e-46 0)
(-1.25576e-46 8.33363e-45 0)
(9.52953e-46 3.56373e-45 0)
(5.82923e-46 -1.24671e-44 0)
(-5.4873e-46 -9.15899e-45 0)
(-6.20113e-46 -4.86923e-46 0)
(-2.61995e-46 4.37446e-45 0)
(3.75693e-46 5.271e-45 0)
(4.19329e-46 -3.82654e-45 0)
(-3.60049e-46 -3.92429e-45 0)
(-3.8542e-46 4.0324e-45 0)
(1.1355e-46 4.48995e-45 0)
(2.53604e-46 1.58983e-45 0)
(7.5724e-47 -1.08555e-45 0)
(-4.27852e-47 -1.02e-46 0)
(1.58374e-47 -1.15473e-46 0)
(2.66746e-46 -4.84613e-46 0)
(-1.03828e-45 -6.19689e-45 0)
(-9.34372e-46 1.95347e-44 0)
(7.68366e-46 1.42005e-44 0)
(7.12811e-46 5.40189e-45 0)
(-2.95119e-46 -1.06907e-45 0)
(-7.12321e-47 1.18923e-44 0)
(9.09514e-46 4.50455e-46 0)
(-6.99711e-46 -8.03656e-45 0)
(-8.52392e-37 -1.05844e-36 0)
(-5.12431e-38 -1.34427e-37 0)
(-3.30217e-39 -7.9165e-39 0)
(-1.79247e-40 -4.5414e-40 0)
(-1.00735e-41 -2.2165e-41 0)
(-5.00242e-43 -1.1066e-42 0)
(-2.51709e-44 -4.99829e-44 0)
(-1.16817e-45 -2.08795e-45 0)
(-4.63983e-47 9.57885e-47 0)
(5.54632e-48 1.52507e-47 0)
(7.01869e-49 2.65623e-48 0)
(1.11519e-49 2.14962e-49 0)
(-8.47713e-51 5.76011e-50 0)
(-2.23807e-49 4.18714e-49 0)
(-1.47657e-48 5.40616e-48 0)
(-1.4789e-47 3.56329e-47 0)
(-4.90933e-48 3.6214e-46 0)
(3.74764e-47 1.54743e-46 0)
(2.29295e-47 -5.41756e-46 0)
(-2.15725e-47 -3.98171e-46 0)
(-2.44289e-47 -2.12748e-47 0)
(-1.05289e-47 1.90017e-46 0)
(1.47728e-47 2.27229e-46 0)
(1.67014e-47 -1.66331e-46 0)
(-1.41335e-47 -1.70501e-46 0)
(-1.51729e-47 1.75185e-46 0)
(4.25707e-48 1.95078e-46 0)
(1.01956e-47 6.74752e-47 0)
(3.20514e-48 -4.54604e-47 0)
(-1.88162e-48 -4.34235e-48 0)
(5.5574e-49 -4.88473e-48 0)
(1.0072e-47 -1.93695e-47 0)
(-4.45113e-47 -2.5793e-46 0)
(-3.67408e-47 9.65126e-46 0)
(3.38413e-47 6.28343e-46 0)
(2.81811e-47 2.36654e-46 0)
(-1.15074e-47 -4.77438e-47 0)
(-2.53608e-48 5.16589e-46 0)
(3.59463e-47 1.98101e-47 0)
(-2.7883e-47 -3.47509e-46 0)
(1.51576e-35 9.55366e-39 0)
(8.64253e-37 -5.23236e-39 0)
(5.4975e-38 -3.6349e-40 0)
(2.88282e-39 -2.17063e-41 0)
(1.60307e-40 -1.08955e-42 0)
(7.76873e-42 -5.49057e-44 0)
(3.87067e-43 -2.51817e-45 0)
(1.74143e-44 -1.07961e-46 0)
(7.90491e-46 2.62855e-48 0)
(3.34656e-47 5.59287e-49 0)
(1.41798e-48 1.03522e-49 0)
(5.90535e-50 8.51416e-51 0)
(1.78167e-51 2.29373e-51 0)
(-8.86128e-51 1.67333e-50 0)
(-5.91237e-50 2.14601e-49 0)
(-5.89805e-49 1.41738e-48 0)
(-1.95375e-49 1.42435e-47 0)
(1.4946e-48 6.07442e-48 0)
(9.14543e-49 -2.13068e-47 0)
(-8.60181e-49 -1.56765e-47 0)
(-9.7455e-49 -8.4302e-49 0)
(-4.18678e-49 7.49674e-48 0)
(5.89154e-49 9.1445e-48 0)
(6.64656e-49 -6.51671e-48 0)
(-5.63575e-49 -6.69824e-48 0)
(-6.05124e-49 6.89046e-48 0)
(1.70897e-49 7.6948e-48 0)
(4.05366e-49 2.852e-48 0)
(1.26618e-49 -1.97658e-48 0)
(-7.39698e-50 -1.8818e-49 0)
(1.93649e-50 -1.91866e-49 0)
(3.82349e-49 -7.15554e-49 0)
(-1.96823e-48 -9.74745e-48 0)
(-1.46514e-48 4.14955e-47 0)
(1.54227e-48 2.5105e-47 0)
(1.14388e-48 9.40602e-48 0)
(-4.55445e-49 -1.62666e-48 0)
(-1.019e-49 2.03222e-47 0)
(1.43204e-48 7.78621e-49 0)
(-1.1102e-48 -1.3833e-47 0)
(1.14608e-36 8.36177e-37 0)
(6.79491e-38 5.26048e-38 0)
(4.36225e-39 2.75047e-39 0)
(2.34737e-40 1.52782e-40 0)
(1.31546e-41 7.40135e-42 0)
(6.49369e-43 3.68671e-43 0)
(3.25716e-44 1.65844e-44 0)
(1.48594e-45 7.52721e-46 0)
(6.78395e-47 3.18651e-47 0)
(2.88846e-48 1.3501e-48 0)
(1.22109e-49 5.62885e-50 0)
(4.9629e-51 2.36641e-51 0)
(1.74618e-52 1.66247e-52 0)
(-3.2482e-52 6.72328e-52 0)
(-2.20254e-51 8.57278e-51 0)
(-2.1779e-50 5.67622e-50 0)
(-7.18067e-51 5.68123e-49 0)
(5.5191e-50 2.42117e-49 0)
(3.37776e-50 -8.49813e-49 0)
(-3.17556e-50 -6.25513e-49 0)
(-3.60393e-50 -3.37559e-50 0)
(-1.57353e-50 2.99044e-49 0)
(2.17547e-50 3.63436e-49 0)
(2.48022e-50 -2.59888e-49 0)
(-2.0779e-50 -2.67116e-49 0)
(-2.23655e-50 2.74779e-49 0)
(6.05707e-51 3.06966e-49 0)
(1.52412e-50 1.1264e-49 0)
(4.95276e-51 -7.75963e-50 0)
(-2.97733e-51 -7.47389e-51 0)
(6.10062e-52 -7.42963e-51 0)
(1.34514e-50 -2.5853e-50 0)
(-7.86301e-50 -3.70215e-49 0)
(-5.40974e-50 1.84095e-48 0)
(6.28351e-50 1.01977e-48 0)
(4.25811e-50 3.78259e-49 0)
(-1.66772e-50 -6.53933e-50 0)
(-3.43613e-51 8.10351e-49 0)
(5.31019e-50 3.12644e-50 0)
(-4.14523e-50 -5.50455e-49 0)
(-8.02208e-39 1.27686e-37 0)
(-4.61315e-40 8.10266e-39 0)
(-2.9808e-41 4.34483e-40 0)
(-1.5614e-42 2.42926e-41 0)
(-8.72997e-44 1.19821e-42 0)
(-4.21058e-45 6.00536e-44 0)
(-2.09908e-46 2.73914e-45 0)
(-9.38802e-48 1.25019e-46 0)
(-4.24812e-49 5.31382e-48 0)
(-1.73011e-50 2.24051e-49 0)
(-6.94668e-52 9.00225e-51 0)
(-2.25269e-53 3.58241e-52 0)
(-1.57604e-54 1.62528e-53 0)
(-1.22964e-53 2.54412e-53 0)
(-8.17234e-53 3.18213e-52 0)
(-8.05041e-52 2.11491e-51 0)
(-2.649e-52 2.09816e-50 0)
(2.03998e-51 8.92783e-51 0)
(1.24862e-51 -3.13824e-50 0)
(-1.17359e-51 -2.31197e-50 0)
(-1.33264e-51 -1.25329e-51 0)
(-5.81527e-52 1.10736e-50 0)
(8.04141e-52 1.36757e-50 0)
(9.16457e-52 -9.56673e-51 0)
(-7.67816e-52 -9.85583e-51 0)
(-8.26807e-52 1.0148e-50 0)
(2.23949e-52 1.13641e-50 0)
(5.63275e-52 4.40095e-51 0)
(1.8302e-52 -3.09611e-51 0)
(-1.10118e-52 -2.97843e-52 0)
(1.85416e-53 -2.71544e-52 0)
(4.69528e-52 -8.76924e-52 0)
(-3.1777e-51 -1.30358e-50 0)
(-1.99942e-51 7.37088e-50 0)
(2.59323e-51 3.82907e-50 0)
(1.60091e-51 1.4109e-50 0)
(-6.11645e-52 -2.10794e-51 0)
(-1.26289e-52 2.99323e-50 0)
(1.96224e-51 1.15159e-51 0)
(-1.53251e-51 -2.0533e-50 0)
(-1.09235e-36 8.55504e-37 0)
(-6.44888e-38 5.37246e-38 0)
(-4.11577e-39 2.80032e-39 0)
(-2.2097e-40 1.55376e-40 0)
(-1.23482e-41 7.51052e-42 0)
(-6.08959e-43 3.73784e-43 0)
(-3.05104e-44 1.67872e-44 0)
(-1.39176e-45 7.61097e-46 0)
(-6.35234e-47 3.18888e-47 0)
(-2.69556e-48 1.33223e-48 0)
(-1.13357e-49 5.22807e-50 0)
(-4.49604e-51 2.02986e-51 0)
(-1.75698e-52 7.49673e-53 0)
(-6.96674e-54 3.64076e-54 0)
(-3.10037e-54 1.18489e-53 0)
(-2.79962e-53 7.84684e-53 0)
(-9.1743e-54 7.75626e-52 0)
(7.09195e-53 3.2982e-52 0)
(4.34154e-53 -1.16003e-51 0)
(-4.07914e-53 -8.54944e-52 0)
(-4.63872e-53 -4.64579e-53 0)
(-2.05163e-53 4.09541e-52 0)
(2.79564e-53 5.05319e-52 0)
(3.21443e-53 -3.53477e-52 0)
(-2.66578e-53 -3.6426e-52 0)
(-2.87674e-53 3.75075e-52 0)
(7.50949e-54 4.20263e-52 0)
(1.98805e-53 1.62569e-52 0)
(6.66502e-54 -1.14195e-52 0)
(-4.10013e-54 -1.10802e-53 0)
(5.02748e-55 -9.71838e-54 0)
(1.5398e-53 -2.8683e-53 0)
(-1.18783e-52 -4.55298e-52 0)
(-6.95037e-53 2.98591e-51 0)
(9.83946e-53 1.44187e-51 0)
(5.62274e-53 5.25889e-52 0)
(-2.10858e-53 -7.712e-53 0)
(-4.03026e-54 1.10627e-51 0)
(6.84625e-53 4.26914e-53 0)
(-5.37862e-53 -7.58681e-52 0)
(-1.55859e-35 -1.06162e-36 0)
(-8.84779e-37 -7.34504e-38 0)
(-5.61994e-38 -3.94904e-39 0)
(-2.93813e-39 -2.21189e-40 0)
(-1.63204e-40 -1.07715e-41 0)
(-7.89183e-42 -5.37487e-43 0)
(-3.9286e-43 -2.42485e-44 0)
(-1.76465e-44 -1.1015e-45 0)
(-8.00176e-46 -4.6311e-47 0)
(-3.35294e-47 -1.93799e-48 0)
(-1.40091e-48 -7.62582e-50 0)
(-5.4976e-50 -2.96491e-51 0)
(-2.13444e-51 -1.09591e-52 0)
(-7.87368e-53 -3.95221e-54 0)
(-2.9574e-54 2.7069e-55 0)
(-1.06516e-54 2.7428e-54 0)
(-3.19368e-55 2.69677e-53 0)
(2.44689e-54 1.1453e-53 0)
(1.49815e-54 -4.03294e-53 0)
(-1.40729e-54 -2.97449e-53 0)
(-1.60132e-54 -1.62142e-54 0)
(-7.09213e-55 1.4273e-53 0)
(9.64693e-55 1.78467e-53 0)
(1.11023e-54 -1.22555e-53 0)
(-9.1944e-55 -1.26555e-53 0)
(-9.92848e-55 1.30408e-53 0)
(2.57889e-55 1.46425e-53 0)
(6.87322e-55 5.91456e-54 0)
(2.31339e-55 -4.22224e-54 0)
(-1.42917e-55 -4.09715e-55 0)
(1.23306e-56 -3.31829e-55 0)
(4.96331e-55 -8.87101e-55 0)
(-4.43623e-54 -1.49455e-53 0)
(-2.39801e-54 1.11809e-52 0)
(3.73193e-54 5.10082e-53 0)
(1.97289e-54 1.84597e-53 0)
(-7.21756e-55 -2.34553e-54 0)
(-1.36641e-55 3.84689e-53 0)
(2.36302e-54 1.47817e-54 0)
(-1.85878e-54 -2.66041e-53 0)
(2.05733e-35 -2.25146e-36 0)
(1.17981e-36 -2.11544e-37 0)
(7.51737e-38 -1.19644e-38 0)
(3.95752e-39 -6.79151e-40 0)
(2.20361e-40 -3.30521e-41 0)
(1.07094e-41 -1.64824e-42 0)
(5.34168e-43 -7.4145e-44 0)
(2.40849e-44 -3.36377e-45 0)
(1.09392e-45 -1.41081e-46 0)
(4.59726e-47 -5.89671e-48 0)
(1.92351e-48 -2.31567e-49 0)
(7.56604e-50 -8.99323e-51 0)
(2.9411e-51 -3.31867e-52 0)
(1.08678e-52 -1.20517e-53 0)
(3.947e-54 -4.05164e-55 0)
(1.05875e-55 8.08148e-56 0)
(-5.63604e-57 9.30141e-55 0)
(8.04461e-56 3.94971e-55 0)
(4.91702e-56 -1.39157e-54 0)
(-4.61689e-56 -1.02675e-54 0)
(-5.26012e-56 -5.60595e-56 0)
(-2.35659e-56 4.92888e-55 0)
(3.16557e-56 6.16966e-55 0)
(3.67104e-56 -4.22596e-55 0)
(-3.0134e-56 -4.36619e-55 0)
(-3.26022e-56 4.49945e-55 0)
(8.1905e-57 5.05583e-55 0)
(2.28477e-56 2.052e-55 0)
(7.88868e-57 -1.46668e-55 0)
(-4.96107e-57 -1.43271e-56 0)
(2.36902e-58 -1.10516e-56 0)
(1.51598e-56 -2.60392e-56 0)
(-1.55726e-55 -4.82137e-55 0)
(-7.86788e-56 4.18323e-54 0)
(1.3255e-55 1.79355e-54 0)
(6.55161e-56 6.42333e-55 0)
(-2.34823e-56 -7.86447e-56 0)
(-4.12491e-57 1.32728e-54 0)
(7.77821e-56 5.10039e-56 0)
(-6.15024e-56 -9.18885e-55 0)
(5.2371e-35 2.80758e-37 0)
(2.98725e-36 1.0373e-37 0)
(1.90073e-37 6.56486e-39 0)
(9.96976e-39 3.83201e-40 0)
(5.54487e-40 1.87979e-41 0)
(2.68758e-41 9.3951e-43 0)
(1.33918e-42 4.23391e-44 0)
(6.02584e-44 1.92217e-45 0)
(2.73448e-45 8.07124e-47 0)
(1.14733e-46 3.37543e-48 0)
(4.79669e-48 1.32679e-49 0)
(1.88429e-49 5.15543e-51 0)
(7.31943e-51 1.90393e-52 0)
(2.7017e-52 6.91804e-54 0)
(9.81368e-54 2.41266e-55 0)
(3.4042e-55 1.13627e-56 0)
(1.13221e-56 3.08096e-56 0)
(2.98369e-57 1.2957e-56 0)
(1.60481e-57 -4.56608e-56 0)
(-1.49473e-57 -3.37117e-56 0)
(-1.70449e-57 -1.84455e-57 0)
(-7.65749e-58 1.62091e-56 0)
(1.02534e-57 2.05202e-56 0)
(1.19129e-57 -1.38336e-56 0)
(-9.75478e-58 -1.43193e-56 0)
(-1.05624e-57 1.47649e-56 0)
(2.62938e-58 1.66216e-56 0)
(7.42571e-58 6.99147e-57 0)
(2.58078e-58 -5.06164e-57 0)
(-1.63297e-58 -4.94911e-58 0)
(2.12873e-60 -3.53671e-58 0)
(4.5169e-58 -7.20072e-58 0)
(-5.41811e-57 -1.47433e-56 0)
(-2.54802e-57 1.47049e-55 0)
(4.66661e-57 5.99265e-56 0)
(2.15779e-57 2.12748e-56 0)
(-7.54293e-58 -2.2493e-57 0)
(-1.29777e-58 4.35609e-56 0)
(2.52109e-57 1.66469e-57 0)
(-1.99702e-57 -3.03795e-56 0)
(-1.77638e-35 2.33573e-36 0)
(-1.01283e-36 3.09565e-37 0)
(-6.4421e-38 1.8315e-38 0)
(-3.37808e-39 1.05187e-39 0)
(-1.87841e-40 5.13459e-41 0)
(-9.10296e-42 2.56261e-42 0)
(-4.53538e-43 1.15332e-43 0)
(-2.04056e-44 5.2332e-45 0)
(-9.25945e-46 2.19544e-46 0)
(-3.88488e-47 9.17736e-48 0)
(-1.62415e-48 3.60472e-49 0)
(-6.38011e-50 1.4001e-50 0)
(-2.47838e-51 5.16749e-52 0)
(-9.1482e-53 1.87693e-53 0)
(-3.32319e-54 6.53002e-55 0)
(-1.15658e-55 2.23924e-56 0)
(-3.95783e-57 1.72218e-57 0)
(-4.91055e-59 4.42775e-58 0)
(4.52572e-59 -1.4781e-57 0)
(-4.65348e-59 -1.09222e-57 0)
(-5.29672e-59 -5.98212e-59 0)
(-2.40344e-59 5.25505e-58 0)
(3.18313e-59 6.6694e-58 0)
(3.72333e-59 -4.47648e-58 0)
(-3.02488e-59 -4.63702e-58 0)
(-3.28105e-59 4.78178e-58 0)
(7.91916e-60 5.38772e-58 0)
(2.33162e-59 2.28614e-58 0)
(8.27822e-60 -1.6599e-58 0)
(-5.31588e-60 -1.63174e-59 0)
(-1.09283e-61 -1.10159e-59 0)
(1.28064e-59 -1.83481e-59 0)
(-1.79179e-58 -4.39787e-58 0)
(-7.90898e-59 5.12331e-57 0)
(1.55794e-58 1.97854e-57 0)
(6.78893e-59 6.94899e-58 0)
(-2.32131e-59 -6.93602e-59 0)
(-3.70385e-60 1.41081e-57 0)
(7.84828e-59 5.3789e-59 0)
(-6.24584e-59 -9.85887e-58 0)
(-5.30506e-35 -2.15481e-36 0)
(-3.02446e-36 -1.29257e-37 0)
(-1.92379e-37 -6.67207e-39 0)
(-1.00873e-38 -3.69141e-40 0)
(-5.60916e-40 -1.78652e-41 0)
(-2.71812e-41 -8.89631e-43 0)
(-1.35424e-42 -4.00174e-44 0)
(-6.0927e-44 -1.81556e-45 0)
(-2.76464e-45 -7.61645e-47 0)
(-1.15987e-46 -3.18385e-48 0)
(-4.84896e-48 -1.2506e-49 0)
(-1.90472e-49 -4.85763e-51 0)
(-7.39871e-51 -1.79294e-52 0)
(-2.73089e-52 -6.51271e-54 0)
(-9.9199e-54 -2.26593e-55 0)
(-3.45138e-55 -7.73243e-57 0)
(-1.17828e-56 -2.23692e-58 0)
(-3.8502e-58 4.8068e-60 0)
(-1.09717e-59 -4.61605e-59 0)
(-1.80552e-60 -3.39313e-59 0)
(-1.62977e-60 -1.86077e-60 0)
(-7.37328e-61 1.63463e-59 0)
(9.71937e-61 2.09512e-59 0)
(1.13981e-60 -1.38663e-59 0)
(-9.23004e-61 -1.43883e-59 0)
(-1.00212e-60 1.48443e-59 0)
(2.38831e-61 1.67537e-59 0)
(7.15151e-61 7.32761e-60 0)
(2.56005e-61 -5.37652e-60 0)
(-1.65566e-61 -5.29337e-61 0)
(-8.78961e-63 -3.31256e-61 0)
(3.51497e-61 -4.25919e-61 0)
(-5.8428e-60 -1.24887e-59 0)
(-2.41451e-60 1.69621e-58 0)
(5.12797e-60 6.25792e-59 0)
(2.10821e-60 2.17696e-59 0)
(-7.02714e-61 -1.85581e-60 0)
(-1.08566e-61 4.38026e-59 0)
(2.39879e-60 1.659e-60 0)
(-1.91324e-60 -3.08117e-59 0)
(1.88529e-35 -4.31579e-36 0)
(1.07467e-36 -3.46095e-37 0)
(6.83381e-38 -1.90593e-38 0)
(3.58299e-39 -1.07422e-39 0)
(1.9921e-40 -5.21992e-41 0)
(9.6532e-42 -2.60208e-42 0)
(4.80924e-43 -1.17051e-43 0)
(2.1637e-44 -5.31035e-45 0)
(9.81809e-46 -2.22735e-46 0)
(4.11926e-47 -9.30985e-48 0)
(1.72216e-48 -3.65621e-49 0)
(6.76523e-50 -1.41999e-50 0)
(2.62806e-51 -5.24024e-52 0)
(9.70104e-53 -1.90322e-53 0)
(3.52416e-54 -6.62068e-55 0)
(1.22625e-55 -2.25989e-56 0)
(4.18663e-57 -7.42156e-58 0)
(1.3777e-58 -2.35361e-59 0)
(4.48027e-60 -2.14713e-60 0)
(9.655e-62 -1.05879e-60 0)
(-4.34409e-62 -5.7525e-62 0)
(-2.17798e-62 4.9963e-61 0)
(2.86098e-62 6.42671e-61 0)
(3.37523e-62 -4.22915e-61 0)
(-2.71365e-62 -4.39224e-61 0)
(-2.95107e-62 4.53194e-61 0)
(6.82961e-63 5.11978e-61 0)
(2.12644e-62 2.2649e-61 0)
(7.75281e-63 -1.66829e-61 0)
(-5.07745e-63 -1.64994e-62 0)
(-4.22196e-64 -9.68362e-63 0)
(9.17402e-63 -8.16543e-63 0)
(-1.82542e-61 -3.43388e-61 0)
(-7.10514e-62 5.53717e-60 0)
(1.61461e-61 1.94845e-60 0)
(6.2962e-62 6.70339e-61 0)
(-2.04976e-62 -5.25958e-62 0)
(-2.92637e-63 1.33736e-60 0)
(7.07793e-62 5.04347e-62 0)
(-5.66939e-62 -9.43298e-61 0)
(5.4172e-35 1.12059e-36 0)
(3.08589e-36 1.61966e-37 0)
(1.96265e-37 9.66286e-39 0)
(1.02852e-38 5.56148e-40 0)
(5.71842e-40 2.7151e-41 0)
(2.76986e-41 1.35508e-42 0)
(1.37982e-42 6.09695e-44 0)
(6.20563e-44 2.7662e-45 0)
(2.81546e-45 1.1602e-46 0)
(1.18086e-46 4.84933e-48 0)
(4.93595e-48 1.90437e-49 0)
(1.93841e-49 7.39596e-51 0)
(7.52847e-51 2.72925e-52 0)
(2.77819e-52 9.9122e-54 0)
(1.00902e-53 3.44799e-55 0)
(3.50995e-55 1.1769e-56 0)
(1.19808e-56 3.86998e-58 0)
(3.93937e-58 1.24745e-59 0)
(1.26886e-59 3.47028e-61 0)
(3.94063e-61 -1.86678e-62 0)
(1.06727e-62 -1.32507e-63 0)
(-2.79386e-64 1.47426e-62 0)
(8.36537e-64 1.91174e-62 0)
(9.78169e-64 -1.24215e-62 0)
(-7.83187e-64 -1.29214e-62 0)
(-8.52609e-64 1.33374e-62 0)
(1.94245e-64 1.50911e-62 0)
(6.17432e-64 6.85425e-63 0)
(2.27201e-64 -5.09359e-63 0)
(-1.49923e-64 -5.04723e-64 0)
(-1.69976e-65 -2.74143e-64 0)
(2.29255e-64 -1.04219e-64 0)
(-5.60484e-63 -8.98434e-63 0)
(-2.05176e-63 1.73153e-61 0)
(4.9953e-63 5.846e-62 0)
(1.85007e-63 1.99064e-62 0)
(-5.8676e-64 -1.30403e-63 0)
(-8.00842e-65 3.93637e-62 0)
(2.04683e-63 1.4732e-63 0)
(-1.64362e-63 -2.7933e-62 0)
(-3.70162e-35 1.56478e-36 0)
(-2.10875e-36 2.64548e-37 0)
(-1.34152e-37 1.60045e-38 0)
(-7.03048e-39 9.24263e-40 0)
(-3.90938e-40 4.51763e-41 0)
(-1.89364e-41 2.25569e-42 0)
(-9.43383e-43 1.01539e-43 0)
(-4.24276e-44 4.60806e-45 0)
(-1.92495e-45 1.93345e-46 0)
(-8.07342e-47 8.08332e-48 0)
(-3.37462e-48 3.17544e-49 0)
(-1.3252e-49 1.23353e-50 0)
(-5.14672e-51 4.55336e-52 0)
(-1.89917e-52 1.65409e-53 0)
(-6.89735e-54 5.75542e-55 0)
(-2.39914e-55 1.96495e-56 0)
(-8.1887e-57 6.46253e-58 0)
(-2.69231e-58 2.08183e-59 0)
(-8.67041e-60 6.47541e-61 0)
(-2.70137e-61 1.88996e-62 0)
(-8.27204e-63 5.36865e-64 0)
(-2.61467e-64 4.42941e-64 0)
(1.60524e-65 5.55639e-64 0)
(2.72934e-65 -3.58294e-64 0)
(-2.18772e-65 -3.73104e-64 0)
(-2.38475e-65 3.85158e-64 0)
(5.28003e-66 4.36253e-64 0)
(1.74233e-65 2.00761e-64 0)
(6.51545e-66 -1.49851e-64 0)
(-4.34682e-66 -1.49078e-65 0)
(-6.11974e-67 -7.53973e-66 0)
(5.39597e-66 1.22036e-66 0)
(-1.65829e-64 -2.25219e-64 0)
(-5.73468e-65 5.32125e-63 0)
(1.4876e-64 1.72246e-63 0)
(5.25382e-65 5.7984e-64 0)
(-1.6252e-65 -3.3713e-65 0)
(-2.03478e-66 1.13684e-63 0)
(5.73546e-65 4.22931e-65 0)
(-4.62401e-65 -8.09352e-64 0)
(-3.85483e-35 -1.37274e-36 0)
(-2.20233e-36 -1.57081e-37 0)
(-1.40215e-37 -9.09855e-39 0)
(-7.36343e-39 -5.18254e-40 0)
(-4.09772e-40 -2.5172e-41 0)
(-1.98809e-41 -1.2512e-42 0)
(-9.912e-43 -5.60898e-44 0)
(-4.46379e-44 -2.53538e-45 0)
(-2.02677e-45 -1.05956e-46 0)
(-8.51022e-47 -4.41223e-48 0)
(-3.55983e-48 -1.72638e-49 0)
(-1.39936e-49 -6.67951e-51 0)
(-5.43869e-51 -2.45569e-52 0)
(-2.00876e-52 -8.88457e-54 0)
(-7.3006e-54 -3.07875e-55 0)
(-2.54159e-55 -1.04677e-56 0)
(-8.681e-57 -3.42839e-58 0)
(-2.85648e-58 -1.09975e-59 0)
(-9.20552e-60 -3.41277e-61 0)
(-2.86994e-61 -1.03848e-62 0)
(-8.75541e-63 -3.06545e-64 0)
(-2.59624e-64 3.1375e-66 0)
(-6.86847e-66 1.54255e-65 0)
(5.44592e-67 -1.00037e-65 0)
(-6.04527e-67 -1.04262e-65 0)
(-6.53688e-67 1.07661e-65 0)
(1.4205e-67 1.22124e-65 0)
(4.80138e-67 5.75353e-66 0)
(1.81322e-67 -4.3275e-66 0)
(-1.21898e-67 -4.31458e-67 0)
(-2.05761e-68 -2.01198e-67 0)
(1.187e-67 1.49299e-67 0)
(-4.81195e-66 -5.32512e-66 0)
(-1.57073e-66 1.57559e-64 0)
(4.3438e-66 4.91147e-65 0)
(1.46494e-66 1.63537e-65 0)
(-4.41119e-67 -7.58961e-67 0)
(-5.19923e-68 3.17821e-65 0)
(1.57352e-66 1.17224e-66 0)
(-1.27206e-66 -2.27547e-65 0)
(1.57247e-35 -1.88156e-36 0)
(8.84594e-37 -1.21061e-37 0)
(5.55476e-38 -6.3011e-39 0)
(2.87616e-39 -3.41652e-40 0)
(1.57883e-40 -1.62131e-41 0)
(7.5561e-42 -7.83513e-43 0)
(3.71602e-43 -3.43438e-44 0)
(1.65088e-44 -1.50658e-45 0)
(7.3928e-46 -6.12844e-47 0)
(3.06172e-47 -2.46694e-48 0)
(1.2628e-48 -9.34421e-50 0)
(4.89456e-50 -3.47706e-51 0)
(1.87499e-51 -1.22946e-52 0)
(6.82525e-53 -4.24989e-54 0)
(2.44382e-54 -1.40498e-55 0)
(8.38037e-56 -4.52448e-57 0)
(2.8184e-57 -1.39889e-58 0)
(9.12923e-59 -4.20002e-60 0)
(2.89493e-60 -1.21267e-61 0)
(8.87789e-62 -3.38858e-63 0)
(2.66263e-63 -9.09699e-65 0)
(7.74488e-65 -2.02139e-66 0)
(2.2196e-66 3.73981e-67 0)
(8.11039e-68 -2.74852e-67 0)
(-1.42626e-68 -2.85576e-67 0)
(-1.73471e-68 2.94893e-67 0)
(3.67539e-69 3.34879e-67 0)
(1.2883e-68 1.60031e-67 0)
(4.93605e-69 -1.20931e-67 0)
(-3.35094e-69 -1.21005e-68 0)
(-6.50516e-70 -5.21333e-69 0)
(2.36651e-69 7.42812e-69 0)
(-1.35111e-67 -1.1794e-67 0)
(-4.17681e-68 4.57525e-66 0)
(1.22641e-67 1.37322e-66 0)
(3.96191e-68 4.51857e-67 0)
(-1.16204e-68 -1.7474e-68 0)
(-1.24068e-69 8.70635e-67 0)
(4.19443e-68 3.18733e-68 0)
(-3.40371e-68 -6.25625e-67 0)
(-1.60757e-36 3.24906e-36 0)
(-1.22377e-37 2.47007e-37 0)
(-1.13257e-38 1.40583e-38 0)
(-7.20268e-40 8.989e-40 0)
(-5.0589e-41 4.71863e-41 0)
(-2.84598e-42 2.6331e-42 0)
(-1.67983e-43 1.2776e-43 0)
(-8.55052e-45 6.38009e-45 0)
(-4.43487e-46 2.87364e-46 0)
(-2.06906e-47 1.30603e-47 0)
(-9.66715e-49 5.48447e-49 0)
(-4.17057e-50 2.29545e-50 0)
(-1.7831e-51 9.02355e-52 0)
(-7.16075e-53 3.50806e-53 0)
(-2.8318e-54 1.29561e-54 0)
(-1.06414e-55 4.70919e-56 0)
(-3.92281e-57 1.6392e-57 0)
(-1.38524e-58 5.59859e-59 0)
(-4.78802e-60 1.84183e-60 0)
(-1.59439e-61 5.93476e-62 0)
(-5.19061e-63 1.84974e-63 0)
(-1.63472e-64 5.64199e-65 0)
(-5.03001e-66 1.68084e-66 0)
(-1.49678e-67 4.10468e-68 0)
(-4.79561e-69 -6.23216e-69 0)
(-5.77373e-70 7.8796e-69 0)
(9.02879e-71 8.91925e-69 0)
(3.37548e-70 4.35383e-69 0)
(1.30682e-70 -3.31237e-69 0)
(-8.939e-71 -3.32226e-70 0)
(-1.96762e-71 -1.31191e-70 0)
(4.01094e-71 2.85224e-70 0)
(-3.71606e-69 -2.37894e-69 0)
(-1.08755e-69 1.28547e-67 0)
(3.39094e-69 3.72746e-68 0)
(1.05074e-69 1.21244e-68 0)
(-2.99719e-70 -3.37886e-70 0)
(-2.95156e-71 2.31566e-68 0)
(1.0941e-69 8.39688e-70 0)
(-8.90418e-70 -1.67297e-68 0)
(-3.89744e-35 -2.70371e-38 0)
(-2.49607e-36 7.11637e-39 0)
(-2.03062e-37 5.02917e-40 0)
(-1.18651e-38 3.00811e-41 0)
(-7.85451e-40 1.50456e-42 0)
(-4.19779e-41 7.56508e-44 0)
(-2.39335e-42 3.4498e-45 0)
(-1.17673e-43 1.57399e-46 0)
(-5.96285e-45 6.67202e-48 0)
(-2.71294e-46 2.80386e-49 0)
(-1.24607e-47 1.11095e-50 0)
(-5.27417e-49 4.33737e-52 0)
(-2.22507e-50 1.61295e-53 0)
(-8.80232e-52 5.88797e-55 0)
(-3.44335e-53 2.06214e-56 0)
(-1.27827e-54 7.0736e-58 0)
(-4.66931e-56 2.34012e-59 0)
(-1.63224e-57 7.57273e-61 0)
(-5.59751e-59 2.37248e-62 0)
(-1.84804e-60 7.26592e-64 0)
(-5.97492e-62 2.16045e-65 0)
(-1.86787e-63 6.28048e-67 0)
(-5.71266e-65 1.80544e-68 0)
(-1.69476e-66 3.01696e-70 0)
(-4.91754e-68 -1.84449e-70 0)
(-1.39829e-69 2.04548e-70 0)
(-3.59362e-71 2.32496e-70 0)
(7.60083e-72 1.15207e-70 0)
(3.35703e-72 -8.80678e-71 0)
(-2.33592e-72 -8.86267e-72 0)
(-5.69246e-73 -3.20373e-72 0)
(4.57397e-73 9.81465e-72 0)
(-9.92023e-71 -4.13106e-71 0)
(-2.75538e-71 3.53761e-69 0)
(9.09518e-71 9.91211e-70 0)
(2.71005e-71 3.18486e-70 0)
(-7.51984e-72 -6.34006e-72 0)
(-6.56847e-73 6.03044e-70 0)
(2.77858e-71 2.16748e-71 0)
(-2.26956e-71 -4.37405e-70 0)
(-4.46524e-36 -3.13377e-36 0)
(-2.90743e-37 -1.51303e-37 0)
(-2.20835e-38 -7.90948e-39 0)
(-1.29703e-39 -5.38806e-40 0)
(-8.28295e-41 -2.95556e-41 0)
(-4.43412e-42 -1.7526e-42 0)
(-2.4754e-43 -8.81658e-44 0)
(-1.21758e-44 -4.58422e-45 0)
(-6.08884e-46 -2.12089e-46 0)
(-2.77022e-47 -9.91508e-48 0)
(-1.2614e-48 -4.24999e-49 0)
(-5.3383e-50 -1.81618e-50 0)
(-2.23905e-51 -7.25579e-52 0)
(-8.85642e-53 -2.86624e-53 0)
(-3.45084e-54 -1.07245e-54 0)
(-1.28096e-55 -3.94772e-56 0)
(-4.6666e-57 -1.38892e-57 0)
(-1.63132e-58 -4.7928e-59 0)
(-5.58438e-60 -1.59088e-60 0)
(-1.8439e-61 -5.16999e-62 0)
(-5.95478e-63 -1.62359e-63 0)
(-1.86195e-64 -4.98706e-65 0)
(-5.6908e-66 -1.48527e-66 0)
(-1.68877e-67 -4.32516e-68 0)
(-4.89787e-69 -1.22899e-69 0)
(-1.38484e-70 -2.86891e-71 0)
(-3.75518e-72 4.98642e-72 0)
(1.13011e-73 2.95745e-72 0)
(8.26754e-74 -2.29367e-72 0)
(-5.94119e-74 -2.31356e-73 0)
(-1.59022e-74 -7.59849e-74 0)
(-3.11124e-75 3.09019e-73 0)
(-2.59223e-72 -5.10925e-73 0)
(-6.83272e-73 9.44886e-71 0)
(2.38738e-72 2.56495e-71 0)
(6.84914e-73 8.14231e-72 0)
(-1.84638e-73 -7.9925e-74 0)
(-1.44319e-74 1.5282e-71 0)
(6.90356e-73 5.43524e-73 0)
(-5.65593e-73 -1.11421e-71 0)
(-2.07677e-35 -3.51901e-37 0)
(-1.19103e-36 -1.80377e-38 0)
(-7.6441e-38 -9.65041e-40 0)
(-4.03326e-39 -6.18402e-41 0)
(-2.26181e-40 -3.35558e-42 0)
(-1.1032e-41 -1.91632e-43 0)
(-5.54125e-43 -9.56761e-45 0)
(-2.5098e-44 -4.86561e-46 0)
(-1.14787e-45 -2.23985e-47 0)
(-4.84905e-47 -1.03261e-48 0)
(-2.04294e-48 -4.41104e-50 0)
(-8.0814e-50 -1.86778e-51 0)
(-3.16324e-51 -7.44408e-53 0)
(-1.17593e-52 -2.92245e-54 0)
(-4.3041e-54 -1.09164e-55 0)
(-1.50839e-55 -4.00132e-57 0)
(-5.18861e-57 -1.40614e-58 0)
(-1.71893e-58 -4.8381e-60 0)
(-5.57905e-60 -1.60467e-61 0)
(-1.75139e-61 -5.20453e-63 0)
(-5.38074e-63 -1.63366e-64 0)
(-1.60394e-64 -5.01152e-66 0)
(-4.67669e-66 -1.4922e-67 0)
(-1.32616e-67 -4.34156e-69 0)
(-3.67765e-69 -1.22992e-70 0)
(-9.93686e-71 -3.26958e-72 0)
(-2.62407e-72 5.48987e-74 0)
(-6.24238e-74 7.27593e-74 0)
(4.00018e-76 -5.81508e-74 0)
(-1.51806e-75 -5.88065e-75 0)
(-4.29309e-76 -1.74708e-75 0)
(-4.34647e-76 9.21568e-75 0)
(-6.58975e-74 1.19042e-75 0)
(-1.65146e-74 2.47028e-72 0)
(6.09386e-74 6.49928e-73 0)
(1.68672e-74 2.03718e-73 0)
(-4.4174e-75 -3.53291e-76 0)
(-2.95143e-76 3.79026e-73 0)
(1.6725e-74 1.33448e-74 0)
(-1.37511e-74 -2.77515e-73 0)
(-1.57312e-36 -1.13859e-36 0)
(-9.3749e-38 -7.22616e-38 0)
(-6.06595e-39 -3.80046e-39 0)
(-3.28137e-40 -2.12857e-40 0)
(-1.8521e-41 -1.03759e-41 0)
(-9.19185e-43 -5.20993e-43 0)
(-4.64157e-44 -2.35907e-44 0)
(-2.12907e-45 -1.07874e-45 0)
(-9.78096e-47 -4.55621e-47 0)
(-4.17132e-48 -1.91936e-48 0)
(-1.76407e-49 -7.5918e-50 0)
(-7.02941e-51 -2.97147e-51 0)
(-2.7604e-52 -1.10458e-52 0)
(-1.03204e-53 -4.04294e-54 0)
(-3.78792e-55 -1.41685e-55 0)
(-1.33346e-56 -4.87384e-57 0)
(-4.59776e-58 -1.61468e-58 0)
(-1.5286e-59 -5.24094e-60 0)
(-4.97125e-61 -1.64533e-61 0)
(-1.56497e-62 -5.0552e-63 0)
(-4.81604e-64 -1.50699e-64 0)
(-1.43877e-65 -4.39436e-66 0)
(-4.20079e-67 -1.24619e-67 0)
(-1.19323e-68 -3.4562e-69 0)
(-3.31254e-70 -9.339e-71 0)
(-8.96119e-72 -2.46465e-72 0)
(-2.36928e-73 -6.00725e-74 0)
(-5.98838e-75 2.49528e-76 0)
(-1.03522e-76 -1.47991e-75 0)
(-3.9576e-77 -1.47115e-76 0)
(-1.12814e-77 -3.8996e-77 0)
(-1.91344e-77 2.6045e-76 0)
(-1.63917e-75 3.73298e-76 0)
(-3.90611e-76 6.28253e-74 0)
(1.52174e-75 1.60536e-74 0)
(4.06865e-76 4.96877e-75 0)
(-1.03403e-76 3.87942e-77 0)
(-5.86809e-78 9.16306e-75 0)
(3.96396e-76 3.18925e-76 0)
(-3.2693e-76 -6.74314e-75 0)
(-2.17672e-37 -9.03289e-38 0)
(-1.32064e-38 -5.7962e-39 0)
(-8.76573e-40 -3.1283e-40 0)
(-4.77823e-41 -1.76407e-41 0)
(-2.72452e-42 -8.75188e-43 0)
(-1.35437e-43 -4.41816e-44 0)
(-6.85459e-45 -2.02623e-45 0)
(-3.13731e-46 -9.30672e-47 0)
(-1.43798e-47 -3.96849e-48 0)
(-6.10348e-49 -1.67805e-49 0)
(-2.56794e-50 -6.68582e-51 0)
(-1.01654e-51 -2.62516e-52 0)
(-3.96381e-53 -9.81373e-54 0)
(-1.47023e-54 -3.60162e-55 0)
(-5.35107e-56 -1.26776e-56 0)
(-1.86691e-57 -4.37087e-58 0)
(-6.37684e-59 -1.45306e-59 0)
(-2.09944e-60 -4.72524e-61 0)
(-6.7587e-62 -1.48743e-62 0)
(-2.10559e-63 -4.57713e-64 0)
(-6.41037e-65 -1.36732e-65 0)
(-1.89418e-66 -3.99196e-67 0)
(-5.46861e-68 -1.13385e-68 0)
(-1.53572e-69 -3.14755e-70 0)
(-4.21395e-71 -8.5144e-72 0)
(-1.12659e-72 -2.25063e-73 0)
(-2.94347e-74 -5.72428e-75 0)
(-7.47368e-76 -1.01921e-76 0)
(-1.75014e-77 -3.84197e-77 0)
(-1.30346e-78 -3.63014e-78 0)
(-2.94066e-79 -8.43218e-79 0)
(-6.52661e-79 7.08055e-78 0)
(-3.97344e-77 1.73158e-77 0)
(-9.01637e-78 1.5634e-75 0)
(3.70197e-77 3.88202e-76 0)
(9.57736e-78 1.18589e-76 0)
(-2.36145e-78 1.89012e-78 0)
(-1.06283e-79 2.16772e-76 0)
(9.17138e-78 7.45956e-78 0)
(-7.59057e-78 -1.60227e-76 0)
(9.47375e-41 -2.56484e-38 0)
(2.9815e-42 -1.68878e-39 0)
(-1.03015e-43 -9.17196e-41 0)
(-1.55362e-44 -5.21407e-42 0)
(-1.65267e-45 -2.58574e-43 0)
(-1.0909e-46 -1.30548e-44 0)
(-7.17625e-48 -5.96212e-46 0)
(-3.87878e-49 -2.72661e-47 0)
(-2.08607e-50 -1.15491e-48 0)
(-9.95721e-52 -4.84881e-50 0)
(-4.69058e-53 -1.91562e-51 0)
(-2.0327e-54 -7.45445e-53 0)
(-8.64419e-56 -2.7596e-54 0)
(-3.45078e-57 -1.00242e-55 0)
(-1.3472e-58 -3.49064e-57 0)
(-4.99971e-60 -1.19003e-58 0)
(-1.81123e-61 -3.9106e-60 0)
(-6.28906e-63 -1.25657e-61 0)
(-2.1298e-64 -3.90747e-63 0)
(-6.95234e-66 -1.18741e-64 0)
(-2.21286e-67 -3.50225e-66 0)
(-6.81627e-69 -1.00927e-67 0)
(-2.04747e-70 -2.82914e-69 0)
(-5.96911e-72 -7.74894e-71 0)
(-1.69753e-73 -2.06793e-72 0)
(-4.6954e-75 -5.39311e-74 0)
(-1.26725e-76 -1.37028e-75 0)
(-3.26642e-78 -3.3081e-77 0)
(-5.81251e-80 -1.65225e-78 0)
(-2.17821e-80 -1.03713e-79 0)
(-7.02477e-81 -1.80272e-80 0)
(-1.9691e-80 1.84887e-79 0)
(-9.42362e-79 6.01699e-79 0)
(-2.03664e-79 3.79119e-77 0)
(8.80963e-79 9.16298e-78 0)
(2.20779e-79 2.76258e-78 0)
(-5.27611e-80 6.92145e-80 0)
(-1.79636e-81 5.00486e-78 0)
(2.07609e-79 1.70081e-79 0)
(-1.72374e-79 -3.71793e-78 0)
(2.24057e-37 -8.28954e-38 0)
(1.35254e-38 -5.24609e-39 0)
(8.92959e-40 -2.81061e-40 0)
(4.84554e-41 -1.56963e-41 0)
(2.74976e-42 -7.73991e-43 0)
(1.36114e-43 -3.87764e-44 0)
(6.85852e-45 -1.76878e-45 0)
(3.12644e-46 -8.07263e-47 0)
(1.42702e-47 -3.42539e-48 0)
(6.03327e-49 -1.44037e-49 0)
(2.52823e-50 -5.7126e-51 0)
(9.96992e-52 -2.23181e-52 0)
(3.87243e-53 -8.30714e-54 0)
(1.43093e-54 -3.03463e-55 0)
(5.18816e-56 -1.06375e-56 0)
(1.80333e-57 -3.65155e-58 0)
(6.13653e-59 -1.20904e-59 0)
(2.01286e-60 -3.91541e-61 0)
(6.45587e-62 -1.22766e-62 0)
(2.00385e-63 -3.76263e-64 0)
(6.07811e-65 -1.11966e-65 0)
(1.78942e-66 -3.25611e-67 0)
(5.14712e-68 -9.21317e-69 0)
(1.44015e-69 -2.5477e-70 0)
(3.93715e-71 -6.86559e-72 0)
(1.04873e-72 -1.80847e-73 0)
(2.73001e-74 -4.64795e-75 0)
(6.93292e-76 -1.16773e-76 0)
(1.72116e-77 -2.88533e-78 0)
(4.16777e-79 -7.07397e-80 0)
(9.72326e-81 -1.9674e-81 0)
(-3.18331e-82 4.6379e-81 0)
(-2.18027e-80 1.83372e-80 0)
(-4.49376e-81 8.99449e-79 0)
(2.04512e-80 2.11726e-79 0)
(4.97209e-81 6.29754e-80 0)
(-1.15115e-81 2.0899e-81 0)
(-2.50363e-83 1.13075e-79 0)
(4.59174e-81 3.79449e-81 0)
(-3.82564e-81 -8.43834e-80 0)
(1.4551e-36 -1.11581e-36 0)
(8.59513e-38 -7.00359e-38 0)
(5.48838e-39 -3.64886e-39 0)
(2.94765e-40 -2.02403e-40 0)
(1.64765e-41 -9.78087e-42 0)
(8.12714e-43 -4.867e-43 0)
(4.07246e-44 -2.18543e-44 0)
(1.85788e-45 -9.90746e-46 0)
(8.48025e-47 -4.15054e-47 0)
(3.59866e-48 -1.7339e-48 0)
(1.51336e-49 -6.80332e-50 0)
(6.00248e-51 -2.64113e-51 0)
(2.34522e-52 -9.74007e-53 0)
(8.72971e-54 -3.53636e-54 0)
(3.18916e-55 -1.22955e-55 0)
(1.11796e-56 -4.19585e-57 0)
(3.83781e-58 -1.37913e-58 0)
(1.27075e-59 -4.44088e-60 0)
(4.11539e-61 -1.38317e-61 0)
(1.2904e-62 -4.21607e-63 0)
(3.95502e-64 -1.24691e-64 0)
(1.17694e-65 -3.60705e-66 0)
(3.42276e-67 -1.01479e-67 0)
(9.68488e-69 -2.79192e-69 0)
(2.67819e-70 -7.48335e-71 0)
(7.21735e-72 -1.96153e-72 0)
(1.90116e-73 -5.01578e-74 0)
(4.88627e-75 -1.25442e-75 0)
(1.22786e-76 -3.06366e-77 0)
(3.01334e-78 -7.31975e-79 0)
(7.23201e-80 -1.70965e-80 0)
(1.68217e-81 -2.76116e-82 0)
(-4.54841e-82 5.04146e-82 0)
(-9.61665e-83 2.08212e-80 0)
(4.64459e-82 4.7801e-81 0)
(1.09653e-82 1.40252e-81 0)
(-2.45724e-83 5.88627e-83 0)
(-2.41837e-85 2.49563e-81 0)
(9.93747e-83 8.26118e-83 0)
(-8.3065e-83 -1.87171e-81 0)
(2.05532e-35 1.38977e-36 0)
(1.16681e-36 9.62166e-38 0)
(7.41142e-38 5.17416e-39 0)
(3.87483e-39 2.89832e-40 0)
(2.15237e-40 1.41152e-41 0)
(1.04081e-41 7.04353e-43 0)
(5.18124e-43 3.17778e-44 0)
(2.32734e-44 1.44355e-45 0)
(1.05534e-45 6.06934e-47 0)
(4.42216e-47 2.53988e-48 0)
(1.84766e-48 9.99442e-50 0)
(7.25084e-50 3.88586e-51 0)
(2.81514e-51 1.43639e-52 0)
(1.03829e-52 5.22217e-54 0)
(3.76994e-54 1.81918e-55 0)
(1.31084e-55 6.2155e-57 0)
(4.47337e-57 2.04627e-58 0)
(1.47039e-58 6.59631e-60 0)
(4.73473e-60 2.05734e-61 0)
(1.4747e-61 6.27721e-63 0)
(4.49495e-63 1.8587e-64 0)
(1.32936e-64 5.38169e-66 0)
(3.84543e-66 1.51562e-67 0)
(1.08181e-67 4.17328e-69 0)
(2.97617e-69 1.11961e-70 0)
(7.97681e-71 2.93695e-72 0)
(2.09075e-72 7.51609e-74 0)
(5.34587e-74 1.88105e-75 0)
(1.33688e-75 4.59737e-77 0)
(3.26478e-77 1.09907e-78 0)
(7.79932e-79 2.56788e-80 0)
(1.82086e-80 5.89718e-82 0)
(4.05041e-82 2.66268e-83 0)
(7.24354e-84 4.71862e-82 0)
(1.05028e-83 1.05659e-82 0)
(2.36875e-84 3.05692e-83 0)
(-5.12472e-85 1.53059e-84 0)
(1.63022e-87 5.39029e-83 0)
(2.10273e-84 1.75972e-84 0)
(-1.76367e-84 -4.06171e-83 0)
(-2.69262e-35 2.96992e-36 0)
(-1.54423e-36 2.79059e-37 0)
(-9.83966e-38 1.57843e-38 0)
(-5.18032e-39 8.96037e-40 0)
(-2.88454e-40 4.36103e-41 0)
(-1.40192e-41 2.17483e-42 0)
(-6.99261e-43 9.7838e-44 0)
(-3.15294e-44 4.43875e-45 0)
(-1.43205e-45 1.86172e-46 0)
(-6.0184e-47 7.78144e-48 0)
(-2.51813e-48 3.05586e-49 0)
(-9.90508e-50 1.18679e-50 0)
(-3.85036e-51 4.37949e-52 0)
(-1.42277e-52 1.59055e-53 0)
(-5.17156e-54 5.53275e-55 0)
(-1.80098e-55 1.88848e-56 0)
(-6.15191e-57 6.20935e-58 0)
(-2.02473e-58 1.99977e-59 0)
(-6.52533e-60 6.23009e-61 0)
(-2.03463e-61 1.8992e-62 0)
(-6.20642e-63 5.61786e-64 0)
(-1.83724e-64 1.62524e-65 0)
(-5.31827e-66 4.57284e-67 0)
(-1.49737e-67 1.25813e-68 0)
(-4.12201e-69 3.37242e-70 0)
(-1.10557e-70 8.83976e-72 0)
(-2.89943e-72 2.26042e-73 0)
(-7.41821e-74 5.65304e-75 0)
(-1.85611e-75 1.38059e-76 0)
(-4.5353e-77 3.29822e-78 0)
(-1.08398e-78 7.70055e-80 0)
(-2.53201e-80 1.75918e-81 0)
(-5.78901e-82 3.96348e-83 0)
(-1.29747e-83 1.12906e-83 0)
(-5.93771e-86 2.30175e-84 0)
(4.38758e-86 6.5178e-85 0)
(-1.05877e-86 3.81737e-86 0)
(1.65963e-88 1.13813e-84 0)
(4.3544e-86 3.66091e-86 0)
(-3.66441e-86 -8.61908e-85 0)
(-6.90653e-35 -2.80094e-37 0)
(-3.9403e-36 -1.30117e-37 0)
(-2.50749e-37 -8.28837e-39 0)
(-1.31541e-38 -4.84553e-40 0)
(-7.31647e-40 -2.37657e-41 0)
(-3.54657e-41 -1.18771e-42 0)
(-1.76728e-42 -5.35022e-44 0)
(-7.9526e-44 -2.42854e-45 0)
(-3.60892e-45 -1.01938e-46 0)
(-1.51428e-46 -4.26227e-48 0)
(-6.33085e-48 -1.67485e-49 0)
(-2.487e-49 -6.50662e-51 0)
(-9.66062e-51 -2.40226e-52 0)
(-3.56588e-52 -8.727e-54 0)
(-1.29528e-53 -3.03694e-55 0)
(-4.50657e-55 -1.03685e-56 0)
(-1.53843e-56 -3.41035e-58 0)
(-5.05922e-58 -1.09858e-59 0)
(-1.62955e-59 -3.42352e-61 0)
(-5.07738e-61 -1.04385e-62 0)
(-1.54795e-62 -3.08851e-64 0)
(-4.57936e-64 -8.93669e-66 0)
(-1.32491e-65 -2.51501e-67 0)
(-3.72815e-67 -6.92079e-69 0)
(-1.0258e-68 -1.85548e-70 0)
(-2.74986e-70 -4.86434e-72 0)
(-7.20831e-72 -1.24408e-73 0)
(-1.84335e-73 -3.11174e-75 0)
(-4.61021e-75 -7.6007e-77 0)
(-1.12596e-76 -1.81605e-78 0)
(-2.69002e-78 -4.24063e-80 0)
(-6.2808e-80 -9.68851e-82 0)
(-1.43484e-81 -2.16377e-83 0)
(-3.20544e-83 -2.47491e-85 0)
(-6.96033e-85 3.81932e-86 0)
(-1.39573e-86 1.33743e-86 0)
(-5.22548e-88 9.01068e-88 0)
(-1.62748e-91 2.35202e-86 0)
(8.81935e-88 7.45132e-88 0)
(-7.44855e-88 -1.7898e-86 0)
(2.1669e-35 -1.88423e-36 0)
(1.23228e-36 -3.32115e-37 0)
(7.83562e-38 -2.01726e-38 0)
(4.10135e-39 -1.16614e-39 0)
(2.27967e-40 -5.70292e-41 0)
(1.10323e-41 -2.84781e-42 0)
(5.49413e-43 -1.2822e-43 0)
(2.46918e-44 -5.819e-45 0)
(1.11991e-45 -2.44182e-46 0)
(4.69436e-47 -1.02085e-47 0)
(1.96163e-48 -4.0105e-49 0)
(7.69967e-50 -1.55785e-50 0)
(2.98953e-51 -5.75058e-52 0)
(1.10272e-52 -2.08887e-53 0)
(4.00384e-54 -7.26805e-55 0)
(1.39221e-55 -2.48118e-56 0)
(4.75076e-57 -8.15991e-58 0)
(1.56152e-58 -2.62834e-59 0)
(5.02769e-60 -8.18984e-61 0)
(1.56583e-61 -2.49695e-62 0)
(4.77212e-63 -7.38716e-64 0)
(1.41118e-64 -2.13735e-65 0)
(4.08149e-66 -6.01456e-67 0)
(1.14806e-67 -1.65497e-68 0)
(3.1579e-69 -4.43671e-70 0)
(8.46252e-71 -1.16306e-71 0)
(2.21765e-72 -2.9744e-73 0)
(5.66934e-74 -7.4393e-75 0)
(1.4175e-75 -1.81701e-76 0)
(3.46098e-77 -4.34119e-78 0)
(8.26632e-79 -1.01365e-79 0)
(1.92953e-80 -2.31578e-81 0)
(4.40682e-82 -5.17359e-83 0)
(9.84208e-84 -1.12636e-84 0)
(2.15218e-85 -2.31947e-86 0)
(4.62091e-87 -2.29391e-88 0)
(9.22102e-89 1.03962e-89 0)
(2.15221e-90 4.7521e-88 0)
(1.75293e-89 1.48168e-89 0)
(-1.48181e-89 -3.636e-88 0)
(4.77613e-35 1.3696e-36 0)
(2.72814e-36 6.85941e-38 0)
(1.73643e-37 3.32256e-39 0)
(9.11685e-39 1.80097e-40 0)
(5.07201e-40 8.62419e-42 0)
(2.46016e-41 4.27928e-43 0)
(1.22619e-42 1.91488e-44 0)
(5.52053e-44 8.66734e-46 0)
(2.5058e-45 3.62119e-47 0)
(1.05186e-46 1.51046e-48 0)
(4.39855e-48 5.91256e-50 0)
(1.72854e-49 2.29182e-51 0)
(6.71588e-51 8.43381e-53 0)
(2.47971e-52 3.05742e-54 0)
(9.00926e-54 1.06094e-55 0)
(3.13542e-55 3.61498e-57 0)
(1.07057e-56 1.18603e-58 0)
(3.52154e-58 3.81334e-60 0)
(1.1345e-59 1.18567e-61 0)
(3.53574e-61 3.60866e-63 0)
(1.07816e-62 1.06551e-64 0)
(3.19027e-64 3.07776e-66 0)
(9.23191e-66 8.64513e-68 0)
(2.5983e-67 2.37502e-69 0)
(7.15056e-69 6.35618e-71 0)
(1.91723e-70 1.66369e-72 0)
(5.02663e-72 4.24786e-74 0)
(1.28568e-73 1.06086e-75 0)
(3.21606e-75 2.58715e-77 0)
(7.8561e-77 6.17235e-79 0)
(1.87722e-78 1.43912e-80 0)
(4.3838e-80 3.28323e-82 0)
(1.00164e-81 7.32471e-84 0)
(2.238e-83 1.60027e-85 0)
(4.89366e-85 3.43652e-87 0)
(1.04691e-86 7.69702e-89 0)
(2.19137e-88 1.92106e-90 0)
(4.49709e-90 9.43602e-90 0)
(4.29488e-91 2.88991e-91 0)
(-2.86742e-91 -7.22982e-90 0)
(3.49248e-36 2.54582e-36 0)
(2.07828e-37 1.59114e-37 0)
(1.33633e-38 8.28963e-39 0)
(7.21056e-40 4.58877e-40 0)
(4.04598e-41 2.21748e-41 0)
(2.00153e-42 1.10184e-42 0)
(1.0051e-43 4.94682e-44 0)
(4.5935e-45 2.2401e-45 0)
(2.09907e-46 9.38188e-47 0)
(8.91659e-48 3.9157e-48 0)
(3.75159e-49 1.53588e-49 0)
(1.48871e-50 5.95777e-51 0)
(5.817e-52 2.19626e-52 0)
(2.16548e-53 7.96849e-54 0)
(7.90932e-55 2.76937e-55 0)
(2.77209e-56 9.44453e-57 0)
(9.51227e-58 3.10294e-58 0)
(3.14841e-59 9.98578e-60 0)
(1.01905e-60 3.10881e-61 0)
(3.19355e-62 9.47073e-63 0)
(9.78147e-64 2.7997e-64 0)
(2.90887e-65 8.09467e-66 0)
(8.45315e-67 2.27626e-67 0)
(2.39009e-68 6.25933e-69 0)
(6.60404e-70 1.67695e-70 0)
(1.77827e-71 4.39345e-72 0)
(4.68024e-73 1.12292e-73 0)
(1.20188e-74 2.80702e-75 0)
(3.01752e-76 6.85232e-77 0)
(7.39893e-78 1.63633e-78 0)
(1.77424e-79 3.81888e-80 0)
(4.15817e-81 8.72043e-82 0)
(9.53327e-83 1.94731e-83 0)
(2.13735e-84 4.25565e-85 0)
(4.68894e-86 9.09929e-87 0)
(1.00638e-87 1.90539e-88 0)
(2.1139e-89 3.91061e-90 0)
(4.34721e-91 2.63804e-91 0)
(1.51299e-92 7.13083e-93 0)
(-5.19481e-93 -1.4251e-91 0)
)
;

boundaryField
{
    leftWall
    {
        type            fixedValue;
        value           nonuniform 0();
    }
    rightWall
    {
        type            fixedValue;
        value           uniform (0 0 0);
    }
    lowerWall
    {
        type            fixedValue;
        value           nonuniform 0();
    }
    atmosphere
    {
        type            pressureInletOutletVelocity;
        value           nonuniform List<vector> 
45
(
(1.19494e-33 9.43146e-31 0)
(4.76998e-32 7.68835e-32 0)
(4.53484e-33 8.10198e-33 0)
(5.72922e-34 5.35963e-34 0)
(4.31265e-35 4.40323e-35 0)
(3.49248e-36 2.54582e-36 0)
(2.07828e-37 1.59114e-37 0)
(1.33633e-38 8.28963e-39 0)
(7.21056e-40 4.58877e-40 0)
(4.04598e-41 2.21748e-41 0)
(2.00153e-42 1.10184e-42 0)
(1.0051e-43 4.94682e-44 0)
(4.5935e-45 2.2401e-45 0)
(2.09907e-46 9.38188e-47 0)
(8.91659e-48 3.9157e-48 0)
(3.75159e-49 1.53588e-49 0)
(1.48871e-50 5.95777e-51 0)
(5.817e-52 2.19626e-52 0)
(2.16548e-53 7.96849e-54 0)
(7.90932e-55 2.76937e-55 0)
(2.77209e-56 9.44453e-57 0)
(9.51227e-58 3.10294e-58 0)
(3.14841e-59 9.98578e-60 0)
(1.01905e-60 3.10881e-61 0)
(3.19355e-62 9.47073e-63 0)
(9.78147e-64 2.7997e-64 0)
(2.90887e-65 8.09467e-66 0)
(8.45315e-67 2.27626e-67 0)
(2.39009e-68 6.25933e-69 0)
(6.60404e-70 1.67695e-70 0)
(1.77827e-71 4.39345e-72 0)
(4.68024e-73 1.12292e-73 0)
(1.20188e-74 2.80702e-75 0)
(3.01752e-76 6.85232e-77 0)
(7.39893e-78 1.63633e-78 0)
(1.77424e-79 3.81888e-80 0)
(4.15817e-81 8.72043e-82 0)
(9.53327e-83 1.94731e-83 0)
(2.13735e-84 4.25565e-85 0)
(4.68894e-86 9.09929e-87 0)
(1.00638e-87 1.90539e-88 0)
(2.1139e-89 3.91061e-90 0)
(4.34721e-91 2.63804e-91 0)
(1.51299e-92 7.13083e-93 0)
(0 -1.4251e-91 0)
)
;
    }
    defaultFaces
    {
        type            empty;
    }
    procBoundary3to1
    {
        type            processor;
        value           nonuniform List<vector> 
45
(
(9.85128e-37 7.06829e-37 0)
(1.18247e-35 1.13913e-35 0)
(1.60109e-34 1.32525e-34 0)
(1.39811e-33 1.88827e-33 0)
(1.73195e-32 1.57467e-32 0)
(9.4465e-32 2.07925e-31 0)
(1.25207e-30 1.82393e-31 0)
(1.17337e-30 -4.06138e-31 0)
(-1.17212e-30 -4.04678e-31 0)
(-1.23577e-30 1.96709e-31 0)
(1.12707e-33 4.17489e-31 0)
(1.25217e-30 2.10894e-31 0)
(1.26723e-30 -1.95164e-31 0)
(9.49791e-32 -2.09428e-31 0)
(1.62832e-32 -1.42704e-32 0)
(1.12642e-33 -1.55205e-33 0)
(1.16061e-34 -9.38466e-35 0)
(-6.8497e-36 -2.13917e-35 0)
(-2.26408e-34 -1.7929e-34 0)
(-2.13628e-33 -3.01133e-33 0)
(-3.14467e-32 -2.69955e-32 0)
(-1.73784e-31 -4.04671e-31 0)
(-2.44047e-30 -1.82346e-31 0)
(-1.25205e-30 6.04406e-31 0)
(1.17328e-30 4.31874e-31 0)
(1.33115e-30 1.64332e-32 0)
(1.28611e-30 -1.87818e-31 0)
(1.12279e-31 1.9032e-31 0)
(1.08887e-31 2.13676e-31 0)
(1.26933e-30 1.95761e-31 0)
(1.26859e-30 -1.96206e-31 0)
(9.75358e-32 -1.91613e-31 0)
(1.36891e-32 3.5414e-31 0)
(-1.46118e-33 -3.69956e-31 0)
(2.7861e-33 -1.78224e-32 0)
(2.42666e-33 2.51136e-33 0)
(3.26824e-32 2.8523e-32 0)
(1.92112e-31 4.18948e-31 0)
(2.52244e-30 4.01413e-31 0)
(2.46927e-30 -5.75605e-31 0)
(-9.18129e-31 -2.06692e-31 0)
(1.1107e-30 5.29444e-31 0)
(-9.56498e-32 -5.62518e-31 0)
(-2.36449e-30 -3.10675e-32 0)
(-1.64295e-31 -1.46576e-32 0)
)
;
    }
    procBoundary3to2
    {
        type            processor;
        value           nonuniform List<vector> 
43
(
(7.84879e-37 2.04197e-40 0)
(6.20324e-38 -4.74415e-38 0)
(8.55907e-39 -8.94708e-39 0)
(-5.51516e-39 -1.01562e-37 0)
(-1.40181e-37 -1.3161e-36 0)
(-2.90019e-36 -2.42814e-35 0)
(-8.22944e-35 -2.21477e-34 0)
(-1.80844e-33 -3.74066e-33 0)
(-3.03145e-32 -1.26924e-33 0)
(-1.69875e-32 -1.73305e-32 0)
(-2.60851e-31 -1.10764e-31 0)
(2.07645e-32 -1.84095e-30 0)
(5.30692e-31 3.81697e-32 0)
(1.03243e-32 1.88173e-30 0)
(-2.66468e-31 1.14001e-31 0)
(-1.55384e-32 2.15414e-32 0)
(1.09397e-34 2.59779e-33 0)
(1.5433e-32 2.2652e-32 0)
(2.81026e-31 1.01932e-31 0)
(-3.4958e-31 1.96878e-30 0)
(-9.18362e-31 -2.35764e-30 0)
(3.12343e-31 -4.46324e-30 0)
(9.33318e-31 -1.79265e-31 0)
(-3.32086e-31 2.05139e-30 0)
(-9.57278e-31 -2.48767e-30 0)
(6.5372e-31 -4.63769e-30 0)
(6.70057e-31 2.09537e-30 0)
(-2.95959e-31 5.48134e-32 0)
(-3.86938e-32 2.18829e-32 0)
(-4.01919e-31 -1.84765e-31 0)
(2.24479e-33 -2.509e-30 0)
(3.54273e-31 -1.51914e-31 0)
(2.07732e-32 -2.84187e-32 0)
(2.28741e-33 -1.73568e-33 0)
(-3.68447e-36 -3.72568e-34 0)
(-2.41754e-33 -1.72314e-33 0)
(-2.048e-32 -2.96853e-32 0)
(-3.70514e-31 -1.34568e-31 0)
(4.57363e-31 -2.59569e-30 0)
(1.20949e-30 3.08423e-30 0)
(-3.86483e-31 5.88863e-30 0)
(-8.30873e-31 3.78585e-31 0)
(-4.66646e-32 7.09807e-32 0)
)
;
    }
}


// ************************************************************************* //
