/*--------------------------------*- C++ -*----------------------------------*\
| =========                 |                                                 |
| \\      /  F ield         | OpenFOAM: The Open Source CFD Toolbox           |
|  \\    /   O peration     | Version:  2.4.0                                 |
|   \\  /    A nd           | Web:      www.OpenFOAM.org                      |
|    \\/     M anipulation  |                                                 |
\*---------------------------------------------------------------------------*/
FoamFile
{
    version     2.0;
    format      ascii;
    class       volVectorField;
    location    "0.1";
    object      U;
}
// * * * * * * * * * * * * * * * * * * * * * * * * * * * * * * * * * * * * * //

dimensions      [0 1 -1 0 0 0 0];

internalField   nonuniform List<vector> 
1935
(
(1.13496e-37 5.139e-43 0)
(2.93048e-39 -2.67062e-39 0)
(3.11006e-40 -9.30201e-41 0)
(4.12795e-41 -9.35202e-40 0)
(3.35599e-40 -1.72067e-38 0)
(-2.11058e-37 -8.15422e-37 0)
(-2.76063e-35 -1.01432e-35 0)
(-2.70377e-33 -4.93582e-34 0)
(-1.76835e-31 -6.54094e-34 0)
(-2.6846e-33 -3.28107e-32 0)
(9.14798e-34 -2.05627e-31 0)
(-3.80787e-35 -1.35544e-29 0)
(-1.90698e-33 2.66366e-31 0)
(-1.03741e-36 1.38254e-29 0)
(9.61407e-34 2.1093e-31 0)
(1.96003e-35 3.39807e-32 0)
(-1.69755e-37 1.36005e-33 0)
(-2.02604e-35 3.76092e-32 0)
(-1.06354e-33 1.97618e-31 0)
(1.17186e-33 1.53663e-29 0)
(3.3052e-33 -1.64622e-29 0)
(-1.12608e-33 -3.20757e-29 0)
(-3.37282e-33 -3.13803e-31 0)
(1.1987e-33 1.63165e-29 0)
(3.4973e-33 -1.74871e-29 0)
(-2.3934e-33 -3.39621e-29 0)
(-2.36763e-33 1.69652e-29 0)
(1.11231e-33 -7.71744e-32 0)
(-3.83238e-33 2.50112e-31 0)
(-2.5242e-31 -5.3716e-31 0)
(-3.89707e-33 -1.83177e-29 0)
(-1.31245e-33 -2.79469e-31 0)
(-2.62932e-35 -4.49051e-32 0)
(-2.11067e-36 -8.86896e-34 0)
(2.8273e-39 -1.51403e-34 0)
(2.32662e-36 -9.12985e-34 0)
(2.67606e-35 -4.94945e-32 0)
(1.40168e-33 -2.60813e-31 0)
(-1.53238e-33 -2.02509e-29 0)
(-4.34615e-33 2.15239e-29 0)
(1.44371e-33 4.21496e-29 0)
(2.93715e-33 6.88735e-31 0)
(5.78402e-35 1.05708e-31 0)
(2.02765e-36 -5.44301e-43 0)
(7.15471e-35 -5.62317e-43 0)
(8.54578e-34 -2.31699e-44 0)
(3.14273e-32 -1.01174e-44 0)
(5.31903e-38 -9.99804e-38 0)
(1.71415e-36 -1.72319e-36 0)
(2.08443e-35 -6.05895e-35 0)
(6.5904e-34 -7.03097e-34 0)
(5.26968e-39 -2.56456e-39 0)
(1.68213e-37 -4.51786e-38 0)
(1.69588e-36 -1.45043e-36 0)
(5.05305e-35 -1.70633e-35 0)
(1.65475e-40 6.48879e-40 0)
(3.88296e-39 -3.53526e-39 0)
(3.93309e-38 -1.43041e-37 0)
(1.05915e-36 -1.43582e-36 0)
(4.06066e-40 1.67598e-38 0)
(-8.88627e-40 1.72417e-38 0)
(1.017e-39 -2.6546e-39 0)
(5.76317e-38 -3.33962e-38 0)
(-2.08742e-37 7.95013e-37 0)
(-2.84049e-38 8.20256e-37 0)
(-2.04935e-38 2.85839e-38 0)
(4.38948e-40 9.81644e-40 0)
(-2.74397e-35 9.5007e-36 0)
(-1.9107e-36 9.82242e-36 0)
(-9.8149e-37 3.46644e-37 0)
(-3.38434e-38 2.85003e-38 0)
(-2.6945e-33 4.63938e-34 0)
(-9.03576e-35 4.77252e-34 0)
(-1.29178e-35 1.42963e-35 0)
(-4.23828e-37 1.19079e-36 0)
(-1.764e-31 -2.14459e-35 0)
(-4.22899e-33 -1.80437e-36 0)
(-6.15225e-34 -5.57993e-38 0)
(-1.73791e-35 -3.19707e-39 0)
(-1.97216e-33 -1.39582e-33 0)
(-6.60714e-35 -5.53819e-34 0)
(-1.08182e-35 -1.64417e-35 0)
(-3.58741e-37 -1.31514e-36 0)
(3.53312e-32 -5.91731e-33 0)
(1.00126e-33 -1.08948e-34 0)
(8.71435e-35 -1.54075e-36 0)
(2.4545e-36 -3.37736e-38 0)
(-1.42431e-33 -2.75263e-31 0)
(-4.43309e-35 -3.88903e-33 0)
(-3.88055e-36 -4.15474e-35 0)
(-1.15768e-37 -9.26818e-38 0)
(-7.15533e-32 5.4487e-33 0)
(-2.03078e-33 7.85591e-35 0)
(-1.78462e-34 8.68425e-37 0)
(-5.04067e-36 4.33243e-39 0)
(-4.21087e-35 2.80844e-31 0)
(-5.00603e-36 3.97024e-33 0)
(-4.07358e-37 4.2454e-35 0)
(-1.73511e-38 9.68857e-38 0)
(3.60719e-32 6.05903e-33 0)
(1.02357e-33 1.04096e-34 0)
(8.99165e-35 1.30302e-36 0)
(2.53923e-36 1.03086e-38 0)
(7.38612e-34 9.50957e-34 0)
(2.48314e-35 7.81409e-35 0)
(2.14804e-36 2.18983e-36 0)
(6.65913e-38 1.26932e-37 0)
(-6.55565e-36 4.46387e-35 0)
(-2.1016e-37 3.71755e-36 0)
(-2.18284e-38 1.14931e-37 0)
(-6.63136e-40 6.55797e-39 0)
(-7.61482e-34 1.04837e-33 0)
(-2.56503e-35 8.60387e-35 0)
(-2.1759e-36 2.40399e-36 0)
(-6.74505e-38 1.39361e-37 0)
(-3.98978e-32 5.70343e-33 0)
(-1.12716e-33 2.26309e-35 0)
(-9.90169e-35 -1.20015e-36 0)
(-2.78843e-36 -1.43384e-37 0)
(4.39775e-32 3.09717e-31 0)
(1.25708e-33 4.27922e-33 0)
(1.10392e-34 4.39102e-35 0)
(3.13172e-36 -5.42694e-38 0)
(1.24015e-31 -3.36738e-31 0)
(3.51938e-33 -4.85448e-33 0)
(3.09238e-34 -5.36534e-35 0)
(8.73376e-36 -2.68286e-37 0)
(-4.22504e-32 -6.53568e-31 0)
(-1.19904e-33 -9.25749e-33 0)
(-1.05325e-34 -9.91626e-35 0)
(-2.97457e-36 -2.30233e-37 0)
(-1.26547e-31 -8.95993e-33 0)
(-3.5903e-33 -3.05226e-34 0)
(-3.15395e-34 -6.79843e-36 0)
(-8.90584e-36 -3.22551e-37 0)
(4.49734e-32 3.28262e-31 0)
(1.27633e-33 4.38621e-33 0)
(1.12078e-34 4.18214e-35 0)
(3.16515e-36 -3.49374e-37 0)
(1.31216e-31 -3.57408e-31 0)
(3.71854e-33 -5.07649e-33 0)
(3.26745e-34 -5.45622e-35 0)
(9.22001e-36 -1.36914e-37 0)
(-8.98008e-32 -6.90095e-31 0)
(-2.54393e-33 -9.83363e-33 0)
(-2.236e-34 -1.06795e-34 0)
(-6.30836e-36 -3.92309e-37 0)
(-8.88282e-32 3.402e-31 0)
(-2.52566e-33 4.76626e-33 0)
(-2.21893e-34 5.05513e-35 0)
(-6.27445e-36 1.04036e-37 0)
(4.31747e-32 5.95901e-35 0)
(1.21431e-33 -1.26074e-34 0)
(1.05628e-34 -4.20692e-36 0)
(2.96016e-36 -2.70655e-37 0)
(-2.10644e-33 5.66242e-33 0)
(-7.03664e-35 7.48436e-34 0)
(-1.34926e-35 2.10421e-35 0)
(-4.51766e-37 1.69705e-36 0)
(-2.04682e-31 -1.32279e-32 0)
(-4.69381e-33 -2.12254e-34 0)
(-7.61975e-34 -2.54387e-36 0)
(-2.15252e-35 -1.77777e-38 0)
(-4.53739e-33 -3.73101e-31 0)
(-1.48632e-34 -6.03235e-33 0)
(-2.0204e-35 -7.94233e-35 0)
(-6.55169e-37 -1.99868e-36 0)
(-4.77987e-32 -8.04549e-33 0)
(-1.35829e-33 -1.53584e-34 0)
(-1.2053e-34 -2.27947e-36 0)
(-3.41331e-36 -5.79848e-38 0)
(-9.79827e-34 -1.2578e-33 0)
(-3.29812e-35 -1.04431e-34 0)
(-2.88091e-36 -2.93478e-36 0)
(-8.95507e-38 -1.71736e-37 0)
(-8.1724e-35 -2.91095e-35 0)
(-2.68979e-36 -2.4756e-36 0)
(-2.80837e-37 -7.67737e-38 0)
(-8.71016e-39 -4.43958e-39 0)
(1.06901e-37 -4.83544e-36 0)
(3.92541e-39 -5.013e-37 0)
(3.46239e-40 -1.55525e-38 0)
(1.13853e-41 -9.59672e-40 0)
(9.00431e-35 -3.00007e-35 0)
(2.95446e-36 -2.47357e-36 0)
(3.06868e-37 -7.64628e-38 0)
(9.48805e-39 -4.34513e-39 0)
(1.00588e-33 -1.37942e-33 0)
(3.38866e-35 -1.1316e-34 0)
(2.87621e-36 -3.16112e-36 0)
(8.91732e-38 -1.83226e-37 0)
(5.25828e-32 -7.52697e-33 0)
(1.48558e-33 -3.07706e-35 0)
(1.30502e-34 1.5548e-36 0)
(3.67518e-36 1.87395e-37 0)
(-5.75074e-32 -4.08194e-31 0)
(-1.64388e-33 -5.64062e-33 0)
(-1.44361e-34 -5.78938e-35 0)
(-4.09547e-36 7.03839e-38 0)
(-1.63075e-31 4.40288e-31 0)
(-4.62829e-33 6.34943e-33 0)
(-4.06726e-34 7.02279e-35 0)
(-1.1488e-35 3.55347e-37 0)
(5.41656e-32 8.59213e-31 0)
(1.5315e-33 1.22693e-32 0)
(1.34634e-34 1.33486e-34 0)
(3.79385e-36 4.96053e-37 0)
(1.10209e-31 1.97515e-32 0)
(3.13338e-33 4.32842e-34 0)
(2.75259e-34 7.25935e-36 0)
(7.78293e-36 2.23613e-37 0)
(2.17643e-33 2.97227e-33 0)
(7.34014e-35 2.38901e-34 0)
(6.32162e-36 6.67588e-36 0)
(1.96486e-37 3.84924e-37 0)
(2.08609e-31 -2.49373e-43 0)
(1.07354e-29 -2.36358e-43 0)
(1.05571e-29 4.94516e-43 0)
(-1.05564e-29 4.92731e-43 0)
(-1.07057e-29 -2.44023e-43 0)
(6.83608e-34 -5.003e-43 0)
(1.07354e-29 -2.51123e-43 0)
(1.07643e-29 2.44066e-43 0)
(2.07883e-31 2.50904e-43 0)
(2.96507e-32 6.83859e-45 0)
(6.83536e-34 6.50614e-46 0)
(5.31717e-35 1.66307e-47 0)
(-1.20455e-36 2.0464e-48 0)
(-1.05275e-34 5.11847e-48 0)
(-1.31384e-33 3.06571e-47 0)
(-5.8619e-32 -2.28158e-44 0)
(-3.86166e-31 -1.02963e-42 0)
(-2.13214e-29 -2.32214e-41 0)
(-1.07354e-29 4.97152e-40 0)
(1.05571e-29 2.43312e-37 0)
(1.09137e-29 2.77652e-35 0)
(1.07937e-29 2.4121e-33 0)
(2.38165e-31 1.42301e-31 0)
(2.37977e-31 2.4121e-33 0)
(1.07657e-29 2.8008e-35 0)
(1.07651e-29 2.77652e-35 0)
(2.07607e-31 2.38434e-33 0)
(2.99902e-32 1.39889e-31 0)
(1.02419e-33 -1.39889e-31 0)
(-1.70467e-34 -2.38434e-33 0)
(1.36099e-33 -2.72724e-35 0)
(5.92603e-32 2.82199e-35 0)
(4.15639e-31 2.4727e-33 0)
(2.15016e-29 1.45877e-31 0)
(2.13797e-29 2.50046e-33 0)
(-9.99293e-30 2.44056e-33 0)
(1.04085e-29 1.42301e-31 0)
(-2.06298e-31 2.38457e-33 0)
(-2.11431e-29 -2.35761e-33 0)
(-4.01973e-31 -1.39892e-31 0)
(4.46103e-33 -2.60709e-32 0)
(1.64152e-31 -2.49109e-32 0)
(1.60324e-31 5.16661e-32 0)
(-1.60306e-31 5.16168e-32 0)
(-1.63531e-31 -2.55432e-32 0)
(1.66706e-35 -5.21977e-32 0)
(1.64154e-31 -2.61722e-32 0)
(1.64757e-31 2.54928e-32 0)
(4.44917e-33 2.61229e-32 0)
(6.211e-34 6.30129e-34 0)
(1.66688e-35 5.04398e-35 0)
(1.26989e-36 1.21026e-36 0)
(-3.15947e-38 1.94796e-37 0)
(-2.5117e-36 2.35064e-36 0)
(-3.2066e-35 9.96737e-35 0)
(-1.22556e-33 1.20988e-33 0)
(-8.27848e-33 5.16167e-32 0)
(-3.2508e-31 2.49118e-32 0)
(-1.64152e-31 -7.72597e-32 0)
(1.60322e-31 -5.28291e-32 0)
(1.67975e-31 -6.79367e-34 0)
(1.65033e-31 2.60809e-32 0)
(5.0857e-33 2.80239e-32 0)
(5.41774e-33 -2.54339e-32 0)
(1.64797e-31 -2.54913e-32 0)
(1.64768e-31 2.55457e-32 0)
(4.1134e-33 2.61817e-32 0)
(9.66109e-34 3.05332e-33 0)
(3.61707e-34 -2.37282e-33 0)
(-3.33292e-34 -5.87237e-35 0)
(2.54694e-35 -1.01815e-34 0)
(1.23252e-33 -1.23086e-33 0)
(8.54014e-33 -4.97273e-32 0)
(3.28956e-31 9.53217e-32 0)
(3.26644e-31 7.85249e-32 0)
(-1.48551e-31 2.68909e-32 0)
(1.57116e-31 -2.06387e-32 0)
(-4.06714e-33 7.62076e-32 0)
(-3.20916e-31 5.66281e-34 0)
(-9.20891e-33 -5.16785e-32 0)
(9.55633e-35 -5.37031e-34 0)
(1.64961e-33 -5.0883e-34 0)
(1.60324e-33 1.06245e-33 0)
(-1.60176e-33 1.06128e-33 0)
(-1.60157e-33 -5.24178e-34 0)
(1.34362e-36 -1.0754e-33 0)
(1.64971e-33 -5.39446e-34 0)
(1.69626e-33 5.22976e-34 0)
(9.43755e-35 5.38272e-34 0)
(4.80156e-35 1.52979e-35 0)
(1.34343e-36 1.20413e-36 0)
(1.25067e-37 3.17161e-38 0)
(-3.10278e-39 5.01015e-39 0)
(-2.47402e-37 6.1626e-38 0)
(-2.56161e-36 2.37666e-36 0)
(-9.46908e-35 2.93933e-35 0)
(-1.40857e-34 1.06128e-33 0)
(-3.29937e-33 5.08849e-34 0)
(-1.64959e-33 -1.58783e-33 0)
(1.60309e-33 -1.09072e-33 0)
(1.69599e-33 -1.58613e-35 0)
(1.73676e-33 5.43999e-34 0)
(1.43612e-34 8.75189e-34 0)
(1.50155e-34 -5.14841e-34 0)
(1.69914e-33 -5.22314e-34 0)
(1.69756e-33 5.24854e-34 0)
(8.71902e-35 5.45796e-34 0)
(5.55359e-35 3.5821e-34 0)
(8.8658e-36 -3.41709e-34 0)
(-6.95406e-36 -7.52069e-36 0)
(1.81777e-36 -3.01218e-36 0)
(8.78298e-35 -2.92196e-35 0)
(-1.65735e-34 -1.01513e-33 0)
(3.34961e-33 1.50894e-33 0)
(3.74749e-33 1.61944e-33 0)
(-1.41508e-33 5.64276e-34 0)
(1.60534e-33 -1.14273e-34 0)
(-8.44281e-35 1.56835e-33 0)
(-3.24957e-33 8.7648e-36 0)
(-2.70615e-34 -1.34552e-33 0)
(1.42982e-36 -4.48095e-35 0)
(1.21972e-35 -4.25238e-35 0)
(1.17973e-35 8.87482e-35 0)
(-1.17631e-35 8.86321e-35 0)
(-1.11886e-35 -4.37988e-35 0)
(3.11589e-38 -8.97857e-35 0)
(1.21993e-35 -4.50655e-35 0)
(1.31732e-35 4.36799e-35 0)
(1.40718e-36 4.49493e-35 0)
(1.0078e-36 1.2696e-36 0)
(3.11541e-38 1.19112e-37 0)
(2.89823e-39 3.13363e-39 0)
(-7.68771e-41 5.29404e-40 0)
(-5.72863e-39 6.07659e-39 0)
(-5.94057e-38 2.35103e-37 0)
(-1.98451e-36 2.42027e-36 0)
(-1.80937e-36 8.86319e-35 0)
(-2.49674e-35 4.25261e-35 0)
(-1.21965e-35 -1.32666e-34 0)
(1.17927e-35 -9.10582e-35 0)
(1.25859e-35 -1.37276e-36 0)
(1.35892e-35 4.49095e-35 0)
(2.4433e-36 5.11363e-35 0)
(3.01253e-36 -4.34816e-35 0)
(1.32496e-35 -4.36628e-35 0)
(1.31947e-35 4.38182e-35 0)
(8.33959e-37 4.51346e-35 0)
(1.59976e-36 8.41234e-36 0)
(6.23161e-37 -7.02378e-36 0)
(-5.67971e-37 -1.84229e-37 0)
(3.07722e-38 -2.38563e-37 0)
(1.80419e-36 -1.87693e-36 0)
(-4.91075e-36 -8.14532e-35 0)
(2.54557e-35 2.73304e-34 0)
(3.46417e-35 1.38603e-34 0)
(-9.96431e-36 4.71969e-35 0)
(1.24188e-35 -3.15959e-35 0)
(-7.50393e-37 1.3067e-34 0)
(-2.40842e-35 1.19938e-36 0)
(-5.56832e-36 -9.11716e-35 0)
(5.64482e-38 -9.48357e-37 0)
(-5.63189e-38 -8.95186e-37 0)
(-5.66406e-38 1.87651e-36 0)
(5.84947e-38 1.87383e-36 0)
(1.11285e-37 -9.24861e-37 0)
(1.67867e-39 -1.90069e-36 0)
(-5.62031e-38 -9.54338e-37 0)
(-3.12993e-39 9.22103e-37 0)
(5.51928e-38 9.51649e-37 0)
(5.491e-38 2.955e-38 0)
(1.67839e-39 2.76189e-39 0)
(1.66851e-40 7.76091e-41 0)
(-4.36231e-42 1.29454e-41 0)
(-3.29867e-40 1.50538e-40 0)
(-3.18968e-39 5.44649e-39 0)
(-1.08146e-37 5.63424e-38 0)
(-5.56379e-38 1.87382e-36 0)
(5.99504e-38 8.95233e-37 0)
(5.63698e-38 -2.80413e-36 0)
(-5.68489e-38 -1.93028e-36 0)
(-5.61324e-38 -3.08253e-38 0)
(3.88686e-38 9.61036e-37 0)
(1.11618e-37 1.48927e-36 0)
(1.23343e-37 -9.07194e-37 0)
(5.64871e-40 -9.20564e-37 0)
(-1.5876e-39 9.26434e-37 0)
(4.28288e-38 9.65145e-37 0)
(6.78269e-38 5.7914e-37 0)
(1.4597e-38 -5.46831e-37 0)
(-1.2076e-38 -1.34656e-38 0)
(1.40847e-39 -6.54737e-39 0)
(9.36194e-38 -4.23535e-38 0)
(-4.97368e-37 -1.69759e-36 0)
(-5.48415e-38 5.69974e-36 0)
(6.54558e-37 2.9526e-36 0)
(1.1617e-37 1.0156e-36 0)
(-7.08762e-40 -2.47128e-37 0)
(-3.92413e-38 2.76688e-36 0)
(6.73122e-38 2.09862e-38 0)
(-2.31912e-37 -2.31432e-36 0)
(1.06773e-39 -5.19382e-38 0)
(-2.81848e-39 -4.91719e-38 0)
(-2.76729e-39 1.02999e-37 0)
(2.80915e-39 1.02844e-37 0)
(3.98306e-39 -5.07804e-38 0)
(3.80437e-41 -1.04286e-37 0)
(-2.81385e-39 -5.23729e-38 0)
(-1.69008e-39 5.06216e-38 0)
(1.11521e-39 5.2218e-38 0)
(1.16535e-39 1.59666e-39 0)
(3.80372e-41 1.59106e-40 0)
(3.74194e-42 4.41217e-42 0)
(-1.02749e-43 7.53488e-43 0)
(-7.39335e-42 8.55229e-42 0)
(-7.23267e-41 3.13819e-40 0)
(-2.29277e-39 3.03446e-39 0)
(-1.06871e-39 1.02843e-37 0)
(4.46128e-39 4.91794e-38 0)
(2.81755e-39 -1.53938e-37 0)
(-2.77309e-39 -1.05886e-37 0)
(-2.87986e-39 -1.72051e-39 0)
(-1.21099e-39 5.22567e-38 0)
(2.31495e-39 6.30717e-38 0)
(2.97417e-39 -5.02648e-38 0)
(-1.59653e-39 -5.05844e-38 0)
(-1.6637e-39 5.08206e-38 0)
(4.52377e-40 5.25436e-38 0)
(1.85175e-39 1.35361e-38 0)
(7.24467e-40 -1.17805e-38 0)
(-6.56542e-40 -3.23058e-40 0)
(2.01004e-41 -3.13535e-40 0)
(1.94131e-39 -1.65796e-39 0)
(-1.10287e-38 -8.90124e-38 0)
(-4.40326e-39 4.78401e-37 0)
(1.10479e-38 1.66225e-37 0)
(3.49486e-39 5.58638e-38 0)
(-1.51882e-39 -3.2368e-38 0)
(-3.51212e-40 1.51552e-37 0)
(4.96096e-39 1.51132e-39 0)
(-5.61367e-39 -1.09116e-37 0)
(-3.03812e-39 -2.80276e-40 0)
(-2.25606e-40 -9.98475e-40 0)
(-1.42477e-40 2.18705e-39 0)
(1.39442e-40 2.18254e-39 0)
(1.89111e-40 -1.07666e-39 0)
(1.55551e-42 -2.21523e-39 0)
(-1.40532e-40 -1.11277e-39 0)
(-9.38129e-41 1.0731e-39 0)
(4.55862e-41 1.1093e-39 0)
(4.84226e-41 3.62018e-41 0)
(1.55535e-42 3.56909e-42 0)
(1.56508e-43 1.03853e-43 0)
(-4.23256e-45 1.74862e-44 0)
(-3.09289e-43 2.01375e-43 0)
(-2.95396e-42 7.03476e-42 0)
(-9.52941e-41 6.88402e-41 0)
(-4.29018e-41 2.18249e-39 0)
(2.31822e-40 1.04036e-39 0)
(1.40688e-40 -3.26619e-39 0)
(-1.38048e-40 -2.25149e-39 0)
(-1.43667e-40 -3.77894e-41 0)
(-6.02313e-41 1.12074e-39 0)
(9.54115e-41 1.72997e-39 0)
(1.09158e-40 -1.05452e-39 0)
(-9.02978e-41 -1.07104e-39 0)
(-9.24597e-41 1.07876e-39 0)
(3.13587e-41 1.12599e-39 0)
(6.32689e-41 6.71046e-40 0)
(1.64022e-41 -6.31279e-40 0)
(-1.39769e-41 -1.66303e-41 0)
(5.59382e-43 -8.07021e-42 0)
(7.66532e-41 -3.57054e-41 0)
(-6.13274e-40 -1.84974e-39 0)
(-2.30201e-40 1.04808e-38 0)
(5.66532e-40 3.56513e-39 0)
(1.83545e-40 1.20432e-39 0)
(-8.47099e-41 -2.84395e-40 0)
(-2.7865e-41 3.22136e-39 0)
(2.38448e-40 2.72622e-41 0)
(-2.06139e-40 -2.68678e-39 0)
(-3.1437e-38 3.14046e-38 0)
(-8.69615e-40 1.57765e-39 0)
(-4.69832e-41 1.30435e-40 0)
(1.80508e-42 9.23587e-41 0)
(3.93605e-42 -4.47475e-41 0)
(3.27845e-44 -9.20907e-41 0)
(-2.97283e-42 -4.62616e-41 0)
(-2.0043e-42 4.46358e-41 0)
(9.41587e-43 4.61164e-41 0)
(1.00557e-42 1.48077e-42 0)
(3.38961e-44 1.493e-43 0)
(3.36e-45 4.27951e-45 0)
(-9.43176e-47 7.23135e-46 0)
(-6.63675e-45 8.29751e-45 0)
(-6.4427e-44 2.94337e-43 0)
(-1.97734e-42 2.81247e-42 0)
(-8.80866e-43 9.07559e-41 0)
(4.91984e-42 4.32998e-41 0)
(2.97611e-42 -1.35836e-40 0)
(-2.91731e-42 -9.35759e-41 0)
(-3.05157e-42 -1.58505e-42 0)
(-1.60369e-42 4.62472e-41 0)
(1.97778e-42 5.8913e-41 0)
(2.55871e-42 -4.42065e-41 0)
(-1.92035e-42 -4.45886e-41 0)
(-1.98125e-42 4.48347e-41 0)
(3.58206e-43 4.65047e-41 0)
(1.61065e-42 1.51843e-41 0)
(6.38986e-43 -1.35544e-41 0)
(-5.78176e-43 -3.84766e-43 0)
(2.65092e-45 -2.8755e-43 0)
(1.54402e-42 -9.16195e-43 0)
(-1.33514e-41 -7.30553e-41 0)
(-4.88756e-42 5.81454e-40 0)
(1.22534e-41 1.52117e-40 0)
(3.59626e-42 5.02193e-41 0)
(-1.79838e-42 -2.49644e-41 0)
(-2.6707e-43 1.33717e-40 0)
(5.34117e-42 1.368e-42 0)
(-4.83843e-42 -9.92727e-41 0)
(-1.31265e-36 -8.76002e-41 0)
(-3.30707e-38 -4.34782e-42 0)
(-1.70876e-39 1.80223e-42 0)
(-4.15916e-41 1.88071e-42 0)
(-1.55619e-42 -9.28838e-43 0)
(-3.82825e-44 -1.91267e-42 0)
(-1.01647e-43 -9.60958e-43 0)
(-6.78189e-44 9.25573e-43 0)
(3.16306e-44 9.57842e-43 0)
(3.37654e-44 3.22743e-44 0)
(1.12122e-45 3.20569e-45 0)
(1.115e-46 9.52838e-47 0)
(-3.08699e-48 1.58468e-47 0)
(-2.20273e-46 1.84824e-46 0)
(-2.13076e-45 6.31649e-45 0)
(-6.64126e-44 6.13481e-44 0)
(-2.96058e-44 1.8835e-42 0)
(1.66208e-43 8.96404e-43 0)
(1.00439e-43 -2.8186e-42 0)
(-9.84541e-44 -1.94499e-42 0)
(-1.02753e-43 -3.36233e-44 0)
(-4.67285e-44 9.68635e-43 0)
(6.64094e-44 1.50486e-42 0)
(7.83201e-44 -9.08371e-43 0)
(-6.519e-44 -9.23647e-43 0)
(-6.68731e-44 9.30736e-43 0)
(1.94422e-44 9.73277e-43 0)
(4.64733e-44 5.91265e-43 0)
(1.38288e-44 -5.55789e-43 0)
(-1.20259e-44 -1.53498e-44 0)
(-1.26047e-46 -6.90322e-45 0)
(4.88738e-44 -1.78759e-44 0)
(-5.57583e-43 -1.4728e-42 0)
(-1.65135e-43 1.26562e-41 0)
(5.19973e-43 3.19926e-42 0)
(1.3192e-43 1.05718e-42 0)
(-6.05757e-44 -2.2842e-43 0)
(-1.67838e-44 2.77931e-42 0)
(1.72933e-43 2.44979e-44 0)
(-1.48056e-43 -2.32795e-42 0)
(-2.79536e-38 -3.46148e-38 0)
(-7.75927e-40 -1.74888e-39 0)
(-4.04455e-41 -4.24544e-41 0)
(-1.05354e-42 -1.63914e-42 0)
(-4.01539e-44 -7.07643e-44 0)
(-1.02686e-45 -6.55437e-44 0)
(-2.0422e-45 -3.22977e-44 0)
(-1.35799e-45 3.1097e-44 0)
(6.30942e-46 3.21653e-44 0)
(6.75346e-46 1.06766e-45 0)
(2.32723e-47 1.0638e-46 0)
(2.27363e-48 3.11728e-48 0)
(-6.47842e-50 5.14643e-49 0)
(-4.48987e-48 6.04824e-48 0)
(-4.42676e-47 2.09656e-46 0)
(-1.32749e-45 2.0291e-45 0)
(-5.88788e-46 6.32659e-44 0)
(3.32447e-45 3.01333e-44 0)
(2.00936e-45 -9.46799e-44 0)
(-1.96855e-45 -6.53003e-44 0)
(-2.06231e-45 -1.13387e-45 0)
(-1.10304e-45 3.23324e-44 0)
(1.32737e-45 4.33022e-44 0)
(1.73196e-45 -3.07181e-44 0)
(-1.29897e-45 -3.10559e-44 0)
(-1.34193e-45 3.12477e-44 0)
(2.2518e-46 3.25078e-44 0)
(1.09663e-45 1.27896e-44 0)
(4.44539e-46 -1.16156e-44 0)
(-4.02589e-46 -3.39146e-46 0)
(-8.7471e-48 -1.98639e-46 0)
(9.38599e-46 -2.1976e-46 0)
(-1.17757e-44 -4.66051e-44 0)
(-3.30278e-45 5.29114e-43 0)
(1.10134e-44 1.10325e-43 0)
(2.50367e-45 3.56336e-44 0)
(-1.20481e-45 -1.49856e-44 0)
(-1.61233e-46 9.32131e-44 0)
(3.62018e-45 9.47619e-46 0)
(-3.27806e-45 -7.12824e-44 0)
(1.32546e-37 -6.93913e-40 0)
(3.22828e-39 -3.30083e-41 0)
(1.29817e-40 -8.58883e-43 0)
(3.01906e-42 -3.45633e-44 0)
(1.0028e-43 -1.51036e-45 0)
(2.20855e-45 -1.31494e-45 0)
(5.85948e-48 -6.4621e-46 0)
(-3.70001e-47 6.21225e-46 0)
(1.78513e-47 6.43403e-46 0)
(1.90566e-47 2.2162e-47 0)
(6.4812e-49 2.1694e-48 0)
(6.28374e-50 6.53569e-50 0)
(-1.76923e-51 1.0603e-50 0)
(-1.24104e-49 1.26869e-49 0)
(-1.23328e-48 4.27371e-48 0)
(-3.74656e-47 4.2158e-47 0)
(-1.66435e-47 1.26471e-45 0)
(9.38345e-47 6.01183e-46 0)
(5.67092e-47 -1.8924e-45 0)
(-5.55611e-47 -1.30696e-45 0)
(-5.80953e-47 -2.30101e-47 0)
(-2.77255e-47 6.51475e-46 0)
(3.74621e-47 1.02458e-45 0)
(4.54815e-47 -6.08836e-46 0)
(-3.67572e-47 -6.19874e-46 0)
(-3.78045e-47 6.24804e-46 0)
(9.67478e-48 6.54553e-46 0)
(2.75411e-47 4.11e-46 0)
(9.13259e-48 -3.8667e-46 0)
(-8.06183e-48 -1.10746e-47 0)
(-3.79504e-49 -4.42624e-48 0)
(2.46732e-47 -2.77503e-48 0)
(-3.96543e-46 -8.95672e-46 0)
(-9.32204e-47 1.11766e-44 0)
(3.7514e-46 2.24084e-45 0)
(7.59379e-47 7.2168e-46 0)
(-3.38468e-47 -1.3655e-46 0)
(-8.05075e-48 1.8659e-45 0)
(9.88708e-47 1.65192e-47 0)
(-8.60616e-47 -1.57583e-45 0)
(-6.27586e-39 6.18358e-39 0)
(-1.59436e-40 3.63005e-40 0)
(-6.44386e-42 8.81215e-42 0)
(-1.54988e-43 2.97224e-43 0)
(-5.17515e-45 6.55794e-45 0)
(-1.17324e-46 1.51047e-46 0)
(-4.42713e-48 -1.43098e-47 0)
(-8.02122e-49 1.76345e-47 0)
(3.37538e-49 1.81566e-47 0)
(3.63597e-49 6.17235e-49 0)
(1.27309e-50 5.9954e-50 0)
(1.21018e-51 1.78335e-51 0)
(-3.48392e-53 2.85252e-52 0)
(-2.38939e-51 3.46333e-51 0)
(-2.42514e-50 1.1813e-49 0)
(-7.14567e-49 1.17453e-48 0)
(-3.16167e-49 3.56939e-47 0)
(1.78961e-48 1.69785e-47 0)
(1.08182e-48 -5.34096e-47 0)
(-1.05945e-48 -3.68713e-47 0)
(-1.11132e-48 -6.50075e-49 0)
(-6.04562e-49 1.82947e-47 0)
(7.14498e-49 2.56773e-47 0)
(9.42633e-49 -1.72777e-47 0)
(-6.98629e-49 -1.75094e-47 0)
(-7.22932e-49 1.76265e-47 0)
(1.10807e-49 1.83892e-47 0)
(6.00995e-49 8.4392e-48 0)
(2.5008e-49 -7.76209e-48 0)
(-2.26997e-49 -2.32146e-49 0)
(-1.06716e-50 -1.0747e-49 0)
(4.45738e-49 1.28072e-49 0)
(-8.02545e-48 -2.35375e-47 0)
(-1.77777e-48 3.76628e-46 0)
(7.61353e-48 6.49828e-47 0)
(1.39532e-48 2.04537e-47 0)
(-6.41857e-49 -7.12478e-48 0)
(-7.48114e-50 5.25943e-47 0)
(1.95865e-48 5.19981e-49 0)
(-1.7857e-48 -4.13891e-47 0)
(-2.74783e-37 -6.02543e-41 0)
(-6.71375e-39 -4.7372e-42 0)
(-2.72457e-40 -1.18035e-43 0)
(-6.35937e-42 -4.03118e-45 0)
(-2.1296e-43 -9.00826e-47 0)
(-4.71197e-45 -3.26798e-48 0)
(-1.34586e-46 -4.0157e-49 0)
(-2.82607e-48 3.32979e-49 0)
(-6.16778e-50 3.46426e-49 0)
(7.48119e-51 1.21242e-50 0)
(2.76287e-52 1.15468e-51 0)
(2.81626e-53 3.50793e-53 0)
(-8.29484e-55 5.50554e-54 0)
(-5.67091e-53 6.81622e-53 0)
(-5.84387e-52 2.27445e-51 0)
(-1.74006e-50 2.30967e-50 0)
(-7.70907e-51 6.80814e-49 0)
(4.35752e-50 3.23323e-49 0)
(2.634e-50 -1.01857e-48 0)
(-2.57966e-50 -7.03961e-49 0)
(-2.70188e-50 -1.25357e-50 0)
(-1.34867e-50 3.5133e-49 0)
(1.7399e-50 5.61544e-49 0)
(2.17245e-50 -3.27144e-49 0)
(-1.70445e-50 -3.33558e-49 0)
(-1.75763e-50 3.36265e-49 0)
(3.8986e-51 3.52928e-49 0)
(1.3402e-50 2.3104e-49 0)
(4.85489e-51 -2.17761e-49 0)
(-4.3356e-51 -6.42601e-51 0)
(-3.26357e-52 -2.21413e-51 0)
(9.93312e-51 3.70495e-51 0)
(-2.26942e-49 -4.25507e-49 0)
(-4.32863e-50 7.62374e-48 0)
(2.1696e-49 1.26264e-48 0)
(3.61476e-50 3.94867e-49 0)
(-1.55524e-50 -6.23176e-50 0)
(-3.08679e-51 1.00437e-48 0)
(4.64957e-50 8.71832e-51 0)
(-4.11492e-50 -8.57624e-49 0)
(-8.83298e-40 -6.26134e-39 0)
(-2.72186e-41 -3.69629e-40 0)
(-1.05104e-42 -8.98426e-42 0)
(-2.86394e-44 -3.03865e-43 0)
(-9.24566e-46 -6.73217e-45 0)
(-2.28749e-47 -1.92311e-46 0)
(-6.36449e-49 -4.0217e-48 0)
(-1.47601e-50 -9.18109e-50 0)
(-2.03584e-52 6.47408e-51 0)
(1.5275e-52 2.48675e-52 0)
(5.51299e-54 2.66043e-53 0)
(5.1706e-55 8.07438e-55 0)
(-1.51386e-56 1.26525e-55 0)
(-1.02687e-54 1.60043e-54 0)
(-1.08271e-53 5.39799e-53 0)
(-3.14615e-52 5.5655e-52 0)
(-1.38928e-52 1.65782e-50 0)
(7.8781e-52 7.87734e-51 0)
(4.7631e-52 -2.48023e-50 0)
(-4.66311e-52 -1.7136e-50 0)
(-4.89727e-52 -3.04987e-52 0)
(-2.71765e-52 8.52197e-51 0)
(3.14585e-52 1.25023e-50 0)
(4.2051e-52 -8.00068e-51 0)
(-3.07249e-52 -8.12782e-51 0)
(-3.18504e-52 8.18539e-51 0)
(4.33289e-53 8.56316e-51 0)
(2.70231e-52 4.48294e-51 0)
(1.15757e-52 -4.16359e-51 0)
(-1.05395e-52 -1.27197e-52 0)
(-7.44366e-54 -4.65786e-53 0)
(1.66568e-52 1.82665e-52 0)
(-4.36716e-51 -9.48003e-51 0)
(-7.8254e-52 2.15677e-49 0)
(4.18533e-51 3.16261e-50 0)
(6.37896e-52 9.66247e-51 0)
(-2.79592e-52 -2.70046e-51 0)
(-2.67458e-53 2.44316e-50 0)
(8.6757e-52 2.30891e-52 0)
(-7.97323e-52 -1.9769e-50 0)
(1.384e-37 -6.29452e-42 0)
(3.38114e-39 -3.85695e-42 0)
(1.37207e-40 -1.09837e-43 0)
(3.20232e-42 -3.71802e-45 0)
(1.07239e-43 -8.72175e-47 0)
(2.37271e-45 -2.45991e-48 0)
(6.776e-47 -5.37208e-50 0)
(1.41415e-48 -1.17414e-51 0)
(3.52272e-50 1.25763e-52 0)
(6.94369e-52 4.81557e-54 0)
(1.53738e-53 4.85173e-55 0)
(2.91261e-55 1.49284e-56 0)
(5.24094e-57 2.28196e-57 0)
(-2.12683e-56 2.94657e-56 0)
(-2.29881e-55 9.77467e-55 0)
(-6.73487e-54 1.03114e-53 0)
(-2.97697e-54 2.99752e-52 0)
(1.68625e-53 1.42245e-52 0)
(1.01948e-53 -4.48394e-52 0)
(-9.98115e-54 -3.10085e-52 0)
(-1.04706e-53 -5.56013e-54 0)
(-5.45574e-54 1.54986e-52 0)
(6.73425e-54 2.5252e-52 0)
(8.64159e-54 -1.43761e-52 0)
(-6.58629e-54 -1.46816e-52 0)
(-6.8098e-54 1.4802e-52 0)
(1.27887e-54 1.55653e-52 0)
(5.42381e-54 1.0687e-52 0)
(2.11644e-54 -1.0097e-52 0)
(-1.90768e-54 -3.057e-54 0)
(-1.86923e-55 -8.84151e-55 0)
(3.1721e-54 4.0109e-54 0)
(-1.06525e-52 -1.59077e-52 0)
(-1.67496e-53 4.15098e-51 0)
(1.02647e-52 5.84065e-52 0)
(1.44139e-53 1.76694e-52 0)
(-5.95426e-54 -2.17062e-53 0)
(-9.42267e-55 4.4221e-52 0)
(1.82202e-53 3.69189e-54 0)
(-1.6385e-53 -3.82605e-52 0)
(3.56586e-39 3.23001e-39 0)
(9.2831e-41 1.30568e-40 0)
(3.71273e-42 3.04579e-42 0)
(9.08168e-44 1.01973e-43 0)
(3.00628e-45 2.2561e-45 0)
(6.89669e-47 6.44245e-47 0)
(1.95208e-48 1.3445e-48 0)
(4.19219e-50 3.34901e-50 0)
(1.03743e-51 6.60114e-52 0)
(2.08791e-53 1.46147e-53 0)
(4.59682e-55 2.76905e-55 0)
(8.75387e-57 5.58944e-57 0)
(1.63868e-58 1.36787e-58 0)
(-3.59625e-58 6.09034e-58 0)
(-3.99862e-57 2.03353e-56 0)
(-1.14879e-55 2.18924e-55 0)
(-5.06425e-56 6.41638e-54 0)
(2.87604e-55 3.04613e-54 0)
(1.73912e-55 -9.59779e-54 0)
(-1.70214e-55 -6.63576e-54 0)
(-1.78971e-55 -1.18777e-55 0)
(-1.01577e-55 3.30808e-54 0)
(1.14869e-55 5.06241e-54 0)
(1.55861e-55 -3.08738e-54 0)
(-1.12053e-55 -3.14435e-54 0)
(-1.16382e-55 3.16756e-54 0)
(1.35294e-56 3.32285e-54 0)
(1.01035e-55 1.95296e-54 0)
(4.46386e-56 -1.82802e-54 0)
(-4.0784e-56 -5.69328e-56 0)
(-3.76388e-57 -1.63837e-56 0)
(4.84758e-56 1.20567e-55 0)
(-1.93855e-54 -3.02914e-54 0)
(-2.85664e-55 1.0128e-52 0)
(1.872e-54 1.28778e-53 0)
(2.42734e-55 3.80339e-54 0)
(-1.0098e-55 -8.10778e-55 0)
(-7.18882e-57 9.45812e-54 0)
(3.19005e-55 8.40923e-56 0)
(-2.95796e-55 -7.86405e-54 0)
(-3.83108e-41 1.77833e-40 0)
(-9.70103e-43 7.07225e-42 0)
(-3.99725e-44 1.73084e-43 0)
(-9.49819e-46 5.72672e-45 0)
(-3.16905e-47 1.31537e-46 0)
(-7.06035e-49 3.72473e-48 0)
(-1.98898e-50 8.00984e-50 0)
(-4.14781e-52 1.98393e-51 0)
(-1.0131e-53 3.99293e-53 0)
(-1.96312e-55 8.79373e-55 0)
(-4.2189e-57 1.66315e-56 0)
(-7.4003e-59 3.30723e-58 0)
(-1.5916e-60 6.46034e-60 0)
(-6.73506e-60 1.0537e-59 0)
(-7.58121e-59 3.45124e-58 0)
(-2.19133e-57 3.808e-57 0)
(-9.66709e-58 1.09447e-55 0)
(5.48538e-57 5.19037e-56 0)
(3.31694e-57 -1.63693e-55 0)
(-3.24649e-57 -1.13262e-55 0)
(-3.41086e-57 -2.03888e-57 0)
(-1.85248e-57 5.67079e-56 0)
(2.19114e-57 9.44289e-56 0)
(2.8884e-57 -5.2384e-56 0)
(-2.13943e-57 -5.35931e-56 0)
(-2.21804e-57 5.40342e-56 0)
(3.40643e-58 5.69355e-56 0)
(1.84245e-57 4.11844e-56 0)
(7.66525e-58 -3.90177e-56 0)
(-6.96215e-58 -1.20847e-57 0)
(-8.13767e-59 -2.85466e-58 0)
(7.81816e-58 2.3658e-57 0)
(-4.15624e-56 -4.63275e-56 0)
(-5.44836e-57 1.84331e-54 0)
(4.02964e-56 2.2497e-55 0)
(4.85864e-57 6.55732e-56 0)
(-1.91585e-57 -5.55335e-57 0)
(-2.23733e-58 1.61475e-55 0)
(6.00233e-57 1.27359e-57 0)
(-5.48216e-57 -1.41827e-55 0)
(-3.57967e-39 3.53916e-39 0)
(-9.33362e-41 1.43119e-40 0)
(-3.7206e-42 3.3335e-42 0)
(-9.12108e-44 1.11649e-43 0)
(-3.01779e-45 2.46724e-45 0)
(-6.94081e-47 7.0478e-47 0)
(-1.9666e-48 1.46946e-48 0)
(-4.23502e-50 3.66102e-50 0)
(-1.04999e-51 7.17584e-52 0)
(-2.11342e-53 1.58447e-53 0)
(-4.65625e-55 2.91135e-55 0)
(-8.74615e-57 5.76459e-57 0)
(-1.73169e-58 9.90682e-59 0)
(-3.13752e-60 1.96558e-60 0)
(-1.28884e-60 6.41491e-60 0)
(-3.51275e-59 7.21931e-59 0)
(-1.54619e-59 2.08758e-57 0)
(8.79204e-59 9.90314e-58 0)
(5.31726e-59 -3.1221e-57 0)
(-5.20293e-59 -2.15991e-57 0)
(-5.47699e-59 -3.87854e-59 0)
(-3.18696e-59 1.07951e-57 0)
(3.51235e-59 1.72056e-57 0)
(4.8461e-59 -1.00149e-57 0)
(-3.42178e-59 -1.02264e-57 0)
(-3.56137e-59 1.03041e-57 0)
(3.34492e-60 1.08392e-57 0)
(3.17106e-59 7.06865e-58 0)
(1.44682e-59 -6.65907e-58 0)
(-1.32673e-59 -2.11128e-59 0)
(-1.48483e-60 -4.7051e-60 0)
(1.04993e-59 5.61682e-59 0)
(-7.12316e-58 -7.47301e-58 0)
(-8.73232e-59 3.95275e-56 0)
(6.91919e-58 4.42722e-57 0)
(7.76775e-59 1.25854e-57 0)
(-3.05307e-59 -1.87165e-58 0)
(-1.31287e-60 3.0781e-57 0)
(9.83165e-59 2.53248e-59 0)
(-9.20546e-59 -2.62875e-57 0)
(-1.52033e-37 -3.95916e-39 0)
(-3.70678e-39 -1.64061e-40 0)
(-1.50481e-40 -3.85419e-42 0)
(-3.50681e-42 -1.29046e-43 0)
(-1.1748e-43 -2.8634e-45 0)
(-2.59624e-45 -8.17123e-47 0)
(-7.41687e-47 -1.70913e-48 0)
(-1.54646e-48 -4.25468e-50 0)
(-3.85305e-50 -8.36094e-52 0)
(-7.55241e-52 -1.84505e-53 0)
(-1.66768e-53 -3.3972e-55 0)
(-3.06428e-55 -6.72386e-57 0)
(-6.06752e-57 -1.15736e-58 0)
(-1.04265e-58 -2.06922e-60 0)
(-1.88842e-60 6.80119e-62 0)
(-6.32989e-61 1.17495e-60 0)
(-2.66059e-61 3.3463e-59 0)
(1.50919e-60 1.58605e-59 0)
(9.12738e-61 -5.00398e-59 0)
(-8.93118e-61 -3.46405e-59 0)
(-9.39727e-61 -6.24737e-61 0)
(-5.31461e-61 1.73775e-59 0)
(6.02993e-61 2.96433e-59 0)
(8.16392e-61 -1.59813e-59 0)
(-5.87759e-61 -1.63826e-59 0)
(-6.11062e-61 1.65173e-59 0)
(7.26107e-62 1.74417e-59 0)
(5.28816e-61 1.33402e-59 0)
(2.3277e-61 -1.26754e-59 0)
(-2.12782e-61 -4.00765e-61 0)
(-2.83024e-62 -7.48984e-62 0)
(1.3593e-61 1.00938e-60 0)
(-1.36071e-59 -1.00479e-59 0)
(-1.49894e-60 6.77501e-58 0)
(1.32576e-59 7.28878e-59 0)
(1.39354e-60 2.03813e-59 0)
(-5.212e-61 -8.85794e-61 0)
(-3.83592e-62 4.93781e-59 0)
(1.67265e-60 3.61029e-61 0)
(-1.55106e-60 -4.41036e-59 0)
(1.70571e-37 -1.095e-38 0)
(4.18075e-39 -5.70245e-40 0)
(1.69536e-40 -1.36926e-41 0)
(3.96672e-42 -4.61822e-43 0)
(1.32754e-43 -1.02247e-44 0)
(2.94299e-45 -2.92055e-46 0)
(8.40019e-47 -6.09379e-48 0)
(1.75586e-48 -1.51783e-49 0)
(4.37167e-50 -2.97668e-51 0)
(8.58607e-52 -6.5713e-53 0)
(1.89488e-53 -1.20793e-54 0)
(3.48732e-55 -2.39131e-56 0)
(6.9024e-57 -4.11045e-58 0)
(1.18761e-58 -7.36044e-60 0)
(2.12608e-60 -1.16377e-61 0)
(2.508e-62 1.81697e-62 0)
(-3.42381e-63 5.74414e-61 0)
(2.26655e-62 2.72327e-61 0)
(1.37047e-62 -8.58957e-61 0)
(-1.34069e-62 -5.94571e-61 0)
(-1.41299e-62 -1.06929e-62 0)
(-8.44916e-63 2.9796e-61 0)
(9.05363e-63 4.94072e-61 0)
(1.27244e-62 -2.74749e-61 0)
(-8.80774e-63 -2.81314e-61 0)
(-9.18791e-63 2.83492e-61 0)
(6.33457e-64 2.99059e-61 0)
(8.41005e-63 2.14523e-61 0)
(3.96598e-63 -2.03193e-61 0)
(-3.65025e-63 -6.55122e-63 0)
(-4.72884e-64 -1.10241e-63 0)
(1.42222e-63 2.03284e-62 0)
(-2.18885e-61 -1.30226e-61 0)
(-2.25024e-62 1.29435e-59 0)
(2.13615e-61 1.29344e-60 0)
(2.10584e-62 3.52275e-61 0)
(-7.77838e-63 -3.01035e-62 0)
(-8.38562e-65 8.473e-61 0)
(2.5568e-62 6.32925e-63 0)
(-2.41928e-62 -7.43093e-61 0)
(4.76078e-37 3.69552e-39 0)
(1.16314e-38 2.89894e-40 0)
(4.72017e-40 7.2088e-42 0)
(1.10169e-41 2.44991e-43 0)
(3.6893e-43 5.43698e-45 0)
(8.16284e-45 1.55284e-46 0)
(2.33108e-46 3.24353e-48 0)
(4.86496e-48 8.07692e-50 0)
(1.21172e-49 1.58534e-51 0)
(2.37684e-51 3.49915e-53 0)
(5.24695e-53 6.43656e-55 0)
(9.64644e-55 1.27408e-56 0)
(1.90964e-56 2.19127e-58 0)
(3.28291e-58 3.92363e-60 0)
(5.87854e-60 6.2989e-62 0)
(9.416e-62 1.33178e-63 0)
(1.47508e-63 8.64004e-63 0)
(3.75562e-64 4.08606e-63 0)
(2.13623e-64 -1.28949e-62 0)
(-2.08641e-64 -8.93068e-63 0)
(-2.19856e-64 -1.61133e-64 0)
(-1.29407e-64 4.48982e-63 0)
(1.40916e-64 7.86376e-63 0)
(1.95965e-64 -4.10925e-63 0)
(-1.37114e-64 -4.22171e-63 0)
(-1.42966e-64 4.25628e-63 0)
(1.18921e-65 4.5049e-63 0)
(1.28818e-64 3.65457e-63 0)
(5.96427e-65 -3.48285e-63 0)
(-5.48226e-65 -1.12233e-64 0)
(-8.0612e-66 -1.59222e-65 0)
(1.03414e-65 3.36889e-64 0)
(-3.76279e-63 -1.36704e-63 0)
(-3.50192e-64 2.08224e-61 0)
(3.68086e-63 2.00056e-62 0)
(3.41636e-64 5.34182e-63 0)
(-1.20352e-64 4.75546e-66 0)
(-3.38694e-66 1.27297e-62 0)
(3.95914e-64 8.4384e-65 0)
(-3.72678e-64 -1.1582e-62 0)
(-1.62121e-37 1.45278e-38 0)
(-3.96088e-39 8.59784e-40 0)
(-1.60729e-40 2.09021e-41 0)
(-3.75148e-42 7.07004e-43 0)
(-1.25628e-43 1.56633e-44 0)
(-2.77968e-45 4.47409e-46 0)
(-7.93818e-47 9.33736e-48 0)
(-1.65676e-48 2.32562e-49 0)
(-4.12668e-50 4.56163e-51 0)
(-8.09499e-52 1.00698e-52 0)
(-1.78709e-53 1.85128e-54 0)
(-3.2857e-55 3.66483e-56 0)
(-6.50485e-57 6.30022e-58 0)
(-1.11833e-58 1.12815e-59 0)
(-2.00265e-60 1.80972e-61 0)
(-3.21295e-62 2.95448e-63 0)
(-5.24558e-64 1.78295e-64 0)
(-2.88044e-66 6.42541e-65 0)
(2.87394e-66 -2.00665e-64 0)
(-2.92659e-66 -1.38979e-64 0)
(-3.08654e-66 -2.50034e-66 0)
(-1.9011e-66 6.98429e-65 0)
(1.97588e-66 1.20411e-64 0)
(2.83386e-66 -6.40003e-65 0)
(-1.91929e-66 -6.57173e-65 0)
(-2.00713e-66 6.6232e-65 0)
(8.25242e-68 7.0073e-65 0)
(1.893e-66 5.49357e-65 0)
(9.23195e-67 -5.22788e-65 0)
(-8.52794e-67 -1.71259e-66 0)
(-1.239e-67 -2.08734e-67 0)
(-1.47565e-68 5.94374e-66 0)
(-5.66437e-65 -1.00359e-65 0)
(-4.90953e-66 3.57975e-63 0)
(5.5491e-65 3.22581e-64 0)
(4.86084e-66 8.37566e-65 0)
(-1.67698e-66 -1.90521e-66 0)
(4.34978e-68 1.98069e-64 0)
(5.63522e-66 1.31173e-66 0)
(-5.39287e-66 -1.78393e-64 0)
(-4.85415e-37 -7.92587e-39 0)
(-1.1858e-38 -3.16317e-40 0)
(-4.81205e-40 -7.366e-42 0)
(-1.12304e-41 -2.46495e-43 0)
(-3.76087e-43 -5.45346e-45 0)
(-8.32074e-45 -1.55727e-46 0)
(-2.37627e-46 -3.25009e-48 0)
(-4.95912e-48 -8.09509e-50 0)
(-1.23524e-49 -1.58795e-51 0)
(-2.42293e-51 -3.50557e-53 0)
(-5.34899e-53 -6.44528e-55 0)
(-9.83406e-55 -1.276e-56 0)
(-1.94689e-56 -2.19374e-58 0)
(-3.34699e-58 -3.92848e-60 0)
(-5.99361e-60 -6.30234e-62 0)
(-9.61489e-62 -1.02725e-63 0)
(-1.56726e-63 -1.34662e-65 0)
(-2.33437e-65 6.62441e-67 0)
(-3.06533e-67 -2.81654e-66 0)
(-4.63311e-68 -1.94934e-66 0)
(-4.38455e-68 -3.51522e-68 0)
(-2.68176e-68 9.82349e-67 0)
(2.80283e-68 1.77054e-66 0)
(4.00502e-68 -8.94387e-67 0)
(-2.72221e-68 -9.2111e-67 0)
(-2.8471e-68 9.28598e-67 0)
(1.31601e-69 9.85308e-67 0)
(2.67057e-68 8.50204e-67 0)
(1.2948e-68 -8.12696e-67 0)
(-1.19588e-68 -2.66574e-68 0)
(-1.90671e-69 -2.70284e-69 0)
(-2.9085e-69 9.10219e-68 0)
(-8.82705e-67 1.12463e-68 0)
(-6.96332e-68 5.38907e-65 0)
(8.66361e-67 4.67443e-66 0)
(7.17936e-68 1.18589e-66 0)
(-2.36398e-68 5.75486e-68 0)
(4.79291e-70 2.77872e-66 0)
(7.9791e-68 1.62303e-68 0)
(-7.62389e-68 -2.57981e-66 0)
(1.72483e-37 -1.90993e-38 0)
(4.21399e-39 -9.08219e-40 0)
(1.70992e-40 -2.16022e-41 0)
(3.99105e-42 -7.26868e-43 0)
(1.3365e-43 -1.60889e-44 0)
(2.95726e-45 -4.59517e-46 0)
(8.44554e-47 -9.5884e-48 0)
(1.76272e-48 -2.38824e-49 0)
(4.39078e-50 -4.68389e-51 0)
(8.61345e-52 -1.03401e-52 0)
(1.90164e-53 -1.90078e-54 0)
(3.4965e-55 -3.76292e-56 0)
(6.92257e-57 -6.46834e-58 0)
(1.19021e-58 -1.15827e-59 0)
(2.13151e-60 -1.85792e-61 0)
(3.41968e-62 -3.02835e-63 0)
(5.57455e-64 -4.52115e-65 0)
(8.32976e-66 -6.61546e-67 0)
(1.24693e-67 -4.92626e-68 0)
(1.18222e-69 -2.77758e-68 0)
(-5.48691e-70 -4.98851e-70 0)
(-3.63648e-70 1.39354e-68 0)
(3.65988e-70 2.49742e-68 0)
(5.3668e-70 -1.26869e-68 0)
(-3.54914e-70 -1.30669e-68 0)
(-3.72179e-70 1.31697e-68 0)
(3.77622e-72 1.3976e-68 0)
(3.62535e-70 1.19195e-68 0)
(1.82914e-70 -1.13899e-68 0)
(-1.6956e-70 -3.78854e-70 0)
(-2.70078e-71 -3.11306e-71 0)
(-7.31299e-71 1.43216e-69 0)
(-1.24012e-68 2.73054e-69 0)
(-9.09105e-70 8.39835e-67 0)
(1.21872e-68 6.88709e-68 0)
(9.58395e-70 1.69563e-68 0)
(-3.0665e-70 6.79293e-70 0)
(2.07865e-71 3.94104e-68 0)
(1.05525e-69 2.24038e-70 0)
(-1.02222e-69 -3.64635e-68 0)
(5.02642e-37 7.69996e-39 0)
(1.22726e-38 4.61051e-40 0)
(4.98103e-40 1.1216e-41 0)
(1.16201e-41 3.79511e-43 0)
(3.89177e-43 8.40581e-45 0)
(8.60758e-45 2.40123e-46 0)
(2.45835e-46 5.0102e-48 0)
(5.12904e-48 1.24794e-49 0)
(1.27761e-49 2.44734e-51 0)
(2.50548e-51 5.40269e-53 0)
(5.53132e-53 9.93101e-55 0)
(1.01673e-54 1.96601e-56 0)
(2.01286e-56 3.37933e-58 0)
(3.45983e-58 6.05125e-60 0)
(6.19556e-60 9.70605e-62 0)
(9.93745e-62 1.58203e-63 0)
(1.61978e-63 2.36321e-65 0)
(2.41955e-65 3.52344e-67 0)
(3.60594e-67 4.36852e-69 0)
(4.99915e-69 -2.94275e-70 0)
(6.09907e-71 -5.64354e-72 0)
(-3.85426e-72 1.8247e-70 0)
(4.75943e-72 3.39193e-70 0)
(6.97658e-72 -1.65172e-70 0)
(-4.60289e-72 -1.7057e-70 0)
(-4.82976e-72 1.71944e-70 0)
(3.60327e-74 1.82944e-70 0)
(4.71748e-72 1.68355e-70 0)
(2.38697e-72 -1.61407e-70 0)
(-2.21395e-72 -5.38356e-72 0)
(-3.77563e-73 -3.524e-73 0)
(-1.48051e-72 2.02692e-71 0)
(-1.76105e-70 6.90977e-71 0)
(-1.17933e-71 1.17992e-68 0)
(1.73328e-70 9.32612e-70 0)
(1.29509e-71 2.23571e-70 0)
(-3.95207e-72 2.22902e-71 0)
(2.86552e-73 5.14844e-70 0)
(1.37042e-71 2.54566e-72 0)
(-1.32926e-71 -4.88632e-70 0)
(-3.43968e-37 1.14192e-38 0)
(-8.39717e-39 7.47393e-40 0)
(-3.40842e-40 1.83217e-41 0)
(-7.95042e-42 6.20978e-43 0)
(-2.66283e-43 1.37617e-44 0)
(-5.88881e-45 3.93129e-46 0)
(-1.68188e-46 8.20499e-48 0)
(-3.50866e-48 2.04366e-49 0)
(-8.73974e-50 4.00877e-51 0)
(-1.71375e-51 8.84969e-53 0)
(-3.78334e-53 1.62704e-54 0)
(-6.95364e-55 3.22104e-56 0)
(-1.37659e-56 5.53754e-58 0)
(-2.36596e-58 9.91617e-60 0)
(-4.23657e-60 1.59077e-61 0)
(-6.79473e-62 2.59296e-63 0)
(-1.10747e-63 3.87379e-65 0)
(-1.65415e-65 5.77336e-67 0)
(-2.46505e-67 8.00961e-69 0)
(-3.42216e-69 1.04875e-70 0)
(-4.68546e-71 1.32677e-72 0)
(-6.61467e-73 2.38632e-72 0)
(5.00206e-74 4.41385e-72 0)
(8.64157e-74 -2.14169e-72 0)
(-5.57375e-74 -2.21301e-72 0)
(-5.86258e-74 2.23042e-72 0)
(-1.42717e-75 2.37459e-72 0)
(5.91277e-74 2.19617e-72 0)
(3.08705e-74 -2.10634e-72 0)
(-2.8713e-74 -7.10993e-74 0)
(-4.93025e-75 -3.41698e-75 0)
(-2.45585e-74 2.87526e-73 0)
(-2.30292e-72 1.40271e-72 0)
(-1.42983e-73 1.67559e-70 0)
(2.26915e-72 1.26047e-71 0)
(1.61672e-73 2.9256e-72 0)
(-4.75876e-74 3.03255e-73 0)
(5.50074e-75 6.67954e-72 0)
(1.6804e-73 3.10687e-74 0)
(-1.64912e-73 -6.35234e-72 0)
(-3.41973e-37 -7.71594e-39 0)
(-8.36255e-39 -4.48635e-40 0)
(-3.39333e-40 -1.08643e-41 0)
(-7.92578e-42 -3.66255e-43 0)
(-2.65403e-43 -8.09329e-45 0)
(-5.87577e-45 -2.30481e-46 0)
(-1.67794e-46 -4.79778e-48 0)
(-3.50367e-48 -1.19137e-49 0)
(-8.72684e-50 -2.33072e-51 0)
(-1.71256e-51 -5.12954e-53 0)
(-3.78075e-53 -9.40482e-55 0)
(-6.95357e-55 -1.85613e-56 0)
(-1.37667e-56 -3.18189e-58 0)
(-2.36749e-58 -5.67999e-60 0)
(-4.23978e-60 -9.08474e-62 0)
(-6.80339e-62 -1.47606e-63 0)
(-1.10905e-63 -2.19827e-65 0)
(-1.65728e-65 -3.2653e-67 0)
(-2.47018e-67 -4.51902e-69 0)
(-3.43062e-69 -6.16024e-71 0)
(-4.68926e-71 -7.90832e-73 0)
(-6.04706e-73 1.89134e-74 0)
(-6.89872e-75 5.52235e-74 0)
(9.4505e-76 -2.59017e-74 0)
(-6.63419e-76 -2.68284e-74 0)
(-6.97469e-76 2.70422e-74 0)
(-2.34981e-77 2.88586e-74 0)
(7.09942e-76 2.83975e-74 0)
(3.7391e-76 -2.73048e-74 0)
(-3.48116e-76 -9.25266e-76 0)
(-6.2866e-77 -3.13862e-77 0)
(-3.82189e-76 3.75775e-75 0)
(-2.99069e-74 2.32941e-74 0)
(-1.70009e-75 2.19118e-72 0)
(2.95051e-74 1.5911e-73 0)
(2.00565e-75 3.58278e-74 0)
(-5.61844e-76 5.54371e-75 0)
(7.28356e-77 8.10301e-74 0)
(2.00487e-75 3.18666e-76 0)
(-1.97464e-75 -7.87693e-74 0)
(1.59749e-37 -6.93232e-39 0)
(3.87541e-39 -2.70394e-40 0)
(1.55699e-40 -6.17333e-42 0)
(3.60867e-42 -1.96497e-43 0)
(1.19643e-43 -4.21401e-45 0)
(2.62823e-45 -1.13363e-46 0)
(7.43101e-47 -2.26777e-48 0)
(1.53923e-48 -5.25456e-50 0)
(3.79566e-50 -9.72723e-52 0)
(7.38645e-52 -1.9601e-53 0)
(1.61423e-53 -3.32203e-55 0)
(2.94283e-55 -5.81969e-57 0)
(5.76633e-57 -8.8648e-59 0)
(9.82442e-59 -1.32576e-60 0)
(1.74082e-60 -1.73819e-62 0)
(2.76584e-62 -2.05634e-64 0)
(4.45934e-64 -1.9494e-66 0)
(6.59339e-66 -9.19601e-69 0)
(9.71463e-68 1.48526e-70 0)
(1.33387e-69 6.40272e-72 0)
(1.80099e-71 1.40483e-73 0)
(2.29118e-73 2.9364e-75 0)
(2.84678e-75 7.05852e-76 0)
(4.52454e-77 -3.07047e-76 0)
(-7.04786e-78 -3.19015e-76 0)
(-7.835e-78 3.21522e-76 0)
(-4.92576e-79 3.4348e-76 0)
(8.20792e-78 3.43838e-76 0)
(4.43505e-78 -3.30879e-76 0)
(-4.13824e-78 -1.13289e-77 0)
(-7.5632e-79 -2.12459e-79 0)
(-5.35242e-78 4.83854e-77 0)
(-3.63058e-76 3.62799e-76 0)
(-1.90865e-77 2.84558e-74 0)
(3.58537e-76 1.97768e-75 0)
(2.33389e-77 4.30004e-76 0)
(-6.26111e-78 7.2571e-77 0)
(1.06717e-78 9.63691e-76 0)
(2.27409e-77 3.38553e-78 0)
(-2.26308e-77 -9.42883e-76 0)
(-3.67996e-38 4.46643e-38 0)
(-1.02683e-39 2.30513e-39 0)
(-5.45943e-41 5.6227e-41 0)
(-1.43004e-42 2.28267e-42 0)
(-5.86727e-44 5.32166e-44 0)
(-1.44231e-45 1.78297e-45 0)
(-4.85201e-47 3.94071e-47 0)
(-1.11757e-48 1.12583e-48 0)
(-3.19779e-50 2.34722e-50 0)
(-6.88996e-52 5.8482e-52 0)
(-1.7181e-53 1.14606e-53 0)
(-3.45764e-55 2.5306e-55 0)
(-7.64206e-57 4.64849e-57 0)
(-1.43453e-58 9.20389e-59 0)
(-2.84446e-60 1.5811e-60 0)
(-4.97393e-62 2.83147e-62 0)
(-8.92603e-64 4.53934e-64 0)
(-1.45206e-65 7.39902e-66 0)
(-2.37331e-67 1.10479e-67 0)
(-3.58681e-69 1.6464e-69 0)
(-5.36292e-71 2.28501e-71 0)
(-7.5184e-73 3.12254e-73 0)
(-1.03129e-74 4.02734e-75 0)
(-1.33757e-76 4.70072e-77 0)
(-1.76843e-78 -2.98039e-78 0)
(-1.05816e-79 3.61656e-78 0)
(-6.9036e-81 3.86494e-78 0)
(9.08822e-80 4.07753e-78 0)
(4.97275e-80 -3.93173e-78 0)
(-4.64543e-80 -1.3526e-79 0)
(-8.81692e-81 -8.86115e-82 0)
(-7.15242e-80 5.83152e-79 0)
(-4.3209e-78 5.08307e-78 0)
(-2.08181e-79 3.45442e-76 0)
(4.27153e-78 2.32132e-77 0)
(2.66351e-79 4.87783e-78 0)
(-6.77672e-80 1.04395e-78 0)
(1.3083e-80 1.08252e-77 0)
(2.49382e-79 3.02496e-80 0)
(-2.49515e-79 -1.0801e-77 0)
(-1.69746e-36 6.15564e-41 0)
(-4.2907e-38 9.37654e-42 0)
(-2.26721e-39 2.50768e-43 0)
(-5.5515e-41 8.51264e-45 0)
(-2.28125e-42 1.94688e-46 0)
(-5.33475e-44 5.52827e-48 0)
(-1.80131e-45 1.18219e-49 0)
(-3.99173e-47 2.93306e-51 0)
(-1.14651e-48 5.86941e-53 0)
(-2.39568e-50 1.29323e-54 0)
(-5.99192e-52 2.41743e-56 0)
(-1.17646e-53 4.7844e-58 0)
(-2.60516e-55 8.34051e-60 0)
(-4.79324e-57 1.49512e-61 0)
(-9.51125e-59 2.42685e-63 0)
(-1.63618e-60 3.96425e-65 0)
(-2.93512e-62 5.98202e-67 0)
(-4.71116e-64 8.94204e-69 0)
(-7.68957e-66 1.25235e-70 0)
(-1.14936e-67 1.71783e-72 0)
(-1.71471e-69 2.2289e-74 0)
(-2.38194e-71 2.81008e-76 0)
(-3.25792e-73 3.45569e-78 0)
(-4.19719e-75 1.52965e-81 0)
(-5.27223e-77 -3.86341e-80 0)
(-6.29376e-79 3.93744e-80 0)
(-7.34816e-81 4.22144e-80 0)
(8.88076e-82 4.57043e-80 0)
(5.40447e-82 -4.41169e-80 0)
(-5.0659e-82 -1.53155e-81 0)
(-9.7601e-83 9.71662e-84 0)
(-8.86935e-82 6.84354e-81 0)
(-4.85589e-80 6.79477e-80 0)
(-2.15761e-81 4.1112e-78 0)
(4.8046e-80 2.65699e-79 0)
(2.88002e-81 5.37442e-80 0)
(-6.96657e-82 1.26941e-80 0)
(1.62868e-82 1.18116e-79 0)
(2.61008e-81 2.66494e-82 0)
(-2.6365e-81 -1.19045e-79 0)
(-4.76737e-38 -4.09738e-38 0)
(-1.30606e-39 -2.00388e-39 0)
(-6.57746e-41 -4.87373e-41 0)
(-1.70104e-42 -2.02782e-42 0)
(-6.76635e-44 -4.75719e-44 0)
(-1.64728e-45 -1.62167e-45 0)
(-5.43369e-47 -3.60435e-47 0)
(-1.24195e-48 -1.04204e-48 0)
(-3.5064e-50 -2.18297e-50 0)
(-7.50753e-52 -5.48561e-52 0)
(-1.85418e-53 -1.07943e-53 0)
(-3.71202e-55 -2.39871e-55 0)
(-8.14552e-57 -4.42186e-57 0)
(-1.5223e-58 -8.79809e-59 0)
(-3.0018e-60 -1.51603e-60 0)
(-5.22932e-62 -2.72541e-62 0)
(-9.34323e-64 -4.38096e-64 0)
(-1.51502e-65 -7.16301e-66 0)
(-2.46742e-67 -1.07203e-67 0)
(-3.71862e-69 -1.60163e-69 0)
(-5.54372e-71 -2.22738e-71 0)
(-7.75298e-73 -3.05016e-73 0)
(-1.06087e-74 -3.93346e-75 0)
(-1.37435e-76 -4.94592e-77 0)
(-1.72859e-78 -5.90521e-79 0)
(-2.0712e-80 -6.4091e-81 0)
(-2.40544e-82 3.6342e-82 0)
(7.22446e-84 4.96594e-82 0)
(5.5739e-84 -4.80927e-82 0)
(-5.24965e-84 -1.67853e-83 0)
(-1.0412e-84 2.84084e-85 0)
(-1.05137e-83 7.59256e-83 0)
(-5.30075e-82 8.42761e-82 0)
(-2.15807e-83 4.62016e-80 0)
(5.24937e-82 2.89229e-81 0)
(3.02603e-83 5.63118e-82 0)
(-6.90875e-84 1.56565e-82 0)
(1.8281e-84 1.22488e-81 0)
(2.62921e-83 1.85452e-84 0)
(-2.67393e-83 -1.25733e-81 0)
(-1.87842e-37 -1.26826e-39 0)
(-4.60341e-39 -5.86193e-41 0)
(-1.88519e-40 -1.50376e-42 0)
(-4.41554e-42 -6.03917e-44 0)
(-1.49151e-43 -1.47492e-45 0)
(-3.31318e-45 -4.90508e-47 0)
(-9.53997e-47 -1.12445e-48 0)
(-1.99976e-48 -3.19302e-50 0)
(-5.02041e-50 -6.85391e-52 0)
(-9.89509e-52 -1.69991e-53 0)
(-2.20113e-53 -3.41061e-55 0)
(-4.06777e-55 -7.50814e-57 0)
(-8.1128e-57 -1.40584e-58 0)
(-1.40246e-58 -2.7791e-60 0)
(-2.52971e-60 -4.84937e-62 0)
(-4.0821e-62 -8.68176e-64 0)
(-6.702e-64 -1.4098e-65 0)
(-1.00751e-65 -2.29983e-67 0)
(-1.51245e-67 -3.47045e-69 0)
(-2.11396e-69 -5.18081e-71 0)
(-2.91049e-71 -7.25358e-73 0)
(-3.7745e-73 -9.93677e-75 0)
(-4.77458e-75 -1.28859e-76 0)
(-5.73254e-77 -1.62231e-78 0)
(-6.6666e-79 -1.94514e-80 0)
(-7.39237e-81 -2.21011e-82 0)
(-7.9016e-83 1.90495e-84 0)
(-7.1022e-85 5.11966e-84 0)
(4.80197e-86 -4.98183e-84 0)
(-5.25675e-86 -1.75284e-85 0)
(-1.0586e-86 4.85482e-87 0)
(-1.17282e-85 8.13759e-85 0)
(-5.4982e-84 9.99166e-84 0)
(-2.05789e-85 5.04333e-82 0)
(5.44909e-84 3.04916e-83 0)
(3.03052e-85 5.69461e-84 0)
(-6.52845e-86 1.7471e-84 0)
(2.0079e-86 1.22574e-83 0)
(2.53188e-85 1.05598e-86 0)
(-2.59878e-85 -1.27469e-83 0)
(-4.83903e-39 -4.38376e-39 0)
(-1.26342e-40 -1.78834e-40 0)
(-5.09564e-42 -4.18624e-42 0)
(-1.25046e-43 -1.41378e-43 0)
(-4.17193e-45 -3.14023e-45 0)
(-9.60478e-47 -9.0418e-47 0)
(-2.73864e-48 -1.89525e-48 0)
(-5.90405e-50 -4.75814e-50 0)
(-1.47114e-51 -9.37801e-52 0)
(-2.96482e-53 -2.08619e-53 0)
(-6.55897e-55 -3.85537e-55 0)
(-1.23379e-56 -7.68957e-57 0)
(-2.4514e-58 -1.32932e-58 0)
(-4.29785e-60 -2.39793e-60 0)
(-7.73421e-62 -3.86957e-62 0)
(-1.26203e-63 -6.35345e-64 0)
(-2.06954e-65 -9.5515e-66 0)
(-3.13845e-67 -1.43394e-67 0)
(-4.70993e-69 -2.00432e-69 0)
(-6.62779e-71 -2.75973e-71 0)
(-9.12795e-73 -3.57917e-73 0)
(-1.18986e-74 -4.52778e-75 0)
(-1.50612e-76 -5.43654e-77 0)
(-1.81512e-78 -6.32276e-79 0)
(-2.1125e-80 -7.01148e-81 0)
(-2.3485e-82 -7.48983e-83 0)
(-2.51159e-84 -7.23382e-85 0)
(-2.47823e-86 4.38624e-86 0)
(2.80583e-88 -4.98698e-86 0)
(-5.02816e-88 -1.76299e-87 0)
(-1.03325e-88 6.48504e-89 0)
(-1.24943e-87 8.29276e-87 0)
(-5.50317e-86 1.11471e-85 0)
(-1.88475e-87 5.23108e-84 0)
(5.4581e-86 3.06955e-85 0)
(2.93044e-87 5.49412e-86 0)
(-5.92166e-88 1.90818e-86 0)
(2.05333e-88 1.16957e-85 0)
(2.33887e-87 8.29342e-90 0)
(-2.41977e-87 -1.23832e-85 0)
(-5.04108e-40 -1.20681e-40 0)
(-1.29704e-41 -4.84852e-42 0)
(-5.34886e-43 -1.18915e-43 0)
(-1.28745e-44 -3.96642e-45 0)
(-4.29867e-46 -9.13109e-47 0)
(-9.67903e-48 -2.60334e-48 0)
(-2.72908e-49 -5.61215e-50 0)
(-5.74158e-51 -1.39831e-51 0)
(-1.40409e-52 -2.81796e-53 0)
(-2.75622e-54 -6.23377e-55 0)
(-5.95321e-56 -1.17258e-56 0)
(-1.0888e-57 -2.3297e-58 0)
(-2.10401e-59 -4.08438e-60 0)
(-3.58012e-61 -7.34981e-62 0)
(-6.24701e-63 -1.19928e-63 0)
(-9.87521e-65 -1.96659e-65 0)
(-1.56628e-66 -2.98226e-67 0)
(-2.29675e-68 -4.47544e-69 0)
(-3.32649e-70 -6.2977e-71 0)
(-4.51757e-72 -8.67318e-73 0)
(-5.9927e-74 -1.13056e-74 0)
(-7.52407e-76 -1.43104e-76 0)
(-9.15643e-78 -1.72461e-78 0)
(-1.06075e-79 -2.00714e-80 0)
(-1.18479e-81 -2.23133e-82 0)
(-1.26362e-83 -2.38577e-84 0)
(-1.2946e-85 -2.40201e-86 0)
(-1.25975e-87 2.49574e-88 0)
(-7.02592e-90 -4.76865e-88 0)
(-4.68898e-90 -1.694e-89 0)
(-9.63103e-91 7.72685e-91 0)
(-1.26107e-89 8.12101e-89 0)
(-5.25111e-88 1.18762e-87 0)
(-1.64743e-89 5.23567e-86 0)
(5.21163e-88 2.978e-87 0)
(2.70885e-89 5.09287e-88 0)
(-5.12266e-90 1.94305e-88 0)
(2.02071e-90 1.0718e-87 0)
(2.0655e-89 -7.46668e-91 0)
(-2.15685e-89 -1.15255e-87 0)
(5.72114e-43 -2.57421e-41 0)
(1.53203e-44 -1.05649e-42 0)
(5.60717e-46 -2.53841e-44 0)
(1.38198e-47 -8.45633e-46 0)
(4.16002e-49 -1.90122e-47 0)
(9.4611e-51 -5.34955e-49 0)
(2.43167e-52 -1.12378e-50 0)
(5.1034e-54 -2.74276e-52 0)
(1.14597e-55 -5.37584e-54 0)
(2.21739e-57 -1.15893e-55 0)
(4.41563e-59 -2.11631e-57 0)
(7.86493e-61 -4.08201e-59 0)
(1.40243e-62 -6.93481e-61 0)
(2.29434e-64 -1.20787e-62 0)
(3.68444e-66 -1.90627e-64 0)
(5.51897e-68 -3.01805e-66 0)
(8.00003e-70 -4.41819e-68 0)
(1.0921e-71 -6.38755e-70 0)
(1.42684e-73 -8.65977e-72 0)
(1.76182e-75 -1.14666e-73 0)
(2.06056e-77 -1.43713e-75 0)
(2.27033e-79 -1.74569e-77 0)
(2.336e-81 -2.01863e-79 0)
(2.2297e-83 -2.25039e-81 0)
(1.92427e-85 -2.39554e-83 0)
(1.45157e-87 -2.44939e-85 0)
(8.45342e-90 -2.39072e-87 0)
(8.92153e-92 -1.79459e-89 0)
(4.20727e-92 -4.54514e-90 0)
(-4.00522e-92 -1.57521e-91 0)
(-8.57787e-93 8.30275e-93 0)
(-1.21378e-91 7.58204e-91 0)
(-4.81203e-90 1.19874e-89 0)
(-1.37799e-91 4.99574e-88 0)
(4.77893e-90 2.7637e-89 0)
(2.40701e-91 4.50886e-90 0)
(-4.23727e-92 1.90489e-90 0)
(1.87665e-92 9.37507e-90 0)
(1.74511e-91 -1.46481e-92 0)
(-1.83853e-91 -1.02688e-89 0)
(5.46634e-40 -1.17906e-40 0)
(1.40248e-41 -4.68132e-42 0)
(5.75916e-43 -1.14697e-43 0)
(1.38237e-44 -3.79391e-45 0)
(4.59701e-46 -8.72524e-47 0)
(1.0322e-47 -2.47188e-48 0)
(2.89913e-49 -5.32275e-50 0)
(6.08204e-51 -1.3195e-51 0)
(1.4818e-52 -2.65567e-53 0)
(2.90033e-54 -5.85018e-55 0)
(6.24175e-56 -1.09878e-56 0)
(1.13817e-57 -2.17522e-58 0)
(2.19158e-59 -3.8071e-60 0)
(3.71767e-61 -6.82896e-62 0)
(6.4642e-63 -1.1122e-63 0)
(1.01862e-64 -1.81842e-65 0)
(1.60994e-66 -2.75188e-67 0)
(2.35306e-68 -4.11815e-69 0)
(3.39605e-70 -5.78192e-71 0)
(4.59646e-72 -7.94092e-73 0)
(6.0756e-74 -1.03259e-74 0)
(7.60146e-76 -1.30339e-76 0)
(9.21686e-78 -1.56662e-78 0)
(1.06387e-79 -1.81799e-80 0)
(1.18379e-81 -2.01526e-82 0)
(1.25775e-83 -2.14844e-84 0)
(1.28352e-85 -2.19053e-86 0)
(1.25201e-87 -2.14132e-88 0)
(1.16987e-89 -2.04015e-90 0)
(1.04114e-91 -1.92748e-92 0)
(8.18304e-94 -6.98541e-95 0)
(-1.10269e-93 6.77668e-93 0)
(-4.20831e-92 1.15383e-91 0)
(-1.09937e-93 4.57787e-90 0)
(4.18184e-92 2.46284e-91 0)
(2.04595e-93 3.82228e-92 0)
(-3.3398e-94 1.76346e-92 0)
(1.66429e-94 7.84745e-92 0)
(1.40788e-93 -1.92413e-94 0)
(-1.49764e-93 -8.74948e-92 0)
(4.73371e-39 -4.65255e-39 0)
(1.23435e-40 -1.88137e-40 0)
(4.9208e-42 -4.38173e-42 0)
(1.20636e-43 -1.4676e-43 0)
(3.99131e-45 -3.24301e-45 0)
(9.17976e-47 -9.26425e-47 0)
(2.60083e-48 -1.93157e-48 0)
(5.6006e-50 -4.8126e-50 0)
(1.38845e-51 -9.43307e-52 0)
(2.79451e-53 -2.08302e-53 0)
(6.15623e-55 -3.82745e-55 0)
(1.15629e-56 -7.579e-57 0)
(2.28912e-58 -1.30239e-58 0)
(4.00653e-60 -2.33265e-60 0)
(7.18683e-62 -3.74082e-62 0)
(1.1705e-63 -6.09846e-64 0)
(1.91377e-65 -9.10863e-66 0)
(2.89622e-67 -1.35766e-67 0)
(4.3342e-69 -1.88479e-69 0)
(6.08532e-71 -2.57615e-71 0)
(8.3577e-73 -3.31719e-73 0)
(1.08679e-74 -4.16459e-75 0)
(1.37182e-76 -4.96259e-77 0)
(1.64889e-78 -5.7257e-79 0)
(1.91347e-80 -6.29803e-81 0)
(2.12111e-82 -6.67431e-83 0)
(2.2613e-84 -6.75733e-85 0)
(2.30562e-86 -6.56719e-87 0)
(2.25423e-88 -6.09971e-89 0)
(2.1074e-90 -5.42266e-91 0)
(1.88448e-92 -4.60203e-93 0)
(1.51267e-94 2.05022e-95 0)
(-3.50854e-94 1.05486e-93 0)
(-8.35689e-96 4.00342e-92 0)
(3.50145e-94 2.09949e-93 0)
(1.66613e-95 3.09317e-94 0)
(-2.50846e-96 1.55955e-94 0)
(1.39942e-96 6.26581e-94 0)
(1.08393e-95 -2.14415e-96 0)
(-1.16432e-95 -7.12403e-94 0)
(2.00381e-37 5.17773e-39 0)
(4.88564e-39 2.14597e-40 0)
(1.98338e-40 5.04167e-42 0)
(4.62211e-42 1.68805e-43 0)
(1.54843e-43 3.74569e-45 0)
(3.42197e-45 1.06889e-46 0)
(9.77576e-47 2.23578e-48 0)
(2.03832e-48 5.56567e-50 0)
(5.07852e-50 1.09373e-51 0)
(9.95452e-52 2.41357e-53 0)
(2.1981e-53 4.44402e-55 0)
(4.03891e-55 8.79572e-57 0)
(7.99736e-57 1.51399e-58 0)
(1.37426e-58 2.71083e-60 0)
(2.46124e-60 4.35313e-62 0)
(3.94693e-62 7.09561e-64 0)
(6.43411e-64 1.06094e-65 0)
(9.60957e-66 1.58131e-67 0)
(1.43224e-67 2.19718e-69 0)
(1.98824e-69 3.00336e-71 0)
(2.71737e-71 3.87e-73 0)
(3.49886e-73 4.85941e-75 0)
(4.39239e-75 5.79388e-77 0)
(5.23376e-77 6.68631e-79 0)
(6.03819e-79 7.35818e-81 0)
(6.64137e-81 7.79988e-83 0)
(7.03773e-83 7.90015e-85 0)
(7.12485e-85 7.68011e-87 0)
(6.92396e-87 7.13598e-89 0)
(6.43067e-89 6.34573e-91 0)
(5.71646e-91 5.38822e-93 0)
(4.85193e-93 4.41446e-95 0)
(3.65029e-95 9.52454e-96 0)
(2.42959e-97 3.3501e-94 0)
(2.7983e-96 1.71355e-95 0)
(1.29688e-97 2.39003e-96 0)
(-1.79133e-98 1.30815e-96 0)
(1.11915e-98 4.77295e-96 0)
(7.95252e-98 -2.12301e-98 0)
(-8.63049e-98 -5.53599e-96 0)
(-2.23063e-37 1.4404e-38 0)
(-5.46743e-39 7.50459e-40 0)
(-2.21713e-40 1.80211e-41 0)
(-5.18759e-42 6.07816e-43 0)
(-1.73612e-43 1.34572e-44 0)
(-3.8488e-45 3.84381e-46 0)
(-1.09856e-46 8.02025e-48 0)
(-2.29629e-48 1.99764e-49 0)
(-5.71721e-50 3.91765e-51 0)
(-1.12288e-51 8.64839e-53 0)
(-2.47811e-53 1.58973e-54 0)
(-4.5607e-55 3.14709e-56 0)
(-9.02689e-57 5.40952e-58 0)
(-1.55315e-58 9.68651e-60 0)
(-2.78089e-60 1.5537e-61 0)
(-4.46407e-62 2.53241e-63 0)
(-7.27602e-64 3.78282e-65 0)
(-1.08758e-65 5.63741e-67 0)
(-1.62088e-67 7.82669e-69 0)
(-2.25156e-69 1.0696e-70 0)
(-3.07735e-71 1.3773e-72 0)
(-3.9644e-73 1.72892e-74 0)
(-4.97728e-75 2.06018e-76 0)
(-5.93315e-77 2.37673e-78 0)
(-6.84606e-79 2.61419e-80 0)
(-7.53251e-81 2.77012e-82 0)
(-7.98346e-83 2.80443e-84 0)
(-8.08464e-85 2.7253e-86 0)
(-7.85823e-87 2.53113e-88 0)
(-7.30025e-89 2.24998e-90 0)
(-6.4908e-91 1.90972e-92 0)
(-5.51052e-93 1.54738e-94 0)
(-4.46799e-95 1.2709e-96 0)
(-3.45351e-97 2.6825e-96 0)
(1.87619e-98 1.33683e-97 0)
(9.46393e-100 1.76011e-98 0)
(-1.21592e-100 1.04392e-98 0)
(8.48929e-101 3.46176e-98 0)
(5.55324e-100 -1.92282e-100 0)
(-6.09088e-100 -4.10164e-98 0)
(-6.2624e-37 -4.70713e-39 0)
(-1.53009e-38 -3.74071e-40 0)
(-6.20935e-40 -9.30385e-42 0)
(-1.44931e-41 -3.16301e-43 0)
(-4.85334e-43 -7.01631e-45 0)
(-1.07385e-44 -2.00412e-46 0)
(-3.06658e-46 -4.18446e-48 0)
(-6.39998e-48 -1.04206e-49 0)
(-1.59402e-49 -2.04467e-51 0)
(-3.12671e-51 -4.51309e-53 0)
(-6.90216e-53 -8.29927e-55 0)
(-1.26894e-54 -1.64279e-56 0)
(-2.51197e-56 -2.82471e-58 0)
(-4.31834e-58 -5.05771e-60 0)
(-7.73242e-60 -8.1146e-62 0)
(-1.24038e-61 -1.32257e-63 0)
(-2.02169e-63 -1.97602e-65 0)
(-3.02014e-65 -2.94477e-67 0)
(-4.50075e-67 -4.08904e-69 0)
(-6.24893e-69 -5.58818e-71 0)
(-8.53978e-71 -7.19672e-73 0)
(-1.09969e-72 -9.03427e-75 0)
(-1.38043e-74 -1.07664e-76 0)
(-1.64496e-76 -1.24211e-78 0)
(-1.89771e-78 -1.36634e-80 0)
(-2.08735e-80 -1.44791e-82 0)
(-2.21186e-82 -1.46595e-84 0)
(-2.23928e-84 -1.42466e-86 0)
(-2.1761e-86 -1.32325e-88 0)
(-2.02108e-88 -1.17633e-90 0)
(-1.79659e-90 -9.98498e-93 0)
(-1.52491e-92 -8.09074e-95 0)
(-1.23556e-94 -6.24212e-97 0)
(-9.54115e-97 1.57621e-98 0)
(-6.86011e-99 9.62801e-100 0)
(-4.21877e-101 1.23211e-100 0)
(-1.10588e-102 7.90342e-101 0)
(6.08693e-103 2.3882e-100 0)
(3.68545e-102 -1.60988e-102 0)
(-4.08728e-102 -2.89334e-100 0)
(2.06909e-37 -1.41427e-38 0)
(5.04679e-39 -9.29283e-40 0)
(2.04889e-40 -2.27949e-41 0)
(4.77601e-42 -7.72564e-43 0)
(1.59988e-43 -1.71247e-44 0)
(3.53624e-45 -4.89141e-46 0)
(1.0101e-46 -1.02103e-47 0)
(2.10631e-48 -2.54286e-49 0)
(5.24714e-50 -4.98845e-51 0)
(1.02853e-51 -1.10113e-52 0)
(2.27078e-53 -2.02459e-54 0)
(4.17241e-55 -4.0077e-56 0)
(8.26031e-57 -6.89021e-58 0)
(1.41937e-58 -1.23374e-59 0)
(2.54162e-60 -1.97921e-61 0)
(4.07553e-62 -3.22589e-63 0)
(6.64265e-64 -4.81935e-65 0)
(9.92011e-66 -7.18207e-67 0)
(1.47829e-67 -9.97223e-69 0)
(2.05194e-69 -1.36282e-70 0)
(2.80399e-71 -1.75501e-72 0)
(3.60996e-73 -2.20311e-74 0)
(4.53118e-75 -2.62539e-76 0)
(5.39845e-77 -3.02885e-78 0)
(6.22728e-79 -3.33166e-80 0)
(6.84846e-81 -3.53049e-82 0)
(7.25616e-83 -3.57438e-84 0)
(7.34501e-85 -3.47363e-86 0)
(7.13695e-87 -3.22629e-88 0)
(6.62763e-89 -2.86802e-90 0)
(5.89078e-91 -2.43439e-92 0)
(4.99933e-93 -1.97252e-94 0)
(4.05023e-95 -1.52325e-96 0)
(3.12728e-97 -1.10516e-98 0)
(2.29996e-99 -7.12104e-101 0)
(1.61114e-101 3.03629e-103 0)
(1.01826e-103 5.64365e-103 0)
(4.83035e-105 1.56449e-102 0)
(2.32142e-104 -1.2548e-104 0)
(-2.60388e-104 -1.94064e-102 0)
(4.24144e-37 4.88656e-39 0)
(1.03711e-38 1.86569e-40 0)
(4.20791e-40 4.29787e-42 0)
(9.82755e-42 1.43713e-43 0)
(3.29049e-43 3.16781e-45 0)
(7.28417e-45 9.05187e-47 0)
(2.07991e-46 1.88379e-48 0)
(4.34257e-48 4.69422e-50 0)
(1.08152e-49 9.18639e-52 0)
(2.12216e-51 2.02851e-53 0)
(4.68449e-53 3.72213e-55 0)
(8.6148e-55 7.36932e-57 0)
(1.70537e-56 1.26481e-58 0)
(2.93243e-58 2.26476e-60 0)
(5.25092e-60 3.62803e-62 0)
(8.42495e-62 5.91252e-64 0)
(1.37323e-63 8.82241e-66 0)
(2.05181e-65 1.31444e-67 0)
(3.05788e-67 1.82322e-69 0)
(4.2463e-69 2.49079e-71 0)
(5.8034e-71 3.20476e-73 0)
(7.47422e-73 4.02134e-75 0)
(9.3831e-75 4.78843e-77 0)
(1.11826e-76 5.52173e-79 0)
(1.29019e-78 6.06957e-81 0)
(1.41928e-80 6.42859e-83 0)
(1.50408e-82 6.50442e-85 0)
(1.52289e-84 6.31782e-87 0)
(1.48005e-86 5.86454e-89 0)
(1.37476e-88 5.21058e-91 0)
(1.22217e-90 4.42036e-93 0)
(1.03745e-92 3.57987e-95 0)
(8.40665e-95 2.76309e-97 0)
(6.4923e-97 2.03149e-99 0)
(4.77349e-99 1.42323e-101 0)
(3.33647e-101 9.92753e-104 0)
(2.21341e-103 4.45203e-105 0)
(1.41876e-105 9.72099e-105 0)
(1.46763e-106 -9.13386e-107 0)
(-1.57187e-106 -1.23572e-104 0)
(1.04983e-38 9.78338e-39 0)
(2.74029e-40 3.94666e-40 0)
(1.09508e-41 9.19985e-42 0)
(2.68519e-43 3.07623e-43 0)
(8.88844e-45 6.80161e-45 0)
(2.04365e-46 1.9405e-46 0)
(5.78712e-48 4.04735e-48 0)
(1.24538e-49 1.00738e-49 0)
(3.08415e-51 1.97494e-51 0)
(6.20184e-53 4.35741e-53 0)
(1.36439e-54 8.0072e-55 0)
(2.55992e-56 1.58446e-56 0)
(5.06025e-58 2.72273e-58 0)
(8.84612e-60 4.87374e-60 0)
(1.58429e-61 7.81532e-62 0)
(2.577e-63 1.27347e-63 0)
(4.20672e-65 1.9018e-65 0)
(6.3578e-67 2.83349e-67 0)
(9.49958e-69 3.93302e-69 0)
(1.33196e-70 5.37374e-71 0)
(1.82656e-72 6.91826e-73 0)
(2.37194e-74 8.68284e-75 0)
(2.98966e-76 1.03446e-76 0)
(3.58868e-78 1.1932e-78 0)
(4.15876e-80 1.31221e-80 0)
(4.60407e-82 1.39027e-82 0)
(4.90195e-84 1.40728e-84 0)
(4.99185e-86 1.36739e-86 0)
(4.87465e-88 1.2698e-88 0)
(4.55183e-90 1.12862e-90 0)
(4.06589e-92 9.57833e-93 0)
(3.46839e-94 7.75997e-95 0)
(2.82353e-96 5.99173e-97 0)
(2.19061e-98 4.40466e-99 0)
(1.61773e-100 3.07815e-101 0)
(1.13553e-102 2.04228e-103 0)
(7.56423e-105 1.3088e-105 0)
(4.79075e-107 6.50869e-107 0)
(1.05722e-108 -5.80621e-109 0)
(-8.88587e-109 -7.47232e-107 0)
)
;

boundaryField
{
    leftWall
    {
        type            fixedValue;
        value           nonuniform 0();
    }
    rightWall
    {
        type            fixedValue;
        value           uniform (0 0 0);
    }
    lowerWall
    {
        type            fixedValue;
        value           nonuniform 0();
    }
    atmosphere
    {
        type            pressureInletOutletVelocity;
        value           nonuniform List<vector> 
45
(
(5.78402e-35 1.05708e-31 0)
(2.17643e-33 2.97227e-33 0)
(7.34014e-35 2.38901e-34 0)
(6.32162e-36 6.67588e-36 0)
(1.96486e-37 3.84924e-37 0)
(1.04983e-38 9.78338e-39 0)
(2.74029e-40 3.94666e-40 0)
(1.09508e-41 9.19985e-42 0)
(2.68519e-43 3.07623e-43 0)
(8.88844e-45 6.80161e-45 0)
(2.04365e-46 1.9405e-46 0)
(5.78712e-48 4.04735e-48 0)
(1.24538e-49 1.00738e-49 0)
(3.08415e-51 1.97494e-51 0)
(6.20184e-53 4.35741e-53 0)
(1.36439e-54 8.0072e-55 0)
(2.55992e-56 1.58446e-56 0)
(5.06025e-58 2.72273e-58 0)
(8.84612e-60 4.87374e-60 0)
(1.58429e-61 7.81532e-62 0)
(2.577e-63 1.27347e-63 0)
(4.20672e-65 1.9018e-65 0)
(6.3578e-67 2.83349e-67 0)
(9.49958e-69 3.93302e-69 0)
(1.33196e-70 5.37374e-71 0)
(1.82656e-72 6.91826e-73 0)
(2.37194e-74 8.68284e-75 0)
(2.98966e-76 1.03446e-76 0)
(3.58868e-78 1.1932e-78 0)
(4.15876e-80 1.31221e-80 0)
(4.60407e-82 1.39027e-82 0)
(4.90195e-84 1.40728e-84 0)
(4.99185e-86 1.36739e-86 0)
(4.87465e-88 1.2698e-88 0)
(4.55183e-90 1.12862e-90 0)
(4.06589e-92 9.57833e-93 0)
(3.46839e-94 7.75997e-95 0)
(2.82353e-96 5.99173e-97 0)
(2.19061e-98 4.40466e-99 0)
(1.61773e-100 3.07815e-101 0)
(1.13553e-102 2.04228e-103 0)
(7.56423e-105 1.3088e-105 0)
(4.79075e-107 6.50869e-107 0)
(0 -5.80621e-109 0)
(0 -7.47232e-107 0)
)
;
    }
    defaultFaces
    {
        type            empty;
    }
    procBoundary3to1
    {
        type            processor;
        value           nonuniform List<vector> 
45
(
(2.93167e-39 2.68257e-39 0)
(5.31914e-38 9.99677e-38 0)
(1.71415e-36 1.72318e-36 0)
(2.08443e-35 6.05895e-35 0)
(6.5904e-34 7.03097e-34 0)
(4.46103e-33 2.60709e-32 0)
(1.64152e-31 2.49109e-32 0)
(1.60324e-31 -5.16661e-32 0)
(-1.60306e-31 -5.16168e-32 0)
(-1.63531e-31 2.55432e-32 0)
(1.66706e-35 5.21977e-32 0)
(1.64154e-31 2.61722e-32 0)
(1.64757e-31 -2.54928e-32 0)
(4.44917e-33 -2.61229e-32 0)
(6.211e-34 -6.30129e-34 0)
(1.66688e-35 -5.04398e-35 0)
(1.26989e-36 -1.21026e-36 0)
(-3.15947e-38 -1.94796e-37 0)
(-2.5117e-36 -2.35064e-36 0)
(-3.2066e-35 -9.96737e-35 0)
(-1.22556e-33 -1.20988e-33 0)
(-8.27848e-33 -5.16167e-32 0)
(-3.2508e-31 -2.49118e-32 0)
(-1.64152e-31 7.72597e-32 0)
(1.60324e-31 5.28293e-32 0)
(1.67991e-31 7.08464e-34 0)
(1.65716e-31 -2.36099e-32 0)
(5.0857e-33 1.1676e-31 0)
(4.73477e-33 2.79049e-32 0)
(1.64783e-31 2.55207e-32 0)
(1.64781e-31 -2.55166e-32 0)
(4.78081e-33 -2.37398e-32 0)
(2.83105e-34 1.39259e-31 0)
(-3.21295e-34 -1.3994e-31 0)
(3.3418e-34 -2.38313e-33 0)
(4.10645e-35 7.32548e-35 0)
(1.24977e-33 1.26043e-33 0)
(9.24036e-33 5.22603e-32 0)
(3.28957e-31 5.30992e-32 0)
(3.25959e-31 -7.59628e-32 0)
(-1.47884e-31 -2.43901e-32 0)
(1.57113e-31 1.65422e-31 0)
(-4.76331e-33 -7.37655e-32 0)
(-3.21595e-31 -2.97957e-33 0)
(-7.88722e-33 -9.06353e-32 0)
)
;
    }
    procBoundary3to2
    {
        type            processor;
        value           nonuniform List<vector> 
43
(
(2.96569e-39 5.33672e-43 0)
(8.14751e-41 -1.14175e-40 0)
(7.65714e-42 -2.23125e-41 0)
(-2.12403e-41 -9.06039e-40 0)
(-1.06157e-39 -1.65174e-38 0)
(-2.70128e-38 -7.80331e-37 0)
(-1.78642e-36 -9.35858e-36 0)
(-8.24385e-35 -4.54243e-34 0)
(-3.85588e-33 -1.96782e-35 0)
(-7.86431e-34 -4.00545e-34 0)
(-3.4451e-32 -5.43927e-33 0)
(1.38768e-33 -2.53742e-31 0)
(6.97128e-32 5.02273e-33 0)
(4.12549e-35 2.58888e-31 0)
(-3.51441e-32 5.58791e-33 0)
(-7.19848e-34 8.72285e-34 0)
(6.38467e-36 4.09624e-35 0)
(7.42187e-34 9.6163e-34 0)
(3.88714e-32 5.26572e-33 0)
(-4.28469e-32 2.85505e-31 0)
(-1.20825e-31 -3.1041e-31 0)
(4.11637e-32 -6.02476e-31 0)
(1.23292e-31 -8.25169e-33 0)
(-4.38167e-32 3.02611e-31 0)
(-1.27841e-31 -3.29469e-31 0)
(8.74907e-32 -6.36139e-31 0)
(8.65434e-32 3.13594e-31 0)
(-4.21045e-32 4.32333e-35 0)
(-1.83313e-33 3.95472e-33 0)
(-5.26916e-32 -1.2197e-32 0)
(5.35952e-34 -3.42662e-31 0)
(4.65283e-32 -7.39382e-33 0)
(9.54602e-34 -1.15158e-33 0)
(7.95924e-35 -2.66641e-35 0)
(-1.04148e-37 -4.42692e-36 0)
(-8.76956e-35 -2.75318e-35 0)
(-9.80388e-34 -1.26529e-33 0)
(-5.123e-32 -6.94924e-33 0)
(5.6029e-32 -3.76284e-31 0)
(1.58881e-31 4.05864e-31 0)
(-5.2772e-32 7.92038e-31 0)
(-1.07375e-31 1.82085e-32 0)
(-2.12124e-33 2.72681e-33 0)
)
;
    }
}


// ************************************************************************* //
