/*--------------------------------*- C++ -*----------------------------------*\
| =========                 |                                                 |
| \\      /  F ield         | OpenFOAM: The Open Source CFD Toolbox           |
|  \\    /   O peration     | Version:  2.4.0                                 |
|   \\  /    A nd           | Web:      www.OpenFOAM.org                      |
|    \\/     M anipulation  |                                                 |
\*---------------------------------------------------------------------------*/
FoamFile
{
    version     2.0;
    format      ascii;
    class       surfaceScalarField;
    location    "0.9";
    object      phi;
}
// * * * * * * * * * * * * * * * * * * * * * * * * * * * * * * * * * * * * * //

dimensions      [0 3 -1 0 0 0 0];

internalField   nonuniform List<scalar> 
3781
(
4.68725e-39
1.28452e-40
2.35542e-38
6.57802e-40
3.43296e-38
3.86029e-39
5.98678e-37
2.75288e-39
1.12401e-40
-7.41496e-39
-5.97905e-37
-7.39674e-39
-2.89264e-38
2.89865e-39
4.84398e-39
4.64701e-39
5.39348e-38
5.19493e-39
6.37837e-37
6.8886e-39
6.2763e-37
-3.84148e-39
-5.35282e-37
-1.01678e-38
2.90643e-38
2.75281e-39
6.04165e-37
6.61251e-39
3.51005e-38
-2.90133e-39
2.36783e-38
-3.8816e-39
4.74463e-39
-6.59745e-40
6.59589e-40
-1.27653e-40
9.95778e-41
-1.85711e-41
1.28599e-41
-2.69435e-42
1.65596e-42
-3.43287e-43
1.94839e-43
-4.22767e-44
2.25611e-44
-4.79844e-45
4.82001e-45
-4.70317e-46
2.27833e-44
4.75633e-46
1.96983e-43
4.84713e-45
1.67582e-42
4.27464e-44
1.30319e-41
3.47555e-43
1.01034e-40
2.73172e-42
6.70748e-40
1.8871e-41
4.83095e-39
1.29995e-40
2.4235e-38
6.75536e-40
3.91597e-38
3.98999e-39
6.22899e-37
3.428e-39
3.91597e-38
-3.428e-39
2.4235e-38
-3.98999e-39
4.83095e-39
-6.75537e-40
6.70748e-40
-1.29995e-40
1.01034e-40
-1.88723e-41
1.30285e-41
-2.74072e-42
1.65785e-42
-4.08338e-43
1.27277e-43
-3.94232e-43
-2.09038e-43
-1.86872e-42
-7.0376e-42
1.83597e-39
-1.54952e-40
8.69342e-39
-1.10099e-39
4.38289e-38
-6.00432e-39
6.77767e-38
-4.11819e-39
5.39571e-41
1.14458e-38
-6.74229e-38
1.14197e-38
-4.16589e-38
-4.33933e-39
1.91877e-39
-7.30556e-39
5.10166e-38
-8.24003e-39
1.13517e-37
-1.05417e-38
7.8638e-38
5.97769e-39
-1.30315e-38
1.55639e-38
1.0915e-38
-4.11811e-39
6.99862e-38
-1.01219e-38
4.41815e-38
4.34281e-39
8.75379e-39
6.03453e-39
1.87145e-39
1.1067e-39
2.99173e-40
1.95187e-40
4.74405e-41
2.64991e-41
6.53784e-42
3.48525e-42
8.70999e-43
4.11067e-43
1.06323e-43
4.70458e-44
1.26151e-44
5.03529e-45
2.75889e-45
4.70876e-46
1.27443e-44
-4.75765e-46
1.07547e-43
-5.08195e-45
8.82065e-43
-4.75162e-44
6.63139e-42
-4.15575e-43
4.82025e-41
-3.52716e-42
3.04815e-40
-2.6862e-41
1.91214e-39
-1.98251e-40
9.00377e-39
-1.12962e-39
4.57407e-38
-6.20239e-39
7.67732e-38
-5.24732e-39
4.57407e-38
5.24732e-39
9.00377e-39
6.20239e-39
1.91214e-39
1.12962e-39
3.04814e-40
1.9825e-40
4.81973e-41
2.68543e-41
6.60122e-42
3.47015e-42
7.22704e-43
2.5631e-44
-5.16091e-43
-2.24122e-42
-2.08259e-42
-1.23353e-41
-4.75332e-41
5.03546e-40
-6.76566e-41
1.92955e-39
-4.44078e-40
7.54776e-39
-1.9896e-39
1.09609e-38
-1.23717e-39
1.85965e-41
3.76777e-39
-1.0849e-38
3.75551e-39
-6.94328e-39
-1.33433e-39
5.27804e-40
-2.52041e-39
9.08082e-39
-2.89257e-39
1.90334e-38
-3.41005e-39
1.34931e-38
1.97676e-39
-8.61962e-40
5.00486e-39
2.55074e-39
-1.23706e-39
1.15785e-38
-3.22611e-39
7.65899e-39
1.33605e-39
1.94963e-39
2.00367e-39
5.11639e-40
4.46416e-40
9.29538e-41
8.50044e-41
1.62134e-41
1.25001e-41
2.38959e-42
1.72692e-42
3.34962e-43
2.13632e-43
4.25114e-44
2.53106e-44
5.20356e-45
2.79739e-45
1.166e-45
2.67605e-46
5.25911e-45
-2.70509e-46
4.30276e-44
-2.82454e-45
3.3951e-43
-2.55779e-44
2.42683e-42
-2.16128e-43
1.65047e-41
-1.74937e-42
9.49981e-41
-1.26878e-41
5.25377e-40
-8.65121e-41
2.0257e-39
-4.57139e-40
8.07287e-39
-2.07575e-39
1.29838e-38
-1.69399e-39
8.07287e-39
1.69399e-39
2.0257e-39
2.07575e-39
5.25377e-40
4.57138e-40
9.49929e-41
8.65065e-41
1.64698e-41
1.26421e-41
2.22122e-42
1.41091e-42
-7.60363e-43
-2.13126e-42
-4.32272e-42
-1.39776e-41
-1.48852e-41
-7.69683e-41
-3.03306e-40
1.00859e-40
-2.7284e-41
3.15538e-40
-1.38159e-40
9.98059e-40
-5.64207e-40
1.37177e-39
-3.35474e-40
4.56317e-42
1.06477e-39
-1.34624e-39
1.06063e-39
-8.74949e-40
-3.66978e-40
1.06132e-40
-7.26406e-40
1.23745e-39
-8.38741e-40
2.4751e-39
-9.57566e-40
1.80961e-39
5.57968e-40
6.87619e-41
1.39985e-39
4.4241e-40
-3.34962e-40
1.49793e-39
-8.97167e-40
1.02333e-39
3.67597e-40
3.20246e-40
5.67296e-40
1.02202e-40
1.36437e-40
2.08718e-41
2.77851e-41
3.94288e-42
4.31785e-42
6.15492e-43
6.2482e-43
8.98913e-44
8.02837e-44
1.17852e-44
9.80994e-45
1.47937e-45
1.11205e-45
3.38284e-46
1.08401e-46
1.49571e-45
-1.09618e-46
1.19346e-44
-1.12325e-45
9.11798e-44
-9.91822e-45
6.25777e-43
-8.12736e-44
4.02065e-42
-6.33491e-43
2.13945e-41
-4.38808e-42
1.05506e-40
-2.83274e-41
3.36994e-40
-1.4011e-40
1.10343e-39
-5.90602e-40
1.70804e-39
-4.74992e-40
1.10343e-39
4.74992e-40
3.36993e-40
5.90602e-40
1.05502e-40
1.40107e-40
2.13623e-41
2.82972e-41
3.79909e-42
4.14038e-42
-6.972e-43
-1.22631e-42
-7.09522e-42
-1.30309e-41
-2.90143e-41
-7.97916e-41
-1.00745e-40
-4.49175e-40
-1.82182e-39
1.75854e-41
-4.08913e-41
4.43524e-41
-4.86496e-41
1.01569e-40
-1.33638e-40
1.27284e-40
-7.25993e-41
1.03012e-42
2.29281e-40
-1.21939e-40
2.28799e-40
-7.881e-41
-7.73135e-41
1.91182e-41
-1.59659e-40
1.32082e-40
-1.85317e-40
2.47286e-40
-2.05629e-40
1.93194e-40
1.20342e-40
4.1221e-41
2.99465e-40
6.70671e-41
-6.94602e-41
1.50196e-40
-1.9088e-40
1.06357e-40
7.74574e-41
4.48426e-41
1.22725e-40
1.82753e-41
3.14853e-41
4.15676e-42
6.75752e-42
8.45868e-43
1.10011e-42
1.3868e-43
1.65206e-43
2.10045e-44
2.19037e-44
2.83124e-45
2.74342e-45
3.63347e-46
3.17526e-46
8.45415e-47
3.14236e-47
3.67484e-46
-3.17862e-47
2.8685e-45
-3.2082e-46
2.13201e-44
-2.7748e-45
1.41143e-43
-2.21858e-44
8.63957e-43
-1.67624e-43
4.27371e-42
-1.1192e-42
1.89768e-41
-6.90019e-42
4.81113e-41
-3.24147e-41
1.20196e-40
-1.28339e-40
1.7506e-40
-1.01853e-40
1.20196e-40
1.01853e-40
4.81082e-41
1.28337e-40
1.89514e-41
3.23978e-41
4.084e-42
6.75199e-42
-4.60045e-43
-1.14866e-43
-7.88984e-42
-9.24881e-42
-4.44286e-41
-6.77531e-41
-1.83435e-40
-4.23228e-40
-6.50545e-40
-2.45775e-39
-1.03532e-38
-4.97357e-43
-2.15431e-40
9.13799e-42
-1.09603e-40
9.53421e-42
-9.67408e-41
8.24658e-42
-3.1725e-41
4.89707e-43
4.1086e-41
-6.06986e-42
4.42954e-41
-3.59657e-42
-1.50937e-41
3.14404e-42
-3.1787e-41
1.0817e-41
-3.69897e-41
1.75108e-41
-4.03277e-41
1.62691e-41
2.36228e-41
9.64989e-42
5.85467e-41
9.38434e-42
-1.32899e-41
1.09191e-41
-3.71525e-41
8.25791e-42
1.50165e-41
5.7008e-42
2.41552e-41
2.98245e-42
6.46004e-42
7.42457e-43
1.44966e-42
1.60302e-43
2.44999e-43
2.73492e-44
3.79844e-44
4.26652e-45
5.16954e-45
5.88576e-46
6.61353e-46
7.69521e-47
7.78966e-47
1.81733e-47
7.8091e-48
7.7851e-47
-7.90135e-48
5.96572e-46
-7.87252e-47
4.33319e-45
-6.69152e-46
2.78597e-44
-5.2386e-45
1.63962e-43
-3.8566e-44
7.65387e-43
-2.4949e-43
3.11422e-42
-1.48232e-42
6.27437e-42
-6.66573e-42
1.04428e-41
-2.53494e-41
1.33143e-41
-1.99505e-41
1.0441e-41
1.99497e-41
6.25787e-42
2.53417e-41
2.9779e-42
6.59302e-42
-2.67324e-43
8.37472e-43
-7.15843e-42
-5.20466e-42
-4.52328e-41
-4.23997e-41
-2.56172e-40
-3.13389e-40
-1.08531e-39
-2.0238e-39
-3.94626e-39
-1.22385e-38
-5.42317e-38
-1.55215e-41
-1.20633e-39
2.70481e-41
-5.76259e-40
1.4861e-41
-4.16519e-40
7.19462e-42
-1.04342e-40
1.9249e-42
-1.45024e-41
9.19067e-43
4.15541e-42
5.09618e-43
-3.209e-42
5.08786e-43
-5.75638e-42
5.30435e-43
-6.63372e-42
3.06086e-43
-7.1148e-42
9.22869e-43
4.16889e-42
1.79788e-42
1.02978e-41
1.29788e-42
-2.29243e-42
2.7337e-43
-6.50842e-42
3.14467e-43
2.62235e-42
7.11453e-43
4.27365e-42
4.6903e-43
1.18362e-42
1.24974e-43
2.75481e-43
2.82383e-44
4.8041e-44
4.96914e-45
7.64759e-45
7.93896e-46
1.06401e-45
1.11612e-46
1.38574e-46
1.48208e-47
1.65681e-47
3.54409e-48
1.67941e-48
1.49977e-47
-1.69966e-48
1.13169e-46
-1.67482e-47
8.06708e-46
-1.40252e-46
5.06571e-45
-1.07868e-45
2.8917e-44
-7.76918e-45
1.2912e-43
-4.89626e-44
4.92074e-43
-2.82032e-43
8.06583e-43
-1.22373e-42
6.4842e-43
-4.49897e-42
4.57905e-43
-3.51538e-42
6.39397e-43
3.51221e-42
7.26186e-43
4.47018e-42
-1.80739e-43
9.49016e-43
-5.0479e-42
-2.19146e-42
-3.73969e-41
-2.12858e-41
-2.36733e-40
-1.70227e-40
-1.37798e-39
-1.3018e-39
-6.03062e-39
-8.80632e-39
-2.26628e-38
-5.64373e-38
-2.68161e-37
-2.80296e-41
-6.43417e-39
1.99872e-40
-2.9448e-39
9.66584e-41
-2.12251e-39
4.56681e-41
-5.11688e-40
1.11103e-41
-1.07893e-40
2.59453e-42
-1.66232e-41
5.64271e-43
-3.16854e-42
1.39474e-43
-1.31913e-42
-1.67816e-44
-1.15832e-42
-1.69367e-43
-1.18604e-42
-5.47236e-45
6.91067e-43
2.93517e-43
1.70478e-42
1.79275e-43
-3.73696e-43
-8.54069e-44
-1.07384e-42
-4.02625e-44
4.31993e-43
8.99725e-44
7.10592e-43
7.07841e-44
2.02082e-43
1.97988e-44
4.84609e-44
4.62582e-45
8.66782e-45
8.33986e-46
1.41025e-45
1.35814e-46
1.99811e-46
1.93957e-47
2.64154e-47
2.60933e-48
3.19824e-48
6.30655e-49
3.27239e-49
2.64105e-48
-3.31253e-49
1.96723e-47
-3.23366e-48
1.38065e-46
-2.67422e-47
8.5073e-46
-2.02639e-46
4.74159e-45
-1.43339e-45
2.04915e-44
-8.84052e-45
7.45332e-44
-4.96655e-44
1.04832e-43
-2.09293e-43
8.63063e-45
-7.50057e-43
-7.96259e-44
-5.83572e-43
-2.96034e-44
5.74414e-43
-2.39956e-43
6.65931e-43
-2.85446e-42
-6.04257e-43
-2.29271e-41
-7.40218e-42
-1.69656e-40
-6.58121e-41
-1.10294e-39
-5.43197e-40
-6.63348e-39
-4.36365e-39
-3.0185e-38
-3.16659e-38
-1.17786e-37
-2.2056e-37
-1.1599e-36
5.17958e-40
-3.12414e-38
1.54304e-39
-1.40936e-38
6.33501e-40
-1.03113e-38
2.67847e-40
-2.38195e-39
6.16283e-41
-4.89326e-40
1.28307e-41
-7.74377e-41
2.15765e-42
-1.15797e-41
3.38222e-43
-1.66177e-42
3.25318e-44
-3.63325e-43
-3.61092e-44
-2.05585e-43
-1.14524e-44
1.05259e-43
4.45143e-44
2.64618e-43
2.48627e-44
-5.72861e-44
-2.22656e-44
-1.66336e-43
-1.2764e-44
6.68242e-44
1.17158e-44
1.10822e-43
1.03498e-44
3.22313e-44
2.99249e-45
7.91846e-45
7.16613e-46
1.44619e-45
1.31659e-46
2.39534e-46
2.17733e-47
3.44568e-47
3.14988e-48
4.61254e-48
4.28407e-49
5.6445e-49
1.04479e-49
5.82146e-50
4.33693e-49
-5.89398e-50
3.19561e-48
-5.70805e-49
2.21417e-47
-4.67072e-48
1.34366e-46
-3.49558e-47
7.35032e-46
-2.43575e-46
3.10035e-45
-1.47601e-45
1.09152e-44
-8.12361e-45
1.38036e-44
-3.3443e-44
-7.1807e-45
-1.17388e-43
-3.74189e-44
-9.24528e-44
-1.5022e-43
7.15311e-44
-1.29505e-42
-7.7529e-44
-1.13143e-41
-1.88482e-42
-9.06796e-41
-1.79654e-41
-6.89295e-40
-1.64475e-40
-4.63074e-39
-1.43096e-39
-2.90329e-38
-1.24878e-38
-1.385e-37
-1.01411e-37
-5.72764e-37
-8.05168e-37
-4.87915e-36
8.56595e-39
-1.45032e-37
1.17474e-38
-5.72407e-38
3.97931e-39
-4.05945e-38
1.43438e-39
-8.94524e-39
3.07798e-40
-1.75741e-39
6.08866e-41
-2.68834e-40
9.80534e-42
-3.87061e-41
1.47229e-42
-4.98942e-42
1.94645e-43
-6.36538e-43
1.78529e-44
-9.94412e-44
4.42381e-46
1.02372e-44
6.64866e-45
4.28727e-44
3.42851e-45
-9.40979e-45
-3.7716e-45
-2.73525e-44
-2.25868e-45
1.09754e-44
1.53999e-45
1.83177e-44
1.4544e-45
5.42043e-45
4.30567e-46
1.35655e-45
1.05051e-46
2.51769e-46
1.95984e-47
4.22805e-47
3.28259e-48
6.15452e-48
4.80119e-49
8.32005e-49
6.59126e-50
1.02679e-49
1.62e-50
1.06569e-50
6.67272e-50
-1.07913e-50
4.87071e-49
-1.0385e-49
3.33748e-48
-8.42665e-49
1.99889e-47
-6.24531e-48
1.07562e-46
-4.30102e-47
4.43523e-46
-2.57106e-46
1.50218e-45
-1.39295e-45
1.45713e-45
-5.63402e-45
-5.51934e-45
-1.94776e-44
-4.68001e-44
-1.57143e-44
-4.18413e-43
6.63025e-45
-3.83835e-42
-6.8681e-44
-3.39017e-41
-9.17745e-43
-2.78187e-40
-9.61558e-42
-2.17976e-39
-1.05997e-40
-1.51979e-38
-1.22871e-39
-9.96632e-38
-1.5211e-38
-5.02055e-37
-1.78726e-37
-2.20737e-36
-1.87429e-36
-1.47867e-35
1.48833e-37
-8.57147e-37
1.43928e-37
-3.48251e-37
4.12758e-38
-2.51317e-37
1.26668e-38
-4.86661e-38
2.485e-39
-9.0335e-39
4.63054e-40
-1.30746e-39
7.13863e-41
-1.81982e-40
1.03892e-41
-2.26434e-41
1.35689e-42
-2.7138e-42
1.67126e-43
-3.05072e-43
1.89602e-44
-3.09245e-44
3.04586e-45
4.8424e-46
7.02933e-46
-1.12516e-45
-5.70555e-46
-2.39718e-45
-3.59264e-46
9.47868e-46
2.13484e-46
1.59393e-45
2.09787e-46
4.80146e-46
6.31407e-47
1.23104e-46
1.56127e-47
2.33057e-47
2.9458e-48
3.98883e-48
4.98033e-49
5.90066e-49
7.34363e-50
8.09266e-50
1.01506e-50
1.01125e-50
2.50636e-51
1.05998e-51
1.02398e-50
-1.07283e-51
7.40111e-50
-1.02199e-50
4.99974e-49
-8.18483e-50
2.92348e-48
-5.97163e-49
1.49888e-47
-4.03607e-48
5.31699e-47
-2.35212e-47
7.9825e-47
-1.22946e-46
-1.31834e-45
-4.57742e-46
-1.71296e-44
-1.21959e-45
-1.74176e-43
3.88429e-45
-1.71961e-42
5.60476e-44
-1.6161e-41
5.51385e-43
-1.46477e-40
5.22148e-42
-1.2376e-39
4.4522e-41
-1.009e-38
3.11815e-40
-7.34808e-38
8.90383e-40
-5.15323e-37
-2.10277e-38
-2.78422e-36
-5.62022e-37
-1.42787e-35
-8.2407e-36
-8.77563e-35
2.04326e-36
-1.18212e-36
1.59476e-36
-1.0339e-36
3.51673e-37
-2.88145e-37
8.3103e-38
-4.61637e-38
1.42722e-38
-7.75684e-39
2.40489e-39
-1.07625e-39
3.4777e-40
-1.47046e-40
4.82427e-41
-1.81221e-41
6.08967e-42
-2.16048e-42
7.34862e-43
-2.40411e-43
8.28926e-44
-2.55895e-44
9.03922e-45
-2.2723e-45
9.58052e-46
-3.27593e-46
4.22283e-47
-2.36847e-46
-2.12583e-47
8.32115e-47
1.74952e-47
1.4373e-46
1.6828e-47
4.38432e-47
5.1261e-48
1.13545e-47
1.28614e-48
2.16984e-48
2.45826e-49
3.74048e-49
4.20619e-50
5.56894e-50
6.26757e-51
7.67494e-51
8.74746e-52
9.63111e-52
2.19571e-52
1.01275e-52
9.07841e-52
-1.01995e-52
6.65302e-51
-9.66704e-52
4.65379e-50
-7.67179e-51
2.97642e-49
-5.51562e-50
1.88359e-48
-3.62923e-49
1.19076e-47
-1.99454e-48
9.24335e-47
-8.95683e-48
8.35784e-46
-1.36647e-47
8.57382e-45
2.11784e-46
8.66723e-44
3.89018e-45
8.41544e-43
4.25858e-44
7.7487e-42
4.28598e-43
6.83426e-41
4.10194e-42
5.6258e-40
3.55564e-41
4.41482e-39
2.60426e-40
3.10963e-38
1.00117e-39
2.05642e-37
-1.16119e-38
1.06767e-36
-3.76325e-37
4.87264e-36
-5.80449e-36
-6.46111e-35
3.84942e-35
-1.92263e-35
2.64462e-36
-1.30865e-36
2.03593e-36
4.86885e-38
4.50945e-37
2.76098e-38
7.04383e-38
6.70596e-39
1.14249e-38
1.04077e-39
1.58238e-39
1.48496e-40
2.14163e-40
1.85513e-41
2.63737e-41
2.21855e-42
3.12925e-42
2.46553e-43
3.47403e-43
2.63874e-44
3.71039e-44
2.70308e-45
3.76522e-45
2.55827e-46
3.63678e-46
7.05705e-48
3.19727e-47
9.21976e-48
4.46381e-48
1.2043e-47
1.63754e-48
3.67085e-48
4.44248e-49
9.59693e-49
1.08534e-49
1.85299e-49
2.06942e-50
3.22538e-50
3.54926e-51
4.84396e-51
5.31047e-52
6.72651e-52
7.49683e-53
8.49722e-53
2.66197e-53
8.93314e-54
1.84443e-52
-9.74022e-54
1.98511e-51
-9.4979e-53
2.22701e-50
-8.04134e-52
2.54973e-49
-6.54266e-51
2.95772e-48
-5.37947e-50
3.40037e-47
-4.52065e-49
3.84684e-46
-4.18393e-48
4.21987e-45
-4.14903e-47
4.48534e-44
-4.428e-46
4.57071e-43
-4.73756e-45
4.48713e-42
-5.00934e-44
4.18286e-41
-5.04438e-43
3.74821e-40
-4.79481e-42
3.13744e-39
-4.05762e-41
2.52089e-38
-2.73382e-40
1.81937e-37
-4.66479e-40
1.25313e-36
2.65119e-38
6.77584e-36
6.37377e-37
3.40532e-35
9.21741e-36
9.86752e-35
2.21374e-36
-8.90037e-37
1.37388e-36
-6.67059e-37
3.08383e-37
1.39364e-37
7.43033e-38
3.92111e-38
1.30005e-38
8.36965e-39
2.22405e-39
1.26634e-39
3.2531e-40
1.79462e-40
4.55313e-41
2.24701e-41
5.78729e-42
2.69687e-42
7.02348e-43
3.01046e-43
7.96063e-44
3.23267e-44
8.63985e-45
3.29259e-45
8.89367e-46
3.22349e-46
8.76473e-47
2.88979e-47
8.13825e-48
3.32477e-48
8.64167e-49
1.21261e-48
1.72382e-49
3.22771e-49
3.85297e-50
8.15286e-50
8.85246e-51
1.56713e-50
1.66511e-51
2.73058e-51
2.85098e-52
4.11431e-52
4.27717e-53
5.73139e-53
6.0736e-54
7.26074e-54
2.33329e-54
7.29363e-55
1.7171e-53
-1.34939e-54
1.8847e-52
-1.5302e-53
2.13646e-51
-1.66287e-52
2.45099e-50
-1.8515e-51
2.82302e-49
-2.12737e-50
3.20547e-48
-2.47712e-49
3.56237e-47
-2.90352e-48
3.83066e-46
-3.35516e-47
3.97363e-45
-3.80354e-46
3.94673e-44
-4.16848e-45
3.75177e-43
-4.41212e-44
3.38268e-42
-4.43027e-43
2.89695e-41
-4.17476e-42
2.31695e-40
-3.44068e-41
1.73594e-39
-2.09205e-40
1.17296e-38
2.31726e-40
7.1202e-38
3.4595e-38
3.485e-37
7.25501e-37
1.2486e-36
1.00422e-35
1.03674e-34
2.55776e-37
-6.76324e-37
7.43112e-39
-1.18734e-37
1.35439e-38
1.72909e-38
6.94481e-39
6.71541e-39
1.64575e-39
1.57358e-39
3.4275e-40
2.5552e-40
5.63324e-41
3.77858e-41
8.56384e-42
4.91133e-42
1.15295e-42
6.05539e-43
1.46151e-43
6.92283e-44
1.71225e-44
7.5735e-45
1.90768e-45
7.83941e-46
2.00506e-46
7.79167e-47
2.01523e-47
7.30253e-48
1.92314e-48
7.2401e-49
1.86936e-49
1.35209e-49
2.39456e-50
2.87259e-50
3.8841e-51
6.70619e-51
7.59684e-52
1.2656e-51
1.35267e-52
2.19655e-52
2.26746e-53
3.3152e-53
3.36373e-54
4.63208e-54
2.57983e-55
5.92276e-55
-2.913e-54
1.10211e-55
-4.10031e-53
6.18845e-55
-5.49339e-52
8.93323e-54
-7.15019e-51
1.25129e-52
-9.02925e-50
1.6882e-51
-1.10718e-48
2.20088e-50
-1.31402e-47
2.77422e-49
-1.51182e-46
3.38738e-48
-1.67674e-45
3.99665e-47
-1.799e-44
4.56643e-46
-1.84931e-43
5.02442e-45
-1.83547e-42
5.34804e-44
-1.7287e-41
5.45682e-43
-1.57073e-40
5.40303e-42
-1.33067e-39
5.13638e-41
-1.08862e-38
4.85521e-40
-7.95513e-38
4.52226e-39
-5.6049e-37
4.39151e-38
-3.04034e-36
4.14587e-37
-1.56916e-35
3.76934e-36
2.6721e-35
2.37014e-38
-1.31299e-37
-1.0547e-38
-2.41357e-38
-1.18286e-39
9.70015e-40
3.63239e-40
8.52961e-40
1.4901e-40
2.41396e-40
3.86228e-41
4.3142e-41
7.08355e-42
6.85343e-42
1.15379e-42
9.38346e-43
1.62929e-43
1.20505e-43
2.138e-44
1.42173e-44
2.57334e-45
1.59493e-45
2.9281e-46
1.68437e-46
3.13159e-47
1.70275e-47
3.19483e-48
1.63335e-48
3.09695e-49
1.55651e-49
2.95893e-50
1.92894e-50
3.1877e-51
2.97482e-51
4.10015e-52
5.80494e-52
6.65259e-53
1.03081e-52
1.08854e-53
1.7464e-53
1.75738e-54
2.61543e-54
2.65062e-55
3.64918e-55
1.36829e-55
5.25385e-56
1.41171e-54
9.5495e-56
1.90579e-53
1.29174e-54
2.51277e-52
1.80682e-53
3.22394e-51
2.46473e-52
4.01487e-50
3.27217e-51
4.85203e-49
4.22805e-50
5.67022e-48
5.30404e-49
6.41095e-47
6.46353e-48
6.97488e-46
7.62187e-47
7.31619e-45
8.71171e-46
7.33345e-44
9.59324e-45
7.059e-43
1.02216e-43
6.42356e-42
1.04406e-42
5.58831e-41
1.03432e-41
4.50823e-40
9.8235e-41
3.45574e-39
9.24274e-40
2.34973e-38
8.51086e-39
1.49189e-37
8.11103e-38
7.25625e-37
7.46913e-37
3.04828e-36
6.65304e-36
4.61865e-35
2.77537e-39
-1.67334e-38
-2.60648e-39
-3.48802e-39
-4.73035e-40
-8.47664e-41
-2.47135e-41
7.58924e-41
8.7005e-42
2.73692e-41
3.67325e-42
5.40405e-42
7.89992e-43
9.16448e-43
1.40824e-43
1.31508e-43
2.1049e-44
1.74903e-44
2.87704e-45
2.12128e-45
3.56947e-46
2.43181e-46
4.15877e-47
2.61445e-47
4.53245e-48
2.68224e-48
4.69695e-49
2.61213e-49
4.61821e-50
2.47887e-50
4.40646e-51
2.62395e-51
4.36795e-52
3.24016e-52
4.7707e-53
5.16696e-53
6.33348e-54
8.35942e-54
9.13074e-55
1.35646e-54
1.4042e-55
1.99779e-55
6.41802e-56
2.77078e-56
6.41964e-55
4.35904e-57
8.93167e-54
1.28775e-56
1.21692e-52
1.79535e-55
1.6144e-51
2.52293e-54
2.08479e-50
3.45945e-53
2.61443e-49
4.61936e-52
3.1844e-48
6.00794e-51
3.75385e-47
7.59113e-50
4.28719e-46
9.32732e-49
4.71756e-45
1.11049e-47
5.01565e-44
1.28588e-46
5.10536e-43
1.44551e-45
5.00764e-42
1.60629e-44
4.65666e-41
1.80397e-43
4.16434e-40
2.20062e-42
3.46866e-39
3.077e-41
2.77476e-38
4.99463e-40
1.98165e-37
8.51833e-39
1.34987e-36
1.3918e-37
7.09466e-36
2.00131e-36
3.43934e-35
2.39806e-35
2.22794e-34
3.02509e-40
-2.37522e-39
-3.49924e-40
-5.1566e-40
-7.31297e-41
-4.43947e-41
-8.25055e-42
3.46213e-42
5.81942e-44
2.58378e-42
2.83294e-43
5.95305e-43
7.48456e-44
1.10172e-43
1.46651e-44
1.67095e-44
2.31688e-45
2.31391e-45
3.28941e-46
2.89222e-46
4.19716e-47
3.39467e-47
4.9967e-48
3.7188e-48
5.54084e-49
3.8742e-49
5.82398e-50
3.82538e-50
5.79776e-51
3.64571e-51
5.55918e-52
3.58928e-52
5.3349e-53
3.8278e-53
5.35169e-54
4.98782e-54
6.14156e-55
7.07328e-55
7.82694e-56
1.06419e-55
1.52658e-56
1.50965e-56
6.7714e-56
1.45205e-57
9.49852e-55
-8.84221e-57
1.32821e-53
-1.33294e-55
1.81198e-52
-1.90797e-54
2.40703e-51
-2.66401e-53
3.11291e-50
-3.62792e-52
3.90985e-49
-4.81004e-51
4.77056e-48
-6.20827e-50
5.63426e-47
-7.78022e-49
6.44858e-46
-9.4709e-48
7.1124e-45
-1.11539e-46
7.58235e-44
-1.27235e-45
7.74066e-43
-1.3956e-44
7.61964e-42
-1.4726e-43
7.11284e-41
-1.46486e-42
6.39238e-40
-1.34765e-41
5.35245e-39
-1.02718e-40
4.31365e-38
-4.23625e-40
3.10419e-37
6.31967e-39
2.14196e-36
2.12619e-37
1.13969e-35
3.87155e-36
5.6944e-35
5.12232e-35
5.14094e-34
3.6498e-41
-2.78317e-40
-4.40159e-41
-6.41857e-41
-9.86371e-42
-8.13363e-42
-1.49045e-42
-2.33611e-43
-1.01679e-43
1.91535e-43
1.38764e-44
5.54799e-44
6.05012e-45
1.13445e-44
1.37419e-45
1.82188e-45
2.3352e-46
2.62403e-46
3.47277e-47
3.37585e-47
4.5762e-48
4.051e-48
5.5808e-49
4.51706e-49
6.30546e-50
4.77384e-50
6.72793e-51
4.77273e-51
6.78217e-52
4.582e-52
6.55246e-53
4.38714e-53
6.20624e-54
4.34107e-54
5.9402e-55
4.904e-55
6.14957e-56
6.11432e-56
6.94929e-57
8.37915e-57
9.91037e-58
1.09273e-57
1.98211e-57
-4.80718e-58
2.68683e-56
-9.43641e-57
3.7585e-55
-1.38498e-55
5.1313e-54
-1.98204e-54
6.82194e-53
-2.76744e-53
8.83047e-52
-3.76878e-52
1.11019e-50
-4.99678e-51
1.35606e-49
-6.44924e-50
1.60346e-48
-8.08213e-49
1.83766e-47
-9.8383e-48
2.02976e-46
-1.15864e-46
2.16751e-45
-1.32169e-45
2.21679e-44
-1.44975e-44
2.18689e-43
-1.52994e-43
2.04622e-42
-1.52259e-42
1.84437e-41
-1.4028e-41
1.54912e-40
-1.07472e-40
1.25373e-39
-4.58096e-40
9.06066e-39
6.19483e-39
6.29433e-38
2.1431e-37
3.37013e-37
3.92366e-36
1.70789e-36
5.20146e-35
5.22796e-34
3.97123e-42
-3.30265e-41
-4.74338e-42
-7.85055e-42
-1.12487e-42
-1.26923e-42
-1.97493e-43
-1.02118e-43
-1.97077e-44
7.80545e-45
-2.12513e-46
4.35049e-45
3.93714e-46
1.04665e-45
1.13118e-46
1.8138e-46
2.10391e-47
2.7407e-47
3.29455e-48
3.64392e-48
4.49132e-49
4.48121e-49
5.61332e-50
5.09237e-50
6.46213e-51
5.4638e-51
6.99786e-52
5.53165e-52
7.14071e-53
5.35753e-53
6.95834e-54
5.07574e-54
6.57191e-55
4.8249e-55
6.14965e-56
4.94414e-56
5.96549e-57
5.51453e-57
3.19149e-58
6.84294e-58
-4.42728e-57
8.8365e-59
-6.59677e-56
2.44611e-59
-9.45654e-55
2.03785e-58
-1.32261e-53
3.03775e-57
-1.80435e-52
4.46066e-56
-2.39688e-51
6.39904e-55
-3.09979e-50
8.96984e-54
-3.89335e-49
1.22587e-52
-4.7504e-48
1.63477e-51
-5.61041e-47
2.12061e-50
-6.42122e-46
2.68212e-49
-7.08214e-45
3.29637e-48
-7.54997e-44
3.97156e-47
-7.70745e-43
4.72021e-46
-7.5868e-42
5.77413e-45
-7.08197e-41
7.68226e-44
-6.36448e-40
1.20693e-42
-5.32889e-39
2.20301e-41
-4.29459e-38
4.3152e-40
-3.09038e-37
8.1528e-39
-2.13256e-36
1.3952e-37
-1.13474e-35
2.05151e-36
-5.67218e-35
2.48324e-35
2.32409e-34
4.29317e-43
-3.61434e-42
-4.97264e-43
-8.91656e-43
-1.2258e-43
-1.67849e-43
-2.39985e-44
-1.82359e-44
-2.89154e-45
-5.71513e-46
-1.93488e-46
2.59633e-46
1.39132e-47
8.51179e-47
7.93106e-48
1.6398e-47
1.71219e-48
2.62775e-48
2.87941e-49
3.62831e-49
4.09565e-50
4.58432e-50
5.26925e-51
5.31724e-51
6.19564e-52
5.79737e-52
6.81894e-53
5.94691e-53
7.04864e-54
5.81669e-54
6.93505e-55
5.50076e-55
6.56415e-56
5.09373e-56
6.0805e-57
4.94163e-57
5.54867e-58
8.32174e-58
-1.63363e-58
1.65883e-58
-3.24961e-57
6.02525e-59
-4.77006e-56
3.4846e-58
-6.8297e-55
5.11734e-57
-9.54102e-54
7.49711e-56
-1.29995e-52
1.07337e-54
-1.72448e-51
1.49943e-53
-2.22683e-50
2.04308e-52
-2.79233e-49
2.71041e-51
-3.40078e-48
3.50066e-50
-4.00848e-47
4.39036e-49
-4.5774e-46
5.34927e-48
-5.0361e-45
6.3073e-47
-5.35331e-44
7.20876e-46
-5.44783e-43
7.9382e-45
-5.34212e-42
8.45919e-44
-4.96606e-41
8.64469e-43
-4.4393e-40
8.57646e-42
-3.69591e-39
8.17685e-41
-2.95494e-38
7.7604e-40
-2.1089e-37
7.26959e-39
-1.43565e-36
7.10522e-38
-7.53978e-36
6.74989e-37
-3.65458e-35
6.16327e-36
-3.02609e-35
4.38062e-35
2.1651e-34
2.99708e-44
-1.50523e-42
-3.41727e-44
-3.80447e-43
-8.61588e-45
-8.02808e-44
-1.76514e-45
-1.02981e-44
-2.2698e-46
-8.31295e-46
-1.8938e-47
1.05659e-47
8.63584e-50
2.09482e-47
4.2579e-49
4.9533e-48
1.03498e-49
8.68553e-49
1.82519e-50
1.26192e-49
2.66513e-51
1.6494e-50
3.48809e-52
1.96001e-51
4.15186e-53
2.17655e-52
4.61186e-54
2.26467e-53
4.80224e-55
2.23133e-54
4.75422e-56
2.06949e-55
4.57942e-57
1.30751e-56
4.74575e-58
1.56406e-57
2.2837e-59
5.56886e-57
-8.07266e-59
1.79524e-57
-8.5866e-58
5.30363e-58
-1.24229e-56
3.02964e-58
-1.77285e-55
2.97583e-57
-2.46832e-54
4.32615e-56
-3.35048e-53
6.1832e-55
-4.42641e-52
8.62221e-54
-5.68947e-51
1.17255e-52
-7.09805e-50
1.55226e-51
-8.59467e-49
2.00013e-50
-1.00655e-47
2.50208e-49
-1.14087e-46
3.03981e-48
-1.2448e-45
3.57293e-47
-1.31022e-44
4.06855e-46
-1.31866e-43
4.46131e-45
-1.27562e-42
4.72776e-44
-1.16777e-41
4.79401e-43
-1.02351e-40
4.69195e-42
-8.3333e-40
4.35903e-41
-6.46104e-39
3.92576e-40
-4.45615e-38
3.32811e-39
-2.87598e-37
2.77739e-38
-1.42729e-36
2.12102e-37
-6.10272e-36
1.57179e-36
-4.92474e-36
8.89664e-36
4.1136e-35
-1.29768e-43
-1.10513e-41
1.45658e-43
-2.73637e-42
3.73691e-44
-5.25203e-43
7.98064e-45
-5.91954e-44
1.09064e-45
-2.6064e-45
1.08498e-46
6.34171e-46
4.483e-48
2.33276e-46
-1.05144e-48
4.61902e-47
-3.35739e-49
7.49773e-48
-6.4284e-50
1.04272e-48
-9.76752e-51
1.3237e-49
-1.30966e-51
1.54033e-50
-1.58443e-52
1.68349e-51
-1.781e-53
1.72926e-52
-1.87102e-54
1.67992e-53
-1.85816e-55
1.51172e-54
-1.65075e-56
4.31729e-56
-6.42217e-58
1.01076e-56
-3.50503e-58
8.85054e-56
-4.90972e-58
2.87157e-56
-3.50412e-58
8.29594e-57
-2.88924e-57
1.73929e-57
-4.05791e-56
1.07713e-57
-5.6386e-55
1.1249e-56
-7.63744e-54
1.59649e-55
-1.00645e-52
2.21914e-54
-1.28973e-51
3.00718e-53
-1.60333e-50
3.96541e-52
-1.93322e-49
5.08688e-51
-2.25284e-48
6.33207e-50
-2.53839e-47
7.64933e-49
-2.75026e-46
8.93393e-48
-2.87042e-45
1.00979e-46
-2.85972e-44
1.09804e-45
-2.73223e-43
1.15191e-44
-2.46331e-42
1.15443e-43
-2.11832e-41
1.11285e-42
-1.68374e-40
1.01427e-41
-1.26692e-39
8.88097e-41
-8.40819e-39
7.23162e-40
-5.18868e-38
5.67097e-39
-2.43146e-37
3.97213e-38
-9.87435e-37
2.64284e-37
-7.88916e-37
1.32258e-36
5.53656e-36
-1.3483e-42
-1.03984e-40
1.55511e-42
-2.48924e-41
3.85924e-43
-4.17516e-42
7.68622e-44
-3.70388e-43
9.54453e-45
1.30386e-44
7.22168e-46
1.16464e-44
-2.2333e-47
2.9627e-45
-2.13442e-47
5.24046e-46
-4.85929e-48
8.00861e-47
-8.34668e-49
1.07222e-47
-1.20054e-49
1.32504e-48
-1.55552e-50
1.51108e-49
-1.83786e-51
1.62573e-50
-2.03006e-52
1.64809e-51
-2.10379e-53
1.57681e-52
-2.06487e-54
1.37142e-53
-1.76063e-55
-2.32151e-55
-1.78297e-57
8.01608e-56
-5.00592e-57
1.3868e-54
-7.81467e-57
4.49636e-55
-2.58124e-57
1.29725e-55
-1.18775e-57
2.63546e-56
-7.07053e-57
4.99701e-57
-9.60991e-56
3.23978e-57
-1.29783e-54
3.55074e-56
-1.70506e-53
4.91238e-55
-2.17737e-52
6.64271e-54
-2.69613e-51
8.73784e-53
-3.23605e-50
1.11761e-51
-3.75157e-49
1.3864e-50
-4.20156e-48
1.66794e-49
-4.52084e-47
1.93871e-48
-4.67972e-46
2.1787e-47
-4.61821e-45
2.35303e-46
-4.36165e-44
2.44812e-45
-3.87944e-43
2.4291e-44
-3.27998e-42
2.31229e-43
-2.55474e-41
2.07401e-42
-1.87288e-40
1.77731e-41
-1.20475e-39
1.40478e-40
-7.14569e-39
1.05674e-39
-3.2001e-38
6.97986e-39
-1.23208e-37
4.33283e-38
-9.68884e-38
1.98619e-37
7.97779e-37
-1.25551e-41
-8.86964e-40
1.49157e-41
-2.06279e-40
3.56746e-42
-2.80416e-41
6.43478e-43
-1.31686e-42
6.81433e-44
4.7686e-43
2.10278e-45
1.53456e-43
-9.80542e-46
3.2417e-44
-3.13877e-46
5.28446e-45
-6.02027e-47
7.68107e-46
-9.5716e-48
9.94118e-47
-1.3165e-48
1.19816e-47
-1.65525e-49
1.34038e-48
-1.91367e-50
1.42021e-49
-2.07914e-51
1.42068e-50
-2.12629e-52
1.33227e-51
-2.06106e-53
1.0889e-52
-1.63349e-54
-1.26869e-53
8.05433e-56
4.49961e-55
-7.1362e-56
2.12466e-53
-1.25067e-55
6.87221e-54
-4.08383e-56
1.97939e-54
-1.12964e-56
4.00843e-55
-3.31436e-57
7.33456e-56
-1.49268e-56
1.19174e-56
-1.957e-55
8.8947e-57
-2.56283e-54
1.01159e-55
-3.26183e-53
1.36799e-54
-4.02335e-52
1.8034e-53
-4.80758e-51
2.31118e-52
-5.54458e-50
2.87319e-51
-6.17263e-49
3.46266e-50
-6.59509e-48
4.03312e-49
-6.77161e-47
4.53833e-48
-6.61772e-46
4.91116e-47
-6.17982e-45
5.1123e-46
-5.42013e-44
5.08205e-45
-4.50877e-43
4.83253e-44
-3.43844e-42
4.34182e-43
-2.46084e-41
3.70326e-42
-1.53053e-40
2.93102e-41
-8.7668e-40
2.17644e-40
-3.70196e-39
1.44483e-39
-1.36588e-38
8.76164e-39
-6.63737e-39
4.27015e-38
1.72496e-37
-1.15544e-40
-7.56025e-39
1.38705e-40
-1.66235e-39
3.14459e-41
-1.61876e-40
4.94585e-42
5.71031e-42
3.87173e-43
7.04204e-42
-2.86021e-44
1.69493e-42
-1.64012e-44
3.19588e-43
-3.90468e-45
4.89429e-44
-6.76064e-46
6.821e-45
-1.01607e-46
8.56314e-46
-1.34782e-47
1.00841e-46
-1.6514e-48
1.10747e-47
-1.87226e-49
1.15604e-48
-2.00324e-50
1.14011e-49
-2.02267e-51
1.03746e-50
-1.93397e-52
7.45479e-52
-1.33905e-53
-2.6815e-52
2.37153e-54
7.92323e-56
-1.02964e-54
3.17258e-52
-1.95746e-54
1.02242e-52
-6.38554e-55
2.938e-53
-1.75277e-55
5.9309e-54
-3.52062e-56
1.08249e-54
-4.98799e-57
1.68654e-55
1.87191e-56
3.24682e-56
2.76541e-55
1.22267e-55
3.77198e-54
1.64871e-54
4.99953e-53
2.22196e-53
6.41169e-52
2.91354e-52
7.97714e-51
3.71415e-51
9.5593e-50
4.59232e-50
1.10858e-48
5.5055e-49
1.23026e-47
6.37756e-48
1.31762e-46
7.14029e-47
1.33739e-45
7.68485e-46
1.30623e-44
7.96347e-45
1.1902e-43
7.87405e-44
1.04066e-42
7.46316e-43
8.25162e-42
6.6717e-42
6.26412e-41
5.69075e-41
4.06042e-40
4.4853e-40
2.51202e-39
3.35747e-39
1.11736e-38
2.21416e-38
4.66509e-38
1.36677e-37
6.2599e-37
-9.70754e-40
-5.45108e-38
1.12026e-39
-1.1532e-38
2.38255e-40
-5.05143e-40
2.94403e-41
1.88915e-40
6.14999e-43
7.64352e-41
-7.26941e-43
1.55063e-41
-2.08298e-43
2.66606e-42
-4.19926e-44
3.85611e-43
-6.72726e-45
5.15684e-44
-9.63406e-46
6.27912e-45
-1.23639e-46
7.22046e-46
-1.47817e-47
7.78117e-47
-1.64445e-48
7.99762e-48
-1.73318e-49
7.75322e-49
-1.72735e-50
6.63441e-50
-1.62334e-51
3.11395e-51
-8.03899e-53
-4.5888e-51
4.75221e-53
-5.56313e-53
-1.49025e-53
4.6201e-51
-2.9947e-53
1.48179e-51
-9.7459e-54
4.24526e-52
-2.67011e-54
8.53832e-53
-5.34824e-55
1.55438e-53
-7.54365e-56
2.40943e-54
2.75572e-55
3.76531e-55
3.92389e-54
5.06959e-55
5.16107e-53
6.43466e-54
6.59532e-52
8.71429e-53
8.17277e-51
1.14943e-51
9.81777e-50
1.47503e-50
1.13922e-48
1.83692e-49
1.27722e-47
2.22029e-48
1.37584e-46
2.59492e-47
1.42611e-45
2.93547e-46
1.4094e-44
3.19525e-45
1.33344e-43
3.35625e-44
1.18826e-42
3.36884e-43
1.00702e-41
3.25393e-42
7.86359e-41
2.97332e-41
5.78363e-40
2.61251e-40
3.73319e-39
2.13764e-39
2.2238e-38
1.68744e-38
9.99892e-38
1.1927e-37
3.86531e-37
8.01525e-37
4.05821e-36
-8.8331e-39
-4.22132e-37
8.39195e-39
-7.96644e-38
1.57114e-39
1.42516e-39
1.09787e-40
2.34885e-39
-2.03203e-41
6.96682e-40
-1.01587e-41
1.26292e-40
-2.26031e-42
2.02236e-41
-4.09453e-43
2.78214e-42
-6.17463e-44
3.58529e-43
-8.48998e-45
4.24069e-44
-1.0577e-45
4.76696e-45
-1.2362e-46
5.0419e-46
-1.35061e-47
5.10213e-47
-1.40282e-48
4.83112e-48
-1.37914e-49
3.57598e-49
-1.26481e-50
-8.35991e-51
-1.32128e-52
-6.94524e-50
8.03663e-52
-1.15496e-51
-2.15444e-52
6.53343e-50
-4.46376e-52
2.08389e-50
-1.4475e-52
5.94835e-51
-3.95597e-53
1.19145e-51
-7.91273e-54
2.16253e-52
-1.29788e-54
3.3399e-53
1.48527e-54
4.88381e-54
2.30618e-53
2.35464e-54
3.04431e-52
2.43509e-53
3.90304e-51
3.30387e-52
4.85458e-50
4.37713e-51
5.85693e-49
5.64514e-50
6.82984e-48
7.06878e-49
7.70164e-47
8.5976e-48
8.35189e-46
1.0118e-46
8.72609e-45
1.15381e-45
8.70405e-44
1.26722e-44
8.32833e-43
1.3455e-43
7.52125e-42
1.36735e-42
6.48177e-41
1.34208e-41
5.16458e-40
1.25126e-40
3.89847e-39
1.13284e-39
2.59641e-38
9.67395e-39
1.60959e-37
8.16287e-38
7.57476e-37
6.32218e-37
3.09247e-36
4.76205e-36
2.73849e-35
-7.6275e-38
-2.31061e-36
3.7227e-38
-4.17598e-37
4.91891e-39
4.06322e-38
-7.81532e-40
1.87265e-38
-3.99194e-40
4.5485e-39
-1.08924e-40
7.48099e-40
-2.03862e-41
1.11423e-40
-3.35988e-42
1.45469e-41
-4.77953e-43
1.79937e-42
-6.30474e-44
2.06222e-43
-7.61768e-45
2.26056e-44
-8.69391e-46
2.34309e-45
-9.32113e-47
2.32968e-46
-9.53412e-48
2.09046e-47
-9.22152e-49
6.68547e-49
-8.06404e-50
-4.91575e-49
7.49323e-51
-9.87721e-49
1.25114e-50
-1.83245e-50
-3.08171e-51
8.99109e-49
-6.48824e-51
2.84908e-49
-2.0942e-51
8.09629e-50
-5.70554e-52
1.61388e-50
-1.13802e-52
2.91879e-51
-1.98534e-53
4.49102e-52
3.93874e-54
6.40245e-53
9.55598e-53
1.03654e-53
1.2688e-51
3.09032e-53
1.63175e-50
4.07996e-52
2.03698e-49
5.41603e-51
2.46829e-48
7.00214e-50
2.89322e-47
8.7912e-49
3.28275e-46
1.07243e-47
3.58627e-45
1.26617e-46
3.78044e-44
1.44939e-45
3.81168e-43
1.59896e-44
3.69548e-42
1.70827e-43
3.39215e-41
1.75262e-42
2.9831e-40
1.75216e-41
2.43883e-39
1.69679e-40
1.90053e-38
1.66164e-39
1.31894e-37
1.64448e-38
8.57228e-37
1.7288e-37
4.28839e-36
1.77667e-36
1.84555e-35
1.71705e-35
1.28038e-34
-8.00559e-37
-4.55034e-36
8.66959e-39
-2.29467e-36
-3.29902e-38
3.80804e-37
-1.92871e-38
1.14373e-37
-4.71337e-39
2.49284e-38
-9.9867e-40
3.79777e-39
-1.65611e-40
5.40072e-40
-2.53319e-41
6.77387e-41
-3.42436e-42
8.13908e-42
-4.35429e-43
9.09264e-43
-5.11321e-44
9.76972e-44
-5.7075e-45
9.94668e-45
-6.00908e-46
9.71045e-46
-6.05555e-47
7.43281e-47
-5.73403e-48
-9.86015e-48
-4.51887e-49
-8.13991e-48
1.67567e-49
-1.32692e-47
1.81868e-49
-2.50942e-49
-4.33055e-50
1.19648e-47
-9.15466e-50
3.76475e-48
-2.93887e-50
1.06418e-48
-7.97683e-51
2.10992e-49
-1.58504e-51
3.80006e-50
-2.80753e-52
5.8236e-51
-1.64688e-53
8.25565e-52
3.60377e-52
1.04177e-52
4.86521e-51
-1.30147e-53
6.28935e-50
-3.49442e-52
7.89458e-49
-4.64664e-51
9.62585e-48
-5.99006e-50
1.13601e-46
-7.49653e-49
1.29912e-45
-9.11145e-48
1.43155e-44
-1.07118e-46
1.52455e-43
-1.21921e-45
1.55461e-42
-1.33309e-44
1.52824e-41
-1.3985e-43
1.42449e-40
-1.37298e-42
1.27786e-39
-1.2183e-41
1.06784e-38
-8.16215e-41
8.58273e-38
-4.08207e-41
6.15821e-37
1.32395e-38
4.22958e-36
3.28252e-37
2.23895e-35
5.54271e-36
1.10643e-34
7.11332e-35
6.96055e-34
-6.98504e-36
-5.75637e-35
-3.85179e-36
-6.21395e-36
-8.7295e-37
-8.74478e-38
-2.12718e-37
6.51221e-38
-3.76116e-38
1.92413e-38
-6.48924e-39
3.11451e-39
-9.55132e-40
4.51114e-40
-1.34333e-40
5.66298e-41
-1.71379e-41
6.78248e-42
-2.08606e-42
7.54197e-43
-2.37009e-43
8.07019e-44
-2.57747e-44
8.1522e-45
-2.65923e-45
7.29741e-46
-2.63547e-46
-1.49682e-46
-2.37819e-47
-2.27488e-46
-1.10173e-48
-1.12968e-46
2.75301e-48
-1.71991e-46
2.5348e-48
-3.233e-48
-5.95613e-49
1.54665e-46
-1.25707e-48
4.82628e-47
-4.00956e-49
1.35557e-47
-1.08338e-49
2.67063e-48
-2.14278e-50
4.78598e-49
-3.80587e-51
7.29984e-50
-5.60566e-52
1.03105e-50
2.08193e-52
1.31415e-51
3.84622e-51
8.54008e-53
4.99047e-50
-9.7873e-52
6.27203e-49
-1.32137e-50
7.65792e-48
-1.70624e-49
9.05087e-47
-2.13898e-48
1.03675e-45
-2.60479e-47
1.14447e-44
-3.06901e-46
1.22135e-43
-3.50298e-45
1.24821e-42
-3.84579e-44
1.23036e-41
-4.06571e-43
1.15012e-40
-4.06298e-42
1.03557e-39
-3.78612e-41
8.68719e-39
-3.00893e-40
7.02132e-38
-1.56781e-39
5.06606e-37
9.40823e-39
3.51369e-36
4.45903e-37
1.87699e-35
8.59561e-36
9.49365e-35
1.16083e-34
1.18378e-33
-1.17338e-34
-6.02421e-35
-7.72277e-36
-7.30581e-36
-6.13069e-36
-1.29392e-36
-1.3591e-36
-1.72061e-37
-2.12451e-37
-2.52787e-38
-3.44957e-38
-3.31512e-39
-4.78151e-39
-4.42158e-40
-6.4761e-40
-5.4077e-41
-7.97969e-41
-6.43222e-42
-9.47263e-42
-7.12774e-43
-1.0521e-42
-7.59707e-44
-1.12414e-43
-8.09539e-45
-1.14329e-44
-1.6214e-45
-1.11918e-45
-2.85264e-45
-8.88803e-47
-2.9068e-45
6.09859e-48
-1.39804e-45
3.83062e-47
-2.13496e-45
3.37626e-47
-3.92688e-47
-7.95022e-48
1.92282e-45
-1.66835e-47
5.94771e-46
-5.28399e-48
1.65797e-46
-1.42018e-48
3.24326e-47
-2.79419e-49
5.77854e-48
-4.94435e-50
8.76665e-49
-7.54713e-51
1.23286e-49
-1.34734e-51
1.57118e-50
-3.9919e-51
1.85643e-51
-4.99238e-50
-1.41026e-52
-6.27226e-49
-4.62934e-51
-7.65816e-48
-5.99583e-50
-9.05113e-47
-7.50372e-49
-1.03678e-45
-9.11979e-48
-1.1445e-44
-1.07211e-46
-1.22138e-43
-1.22021e-45
-1.24823e-42
-1.33414e-44
-1.23038e-41
-1.39953e-43
-1.15014e-40
-1.37395e-42
-1.03559e-39
-1.21917e-41
-8.6873e-39
-8.16951e-41
-7.02138e-38
-4.13954e-41
-5.0661e-37
1.32353e-38
-3.5137e-36
3.28225e-37
-1.877e-35
5.54255e-36
-9.49366e-35
7.11325e-35
6.96053e-34
-5.99928e-36
-5.41948e-36
-5.12981e-36
-3.53741e-36
-1.12366e-36
-1.01945e-36
-2.63727e-37
-1.67698e-37
-4.49908e-38
-2.85422e-38
-7.53971e-39
-4.00335e-39
-1.08575e-39
-5.50161e-40
-1.5012e-40
-6.81558e-41
-1.89011e-41
-8.10033e-42
-2.27703e-42
-8.70662e-43
-2.56899e-43
-8.78525e-44
-2.80724e-44
-1.32265e-44
-3.25754e-45
-1.11158e-44
-3.41065e-46
-3.34698e-44
1.73225e-46
-3.48125e-44
1.9628e-46
-1.66481e-44
5.0317e-46
-2.5693e-44
4.3562e-46
-4.59654e-46
-1.03342e-46
2.31911e-44
-2.15134e-46
7.09729e-45
-6.75681e-47
1.96043e-45
-1.8045e-47
3.80214e-46
-3.52815e-48
6.72706e-47
-6.21182e-49
1.01401e-47
-9.41383e-50
1.41854e-48
-1.35362e-50
1.79945e-49
-6.5433e-51
2.14998e-50
-6.31053e-50
2.79527e-51
-7.89618e-49
5.63975e-51
-9.62744e-48
6.96869e-50
-1.13619e-46
8.74781e-49
-1.29931e-45
1.06737e-47
-1.43174e-44
1.26046e-46
-1.52474e-43
1.44321e-45
-1.55479e-42
1.59249e-44
-1.5284e-41
1.70182e-43
-1.42463e-40
1.74645e-42
-1.27797e-39
1.74659e-41
-1.06792e-38
1.69199e-40
-8.58322e-38
1.65782e-39
-6.1585e-37
1.64159e-38
-4.22972e-36
1.72688e-37
-2.239e-35
1.77548e-36
-1.10644e-34
1.71649e-35
1.28015e-34
-1.76384e-37
-1.58396e-36
-8.06622e-37
-4.21152e-37
-1.99811e-37
-1.55877e-37
-5.382e-38
-3.04609e-38
-9.80189e-39
-5.65915e-39
-1.73112e-39
-8.49101e-40
-2.57671e-40
-1.22293e-40
-3.65288e-41
-1.56452e-41
-4.68501e-42
-1.31887e-42
-5.80232e-43
2.24713e-43
-7.10852e-44
8.76572e-44
-1.18716e-44
-3.91053e-44
-5.93756e-45
-1.15015e-43
-8.25634e-46
-3.82291e-43
2.46396e-45
-3.98431e-43
2.43747e-45
-1.89104e-43
6.21867e-45
-2.95002e-43
5.38683e-45
-5.11633e-45
-1.29293e-45
2.66914e-43
-2.66605e-45
8.07811e-44
-8.29819e-46
2.207e-44
-2.19965e-46
4.23915e-45
-4.27062e-47
7.43887e-46
-7.47564e-48
1.11314e-46
-1.12662e-48
1.54777e-47
-1.57064e-49
1.95283e-48
-2.1177e-50
2.31988e-49
-1.87587e-50
2.60375e-50
-2.0482e-49
6.96604e-51
-2.47831e-48
5.52089e-50
-2.90444e-47
6.8857e-49
-3.29488e-46
8.38272e-48
-3.59887e-45
9.87417e-47
-3.79294e-44
1.12718e-45
-3.82354e-43
1.23915e-44
-3.70611e-42
1.31721e-43
-3.4012e-41
1.33992e-42
-2.99023e-40
1.3169e-41
-2.44412e-39
1.22912e-40
-1.90402e-38
1.11474e-39
-1.32107e-37
9.533e-39
-8.58278e-37
8.06508e-38
-4.29305e-36
6.25865e-37
-1.8467e-35
4.73027e-36
2.72483e-35
1.15951e-37
4.3734e-36
-2.20826e-37
9.24853e-37
-5.57943e-38
1.06359e-37
-1.40027e-38
7.64405e-39
-2.44844e-39
1.11869e-40
-4.12743e-40
-6.47086e-41
-5.94962e-41
-2.60481e-41
-8.02257e-42
-3.55689e-42
-1.02698e-42
6.17727e-42
-2.18607e-43
4.85893e-42
-8.41562e-44
1.2214e-42
-5.83026e-44
-3.86274e-43
-6.24766e-44
-1.25282e-42
-8.8281e-45
-4.24131e-42
2.97048e-44
-4.41862e-42
2.89542e-44
-2.07633e-42
7.44275e-44
-3.28404e-42
6.45315e-44
-5.47869e-44
-1.57588e-44
2.98003e-42
-3.2074e-44
8.89095e-43
-9.87254e-45
2.39665e-43
-2.59332e-45
4.54848e-44
-4.99212e-46
7.9022e-45
-8.67775e-47
1.17195e-45
-1.29944e-47
1.6176e-46
-1.80099e-48
2.02764e-47
-2.27609e-49
2.3955e-48
-3.12775e-50
2.64359e-49
-5.6597e-50
2.84232e-50
-6.45212e-49
1.16232e-50
-7.49935e-48
1.12169e-49
-8.43007e-47
1.37328e-48
-9.11549e-46
1.6265e-47
-9.49102e-45
1.86858e-46
-9.43895e-44
2.05938e-45
-8.99595e-43
2.19835e-44
-8.09976e-42
2.231e-43
-6.94735e-41
2.19376e-42
-5.51972e-40
2.02275e-41
-4.1414e-39
1.81855e-40
-2.75292e-38
1.49991e-39
-1.69278e-37
1.23012e-38
-7.99217e-37
8.78837e-38
-3.22568e-36
6.3546e-37
3.2384e-36
6.35388e-37
7.15738e-36
-8.29127e-37
5.94205e-36
-1.65704e-37
6.19479e-37
-3.4195e-38
4.86967e-38
-5.02805e-39
2.99664e-39
-7.29963e-40
1.47581e-40
-9.07253e-41
-1.1025e-40
-8.96695e-42
-1.29062e-41
-1.19171e-42
6.82414e-41
-1.20767e-42
5.12304e-41
-7.97889e-43
1.26791e-41
-6.33688e-43
-3.95096e-42
-7.00701e-43
-1.29097e-41
-9.26561e-44
-4.43504e-41
3.41417e-43
-4.61713e-41
3.26563e-43
-2.14719e-41
8.44676e-43
-3.44496e-41
7.32551e-43
-5.49962e-43
-1.84142e-43
3.13601e-41
-3.67881e-43
9.2206e-42
-1.11871e-43
2.44475e-42
-2.90681e-44
4.57655e-43
-5.54177e-45
7.8563e-44
-9.55471e-46
1.15325e-44
-1.42041e-46
1.5782e-45
-1.95673e-47
1.96364e-46
-2.4563e-48
2.3056e-47
-2.92343e-49
2.53029e-48
-6.04651e-50
2.64298e-49
-3.39781e-49
2.49385e-50
-3.85028e-48
-1.24348e-50
-4.24867e-47
-1.6715e-49
-4.51896e-46
-1.8299e-48
-4.60948e-45
-1.90012e-47
-4.50933e-44
-1.93883e-46
-4.19741e-43
-1.84449e-45
-3.72297e-42
-1.76291e-44
-3.10397e-41
-1.51338e-43
-2.44404e-40
-1.37783e-42
-1.77062e-39
-1.03124e-41
-1.19495e-38
-9.19755e-41
-7.08607e-38
-5.20838e-40
-3.81731e-37
-4.59728e-39
-1.58481e-36
-5.2995e-39
-8.77263e-38
5.47271e-37
1.33494e-34
-7.0706e-37
1.01914e-35
-1.36678e-37
1.02419e-36
-2.76751e-38
7.79245e-38
-4.01623e-39
6.10143e-39
-6.05247e-40
6.21996e-40
-5.84011e-41
-1.1052e-39
1.70835e-41
-1.21157e-40
1.79025e-43
6.99353e-40
-1.15129e-41
5.20535e-40
-8.13236e-42
1.27195e-40
-6.49467e-42
-3.73667e-41
-7.35716e-42
-1.28093e-40
-7.68913e-43
-4.50144e-40
3.84394e-42
-4.6827e-40
3.53533e-42
-2.14631e-40
9.17252e-42
-3.51253e-40
7.94237e-42
-5.2948e-42
-2.1293e-42
3.21035e-40
-4.10293e-42
9.24903e-41
-1.22755e-42
2.40246e-41
-3.14638e-43
4.4187e-42
-5.92616e-44
7.47411e-43
-1.01156e-44
1.08321e-43
-1.49044e-45
1.46692e-44
-2.03813e-46
1.80864e-45
-2.54172e-47
2.10771e-46
-2.99158e-48
2.298e-47
-4.09552e-49
2.3886e-48
-9.99545e-49
2.4087e-49
-1.10739e-47
8.60391e-50
-1.22407e-46
7.56417e-49
-1.30777e-45
8.65121e-48
-1.33904e-44
9.5634e-47
-1.32104e-43
1.02124e-45
-1.23801e-42
1.04496e-44
-1.11559e-41
1.02975e-43
-9.41128e-41
9.63451e-43
-7.64391e-40
8.65805e-42
-5.65592e-39
7.26735e-41
-4.08226e-38
5.84489e-40
-2.52421e-37
4.22414e-39
-1.61331e-36
2.90253e-38
-7.35787e-36
1.56877e-37
7.80092e-37
-5.46297e-37
7.21509e-36
7.0552e-37
5.9555e-36
1.36583e-37
6.15747e-37
2.79208e-38
4.92803e-38
3.70128e-39
2.10316e-38
1.79824e-40
4.92616e-39
1.95576e-40
-1.0379e-38
2.73184e-40
-1.11776e-39
1.85533e-41
6.59754e-39
-1.0554e-40
4.87357e-39
-6.86669e-41
1.16897e-39
-5.18404e-41
-3.47885e-40
-6.29339e-41
-1.17618e-39
-5.45902e-44
-4.21248e-39
4.17301e-41
-4.37688e-39
3.5073e-41
-1.97693e-39
8.95743e-41
-3.3006e-39
7.68788e-41
-4.6581e-41
-2.41535e-41
3.02978e-39
-4.31737e-41
8.5553e-40
-1.26704e-41
2.16487e-40
-3.19164e-42
3.90065e-41
-5.92706e-43
6.47873e-42
-9.99612e-44
9.25026e-43
-1.45781e-44
1.23723e-43
-1.97651e-45
1.50965e-44
-2.44669e-46
1.74417e-45
-2.85586e-47
1.88774e-46
-3.1417e-48
1.94991e-47
-5.6416e-49
1.91994e-48
-2.75634e-48
2.52716e-49
-2.98727e-47
8.7008e-49
-3.16017e-46
9.7663e-48
-3.20142e-45
1.07621e-46
-3.11803e-44
1.14617e-45
-2.88141e-43
1.1689e-44
-2.55037e-42
1.14894e-43
-2.1104e-41
1.07098e-42
-1.66816e-40
9.60354e-42
-1.20002e-39
8.02467e-41
-8.2654e-39
6.44415e-40
-4.89167e-38
4.62379e-39
-2.83006e-37
3.17075e-38
-1.20336e-36
1.68055e-37
8.28222e-37
-6.29981e-37
4.8283e-36
8.16567e-37
1.01783e-36
1.65059e-37
5.86178e-38
3.62367e-38
9.60184e-39
2.34815e-39
1.68361e-37
-2.82869e-39
4.40156e-38
1.34565e-39
-9.68695e-38
2.61971e-39
-1.02279e-38
3.4596e-40
6.1004e-38
-7.03106e-40
4.45943e-38
-2.69058e-40
1.0467e-38
-1.04218e-40
-2.87685e-39
-2.66173e-40
-1.03953e-38
2.13e-40
-3.85287e-38
4.67054e-40
-3.99812e-38
3.14427e-40
-1.76439e-38
7.45205e-40
-3.03944e-38
6.17832e-40
-3.92011e-40
-2.92406e-40
2.80585e-38
-4.46644e-40
7.67481e-39
-1.27145e-40
1.88014e-39
-3.12878e-41
3.29631e-40
-5.70263e-42
5.35331e-41
-9.47376e-43
7.50017e-42
-1.36394e-43
9.88096e-43
-1.82991e-44
1.19024e-43
-2.24466e-45
1.36085e-44
-2.60022e-46
1.45965e-45
-2.82397e-47
1.49648e-46
-2.98104e-48
1.45959e-47
-9.58646e-49
1.38636e-48
-7.33202e-48
3.38867e-49
-7.65869e-47
2.46005e-48
-7.6728e-46
2.67626e-47
-7.37236e-45
2.82126e-46
-6.69838e-44
2.84489e-45
-5.80476e-43
2.75816e-44
-4.67242e-42
2.53197e-43
-3.56416e-41
2.22633e-42
-2.43858e-40
1.82023e-41
-1.57084e-39
1.41793e-40
-8.35316e-39
9.84148e-40
-4.18804e-38
6.39184e-39
-1.3375e-37
3.20066e-38
1.37596e-37
-1.10812e-37
9.00312e-37
1.18345e-37
1.77206e-38
4.35986e-38
-6.64879e-37
2.24493e-38
-4.3921e-38
-1.71829e-38
1.35665e-36
-2.30636e-38
3.5234e-37
1.08524e-38
-7.92919e-37
2.19734e-38
-8.26537e-38
7.4033e-39
4.94844e-37
2.55124e-39
3.5791e-37
7.83029e-39
8.13534e-38
9.37476e-39
-2.42156e-38
6.81079e-39
-8.13352e-38
7.21509e-39
-3.09257e-37
5.37364e-39
-3.20284e-37
2.02033e-39
-1.38205e-37
2.8781e-39
-2.45357e-37
1.69821e-39
-2.85255e-39
-3.77399e-39
2.27852e-37
-4.32105e-39
6.04993e-38
-1.17798e-39
1.42014e-38
-2.80337e-40
2.41086e-39
-4.99219e-41
3.80457e-40
-8.13707e-42
5.2116e-41
-1.15377e-42
6.74033e-42
-1.52867e-43
7.99914e-43
-1.85568e-44
9.03517e-44
-2.13112e-45
9.59402e-45
-2.29722e-46
9.75452e-46
-2.36363e-47
9.44667e-47
-2.424e-48
8.80711e-48
-1.4317e-48
8.38463e-49
-1.26449e-47
6.40636e-49
-1.2526e-46
6.21505e-48
-1.18935e-45
6.48801e-47
-1.06573e-44
6.47219e-46
-9.07546e-44
6.19303e-45
-7.15239e-43
5.59346e-44
-5.3043e-42
4.82033e-43
-3.49991e-41
3.84131e-42
-2.13922e-40
2.89929e-41
-1.05284e-39
1.93152e-40
-4.67008e-39
1.19714e-39
-1.14664e-38
5.64049e-39
2.30305e-38
-1.50473e-37
-1.2803e-37
-1.55223e-37
-1.40549e-36
-1.33185e-37
-5.69192e-36
-1.21738e-37
-4.76808e-37
-6.57798e-38
1.09866e-35
-1.56611e-38
2.79185e-36
7.72153e-38
-6.49635e-36
1.51167e-37
-6.47929e-37
1.52855e-37
3.99384e-36
2.07517e-37
2.8368e-36
2.78921e-37
6.18157e-37
2.92436e-37
-1.66281e-37
2.48787e-37
-6.08707e-37
1.70658e-37
-2.45496e-36
6.90004e-38
-2.53699e-36
1.18411e-39
-1.04741e-36
-5.57908e-38
-1.97079e-36
-6.65716e-38
-1.97504e-38
-5.463e-38
1.84484e-36
-4.2487e-38
4.6176e-37
-1.07661e-38
1.03186e-37
-2.44332e-39
1.67882e-38
-4.21182e-40
2.56333e-39
-6.70067e-41
3.41557e-40
-9.31716e-42
4.32462e-41
-1.21567e-42
5.0413e-42
-1.45675e-43
5.61432e-43
-1.6555e-44
5.88978e-44
-1.76845e-45
5.92933e-45
-1.80521e-46
5.6929e-46
-1.75645e-47
5.26674e-47
-1.83021e-48
4.69141e-48
-2.11911e-48
4.98314e-49
-1.94163e-47
1.06389e-48
-1.82399e-46
1.06808e-47
-1.61459e-45
1.05519e-46
-1.35448e-44
9.98163e-46
-1.04754e-43
8.8962e-45
-7.58575e-43
7.54045e-44
-4.84696e-42
5.89332e-43
-2.83849e-41
4.33931e-42
-1.30337e-40
2.81034e-41
-5.20151e-40
1.6828e-40
-8.9168e-40
7.69882e-40
3.09653e-39
-1.18935e-36
-1.3267e-36
-2.44786e-36
-8.21522e-36
-5.82625e-36
-3.44112e-35
-5.99937e-36
-3.28058e-36
1.43408e-36
6.62862e-35
3.59187e-36
1.65316e-35
1.12704e-37
-3.95896e-35
2.10222e-37
-3.83076e-36
2.77547e-36
2.40303e-35
5.00162e-36
1.678e-35
5.94882e-36
3.42662e-36
6.06076e-36
-1.2849e-36
5.37817e-36
-3.49234e-36
3.2447e-36
-1.45585e-35
8.85925e-37
-1.49961e-35
-2.83114e-37
-5.94805e-36
-1.95107e-36
-1.17911e-35
-2.03847e-36
-1.00171e-37
-7.71832e-37
1.11231e-35
-3.82173e-37
2.6451e-36
-8.72932e-38
5.53147e-37
-1.84331e-38
8.57488e-38
-3.04374e-39
1.25424e-38
-4.68646e-40
1.61747e-39
-6.3614e-41
1.99434e-40
-8.14338e-42
2.27715e-41
-9.61152e-43
2.49404e-42
-1.07892e-43
2.58146e-43
-1.14091e-44
2.57043e-44
-1.1549e-45
2.44567e-45
-1.11473e-46
2.24565e-46
-1.03773e-47
1.98435e-47
-1.17857e-48
1.71222e-48
-2.55851e-48
3.03001e-49
-2.29856e-47
1.69445e-48
-1.99828e-46
1.6625e-47
-1.63727e-45
1.5735e-46
-1.22544e-44
1.40697e-45
-8.45973e-44
1.20105e-44
-4.98985e-43
9.53961e-44
-2.52974e-42
7.23489e-43
-7.63931e-42
4.99664e-42
4.72076e-42
3.36084e-41
3.97789e-40
2.03515e-40
1.3276e-39
-1.07801e-35
-6.75915e-36
-3.12938e-35
-4.33341e-35
-1.06435e-34
-2.11675e-34
-1.13276e-34
-2.7168e-35
3.80106e-35
4.09142e-34
7.72802e-35
9.70148e-35
-6.98046e-36
-2.49126e-34
-1.18895e-35
-2.07372e-35
4.18272e-35
1.46742e-34
8.20871e-35
9.83899e-35
9.38689e-35
1.79336e-35
9.4684e-35
-6.42475e-36
8.54542e-35
-1.80696e-35
4.92696e-35
-8.63237e-35
1.08301e-35
-8.85717e-35
-5.59015e-36
-3.11286e-35
-3.47579e-35
-7.1856e-35
-3.546e-35
-4.67088e-37
-9.9369e-36
6.8573e-35
-3.50394e-36
1.39468e-35
-7.01541e-37
-1.36221e-37
-2.1283e-38
-3.15542e-39
-4.15968e-40
-5.21067e-41
-6.04056e-42
-6.68555e-43
-6.98452e-44
-7.00036e-45
-6.69851e-46
-6.17597e-47
-5.49397e-48
-6.0889e-49
-8.33344e-49
-5.34537e-49
7.3204e-47
1.50536e-45
2.14189e-44
2.60091e-43
2.80698e-42
2.77718e-41
2.53592e-40
2.14083e-39
-7.36451e-35
-3.01696e-34
-1.3845e-33
-1.52692e-33
5.93006e-34
1.09871e-33
-1.70638e-34
-2.61075e-34
4.93602e-34
1.00821e-33
1.11925e-33
1.12432e-33
1.03195e-33
5.75116e-34
1.01751e-34
-6.74746e-35
-4.48232e-34
-4.52406e-34
-9.65861e-35
)
;

boundaryField
{
    leftWall
    {
        type            calculated;
        value           uniform 0;
    }
    rightWall
    {
        type            calculated;
        value           nonuniform 0();
    }
    lowerWall
    {
        type            calculated;
        value           uniform 0;
    }
    atmosphere
    {
        type            calculated;
        value           nonuniform 0();
    }
    defaultFaces
    {
        type            empty;
        value           nonuniform 0();
    }
    procBoundary0to1
    {
        type            processor;
        value           nonuniform List<scalar> 
44
(
-1.60492e-43
-1.48625e-42
-1.07079e-41
-7.35139e-41
-4.82729e-40
-2.98422e-39
-1.75083e-38
-9.31049e-38
-4.63564e-37
-1.82187e-36
-1.1866e-35
5.27721e-36
2.9755e-35
2.25633e-36
-1.3042e-35
2.45753e-36
2.84789e-35
4.74232e-35
1.42606e-36
-4.72422e-35
-4.53094e-34
3.02366e-35
4.92137e-36
7.8882e-37
9.78801e-38
1.5872e-38
3.84017e-38
3.0085e-37
2.42915e-36
1.46033e-35
8.99285e-35
7.74871e-35
-7.74871e-35
-8.99297e-35
-1.46311e-35
-2.87887e-36
-5.74538e-36
-1.07225e-35
-5.44868e-36
-4.50158e-37
-2.77793e-38
-6.59692e-40
3.61089e-39
1.69113e-38
)
;
    }
    procBoundary0to2
    {
        type            processor;
        value           nonuniform List<scalar> 
46
(
2.74994e-36
4.02058e-37
5.68428e-38
7.09891e-39
8.5605e-40
9.57689e-41
1.03272e-41
1.05392e-42
1.03749e-43
9.76945e-45
8.89248e-46
7.79505e-47
6.62356e-48
5.67554e-49
2.9015e-49
2.51129e-48
2.46778e-47
2.33153e-46
2.14341e-45
1.89461e-44
1.65202e-43
1.39411e-42
1.18521e-41
9.804e-41
8.25951e-40
-5.62184e-36
-3.63775e-35
-1.82332e-34
-2.43199e-35
3.52637e-34
8.29624e-35
-2.15328e-34
-1.74833e-35
1.2622e-34
8.35126e-35
8.76494e-36
-1.02271e-35
-2.14022e-35
-7.45621e-35
-7.5874e-35
-2.61079e-35
-6.18178e-35
-3.84157e-37
5.90922e-35
-2.41955e-35
1.17099e-35
)
;
    }
}


// ************************************************************************* //
