/*--------------------------------*- C++ -*----------------------------------*\
| =========                 |                                                 |
| \\      /  F ield         | OpenFOAM: The Open Source CFD Toolbox           |
|  \\    /   O peration     | Version:  2.4.0                                 |
|   \\  /    A nd           | Web:      www.OpenFOAM.org                      |
|    \\/     M anipulation  |                                                 |
\*---------------------------------------------------------------------------*/
FoamFile
{
    version     2.0;
    format      ascii;
    class       volVectorField;
    location    "0.9";
    object      U;
}
// * * * * * * * * * * * * * * * * * * * * * * * * * * * * * * * * * * * * * //

dimensions      [0 1 -1 0 0 0 0];

internalField   nonuniform List<vector> 
1935
(
(1.53111e-35 5.04645e-36 0)
(1.1846e-34 3.07442e-35 0)
(5.53763e-34 1.79899e-34 0)
(4.59667e-33 1.27555e-34 0)
(4.14791e-33 -3.44552e-34 0)
(-4.1447e-33 -3.43789e-34 0)
(-4.5778e-33 1.33927e-34 0)
(-4.18419e-34 2.16357e-34 0)
(5.56663e-34 2.42282e-34 0)
(5.15329e-33 3.19523e-34 0)
(8.87952e-33 -1.79116e-34 0)
(6.91328e-34 -4.72105e-34 0)
(-3.45593e-33 1.27553e-34 0)
(4.28541e-33 3.07432e-34 0)
(4.61577e-33 -1.34034e-34 0)
(5.56663e-34 -1.80787e-34 0)
(1.19102e-34 -3.08687e-35 0)
(1.63071e-35 -5.61253e-36 0)
(2.51716e-36 -7.76712e-37 0)
(3.24739e-37 -1.06688e-37 0)
(4.22748e-38 -1.30209e-38 0)
(4.98522e-39 -1.54564e-39 0)
(5.75363e-40 -1.70372e-40 0)
(6.85178e-41 -1.63355e-41 0)
(6.90424e-41 1.65131e-41 0)
(5.81181e-40 1.72029e-40 0)
(5.0406e-39 1.56196e-39 0)
(4.27863e-38 1.31729e-38 0)
(3.29137e-37 1.0806e-37 0)
(2.55432e-36 7.88151e-37 0)
(1.65885e-35 5.70586e-36 0)
(1.21284e-34 3.15356e-35 0)
(5.70368e-34 1.85597e-34 0)
(4.71791e-33 1.59075e-34 0)
(4.71791e-33 -1.59075e-34 0)
(5.70368e-34 -1.85597e-34 0)
(1.21284e-34 -3.15356e-35 0)
(1.65885e-35 -5.70586e-36 0)
(2.55432e-36 -7.88154e-37 0)
(3.29122e-37 -1.08085e-37 0)
(4.27031e-38 -1.33399e-38 0)
(4.61111e-39 -2.50801e-39 0)
(-9.78689e-40 -5.09491e-39 0)
(-4.98713e-39 -1.81272e-38 0)
(6.6722e-36 -2.27444e-36 0)
(4.57254e-35 -1.65488e-35 0)
(2.0238e-34 -9.65939e-35 0)
(1.04847e-33 -6.81478e-35 0)
(8.85836e-34 1.84537e-34 0)
(-8.84296e-34 1.84167e-34 0)
(-1.03991e-33 -7.13743e-35 0)
(-1.49006e-34 -1.16075e-34 0)
(2.03767e-34 -1.30175e-34 0)
(1.25222e-33 -1.70866e-34 0)
(1.98748e-33 9.62169e-35 0)
(2.56799e-34 2.52684e-34 0)
(-6.28709e-34 -6.81469e-35 0)
(9.40218e-34 -1.64734e-34 0)
(1.05715e-33 7.14227e-35 0)
(2.03767e-34 9.70221e-35 0)
(4.60615e-35 1.66314e-35 0)
(7.34874e-36 2.85776e-36 0)
(1.18948e-36 3.75948e-37 0)
(1.64442e-37 4.8544e-38 0)
(2.21442e-38 5.61278e-39 0)
(2.71357e-39 6.3331e-40 0)
(3.20815e-40 6.68219e-41 0)
(3.92138e-41 6.18604e-42 0)
(3.95232e-41 -6.24892e-42 0)
(3.24191e-40 -6.7428e-41 0)
(2.74514e-39 -6.39489e-40 0)
(2.24285e-38 -5.67268e-39 0)
(1.66828e-37 -4.91091e-38 0)
(1.20884e-36 -3.80914e-37 0)
(7.49039e-36 -2.90056e-36 0)
(4.7081e-35 -1.69575e-35 0)
(2.09882e-34 -9.94927e-35 0)
(1.09553e-33 -8.50988e-35 0)
(1.09553e-33 8.50988e-35 0)
(2.09882e-34 9.94927e-35 0)
(4.7081e-35 1.69575e-35 0)
(7.49039e-36 2.90056e-36 0)
(1.20882e-36 3.8089e-37 0)
(1.66699e-37 4.894e-38 0)
(2.16958e-38 4.52793e-39 0)
(-1.07025e-39 -5.99953e-39 0)
(-1.36587e-38 -3.52321e-38 0)
(-4.57772e-38 -1.33745e-37 0)
(2.11968e-36 -1.06942e-36 0)
(1.22512e-35 -7.21056e-36 0)
(4.2817e-35 -3.29795e-35 0)
(1.72592e-34 -2.07228e-35 0)
(1.40225e-34 6.24635e-35 0)
(-1.39694e-34 6.2271e-35 0)
(-1.69931e-34 -2.22686e-35 0)
(-2.82262e-35 -4.15793e-35 0)
(4.32894e-35 -4.76449e-35 0)
(2.15872e-34 -5.66233e-35 0)
(3.27332e-34 3.27819e-35 0)
(5.77528e-35 8.31856e-35 0)
(-8.23527e-35 -2.0722e-35 0)
(1.5515e-34 -5.36965e-35 0)
(1.75294e-34 2.22952e-35 0)
(4.32894e-35 3.32031e-35 0)
(1.2352e-35 7.2512e-36 0)
(2.24984e-36 1.35439e-36 0)
(4.03003e-37 1.95903e-37 0)
(5.97191e-38 2.66679e-38 0)
(8.47832e-39 3.25807e-39 0)
(1.08132e-39 3.81941e-40 0)
(1.31936e-40 4.18398e-41 0)
(1.6571e-41 3.97549e-42 0)
(1.6706e-41 -4.0181e-42 0)
(1.33386e-40 -4.22405e-41 0)
(1.0946e-39 -3.85912e-40 0)
(8.59482e-39 -3.29545e-39 0)
(6.06654e-38 -2.7007e-38 0)
(4.1037e-37 -1.9877e-37 0)
(2.30082e-36 -1.37771e-36 0)
(1.26932e-35 -7.41967e-36 0)
(4.51192e-35 -3.43551e-35 0)
(1.85276e-34 -2.81384e-35 0)
(1.85276e-34 2.81384e-35 0)
(4.51192e-35 3.43551e-35 0)
(1.26932e-35 7.41966e-36 0)
(2.3008e-36 1.37769e-36 0)
(4.10241e-37 1.98626e-37 0)
(5.97984e-38 2.5946e-38 0)
(3.59406e-39 -3.97481e-39 0)
(-2.52944e-38 -4.2366e-38 0)
(-9.80735e-38 -2.30965e-37 0)
(-3.26741e-37 -8.92024e-37 0)
(4.80612e-37 -3.9061e-37 0)
(2.39784e-36 -2.37265e-36 0)
(6.60743e-36 -9.95608e-36 0)
(2.18766e-35 -5.97549e-36 0)
(1.7273e-35 1.88452e-35 0)
(-1.71428e-35 1.8773e-35 0)
(-2.12782e-35 -6.5262e-36 0)
(-3.69234e-36 -1.28113e-35 0)
(6.72128e-36 -1.47769e-35 0)
(2.85948e-35 -1.69656e-35 0)
(4.2043e-35 9.87671e-36 0)
(9.60236e-36 2.48194e-35 0)
(-7.63993e-36 -5.97386e-36 0)
(2.02661e-35 -1.5923e-35 0)
(2.24841e-35 6.53675e-36 0)
(6.72128e-36 1.00362e-35 0)
(2.41835e-36 2.38248e-36 0)
(4.98441e-37 4.80012e-37 0)
(9.72284e-38 7.38494e-38 0)
(1.52993e-38 1.05991e-38 0)
(2.26652e-39 1.35211e-39 0)
(2.9893e-40 1.64262e-40 0)
(3.74131e-41 1.85279e-41 0)
(4.80709e-42 1.79944e-42 0)
(4.84733e-42 -1.81949e-42 0)
(3.78395e-41 -1.87131e-41 0)
(3.02767e-40 -1.66059e-40 0)
(2.29945e-39 -1.36861e-39 0)
(1.55599e-38 -1.07444e-38 0)
(9.91873e-38 -7.50332e-38 0)
(5.11399e-37 -4.89222e-37 0)
(2.49968e-36 -2.4454e-36 0)
(7.11793e-36 -1.04396e-35 0)
(2.43732e-35 -8.41791e-36 0)
(2.43732e-35 8.41791e-36 0)
(7.11793e-36 1.04396e-35 0)
(2.49967e-36 2.44539e-36 0)
(5.11288e-37 4.89119e-37 0)
(9.83794e-38 7.41921e-38 0)
(1.00445e-38 4.50143e-39 0)
(-2.99422e-38 -4.20179e-38 0)
(-1.72551e-37 -2.59272e-37 0)
(-6.55502e-37 -1.43001e-36 0)
(-2.2197e-36 -5.65332e-36 0)
(7.29822e-38 -1.9818e-37 0)
(4.28895e-37 -6.08831e-37 0)
(8.36896e-37 -2.21954e-36 0)
(2.06183e-36 -1.26405e-36 0)
(1.57078e-36 4.1326e-36 0)
(-1.54138e-36 4.11546e-36 0)
(-1.93868e-36 -1.39319e-36 0)
(-3.10516e-37 -2.86453e-36 0)
(8.5614e-37 -3.32316e-36 0)
(2.91341e-36 -3.6987e-36 0)
(4.144e-36 2.16426e-36 0)
(1.36965e-36 5.38944e-36 0)
(-1.93225e-37 -1.25464e-36 0)
(2.10728e-36 -3.43784e-36 0)
(2.17923e-36 1.396e-36 0)
(8.56137e-37 2.20612e-36 0)
(4.23645e-37 5.61832e-37 0)
(9.79209e-38 1.19591e-37 0)
(2.07106e-38 1.933e-38 0)
(3.43004e-39 2.88451e-39 0)
(5.27824e-40 3.80414e-40 0)
(7.16335e-41 4.74369e-41 0)
(9.16847e-42 5.4702e-42 0)
(1.20124e-42 5.39858e-43 0)
(1.21153e-42 -5.46057e-43 0)
(9.27626e-42 -5.52663e-42 0)
(7.25892e-41 -4.79761e-41 0)
(5.35874e-40 -3.85274e-40 0)
(3.49227e-39 -2.92634e-39 0)
(2.11646e-38 -1.96618e-38 0)
(1.00805e-37 -1.22084e-37 0)
(4.40782e-37 -5.78182e-37 0)
(9.32286e-37 -2.30562e-36 0)
(2.49805e-36 -1.83244e-36 0)
(2.49805e-36 1.83244e-36 0)
(9.32277e-37 2.30561e-36 0)
(4.40702e-37 5.78119e-37 0)
(1.0016e-37 1.21537e-37 0)
(1.63949e-38 1.51575e-38 0)
(-2.95243e-38 -3.09651e-38 0)
(-1.95647e-37 -2.39189e-37 0)
(-1.07232e-36 -1.46263e-36 0)
(-4.16282e-36 -8.26319e-36 0)
(-1.44034e-35 -3.36616e-35 0)
(-1.4853e-37 -6.84257e-37 0)
(1.34336e-37 -4.41028e-37 0)
(1.26457e-37 -6.64366e-37 0)
(1.45644e-37 -3.02642e-37 0)
(8.97086e-38 8.15281e-37 0)
(-7.57326e-38 8.22035e-37 0)
(-9.74978e-38 -2.75236e-37 0)
(-5.14631e-39 -5.80924e-37 0)
(9.48754e-38 -6.75981e-37 0)
(2.13836e-37 -7.38781e-37 0)
(2.85914e-37 4.32719e-37 0)
(1.78396e-37 1.07303e-36 0)
(9.70067e-38 -2.44313e-37 0)
(1.70817e-37 -6.81348e-37 0)
(1.40808e-37 2.75532e-37 0)
(9.48681e-38 4.42297e-37 0)
(6.78295e-38 1.17623e-37 0)
(1.7288e-38 2.62367e-38 0)
(3.90132e-39 4.41047e-39 0)
(6.73626e-40 6.80648e-40 0)
(1.06904e-40 9.22695e-41 0)
(1.48597e-41 1.17661e-41 0)
(1.93797e-42 1.38203e-42 0)
(2.582e-43 1.38263e-43 0)
(2.60456e-43 -1.39891e-43 0)
(1.96137e-42 -1.39668e-42 0)
(1.50644e-41 -1.19042e-41 0)
(1.08602e-40 -9.34952e-41 0)
(6.86498e-40 -6.90997e-40 0)
(3.9929e-39 -4.49066e-39 0)
(1.78508e-38 -2.68223e-38 0)
(7.10273e-38 -1.21329e-37 0)
(1.0804e-37 -4.63938e-37 0)
(1.89993e-37 -3.6555e-37 0)
(1.89988e-37 3.65546e-37 0)
(1.07991e-37 4.63906e-37 0)
(7.0605e-38 1.21027e-37 0)
(1.43827e-38 2.41714e-38 0)
(-2.2012e-38 -1.76363e-38 0)
(-1.82286e-37 -1.68625e-37 0)
(-1.10863e-36 -1.22292e-36 0)
(-6.20238e-36 -7.67064e-36 0)
(-2.47718e-35 -4.4775e-35 0)
(-8.78523e-35 -1.89761e-34 0)
(-9.57545e-37 -3.96475e-36 0)
(5.14569e-37 -1.9242e-36 0)
(2.57367e-37 -1.4233e-36 0)
(1.66758e-37 -3.81984e-37 0)
(3.85725e-38 7.13571e-38 0)
(1.63632e-38 1.33862e-37 0)
(9.86649e-39 -5.04858e-38 0)
(4.67773e-39 -1.0504e-37 0)
(9.84272e-39 -1.22259e-37 0)
(5.29559e-39 -1.31491e-37 0)
(3.43994e-39 7.70628e-38 0)
(2.28982e-38 1.90411e-37 0)
(2.84121e-38 -4.24838e-38 0)
(8.62849e-39 -1.20404e-37 0)
(-8.26672e-40 4.85238e-38 0)
(9.80139e-39 7.89717e-38 0)
(1.05031e-38 2.17853e-38 0)
(2.88276e-39 5.04704e-39 0)
(6.83933e-40 8.7663e-40 0)
(1.21972e-40 1.39058e-40 0)
(1.98446e-41 1.92893e-41 0)
(2.81271e-42 2.50593e-42 0)
(3.72628e-43 2.98976e-43 0)
(5.03494e-44 3.02571e-44 0)
(5.07968e-44 -3.06208e-44 0)
(3.77229e-43 -3.02217e-43 0)
(2.85254e-42 -2.53615e-42 0)
(2.01705e-41 -1.95541e-41 0)
(1.24402e-40 -1.41257e-40 0)
(7.00874e-40 -8.93346e-40 0)
(2.98414e-39 -5.16621e-39 0)
(1.10594e-38 -2.25178e-38 0)
(1.196e-38 -8.31034e-38 0)
(6.54548e-39 -6.49836e-38 0)
(6.52286e-39 6.49687e-38 0)
(1.17252e-38 8.29692e-38 0)
(8.99977e-39 2.12509e-38 0)
(-1.41579e-38 -6.09875e-39 0)
(-1.29906e-37 -9.46804e-38 0)
(-9.3738e-37 -7.46363e-37 0)
(-5.81885e-36 -5.54003e-36 0)
(-3.3508e-35 -3.6003e-35 0)
(-1.38602e-34 -2.19333e-34 0)
(-5.08182e-34 -9.8056e-34 0)
(-4.79257e-36 -2.20679e-35 0)
(3.99262e-36 -1.05115e-35 0)
(1.71162e-36 -7.56519e-36 0)
(1.04696e-36 -1.86971e-36 0)
(2.56384e-37 -3.8432e-37 0)
(6.06974e-38 -4.4188e-38 0)
(1.33489e-38 -1.87646e-38 0)
(2.75504e-39 -1.91828e-38 0)
(1.22546e-39 -2.08971e-38 0)
(-1.7044e-39 -2.20468e-38 0)
(-3.12924e-39 1.2902e-38 0)
(2.97306e-39 3.1815e-38 0)
(5.40374e-39 -6.98701e-39 0)
(-2.87324e-40 -2.00479e-38 0)
(-2.15014e-39 8.06657e-39 0)
(1.00107e-39 1.32538e-38 0)
(1.5667e-39 3.75721e-39 0)
(4.53442e-40 8.97853e-40 0)
(1.11605e-40 1.60095e-40 0)
(2.04135e-41 2.59774e-41 0)
(3.38802e-42 3.67205e-42 0)
(4.88032e-43 4.84508e-43 0)
(6.55099e-44 5.85637e-44 0)
(8.95888e-45 5.98459e-45 0)
(9.03965e-45 -6.05784e-45 0)
(6.63345e-44 -5.92107e-44 0)
(4.95103e-43 -4.90485e-43 0)
(3.4452e-42 -3.72383e-42 0)
(2.08342e-41 -2.64018e-41 0)
(1.14488e-40 -1.6327e-40 0)
(4.70328e-40 -9.20044e-40 0)
(1.65681e-39 -3.89039e-39 0)
(1.33505e-39 -1.39846e-38 0)
(-1.08874e-39 -1.08784e-38 0)
(-1.18374e-39 1.08248e-38 0)
(3.38876e-40 1.34973e-38 0)
(-7.18709e-39 -7.71139e-40 0)
(-7.42777e-38 -4.1193e-38 0)
(-5.80048e-37 -3.64667e-37 0)
(-4.26184e-36 -2.92715e-36 0)
(-2.72155e-35 -2.25528e-35 0)
(-1.621e-34 -1.54038e-34 0)
(-6.99363e-34 -9.98587e-34 0)
(-2.66219e-33 -4.80636e-33 0)
(-1.73738e-35 -1.16782e-34 0)
(3.2156e-35 -5.30375e-35 0)
(1.18814e-35 -3.82386e-35 0)
(6.19839e-36 -9.17254e-36 0)
(1.44582e-36 -1.94402e-36 0)
(3.1302e-37 -3.14542e-37 0)
(5.31607e-38 -4.96125e-38 0)
(8.41735e-39 -9.28413e-39 0)
(1.23531e-39 -4.09952e-39 0)
(-3.06867e-40 -3.54803e-39 0)
(-7.2367e-40 2.01121e-39 0)
(3.96826e-40 4.97423e-39 0)
(8.73586e-40 -1.07737e-39 0)
(-1.64019e-40 -3.1255e-39 0)
(-4.71429e-40 1.25584e-39 0)
(1.07151e-40 2.08083e-39 0)
(2.27211e-40 6.03718e-40 0)
(6.81676e-41 1.47936e-40 0)
(1.72365e-41 2.69564e-41 0)
(3.21524e-42 4.45598e-42 0)
(5.42245e-43 6.39891e-43 0)
(7.91535e-44 8.55365e-44 0)
(1.07424e-44 1.04545e-44 0)
(1.48411e-45 1.07723e-45 0)
(1.49765e-45 -1.09062e-45 0)
(1.08797e-44 -1.05719e-44 0)
(8.03213e-44 -8.66126e-44 0)
(5.51591e-43 -6.49127e-43 0)
(3.28313e-42 -4.53084e-42 0)
(1.76943e-41 -2.7509e-41 0)
(7.07881e-41 -1.5174e-40 0)
(2.40725e-40 -6.26147e-40 0)
(1.53223e-40 -2.20167e-39 0)
(-3.58156e-40 -1.71514e-39 0)
(-7.09759e-40 1.57105e-39 0)
(-3.57744e-39 8.73504e-40 0)
(-3.33825e-38 -1.22688e-38 0)
(-2.89521e-37 -1.18546e-37 0)
(-2.29842e-36 -1.05556e-36 0)
(-1.73737e-35 -8.79507e-36 0)
(-1.14785e-34 -7.1615e-35 0)
(-7.13799e-34 -5.29314e-34 0)
(-3.2389e-33 -3.7611e-33 0)
(-1.31074e-32 -2.02243e-32 0)
(-1.08759e-35 -5.57408e-34 0)
(2.55343e-34 -2.51103e-34 0)
(7.99203e-35 -1.84279e-34 0)
(3.3647e-35 -4.223e-35 0)
(7.28952e-36 -8.61566e-36 0)
(1.49485e-36 -1.35657e-36 0)
(2.42818e-37 -2.00277e-37 0)
(3.70212e-38 -2.6577e-38 0)
(4.99723e-39 -3.74104e-39 0)
(5.5782e-40 -8.88514e-40 0)
(-4.83088e-41 2.60286e-40 0)
(6.09341e-41 7.3623e-40 0)
(1.28815e-40 -1.5887e-40 0)
(-3.09673e-41 -4.64033e-40 0)
(-7.66719e-41 1.86227e-40 0)
(1.22105e-41 3.10705e-40 0)
(3.174e-41 9.18338e-41 0)
(9.76773e-42 2.29447e-41 0)
(2.52039e-42 4.25252e-42 0)
(4.77696e-43 7.13167e-43 0)
(8.16319e-44 1.03689e-43 0)
(1.20513e-44 1.40022e-44 0)
(1.65099e-45 1.7264e-45 0)
(2.30118e-46 1.79045e-46 0)
(2.32222e-46 -1.81301e-46 0)
(1.67213e-45 -1.7461e-45 0)
(1.22286e-44 -1.41817e-44 0)
(8.30212e-44 -1.05221e-43 0)
(4.87451e-43 -7.25512e-43 0)
(2.58231e-42 -4.34325e-42 0)
(1.00756e-41 -2.35683e-41 0)
(3.27958e-41 -9.55531e-41 0)
(8.78985e-42 -3.31572e-40 0)
(-1.66309e-40 -2.79996e-40 0)
(-1.16934e-39 -2.74032e-41 0)
(-1.07719e-38 -2.54658e-39 0)
(-9.87724e-38 -2.84057e-38 0)
(-8.68763e-37 -2.69147e-37 0)
(-7.07053e-36 -2.49382e-36 0)
(-5.51387e-35 -2.20852e-35 0)
(-3.78599e-34 -1.97872e-34 0)
(-2.46573e-33 -1.65913e-33 0)
(-1.18626e-32 -1.36145e-32 0)
(-5.11345e-32 -8.5068e-32 0)
(6.9144e-34 -3.04525e-33 0)
(2.1994e-33 -1.15617e-33 0)
(5.96165e-34 -8.10838e-34 0)
(2.05551e-34 -1.76288e-34 0)
(4.04813e-35 -3.41654e-35 0)
(7.78588e-36 -5.1696e-36 0)
(1.20821e-36 -7.37017e-37 0)
(1.78359e-37 -9.38885e-38 0)
(2.3435e-38 -1.14632e-38 0)
(2.92032e-39 -1.344e-39 0)
(3.25824e-40 -1.09687e-40 0)
(4.24475e-41 6.05398e-41 0)
(1.67136e-41 -1.72827e-41 0)
(-3.06022e-42 -4.69642e-41 0)
(-8.02189e-42 1.87993e-41 0)
(1.04376e-42 3.15316e-41 0)
(3.10282e-42 9.48824e-42 0)
(9.71953e-43 2.43065e-42 0)
(2.54454e-43 4.59798e-43 0)
(4.87975e-44 7.86485e-44 0)
(8.42001e-45 1.16282e-44 0)
(1.25348e-45 1.59415e-45 0)
(1.72906e-46 1.99132e-46 0)
(2.42523e-47 2.08673e-47 0)
(2.44296e-47 -2.11323e-47 0)
(1.74463e-46 -2.01407e-46 0)
(1.26308e-45 -1.61446e-45 0)
(8.44811e-45 -1.17967e-44 0)
(4.83359e-44 -7.99505e-44 0)
(2.42797e-43 -4.68699e-43 0)
(7.89942e-43 -2.48421e-42 0)
(7.6053e-43 -9.71444e-42 0)
(-2.63672e-41 -3.17739e-41 0)
(-3.06348e-40 -7.28522e-42 0)
(-3.07674e-39 2.16922e-40 0)
(-3.03239e-38 1.91183e-39 0)
(-2.83578e-37 1.72849e-38 0)
(-2.5615e-36 1.39268e-37 0)
(-2.1477e-35 8.40053e-37 0)
(-1.74505e-34 -2.87517e-37 0)
(-1.25274e-33 -1.14544e-34 0)
(-8.75659e-33 -2.32418e-33 0)
(-4.53223e-32 -2.99348e-32 0)
(-2.32019e-31 -2.68986e-31 0)
(1.41644e-32 -1.5452e-32 0)
(2.55226e-32 -6.35909e-33 0)
(5.45297e-33 -4.61258e-33 0)
(1.37772e-33 -8.73928e-34 0)
(2.36428e-34 -1.60778e-34 0)
(4.07878e-35 -2.30455e-35 0)
(5.92329e-36 -3.19017e-36 0)
(8.31577e-37 -3.94757e-37 0)
(1.0546e-37 -4.71008e-38 0)
(1.28218e-38 -5.23946e-39 0)
(1.45177e-39 -5.57665e-40 0)
(1.58288e-40 -5.00899e-41 0)
(1.72839e-41 -6.99837e-42 0)
(1.32473e-42 -4.76707e-42 0)
(-5.04517e-43 1.65576e-42 0)
(9.16088e-44 2.86543e-42 0)
(2.48208e-43 8.73325e-43 0)
(7.86497e-44 2.25947e-43 0)
(2.09166e-44 4.31394e-44 0)
(4.06465e-45 7.43047e-45 0)
(7.10129e-46 1.10546e-45 0)
(1.06856e-46 1.52254e-46 0)
(1.48817e-47 1.90952e-47 0)
(2.10885e-48 2.00719e-48 0)
(2.15597e-48 -2.01939e-48 0)
(1.54774e-47 -1.91397e-47 0)
(1.13747e-46 -1.51829e-46 0)
(7.90177e-46 -1.0901e-45 0)
(4.99105e-45 -7.14807e-45 0)
(3.15947e-44 -3.88889e-44 0)
(1.9969e-43 -1.68968e-43 0)
(1.59568e-42 -1.63655e-43 0)
(1.46381e-41 5.45516e-42 0)
(1.51895e-40 9.11083e-41 0)
(1.53158e-39 9.92588e-40 0)
(1.48141e-38 9.98708e-39 0)
(1.35692e-37 9.53948e-38 0)
(1.19175e-36 8.21519e-37 0)
(9.73546e-36 5.88893e-36 0)
(7.60154e-35 1.9502e-35 0)
(5.2798e-34 -3.39236e-34 0)
(3.46629e-33 -9.80428e-33 0)
(1.72715e-32 -1.479e-31 0)
(7.73717e-32 -1.6248e-30 0)
(1.71366e-31 -1.09487e-31 0)
(2.13234e-31 -1.59524e-32 0)
(3.1959e-32 -1.6056e-33 0)
(7.58561e-33 -1.22286e-34 0)
(1.17327e-33 -6.61503e-36 0)
(1.94877e-34 -1.79969e-37 0)
(2.7033e-35 1.69083e-38 0)
(3.70219e-36 3.68229e-39 0)
(4.5758e-37 4.77555e-40 0)
(5.46869e-38 5.1368e-41 0)
(6.0937e-39 5.44191e-42 0)
(6.54055e-40 1.05367e-42 0)
(6.66287e-41 -7.1112e-44 0)
(6.50461e-42 -3.44082e-43 0)
(5.5926e-43 1.39944e-43 0)
(6.17585e-44 2.36271e-43 0)
(2.49437e-44 7.28136e-44 0)
(6.86278e-45 1.9084e-44 0)
(1.76604e-45 3.68583e-45 0)
(3.42061e-46 6.41502e-46 0)
(5.98897e-47 9.63171e-47 0)
(9.04887e-48 1.33716e-47 0)
(1.26588e-48 1.6888e-48 0)
(1.90262e-49 1.78336e-49 0)
(3.26783e-49 -1.81666e-49 0)
(3.25574e-48 -1.72186e-48 0)
(3.53018e-47 -1.37286e-47 0)
(3.9726e-46 -1.00176e-46 0)
(4.55518e-45 -6.83814e-46 0)
(5.28939e-44 -4.15338e-45 0)
(6.07574e-43 -2.43207e-44 0)
(6.86429e-42 -1.31229e-43 0)
(7.51e-41 -8.84842e-43 0)
(7.96105e-40 -7.1581e-42 0)
(8.08176e-39 -7.35843e-41 0)
(7.90736e-38 -7.37926e-40 0)
(7.3338e-37 -6.87472e-39 0)
(6.54691e-36 -5.42107e-38 0)
(5.43929e-35 -2.68918e-37 0)
(4.35249e-34 2.10329e-36 0)
(3.09858e-33 8.86502e-35 0)
(2.12414e-32 1.68318e-33 0)
(1.10368e-31 2.26388e-32 0)
(5.51061e-31 2.30488e-31 0)
(2.10743e-32 -1.06559e-31 0)
(2.19239e-32 -1.22884e-32 0)
(4.76147e-33 2.6563e-33 0)
(1.22837e-33 7.18106e-34 0)
(2.1485e-34 1.5133e-34 0)
(3.76643e-35 2.26397e-35 0)
(5.53441e-36 3.18765e-36 0)
(7.84211e-37 3.96655e-37 0)
(1.00161e-37 4.73989e-38 0)
(1.22479e-38 5.26925e-39 0)
(1.39413e-39 5.64e-40 0)
(1.52099e-40 5.72789e-41 0)
(1.57161e-41 5.59188e-42 0)
(1.55838e-42 4.96374e-43 0)
(1.44032e-43 5.90182e-44 0)
(1.40408e-44 2.36168e-44 0)
(2.74428e-45 6.40345e-45 0)
(6.03966e-46 1.62618e-45 0)
(1.44412e-46 3.12935e-46 0)
(2.7533e-47 5.45355e-47 0)
(4.80909e-48 8.2157e-48 0)
(7.28476e-49 1.14419e-48 0)
(1.02295e-49 1.44903e-49 0)
(1.56748e-50 1.44416e-50 0)
(2.96456e-50 -2.85284e-50 0)
(3.03874e-49 -3.27794e-49 0)
(3.35685e-48 -3.62466e-48 0)
(3.81404e-47 -4.10147e-47 0)
(4.37925e-46 -4.77077e-46 0)
(5.04534e-45 -5.60219e-45 0)
(5.72157e-44 -6.59687e-44 0)
(6.34718e-43 -7.64134e-43 0)
(6.80572e-42 -8.6708e-42 0)
(7.03756e-41 -9.50785e-41 0)
(6.96213e-40 -1.00743e-39 0)
(6.591e-39 -1.01479e-38 0)
(5.91121e-38 -9.65974e-38 0)
(5.03575e-37 -8.21425e-37 0)
(3.99672e-36 -5.63067e-36 0)
(2.97211e-35 -1.21699e-35 0)
(1.98107e-34 4.83478e-34 0)
(1.18488e-33 1.20714e-32 0)
(5.58417e-33 1.76273e-31 0)
(1.86678e-32 1.89893e-30 0)
(4.97813e-33 -1.20769e-32 0)
(-1.00955e-35 -2.1068e-33 0)
(1.54433e-34 3.51183e-34 0)
(1.08635e-34 1.28072e-34 0)
(2.62565e-35 2.92875e-35 0)
(5.70968e-36 4.68801e-36 0)
(9.47682e-37 6.85145e-37 0)
(1.46484e-37 8.82502e-38 0)
(1.98544e-38 1.07997e-38 0)
(2.53969e-39 1.22733e-39 0)
(2.99062e-40 1.33612e-40 0)
(3.35164e-41 1.37753e-41 0)
(3.53721e-42 1.36444e-42 0)
(3.57301e-43 1.27245e-43 0)
(3.41252e-44 1.27303e-44 0)
(3.22875e-45 2.55129e-45 0)
(4.02174e-46 5.6196e-46 0)
(6.29312e-47 1.3321e-46 0)
(1.25112e-47 2.52536e-47 0)
(2.24448e-48 4.39043e-48 0)
(3.82869e-49 6.62988e-49 0)
(5.75489e-50 9.26451e-50 0)
(7.78606e-51 1.17845e-50 0)
(-2.77514e-51 1.29811e-51 0)
(-5.38052e-50 -5.91411e-52 0)
(-7.42613e-49 -2.4236e-51 0)
(-9.92742e-48 3.61829e-50 0)
(-1.28954e-46 1.05938e-48 0)
(-1.62483e-45 1.7991e-47 0)
(-1.98803e-44 2.56558e-46 0)
(-2.35347e-43 3.31071e-45 0)
(-2.70112e-42 4.00882e-44 0)
(-2.98669e-41 4.62759e-43 0)
(-3.1956e-40 5.1226e-42 0)
(-3.27243e-39 5.5297e-41 0)
(-3.23786e-38 5.87308e-40 0)
(-3.03393e-37 6.50587e-39 0)
(-2.7475e-36 7.89243e-38 0)
(-2.30986e-35 1.11602e-36 0)
(-1.88348e-34 1.71706e-35 0)
(-1.35681e-33 2.63084e-34 0)
(-9.52981e-33 3.58491e-33 0)
(-4.9524e-32 4.04372e-32 0)
(-2.55261e-31 3.3836e-31 0)
(6.37451e-34 -2.51823e-33 0)
(-1.77089e-34 -4.55474e-34 0)
(-2.77685e-35 2.19554e-35 0)
(4.79327e-36 1.6847e-35 0)
(2.26206e-36 4.6705e-36 0)
(6.32216e-37 8.26123e-37 0)
(1.1797e-37 1.30274e-37 0)
(1.96162e-38 1.77365e-38 0)
(2.79421e-39 2.26787e-39 0)
(3.70426e-40 2.66617e-40 0)
(4.48473e-41 2.98247e-41 0)
(5.13566e-42 3.14218e-42 0)
(5.51702e-43 3.17009e-43 0)
(5.65588e-44 3.03441e-44 0)
(5.49566e-45 2.89385e-45 0)
(5.19663e-46 3.66539e-46 0)
(5.50624e-47 5.79463e-47 0)
(6.85343e-48 1.15101e-47 0)
(1.11045e-48 2.05814e-48 0)
(1.81705e-49 3.4973e-49 0)
(2.97264e-50 5.24334e-50 0)
(4.40793e-51 7.31523e-51 0)
(7.4048e-52 9.96891e-52 0)
(1.9172e-51 1.08024e-51 0)
(2.55029e-50 1.39461e-50 0)
(3.44666e-49 1.95203e-49 0)
(4.53598e-48 2.6641e-48 0)
(5.80839e-47 3.53721e-47 0)
(7.2174e-46 4.56959e-46 0)
(8.70255e-45 5.73022e-45 0)
(1.01432e-43 6.9789e-44 0)
(1.14379e-42 8.2239e-43 0)
(1.24038e-41 9.39162e-42 0)
(1.29701e-40 1.03305e-40 0)
(1.2947e-39 1.09881e-39 0)
(1.24163e-38 1.11885e-38 0)
(1.12351e-37 1.10092e-37 0)
(9.73088e-37 1.02951e-36 0)
(7.78342e-36 9.36154e-36 0)
(5.93388e-35 8.04201e-35 0)
(3.97058e-34 6.84606e-34 0)
(2.50071e-33 5.36189e-33 0)
(1.15934e-32 4.09054e-32 0)
(4.76145e-32 2.3828e-31 0)
(9.59365e-35 -3.15212e-34 0)
(-4.20294e-35 -6.53763e-35 0)
(-8.5973e-36 -1.02248e-36 0)
(-5.90635e-37 1.55988e-36 0)
(1.10615e-37 5.38828e-37 0)
(5.83787e-38 1.04882e-37 0)
(1.29682e-38 1.76234e-38 0)
(2.37611e-39 2.51308e-39 0)
(3.59167e-40 3.32629e-40 0)
(4.96769e-41 4.01927e-41 0)
(6.20508e-42 4.59392e-42 0)
(7.28042e-43 4.92698e-43 0)
(7.97316e-44 5.04456e-44 0)
(8.30399e-45 4.90367e-45 0)
(8.1909e-46 4.65109e-46 0)
(7.79234e-47 4.97269e-47 0)
(7.66504e-48 6.25048e-48 0)
(8.19011e-49 1.01701e-48 0)
(1.07621e-49 1.66343e-49 0)
(1.53967e-50 2.71432e-50 0)
(2.33824e-51 4.00757e-51 0)
(3.89193e-52 5.59724e-52 0)
(8.57405e-52 1.36892e-52 0)
(1.16117e-50 9.80544e-52 0)
(1.61872e-49 1.39296e-50 0)
(2.2018e-48 1.9471e-49 0)
(2.91553e-47 2.65479e-48 0)
(3.75783e-46 3.52413e-47 0)
(4.70232e-45 4.55455e-46 0)
(5.71495e-44 5.7159e-45 0)
(6.71975e-43 6.96942e-44 0)
(7.65521e-42 8.22412e-43 0)
(8.39759e-41 9.40828e-42 0)
(8.90233e-40 1.03718e-40 0)
(9.0261e-39 1.10701e-39 0)
(8.82393e-38 1.13423e-38 0)
(8.16242e-37 1.13115e-37 0)
(7.27231e-36 1.09041e-36 0)
(6.01008e-35 1.05843e-35 0)
(4.78852e-34 1.03245e-34 0)
(3.37018e-33 1.06576e-33 0)
(2.28488e-32 1.07565e-32 0)
(1.14953e-31 1.02667e-31 0)
(5.53083e-31 7.58426e-31 0)
(1.14091e-35 -4.58952e-35 0)
(-5.53337e-36 -9.89537e-36 0)
(-1.26334e-36 -8.06783e-37 0)
(-1.5709e-37 7.78798e-38 0)
(-3.16395e-39 5.18003e-38 0)
(4.29428e-39 1.17378e-38 0)
(1.20825e-39 2.15359e-39 0)
(2.45506e-40 3.24867e-40 0)
(3.93404e-41 4.48118e-41 0)
(5.66123e-42 5.58452e-42 0)
(7.27912e-43 6.53935e-43 0)
(8.73192e-44 7.15005e-44 0)
(9.73374e-45 7.43711e-45 0)
(1.02846e-45 7.3332e-46 0)
(1.02757e-46 6.98313e-47 0)
(9.85494e-48 6.89794e-48 0)
(9.4287e-49 7.4179e-49 0)
(9.335e-50 9.80261e-50 0)
(1.0598e-50 1.40535e-50 0)
(1.33098e-51 2.12921e-51 0)
(1.89277e-52 3.03678e-52 0)
(1.07237e-52 3.82115e-53 0)
(1.208e-51 -4.28234e-53 0)
(1.72414e-50 -7.02647e-52 0)
(2.40743e-49 -1.00552e-50 0)
(3.27874e-48 -1.40265e-49 0)
(4.34739e-47 -1.90823e-48 0)
(5.61159e-46 -2.52727e-47 0)
(7.0331e-45 -3.25804e-46 0)
(8.56273e-44 -4.07773e-45 0)
(1.00874e-42 -4.95658e-44 0)
(1.15166e-41 -5.82767e-43 0)
(1.2663e-40 -6.63334e-42 0)
(1.34612e-39 -7.25238e-41 0)
(1.36889e-38 -7.60375e-40 0)
(1.3431e-37 -7.44931e-39 0)
(1.24724e-36 -6.56257e-38 0)
(1.11689e-35 -4.26388e-37 0)
(9.27938e-35 1.94097e-37 0)
(7.45063e-34 8.05813e-35 0)
(5.28433e-33 1.93774e-33 0)
(3.63198e-32 3.24318e-32 0)
(1.85046e-31 4.14835e-31 0)
(9.21e-31 4.04947e-30 0)
(1.39907e-36 -5.36201e-36 0)
(-6.90151e-37 -1.23259e-36 0)
(-1.64787e-37 -1.51255e-37 0)
(-2.67999e-38 -3.16682e-39 0)
(-2.14972e-39 3.95775e-39 0)
(1.74764e-40 1.10891e-39 0)
(9.47628e-41 2.23933e-40 0)
(2.27511e-41 3.57246e-41 0)
(3.94037e-42 5.12246e-42 0)
(5.95378e-43 6.56906e-43 0)
(7.91515e-44 7.86354e-44 0)
(9.73374e-45 8.75126e-45 0)
(1.10606e-45 9.23422e-46 0)
(1.18669e-46 9.21985e-47 0)
(1.20107e-47 8.84318e-48 0)
(1.16263e-48 8.47744e-49 0)
(1.10083e-49 8.42512e-50 0)
(1.04634e-50 9.61127e-51 0)
(1.07451e-51 1.21066e-51 0)
(1.19943e-52 1.67308e-52 0)
(1.50363e-53 2.21036e-53 0)
(4.21296e-54 -6.87628e-54 0)
(3.42863e-53 -1.47992e-52 0)
(4.87587e-52 -2.17384e-51 0)
(6.8127e-51 -3.11188e-50 0)
(9.28546e-50 -4.34628e-49 0)
(1.2322e-48 -5.92083e-48 0)
(1.59196e-47 -7.85281e-47 0)
(1.99718e-46 -1.01394e-45 0)
(2.43421e-45 -1.2712e-44 0)
(2.87104e-44 -1.54817e-43 0)
(3.28225e-43 -1.82425e-42 0)
(3.61426e-42 -2.08241e-41 0)
(3.84862e-41 -2.28647e-40 0)
(3.92091e-40 -2.4175e-39 0)
(3.8556e-39 -2.41625e-38 0)
(3.58889e-38 -2.25198e-37 0)
(3.22351e-37 -1.79027e-36 0)
(2.68656e-36 -9.33593e-36 0)
(2.16652e-35 5.57973e-35 0)
(1.54324e-34 2.65057e-33 0)
(1.06825e-33 5.11164e-32 0)
(5.47768e-33 6.90564e-31 0)
(2.76953e-32 7.04469e-30 0)
(1.50882e-37 -6.44071e-37 0)
(-7.37467e-38 -1.5254e-37 0)
(-1.83857e-38 -2.42686e-38 0)
(-3.46312e-39 -1.8745e-39 0)
(-3.72859e-40 1.75581e-40 0)
(-9.93026e-42 8.83497e-41 0)
(5.80253e-42 2.08819e-41 0)
(1.84473e-42 3.59155e-42 0)
(3.52407e-43 5.40215e-43 0)
(5.62447e-44 7.16024e-44 0)
(7.74656e-45 8.78532e-45 0)
(9.7711e-46 9.96572e-46 0)
(1.13188e-46 1.06774e-46 0)
(1.23287e-47 1.07972e-47 0)
(1.26349e-48 1.04479e-48 0)
(1.23479e-49 9.90028e-50 0)
(1.16758e-50 9.42927e-51 0)
(1.08905e-51 9.71566e-52 0)
(1.05423e-52 1.08811e-52 0)
(1.04466e-53 1.35147e-53 0)
(-4.24769e-54 1.47758e-54 0)
(-8.17452e-53 -3.49763e-54 0)
(-1.19957e-51 -5.56463e-53 0)
(-1.71682e-50 -8.14942e-52 0)
(-2.39728e-49 -1.16538e-50 0)
(-3.26493e-48 -1.62586e-49 0)
(-4.32907e-47 -2.2122e-48 0)
(-5.58794e-46 -2.93025e-47 0)
(-7.00342e-45 -3.77806e-46 0)
(-8.52655e-44 -4.72925e-45 0)
(-1.00447e-42 -5.74943e-44 0)
(-1.14677e-41 -6.7611e-43 0)
(-1.26091e-40 -7.69799e-42 0)
(-1.34037e-39 -8.42097e-41 0)
(-1.36301e-38 -8.84116e-40 0)
(-1.33731e-37 -8.69514e-39 0)
(-1.24183e-36 -7.75261e-38 0)
(-1.11202e-35 -5.28977e-37 0)
(-9.2385e-35 -5.49794e-37 0)
(-7.4177e-34 7.78873e-35 0)
(-5.2608e-33 1.97425e-33 0)
(-3.61608e-32 3.35562e-32 0)
(-1.84244e-31 4.31914e-31 0)
(-9.17485e-31 4.23726e-30 0)
(1.60303e-38 -6.86429e-38 0)
(-7.69151e-39 -1.68749e-38 0)
(-1.96704e-39 -3.12145e-39 0)
(-4.13872e-40 -3.29203e-40 0)
(-5.22608e-41 -7.13905e-42 0)
(-3.90276e-42 5.53401e-42 0)
(1.44561e-43 1.7048e-42 0)
(1.2568e-43 3.22647e-43 0)
(2.83677e-44 5.12291e-44 0)
(4.8888e-45 7.03353e-45 0)
(7.04002e-46 8.85147e-46 0)
(9.15126e-47 1.02363e-46 0)
(1.08342e-47 1.1135e-47 0)
(1.19986e-48 1.14012e-48 0)
(1.24605e-49 1.11363e-49 0)
(1.23032e-50 1.05318e-50 0)
(1.16696e-51 9.82868e-52 0)
(1.08018e-52 9.53797e-53 0)
(1.00856e-53 1.01931e-53 0)
(6.91807e-55 1.25244e-54 0)
(-3.86487e-54 4.2934e-55 0)
(-5.92535e-53 4.0255e-54 0)
(-8.67255e-52 6.00439e-53 0)
(-1.23983e-50 8.80496e-52 0)
(-1.72921e-49 1.26164e-50 0)
(-2.35203e-48 1.76395e-49 0)
(-3.11433e-47 2.40577e-48 0)
(-4.01382e-46 3.19479e-47 0)
(-5.02228e-45 4.13084e-46 0)
(-6.10324e-44 5.18688e-45 0)
(-7.17551e-43 6.32823e-44 0)
(-8.17331e-42 7.47246e-43 0)
(-8.96449e-41 8.55506e-42 0)
(-9.50149e-40 9.4396e-41 0)
(-9.63138e-39 1.00872e-39 0)
(-9.41308e-38 1.0353e-38 0)
(-8.70447e-37 1.03572e-37 0)
(-7.75219e-36 1.00439e-36 0)
(-6.40349e-35 9.86201e-36 0)
(-5.09914e-34 9.80505e-35 0)
(-3.58629e-33 1.0366e-33 0)
(-2.42989e-32 1.07154e-32 0)
(-1.22149e-31 1.0397e-31 0)
(-5.87695e-31 7.78125e-31 0)
(-7.4435e-35 3.88884e-30 0)
(1.10877e-39 -9.35476e-39 0)
(-5.26639e-40 -2.36702e-39 0)
(-1.3711e-40 -5.00736e-40 0)
(-3.02393e-41 -6.43299e-41 0)
(-4.04577e-42 -5.19422e-42 0)
(-3.62949e-43 6.88865e-44 0)
(-4.89143e-45 1.32049e-43 0)
(6.5688e-45 3.12234e-44 0)
(1.70149e-45 5.47778e-45 0)
(3.08797e-46 7.96377e-46 0)
(4.57162e-47 1.0415e-46 0)
(6.04972e-48 1.2383e-47 0)
(7.25339e-49 1.37574e-48 0)
(8.10932e-50 1.4323e-49 0)
(8.48472e-51 1.41613e-50 0)
(8.42855e-52 1.33882e-51 0)
(8.05748e-53 1.1636e-52 0)
(8.37303e-54 1.12609e-53 0)
(8.44825e-55 7.76522e-54 0)
(-4.01253e-55 2.32732e-54 0)
(-1.16673e-54 8.70912e-55 0)
(-1.55114e-53 3.49427e-54 0)
(-2.25783e-52 5.03885e-53 0)
(-3.21769e-51 7.37382e-52 0)
(-4.47254e-50 1.0547e-50 0)
(-6.06052e-49 1.47182e-49 0)
(-7.99154e-48 2.0032e-48 0)
(-1.02517e-46 2.65429e-47 0)
(-1.27616e-45 3.4236e-46 0)
(-1.54176e-44 4.28753e-45 0)
(-1.80089e-43 5.21552e-44 0)
(-2.03587e-42 6.13873e-43 0)
(-2.21424e-41 7.00147e-42 0)
(-2.32346e-40 7.69105e-41 0)
(-2.32893e-39 8.16774e-40 0)
(-2.2448e-38 8.30229e-39 0)
(-2.04372e-37 8.15088e-38 0)
(-1.78364e-36 7.6018e-37 0)
(-1.44025e-35 6.88495e-36 0)
(-1.11093e-34 5.88275e-35 0)
(-7.54442e-34 4.96713e-34 0)
(-4.83169e-33 3.85089e-33 0)
(-2.28911e-32 2.90335e-32 0)
(-9.56444e-32 1.67214e-31 0)
(-1.06343e-35 7.83441e-31 0)
(-4.75972e-39 -2.31282e-38 0)
(2.23917e-39 -5.84303e-39 0)
(5.90001e-40 -1.23173e-39 0)
(1.35832e-40 -1.57903e-40 0)
(1.91787e-41 -1.27452e-41 0)
(2.00535e-42 1.59126e-43 0)
(1.02058e-43 3.20013e-43 0)
(-1.49828e-44 7.5669e-44 0)
(-5.43963e-45 1.32656e-44 0)
(-1.08157e-45 1.92685e-45 0)
(-1.67045e-46 2.51791e-46 0)
(-2.26734e-47 2.99141e-47 0)
(-2.76461e-48 3.32127e-48 0)
(-3.1289e-49 3.45487e-49 0)
(-3.30404e-50 3.39909e-50 0)
(-3.30118e-51 3.12714e-51 0)
(-3.07997e-52 1.658e-52 0)
(-1.26341e-53 2.24915e-53 0)
(1.6004e-55 1.12411e-52 0)
(-6.968e-54 3.6414e-53 0)
(-2.56835e-54 1.05743e-53 0)
(-4.23784e-54 3.04369e-54 0)
(-5.18811e-53 1.383e-53 0)
(-7.36304e-52 1.96203e-52 0)
(-1.02158e-50 2.79641e-51 0)
(-1.38129e-49 3.88854e-50 0)
(-1.81673e-48 5.27159e-49 0)
(-2.32343e-47 6.95482e-48 0)
(-2.88187e-46 8.92696e-47 0)
(-3.46678e-45 1.11198e-45 0)
(-4.0291e-44 1.3444e-44 0)
(-4.52751e-43 1.57167e-43 0)
(-4.88919e-42 1.77847e-42 0)
(-5.08641e-41 1.93648e-41 0)
(-5.04591e-40 2.03478e-40 0)
(-4.80232e-39 2.0432e-39 0)
(-4.30434e-38 1.97437e-38 0)
(-3.68406e-37 1.805e-37 0)
(-2.90199e-36 1.58686e-36 0)
(-2.17059e-35 1.29932e-35 0)
(-1.4161e-34 1.02648e-34 0)
(-8.66208e-34 7.26287e-34 0)
(-3.85651e-33 4.8857e-33 0)
(-1.53228e-32 2.47755e-32 0)
(-5.8546e-37 1.04276e-31 0)
(-5.02198e-38 -2.15359e-37 0)
(2.40312e-38 -5.32079e-38 0)
(6.17429e-39 -1.01022e-38 0)
(1.32166e-39 -1.11954e-39 0)
(1.71261e-40 -4.35011e-41 0)
(1.41264e-41 1.35263e-41 0)
(-9.94389e-44 4.71409e-42 0)
(-3.34343e-43 9.21117e-43 0)
(-8.02337e-44 1.48536e-43 0)
(-1.41502e-44 2.05752e-44 0)
(-2.06185e-45 2.60475e-45 0)
(-2.70008e-46 3.02489e-46 0)
(-3.21263e-47 3.30085e-47 0)
(-3.57118e-48 3.38626e-48 0)
(-3.71889e-49 3.28537e-49 0)
(-3.67379e-50 2.94959e-50 0)
(-3.36879e-51 7.65872e-52 0)
(-5.09444e-53 1.9563e-52 0)
(1.63131e-53 1.79754e-51 0)
(-1.13545e-52 5.83273e-52 0)
(-3.82422e-53 1.68452e-52 0)
(-1.18942e-53 3.44903e-53 0)
(-1.1176e-53 9.41446e-54 0)
(-1.26158e-52 4.65512e-53 0)
(-1.74041e-51 6.48827e-52 0)
(-2.34678e-50 9.00374e-51 0)
(-3.07712e-49 1.2179e-49 0)
(-3.92148e-48 1.60256e-48 0)
(-4.84465e-47 2.05055e-47 0)
(-5.80104e-46 2.54484e-46 0)
(-6.70672e-45 3.06329e-45 0)
(-7.49018e-44 3.56272e-44 0)
(-8.032e-43 4.0067e-43 0)
(-8.2864e-42 4.33087e-42 0)
(-8.14149e-41 4.51053e-41 0)
(-7.65766e-40 4.48066e-40 0)
(-6.76941e-39 4.2716e-39 0)
(-5.69389e-38 3.8379e-38 0)
(-4.39279e-37 3.29659e-37 0)
(-3.19849e-36 2.61265e-36 0)
(-2.02019e-35 1.97314e-35 0)
(-1.18592e-34 1.309e-34 0)
(-5.02975e-34 8.17558e-34 0)
(-1.89015e-33 3.76575e-33 0)
(8.24426e-36 1.52036e-32 0)
(-4.75513e-37 -2.02861e-36 0)
(2.31651e-37 -4.83971e-37 0)
(5.80625e-38 -7.99979e-38 0)
(1.12297e-38 -6.87346e-39 0)
(1.26878e-39 3.24874e-40 0)
(5.47982e-41 2.37803e-40 0)
(-1.3955e-41 5.9221e-41 0)
(-5.09044e-42 1.03878e-41 0)
(-1.00612e-42 1.57973e-42 0)
(-1.63222e-43 2.10811e-43 0)
(-2.26909e-44 2.59897e-44 0)
(-2.87997e-45 2.95844e-45 0)
(-3.35078e-46 3.17824e-46 0)
(-3.66214e-47 3.21795e-47 0)
(-3.76251e-48 3.07423e-48 0)
(-3.67466e-49 2.66458e-49 0)
(-3.28615e-50 -5.7757e-51 0)
(1.13358e-51 1.53424e-51 0)
(4.30844e-52 2.81297e-50 0)
(-1.81694e-51 9.11989e-51 0)
(-6.12284e-52 2.63101e-51 0)
(-1.80934e-52 5.34243e-52 0)
(-3.84811e-53 9.84213e-53 0)
(-2.5895e-53 2.33635e-53 0)
(-2.64034e-52 1.17425e-52 0)
(-3.53713e-51 1.59719e-51 0)
(-4.62416e-50 2.15598e-50 0)
(-5.87316e-49 2.83072e-49 0)
(-7.22739e-48 3.61257e-48 0)
(-8.61522e-47 4.47006e-47 0)
(-9.90793e-46 5.3614e-46 0)
(-1.09985e-44 6.21023e-45 0)
(-1.17101e-43 6.94947e-44 0)
(-1.19818e-42 7.46983e-43 0)
(-1.16557e-41 7.72514e-42 0)
(-1.08377e-40 7.61353e-41 0)
(-9.44397e-40 7.18327e-40 0)
(-7.81316e-39 6.37823e-39 0)
(-5.89731e-38 5.38846e-38 0)
(-4.19006e-37 4.18877e-37 0)
(-2.55381e-36 3.07304e-36 0)
(-1.44743e-35 1.97255e-35 0)
(-5.74303e-35 1.17468e-34 0)
(-2.07871e-34 5.20452e-34 0)
(7.89504e-35 2.01249e-33 0)
(-4.41584e-36 -1.71121e-35 0)
(2.17159e-36 -3.96754e-36 0)
(5.22542e-37 -5.25141e-37 0)
(8.82436e-38 -2.15443e-38 0)
(7.82166e-39 9.96578e-39 0)
(-3.01435e-40 3.07378e-39 0)
(-2.54116e-40 6.40339e-40 0)
(-6.44513e-41 1.03651e-40 0)
(-1.13909e-41 1.49961e-41 0)
(-1.74056e-42 1.9345e-42 0)
(-2.32999e-43 2.32575e-43 0)
(-2.87925e-44 2.59671e-44 0)
(-3.2833e-45 2.74699e-45 0)
(-3.53269e-46 2.74403e-46 0)
(-3.58283e-47 2.56761e-47 0)
(-3.45872e-48 2.0834e-48 0)
(-2.97708e-49 -2.68007e-49 0)
(3.7619e-50 8.17594e-51 0)
(8.44422e-51 4.30373e-49 0)
(-2.84434e-50 1.39183e-49 0)
(-9.57719e-51 4.00843e-50 0)
(-2.82569e-51 8.11596e-51 0)
(-5.7878e-52 1.48438e-51 0)
(-1.05044e-52 2.33815e-52 0)
(8.16087e-54 7.45234e-53 0)
(3.55428e-52 5.85825e-52 0)
(5.01594e-51 7.96143e-51 0)
(6.82487e-50 1.06101e-49 0)
(9.0283e-49 1.37496e-48 0)
(1.15508e-47 1.7303e-47 0)
(1.43392e-46 2.11104e-46 0)
(1.71335e-45 2.49326e-45 0)
(1.98189e-44 2.84425e-44 0)
(2.19139e-43 3.12846e-43 0)
(2.34014e-42 3.30723e-42 0)
(2.36366e-41 3.35355e-41 0)
(2.30077e-40 3.24533e-40 0)
(2.0817e-39 2.99144e-39 0)
(1.81314e-38 2.60319e-38 0)
(1.42143e-37 2.13638e-37 0)
(1.07456e-36 1.62373e-36 0)
(6.81215e-36 1.1454e-35 0)
(4.19799e-35 7.16083e-35 0)
(1.75048e-34 4.01046e-34 0)
(7.3107e-34 1.70998e-33 0)
(-3.6536e-35 -1.46038e-34 0)
(1.76807e-35 -3.1906e-35 0)
(4.07861e-36 -2.96815e-36 0)
(5.49111e-37 1.44773e-37 0)
(2.27207e-38 1.42002e-37 0)
(-1.07754e-38 3.35029e-38 0)
(-3.34431e-39 6.25639e-39 0)
(-7.01543e-40 9.52538e-40 0)
(-1.14097e-40 1.32201e-40 0)
(-1.65694e-41 1.65448e-41 0)
(-2.14326e-42 1.94357e-42 0)
(-2.58231e-43 2.13026e-43 0)
(-2.88806e-44 2.22004e-44 0)
(-3.0601e-45 2.18597e-45 0)
(-3.06318e-46 1.98207e-46 0)
(-2.91922e-47 1.40041e-47 0)
(-2.3385e-48 -5.51868e-48 0)
(7.77057e-49 -6.4661e-51 0)
(1.45984e-49 6.41606e-48 0)
(-4.3544e-49 2.0672e-48 0)
(-1.46232e-49 5.93937e-49 0)
(-4.30668e-50 1.19873e-49 0)
(-8.7958e-51 2.18757e-50 0)
(-1.59229e-51 3.40575e-51 0)
(1.2706e-52 6.26141e-52 0)
(5.22548e-51 2.0527e-51 0)
(7.09898e-50 2.76179e-50 0)
(9.31466e-49 3.73398e-49 0)
(1.18789e-47 4.91247e-48 0)
(1.46864e-46 6.28486e-47 0)
(1.76008e-45 7.79919e-46 0)
(2.03675e-44 9.38763e-45 0)
(2.27711e-43 1.09185e-43 0)
(2.44464e-42 1.22803e-42 0)
(2.52552e-41 1.32767e-41 0)
(2.48498e-40 1.38316e-40 0)
(2.34149e-39 1.37469e-39 0)
(2.07385e-38 1.31141e-38 0)
(1.7486e-37 1.17944e-37 0)
(1.35252e-36 1.01443e-36 0)
(9.88126e-36 8.05557e-36 0)
(6.26299e-35 6.10002e-35 0)
(3.69308e-34 4.06208e-34 0)
(1.57282e-33 2.54844e-33 0)
(5.93492e-33 1.17989e-32 0)
(-3.06419e-34 -1.03031e-33 0)
(1.3485e-34 -2.16955e-34 0)
(2.81502e-35 -7.93285e-36 0)
(2.36681e-36 3.93201e-36 0)
(-2.34374e-37 1.50747e-36 0)
(-1.60314e-37 3.01124e-37 0)
(-3.70027e-38 5.12772e-38 0)
(-6.90017e-39 7.36896e-39 0)
(-1.0528e-39 9.80647e-40 0)
(-1.46524e-40 1.18959e-40 0)
(-1.83805e-41 1.36382e-41 0)
(-2.16358e-42 1.46615e-42 0)
(-2.37536e-43 1.50388e-43 0)
(-2.47986e-44 1.45455e-44 0)
(-2.44895e-45 1.2335e-45 0)
(-2.29805e-46 5.31952e-47 0)
(-1.58639e-47 -9.35078e-47 0)
(1.32975e-47 -1.19406e-48 0)
(2.31236e-48 9.32859e-47 0)
(-6.49702e-48 2.99099e-47 0)
(-2.17312e-48 8.56735e-48 0)
(-6.38405e-49 1.7227e-48 0)
(-1.29978e-49 3.13561e-49 0)
(-2.37141e-50 4.85899e-50 0)
(-1.49512e-51 7.49941e-51 0)
(3.03442e-50 8.88748e-51 0)
(4.17593e-49 1.11242e-49 0)
(5.49548e-48 1.50715e-48 0)
(7.03148e-47 1.98922e-47 0)
(8.72609e-46 2.55464e-46 0)
(1.05035e-44 3.18416e-45 0)
(1.22155e-43 3.85263e-44 0)
(1.37376e-42 4.508e-43 0)
(1.48484e-41 5.10673e-42 0)
(1.54642e-40 5.56768e-41 0)
(1.53598e-39 5.85964e-40 0)
(1.46405e-38 5.89527e-39 0)
(1.31448e-37 5.71059e-38 0)
(1.12753e-36 5.237e-37 0)
(8.90384e-36 4.62337e-36 0)
(6.68177e-35 3.80748e-35 0)
(4.37493e-34 3.0315e-34 0)
(2.68887e-33 2.16763e-33 0)
(1.20239e-32 1.47485e-32 0)
(4.80423e-32 7.57774e-32 0)
(-2.09985e-33 -8.07931e-33 0)
(6.18329e-34 -1.5022e-33 0)
(1.04745e-34 3.86879e-35 0)
(-9.20306e-36 4.67563e-35 0)
(-5.97694e-36 1.3527e-35 0)
(-1.77677e-36 2.42427e-36 0)
(-3.389e-37 3.8515e-37 0)
(-5.70687e-38 5.26697e-38 0)
(-8.1916e-39 6.75642e-39 0)
(-1.09188e-39 7.96184e-40 0)
(-1.32716e-40 8.92329e-41 0)
(-1.52448e-41 9.41428e-42 0)
(-1.6417e-42 9.50653e-43 0)
(-1.68777e-43 8.97102e-44 0)
(-1.64078e-44 6.48348e-45 0)
(-1.50354e-45 -2.33602e-46 0)
(-6.27668e-47 -1.40528e-45 0)
(2.08311e-46 -2.37301e-47 0)
(3.47034e-47 1.31663e-45 0)
(-9.45606e-47 4.19795e-46 0)
(-3.14631e-47 1.19798e-46 0)
(-9.2133e-48 2.39887e-47 0)
(-1.86879e-48 4.35318e-48 0)
(-3.41637e-49 6.72161e-49 0)
(-4.39836e-50 9.78934e-50 0)
(1.20487e-49 4.19257e-50 0)
(1.73561e-48 4.1425e-49 0)
(2.29088e-47 5.6226e-48 0)
(2.94033e-46 7.45664e-47 0)
(3.66247e-45 9.62758e-46 0)
(4.42801e-44 1.20703e-44 0)
(5.17681e-43 1.4701e-43 0)
(5.85854e-42 1.73266e-42 0)
(6.37989e-41 1.97926e-41 0)
(6.7049e-40 2.1779e-40 0)
(6.73308e-39 2.31764e-39 0)
(6.50457e-38 2.36122e-38 0)
(5.93825e-37 2.32515e-37 0)
(5.20036e-36 2.17652e-36 0)
(4.217e-35 1.98233e-35 0)
(3.26977e-34 1.70689e-34 0)
(2.23485e-33 1.4584e-33 0)
(1.44154e-32 1.14756e-32 0)
(6.88797e-32 8.80167e-32 0)
(2.8959e-31 5.15191e-31 0)
(-1.60591e-32 -4.17837e-32 0)
(5.0949e-34 -7.50958e-33 0)
(-3.41097e-34 8.38156e-34 0)
(-2.99684e-34 3.57362e-34 0)
(-7.49357e-35 8.46298e-35 0)
(-1.66139e-35 1.37197e-35 0)
(-2.78365e-36 2.01936e-36 0)
(-4.33084e-37 2.61253e-37 0)
(-5.89482e-38 3.20741e-38 0)
(-7.56462e-39 3.65409e-39 0)
(-8.92898e-40 3.98596e-40 0)
(-1.00261e-40 4.11497e-41 0)
(-1.05979e-41 4.0768e-42 0)
(-1.07381e-42 3.61411e-43 0)
(-1.0238e-43 7.94379e-45 0)
(-8.99448e-45 -1.03746e-44 0)
(2.17306e-46 -1.99098e-44 0)
(3.03741e-45 -3.71712e-46 0)
(4.95078e-46 1.80862e-44 0)
(-1.33622e-45 5.72854e-45 0)
(-4.41927e-46 1.62738e-45 0)
(-1.28902e-46 3.24286e-46 0)
(-2.60355e-47 5.86343e-47 0)
(-4.75148e-48 9.01947e-48 0)
(-7.01707e-49 1.28376e-48 0)
(3.81827e-49 1.8176e-49 0)
(6.61791e-48 2.52641e-49 0)
(8.7881e-47 3.18196e-48 0)
(1.13372e-45 4.23117e-47 0)
(1.42002e-44 5.48306e-46 0)
(1.72766e-43 6.90115e-45 0)
(2.03376e-42 8.44213e-44 0)
(2.31995e-41 9.9974e-43 0)
(2.54855e-40 1.14854e-41 0)
(2.70633e-39 1.27266e-40 0)
(2.74894e-38 1.36881e-39 0)
(2.69347e-37 1.42094e-38 0)
(2.4975e-36 1.45603e-37 0)
(2.23229e-35 1.48516e-36 0)
(1.85088e-34 1.6035e-35 0)
(1.48197e-33 1.84189e-34 0)
(1.04794e-32 2.27236e-33 0)
(7.16735e-32 2.6865e-32 0)
(3.63206e-31 2.82523e-31 0)
(1.78586e-30 2.24788e-30 0)
(-7.43031e-32 -3.38358e-31 0)
(-6.13701e-32 -4.20094e-32 0)
(-1.34447e-32 7.3796e-33 0)
(-3.51096e-33 2.11081e-33 0)
(-6.20741e-34 4.53326e-34 0)
(-1.09804e-34 6.82362e-35 0)
(-1.62392e-35 9.63542e-36 0)
(-2.31269e-36 1.20055e-36 0)
(-2.96509e-37 1.43568e-37 0)
(-3.63685e-38 1.59679e-38 0)
(-4.14985e-39 1.70971e-39 0)
(-4.5367e-40 1.735e-40 0)
(-4.69619e-41 1.68784e-41 0)
(-4.68949e-42 1.24259e-42 0)
(-4.29476e-43 -2.20726e-43 0)
(-3.24498e-44 -1.65285e-43 0)
(1.10505e-44 -2.66439e-43 0)
(4.24223e-44 -5.04362e-45 0)
(6.81204e-45 2.40114e-43 0)
(-1.83809e-44 7.55149e-44 0)
(-6.03577e-45 2.13376e-44 0)
(-1.75215e-45 4.22894e-45 0)
(-3.52141e-46 7.61421e-46 0)
(-6.406e-47 1.16654e-46 0)
(-9.86298e-48 1.6532e-47 0)
(-1.02512e-48 2.06639e-48 0)
(5.06893e-48 -5.33498e-49 0)
(6.96378e-47 -1.07229e-47 0)
(8.9968e-46 -1.42586e-46 0)
(1.12827e-44 -1.84096e-45 0)
(1.3746e-43 -2.30787e-44 0)
(1.62053e-42 -2.81047e-43 0)
(1.85167e-41 -3.31134e-42 0)
(2.03779e-40 -3.77959e-41 0)
(2.1685e-39 -4.14948e-40 0)
(2.20759e-38 -4.38678e-39 0)
(2.16901e-37 -4.38384e-38 0)
(2.01702e-36 -4.08512e-37 0)
(1.80973e-35 -3.24655e-36 0)
(1.50637e-34 -1.69159e-35 0)
(1.21314e-33 1.0152e-34 0)
(8.62687e-33 4.81134e-33 0)
(5.96209e-32 9.2747e-32 0)
(3.04955e-31 1.25253e-30 0)
(1.53903e-30 1.2773e-29 0)
(-5.31334e-31 -6.32063e-31 0)
(-6.43351e-31 -9.20878e-32 0)
(-9.62187e-32 -9.26673e-33 0)
(-2.28602e-32 -7.05478e-34 0)
(-3.53817e-33 -3.80971e-35 0)
(-5.88345e-34 -1.02501e-36 0)
(-8.16788e-35 9.96336e-38 0)
(-1.11944e-35 2.15224e-38 0)
(-1.38439e-36 2.79859e-39 0)
(-1.65537e-37 3.07735e-40 0)
(-1.84538e-38 3.18389e-41 0)
(-1.98147e-39 2.42475e-42 0)
(-2.01994e-40 -1.13054e-42 0)
(-2.00718e-41 -4.47274e-42 0)
(-1.66657e-42 -4.68848e-42 0)
(-5.97834e-44 -2.27256e-42 0)
(1.78239e-43 -3.44514e-42 0)
(5.65797e-43 -6.47246e-44 0)
(8.9986e-44 3.09756e-42 0)
(-2.44406e-43 9.65999e-43 0)
(-7.96433e-44 2.71195e-43 0)
(-2.29898e-44 5.34033e-44 0)
(-4.59492e-45 9.56674e-45 0)
(-8.32348e-46 1.45865e-45 0)
(-1.28012e-46 2.05968e-46 0)
(-1.85785e-47 2.6293e-47 0)
(-7.59144e-48 2.37645e-48 0)
(-6.99448e-47 -1.03981e-47 0)
(-8.99746e-46 -1.42565e-46 0)
(-1.12831e-44 -1.84112e-45 0)
(-1.37464e-43 -2.30806e-44 0)
(-1.62057e-42 -2.81069e-43 0)
(-1.85172e-41 -3.31159e-42 0)
(-2.03784e-40 -3.77985e-41 0)
(-2.16855e-39 -4.14975e-40 0)
(-2.20764e-38 -4.38704e-39 0)
(-2.16905e-37 -4.38408e-38 0)
(-2.01706e-36 -4.08534e-37 0)
(-1.80976e-35 -3.24674e-36 0)
(-1.50639e-34 -1.69174e-35 0)
(-1.21315e-33 1.0151e-34 0)
(-8.62693e-33 4.81127e-33 0)
(-5.96211e-32 9.27466e-32 0)
(-3.04956e-31 1.25253e-30 0)
(-1.53904e-30 1.2773e-29 0)
(-3.43366e-32 -3.65739e-31 0)
(-8.21897e-32 -6.55719e-32 0)
(-1.74487e-32 -1.86561e-32 0)
(-4.37655e-33 -3.00761e-33 0)
(-7.45927e-34 -5.07419e-34 0)
(-1.27946e-34 -7.05154e-35 0)
(-1.85006e-35 -9.64142e-36 0)
(-2.58845e-36 -1.18851e-36 0)
(-3.27394e-37 -1.41606e-37 0)
(-3.97285e-38 -1.56894e-38 0)
(-4.49923e-39 -1.67129e-39 0)
(-4.90629e-40 -1.77124e-40 0)
(-5.46322e-41 -3.38594e-41 0)
(-8.64031e-42 -5.70872e-41 0)
(2.01567e-42 -5.80403e-41 0)
(1.34895e-42 -2.78972e-41 0)
(2.46347e-42 -4.26275e-41 0)
(7.30981e-42 -7.82697e-43 0)
(1.15141e-42 3.83969e-41 0)
(-3.15867e-42 1.18692e-41 0)
(-1.01997e-42 3.30672e-42 0)
(-2.92431e-43 6.46494e-43 0)
(-5.80644e-44 1.15134e-43 0)
(-1.04642e-44 1.74598e-44 0)
(-1.60126e-45 2.45456e-45 0)
(-2.27223e-46 3.12768e-46 0)
(-3.56962e-47 3.76853e-47 0)
(-9.13968e-47 7.35476e-48 0)
(-1.13432e-45 4.26634e-47 0)
(-1.42027e-44 5.47217e-46 0)
(-1.72795e-43 6.88754e-45 0)
(-2.03407e-42 8.42633e-44 0)
(-2.32029e-41 9.97968e-43 0)
(-2.5489e-40 1.14663e-41 0)
(-2.70667e-39 1.27068e-40 0)
(-2.74926e-38 1.36685e-39 0)
(-2.69375e-37 1.41909e-38 0)
(-2.49773e-36 1.45437e-37 0)
(-2.23247e-35 1.48375e-36 0)
(-1.85101e-34 1.6024e-35 0)
(-1.48205e-33 1.84109e-34 0)
(-1.04798e-32 2.27183e-33 0)
(-7.16756e-32 2.68619e-32 0)
(-3.63214e-31 2.82509e-31 0)
(-1.78587e-30 2.24782e-30 0)
(9.24459e-33 -4.32987e-32 0)
(-1.26706e-32 -1.07655e-32 0)
(-2.99677e-33 -3.34371e-33 0)
(-8.84229e-34 -6.11318e-34 0)
(-1.61138e-34 -1.08524e-34 0)
(-2.92479e-35 -1.58771e-35 0)
(-4.37628e-36 -2.23107e-36 0)
(-6.28566e-37 -2.82297e-37 0)
(-8.09473e-38 -3.31991e-38 0)
(-1.00514e-38 -3.09948e-39 0)
(-1.21863e-39 -2.2457e-40 0)
(-1.62089e-40 -1.08305e-40 0)
(-6.84975e-41 -2.0602e-40 0)
(-4.68302e-41 -6.65191e-40 0)
(3.07935e-41 -6.93214e-40 0)
(1.70649e-41 -3.31369e-40 0)
(3.0279e-41 -5.11828e-40 0)
(9.05086e-41 -9.13665e-42 0)
(1.41218e-41 4.62068e-40 0)
(-3.92349e-41 1.41291e-40 0)
(-1.25489e-41 3.89995e-41 0)
(-3.56899e-42 7.55853e-42 0)
(-7.03476e-43 1.33657e-42 0)
(-1.26023e-43 2.01364e-43 0)
(-1.91789e-44 2.81575e-44 0)
(-2.7038e-45 3.57046e-45 0)
(-3.46916e-46 4.26281e-46 0)
(-6.44139e-47 5.29673e-47 0)
(-2.99944e-46 7.90425e-47 0)
(-3.67836e-45 9.56629e-46 0)
(-4.44588e-44 1.19903e-44 0)
(-5.19682e-43 1.46076e-43 0)
(-5.88009e-42 1.72211e-42 0)
(-6.40221e-41 1.96781e-41 0)
(-6.72695e-40 2.16593e-40 0)
(-6.75392e-39 2.30568e-39 0)
(-6.52314e-38 2.34976e-38 0)
(-5.95398e-37 2.31478e-37 0)
(-5.21265e-36 2.16756e-36 0)
(-4.22605e-35 1.97517e-35 0)
(-3.27565e-34 1.70147e-34 0)
(-2.23841e-33 1.45477e-33 0)
(-1.44323e-32 1.14531e-32 0)
(-6.89533e-32 8.79098e-32 0)
(-2.89738e-31 5.14752e-31 0)
(5.68906e-33 9.11677e-33 0)
(-3.43691e-33 1.677e-33 0)
(-8.52291e-34 -2.01275e-35 0)
(-2.31423e-34 -4.60299e-35 0)
(-4.05567e-35 -1.36007e-35 0)
(-7.00021e-36 -2.44655e-36 0)
(-1.01666e-36 -4.08025e-37 0)
(-1.38954e-37 -5.53262e-38 0)
(-1.68716e-38 4.7379e-39 0)
(-3.07597e-39 7.94878e-39 0)
(-1.17013e-39 2.11621e-39 0)
(-4.64471e-40 -7.35588e-40 0)
(-6.67964e-40 -2.276e-39 0)
(-5.45544e-40 -7.58466e-39 0)
(3.74073e-40 -7.90494e-39 0)
(2.02896e-40 -3.74951e-39 0)
(3.59492e-40 -5.85433e-39 0)
(1.08614e-39 -1.01274e-40 0)
(1.67278e-40 5.29794e-39 0)
(-4.73367e-40 1.60197e-39 0)
(-1.49619e-40 4.37272e-40 0)
(-4.21388e-41 8.39226e-41 0)
(-8.23223e-42 1.47165e-41 0)
(-1.46416e-42 2.20079e-42 0)
(-2.21357e-43 3.05852e-43 0)
(-3.10376e-44 3.85717e-44 0)
(-3.94375e-45 4.58002e-45 0)
(-4.77191e-46 5.08924e-46 0)
(-1.30325e-46 7.12848e-47 0)
(-9.68982e-46 2.34782e-46 0)
(-1.15632e-44 2.86908e-45 0)
(-1.341e-43 3.48233e-44 0)
(-1.50331e-42 4.08733e-43 0)
(-1.62021e-41 4.64649e-42 0)
(-1.68146e-40 5.08167e-41 0)
(-1.66522e-39 5.36856e-40 0)
(-1.5808e-38 5.41793e-39 0)
(-1.41517e-37 5.27102e-38 0)
(-1.20789e-36 4.84893e-37 0)
(-9.51328e-36 4.30452e-36 0)
(-7.09268e-35 3.55754e-35 0)
(-4.63784e-34 2.85672e-34 0)
(-2.82418e-33 2.05312e-33 0)
(-1.26993e-32 1.41697e-32 0)
(-4.99543e-32 7.32675e-32 0)
(2.58064e-32 8.52614e-32 0)
(-1.3465e-32 1.82814e-32 0)
(-2.63943e-33 2.31536e-33 0)
(-5.79101e-34 2.10989e-34 0)
(-8.50817e-35 1.60148e-35 0)
(-1.258e-35 1.05013e-36 0)
(-1.59838e-36 -1.54094e-37 0)
(-1.63814e-37 -2.14317e-38 0)
(-1.03543e-38 1.28568e-37 0)
(-1.27928e-38 9.69072e-38 0)
(-1.06643e-38 2.42417e-38 0)
(-4.83344e-39 -7.60021e-39 0)
(-7.47492e-39 -2.47599e-38 0)
(-6.13507e-39 -8.3943e-38 0)
(4.33538e-39 -8.74491e-38 0)
(2.2961e-39 -4.10578e-38 0)
(4.04686e-39 -6.50154e-38 0)
(1.23596e-38 -1.08103e-39 0)
(1.86902e-39 5.90113e-38 0)
(-5.44568e-39 1.75847e-38 0)
(-1.69982e-39 4.73472e-39 0)
(-4.73099e-40 8.97641e-40 0)
(-9.1503e-41 1.55813e-40 0)
(-1.6137e-41 2.30899e-41 0)
(-2.42149e-42 3.18494e-42 0)
(-3.37428e-43 3.98993e-43 0)
(-4.26359e-44 4.7115e-44 0)
(-5.07377e-45 5.19595e-45 0)
(-6.04525e-46 5.42088e-46 0)
(-5.69913e-46 1.60476e-47 0)
(-6.02979e-45 -4.48465e-46 0)
(-6.87558e-44 -5.18794e-45 0)
(-7.5648e-43 -5.77353e-44 0)
(-8.02087e-42 -6.14082e-43 0)
(-8.15109e-41 -6.37528e-42 0)
(-7.94354e-40 -6.24518e-41 0)
(-7.35845e-39 -6.03428e-40 0)
(-6.49542e-38 -5.36871e-39 0)
(-5.37942e-37 -4.83834e-38 0)
(-4.20922e-36 -3.8007e-37 0)
(-3.01822e-35 -3.20731e-36 0)
(-2.01918e-34 -2.02129e-35 0)
(-1.17444e-33 -1.56588e-34 0)
(-6.24007e-33 -4.56435e-34 0)
(-2.45423e-32 -3.38273e-33 0)
(2.21786e-32 7.54764e-31 0)
(-1.15487e-32 1.09948e-31 0)
(-2.18481e-33 1.1053e-32 0)
(-4.69941e-34 8.39888e-34 0)
(-6.76022e-35 4.86527e-35 0)
(-1.04066e-35 2.13467e-36 0)
(-1.34933e-36 -2.22511e-36 0)
(2.14988e-37 -2.57084e-37 0)
(1.16832e-37 1.34408e-36 0)
(-1.13355e-37 1.00865e-36 0)
(-1.10265e-37 2.49373e-37 0)
(-4.76929e-38 -7.76616e-38 0)
(-7.84556e-38 -2.53832e-37 0)
(-6.44453e-38 -8.73141e-37 0)
(4.95104e-38 -9.0893e-37 0)
(2.51518e-38 -4.22306e-37 0)
(4.35162e-38 -6.78408e-37 0)
(1.34645e-37 -1.07872e-38 0)
(1.96226e-38 6.17741e-37 0)
(-6.09809e-38 1.81396e-37 0)
(-1.87118e-38 4.80231e-38 0)
(-5.13132e-39 8.97857e-39 0)
(-9.80014e-40 1.53958e-39 0)
(-1.71046e-40 2.25783e-40 0)
(-2.5432e-41 3.08728e-41 0)
(-3.51728e-42 3.83856e-42 0)
(-4.41466e-43 4.50435e-43 0)
(-5.22212e-44 4.94078e-44 0)
(-5.88536e-45 5.16148e-45 0)
(-2.06952e-45 5.22126e-46 0)
(-1.7345e-44 1.80122e-46 0)
(-1.97748e-43 1.58083e-45 0)
(-2.17982e-42 1.8246e-44 0)
(-2.32215e-41 2.04037e-43 0)
(-2.36865e-40 2.19129e-42 0)
(-2.32905e-39 2.26475e-41 0)
(-2.17173e-38 2.2299e-40 0)
(-1.94969e-37 2.10283e-39 0)
(-1.63302e-36 1.86498e-38 0)
(-1.3214e-35 1.57529e-37 0)
(-9.6643e-35 1.22247e-36 0)
(-6.9627e-34 8.97318e-36 0)
(-4.2066e-33 5.73784e-35 0)
(-2.71293e-32 3.42072e-34 0)
(-1.15785e-31 1.48959e-33 0)
(-2.21357e-32 7.54902e-31 0)
(1.15247e-32 1.09982e-31 0)
(2.17889e-33 1.10491e-32 0)
(4.74012e-34 8.41724e-34 0)
(6.83048e-35 8.30163e-35 0)
(3.58666e-36 1.1288e-35 0)
(-9.38614e-38 -2.16252e-35 0)
(3.89261e-36 -2.35749e-36 0)
(1.41355e-36 1.3748e-35 0)
(-1.05318e-36 1.02245e-35 0)
(-9.96757e-37 2.49549e-36 0)
(-3.36987e-37 -7.28714e-37 0)
(-6.69929e-37 -2.51042e-36 0)
(-5.5246e-37 -8.84098e-36 0)
(5.514e-37 -9.19635e-36 0)
(2.5914e-37 -4.20944e-36 0)
(4.22097e-37 -6.90164e-36 0)
(1.31774e-36 -1.03475e-37 0)
(1.75508e-37 6.31022e-36 0)
(-6.44651e-37 1.81455e-36 0)
(-1.93929e-37 4.70429e-37 0)
(-5.21726e-38 8.6377e-38 0)
(-9.8198e-39 1.45896e-38 0)
(-1.69257e-39 2.11178e-39 0)
(-2.49019e-40 2.85689e-40 0)
(-3.41381e-41 3.51919e-41 0)
(-4.25252e-42 4.09802e-42 0)
(-4.99788e-43 4.46502e-43 0)
(-5.49182e-44 4.63845e-44 0)
(-6.10437e-45 4.67586e-45 0)
(-4.85353e-45 1.6766e-45 0)
(-4.8684e-44 1.47427e-44 0)
(-5.31545e-43 1.68447e-43 0)
(-5.60657e-42 1.85975e-42 0)
(-5.65759e-41 1.98472e-41 0)
(-5.49052e-40 2.02855e-40 0)
(-5.04763e-39 1.99922e-39 0)
(-4.44892e-38 1.86885e-38 0)
(-3.65422e-37 1.68191e-37 0)
(-2.87471e-36 1.41077e-36 0)
(-2.04337e-35 1.13908e-35 0)
(-1.40108e-34 8.21839e-35 0)
(-8.10019e-34 5.6899e-34 0)
(-4.68692e-33 3.04333e-33 0)
(-1.86864e-32 1.53448e-32 0)
(-2.55046e-32 8.63681e-32 0)
(1.32682e-32 1.85379e-32 0)
(2.59231e-33 2.23877e-33 0)
(6.13689e-34 2.21747e-34 0)
(9.01506e-35 3.70846e-34 0)
(-4.45415e-35 9.50187e-35 0)
(-1.04013e-35 -2.02355e-34 0)
(3.65384e-35 -2.17639e-35 0)
(1.43453e-35 1.28627e-34 0)
(-7.62558e-36 9.49472e-35 0)
(-6.03112e-36 2.2731e-35 0)
(8.05108e-37 -6.77865e-36 0)
(-2.82938e-36 -2.28716e-35 0)
(-2.34061e-36 -8.20644e-35 0)
(6.47779e-36 -8.52569e-35 0)
(2.59398e-36 -3.84529e-35 0)
(3.51327e-36 -6.43255e-35 0)
(1.09611e-35 -9.01745e-37 0)
(1.03926e-36 5.90725e-35 0)
(-6.71878e-36 1.66478e-35 0)
(-1.95657e-36 4.20136e-36 0)
(-5.13019e-37 7.55385e-37 0)
(-9.4696e-38 1.25222e-37 0)
(-1.60684e-38 1.78503e-38 0)
(-2.33284e-39 2.38427e-39 0)
(-3.16385e-40 2.9059e-40 0)
(-3.90452e-41 3.35412e-41 0)
(-4.55374e-42 3.62725e-42 0)
(-4.96769e-43 3.74407e-43 0)
(-5.17415e-44 3.67565e-44 0)
(-6.16048e-45 3.77702e-45 0)
(-1.24597e-44 4.03371e-45 0)
(-1.29953e-43 4.23098e-44 0)
(-1.35763e-42 4.62713e-43 0)
(-1.35456e-41 4.88721e-42 0)
(-1.29651e-40 4.93942e-41 0)
(-1.1714e-39 4.80205e-40 0)
(-1.01034e-38 4.42325e-39 0)
(-8.06508e-38 3.90536e-38 0)
(-6.11631e-37 3.20958e-37 0)
(-4.12492e-36 2.51568e-36 0)
(-2.63861e-35 1.75976e-35 0)
(-1.35861e-34 1.15259e-34 0)
(-6.77598e-34 5.83302e-34 0)
(-1.92029e-33 2.52826e-33 0)
(-4.0052e-33 1.78267e-32 0)
(1.85285e-33 3.42694e-33 0)
(4.45806e-34 -9.73796e-34 0)
(4.01027e-34 -1.4539e-35 0)
(3.50153e-35 3.2624e-33 0)
(-3.68766e-34 8.5484e-34 0)
(-7.9207e-35 -1.88809e-33 0)
(2.89997e-34 -1.98954e-34 0)
(1.36801e-34 1.18784e-33 0)
(6.99632e-36 8.67399e-34 0)
(4.25574e-35 2.03147e-34 0)
(1.09533e-34 -5.53039e-35 0)
(7.25563e-35 -2.01459e-34 0)
(5.97323e-35 -7.49387e-34 0)
(8.04091e-35 -7.77538e-34 0)
(2.39651e-35 -3.42303e-34 0)
(1.52766e-35 -5.91588e-34 0)
(4.06259e-35 -7.55786e-36 0)
(-7.64085e-36 5.46431e-34 0)
(-6.56628e-35 1.48975e-34 0)
(-1.82666e-35 3.63721e-35 0)
(-4.61373e-36 6.35807e-36 0)
(-8.31367e-37 1.03003e-36 0)
(-1.38285e-37 1.44004e-37 0)
(-1.9764e-38 1.89389e-38 0)
(-2.64611e-39 2.27794e-39 0)
(-3.23087e-40 2.6013e-40 0)
(-3.73496e-41 2.78721e-41 0)
(-4.04409e-42 2.85499e-42 0)
(-4.17887e-43 2.78224e-43 0)
(-4.12096e-44 2.61407e-44 0)
(-5.87272e-45 3.27905e-45 0)
(-2.19358e-44 1.07781e-44 0)
(-2.23671e-43 1.14826e-43 0)
(-2.20931e-42 1.20109e-42 0)
(-2.08919e-41 1.19986e-41 0)
(-1.86108e-40 1.15006e-40 0)
(-1.57665e-39 1.04075e-39 0)
(-1.23157e-38 8.99064e-39 0)
(-9.07118e-38 7.18474e-38 0)
(-5.8909e-37 5.44211e-37 0)
(-3.56599e-36 3.64033e-36 0)
(-1.68837e-35 2.2677e-35 0)
(-7.38251e-35 1.07403e-34 0)
(-1.48892e-34 4.41068e-34 0)
(-1.2246e-33 1.6021e-33 0)
(-1.6981e-33 -3.04453e-33 0)
(-1.31686e-33 -1.33743e-32 0)
(-1.27005e-33 -9.33278e-34 0)
(-1.09451e-33 2.60141e-32 0)
(-1.83157e-34 6.74867e-33 0)
(-1.21034e-34 -1.52231e-32 0)
(1.62082e-33 -1.58471e-33 0)
(1.31536e-33 9.49091e-33 0)
(1.6536e-33 6.85631e-33 0)
(2.37707e-33 1.55246e-33 0)
(3.04052e-33 -4.67269e-34 0)
(2.63958e-33 -1.55376e-33 0)
(2.1927e-33 -5.92439e-33 0)
(1.12207e-33 -6.13419e-33 0)
(2.18154e-34 -2.64017e-33 0)
(-1.95155e-34 -4.70323e-33 0)
(-8.88492e-34 -5.40003e-35 0)
(-4.04554e-34 4.37063e-33 0)
(-6.56547e-34 1.1566e-33 0)
(-1.68695e-34 2.70095e-34 0)
(-4.04184e-35 4.56684e-35 0)
(-7.03918e-36 7.18024e-36 0)
(-1.1416e-36 9.80662e-37 0)
(-1.59897e-37 1.26518e-37 0)
(-2.10734e-38 1.49842e-38 0)
(-2.53911e-39 1.68966e-39 0)
(-2.904e-40 1.79167e-40 0)
(-3.11547e-41 1.81953e-41 0)
(-3.19469e-42 1.76037e-42 0)
(-3.11633e-43 1.63917e-43 0)
(-2.9528e-44 1.4815e-44 0)
(-6.02087e-45 3.04687e-45 0)
(-3.51394e-44 1.92954e-44 0)
(-3.41992e-43 1.99024e-43 0)
(-3.20082e-42 1.9684e-42 0)
(-2.816e-41 1.86398e-41 0)
(-2.34925e-40 1.66325e-40 0)
(-1.79976e-39 1.41165e-39 0)
(-1.29343e-38 1.10482e-38 0)
(-8.121e-38 8.14561e-38 0)
(-4.70121e-37 5.27893e-37 0)
(-2.06147e-36 3.15735e-36 0)
(-8.04162e-36 1.4319e-35 0)
(-9.27783e-36 5.593e-35 0)
(-4.5263e-33 -4.365e-33 0)
(-1.8575e-32 -2.72859e-32 0)
(-2.89708e-32 -1.09458e-31 0)
(-8.41947e-32 -9.35626e-33 0)
(-3.23334e-32 2.11077e-31 0)
(6.01881e-32 5.34996e-32 0)
(9.57818e-33 -1.24968e-31 0)
(-7.38908e-33 -1.23976e-32 0)
(1.14723e-32 7.66962e-32 0)
(4.24367e-32 5.43618e-32 0)
(5.47118e-32 1.17874e-32 0)
(6.08344e-32 -3.12108e-33 0)
(5.68863e-32 -1.15822e-32 0)
(4.75761e-32 -4.70538e-32 0)
(1.54471e-32 -4.86142e-32 0)
(1.76061e-33 -1.9963e-32 0)
(-7.25964e-33 -3.78265e-32 0)
(-3.06368e-32 -3.72215e-34 0)
(-8.95711e-33 3.5441e-32 0)
(-6.03448e-33 8.80819e-33 0)
(-1.38861e-33 1.95666e-33 0)
(-3.06922e-34 3.16621e-34 0)
(-5.11113e-35 4.81366e-35 0)
(-8.00849e-36 6.39016e-36 0)
(-1.0942e-36 8.06737e-37 0)
(-1.41398e-37 9.38072e-38 0)
(-1.67744e-38 1.04261e-38 0)
(-1.89449e-39 1.09185e-39 0)
(-2.01151e-40 1.0976e-40 0)
(-2.04514e-41 1.05249e-41 0)
(-1.98058e-42 9.72648e-43 0)
(-1.84605e-43 8.64258e-44 0)
(-1.69579e-44 7.70676e-45 0)
(-5.93385e-45 3.66333e-45 0)
(-4.37611e-44 3.14688e-44 0)
(-4.02697e-43 3.08697e-43 0)
(-3.47864e-42 2.90057e-42 0)
(-2.83228e-41 2.56554e-41 0)
(-2.09698e-40 2.15586e-40 0)
(-1.43347e-39 1.66964e-39 0)
(-8.25851e-39 1.21863e-38 0)
(-4.08777e-38 7.85803e-38 0)
(-1.07504e-37 4.74132e-37 0)
(1.99197e-37 2.29512e-36 0)
(7.52722e-36 1.08932e-35 0)
(-3.47673e-32 -2.42653e-32 0)
(-1.74618e-31 -1.49999e-31 0)
(-4.33214e-31 -6.33137e-31 0)
(-1.63411e-30 -6.14388e-32 0)
(-5.66099e-31 1.21938e-30 0)
(1.30439e-30 3.03252e-31 0)
(1.96651e-31 -7.29377e-31 0)
(-3.32235e-31 -7.02703e-32 0)
(1.013e-31 4.41878e-31 0)
(7.11127e-31 3.0775e-31 0)
(8.83284e-31 6.21593e-32 0)
(9.39969e-31 -2.4607e-32 0)
(8.99115e-31 -6.37826e-32 0)
(7.60696e-31 -2.67119e-31 0)
(1.96286e-31 -2.75001e-31 0)
(1.4072e-32 -1.08396e-31 0)
(-1.22652e-31 -2.16627e-31 0)
(-5.52464e-31 -1.78948e-33 0)
(-1.3629e-31 2.04597e-31 0)
(-5.67187e-32 4.82732e-32 0)
(-1.13397e-32 9.98027e-33 0)
(-2.28661e-33 1.53384e-33 0)
(-3.59271e-34 2.22528e-34 0)
(-5.41161e-35 2.85149e-35 0)
(-7.17299e-36 3.49705e-36 0)
(-9.06514e-37 3.97602e-37 0)
(-1.05575e-37 4.33953e-38 0)
(-1.1753e-38 4.47896e-39 0)
(-1.23257e-39 4.4494e-40 0)
(-1.24062e-40 4.22527e-41 0)
(-1.19092e-41 3.87348e-42 0)
(-1.10161e-42 3.41797e-43 0)
(-9.79727e-44 2.92431e-44 0)
(-8.73887e-45 2.87544e-45 0)
(-3.08784e-45 5.09756e-45 0)
(-1.30985e-44 5.00721e-44 0)
(2.716e-45 4.95041e-43 0)
(1.41915e-42 4.70697e-42 0)
(2.78201e-41 4.36016e-41 0)
(3.88207e-40 3.89015e-40 0)
(4.66364e-39 3.42661e-39 0)
(4.98575e-38 2.92474e-38 0)
(4.89565e-37 2.5114e-37 0)
(4.43604e-36 2.09675e-36 0)
(3.71461e-35 1.77565e-35 0)
(-1.97638e-31 -1.21597e-31 0)
(-1.2328e-30 -7.85154e-31 0)
(-4.62717e-30 -3.93482e-30 0)
(-2.22646e-29 -5.24847e-31 0)
(-7.39345e-30 7.60991e-30 0)
(1.89116e-29 1.79033e-30 0)
(2.42906e-30 -4.64678e-30 0)
(-5.74342e-30 -3.77239e-31 0)
(6.7247e-31 2.72482e-30 0)
(8.91496e-30 1.81551e-30 0)
(1.0668e-29 3.24849e-31 0)
(1.10717e-29 -1.14039e-31 0)
(1.07664e-29 -3.26159e-31 0)
(9.27756e-30 -1.59575e-30 0)
(1.89314e-30 -1.63638e-30 0)
(8.32131e-32 -5.63359e-31 0)
(-1.3938e-30 -1.33403e-30 0)
(-7.31239e-30 -8.2903e-33 0)
(-1.47487e-30 1.27521e-30 0)
(-4.01155e-31 2.527e-31 0)
)
;

boundaryField
{
    leftWall
    {
        type            fixedValue;
        value           uniform (0 0 0);
    }
    rightWall
    {
        type            fixedValue;
        value           nonuniform 0();
    }
    lowerWall
    {
        type            fixedValue;
        value           uniform (0 0 0);
    }
    atmosphere
    {
        type            pressureInletOutletVelocity;
        value           nonuniform 0();
    }
    defaultFaces
    {
        type            empty;
    }
    procBoundary0to1
    {
        type            processor;
        value           nonuniform List<vector> 
44
(
(4.06794e-40 -6.1129e-38 0)
(3.36045e-39 -4.57519e-37 0)
(2.11453e-38 -3.10096e-36 0)
(1.21657e-37 -2.00489e-35 0)
(6.26578e-37 -1.2212e-34 0)
(2.68431e-36 -7.09793e-34 0)
(8.50347e-36 -3.79344e-33 0)
(5.03528e-36 -1.96221e-32 0)
(-1.22397e-34 -8.69197e-32 0)
(-8.60738e-34 -4.12131e-31 0)
(1.54052e-33 -1.39271e-30 0)
(2.51297e-32 -1.25851e-29 0)
(2.20708e-31 1.65882e-30 0)
(2.51578e-32 1.44613e-29 0)
(1.94151e-33 1.71715e-30 0)
(1.19129e-34 1.12688e-30 0)
(7.39756e-35 3.77743e-30 0)
(1.19017e-34 2.77831e-29 0)
(3.58241e-36 5.07391e-29 0)
(-1.1864e-34 2.92285e-29 0)
(-1.1864e-34 2.92285e-29 0)
(5.87372e-31 7.76579e-31 0)
(9.56004e-32 1.66986e-31 0)
(1.53221e-32 2.47536e-32 0)
(1.89292e-33 3.833e-33 0)
(2.29337e-34 1.17576e-33 0)
(1.48214e-35 5.79524e-33 0)
(-9.13929e-35 4.78125e-32 0)
(-8.60056e-34 3.20549e-31 0)
(-5.94373e-33 2.44571e-30 0)
(-3.91404e-32 1.13455e-29 0)
(-3.3972e-32 9.19492e-29 0)
(3.39724e-32 9.19492e-29 0)
(3.91276e-32 1.13455e-29 0)
(5.55174e-33 2.44537e-30 0)
(-5.96324e-33 3.18562e-31 0)
(-8.70525e-32 3.5385e-32 0)
(-7.65345e-31 5.7363e-33 0)
(-8.71455e-32 1.31217e-32 0)
(-6.8233e-33 2.06185e-33 0)
(-3.90677e-34 3.52828e-34 0)
(-3.53563e-36 5.0505e-35 0)
(6.26086e-35 3.82503e-35 0)
(2.9133e-34 1.44052e-34 0)
)
;
    }
    procBoundary0to2
    {
        type            processor;
        value           nonuniform List<vector> 
46
(
(-6.88028e-32 4.93636e-32 0)
(-1.22204e-32 7.14259e-33 0)
(-1.7858e-33 1.00414e-33 0)
(-2.54478e-34 1.2468e-34 0)
(-3.24713e-35 1.49765e-35 0)
(-3.98399e-36 1.6691e-36 0)
(-4.53744e-37 1.79467e-37 0)
(-4.96203e-38 1.82647e-38 0)
(-5.13067e-39 1.79397e-39 0)
(-5.10497e-40 1.68572e-40 0)
(-4.85451e-41 1.53165e-41 0)
(-4.45568e-42 1.34038e-42 0)
(-3.93511e-43 1.13694e-43 0)
(-3.27604e-44 9.3724e-45 0)
(8.67604e-45 1.1639e-45 0)
(1.4165e-43 4.12166e-45 0)
(1.69542e-42 3.75072e-44 0)
(1.95724e-41 3.24487e-43 0)
(2.17336e-40 2.65319e-42 0)
(2.32631e-39 1.98422e-41 0)
(2.38242e-38 1.38454e-40 0)
(2.34629e-37 8.37642e-40 0)
(2.19263e-36 4.62916e-39 0)
(1.96645e-35 1.89585e-38 0)
(1.65093e-34 6.75197e-38 0)
(-1.03898e-30 2.78051e-34 0)
(-7.22539e-30 1.25295e-34 0)
(-2.90422e-29 9.06218e-35 0)
(-2.06066e-28 2.181e-35 0)
(-6.82894e-29 4.76167e-36 0)
(1.85219e-28 9.62538e-37 0)
(1.55012e-29 -9.81246e-37 0)
(-5.86299e-29 -5.10191e-35 0)
(3.77066e-30 -9.84492e-34 0)
(7.77786e-29 -1.33017e-32 0)
(8.88067e-29 -1.35702e-31 0)
(9.10967e-29 -9.77413e-31 0)
(8.91576e-29 -1.35702e-31 0)
(7.99085e-29 -1.33017e-32 0)
(1.16769e-29 -9.8452e-34 0)
(4.28576e-31 -5.1036e-35 0)
(-8.82265e-30 -1.07921e-36 0)
(-6.78705e-29 1.80264e-37 0)
(-9.24155e-30 4.21872e-38 0)
(-6.88028e-32 4.93636e-32 0)
(-2.35452e-30 5.80238e-39 0)
)
;
    }
}


// ************************************************************************* //
