/*--------------------------------*- C++ -*----------------------------------*\
| =========                 |                                                 |
| \\      /  F ield         | OpenFOAM: The Open Source CFD Toolbox           |
|  \\    /   O peration     | Version:  2.4.0                                 |
|   \\  /    A nd           | Web:      www.OpenFOAM.org                      |
|    \\/     M anipulation  |                                                 |
\*---------------------------------------------------------------------------*/
FoamFile
{
    version     2.0;
    format      ascii;
    class       surfaceScalarField;
    location    "0.75";
    object      phi;
}
// * * * * * * * * * * * * * * * * * * * * * * * * * * * * * * * * * * * * * //

dimensions      [0 3 -1 0 0 0 0];

internalField   nonuniform List<scalar> 
3782
(
-2.84457e-39
2.95068e-37
-3.41936e-39
5.31145e-38
-9.83656e-40
9.9643e-39
-3.21152e-39
1.30039e-39
-2.99698e-38
-4.92567e-40
-2.3098e-37
-2.99177e-38
-1.94266e-36
-6.3427e-37
-9.30872e-36
-9.66771e-36
-7.45898e-35
-1.89016e-34
-3.64244e-34
-1.57637e-36
-2.34469e-34
5.95643e-35
-1.2709e-32
-9.79188e-36
1.29815e-32
-1.24664e-34
2.56851e-34
-7.21633e-36
3.7658e-34
6.174e-35
8.55052e-35
8.30699e-36
8.40175e-35
1.6784e-38
3.2266e-34
-7.63171e-36
-2.5707e-34
-5.81124e-35
1.38665e-32
9.32348e-35
-3.06147e-32
2.14772e-34
-7.65931e-34
-7.22688e-35
-1.22591e-33
-2.15621e-34
1.46958e-32
7.65776e-35
-3.22527e-32
2.16394e-34
-7.80976e-34
-1.47873e-34
1.58518e-32
-1.62328e-34
-1.65534e-32
5.6893e-35
1.65324e-32
4.59484e-36
-1.76401e-32
-1.87517e-34
-4.34766e-34
-1.49869e-35
-5.06971e-34
-8.42413e-35
-1.03569e-34
-1.13919e-35
-1.34894e-35
-1.77742e-36
-1.27451e-35
-5.72986e-39
-9.92943e-35
1.72968e-36
-4.24437e-34
1.0262e-35
3.35081e-34
7.66919e-35
-1.82684e-32
-1.22195e-34
4.02826e-32
-2.84122e-34
1.45879e-33
8.34567e-35
1.29267e-33
2.00925e-34
2.6066e-35
2.20208e-36
-2.37863e-38
1.39458e-35
-1.77659e-37
9.49907e-35
-1.30228e-36
-7.19202e-36
4.2991e-34
3.77721e-37
-2.82058e-38
2.29601e-36
-2.09807e-37
1.4109e-35
-1.52513e-36
-8.36258e-36
6.00311e-35
6.61707e-38
-5.15958e-39
3.59607e-37
-3.80692e-38
1.90308e-36
-2.63121e-37
-1.3682e-36
5.83088e-36
7.95633e-39
3.77864e-40
4.01107e-38
-4.9028e-39
1.88497e-37
-4.47461e-38
-2.2057e-37
4.37016e-37
3.80024e-40
1.22603e-38
3.97094e-39
1.73039e-38
1.94141e-38
-1.28119e-39
-2.48794e-38
3.36134e-38
-1.95077e-38
7.47949e-38
-7.95792e-39
1.17537e-37
-1.73055e-39
2.55272e-38
2.07416e-39
1.77515e-39
-3.90828e-37
4.90989e-37
-1.14011e-37
8.18782e-37
-3.61983e-38
1.58632e-37
2.88525e-38
-6.96296e-39
-5.6919e-36
-1.09959e-36
-1.18852e-36
4.36947e-37
-2.7192e-37
9.73783e-38
1.96443e-38
-4.61424e-38
-1.13178e-35
-1.42114e-35
-8.48568e-36
-2.99273e-36
-1.81587e-36
-4.221e-37
-6.02542e-38
-2.78309e-37
3.71619e-36
-6.28652e-35
8.43277e-37
-8.11866e-36
1.11429e-37
-8.03355e-37
-7.96371e-38
1.10936e-38
6.75816e-35
-4.09532e-34
1.25261e-35
-3.69525e-35
2.23027e-36
-2.47727e-36
-1.05754e-37
3.13417e-37
-1.13406e-35
-3.51153e-34
-2.4238e-36
-3.0789e-35
-4.59276e-37
-2.00433e-36
-7.86165e-38
-6.88037e-38
-1.40906e-34
3.76977e-34
-2.63529e-35
3.31925e-35
-4.74465e-36
2.17256e-36
8.6717e-38
-6.73751e-37
-8.43835e-36
4.20403e-34
-1.87067e-36
3.79323e-35
-3.5727e-37
2.53643e-36
1.06198e-37
-5.39715e-38
6.97268e-35
6.41844e-35
1.29808e-35
7.5418e-36
2.32891e-36
6.69894e-37
5.30509e-38
3.29586e-37
9.65995e-36
1.55901e-35
2.08736e-36
2.59484e-36
3.94165e-37
3.28705e-37
4.09457e-38
5.89071e-38
2.30903e-38
1.50601e-35
8.68691e-39
2.45507e-36
2.3604e-39
3.04446e-37
3.72422e-38
4.59746e-40
-8.84814e-36
5.36925e-35
-1.88452e-36
5.35498e-36
-3.48512e-37
3.51963e-37
9.03367e-39
-5.12072e-38
-6.52036e-35
3.8156e-34
-1.16955e-35
3.09616e-35
-2.06182e-36
1.69256e-36
9.44243e-39
-2.8624e-37
1.06034e-34
-1.65321e-34
2.05073e-35
-1.9105e-35
3.73863e-36
-1.68141e-36
-1.31986e-37
5.38261e-37
2.42692e-34
-1.41564e-33
4.53245e-35
-1.28093e-34
8.15192e-36
-8.6879e-36
-3.90213e-37
1.15644e-36
-8.16073e-35
-1.00044e-33
-1.51816e-35
-9.30163e-35
-2.72116e-36
-6.58586e-36
-3.40355e-37
-3.84739e-37
-2.43478e-34
2.44065e-34
-4.52911e-35
1.31599e-35
-8.12386e-36
-5.06351e-38
-1.50845e-37
-1.14939e-36
8.64562e-35
-1.93576e-34
1.60664e-35
-2.33804e-35
2.87673e-36
-2.18594e-36
-1.90874e-37
4.06385e-37
2.44071e-34
-1.4452e-33
4.51106e-35
-1.29921e-34
8.07441e-36
-8.78334e-36
-3.94884e-37
1.1395e-36
-1.66807e-34
-5.81448e-34
-3.08543e-35
-5.4818e-35
-5.53285e-36
-3.89791e-36
-1.98869e-37
-7.82113e-37
-1.83734e-34
3.62179e-34
-3.46563e-35
2.81541e-35
-6.25696e-36
1.44783e-36
-4.67841e-39
-8.91428e-37
6.40876e-35
2.73429e-35
1.12157e-35
1.77225e-36
1.94768e-36
-4.24669e-38
-2.88341e-38
2.65917e-37
1.32716e-35
-7.37234e-35
2.89116e-36
-7.28163e-36
4.67214e-37
-4.93653e-37
-1.1363e-38
6.07046e-38
7.82969e-35
-5.78915e-34
5.46756e-36
-5.44281e-35
5.66024e-37
-3.92642e-36
-2.20212e-37
5.03018e-38
-9.42796e-36
-5.742e-34
-1.94109e-36
-5.4275e-35
-4.33075e-37
-3.95476e-36
-2.28849e-37
-7.2383e-38
-9.47537e-35
-8.68842e-35
-1.77848e-35
-1.04965e-35
-3.22492e-36
-9.73213e-37
-8.41309e-38
-4.6087e-37
-1.32362e-35
-1.87528e-35
-2.87712e-36
-3.12468e-36
-5.48581e-37
-3.96139e-37
-4.96597e-38
-8.26837e-38
-2.09002e-36
-2.75017e-36
-4.76449e-37
-5.23707e-37
-9.7026e-38
-7.47449e-38
-1.02499e-38
-1.53291e-38
-7.20007e-39
-2.57753e-36
-2.12178e-39
-4.78942e-37
-5.76939e-40
-6.70071e-38
-9.00354e-39
-1.11544e-40
2.02918e-36
-1.75338e-35
4.56807e-37
-2.80459e-36
9.17801e-38
-3.40824e-37
-4.09527e-38
1.43227e-38
1.19041e-35
-7.05662e-35
2.54205e-36
-7.01002e-36
4.71667e-37
-4.55937e-37
-1.06869e-38
6.95079e-38
8.60555e-35
-5.03341e-34
1.5441e-35
-4.08377e-35
2.72257e-36
-2.22988e-36
-1.17852e-38
3.7804e-37
-1.38983e-34
2.14244e-34
-2.68934e-35
2.50366e-35
-4.90467e-36
2.23364e-36
1.79515e-37
-7.06397e-37
-3.21139e-34
1.87375e-33
-6.00601e-35
1.70829e-34
-1.08128e-35
1.17457e-35
5.54672e-37
-1.53536e-36
9.3898e-35
1.38868e-33
1.71132e-35
1.29665e-34
3.04974e-36
9.14808e-36
4.60724e-37
4.2811e-37
2.27428e-34
2.22671e-34
4.28759e-35
2.72428e-35
7.73992e-36
2.5522e-36
2.21149e-37
1.1025e-36
3.03496e-35
6.62406e-36
1.26825e-36
1.91934e-37
5.82017e-34
-4.7184e-35
1.14504e-32
-3.4523e-35
1.12977e-35
9.02455e-35
-1.13603e-32
8.91865e-35
-1.23129e-34
-4.19945e-35
2.2289e-34
-9.5583e-35
1.18112e-32
-4.93232e-35
6.49904e-34
4.08117e-35
4.47817e-34
4.82516e-35
8.8299e-35
7.45352e-36
1.12154e-35
1.19821e-36
1.24352e-36
1.44557e-37
-2.81172e-36
4.8618e-38
-2.09214e-35
2.67648e-37
-1.65506e-34
2.25618e-36
-8.08697e-34
1.37238e-35
-8.61333e-34
8.9171e-35
-2.30468e-32
3.43981e-35
1.10257e-32
-1.33454e-34
4.24712e-34
-1.03174e-34
1.21812e-32
-8.30482e-36
8.14827e-34
5.0738e-35
9.07451e-34
4.94496e-35
7.51366e-34
-3.59402e-35
1.19096e-32
-4.03801e-35
6.62056e-34
4.25174e-35
4.49703e-34
5.29009e-35
9.00388e-35
1.0208e-35
1.45316e-35
-1.57323e-36
2.34454e-35
-4.63073e-36
1.75902e-34
-2.69008e-36
8.91003e-34
-1.41992e-35
1.25347e-33
-8.7163e-35
2.35006e-32
7.42389e-35
1.38144e-33
1.28888e-34
-1.05767e-32
6.2455e-35
2.19913e-32
-6.6342e-36
-2.2891e-32
1.26507e-34
-7.67622e-34
2.68297e-36
-7.14008e-35
3.45398e-34
-5.37873e-35
5.5118e-34
-3.90743e-35
1.86305e-36
1.02802e-34
-5.37759e-34
1.01563e-34
-2.82252e-34
-4.77662e-35
2.97258e-34
-1.08997e-34
6.00981e-34
-5.629e-35
3.56521e-34
4.63811e-35
6.26808e-35
5.50361e-35
1.31126e-35
8.67117e-36
1.84856e-36
1.40335e-36
2.10213e-37
1.70793e-37
-4.7872e-37
5.76629e-38
-3.43944e-36
3.16094e-37
-2.43986e-35
2.64106e-36
-1.1248e-34
1.59568e-35
-6.51886e-34
1.01544e-34
-8.56215e-34
3.89261e-35
-3.98779e-35
-1.51991e-34
5.90948e-34
-1.1785e-34
6.51603e-34
-1.00304e-35
3.80254e-34
5.30248e-35
1.27877e-34
5.26438e-35
3.72452e-34
-4.55997e-35
6.15759e-34
-4.62556e-35
3.57996e-34
4.80184e-35
6.30963e-35
5.59206e-35
1.45461e-35
1.29687e-35
2.50353e-36
-2.91428e-36
3.30124e-36
-8.63692e-37
2.59017e-35
-2.82743e-36
1.23811e-34
-1.68649e-35
7.06104e-34
-1.04297e-34
1.18781e-33
-8.15076e-35
4.5788e-34
1.4124e-34
1.02312e-34
6.63195e-35
1.79818e-34
-1.0435e-35
-5.67375e-34
1.39389e-34
-5.98865e-34
7.30219e-36
-7.79699e-35
2.34573e-35
-7.65596e-36
3.51315e-35
-5.26404e-36
2.94319e-37
1.4561e-35
-3.32818e-35
1.43486e-35
-1.72678e-35
-6.69016e-36
1.93605e-35
-1.55594e-35
3.94795e-35
-8.08608e-36
2.49292e-35
6.45123e-36
6.1022e-36
7.87094e-36
1.79295e-36
1.42274e-36
2.91297e-37
2.42372e-37
3.64239e-38
3.1252e-38
-8.3762e-38
1.08516e-38
-5.37395e-37
5.76701e-38
-3.29862e-36
4.54488e-37
-1.04518e-35
2.60646e-36
-4.399e-35
1.43452e-35
-5.54451e-35
5.23657e-36
-3.05013e-36
-2.14971e-35
3.81623e-35
-1.70143e-35
4.39652e-35
-1.64943e-36
2.81347e-35
7.54553e-36
1.25892e-35
7.61621e-36
2.71586e-35
-6.29436e-36
4.15322e-35
-6.4192e-36
2.51786e-35
6.74411e-36
6.17463e-36
8.03894e-36
1.99849e-36
2.22904e-36
4.03711e-37
-5.67648e-37
5.20111e-37
-1.635e-37
3.42671e-36
-4.92096e-37
1.12985e-35
-2.74529e-36
4.8439e-35
-1.48105e-35
7.99853e-35
-7.18588e-36
3.45954e-35
1.97394e-35
9.23337e-36
9.78536e-36
1.05053e-35
-4.5021e-37
-3.75392e-35
1.94875e-35
-4.11475e-35
1.20379e-36
-1.06422e-35
1.15777e-36
-1.1677e-36
1.58069e-36
-7.88642e-37
3.30904e-38
2.22401e-36
-1.3942e-36
2.18764e-36
-6.87344e-37
-1.01836e-36
9.0061e-37
-2.38036e-36
1.8656e-36
-1.24254e-36
1.301e-36
9.77235e-37
4.59869e-37
1.20566e-36
1.79484e-37
2.28992e-37
3.26915e-38
4.1774e-38
4.3279e-39
5.65685e-39
-1.00335e-38
2.04375e-39
-5.99569e-38
1.03964e-38
-3.26779e-37
7.80838e-38
-7.45065e-37
4.16837e-37
-2.16784e-36
2.18699e-36
-2.56663e-36
7.8379e-37
-1.60555e-37
-3.28481e-36
1.73786e-36
-2.61522e-36
2.1612e-36
-2.68701e-37
1.6136e-36
1.14313e-36
9.66642e-37
1.12527e-36
1.53408e-36
-9.56678e-37
2.07422e-36
-9.72145e-37
1.32602e-36
1.0274e-36
4.6933e-37
1.22897e-36
2.10273e-37
3.22098e-37
4.6779e-38
-5.20124e-38
5.40334e-38
-2.22842e-38
3.3391e-37
-8.28551e-38
7.94904e-37
-4.31732e-37
2.4443e-36
-2.22904e-36
4.00149e-36
-8.95198e-37
1.99973e-36
3.0365e-36
6.32301e-37
1.52199e-36
4.5425e-37
-5.77558e-38
-1.82376e-36
2.96815e-36
-2.15801e-36
2.13905e-37
-1.56708e-36
3.12287e-38
-1.28086e-37
2.28222e-38
-8.44281e-38
3.81262e-39
2.44169e-37
-2.94494e-39
2.39745e-37
5.78674e-39
-1.11269e-37
1.71177e-38
-2.62065e-37
4.01074e-38
-1.37385e-37
4.6071e-38
1.06246e-37
3.57512e-38
1.32898e-37
1.90049e-38
2.6727e-38
3.75978e-39
5.10815e-39
5.23527e-40
7.21685e-40
-1.22146e-39
2.68094e-40
-6.85815e-39
1.32226e-39
-3.43129e-38
9.52047e-39
-5.30814e-38
4.8428e-38
-5.92906e-38
2.3966e-37
-4.81258e-38
8.38309e-38
-4.55797e-39
-3.60627e-37
2.6977e-38
-2.89526e-37
5.86764e-38
-3.14811e-38
7.88343e-38
1.2561e-37
7.6816e-38
1.2568e-37
7.11864e-38
-1.03376e-37
6.24451e-38
-1.05482e-37
4.90775e-38
1.12517e-37
3.68967e-38
1.36025e-37
2.24093e-38
3.91356e-38
5.44379e-39
-7.38746e-39
6.14625e-39
-2.97527e-39
3.41903e-38
-1.01008e-38
5.29711e-38
-4.96005e-38
7.19849e-38
-2.42184e-37
1.25339e-37
-8.85783e-38
9.98811e-38
3.3436e-37
4.2692e-38
1.71326e-37
7.16171e-39
2.67168e-39
-4.97616e-38
3.24951e-37
-8.2795e-38
2.59395e-38
-1.69835e-37
-1.0349e-39
-1.36797e-38
-3.7915e-39
-9.30665e-39
3.75569e-40
2.75507e-38
5.64025e-39
2.70073e-38
3.77696e-39
-1.25238e-38
-1.61238e-39
-2.95852e-38
-2.74115e-39
-1.55591e-38
4.71206e-40
1.19147e-38
2.75401e-39
1.50166e-38
1.77739e-39
3.11139e-39
3.72311e-40
6.20028e-40
5.34041e-41
9.03943e-41
-1.25248e-40
3.44255e-41
-6.76726e-40
1.65156e-40
-3.18906e-39
1.15304e-39
-3.79035e-39
5.61327e-39
1.52821e-39
2.69953e-38
4.67803e-39
9.32349e-39
1.27386e-40
-4.0695e-38
-3.94787e-39
-3.27888e-38
-1.61063e-39
-3.69058e-39
3.48583e-39
1.41073e-38
6.05506e-39
1.40532e-38
2.88028e-39
-1.15914e-38
-6.33464e-40
-1.18216e-38
7.53548e-40
1.26773e-38
2.87649e-39
1.53753e-38
2.15839e-39
4.42633e-39
5.47963e-40
-7.05757e-40
5.78196e-40
-3.36686e-40
3.11386e-39
-1.20436e-39
3.48581e-39
-5.63479e-39
-1.10617e-39
-2.6794e-38
-5.099e-40
-7.4039e-39
4.60878e-39
3.81543e-38
2.8994e-39
1.96451e-38
-8.46061e-40
5.89093e-40
1.26688e-39
3.66386e-38
-1.77291e-39
3.1903e-39
-1.88485e-38
-1.42224e-39
2.74744e-39
-7.71152e-40
-4.0715e-40
1.8253e-41
2.71679e-39
7.94839e-40
2.61587e-39
5.02641e-40
-1.2084e-39
-2.94271e-40
-2.86756e-39
-5.45843e-40
-1.5125e-39
-1.24084e-40
1.14606e-39
2.36318e-40
1.4567e-39
1.70211e-40
3.11659e-40
3.68477e-41
6.40013e-41
5.40133e-42
9.58593e-42
-1.2715e-41
3.71919e-42
-6.67986e-41
1.74753e-41
-3.04251e-40
1.18787e-40
-3.08475e-40
5.60452e-40
4.56719e-40
2.60948e-39
8.47411e-40
8.87801e-40
3.76612e-41
-3.93961e-39
-6.59962e-40
-3.18891e-39
-4.64136e-40
-3.7057e-40
1.6333e-40
1.36604e-39
5.26351e-40
1.37791e-39
1.0835e-40
-1.1095e-39
-3.43002e-40
-1.13522e-39
-9.54499e-41
1.22596e-39
2.48743e-40
1.49622e-39
2.07197e-40
4.55718e-40
5.44416e-41
-8.11975e-41
5.62742e-41
-3.69153e-41
2.90103e-40
-1.23427e-40
2.46299e-40
-5.53586e-40
-4.67321e-40
-2.55192e-39
-5.6505e-40
-5.44634e-40
2.51822e-40
3.72536e-39
2.32714e-40
1.9374e-39
-1.44078e-40
1.20511e-40
3.75875e-40
3.54454e-39
8.96295e-41
3.28574e-40
-1.81347e-39
-6.6597e-39
2.73997e-39
-8.78097e-40
2.62004e-40
-9.3354e-41
2.94169e-40
6.71827e-41
2.55605e-40
4.72729e-41
-1.16171e-40
-3.00861e-41
-2.76998e-40
-5.65e-41
-1.46435e-40
-1.62278e-41
1.10186e-40
1.96834e-41
1.40813e-40
1.48987e-41
3.07331e-41
3.30811e-42
6.46762e-42
4.9182e-43
9.87995e-43
-1.16155e-42
3.89194e-43
-5.98582e-42
1.79784e-42
-2.6552e-41
1.19865e-41
-2.50201e-41
5.51171e-41
4.96633e-41
2.51686e-40
8.63676e-41
8.48264e-41
4.15446e-42
-3.80459e-40
-6.64136e-41
-3.08757e-40
-5.04496e-41
-3.66828e-41
8.70178e-42
1.31594e-40
4.43002e-41
1.32784e-40
4.39941e-42
-1.0655e-40
-3.86581e-41
-1.09066e-40
-1.37364e-41
1.18287e-40
2.08488e-41
1.44757e-40
1.84513e-41
4.45489e-41
4.92666e-42
-7.46378e-42
4.8453e-42
-3.64536e-42
2.47903e-41
-1.22799e-41
1.75122e-41
-5.32649e-41
-5.29963e-41
-2.41185e-40
-6.456e-41
-2.91391e-41
1.6664e-41
3.64322e-40
1.89347e-41
1.89737e-40
-1.40235e-41
1.42283e-41
4.09658e-41
3.42203e-40
1.58306e-41
3.33953e-41
-1.73492e-40
-3.83665e-38
-7.58241e-39
-4.50356e-39
-8.1762e-40
-5.18763e-40
-5.73304e-41
-4.70651e-41
1.43822e-41
-1.13847e-42
-1.09089e-41
-3.23356e-42
-2.44054e-41
-5.20283e-42
-1.2899e-41
-1.57855e-42
9.63233e-42
1.66757e-42
1.23807e-41
1.29015e-42
2.75807e-42
2.91152e-43
5.91335e-43
4.37585e-44
9.19166e-44
-1.03598e-43
3.6646e-44
-5.26063e-43
1.67007e-43
-2.29484e-42
1.09449e-42
-2.09476e-42
4.93596e-42
4.60054e-42
2.20771e-41
7.84666e-42
7.36411e-42
3.88711e-43
-3.3408e-41
-6.01084e-42
-2.71939e-41
-4.66817e-42
-3.29602e-42
5.78012e-43
1.15602e-41
3.76935e-42
1.17727e-41
2.19942e-43
-9.27806e-42
-3.60808e-42
-9.52191e-42
-1.35332e-42
1.03813e-41
1.77225e-42
1.27588e-41
1.60217e-42
4.07549e-42
4.34118e-43
-7.36642e-43
4.16412e-43
-3.47566e-43
2.092e-42
-1.1122e-42
1.23311e-42
-4.67879e-42
-5.08319e-42
-2.07691e-41
-5.92909e-42
-8.83079e-43
1.41645e-42
3.23436e-41
1.62656e-42
1.69133e-41
-1.24419e-42
1.63208e-42
3.78529e-42
3.00452e-41
1.61679e-42
3.04883e-42
-1.51822e-41
2.18922e-40
-7.86682e-39
-7.89404e-41
-7.48842e-40
-2.09789e-41
-6.91237e-41
-2.54885e-42
-4.95213e-42
-4.88918e-44
-1.5054e-42
-2.66476e-43
-2.15567e-42
-4.272e-43
-1.11862e-42
-1.32269e-43
8.2751e-43
1.33158e-43
1.06836e-42
1.04235e-43
2.41405e-43
2.38725e-44
5.25394e-44
3.61674e-45
8.27436e-45
-8.58168e-45
3.33103e-45
-4.30848e-44
1.50156e-44
-1.85075e-43
9.71468e-44
-1.66219e-43
4.31287e-43
3.79213e-43
1.90198e-42
6.42036e-43
6.2985e-43
3.23518e-44
-2.88069e-42
-4.91489e-43
-2.34952e-42
-3.85417e-43
-2.89075e-43
4.09828e-44
9.95689e-43
3.02521e-43
1.016e-42
1.44897e-44
-7.96184e-43
-2.97232e-43
-8.1779e-43
-1.14124e-43
8.94666e-43
1.42009e-43
1.10212e-42
1.31027e-43
3.56405e-43
3.57429e-44
-6.33868e-44
3.28019e-44
-3.07479e-44
1.64875e-43
-9.73797e-44
8.20548e-44
-3.99429e-43
-4.30312e-43
-1.75011e-42
-4.79488e-43
9.78705e-44
1.20757e-43
2.82591e-42
1.32131e-43
1.47673e-42
-9.85928e-44
1.58474e-43
3.12643e-43
2.59042e-42
1.36476e-43
2.71538e-43
-1.30177e-42
3.61323e-38
8.65709e-40
3.74746e-39
7.00053e-40
3.73742e-40
8.71938e-41
3.47574e-41
8.69559e-42
3.13719e-42
6.74836e-43
2.45994e-43
-1.07631e-43
-1.19189e-44
-8.50904e-44
-8.85466e-45
6.68623e-44
1.0579e-44
8.61931e-44
8.24193e-45
1.97493e-44
1.90646e-45
4.3496e-45
2.90641e-46
6.9313e-46
-6.90702e-46
2.81265e-46
-3.43638e-45
1.25651e-45
-1.45975e-44
8.03489e-45
-1.29965e-44
3.52308e-44
3.01337e-44
1.53137e-43
5.08523e-44
5.03286e-44
2.58933e-45
-2.32111e-43
-3.89206e-44
-1.89724e-43
-3.06356e-44
-2.36578e-44
3.06798e-45
8.02808e-44
2.3794e-44
8.25012e-44
1.06236e-45
-6.37375e-44
-2.35773e-44
-6.56104e-44
-9.12947e-45
7.20689e-44
1.11651e-44
8.90619e-44
1.03883e-44
2.95813e-44
2.85389e-45
-5.56034e-45
2.54088e-45
-2.62643e-45
1.2676e-44
-7.97329e-45
5.04155e-45
-3.1925e-44
-3.52277e-44
-1.37942e-43
-3.70728e-44
2.03657e-44
1.05816e-44
2.30498e-43
1.06544e-44
1.20542e-43
-7.63351e-45
1.48008e-44
2.4834e-44
2.08736e-43
1.09193e-44
2.24511e-44
-1.0469e-43
-8.29436e-39
1.82553e-39
-8.98288e-40
6.92494e-40
-9.28277e-41
8.28863e-41
-8.91729e-42
8.11593e-42
-8.21709e-43
7.04891e-43
-7.32261e-44
4.59482e-44
-8.55901e-45
-2.38563e-45
-1.27968e-45
5.57317e-45
7.39979e-46
6.80366e-45
6.1321e-46
1.57159e-45
1.43873e-46
3.49221e-46
2.20655e-47
5.61528e-47
-5.25657e-47
2.29306e-47
-2.59592e-46
1.01693e-46
-1.09091e-45
6.44421e-46
-9.64371e-46
2.79726e-45
2.25846e-45
1.20293e-44
3.80286e-45
3.93081e-45
1.95388e-46
-1.82442e-44
-2.91144e-45
-1.49362e-44
-2.29975e-45
-1.88235e-45
2.20226e-46
6.30845e-45
1.77701e-45
6.50022e-45
8.1418e-47
-4.98878e-45
-1.76254e-45
-5.14079e-45
-6.88478e-46
5.66289e-45
8.32968e-46
7.01235e-45
7.84868e-46
2.35808e-45
2.16199e-46
-4.45264e-46
1.84335e-46
-2.11748e-46
9.2339e-46
-6.30769e-46
2.79027e-46
-2.47299e-45
-2.71114e-45
-1.05782e-44
-2.70422e-45
2.69951e-45
8.66333e-46
1.83645e-44
8.1198e-46
9.58389e-45
-5.54661e-46
1.26483e-45
1.86542e-45
1.64067e-44
8.18441e-46
1.80361e-45
-8.20142e-45
-7.86504e-38
-1.74289e-39
-8.24943e-39
-7.27777e-40
-8.32859e-40
-8.79625e-41
-7.82413e-41
-8.64909e-42
-7.09327e-42
-7.62069e-43
-6.08413e-43
-6.48051e-44
-5.0599e-44
-5.60397e-45
-4.0504e-45
-2.40213e-48
-2.49637e-46
4.77051e-46
2.23285e-47
1.16327e-46
8.97125e-48
2.63968e-47
1.51732e-48
4.29466e-48
-3.89081e-48
1.76683e-48
-1.90638e-47
7.79066e-48
-7.94425e-47
4.89607e-47
-6.9862e-47
2.10789e-46
1.64697e-46
8.9683e-46
2.76903e-46
2.91355e-46
1.43264e-47
-1.36091e-45
-2.12034e-46
-1.11599e-45
-1.67821e-46
-1.4198e-46
1.56799e-47
4.70972e-46
1.29286e-46
4.88083e-46
6.02964e-48
-3.70184e-46
-1.2826e-46
-3.82196e-46
-5.03372e-47
4.22368e-46
6.05766e-47
5.24328e-46
5.74765e-47
1.79979e-46
1.58795e-47
-3.54858e-47
1.30704e-47
-1.65075e-47
6.54013e-47
-4.73716e-47
1.27347e-47
-1.8193e-46
-2.03402e-46
-7.70031e-46
-1.91237e-46
2.78067e-46
6.96408e-47
1.38778e-45
6.0625e-47
7.23291e-46
-3.94552e-47
1.03977e-46
1.36129e-46
1.22401e-45
5.96547e-47
1.36976e-46
-6.11208e-46
-6.51218e-39
-1.32916e-39
-7.06287e-40
-7.79903e-40
-7.28719e-41
-9.64699e-41
-6.9942e-42
-9.55216e-42
-6.44116e-43
-8.43623e-43
-5.60912e-44
-7.0845e-44
-4.71684e-45
-5.67257e-45
-3.80857e-46
-4.05526e-46
-2.52401e-47
4.68475e-48
9.62825e-49
6.3712e-48
5.87853e-49
1.79701e-48
1.0401e-49
3.08693e-49
-2.74998e-49
1.31041e-49
-1.33974e-48
5.77799e-49
-5.53788e-48
3.60743e-48
-4.8453e-48
1.54278e-47
1.14917e-47
6.50901e-47
1.92936e-47
2.10478e-47
1.00475e-48
-9.88157e-47
-1.4779e-47
-8.11378e-47
-1.17268e-47
-1.04029e-47
1.06371e-48
3.42065e-47
9.01174e-48
3.55542e-47
4.38137e-49
-2.67784e-47
-8.92956e-48
-2.768e-47
-3.52703e-48
3.0663e-47
4.21878e-48
3.81335e-47
4.04327e-48
1.32456e-47
1.11735e-48
-2.64872e-48
8.79644e-49
-1.22783e-48
4.43187e-48
-3.44151e-48
3.81121e-49
-1.29696e-47
-1.45704e-47
-5.44433e-47
-1.29466e-47
2.61895e-47
5.28389e-48
1.02167e-46
4.32128e-48
5.30839e-47
-2.67464e-48
8.0503e-48
9.52046e-48
8.8881e-47
4.15513e-48
1.01003e-47
-4.42992e-47
3.83601e-38
3.97661e-39
4.01344e-39
2.82553e-40
4.0435e-40
2.19493e-41
3.79175e-41
1.8287e-42
3.43243e-42
1.5107e-43
2.93966e-43
1.23205e-44
2.43349e-44
9.63596e-46
1.92489e-45
7.55918e-47
1.47741e-46
7.95892e-48
1.10819e-47
9.93276e-49
8.28125e-49
1.64524e-49
6.16102e-50
2.44497e-50
-1.52042e-50
9.5011e-51
-9.1306e-50
4.10024e-50
-3.75915e-49
2.54373e-49
-3.27553e-49
1.0819e-48
7.80637e-49
4.52705e-48
1.30914e-48
1.45713e-48
6.85472e-50
-6.87536e-48
-1.00306e-48
-5.65282e-48
-7.97291e-49
-7.29778e-49
7.0836e-50
2.38238e-48
6.11499e-49
2.48828e-48
3.05074e-50
-1.855e-48
-6.05499e-49
-1.92079e-48
-2.40192e-49
2.13339e-48
2.86129e-49
2.65866e-48
2.76043e-49
9.3897e-49
7.63117e-50
-1.94578e-49
5.77168e-50
-8.84812e-50
2.91861e-49
-2.39576e-49
-1.02135e-50
-8.85977e-49
-1.01716e-48
-3.6875e-48
-8.50964e-49
2.22432e-48
3.90807e-49
7.2048e-48
3.00813e-49
3.73353e-48
-1.77166e-49
6.01157e-49
6.47592e-49
6.18518e-48
2.81915e-49
7.11906e-49
-3.08148e-48
7.05437e-39
4.7258e-39
7.6012e-40
4.64456e-40
7.8042e-41
4.32127e-41
7.45825e-42
3.91665e-42
6.84523e-43
3.3643e-43
5.94214e-44
2.79759e-44
4.97156e-45
2.2215e-45
3.9732e-46
1.71019e-46
3.07137e-47
1.28116e-47
2.29467e-48
9.48406e-49
1.67583e-49
7.23435e-50
1.19493e-50
5.80036e-51
-4.70295e-52
9.25163e-52
-5.9765e-51
2.83823e-51
-2.45932e-50
1.74155e-50
-2.13436e-50
7.37396e-50
5.11062e-50
3.06468e-49
8.56109e-50
9.82652e-50
4.50563e-51
-4.65591e-49
-6.56182e-50
-3.83219e-49
-5.22674e-50
-4.97606e-50
4.52734e-51
1.61433e-49
4.00139e-50
1.69124e-49
2.07104e-51
-1.25192e-49
-3.95694e-50
-1.29795e-49
-1.57824e-50
1.4446e-49
1.87087e-50
1.8032e-49
1.8204e-50
6.43993e-50
5.02533e-51
-1.35921e-50
3.62516e-51
-6.12818e-51
1.85085e-50
-1.61629e-50
-2.97601e-51
-5.87066e-50
-6.83357e-50
-2.42602e-49
-5.3899e-50
1.79302e-49
2.75962e-50
4.94767e-49
2.01462e-50
2.55413e-49
-1.12775e-50
4.28789e-50
4.2497e-50
4.189e-49
1.8423e-50
4.87528e-50
-2.08507e-49
6.77825e-41
4.23489e-39
8.43211e-42
4.12243e-40
9.67187e-43
3.80859e-41
1.00611e-43
3.43568e-42
9.87279e-45
2.93923e-43
9.04794e-46
2.43651e-44
7.90855e-47
1.92932e-45
6.55631e-48
1.48055e-46
5.23221e-49
1.09359e-47
4.06964e-50
7.85172e-49
3.14341e-51
5.4786e-50
2.40993e-52
3.74905e-51
-6.56119e-53
2.811e-52
-3.85291e-52
2.02049e-52
-1.56788e-51
1.14966e-51
-1.35588e-51
4.84646e-51
3.25944e-51
2.00099e-50
5.45499e-51
6.39179e-51
2.88358e-52
-3.04079e-50
-4.18225e-51
-2.50554e-50
-3.33672e-51
-3.27021e-51
2.83376e-52
1.05549e-50
2.55048e-51
1.11048e-50
1.35486e-52
-8.14534e-51
-2.51985e-51
-8.45855e-51
-1.00919e-51
9.435e-51
1.19186e-51
1.1798e-50
1.16705e-51
4.27303e-51
3.21715e-52
-9.29818e-52
2.21787e-52
-4.12043e-52
1.14126e-51
-1.05136e-51
-3.42152e-52
-3.74991e-51
-4.47476e-51
-1.53824e-50
-3.31738e-51
1.35462e-50
1.89709e-51
3.27614e-50
1.31681e-51
1.68518e-50
-7.00926e-52
2.95873e-51
2.71508e-51
2.73638e-50
1.17333e-51
3.21458e-51
-1.36213e-50
-6.01987e-39
-1.42489e-39
-6.40163e-40
-2.65448e-40
-6.49385e-41
-2.9798e-41
-6.1496e-42
-2.89562e-42
-5.59958e-43
-2.56412e-43
-4.83049e-44
-2.16502e-44
-4.02e-45
-1.73756e-45
-3.19896e-46
-1.34684e-46
-2.46234e-47
-1.00289e-47
-1.82399e-48
-7.23702e-49
-1.31006e-49
-5.04279e-50
-9.09745e-51
-3.41145e-51
-6.19115e-52
-2.21715e-52
-6.41852e-53
-2.31794e-54
-9.93631e-53
7.27887e-53
-8.35824e-53
3.099e-52
2.01301e-52
1.27262e-51
3.36608e-52
4.05205e-52
1.78672e-53
-1.93438e-51
-2.58161e-52
-1.59537e-51
-2.06349e-52
-2.09141e-52
1.71276e-53
6.72028e-52
1.57494e-52
7.09201e-52
8.64008e-54
-5.16551e-52
-1.55402e-52
-5.37109e-52
-6.25401e-53
6.00198e-52
7.35462e-53
7.5163e-52
7.25575e-53
2.75091e-52
1.9949e-53
-6.10634e-53
1.30616e-53
-2.6766e-53
6.8065e-53
-6.64072e-53
-3.04299e-53
-2.3266e-52
-2.83467e-52
-9.48166e-52
-1.97586e-52
9.83024e-52
1.25479e-52
2.11369e-51
8.3254e-53
1.08251e-51
-4.20983e-53
1.96588e-52
1.68097e-52
1.74098e-51
7.23382e-53
2.062e-52
-8.66432e-52
-3.28975e-38
-1.17457e-38
-3.39944e-39
-1.76128e-39
-3.39412e-40
-1.85817e-40
-3.15524e-41
-1.75692e-41
-2.83695e-42
-1.52835e-42
-2.41405e-43
-1.27529e-43
-1.98797e-44
-1.01292e-44
-1.56484e-45
-7.78672e-46
-1.19372e-46
-5.75355e-47
-8.763e-48
-4.12519e-48
-6.24502e-49
-2.85806e-49
-4.30356e-50
-1.92514e-50
-2.8846e-51
-1.2577e-51
-1.89045e-52
-7.92965e-53
-1.77151e-53
-3.7994e-55
-5.74099e-54
1.8903e-53
1.20808e-53
7.84004e-53
2.02554e-53
2.48891e-53
1.07907e-54
-1.19218e-52
-1.55414e-53
-9.84151e-53
-1.24412e-53
-1.29519e-53
1.01321e-54
4.14677e-53
9.48343e-54
4.39281e-53
5.33517e-55
-3.1729e-53
-9.34789e-54
-3.30428e-53
-3.77684e-54
3.69934e-53
4.42612e-54
4.64e-53
4.39294e-54
1.71901e-53
1.20454e-54
-3.91969e-54
7.49087e-55
-1.69118e-54
3.95058e-54
-4.06201e-54
-2.40809e-54
-1.39736e-53
-1.75154e-53
-5.65619e-53
-1.14473e-53
6.79944e-53
8.08258e-54
1.32103e-52
5.1386e-54
6.73691e-53
-2.46907e-54
1.26713e-53
1.01447e-53
1.07321e-52
4.35028e-54
1.27993e-53
-5.34338e-53
6.3305e-38
-9.82135e-39
6.69199e-39
-6.94206e-40
6.79069e-40
-5.389e-41
6.41229e-41
-4.4961e-42
5.83534e-42
-3.72416e-43
5.02283e-43
-3.04595e-44
4.17497e-44
-2.39393e-45
3.31542e-45
-1.82834e-46
2.5479e-46
-1.34357e-47
1.88349e-47
-9.58979e-49
1.35039e-48
-6.61577e-50
9.35869e-50
-4.43955e-51
6.30362e-51
-2.89016e-52
4.11838e-52
-1.82873e-53
2.58703e-53
-8.54653e-55
1.3305e-54
1.09112e-54
8.07674e-55
4.70802e-54
1.1906e-54
1.49127e-54
6.36674e-56
-7.16482e-54
-9.09262e-55
-5.91937e-54
-7.291e-55
-7.81633e-55
5.81366e-56
2.49474e-54
5.55093e-55
2.6507e-54
3.21392e-56
-1.90138e-54
-5.46463e-55
-1.98273e-54
-2.21761e-55
2.22333e-54
2.58901e-55
2.79249e-54
2.58698e-55
1.04475e-54
7.06837e-56
-2.4307e-55
4.15052e-56
-1.03635e-55
2.2247e-55
-2.41718e-55
-1.74483e-55
-8.16369e-55
-1.05096e-54
-3.28356e-54
-6.43676e-55
4.54478e-54
5.03599e-55
8.05269e-54
3.07977e-55
4.0871e-54
-1.40492e-55
7.90581e-55
5.95247e-55
6.45087e-54
2.5417e-55
7.74011e-55
-3.21266e-54
1.34883e-37
-4.34149e-40
1.41372e-38
2.08037e-39
1.42641e-39
2.7124e-40
1.3393e-40
2.71854e-41
1.21366e-41
2.4072e-42
1.04038e-42
2.0198e-43
8.61934e-44
1.60683e-44
6.82325e-45
1.23577e-45
5.22991e-46
9.13154e-47
3.85645e-47
6.54695e-48
2.75896e-48
4.53567e-49
1.90813e-49
3.05497e-50
1.28291e-50
1.99591e-51
8.3689e-52
1.27007e-52
5.31509e-53
7.87803e-54
3.27016e-54
5.42781e-55
2.38767e-55
3.03196e-55
7.93193e-56
8.84989e-56
4.29771e-57
-4.18482e-55
-5.19053e-56
-3.46083e-55
-4.17075e-56
-4.58355e-56
3.26531e-57
1.45929e-55
3.17212e-56
1.55592e-55
1.88135e-57
-1.10744e-55
-3.11939e-56
-1.15654e-55
-1.27069e-56
1.299e-55
1.47868e-56
1.63386e-55
1.486e-56
6.1793e-56
4.04539e-57
-1.47275e-56
2.23922e-57
-6.18804e-57
1.22034e-56
-1.39748e-56
-1.193e-56
-4.63091e-56
-6.15699e-56
-1.85028e-55
-3.52412e-56
2.9224e-55
3.05868e-56
4.7713e-55
1.80327e-56
2.41023e-55
-7.81052e-57
4.79663e-56
3.40903e-56
3.76942e-55
1.45011e-56
4.54605e-56
-1.87861e-55
-4.47365e-38
-8.22375e-39
-4.6769e-39
6.73872e-40
-4.70867e-40
1.17107e-40
-4.41293e-41
1.24419e-41
-3.99276e-42
1.11991e-42
-3.41807e-43
9.44391e-44
-2.82859e-44
7.52335e-45
-2.23693e-45
5.78791e-46
-1.71311e-46
4.27682e-47
-1.26226e-47
3.06603e-48
-9.02454e-49
2.12383e-49
-6.23789e-50
1.43031e-50
-4.19189e-51
9.34336e-52
-2.73333e-52
5.94458e-53
-1.73601e-53
3.6802e-54
-1.07364e-54
2.2605e-55
-6.24132e-56
2.87762e-56
-3.69711e-59
5.696e-57
-1.59436e-59
-2.3832e-56
-2.90366e-57
-1.97517e-56
-2.32595e-57
-2.62283e-57
1.78425e-58
8.33312e-57
1.76665e-57
8.91095e-57
1.0755e-58
-6.29963e-57
-1.73509e-57
-6.58768e-57
-7.09673e-58
7.40972e-57
8.23002e-58
9.3317e-57
8.32188e-58
3.56195e-57
2.25588e-58
-8.65841e-58
1.16974e-58
-3.59417e-58
6.50913e-58
-7.87348e-58
-7.73477e-58
-2.55874e-57
-3.5126e-57
-1.0157e-56
-1.87651e-57
1.82297e-56
1.80385e-57
2.76052e-56
1.02823e-57
1.38739e-56
-4.22499e-58
2.82733e-57
1.90295e-57
2.15038e-56
8.05982e-58
2.60504e-57
-1.07238e-56
-1.33764e-37
-2.613e-38
-1.39935e-38
-2.96454e-39
-1.40976e-39
-2.89124e-40
-1.32191e-40
-2.66047e-41
-1.1966e-41
-2.29142e-42
-1.02477e-42
-1.90436e-43
-8.48328e-44
-1.50937e-44
-6.71076e-45
-1.15878e-45
-5.1406e-46
-8.55267e-47
-3.78855e-47
-6.12654e-48
-2.70912e-48
-4.24106e-49
-1.87289e-49
-2.8546e-50
-1.25876e-50
-1.86381e-51
-8.20877e-52
-1.18531e-52
-5.21381e-53
-7.3333e-54
-3.22223e-54
-4.4242e-55
-1.94148e-55
-2.51786e-56
-1.12175e-56
-1.22385e-57
-6.45112e-58
-1.41126e-57
-1.94159e-58
-1.10347e-57
-1.28722e-58
-1.46486e-58
9.44322e-60
4.63818e-58
9.61695e-59
4.97597e-58
5.99023e-60
-3.49212e-58
-9.43493e-59
-3.65708e-58
-3.87306e-59
4.11934e-58
4.47782e-59
5.19462e-58
4.55256e-59
2.00237e-58
1.22871e-59
-4.97534e-59
5.94779e-60
-2.03737e-59
3.38466e-59
-4.32047e-59
-4.81556e-59
-1.37582e-58
-1.95877e-58
-5.42368e-58
-9.73719e-59
1.10035e-57
1.03824e-58
1.55647e-57
5.73304e-59
7.78286e-58
-2.23458e-59
1.624e-58
1.03815e-58
1.1956e-57
4.37934e-59
1.45387e-58
-5.96806e-58
4.72147e-38
-1.63532e-38
4.93307e-39
-1.32354e-39
4.96405e-40
-1.12041e-40
4.65049e-41
-9.75778e-42
4.20634e-42
-8.2459e-43
3.6e-43
-6.80948e-44
2.97852e-44
-5.38587e-45
2.3551e-45
-4.13178e-46
1.80335e-46
-3.04856e-47
1.3286e-47
-2.18332e-48
9.49795e-49
-1.51114e-49
6.56462e-50
-1.01697e-50
4.41118e-51
-6.639e-52
2.87617e-52
-4.22155e-53
1.82655e-53
-2.61146e-54
1.12869e-54
-1.57594e-55
6.80514e-56
-9.22721e-57
4.01132e-57
-5.18384e-58
2.30381e-58
-1.02062e-58
4.53599e-60
-6.13924e-59
-6.03346e-60
-8.05534e-60
5.36793e-61
2.52305e-59
5.11499e-60
2.71491e-59
3.26319e-61
-1.89275e-59
-5.00961e-60
-1.98482e-59
-2.06431e-60
2.23857e-59
2.37909e-60
2.82631e-59
2.43267e-60
1.09896e-59
6.53408e-61
-2.78293e-60
2.93115e-61
-1.12605e-60
1.71396e-60
-2.3139e-60
-2.88256e-60
-7.21423e-60
-1.06603e-59
-2.8239e-59
-4.92087e-60
6.46136e-59
5.81906e-60
8.57937e-59
3.11982e-60
4.26707e-59
-1.15252e-60
9.0872e-60
5.5312e-60
6.49787e-59
2.32309e-60
7.9273e-60
-3.24645e-59
1.32454e-37
-7.31968e-40
1.38368e-38
2.05536e-39
1.39276e-39
2.68686e-40
1.30471e-40
2.69329e-41
1.18021e-41
2.38364e-42
1.01e-42
1.99915e-43
8.35619e-44
1.58963e-44
6.6064e-45
1.22211e-45
5.05819e-46
9.02751e-47
3.72601e-47
6.47073e-48
2.66328e-48
4.4818e-49
1.84044e-49
3.01818e-50
1.23649e-50
1.97157e-51
8.06061e-52
1.25441e-52
5.118e-53
7.76429e-54
3.16195e-54
4.68847e-55
1.90582e-55
2.76074e-56
1.12027e-56
1.58877e-57
6.43358e-58
8.54086e-59
3.566e-59
1.73333e-60
1.63027e-60
-1.59892e-61
1.31928e-61
1.35481e-60
2.71606e-61
1.44772e-60
1.76335e-62
-1.00175e-60
-2.6031e-61
-1.05201e-60
-1.07648e-61
1.18802e-60
1.23705e-61
1.50177e-60
1.27151e-61
5.89226e-61
3.39841e-62
-1.52253e-61
1.40464e-62
-6.08265e-62
8.46624e-62
-1.20935e-61
-1.67017e-61
-3.68743e-61
-5.67701e-61
-1.43242e-60
-2.42482e-61
3.68607e-60
3.18692e-61
4.61801e-60
1.66171e-61
2.28455e-60
-5.81653e-62
4.96386e-61
2.8836e-61
3.44877e-60
1.20603e-61
4.21889e-61
-1.72503e-60
-9.10862e-38
-4.17494e-39
-9.52939e-39
4.9533e-40
-9.60527e-40
7.9908e-41
-9.00828e-41
8.41847e-42
-8.15699e-42
7.59443e-43
-6.98667e-43
6.43588e-44
-5.78486e-44
5.15683e-45
-4.57661e-45
3.99112e-46
-3.50621e-46
2.96691e-47
-2.58418e-47
2.13973e-48
-1.84802e-48
1.49102e-49
-1.27762e-49
1.01009e-50
-8.58708e-51
6.6372e-52
-5.59989e-52
4.24761e-53
-3.55677e-53
2.64433e-54
-2.19808e-54
1.60596e-55
-1.32523e-55
9.50976e-57
-7.79146e-57
5.50192e-58
-4.47564e-58
3.08912e-59
-2.51389e-59
1.55394e-60
-1.39684e-60
7.09123e-62
-7.27981e-62
7.46514e-62
9.63987e-63
7.57068e-62
7.01714e-64
-5.18861e-62
-1.32416e-62
-5.45737e-62
-5.4917e-63
6.17015e-62
6.2916e-63
7.8086e-62
6.50166e-63
3.08901e-62
1.72857e-63
-8.12774e-63
6.5207e-64
-3.20972e-63
4.07647e-63
-6.17717e-63
-9.37157e-63
-1.8398e-62
-2.95576e-62
-7.0895e-62
-1.16465e-62
2.05024e-61
1.70341e-62
2.4328e-61
8.65373e-63
1.19685e-61
-2.86755e-63
2.64707e-62
1.47055e-62
1.79133e-61
6.12315e-63
2.19638e-62
-8.96995e-62
-1.04234e-37
-1.20315e-38
-1.09546e-38
-1.70534e-39
-1.10752e-39
-1.76185e-40
-1.04203e-40
-1.64135e-41
-9.4591e-42
-1.41047e-42
-8.12265e-43
-1.1625e-43
-6.73995e-44
-9.12334e-45
-5.34373e-45
-6.92597e-46
-4.10177e-46
-5.0537e-47
-3.02887e-47
-3.57626e-48
-2.16983e-48
-2.4452e-49
-1.50269e-49
-1.6246e-50
-1.01162e-50
-1.04677e-51
-6.60764e-52
-6.56583e-53
-4.20327e-53
-4.00522e-54
-2.60153e-54
-2.38235e-55
-1.57076e-55
-1.38118e-56
-9.24832e-57
-7.81932e-58
-5.31995e-58
-4.32352e-59
-2.98973e-59
-2.34473e-60
-1.64448e-60
-1.24612e-61
-8.83456e-62
-2.8424e-63
-3.98283e-63
3.52544e-63
-1.94461e-64
-2.64602e-63
-6.71029e-64
-2.77017e-63
-2.74968e-64
3.13461e-63
3.13462e-64
3.97162e-63
3.25577e-64
1.58436e-63
8.60936e-65
-4.24745e-64
2.9368e-65
-1.65746e-64
1.91509e-64
-3.08394e-64
-5.11329e-64
-8.95893e-64
-1.50739e-63
-3.42182e-63
-5.45536e-64
1.11111e-62
8.90721e-64
1.25361e-62
4.41511e-64
6.13303e-63
-1.38436e-64
1.38014e-63
7.3461e-64
9.10138e-63
3.04562e-64
1.11802e-63
-4.56331e-63
3.00693e-38
-4.8054e-39
3.05382e-39
-4.86849e-40
2.9933e-40
-4.22551e-41
2.73044e-41
-3.19973e-42
2.40566e-42
-2.19602e-43
2.0051e-43
-1.28489e-44
1.61524e-44
-6.08767e-46
1.24313e-45
-1.25615e-47
9.26036e-47
1.53473e-48
6.63412e-48
2.96252e-49
4.60832e-49
3.32765e-50
3.09295e-50
3.13394e-51
2.01644e-51
2.62928e-52
1.27455e-52
2.05436e-53
7.83848e-54
1.50847e-54
4.68592e-55
1.05741e-55
2.72963e-56
7.09434e-57
1.54871e-57
4.59087e-58
8.57299e-59
2.86882e-59
4.62938e-60
1.73852e-60
2.44118e-61
1.02265e-61
1.258e-62
6.03781e-63
6.66239e-64
5.19369e-64
3.34616e-65
-1.12771e-64
-3.06336e-65
-1.36742e-64
-1.33569e-65
1.56064e-64
1.53031e-65
1.97891e-64
1.59706e-65
7.95602e-65
4.19927e-66
-2.16994e-65
1.27782e-66
-8.37407e-66
8.77312e-66
-1.5065e-65
-2.71384e-65
-4.2616e-65
-7.52687e-65
-1.61209e-64
-2.49123e-65
5.88163e-64
4.55373e-65
6.3288e-64
2.20562e-65
3.07859e-64
-6.5375e-66
7.03689e-65
3.59459e-65
4.53022e-64
1.48358e-65
5.57345e-65
-2.27429e-64
5.52796e-39
2.29821e-39
4.38365e-40
4.56339e-40
2.54204e-41
5.41414e-41
7.70564e-43
5.74628e-42
-9.93013e-44
5.48113e-43
-2.23378e-44
5.02759e-44
-3.10161e-45
4.33446e-45
-3.42383e-46
3.61526e-46
-3.41189e-47
2.87442e-47
-3.09227e-48
2.21424e-48
-2.6425e-49
1.63884e-49
-2.12549e-50
1.17713e-50
-1.63593e-51
8.16741e-52
-1.20299e-52
5.50929e-53
-8.5286e-54
3.60393e-54
-5.82471e-55
2.296e-55
-3.85335e-56
1.42274e-56
-2.46869e-57
8.60012e-58
-1.53713e-58
5.0682e-59
-9.30272e-60
2.91787e-60
-5.48561e-61
1.64084e-61
-3.15261e-62
9.03518e-63
-1.76735e-63
4.95188e-64
-9.6827e-65
1.92531e-65
-6.732e-66
-5.38369e-66
-9.16706e-67
7.67287e-66
7.18256e-67
9.6613e-66
7.6731e-67
3.91378e-66
2.00742e-67
-1.08618e-66
5.36643e-68
-4.145e-67
3.92038e-67
-7.20228e-67
-1.4048e-66
-1.98011e-66
-3.68489e-66
-7.41011e-66
-1.10905e-66
3.04028e-65
2.28005e-66
3.12955e-65
1.08044e-66
1.51363e-65
-3.02528e-67
3.51258e-66
1.72468e-66
2.20874e-65
7.08675e-67
2.72057e-66
-1.1104e-65
-2.63171e-39
-8.18082e-39
-9.63054e-40
-3.38835e-41
-1.90987e-40
2.21415e-41
-2.55207e-41
2.41506e-42
-3.11829e-42
1.88406e-43
-3.30832e-43
1.18975e-44
-3.32029e-44
6.22295e-46
-3.06672e-45
2.00052e-47
-2.70849e-46
-5.36493e-49
-2.25503e-47
-1.91095e-49
-1.8061e-48
-2.36704e-50
-1.38114e-49
-2.32407e-51
-1.02032e-50
-1.99305e-52
-7.25318e-52
-1.5791e-53
-4.9975e-53
-1.17025e-54
-3.33069e-54
-8.25848e-56
-2.15731e-55
-5.56811e-57
-1.35667e-56
-3.61708e-58
-8.30984e-58
-2.26708e-59
-4.9559e-59
-1.3775e-60
-2.88419e-60
-8.12114e-62
-1.63792e-61
-4.65899e-63
-9.09127e-63
-2.59886e-64
-4.93287e-64
-1.44967e-65
-2.62686e-65
-1.07585e-66
-1.39227e-66
3.24292e-67
-3.5019e-68
4.60207e-67
3.2754e-68
1.88595e-67
9.24218e-69
-5.32385e-68
2.15323e-69
-2.01006e-68
1.70762e-68
-3.37258e-68
-7.09494e-68
-8.99148e-68
-1.76845e-67
-3.32456e-67
-4.81049e-68
1.53737e-66
1.11779e-67
1.51761e-66
5.18854e-68
7.29725e-67
-1.37094e-68
1.71705e-67
8.11479e-68
1.05602e-66
3.31921e-68
1.30189e-67
-5.31645e-67
-1.0243e-38
-9.57261e-39
-1.24827e-39
-1.9973e-40
-1.4662e-40
4.80745e-42
-1.55899e-41
6.82779e-43
-1.59463e-42
2.72827e-44
-1.51718e-43
-2.57423e-45
-1.38967e-44
-6.09278e-46
-1.20323e-45
-8.13748e-47
-1.005e-46
-8.51995e-48
-8.01693e-48
-8.0018e-49
-6.18423e-49
-6.84114e-50
-4.58779e-50
-5.51399e-51
-3.29918e-51
-4.19297e-52
-2.29299e-52
-3.05445e-53
-1.5483e-53
-2.13062e-54
-1.01415e-54
-1.43484e-55
-6.46666e-56
-9.32664e-57
-4.01133e-57
-5.88042e-58
-2.42663e-58
-3.59647e-59
-1.4313e-59
-2.14048e-60
-8.24607e-61
-1.23999e-61
-4.64062e-62
-7.00708e-63
-2.55443e-63
-3.86367e-64
-1.3756e-64
-2.08374e-65
-7.25784e-66
-1.11219e-66
-3.76171e-67
-3.95408e-68
-1.73977e-68
1.88342e-68
7.33382e-70
8.78037e-69
3.86958e-70
-2.56535e-69
8.07879e-71
-9.56236e-70
7.24749e-70
-1.54728e-69
-3.50252e-69
-3.9899e-69
-8.32842e-69
-1.4551e-68
-2.0315e-69
7.60469e-68
5.37237e-69
7.21679e-68
2.44531e-69
3.44978e-68
-6.09153e-70
8.22678e-69
3.74718e-69
4.95121e-68
1.5258e-69
6.10767e-69
-2.4964e-68
-5.42725e-38
-7.17146e-39
-5.73723e-39
-5.90092e-40
-5.84492e-40
-5.13508e-41
-5.53697e-41
-4.6443e-42
-5.06553e-42
-4.06999e-43
-4.38162e-43
-3.49295e-44
-3.66438e-44
-2.86445e-45
-2.92725e-45
-2.28016e-46
-2.26468e-46
-1.74275e-47
-1.68521e-47
-1.29322e-48
-1.21683e-48
-9.26255e-50
-8.4928e-50
-6.45016e-51
-5.76283e-51
-4.35289e-52
-3.79373e-52
-2.86054e-53
-2.43246e-53
-1.82733e-54
-1.51741e-54
-1.13845e-55
-9.23469e-56
-6.91114e-57
-5.48023e-57
-4.09764e-58
-3.17746e-58
-2.37193e-59
-1.79975e-59
-1.3427e-60
-9.97295e-61
-7.43258e-62
-5.40689e-62
-4.02827e-63
-2.87117e-63
-2.13777e-64
-1.49362e-64
-1.11201e-65
-7.61857e-66
-5.67676e-67
-3.81163e-67
-2.75785e-68
-1.86377e-68
-3.93104e-70
-8.25521e-70
3.46779e-70
-2.3139e-71
-1.23721e-70
1.00757e-72
-4.47347e-71
2.98573e-71
-6.95957e-71
-1.69074e-70
-1.73046e-70
-3.84894e-70
-6.21209e-70
-8.34299e-71
3.68463e-69
2.53129e-70
3.36841e-69
1.13096e-70
1.60061e-69
-2.65281e-71
3.8646e-70
1.6985e-70
2.27844e-69
6.88422e-71
2.81164e-70
-1.15054e-69
-1.00055e-38
-5.76828e-39
-1.08749e-39
-5.72231e-40
-1.12687e-40
-5.36735e-41
-1.08569e-41
-4.90974e-42
-1.00477e-42
-4.25262e-43
-8.78887e-44
-3.56799e-44
-7.41034e-45
-2.8574e-45
-5.96575e-46
-2.2172e-46
-4.64269e-47
-1.65368e-47
-3.47385e-48
-1.197e-48
-2.51913e-49
-8.37125e-50
-1.7652e-50
-5.69207e-51
-1.20155e-51
-3.75376e-52
-7.93247e-53
-2.41107e-53
-5.09762e-54
-1.5064e-54
-3.18639e-55
-9.18168e-56
-1.94226e-56
-5.45627e-57
-1.1542e-57
-3.1678e-58
-6.69908e-59
-1.79649e-59
-3.79775e-60
-9.96664e-61
-2.10575e-61
-5.40941e-62
-1.14217e-62
-2.87555e-63
-6.06678e-64
-1.49738e-64
-3.15646e-65
-7.64488e-66
-1.60995e-66
-3.82795e-67
-8.05267e-68
-1.87717e-68
-3.94889e-69
-8.61931e-70
-1.86994e-70
-2.41257e-71
-8.14169e-72
-7.5742e-72
-3.1978e-73
-2.13288e-72
1.18378e-72
-3.07325e-72
-7.99152e-72
-7.33407e-72
-1.74691e-71
-2.58465e-71
-3.32607e-72
1.74892e-70
1.17032e-71
1.54326e-70
5.13733e-72
7.28962e-71
-1.13335e-72
1.78118e-71
7.56206e-72
1.02921e-70
3.05093e-72
1.27022e-71
-5.20543e-71
-1.9452e-39
-1.27223e-39
-2.17908e-40
-1.31254e-40
-2.31723e-41
-1.26458e-41
-2.27283e-42
-1.17589e-42
-2.13432e-43
-1.03207e-43
-1.88672e-44
-8.73839e-45
-1.60411e-45
-7.05406e-46
-1.29931e-46
-5.50509e-47
-1.01584e-47
-4.1267e-48
-7.62586e-49
-2.9979e-49
-5.54248e-50
-2.10311e-50
-3.88902e-51
-1.43308e-51
-2.64888e-52
-9.46716e-53
-1.7488e-53
-6.0872e-54
-1.12326e-54
-3.80597e-55
-7.01459e-56
-2.32031e-56
-4.26999e-57
-1.37882e-57
-2.53323e-58
-8.00193e-59
-1.46743e-59
-4.53517e-60
-8.30048e-61
-2.51378e-61
-4.5911e-62
-1.3629e-62
-2.48366e-63
-7.23552e-64
-1.3155e-64
-3.76232e-65
-6.82391e-66
-1.91774e-66
-3.46964e-67
-9.58524e-68
-1.72976e-68
-4.69923e-69
-8.45949e-70
-2.24274e-70
-4.04699e-71
-9.85429e-72
-1.87722e-72
-7.49724e-73
-8.58674e-74
-1.14431e-73
4.28327e-74
-1.33818e-73
-3.70082e-73
-3.03718e-73
-7.78746e-73
-1.04716e-72
-1.28392e-73
8.14026e-72
5.30992e-73
6.94539e-72
2.29211e-73
3.2609e-72
-4.74873e-74
8.05716e-73
3.30765e-73
4.56674e-72
1.32826e-73
5.6356e-73
-2.31342e-72
-1.70724e-41
-1.10024e-39
-2.17231e-42
-1.11948e-40
-2.58261e-43
-1.06759e-41
-2.76166e-44
-9.83572e-43
-2.79797e-45
-8.56668e-44
-2.6347e-46
-7.20082e-45
-2.37008e-47
-5.77542e-46
-2.01632e-48
-4.47932e-47
-1.64817e-49
-3.3386e-48
-1.28759e-50
-2.41197e-49
-9.70719e-52
-1.68325e-50
-7.04299e-53
-1.14117e-51
-4.94838e-54
-7.50219e-53
-3.36232e-55
-4.80091e-54
-2.21861e-56
-2.98797e-55
-1.4209e-57
-1.81344e-56
-8.85774e-59
-1.0729e-57
-5.37441e-60
-6.19969e-59
-3.18031e-61
-3.49891e-60
-1.83575e-62
-1.93133e-61
-1.03517e-63
-1.04282e-62
-5.70423e-65
-5.51384e-64
-3.0751e-66
-2.85563e-65
-1.62238e-67
-1.44982e-66
-8.38425e-69
-7.218e-68
-4.24578e-70
-3.52609e-69
-2.10769e-71
-1.68996e-70
-1.02054e-72
-7.92556e-72
-4.74849e-74
-3.79651e-73
-2.24902e-75
-2.08017e-74
1.65985e-75
-6.38789e-75
-1.6793e-74
-1.23119e-74
-3.4118e-74
-4.12466e-74
-4.77938e-75
3.7161e-73
2.36602e-74
3.07086e-73
1.00513e-74
1.43307e-73
-1.95273e-75
3.57908e-74
1.42209e-74
1.99076e-73
5.68414e-75
2.45598e-74
-1.01015e-73
1.79487e-39
-4.58684e-39
1.99001e-40
-4.42077e-40
2.09565e-41
-4.05398e-41
2.03804e-42
-3.63868e-42
1.8985e-43
-3.09941e-43
1.66601e-44
-2.56066e-44
1.4066e-45
-2.02131e-45
1.13191e-46
-1.54703e-46
8.79418e-48
-1.1388e-47
6.56237e-49
-8.13946e-49
4.74197e-50
-5.62331e-50
3.3088e-51
-3.77855e-51
2.24145e-52
-2.46332e-52
1.47202e-53
-1.56453e-53
9.40603e-55
-9.66823e-55
5.84431e-56
-5.82985e-56
3.53998e-57
-3.42807e-57
2.08994e-58
-1.96974e-58
1.20484e-59
-1.10572e-59
6.78305e-61
-6.07299e-61
3.73432e-62
-3.26361e-62
2.01088e-63
-1.71797e-63
1.06024e-64
-8.85984e-65
5.47508e-66
-4.48028e-66
2.77141e-67
-2.22204e-67
1.37555e-68
-1.0816e-68
6.6989e-70
-5.16846e-70
3.20204e-71
-2.42581e-71
1.50312e-72
-1.11929e-72
6.93086e-74
-5.08934e-74
3.20508e-75
-2.49571e-75
-6.07353e-76
-5.83633e-76
-1.46315e-75
-1.5803e-75
-1.70249e-76
1.66513e-74
1.03554e-75
1.33468e-74
4.33261e-76
6.19056e-75
-7.87897e-77
1.56176e-75
6.01129e-76
8.53059e-75
2.3914e-76
1.05191e-75
-4.33586e-75
8.197e-39
2.04089e-39
8.73788e-40
3.67515e-40
8.88312e-41
4.10283e-41
8.42693e-42
3.98307e-42
7.68484e-43
3.52797e-43
6.63762e-44
2.98054e-44
5.52982e-45
2.39345e-45
4.40436e-46
1.85623e-46
3.39277e-47
1.38291e-47
2.51491e-48
9.98471e-49
1.80742e-49
6.96345e-50
1.25587e-50
4.71747e-51
8.47947e-52
3.09901e-52
5.55507e-53
1.98159e-53
3.54332e-54
1.2323e-54
2.19903e-55
7.47267e-56
1.33112e-56
4.41732e-57
7.85716e-58
2.55029e-58
4.53053e-59
1.43801e-59
2.55203e-60
7.9303e-61
1.4062e-61
4.278e-62
7.58087e-63
2.25985e-63
4.00258e-64
1.16927e-64
2.07027e-65
5.93076e-66
1.04984e-66
2.9498e-67
5.22112e-68
1.43964e-68
2.54816e-69
6.89647e-70
1.2208e-70
3.24452e-71
5.74451e-72
1.49951e-72
2.65571e-73
6.81075e-74
1.20698e-74
3.03224e-75
5.06495e-76
1.14965e-76
-3.85357e-77
-5.24552e-77
-4.74444e-78
7.32797e-76
4.45861e-77
5.70343e-76
1.83691e-77
2.62917e-76
-3.12069e-78
6.69751e-77
2.49933e-77
3.59399e-76
9.89593e-78
4.42887e-77
-1.82987e-76
4.34534e-38
1.56017e-38
4.49076e-39
2.33601e-39
4.48414e-40
2.46426e-40
4.16891e-41
2.3303e-41
3.74863e-42
2.02755e-42
3.19003e-43
1.69217e-43
2.62714e-44
1.34428e-44
2.06807e-45
1.03356e-45
1.57766e-46
7.63802e-47
1.1582e-47
5.47699e-48
8.25433e-49
3.79507e-49
5.68842e-50
2.55656e-50
3.81254e-51
1.67054e-51
2.47977e-52
1.06315e-52
1.57135e-53
6.58195e-54
9.68971e-55
3.97524e-55
5.83049e-56
2.34093e-56
3.42165e-57
1.3468e-57
1.96221e-58
7.5691e-59
1.09945e-59
4.16146e-60
6.02756e-61
2.23841e-61
3.23352e-62
1.17926e-62
1.69922e-63
6.08599e-64
8.74862e-65
3.07952e-65
4.41686e-66
1.52817e-66
2.18714e-67
7.44208e-68
1.06297e-68
3.55772e-69
5.07185e-70
1.6705e-70
2.3771e-71
7.7062e-72
1.09468e-72
3.49426e-73
4.95543e-74
1.55777e-74
2.20432e-75
6.82401e-76
9.39824e-77
2.74005e-77
3.97882e-78
3.29112e-77
2.0598e-78
2.40249e-77
7.73281e-79
1.09852e-77
-1.21018e-79
2.82367e-78
1.02236e-78
1.48939e-77
4.02864e-79
1.83388e-78
-7.59634e-78
-8.31051e-38
1.38191e-38
-8.78739e-39
1.01245e-39
-8.91891e-40
8.05989e-41
-8.42348e-41
6.81385e-42
-7.66675e-42
5.6814e-43
-6.60011e-43
4.66239e-44
-5.48662e-44
3.67312e-45
-4.35746e-45
2.81019e-46
-3.34898e-46
2.06844e-47
-2.47587e-47
1.4784e-48
-1.77521e-48
1.02128e-49
-1.23036e-49
6.86158e-51
-8.28763e-51
4.47223e-52
-5.41595e-52
2.83971e-53
-3.4464e-53
1.75426e-54
-2.13367e-54
1.05742e-55
-1.28849e-55
6.21525e-57
-7.58724e-57
3.56963e-58
-4.36455e-58
2.00285e-59
-2.45266e-59
1.09948e-60
-1.34826e-60
5.90535e-62
-7.2513e-62
3.10684e-63
-3.81958e-63
1.60131e-64
-1.97096e-64
8.09266e-66
-9.97149e-66
4.01114e-67
-4.94747e-67
1.95122e-68
-2.40899e-68
9.31788e-70
-1.15145e-69
4.37067e-71
-5.40564e-71
2.01427e-72
-2.49328e-72
9.12484e-74
-1.13035e-73
4.06433e-75
-5.03855e-75
1.78043e-76
-2.21008e-76
7.60559e-78
-9.53363e-78
1.6702e-78
-3.26189e-79
1.00495e-78
1.45248e-80
4.51943e-79
-5.32607e-81
1.17094e-79
4.11294e-80
6.07246e-79
1.614e-80
7.46973e-80
-3.10263e-79
-1.79215e-37
5.41948e-39
-1.87958e-38
-2.25895e-39
-1.89743e-39
-3.12619e-40
-1.78234e-40
-3.17832e-41
-1.61571e-41
-2.82743e-42
-1.38546e-42
-2.37674e-43
-1.14812e-43
-1.89255e-44
-9.09081e-45
-1.45636e-45
-6.96928e-46
-1.07666e-46
-5.13991e-47
-7.72217e-48
-3.67769e-48
-5.35167e-49
-2.54387e-49
-3.60565e-50
-1.71053e-50
-2.35631e-51
-1.11596e-51
-1.49972e-52
-7.09062e-53
-9.28549e-54
-4.38351e-54
-5.60841e-55
-2.64366e-55
-3.30285e-56
-1.55476e-56
-1.90029e-57
-8.93331e-58
-1.06801e-58
-5.0145e-59
-5.87198e-60
-2.75368e-60
-3.15852e-61
-1.47953e-61
-1.664e-62
-7.78602e-63
-8.58771e-64
-4.01409e-64
-4.34536e-65
-2.02907e-65
-2.1563e-66
-1.00592e-66
-1.05009e-67
-4.89414e-68
-5.01988e-69
-2.33753e-69
-2.35698e-70
-1.09659e-70
-1.08727e-71
-5.05436e-72
-4.92991e-73
-2.2899e-73
-2.19776e-74
-1.02005e-74
-9.63683e-76
-4.46942e-76
-4.15755e-77
-1.92669e-77
-1.70896e-78
-8.14238e-79
-3.34261e-80
-3.28732e-80
1.52213e-80
-1.57775e-81
4.65206e-81
1.5742e-81
2.43625e-80
6.34327e-82
2.99391e-81
-1.24724e-80
4.96507e-38
8.9422e-39
5.17215e-39
-1.24347e-39
5.19774e-40
-1.94377e-40
4.86014e-41
-2.02995e-41
4.39076e-42
-1.82237e-42
3.75237e-43
-1.53775e-43
3.10121e-44
-1.22721e-44
2.44914e-45
-9.45791e-46
1.87348e-46
-7.00123e-47
1.37881e-47
-5.02703e-48
9.84768e-49
-3.48747e-49
6.79982e-50
-2.35181e-50
4.56523e-51
-1.53826e-51
2.97399e-52
-9.79827e-53
1.88711e-53
-6.07115e-54
1.16515e-54
-3.6695e-55
7.0187e-56
-2.16243e-56
4.12314e-57
-1.24492e-57
2.36662e-58
-7.00085e-59
1.32713e-59
-3.85126e-60
7.28106e-61
-2.07269e-61
3.90855e-62
-1.09251e-62
2.05515e-63
-5.64105e-64
1.05868e-64
-2.85569e-65
5.34738e-66
-1.41772e-66
2.64903e-67
-6.90708e-68
1.28793e-68
-3.30328e-69
6.14719e-70
-1.55161e-70
2.88192e-71
-7.16037e-72
1.32748e-72
-3.24789e-73
6.01056e-74
-1.44845e-74
2.67586e-75
-6.35351e-76
1.17177e-76
-2.74188e-77
5.04854e-78
-1.16222e-78
2.14211e-79
-4.70727e-80
8.98752e-81
-1.27761e-81
3.61017e-82
1.10384e-82
7.85291e-83
9.59336e-82
2.53169e-83
1.18e-82
-4.93597e-82
1.28888e-37
1.86041e-38
1.35422e-38
1.4725e-39
1.36864e-39
1.22182e-40
1.28721e-40
1.04821e-41
1.16792e-41
8.75335e-43
1.00241e-42
7.16095e-44
8.31298e-44
5.61742e-45
6.58707e-45
4.27908e-46
5.05297e-46
3.13689e-47
3.72888e-47
2.23374e-48
2.6695e-48
1.53782e-49
1.84746e-49
1.02996e-50
1.24284e-50
6.69363e-52
8.11205e-52
4.23879e-53
5.15643e-53
2.61198e-54
3.18908e-54
1.57072e-55
1.92404e-55
9.21184e-57
1.13196e-56
5.2796e-58
6.50631e-58
2.95639e-59
3.6534e-59
1.61987e-60
2.0069e-60
8.68471e-62
1.07863e-61
4.56122e-63
5.67803e-63
2.34702e-64
2.92818e-64
1.18425e-65
1.48059e-65
5.86077e-67
7.34216e-67
2.84676e-68
3.57317e-68
1.35751e-69
1.70707e-69
6.35875e-71
8.0104e-71
2.92655e-72
3.69306e-72
1.32403e-73
1.67358e-73
5.88993e-75
7.45688e-75
2.57731e-76
3.26804e-76
1.10963e-77
1.40914e-77
4.70301e-79
5.98007e-79
1.96799e-80
2.49848e-80
8.34417e-82
1.02755e-81
4.01946e-83
4.40929e-83
3.8799e-83
2.60889e-84
4.64659e-84
-1.9258e-83
2.32518e-38
2.53102e-39
2.61989e-40
2.52118e-41
2.32687e-42
2.02968e-43
1.70496e-44
1.36748e-45
1.05964e-46
7.89461e-48
5.69834e-49
3.97438e-50
2.69211e-51
1.76863e-52
1.13085e-53
7.03309e-55
4.26499e-56
2.52147e-57
1.45587e-58
8.21044e-60
4.52853e-61
2.44339e-62
1.29097e-63
6.68119e-65
3.38963e-66
1.68637e-67
8.23251e-69
3.94489e-70
1.85649e-71
8.58302e-73
3.90009e-74
1.74231e-75
7.6553e-77
3.30906e-78
1.40766e-79
5.89471e-81
2.43049e-82
9.96173e-84
4.30897e-85
)
;

boundaryField
{
    leftWall
    {
        type            calculated;
        value           nonuniform 0();
    }
    rightWall
    {
        type            calculated;
        value           uniform 0;
    }
    lowerWall
    {
        type            calculated;
        value           nonuniform 0();
    }
    atmosphere
    {
        type            calculated;
        value           nonuniform List<scalar> 
45
(
4.97826e-34
9.03124e-35
1.41809e-35
1.69889e-36
1.99617e-37
2.19752e-38
2.09225e-39
1.90565e-40
1.70242e-41
1.44571e-42
1.19124e-43
9.38343e-45
7.16707e-46
5.2665e-47
3.75762e-48
2.59192e-49
1.73891e-50
1.13198e-51
7.17922e-53
4.43042e-54
2.66788e-55
1.56671e-56
8.99049e-58
5.04043e-59
2.76491e-60
1.48402e-61
7.80233e-63
4.01891e-64
2.02985e-65
1.00553e-66
4.88872e-68
2.33335e-69
1.09394e-70
5.03907e-72
2.28168e-73
1.01584e-74
4.44865e-76
1.91681e-77
8.12885e-79
3.39418e-80
1.39744e-81
5.70895e-83
5.12403e-84
4.39835e-85
-1.46574e-84
)
;
    }
    defaultFaces
    {
        type            empty;
        value           nonuniform 0();
    }
    procBoundary3to1
    {
        type            processor;
        value           nonuniform List<scalar> 
45
(
-2.85559e-39
-2.3774e-38
-1.77644e-37
-1.30228e-36
-7.19202e-36
-4.7184e-35
-3.4523e-35
9.02455e-35
8.91865e-35
-4.19945e-35
-9.5583e-35
-4.93232e-35
4.08117e-35
4.82516e-35
7.45352e-36
1.19821e-36
1.44557e-37
4.8618e-38
2.67648e-37
2.25618e-36
1.37238e-35
8.9171e-35
3.4398e-35
-1.33457e-34
-1.03231e-34
-9.31838e-36
3.74093e-35
-1.07268e-34
-4.92712e-35
-4.14492e-35
4.15039e-35
4.05834e-35
-1.33181e-34
1.41816e-34
7.68215e-36
-1.79363e-36
-1.51827e-35
-1.00827e-34
-8.64735e-35
1.14211e-34
4.80895e-35
-1.63355e-34
1.14135e-34
1.40146e-35
6.85511e-35
)
;
    }
    procBoundary3to2
    {
        type            processor;
        value           nonuniform List<scalar> 
43
(
-3.60146e-38
-6.66061e-39
-1.31775e-39
-1.51947e-40
8.74799e-40
2.27707e-38
4.23634e-37
5.98055e-36
1.29061e-35
1.3408e-35
5.5487e-35
-8.93662e-36
-1.14049e-34
-6.62998e-36
5.64749e-35
7.62569e-36
1.6116e-38
-6.99851e-36
-5.31099e-35
8.53615e-35
1.96478e-34
-6.61033e-35
-1.9723e-34
7.00412e-35
1.97912e-34
-1.3525e-34
-1.48459e-34
5.34224e-35
2.55209e-35
9.50581e-35
7.55886e-36
-7.56295e-35
-1.03879e-35
-1.63614e-36
-5.4179e-39
1.5933e-36
9.41212e-36
7.00907e-35
-1.11878e-34
-2.59933e-34
7.63085e-35
1.83845e-34
2.39223e-35
)
;
    }
}


// ************************************************************************* //
