/*--------------------------------*- C++ -*----------------------------------*\
| =========                 |                                                 |
| \\      /  F ield         | OpenFOAM: The Open Source CFD Toolbox           |
|  \\    /   O peration     | Version:  2.4.0                                 |
|   \\  /    A nd           | Web:      www.OpenFOAM.org                      |
|    \\/     M anipulation  |                                                 |
\*---------------------------------------------------------------------------*/
FoamFile
{
    version     2.0;
    format      ascii;
    class       surfaceScalarField;
    location    "0.3";
    object      phi;
}
// * * * * * * * * * * * * * * * * * * * * * * * * * * * * * * * * * * * * * //

dimensions      [0 3 -1 0 0 0 0];

internalField   nonuniform List<scalar> 
3781
(
8.93697e-40
9.62772e-42
5.85e-39
8.14972e-41
7.93001e-39
1.13367e-39
3.53951e-37
9.87911e-40
6.33075e-42
-2.21317e-39
-3.53885e-37
-2.21255e-39
-6.97762e-39
9.97993e-40
8.99103e-40
1.2247e-39
1.2953e-38
1.29735e-39
3.62779e-37
2.14119e-39
3.60753e-37
-1.13306e-39
-3.39212e-37
-3.20108e-39
6.80848e-39
9.8791e-40
3.54909e-37
2.12158e-39
7.99555e-39
-9.98044e-40
5.85656e-39
-1.13434e-39
8.93155e-40
-8.1557e-41
5.92373e-41
-9.47282e-42
5.95066e-42
-6.13255e-43
3.80203e-43
-5.08175e-44
2.99313e-44
-3.05653e-45
1.78431e-45
-2.08847e-46
1.18843e-46
-1.16303e-47
1.31005e-47
-6.54529e-49
1.19203e-46
6.56412e-49
1.79046e-45
1.1664e-47
3.00432e-44
2.09501e-46
3.81868e-43
3.06747e-45
5.97879e-42
5.10147e-44
5.95874e-41
6.16101e-43
8.98722e-40
9.52056e-42
5.90979e-39
8.2119e-41
8.8287e-39
1.14319e-39
3.5986e-37
1.07003e-39
8.8287e-39
-1.07003e-39
5.90979e-39
-1.14319e-39
8.98722e-40
-8.2119e-41
5.95874e-41
-9.52056e-42
5.97879e-42
-6.16101e-43
3.81868e-43
-5.10148e-44
3.00424e-44
-3.06989e-45
1.78498e-45
-2.34461e-46
6.9791e-47
-3.15865e-46
-1.89133e-45
1.10781e-40
-9.58516e-42
7.61269e-40
-9.65092e-41
9.00797e-39
-1.31939e-39
1.61385e-38
-1.14581e-39
8.78563e-43
2.57314e-39
-1.61293e-38
2.57246e-39
-8.8888e-39
-1.15721e-39
1.11706e-40
-1.4267e-39
9.66762e-39
-1.51322e-39
2.52581e-38
-2.48736e-39
1.70189e-38
1.31871e-39
-6.24923e-39
3.71895e-39
8.81296e-40
-1.14581e-39
1.62584e-38
-2.4652e-39
9.01714e-39
1.15726e-39
7.62189e-40
1.32013e-39
1.10884e-40
9.66046e-41
8.29266e-42
1.07103e-41
8.22638e-43
6.84606e-43
5.59077e-44
5.50175e-44
4.39908e-45
3.26481e-45
2.72407e-46
2.18935e-46
1.82189e-47
1.2064e-47
2.06175e-48
6.71012e-49
1.82759e-47
-6.7291e-49
2.73376e-46
-1.20982e-47
4.41621e-45
-2.19606e-46
5.61618e-44
-3.27616e-45
8.26763e-43
-5.52243e-44
8.34413e-42
-6.87651e-43
1.1165e-40
-1.07621e-41
7.6965e-40
-9.72338e-41
9.11962e-39
-1.33015e-39
1.69081e-38
-1.24304e-39
9.11962e-39
1.24304e-39
7.6965e-40
1.33015e-39
1.1165e-40
9.72338e-41
8.34413e-42
1.07621e-41
8.26763e-43
6.87651e-43
5.61607e-44
5.52223e-44
4.40328e-45
3.24647e-45
1.88064e-46
-8.85101e-47
-7.54743e-46
-3.78152e-45
-2.38377e-44
1.62485e-41
-1.37194e-42
7.02803e-41
-1.36769e-41
5.74321e-40
-1.58519e-40
9.96528e-40
-1.33948e-40
1.67973e-43
3.07798e-40
-9.94986e-40
3.07693e-40
-5.56755e-40
-1.35598e-40
1.63478e-41
-1.73754e-40
6.29963e-40
-1.85998e-40
1.58718e-39
-2.95669e-40
1.08436e-39
1.58413e-40
-3.34207e-40
4.41747e-40
8.80004e-41
-1.33948e-40
1.01424e-39
-2.92467e-40
5.75861e-40
1.35606e-40
7.04495e-41
1.58634e-40
1.61911e-41
1.36913e-41
1.37396e-42
1.54418e-42
1.56712e-43
1.06043e-43
1.12621e-44
8.6052e-45
9.39432e-46
5.3233e-46
5.98243e-47
3.59977e-47
4.11463e-48
2.039e-48
4.72346e-49
1.14158e-49
4.12786e-48
-1.1449e-49
6.00461e-47
-2.04495e-48
9.43296e-46
-3.61119e-47
1.13178e-44
-5.34248e-46
1.57591e-43
-8.63914e-45
1.38427e-42
-1.06539e-43
1.63365e-41
-1.55225e-42
7.16648e-41
-1.37887e-41
5.90656e-40
-1.60071e-40
1.06818e-39
-1.47736e-40
5.90656e-40
1.47736e-40
7.16648e-41
1.60071e-40
1.63365e-41
1.37887e-41
1.38427e-42
1.55225e-42
1.5759e-43
1.06537e-43
1.13032e-44
8.61491e-45
7.68628e-46
1.79906e-46
-1.10058e-45
-3.6679e-45
-1.06817e-44
-4.63829e-44
-2.95547e-43
1.50025e-42
-2.6405e-43
4.81904e-42
-2.22823e-42
2.78982e-41
-2.46536e-41
4.66958e-41
-2.06998e-41
1.82249e-44
4.78754e-41
-4.65371e-41
4.78556e-41
-2.62659e-41
-2.09976e-41
1.50883e-42
-2.71578e-41
3.13847e-41
-2.91262e-41
7.61012e-41
-4.59289e-41
5.31452e-41
2.46315e-41
-1.23299e-41
6.85751e-41
6.46763e-42
-2.06996e-41
4.83434e-41
-4.5351e-41
2.80565e-41
2.09993e-41
4.83706e-42
2.46733e-41
1.49189e-42
2.22827e-42
1.40297e-43
2.78162e-43
1.69444e-44
1.99645e-44
1.27996e-45
1.7058e-45
1.09325e-46
1.08314e-46
7.16908e-48
7.51322e-48
4.99728e-49
4.31661e-49
5.84646e-50
2.4462e-50
5.01378e-49
-2.45341e-50
7.19651e-48
-4.32945e-49
1.09794e-46
-7.53768e-48
1.28662e-45
-1.0872e-46
1.70465e-44
-1.71288e-45
1.41467e-43
-2.00652e-44
1.50754e-42
-2.79759e-43
4.96019e-42
-2.24652e-42
2.94055e-41
-2.49312e-41
5.16546e-41
-2.2946e-41
2.94055e-41
2.2946e-41
4.96019e-42
2.49312e-41
1.50754e-42
2.24652e-42
1.41466e-43
2.79758e-43
1.70297e-44
2.00466e-44
1.10811e-45
1.45896e-45
-2.05642e-45
-3.63925e-45
-1.4529e-44
-3.95819e-44
-1.3553e-43
-5.02959e-43
-3.27559e-42
1.55739e-43
-2.30599e-43
3.54667e-43
-2.71919e-43
9.79577e-43
-2.44077e-42
1.45104e-42
-2.0051e-42
2.16704e-45
4.68279e-42
-1.43323e-42
4.68086e-42
-8.08611e-43
-2.03521e-42
1.57202e-43
-2.67864e-42
1.19581e-42
-2.88385e-42
2.58731e-42
-4.48046e-42
1.97531e-42
2.41231e-42
5.49387e-44
6.68563e-42
5.26518e-43
-2.00246e-42
1.6235e-42
-4.41705e-42
9.97031e-43
2.03541e-42
3.55976e-43
2.4171e-42
1.55202e-43
2.33587e-43
1.55385e-44
3.04704e-44
2.00097e-45
2.2905e-45
1.5566e-46
2.00311e-46
1.36617e-47
1.30915e-47
9.10512e-49
9.20177e-49
6.43186e-50
5.38611e-50
7.5922e-51
3.07571e-51
6.45341e-50
-3.08494e-51
9.14073e-49
-5.40247e-50
1.3722e-47
-9.23253e-49
1.56506e-46
-1.31421e-47
2.01371e-45
-2.01177e-46
1.56804e-44
-2.30267e-45
1.57045e-43
-3.06575e-44
3.69486e-43
-2.35676e-43
1.13638e-42
-2.44526e-42
1.82026e-42
-2.23812e-42
1.13638e-42
2.23812e-42
3.69486e-43
2.44526e-42
1.57044e-43
2.35675e-43
1.56666e-44
3.06463e-44
1.81366e-45
2.11339e-45
-1.98602e-45
-2.39838e-45
-2.64272e-44
-3.90347e-44
-1.79847e-43
-4.18498e-43
-1.71662e-42
-5.4626e-42
-3.66012e-41
2.30436e-45
-2.35422e-42
3.49283e-44
-4.55442e-43
2.20055e-44
-5.48507e-43
1.24021e-44
-2.42722e-43
3.30531e-46
4.98576e-43
-9.57183e-45
5.01999e-43
-4.63828e-45
-2.17813e-43
1.344e-44
-2.88365e-43
3.2451e-44
-3.10817e-43
4.3906e-44
-4.80431e-43
5.06231e-44
2.58818e-43
4.77356e-44
7.16566e-43
3.9633e-44
-2.13979e-43
2.60126e-44
-4.73068e-43
2.08916e-44
2.17808e-43
2.49993e-44
2.59389e-43
1.32536e-44
2.57402e-44
1.39928e-45
3.53412e-45
1.86337e-46
2.72636e-46
1.49307e-47
2.44684e-47
1.3315e-48
1.62508e-48
9.03949e-50
1.15711e-49
6.4441e-51
6.83575e-51
7.6976e-52
3.92692e-52
6.46606e-51
-3.9388e-52
9.07557e-50
-6.85675e-51
1.33754e-48
-1.16104e-49
1.50147e-47
-1.6315e-48
1.87578e-46
-2.45772e-47
1.41286e-45
-2.74145e-46
1.34248e-44
-3.55695e-45
2.62095e-44
-2.59881e-44
3.2716e-44
-2.62648e-43
3.73845e-44
-2.39965e-43
3.2716e-44
2.39965e-43
2.62089e-44
2.62647e-43
1.34145e-44
2.59824e-44
1.27019e-45
3.4643e-45
-1.90729e-45
-1.29924e-45
-2.26544e-44
-2.17959e-44
-2.83708e-43
-3.32361e-43
-1.96957e-42
-3.63849e-42
-1.91151e-41
-4.86097e-41
-3.41762e-40
-1.17027e-43
-2.32847e-41
1.22646e-43
-4.65929e-42
3.27318e-44
-3.33069e-42
1.14903e-44
-3.37565e-43
1.60765e-45
2.70984e-46
4.04407e-45
4.05059e-44
2.30007e-45
-1.92199e-44
1.20458e-45
-2.53235e-44
-2.65053e-47
-2.73337e-44
-3.44957e-45
-4.18885e-44
-3.91297e-46
2.26127e-44
6.02335e-45
6.24503e-44
3.30986e-45
-1.85617e-44
-2.35226e-45
-4.12004e-44
-8.21309e-46
1.89199e-44
1.99771e-45
2.26676e-44
1.18542e-45
2.33491e-45
1.28566e-46
3.29834e-46
1.76009e-47
2.61693e-47
1.43399e-48
2.38534e-48
1.29615e-49
1.6134e-49
8.88933e-51
1.15892e-50
6.37978e-52
6.9274e-52
7.66469e-53
3.99837e-53
6.40171e-52
-4.0106e-53
8.92526e-51
-6.94895e-52
1.30212e-49
-1.16292e-50
1.44224e-48
-1.6199e-49
1.77215e-47
-2.39623e-48
1.2987e-46
-2.6319e-47
1.20157e-45
-3.32056e-46
2.10842e-45
-2.35867e-45
2.32672e-46
-2.29709e-44
-1.5753e-45
-2.09202e-44
2.32292e-46
2.09201e-44
2.10218e-45
2.29685e-44
1.09659e-45
2.31239e-45
-1.33013e-45
-4.2973e-46
-2.17998e-44
-1.31472e-44
-2.39538e-43
-1.853e-43
-3.07992e-42
-2.90481e-42
-2.19431e-41
-3.2681e-41
-2.21038e-40
-4.58249e-40
-3.42207e-39
-1.03872e-42
-2.42795e-40
1.55612e-42
-4.38726e-41
3.86434e-43
-3.03872e-41
1.66085e-43
-2.86581e-42
1.7087e-44
-3.71933e-43
2.68968e-45
-2.439e-44
4.35443e-46
-4.18823e-45
1.11308e-46
-2.4343e-45
-8.25594e-47
-2.46621e-45
-4.74313e-46
-3.74796e-45
-1.65445e-46
2.02412e-45
5.2207e-46
5.58508e-45
2.54588e-46
-1.65626e-45
-3.12953e-46
-3.68289e-45
-1.38985e-46
1.6898e-45
1.50541e-46
2.02938e-45
9.3756e-47
2.12865e-46
1.04459e-47
3.08456e-47
1.45375e-48
2.48697e-48
1.20567e-49
2.29712e-49
1.09961e-50
1.5699e-50
7.62897e-52
1.13513e-51
5.50291e-53
6.8262e-53
6.65933e-54
3.95047e-54
5.52201e-53
-3.9626e-54
7.66018e-52
-6.84756e-53
1.10476e-50
-1.13908e-51
1.21275e-49
-1.57631e-50
1.46398e-48
-2.30778e-49
1.05554e-47
-2.50152e-48
9.50877e-47
-3.10595e-47
1.59511e-46
-2.1512e-46
-5.5925e-47
-2.05771e-45
-2.59249e-46
-1.87139e-45
-5.89877e-47
1.87066e-45
1.0902e-46
2.04456e-45
-7.60654e-46
-3.4993e-47
-1.20076e-44
-4.11857e-45
-1.8199e-43
-7.25703e-44
-2.03885e-42
-1.03941e-42
-2.67897e-41
-1.66775e-41
-1.98898e-40
-1.968e-40
-2.05081e-39
-2.90209e-39
-2.45954e-38
-1.66477e-42
-1.94534e-39
1.98899e-41
-4.22395e-40
4.67436e-42
-3.19213e-40
1.9185e-42
-2.84917e-41
1.897e-43
-3.60402e-42
2.45976e-44
-2.60273e-43
1.93372e-45
-2.26304e-44
1.76151e-46
-1.61762e-45
2.22211e-48
-2.95712e-46
-4.26422e-47
-3.02515e-46
-1.69847e-47
1.60162e-46
4.26025e-47
4.4212e-46
1.99177e-47
-1.30705e-46
-2.84585e-47
-2.9142e-46
-1.31741e-47
1.33475e-46
1.16739e-47
1.60946e-46
7.41765e-48
1.72839e-47
8.38775e-49
2.54369e-48
1.18221e-49
2.08719e-49
9.90842e-51
1.94461e-50
9.09634e-52
1.34441e-51
6.35248e-53
9.76686e-53
4.5957e-54
5.91604e-54
5.58111e-55
3.43091e-55
4.61171e-54
-3.44149e-55
6.37863e-53
-5.93468e-54
9.13931e-52
-9.80117e-53
9.96732e-51
-1.34996e-51
1.19066e-49
-1.95379e-50
8.47757e-49
-2.09966e-49
7.52567e-48
-2.5618e-48
1.23892e-47
-1.74734e-47
-6.68628e-48
-1.63288e-46
-2.57692e-47
-1.48371e-46
-3.17699e-47
1.44092e-46
-4.04981e-46
8.64186e-47
-7.20015e-45
-1.47368e-45
-1.02704e-43
-2.50562e-44
-1.60047e-42
-4.51362e-43
-1.83777e-41
-6.60861e-42
-2.52653e-40
-1.11724e-40
-1.9619e-39
-1.39539e-39
-2.16252e-38
-2.2873e-38
-2.24052e-37
1.79242e-40
-1.85289e-38
3.09409e-40
-2.99646e-39
5.19678e-41
-2.06625e-39
1.74301e-41
-1.77944e-40
1.65096e-42
-2.07331e-41
2.04704e-43
-1.4493e-42
1.55943e-44
-1.20294e-43
1.35062e-45
-7.55502e-45
8.83751e-47
-5.33855e-46
2.9597e-48
-5.62331e-47
-9.54267e-49
1.27264e-47
3.12825e-48
3.9761e-47
1.43568e-48
-1.17658e-47
-2.1397e-48
-2.62601e-47
-1.00352e-48
1.20173e-47
8.36794e-49
1.45205e-47
5.36931e-49
1.57952e-48
6.17352e-50
2.35261e-49
8.7726e-51
1.95023e-50
7.43787e-52
1.8281e-51
6.85924e-53
1.27206e-52
4.82577e-54
9.26541e-54
3.49883e-55
5.63206e-55
4.26752e-56
3.26749e-56
3.51103e-55
-3.27759e-56
4.84564e-54
-5.64984e-55
6.89165e-53
-9.29813e-54
7.4819e-52
-1.27736e-52
8.83461e-51
-1.83683e-51
6.23712e-50
-1.96209e-50
5.44098e-49
-2.36978e-49
8.72035e-49
-1.59754e-48
-8.91851e-49
-1.47444e-47
-8.64742e-48
-1.35324e-47
-1.29678e-46
9.68604e-48
-2.16078e-45
-5.46767e-47
-3.77374e-44
-1.36082e-45
-5.47704e-43
-2.31281e-44
-8.7079e-42
-4.29411e-43
-1.03906e-40
-6.722e-42
-1.47867e-39
-1.31844e-40
-1.24337e-38
-2.34071e-39
-1.42077e-37
-5.40281e-38
-9.50816e-37
1.00953e-38
-1.63612e-37
8.27182e-39
-4.29054e-38
1.16203e-39
-3.55156e-38
3.30339e-40
-2.6836e-39
2.89444e-41
-3.02733e-40
3.45359e-42
-1.98422e-41
2.52043e-43
-1.61586e-42
2.14104e-44
-9.75327e-44
1.37531e-45
-6.59778e-45
9.48686e-47
-3.68981e-46
5.39435e-48
-2.10367e-47
5.67345e-49
6.61913e-49
1.27338e-49
-5.83301e-49
-1.65766e-49
-1.17548e-48
-7.84998e-50
5.36001e-49
6.40749e-50
6.49393e-49
4.12762e-50
7.17734e-50
4.78138e-51
1.08742e-50
6.82286e-52
9.13999e-52
5.8124e-53
8.65995e-53
5.36577e-54
6.08758e-54
3.783e-55
4.46365e-55
2.7399e-56
2.73225e-56
3.34016e-57
1.59102e-57
2.74493e-56
-1.59577e-57
3.78684e-55
-2.74042e-56
5.36121e-54
-4.47815e-55
5.77411e-53
-6.1096e-54
6.6968e-52
-8.69268e-53
4.43655e-51
-9.1742e-52
3.29771e-50
-1.0902e-50
-1.17695e-49
-7.14147e-50
-3.93273e-48
-6.33013e-49
-7.39669e-47
-5.05282e-50
-1.43582e-45
1.18906e-47
-2.43983e-44
2.13804e-46
-4.39513e-43
4.05951e-45
-6.51491e-42
6.6925e-44
-1.08573e-40
1.07736e-42
-1.33825e-39
9.77197e-42
-2.05758e-38
-1.12393e-40
-1.82919e-37
-1.34383e-38
-2.43258e-36
-5.33234e-37
-1.5257e-35
3.74625e-37
-2.20636e-37
2.45723e-37
-1.70682e-37
2.17281e-38
-3.81443e-38
3.46132e-39
-2.63233e-39
2.67499e-40
-2.84044e-40
2.76521e-41
-1.83882e-41
1.91788e-42
-1.49265e-42
1.54122e-43
-8.98249e-44
9.66541e-45
-6.07305e-45
6.51802e-46
-3.38075e-46
3.7239e-47
-1.98922e-47
2.20586e-48
-9.41583e-49
1.19692e-49
-7.91173e-50
-7.81422e-52
-5.84761e-50
-2.94997e-51
2.54047e-50
2.64275e-51
3.09692e-50
1.69952e-51
3.44973e-51
1.99133e-52
5.2238e-52
2.8653e-53
4.40871e-53
2.46266e-54
4.16639e-54
2.28503e-55
2.9318e-55
1.62066e-56
2.14157e-56
1.17695e-57
1.30931e-57
1.44511e-58
7.59106e-59
1.19329e-57
-7.59735e-59
1.65901e-56
-1.3089e-57
2.37575e-55
-2.13692e-56
2.67039e-54
-2.91241e-55
3.34248e-53
-4.10625e-54
3.03871e-52
-4.24152e-53
3.99061e-51
-4.80042e-52
4.9781e-50
-2.44878e-51
9.6295e-49
-8.30704e-51
1.82391e-47
4.52266e-49
3.46256e-46
9.97653e-48
5.87512e-45
1.88086e-46
1.0247e-43
3.58881e-45
1.52043e-42
5.94417e-44
2.42383e-41
9.68072e-43
3.00163e-40
9.39342e-42
4.32731e-39
-6.64441e-41
3.89837e-38
-1.06365e-38
4.66386e-37
-4.32843e-37
-1.26104e-35
1.84443e-35
-9.50054e-36
4.50486e-37
-2.30681e-37
3.39343e-37
2.34341e-38
5.34028e-38
2.2233e-39
3.70128e-39
2.76825e-40
3.78373e-40
1.83773e-41
2.48168e-41
1.5035e-42
1.975e-42
9.0576e-44
1.19734e-43
6.1212e-45
8.00794e-45
3.40518e-46
4.47279e-46
2.00587e-47
2.6186e-47
1.03642e-48
1.35124e-48
5.3424e-50
7.06692e-50
2.60296e-52
3.25683e-51
1.19523e-51
2.75614e-52
1.30679e-51
8.03621e-53
1.46867e-52
8.92896e-54
2.23431e-53
1.25102e-54
1.90105e-54
1.07166e-55
1.80194e-55
9.89006e-57
1.27467e-56
7.00827e-58
9.3217e-58
5.08534e-59
5.71521e-59
1.07429e-59
3.30541e-60
1.73132e-58
-3.51769e-60
3.87014e-57
-6.27083e-59
9.00508e-56
-1.08016e-57
2.05026e-54
-1.65462e-56
4.737e-53
-2.76037e-55
1.04939e-51
-4.21351e-54
2.31577e-50
-7.72662e-53
4.80927e-49
-1.38189e-51
9.91921e-48
-2.87783e-50
1.88643e-46
-5.71283e-49
3.60155e-45
-1.1813e-47
6.15552e-44
-2.23114e-46
1.08212e-42
-4.26078e-45
1.62197e-41
-7.0114e-44
2.61468e-40
-1.12261e-42
3.28861e-39
-9.46954e-42
4.82627e-38
1.60142e-40
4.48205e-37
1.6052e-38
5.56693e-36
6.30226e-37
1.80428e-35
4.11392e-37
-1.61889e-37
2.05635e-37
-1.06559e-37
1.89712e-38
2.96781e-38
3.11675e-39
2.50648e-39
2.45853e-40
2.97803e-40
2.5814e-41
1.97048e-41
1.80924e-42
1.61018e-42
1.46607e-43
9.72622e-44
9.2509e-45
6.58047e-45
6.27046e-46
3.66896e-46
3.59727e-47
2.16331e-47
2.12841e-48
1.11604e-48
1.11947e-49
5.88534e-50
5.91974e-51
2.71964e-51
2.82523e-52
1.81617e-52
1.83308e-53
6.21127e-53
3.50308e-54
6.62068e-54
3.6938e-55
9.76725e-55
5.03638e-56
8.2846e-56
4.30845e-57
7.80316e-57
3.96316e-58
5.51544e-58
2.81271e-59
4.01531e-59
2.03236e-60
2.45718e-60
2.86232e-61
1.35479e-61
2.95264e-60
-3.21733e-61
5.02431e-59
-7.4051e-60
8.75913e-58
-1.73129e-58
1.49481e-56
-3.99126e-57
2.49873e-55
-9.48943e-56
4.40629e-54
-2.19145e-54
6.14183e-53
-5.10959e-53
1.05428e-51
-1.13516e-51
4.93106e-51
-2.51456e-50
5.38778e-50
-5.20992e-49
-6.70058e-48
-1.07773e-47
-1.14275e-46
-2.0359e-46
-5.07568e-45
-3.87768e-45
-7.05575e-44
-6.37228e-44
-2.15781e-42
-1.00831e-42
-2.42044e-41
-7.97304e-42
-6.28688e-40
1.77307e-40
-4.86863e-39
1.58151e-38
-1.11798e-37
6.11723e-37
1.72897e-35
3.01976e-38
-1.31581e-37
-1.35849e-38
-7.86988e-39
-3.62721e-40
1.56239e-39
1.38902e-40
1.63636e-40
1.68222e-41
2.06694e-41
2.42224e-42
1.47901e-42
1.90815e-43
1.2422e-43
1.71724e-44
7.84493e-45
1.14105e-45
5.40096e-46
8.11259e-47
3.09939e-47
4.77951e-48
1.85035e-48
2.89755e-49
9.73806e-50
1.54562e-50
5.18666e-51
8.28798e-52
2.48145e-52
4.03311e-53
1.40189e-53
2.14334e-54
2.75841e-54
2.03006e-55
2.76904e-55
1.75481e-56
3.94318e-56
2.11839e-57
3.33721e-57
1.7609e-58
3.12914e-58
1.5881e-59
2.21491e-59
1.11753e-60
1.60899e-60
1.15431e-62
9.87005e-62
-1.88921e-60
1.11897e-62
-5.13159e-59
1.52281e-61
-1.33413e-57
4.26144e-60
-3.40441e-56
1.16317e-58
-8.27632e-55
3.03696e-57
-1.9836e-53
7.76618e-56
-4.48169e-52
1.88795e-54
-1.0055e-50
4.52495e-53
-2.0937e-49
1.02003e-51
-4.38077e-48
2.28719e-50
-8.30888e-47
4.74408e-49
-1.61518e-45
9.92244e-48
-2.74342e-44
1.87149e-46
-4.93909e-43
3.64169e-45
-7.31702e-42
6.15077e-44
-1.21856e-40
1.12026e-42
-1.50082e-39
1.69746e-41
-2.3057e-38
3.09092e-40
-2.04769e-37
4.77138e-39
-2.72124e-36
9.82672e-38
1.51981e-36
1.38766e-39
-1.95192e-38
-1.08772e-39
-1.14593e-39
-5.9983e-41
7.09269e-41
3.4877e-42
1.12753e-41
7.26192e-43
1.89254e-42
1.26464e-43
1.4924e-43
1.08462e-44
1.382e-44
1.0223e-45
9.15235e-46
7.07469e-47
6.59175e-47
5.14134e-48
3.87894e-48
3.10434e-49
2.3695e-49
1.90703e-50
1.26405e-50
1.03404e-51
6.81489e-52
5.5961e-53
3.31923e-53
2.76074e-54
1.69551e-54
1.41716e-55
1.60783e-55
1.03823e-56
1.33033e-56
7.81311e-58
1.65825e-57
8.42122e-59
1.36345e-58
6.7925e-60
1.25186e-59
5.99993e-61
8.8061e-61
4.2286e-62
6.34938e-62
9.35676e-63
4.26885e-63
1.76012e-61
1.17889e-62
4.74219e-60
3.30678e-61
1.2294e-58
9.12683e-60
3.12027e-57
2.46777e-58
7.56026e-56
6.40077e-57
1.79863e-54
1.63082e-55
4.04502e-53
3.95516e-54
8.97991e-52
9.4667e-53
1.85738e-50
2.13275e-51
3.82744e-49
4.77921e-50
7.18844e-48
9.91385e-49
1.3665e-46
2.07248e-47
2.2869e-45
3.91046e-46
3.98113e-44
7.6041e-45
5.76083e-43
1.28436e-43
9.0994e-42
2.33255e-42
1.07636e-40
3.50804e-41
1.51305e-39
6.26244e-40
1.24732e-38
9.20073e-39
1.40307e-37
1.80729e-37
2.60547e-36
1.2507e-40
-1.11339e-39
-1.27408e-40
-7.48524e-41
-8.23413e-42
1.25502e-42
-3.17747e-43
4.77678e-43
1.63689e-44
9.90792e-44
6.71149e-45
8.5191e-45
6.77538e-46
8.29521e-46
7.11437e-47
5.7322e-47
5.18947e-48
4.22706e-48
3.93415e-49
2.55168e-49
2.43584e-50
1.58049e-50
1.52749e-51
8.57353e-52
8.39179e-53
4.66482e-53
4.5897e-54
2.30327e-54
2.28248e-55
1.15799e-55
1.14528e-56
8.38846e-57
6.67567e-58
6.04408e-58
4.15841e-59
6.62684e-59
3.63492e-60
5.27628e-60
2.71923e-61
4.73275e-61
2.2984e-62
3.30858e-62
6.04256e-63
2.37097e-63
1.28066e-61
2.42159e-64
3.5336e-60
2.87756e-63
9.55341e-59
8.21513e-62
2.48011e-57
2.2686e-60
6.31768e-56
6.13998e-59
1.53416e-54
1.59371e-57
3.67018e-53
4.06589e-56
8.28332e-52
9.8698e-55
1.85422e-50
2.36633e-53
3.85625e-49
5.3369e-52
8.04489e-48
1.19861e-50
1.5236e-46
2.49049e-49
2.95002e-45
5.22955e-48
5.00133e-44
9.95303e-47
8.95461e-43
1.99391e-45
1.32328e-41
3.73206e-44
2.18626e-40
8.89779e-43
2.68299e-39
2.53338e-41
4.07169e-38
9.56341e-40
3.59509e-37
3.53343e-38
4.67626e-36
1.16908e-36
3.02082e-35
6.69689e-42
-1.05939e-40
-7.10682e-42
-7.13987e-42
-5.11756e-43
-3.03379e-43
-3.18101e-44
7.79354e-45
-2.7514e-46
5.16232e-45
2.60851e-46
5.20399e-46
3.11419e-47
5.65668e-47
3.54396e-48
4.1153e-48
2.70949e-49
3.16527e-49
2.11308e-50
1.9586e-50
1.34054e-51
1.23808e-51
8.53076e-53
6.80452e-53
4.75677e-54
3.7407e-54
2.62476e-55
1.86189e-55
1.31855e-56
9.27476e-57
6.59413e-58
5.38192e-58
3.53428e-59
3.25769e-59
1.99711e-60
2.86804e-60
1.50027e-61
2.1172e-61
1.04703e-62
1.80022e-62
1.10973e-63
1.23404e-63
8.15701e-63
6.88708e-65
2.31925e-61
-5.41837e-64
6.40768e-60
-1.5998e-62
1.73355e-58
-4.57653e-61
4.50272e-57
-1.26283e-59
1.14792e-55
-3.41379e-58
2.78915e-54
-8.85334e-57
6.67903e-53
-2.25536e-55
1.50837e-51
-5.46942e-54
3.38058e-50
-1.3089e-52
7.03569e-49
-2.94855e-51
1.47005e-47
-6.60562e-50
2.78638e-46
-1.36982e-48
5.40603e-45
-2.86026e-47
9.17398e-44
-5.37591e-46
1.64716e-42
-1.03036e-44
2.43697e-41
-1.6381e-43
4.04274e-40
-2.37815e-42
4.96884e-39
-1.69452e-42
7.59062e-38
1.41155e-39
6.71863e-37
8.19642e-38
8.85437e-36
2.98957e-36
8.22962e-35
5.06421e-43
-5.85413e-42
-5.357e-43
-4.24686e-43
-4.00091e-44
-2.81773e-44
-3.62593e-45
-5.10048e-46
-1.40616e-46
1.94406e-46
4.90479e-48
2.36204e-47
1.24909e-48
2.8109e-48
1.7633e-49
2.14907e-49
1.46158e-50
1.70374e-50
1.20231e-51
1.08122e-51
7.86423e-53
6.93975e-53
5.11819e-54
3.87256e-54
2.89619e-55
2.14804e-55
1.6153e-56
1.0801e-56
8.17584e-58
5.3849e-58
4.08356e-59
2.87492e-59
2.05582e-60
1.58953e-60
1.06571e-61
1.19278e-61
6.75676e-63
8.19422e-63
4.25392e-64
6.58087e-64
3.9661e-65
4.35604e-65
2.54547e-64
-1.57572e-65
7.2317e-63
-5.68017e-64
1.99836e-61
-1.66158e-62
5.40788e-60
-4.75325e-61
1.40492e-58
-1.31162e-59
3.58284e-57
-3.54572e-58
8.70732e-56
-9.19562e-57
2.08589e-54
-2.3426e-55
4.71186e-53
-5.68104e-54
1.05652e-51
-1.35957e-52
2.19945e-50
-3.06272e-51
4.59828e-49
-6.8615e-50
8.71846e-48
-1.4229e-48
1.69283e-46
-2.97118e-47
2.87375e-45
-5.58477e-46
5.16518e-44
-1.07068e-44
7.64513e-43
-1.70411e-43
1.27021e-41
-2.48591e-42
1.56202e-40
-2.61907e-42
2.39205e-39
1.42457e-39
2.11903e-38
8.34158e-38
2.80613e-37
3.04678e-36
8.39455e-35
2.62192e-44
-4.28819e-43
-2.76162e-44
-3.1344e-44
-2.18761e-45
-2.98456e-45
-2.25187e-46
-1.24307e-46
-1.09235e-47
3.11878e-48
-1.40265e-49
9.16632e-49
3.75275e-50
1.3798e-49
7.10703e-51
1.14472e-50
6.42327e-52
9.58436e-52
5.54182e-53
6.27174e-53
3.7378e-54
4.11757e-54
2.47984e-55
2.33199e-55
1.42574e-56
1.30746e-56
8.03109e-58
6.62482e-58
4.10319e-59
3.30851e-59
2.05533e-60
1.66353e-60
1.00975e-61
8.51668e-62
5.01993e-63
5.38705e-63
2.86528e-64
3.35191e-64
7.52246e-66
2.46325e-65
-2.74891e-64
1.67073e-66
-8.08004e-63
2.41085e-66
-2.31329e-61
6.96586e-65
-6.39141e-60
2.03915e-63
-1.72918e-58
5.8432e-62
-4.49142e-57
1.61447e-60
-1.14506e-55
4.37346e-59
-2.78224e-54
1.13592e-57
-6.66262e-53
2.9012e-56
-1.50468e-51
7.04785e-55
-3.3724e-50
1.69212e-53
-7.01875e-49
3.81969e-52
-1.46655e-47
8.5942e-51
-2.77979e-46
1.7879e-49
-5.39344e-45
3.76587e-48
-9.15275e-44
7.20039e-47
-1.64342e-42
1.46416e-45
-2.43148e-41
2.86207e-44
-4.03392e-40
7.461e-43
-4.95806e-39
2.39435e-41
-7.57505e-38
9.64159e-40
-6.705e-37
3.68203e-38
-8.83872e-36
1.22913e-36
3.19459e-35
1.63779e-45
-2.24533e-44
-1.70584e-45
-1.72102e-45
-1.38106e-46
-1.87811e-46
-1.62161e-47
-9.47938e-48
-9.11218e-49
-1.69511e-49
-3.92454e-50
2.5286e-50
-5.26735e-53
5.50477e-51
2.35938e-52
5.02211e-52
2.63036e-53
4.43133e-53
2.50244e-54
2.9958e-54
1.76989e-55
2.00743e-55
1.21126e-56
1.15598e-56
7.10068e-58
6.54831e-58
4.05339e-59
3.35024e-59
2.08995e-60
1.68018e-60
1.05107e-61
8.24644e-62
5.07572e-63
4.03883e-63
2.44458e-64
2.31023e-64
1.25644e-65
3.844e-65
-4.72507e-66
3.75159e-66
-1.62431e-64
8.4918e-67
-4.75437e-63
1.09647e-65
-1.36043e-61
3.2987e-64
-3.75713e-60
9.64623e-63
-1.01584e-58
2.75956e-61
-2.6373e-57
7.61485e-60
-6.7185e-56
2.05866e-58
-1.63157e-54
5.33921e-57
-3.90342e-53
1.3603e-55
-8.81006e-52
3.29908e-54
-1.97223e-50
7.89645e-53
-4.10176e-49
1.77904e-51
-8.55742e-48
3.98669e-50
-1.62066e-46
8.27025e-49
-3.13806e-45
1.72895e-47
-5.3199e-44
3.26256e-46
-9.52517e-43
6.34534e-45
-1.40745e-41
1.07242e-43
-2.32535e-40
1.95118e-42
-2.85304e-39
2.95367e-41
-4.32997e-38
5.34942e-40
-3.82172e-37
8.16292e-39
-4.97321e-36
1.66113e-37
-4.63223e-36
2.52728e-36
3.40146e-35
6.66615e-47
-5.40322e-45
-6.91369e-47
-4.17658e-46
-5.80765e-48
-5.1671e-47
-7.16714e-49
-2.92192e-48
-4.31313e-50
-1.26584e-49
-2.28024e-51
-4.52251e-52
-5.28725e-53
7.60647e-52
5.61237e-54
8.41418e-53
8.26517e-55
8.13312e-54
8.63227e-56
5.73984e-55
6.37249e-57
3.95669e-56
4.47274e-58
2.31878e-57
2.66846e-59
1.32929e-58
1.54024e-60
6.85657e-60
8.01454e-62
3.43968e-61
4.05107e-63
1.60107e-62
1.97197e-64
-9.74093e-65
1.12118e-65
3.22943e-65
-3.18984e-67
8.28065e-64
-1.48702e-66
9.31639e-65
-1.63053e-65
1.4653e-65
-4.73063e-64
5.83018e-66
-1.34986e-62
1.38613e-64
-3.72028e-61
4.04805e-63
-1.00223e-59
1.15719e-61
-2.59523e-58
3.1914e-60
-6.57973e-57
8.62007e-59
-1.59263e-55
2.23417e-57
-3.78606e-54
5.68573e-56
-8.50955e-53
1.37788e-54
-1.88867e-51
3.2933e-53
-3.90683e-50
7.41304e-52
-8.05517e-49
1.65816e-50
-1.51469e-47
3.43609e-49
-2.88441e-46
7.16572e-48
-4.84213e-45
1.35019e-46
-8.45999e-44
2.61564e-45
-1.23231e-42
4.40182e-44
-1.95961e-41
7.90623e-43
-2.35016e-40
1.15823e-41
-3.34038e-39
1.94134e-40
-2.82938e-38
2.39767e-39
-3.20946e-37
3.82708e-38
-2.95814e-37
3.58024e-37
4.70253e-36
-2.33252e-46
-6.71628e-44
2.41553e-46
-5.14231e-45
2.03085e-47
-5.58549e-46
2.51569e-48
-2.80018e-47
1.51782e-49
-4.54089e-49
8.06929e-51
8.0053e-50
1.90885e-52
1.68909e-50
-1.93062e-53
1.53208e-51
-2.8783e-54
1.34779e-52
-3.01704e-55
9.0981e-54
-2.23034e-56
6.09052e-55
-1.56653e-57
3.50501e-56
-9.34913e-59
1.98464e-57
-5.39647e-60
1.01501e-58
-2.8078e-61
5.04762e-60
-1.41425e-62
2.29301e-61
-5.93419e-64
-1.64991e-62
3.4574e-65
4.11161e-64
-2.75332e-65
2.66665e-62
-3.32137e-65
2.98538e-63
-5.97141e-66
4.68273e-64
-6.14828e-65
4.04907e-65
-1.74844e-63
1.79429e-65
-4.8454e-62
4.15167e-64
-1.31197e-60
1.18384e-62
-3.41313e-59
3.2609e-61
-8.68887e-58
8.78332e-60
-2.11052e-56
2.27239e-58
-5.03147e-55
5.75997e-57
-1.13305e-53
1.39233e-55
-2.51763e-52
3.30914e-54
-5.20598e-51
7.42245e-53
-1.07203e-49
1.64714e-51
-2.00796e-48
3.39662e-50
-3.80527e-47
7.00393e-49
-6.32481e-46
1.31065e-47
-1.09336e-44
2.49771e-46
-1.55894e-43
4.16075e-45
-2.42834e-42
7.28699e-44
-2.78224e-41
1.04868e-42
-3.81436e-40
1.681e-41
-2.93542e-39
1.98552e-40
-3.23193e-38
2.89508e-39
-2.9744e-38
2.40854e-38
2.81288e-37
-4.87687e-45
-1.28117e-42
5.0795e-45
-9.36929e-44
4.10752e-46
-8.81013e-45
4.77685e-47
-3.60776e-46
2.6569e-48
1.11133e-47
1.08251e-49
2.88439e-48
-5.63429e-52
4.26644e-49
-7.71202e-52
3.51985e-50
-8.3138e-53
2.9384e-51
-7.80583e-54
1.91939e-52
-5.48673e-55
1.25874e-53
-3.74045e-56
7.12293e-55
-2.18725e-57
3.99137e-56
-1.24636e-58
2.0213e-57
-6.41779e-60
9.96244e-59
-3.21136e-61
4.44332e-60
-1.2715e-62
-6.3062e-61
1.43863e-63
7.54247e-63
-8.89156e-64
8.24361e-61
-1.08487e-63
9.19615e-62
-1.27554e-64
1.45223e-62
-2.32338e-65
1.24087e-63
-1.30865e-64
1.18304e-64
-3.58217e-63
5.9238e-65
-9.68751e-62
1.4644e-63
-2.51882e-60
4.05209e-62
-6.39811e-59
1.09627e-60
-1.55215e-57
2.84793e-59
-3.68727e-56
7.24391e-58
-8.28594e-55
1.75636e-56
-1.83135e-53
4.18371e-55
-3.77466e-52
9.3989e-54
-7.71225e-51
2.08699e-52
-1.43762e-49
4.30129e-51
-2.69329e-48
8.85413e-50
-4.4445e-47
1.65052e-48
-7.55235e-46
3.12908e-47
-1.06469e-44
5.16293e-46
-1.61492e-43
8.94334e-45
-1.81428e-42
1.25991e-43
-2.38286e-41
1.9746e-42
-1.7675e-40
2.21479e-41
-1.82212e-39
3.08832e-40
-1.66648e-39
2.2637e-39
2.59893e-38
-7.91423e-44
-1.78589e-41
8.33149e-44
-1.29524e-42
6.59346e-45
-8.74826e-44
6.77146e-46
-1.69963e-45
3.26819e-47
5.73538e-46
3.81553e-49
7.06084e-47
-1.16919e-49
8.45099e-48
-2.18064e-50
6.47698e-49
-1.96449e-51
5.14403e-50
-1.69216e-52
3.2681e-51
-1.1404e-53
2.09956e-52
-7.56216e-55
1.17239e-53
-4.34636e-56
6.50689e-55
-2.44783e-57
3.2727e-56
-1.25043e-58
1.59358e-57
-6.22262e-60
6.86604e-59
-2.16939e-61
-2.2252e-59
5.50681e-62
1.01666e-61
-2.83e-62
2.51365e-59
-3.49239e-62
2.78646e-60
-4.08577e-63
4.42813e-61
-6.04699e-64
3.77541e-62
-6.26028e-65
3.566e-63
-2.97427e-64
2.55178e-64
-7.95513e-63
1.3948e-64
-2.07812e-61
3.37724e-63
-5.30103e-60
9.15012e-62
-1.29089e-58
2.38703e-60
-3.07647e-57
6.07596e-59
-6.93086e-56
1.47992e-57
-1.53478e-54
3.52241e-56
-3.1658e-53
7.95533e-55
-6.46951e-52
1.76098e-53
-1.20373e-50
3.65374e-52
-2.25027e-49
7.47064e-51
-3.69113e-48
1.40556e-49
-6.23813e-47
2.6309e-48
-8.6783e-46
4.40246e-47
-1.30304e-44
7.45018e-46
-1.42444e-43
1.07462e-44
-1.84192e-42
1.61247e-43
-1.28997e-41
1.89135e-42
-1.31918e-40
2.42068e-41
-9.95208e-41
1.99644e-40
1.91534e-39
-1.51264e-42
-3.17559e-40
1.59988e-42
-2.1444e-41
1.1942e-43
-8.91507e-43
1.0686e-44
2.50563e-44
4.04911e-46
1.57961e-44
-1.70012e-47
1.58576e-45
-3.92417e-48
1.72188e-46
-5.4523e-49
1.25167e-47
-4.49453e-50
9.62556e-49
-3.68655e-51
5.9545e-50
-2.40705e-52
3.76393e-51
-1.5648e-53
2.06845e-52
-8.8472e-55
1.13716e-53
-4.93181e-56
5.65797e-55
-2.49501e-57
2.70632e-56
-1.23342e-58
1.10116e-57
-3.47585e-60
-6.86537e-58
1.84663e-60
1.21876e-60
-8.6807e-61
7.29742e-58
-1.07784e-60
8.05789e-59
-1.25813e-61
1.28792e-59
-1.87189e-62
1.09725e-60
-1.61369e-63
1.0419e-61
-1.31478e-64
7.34823e-63
4.79383e-64
7.0606e-64
1.38179e-62
5.0842e-63
3.6903e-61
1.39717e-61
9.78862e-60
3.7737e-60
2.42854e-58
9.79464e-59
6.03687e-57
2.48665e-57
1.37994e-55
6.02444e-56
3.20176e-54
1.43191e-54
6.66658e-53
3.21495e-53
1.43671e-51
7.12015e-52
2.68075e-50
1.46704e-50
5.33325e-49
3.01042e-49
8.69925e-48
5.6127e-48
1.58465e-46
1.05996e-46
2.16877e-45
1.75035e-45
3.57308e-44
3.01747e-44
3.79359e-43
4.25837e-43
5.51994e-42
6.63439e-42
3.71615e-41
7.46396e-41
4.42985e-40
1.03338e-39
7.60679e-39
-2.04894e-41
-3.46856e-39
2.17167e-41
-2.33464e-40
1.56562e-42
2.46373e-42
9.94712e-44
1.35385e-42
1.06341e-45
2.91156e-43
-7.6802e-46
2.52556e-44
-9.296e-47
2.47375e-45
-1.0642e-47
1.71495e-46
-8.15837e-49
1.26792e-47
-6.37489e-50
7.66727e-49
-4.04927e-51
4.75614e-50
-2.57943e-52
2.58289e-51
-1.43937e-53
1.40678e-52
-7.94808e-55
6.94495e-54
-3.99443e-56
3.17676e-55
-1.9624e-57
1.05936e-56
-2.28862e-59
-2.07088e-56
6.00201e-59
-4.95813e-60
-2.63287e-59
2.10023e-56
-3.28329e-59
2.30144e-57
-3.8136e-60
3.69783e-58
-5.70402e-61
3.14007e-59
-4.90979e-62
2.99529e-60
-4.12394e-63
2.11e-61
1.13206e-62
1.65871e-62
3.14694e-61
3.8049e-62
8.17958e-60
1.02191e-60
2.07712e-58
2.75079e-59
5.03726e-57
7.11281e-58
1.19642e-55
1.80206e-56
2.68781e-54
4.3541e-55
5.94026e-53
1.03448e-53
1.22415e-51
2.3197e-52
2.50146e-50
5.1469e-51
4.6627e-49
1.06131e-49
8.7387e-48
2.18871e-48
1.44229e-46
4.09705e-47
2.45273e-45
7.8119e-46
3.45941e-44
1.30254e-44
5.25425e-43
2.28401e-43
5.90914e-42
3.2941e-42
7.77737e-41
5.29373e-41
5.77903e-40
6.28505e-40
5.9724e-39
9.208e-39
7.74515e-38
-3.75018e-40
-5.86115e-38
3.81619e-40
-3.46009e-39
2.46891e-41
2.14669e-40
9.24792e-43
3.40294e-41
-5.17623e-44
5.72589e-42
-2.05595e-44
4.51598e-43
-2.06642e-45
4.18592e-44
-2.16702e-46
2.77283e-45
-1.57923e-47
1.9981e-46
-1.19689e-48
1.17604e-47
-7.40819e-50
7.18635e-49
-4.64524e-51
3.83425e-50
-2.55168e-52
2.0678e-51
-1.39576e-53
1.00551e-52
-6.93987e-55
4.27603e-54
-3.3779e-56
8.78098e-56
4.09681e-58
-5.7057e-55
1.78809e-57
-5.18716e-58
-7.61497e-58
5.6949e-55
-9.51283e-58
6.21414e-56
-1.10197e-58
1.00288e-56
-1.65638e-59
8.50499e-58
-1.42569e-60
8.14904e-59
-1.2684e-61
5.74402e-60
1.50004e-61
4.31111e-61
4.31486e-60
3.97418e-61
1.12272e-58
1.02617e-59
2.85857e-57
2.7721e-58
6.94384e-56
7.18602e-57
1.6558e-54
1.82948e-55
3.72907e-53
4.43451e-54
8.28892e-52
1.06046e-52
1.71421e-50
2.38767e-51
3.5318e-49
5.34461e-50
6.6164e-48
1.1079e-48
1.25482e-46
2.31276e-47
2.08618e-45
4.35964e-46
3.61044e-44
8.45769e-45
5.1496e-43
1.42414e-43
8.03554e-42
2.56339e-42
9.21119e-41
3.75878e-41
1.26636e-39
6.32296e-40
9.75031e-39
7.82837e-39
1.0782e-37
1.25788e-37
1.18357e-36
-4.34529e-39
-4.30652e-37
3.43484e-39
-2.59108e-38
1.928e-40
4.41087e-39
-8.71899e-42
4.75541e-40
-2.07031e-42
6.08712e-41
-3.71079e-43
4.38038e-42
-3.2114e-44
3.69506e-43
-3.0448e-45
2.34027e-44
-2.11436e-46
1.61511e-45
-1.54066e-47
9.28527e-47
-9.32006e-49
5.55205e-48
-5.7344e-50
2.92538e-49
-3.1131e-51
1.56024e-50
-1.68706e-52
7.41469e-52
-8.32588e-54
1.91145e-53
-3.9909e-55
-1.97062e-54
3.79692e-56
-1.5652e-53
5.26087e-56
-2.20474e-56
-2.18873e-56
1.54284e-53
-2.73534e-56
1.66782e-54
-3.14863e-57
2.70216e-55
-4.75286e-58
2.28073e-56
-4.08023e-59
2.19297e-57
-3.76779e-60
1.54286e-58
8.89275e-61
1.12929e-59
3.11633e-59
1.30737e-60
8.06925e-58
1.7195e-59
2.04462e-56
4.63883e-58
4.94642e-55
1.20333e-56
1.17538e-53
3.06698e-55
2.64087e-52
7.43982e-54
5.86006e-51
1.78159e-52
1.2121e-49
4.0148e-51
2.49936e-48
9.00236e-50
4.70143e-47
1.86799e-48
8.95784e-46
3.90838e-47
1.50535e-44
7.37783e-46
2.6335e-43
1.437e-44
3.84499e-42
2.43282e-43
6.12962e-41
4.45304e-42
7.38682e-40
6.85191e-41
1.0543e-38
1.28689e-39
9.00977e-38
2.13356e-38
1.02534e-36
4.65832e-37
7.76833e-36
-9.13219e-38
-8.44768e-37
4.07757e-38
-3.24476e-37
1.1085e-39
8.95657e-38
-4.20683e-40
7.57588e-39
-5.08741e-41
9.01646e-40
-7.33908e-42
5.96941e-41
-5.78143e-43
4.88084e-42
-5.2066e-44
2.94921e-43
-3.46006e-45
1.99604e-44
-2.46094e-46
1.11316e-45
-1.45005e-47
6.56499e-47
-8.79294e-49
3.38684e-48
-4.69094e-50
1.7874e-49
-2.51726e-51
8.12397e-51
-1.22402e-52
-3.25138e-53
-5.7283e-54
-7.25656e-53
1.26067e-54
-3.94679e-52
1.43387e-54
-5.96702e-55
-5.92149e-55
3.88021e-52
-7.39883e-55
4.17538e-53
-8.49014e-56
6.78232e-54
-1.28635e-56
5.71322e-55
-1.10349e-57
5.5113e-56
-1.03022e-58
3.87775e-57
4.80705e-60
2.84354e-58
3.27297e-58
1.69559e-59
8.51294e-57
-9.33608e-60
2.16965e-55
-2.80775e-58
5.27038e-54
-7.28012e-57
1.26163e-52
-1.85341e-55
2.84842e-51
-4.49254e-54
6.38128e-50
-1.07428e-52
1.32764e-48
-2.41869e-51
2.77258e-47
-5.41312e-50
5.25316e-46
-1.12166e-48
1.01855e-44
-2.33803e-47
1.72761e-43
-4.38164e-46
3.0993e-42
-8.31691e-45
4.58236e-41
-1.27342e-43
7.59317e-40
-1.54917e-42
9.3234e-39
1.99859e-41
1.42183e-37
2.18457e-39
1.25609e-36
1.09475e-37
1.6498e-35
3.88495e-36
1.05015e-34
-1.30318e-36
-2.74986e-35
-5.68951e-37
-1.05761e-36
-5.3796e-38
5.79385e-38
-8.99129e-39
6.3806e-39
-7.17008e-40
8.34067e-40
-7.5901e-41
5.5802e-41
-5.3482e-42
4.57688e-42
-4.35208e-43
2.7585e-43
-2.7546e-44
1.86424e-44
-1.87187e-45
1.03701e-45
-1.07599e-46
6.10768e-47
-6.37709e-48
3.14208e-48
-3.35888e-49
1.64322e-49
-1.78191e-50
-3.23424e-51
-8.47231e-52
-1.08986e-50
-3.52148e-53
-2.26906e-51
3.95484e-53
-1.00545e-50
3.90719e-53
-1.57508e-53
-1.60557e-53
9.86715e-51
-2.00302e-53
1.04943e-51
-2.2798e-54
1.70822e-52
-3.46438e-55
1.42934e-53
-2.95945e-56
1.38181e-54
-2.78276e-57
9.68956e-56
-1.85319e-58
7.1231e-57
2.86468e-58
4.32384e-58
7.80991e-57
-9.82131e-60
1.99186e-55
-9.81861e-58
4.84054e-54
-2.55026e-56
1.15955e-52
-6.4978e-55
2.61915e-51
-1.57588e-53
5.8727e-50
-3.77205e-52
1.22244e-48
-8.49786e-51
2.55566e-47
-1.90429e-49
4.8449e-46
-3.94933e-48
9.40717e-45
-8.25059e-47
1.59661e-43
-1.55175e-45
2.86979e-42
-2.98279e-44
4.24617e-41
-4.79288e-43
7.05572e-40
-7.27919e-42
8.67137e-39
-2.77e-41
1.32834e-37
2.96633e-39
1.17521e-36
1.90817e-37
1.5575e-35
7.07332e-36
1.9672e-34
-5.61587e-35
-2.86238e-35
-1.30903e-36
-1.25951e-36
-1.028e-36
-1.42856e-37
-1.61914e-37
-8.74154e-39
-1.12255e-38
-8.75695e-40
-1.14813e-39
-5.58609e-41
-7.53219e-41
-4.51393e-42
-5.99606e-42
-2.71493e-43
-3.63571e-43
-1.83623e-44
-2.43206e-44
-1.0222e-45
-1.35859e-45
-6.027e-47
-7.9548e-47
-3.17364e-48
-4.10548e-48
-1.98992e-49
-2.1566e-49
-2.65751e-49
-9.84831e-51
-2.60888e-49
-3.29129e-52
-5.25839e-50
1.01675e-51
-2.3236e-49
9.80849e-52
-3.61926e-52
-4.0288e-52
2.28035e-49
-5.02171e-52
2.4132e-50
-5.69476e-53
3.92763e-51
-8.67138e-54
3.2771e-52
-7.3968e-55
3.17309e-53
-6.977e-56
2.22338e-54
-4.93726e-57
1.63889e-55
-6.58054e-58
9.98774e-57
-7.83258e-57
6.03161e-58
-1.99188e-55
-2.47626e-58
-4.84054e-54
-7.27987e-57
-1.15955e-52
-1.85379e-55
-2.61915e-51
-4.49343e-54
-5.8727e-50
-1.07448e-52
-1.22244e-48
-2.41913e-51
-2.55567e-47
-5.41403e-50
-4.8449e-46
-1.12185e-48
-9.40717e-45
-2.33837e-47
-1.59661e-43
-4.38228e-46
-2.86979e-42
-8.31797e-45
-4.24617e-41
-1.2736e-43
-7.05572e-40
-1.54942e-42
-8.67138e-39
1.9982e-41
-1.32834e-37
2.18453e-39
-1.17521e-36
1.09475e-37
-1.5575e-35
3.88495e-36
1.05015e-34
-1.09087e-36
-1.02676e-36
-8.0044e-37
-5.37712e-37
-6.97176e-38
-1.23057e-37
-1.09819e-38
-8.58204e-39
-8.42084e-40
-9.28011e-40
-8.65262e-41
-6.03391e-41
-5.97634e-42
-4.90065e-42
-4.78677e-43
-2.95657e-43
-2.99444e-44
-1.99868e-44
-2.01526e-45
-1.10837e-45
-1.14977e-46
-6.51429e-47
-6.78186e-48
-4.78365e-48
-3.7617e-49
-9.81571e-49
-1.97759e-50
-6.13334e-48
1.1112e-50
-6.18902e-48
4.11149e-51
-1.23238e-48
2.63964e-50
-5.52884e-48
2.49654e-50
-8.40209e-51
-1.02681e-50
5.42758e-48
-1.27655e-50
5.6581e-49
-1.43233e-51
9.20488e-50
-2.18368e-52
7.60852e-51
-1.85121e-53
7.36957e-52
-1.7491e-54
5.13556e-53
-1.23122e-55
3.7895e-54
-9.27875e-57
2.30314e-55
-9.0585e-57
1.4189e-56
-2.17002e-55
1.23085e-57
-5.27048e-54
1.20534e-56
-1.26165e-52
3.06186e-55
-2.84847e-51
7.42758e-54
-6.38138e-50
1.77883e-52
-1.32766e-48
4.00867e-51
-2.77262e-47
8.98968e-50
-5.25323e-46
1.86537e-48
-1.01856e-44
3.90348e-47
-1.72763e-43
7.36855e-46
-3.09932e-42
1.43545e-44
-4.5824e-41
2.43015e-43
-7.59321e-40
4.44923e-42
-9.32346e-39
6.84596e-41
-1.42183e-37
1.28621e-39
-1.2561e-36
2.13262e-38
-1.6498e-35
4.6576e-37
7.76753e-36
2.52324e-38
-3.17498e-37
-8.64028e-38
-2.97651e-38
-7.77523e-39
-7.73234e-39
-1.53577e-39
-6.19695e-40
-1.21531e-40
-6.94354e-41
-1.33552e-41
-4.81818e-42
-9.3568e-43
-3.98798e-43
-7.6846e-44
-2.49763e-44
-4.83242e-45
-1.47229e-45
-3.29149e-46
4.09104e-47
-1.92045e-47
6.6268e-48
-1.40256e-48
-3.11568e-47
-5.52042e-49
-1.68686e-47
-2.69307e-50
-1.28337e-46
2.76544e-49
-1.29643e-46
9.51969e-50
-2.56853e-47
6.07392e-49
-1.15894e-46
5.74559e-49
-1.737e-49
-2.36557e-49
1.13793e-46
-2.93778e-49
1.17973e-47
-3.28198e-50
1.91089e-48
-5.00151e-51
1.5731e-49
-4.23002e-52
1.52226e-50
-4.00218e-53
1.05885e-51
-2.81576e-54
7.82182e-53
-2.05287e-55
4.75423e-54
-1.33294e-56
2.93277e-55
-2.12548e-56
1.61854e-56
-4.95735e-55
7.89191e-57
-1.17775e-53
1.79331e-55
-2.64611e-52
4.34756e-54
-5.87088e-51
1.04092e-52
-1.21431e-49
2.34432e-51
-2.5035e-48
5.25494e-50
-4.70918e-47
1.08941e-48
-8.97072e-46
2.27797e-47
-1.50754e-44
4.29336e-46
-2.63662e-43
8.3463e-45
-3.8497e-42
1.40465e-43
-6.13505e-41
2.53493e-42
-7.3939e-40
3.71342e-41
-1.05486e-38
6.26828e-40
-9.01553e-38
7.75035e-39
-1.02549e-36
1.2512e-37
1.17598e-36
1.08663e-38
8.58237e-37
-1.32876e-38
6.33914e-38
-1.15701e-39
2.98182e-39
-1.83935e-40
9.19478e-41
-1.39447e-41
6.0833e-43
-1.40017e-42
-1.5393e-43
-9.56656e-44
-3.30801e-44
-7.45519e-45
-2.21536e-45
-4.68172e-46
5.09787e-45
-5.27987e-47
3.06012e-45
-1.28822e-47
2.79663e-46
-7.38334e-48
-5.80063e-46
-1.20147e-47
-3.57189e-46
-5.82092e-49
-2.84364e-45
6.58984e-48
-2.8735e-45
2.23391e-48
-5.59241e-46
1.44512e-47
-2.57432e-45
1.36805e-47
-3.7171e-48
-5.65196e-48
2.5288e-45
-6.99472e-48
2.56977e-46
-7.70427e-49
4.14499e-47
-1.17269e-49
3.36731e-48
-9.82979e-51
3.25138e-49
-9.29924e-52
2.24269e-50
-6.50814e-53
1.65535e-51
-4.74765e-54
1.00115e-52
-2.88976e-55
6.17694e-54
-2.11357e-56
3.34301e-55
-8.51667e-56
1.71322e-56
-1.98936e-54
-2.0083e-56
-4.471e-53
-4.97886e-55
-9.82847e-52
-1.07286e-53
-2.03157e-50
-2.40132e-52
-4.12918e-49
-4.67597e-51
-7.74918e-48
-9.9001e-50
-1.44452e-46
-1.69829e-48
-2.41395e-45
-3.43914e-47
-4.08355e-44
-4.97253e-46
-5.88456e-43
-9.90695e-45
-8.89799e-42
-1.10742e-43
-1.03881e-40
-2.32436e-42
-1.36418e-39
-1.60798e-41
-1.08534e-38
-4.23541e-40
-1.11507e-37
-9.49195e-41
-4.46176e-38
1.3067e-37
1.32087e-36
-1.42538e-37
9.61793e-37
-9.8614e-39
3.58373e-38
-1.23707e-39
1.01683e-39
-7.80908e-41
2.03002e-41
-6.6577e-42
2.24004e-43
-3.94537e-43
-1.98142e-43
-2.64582e-44
-9.12639e-45
-1.59703e-45
9.7729e-44
-5.5404e-46
5.7212e-44
-2.38313e-46
5.09334e-45
-1.48816e-46
-1.19583e-44
-2.47182e-46
-6.70696e-45
-1.14845e-47
-5.30567e-44
1.37432e-46
-5.35914e-44
4.62826e-47
-1.03663e-44
3.00775e-46
-4.80486e-44
2.84797e-46
-6.77372e-47
-1.17973e-46
4.72142e-44
-1.4579e-46
4.76801e-45
-1.59722e-47
7.60245e-46
-2.42084e-48
6.13925e-47
-2.02181e-49
5.8986e-48
-1.91071e-50
4.0547e-49
-1.33522e-51
2.98899e-50
-9.75056e-53
1.80577e-51
-5.93431e-54
1.11523e-52
-3.68013e-55
6.041e-54
-1.22797e-55
3.25142e-55
-2.32723e-54
-1.73434e-56
-5.16521e-53
-7.99205e-55
-1.07519e-51
-1.79994e-53
-2.21677e-50
-4.03525e-52
-4.20847e-49
-8.35723e-51
-8.00459e-48
-1.74917e-49
-1.36407e-46
-3.29322e-48
-2.37463e-45
-6.41651e-47
-3.54596e-44
-1.07836e-45
-5.59457e-43
-1.95322e-44
-7.03593e-42
-2.84752e-43
-9.93278e-41
-4.80499e-42
-9.76373e-40
-5.76638e-41
-1.20949e-38
-9.09643e-40
-7.76306e-38
-7.67991e-39
-1.07732e-37
1.23228e-37
6.57033e-35
-1.34313e-37
1.80529e-36
-9.19153e-39
6.55057e-38
-1.1486e-39
1.79613e-39
-7.20229e-41
3.48399e-41
-6.14856e-42
1.02338e-42
-3.47456e-43
-3.81856e-42
-3.21006e-45
-1.61086e-43
-3.08247e-45
2.02523e-42
-1.01857e-44
1.1807e-42
-4.98569e-45
1.0698e-43
-3.35261e-45
-1.9541e-43
-5.58242e-45
-1.30382e-43
-2.31445e-46
-1.09514e-42
3.06301e-45
-1.10652e-42
1.00694e-45
-2.0871e-43
6.66003e-45
-9.95037e-43
6.31126e-45
-1.32472e-45
-2.64091e-45
9.78422e-43
-3.24519e-45
9.60906e-44
-3.48661e-46
1.51657e-44
-5.25948e-47
1.20142e-45
-4.33629e-48
1.14762e-46
-4.08728e-49
7.79026e-48
-2.83285e-50
5.72367e-49
-2.06635e-51
3.43022e-50
-1.2514e-52
2.11486e-51
-7.71546e-54
1.13997e-52
-1.53129e-54
6.15973e-54
-2.52938e-53
3.38444e-55
-5.6669e-52
8.76606e-55
-1.18331e-50
1.94755e-53
-2.47248e-49
4.36665e-52
-4.70809e-48
9.09306e-51
-9.12582e-47
1.9008e-49
-1.55923e-45
3.60533e-48
-2.79179e-44
6.99818e-47
-4.17611e-43
1.18863e-45
-6.88865e-42
2.1351e-44
-8.66273e-41
3.1626e-43
-1.32061e-39
5.24859e-42
-1.29394e-38
6.46178e-41
-1.86579e-37
9.87553e-40
-1.19121e-36
8.76699e-39
1.15679e-37
-1.23205e-37
1.32449e-36
1.34289e-37
9.62103e-37
9.18954e-39
3.5865e-38
1.1487e-39
1.01182e-39
7.15202e-41
1.15373e-40
5.49904e-42
1.91342e-41
6.09915e-43
-6.07509e-41
4.25712e-43
-2.53365e-42
-2.78856e-44
3.27317e-41
-1.83109e-43
1.90445e-41
-8.77888e-44
1.65881e-42
-5.46753e-44
-3.7485e-42
-9.62205e-44
-2.13085e-42
-1.23368e-45
-1.7681e-41
5.6986e-44
-1.78527e-41
1.82532e-44
-3.34114e-42
1.20623e-43
-1.607e-41
1.14211e-43
-2.05028e-44
-4.92211e-44
1.58104e-41
-6.00813e-44
1.54138e-42
-6.40993e-45
2.37238e-43
-9.56414e-46
1.86156e-44
-7.84027e-47
1.7571e-45
-7.35391e-48
1.18556e-46
-5.08112e-49
8.66599e-48
-3.70158e-50
5.179e-49
-2.23992e-51
3.189e-50
-1.37414e-52
1.71838e-51
-7.54295e-54
9.29356e-53
-2.6076e-54
4.61036e-54
-4.8992e-53
1.15603e-54
-1.01597e-51
2.10884e-53
-2.09474e-50
4.72215e-52
-3.95915e-49
9.8255e-51
-7.53986e-48
2.05186e-49
-1.27699e-46
3.88818e-48
-2.2309e-45
7.53837e-47
-3.30159e-44
1.27888e-45
-5.24984e-43
2.29394e-44
-6.5125e-42
3.39271e-43
-9.34395e-41
5.6202e-42
-8.98899e-40
6.90459e-41
-1.1519e-38
1.05234e-39
-7.16811e-38
9.30735e-39
1.22097e-37
-1.30301e-37
9.1992e-37
1.42115e-37
6.8236e-38
9.83014e-39
3.24557e-39
1.24013e-39
-3.57404e-41
6.86401e-41
1.84359e-39
-5.64349e-42
3.64297e-40
5.47469e-42
-1.1781e-39
8.21319e-42
-4.72741e-41
-4.29114e-43
6.32918e-40
-3.35262e-42
3.66369e-40
-1.33892e-42
3.24241e-41
-7.82298e-43
-5.09741e-41
-1.68218e-42
-3.76886e-41
1.76116e-43
-3.40372e-40
1.20531e-42
-3.43766e-40
3.50804e-43
-6.19358e-41
2.32132e-42
-3.10776e-40
2.19156e-42
-3.61965e-43
-1.04954e-42
3.06064e-40
-1.25103e-42
2.86244e-41
-1.29725e-43
4.31614e-42
-1.91527e-44
3.29036e-43
-1.54055e-45
3.07083e-44
-1.43603e-46
2.03334e-45
-9.7994e-48
1.47634e-46
-7.11267e-49
8.71472e-48
-4.26958e-50
5.34384e-49
-2.61394e-51
2.85622e-50
-1.40933e-52
1.5408e-51
-7.91228e-54
7.53981e-53
-7.79198e-54
3.75144e-54
-1.53986e-52
2.11953e-54
-3.17388e-51
4.33663e-53
-5.97446e-50
8.96923e-52
-1.13289e-48
1.84943e-50
-1.89718e-47
3.4793e-49
-3.27806e-46
6.62897e-48
-4.73175e-45
1.11419e-46
-7.35049e-44
1.94897e-45
-8.62583e-43
2.84637e-44
-1.177e-41
4.53659e-43
-9.78375e-41
5.4697e-42
-1.10327e-39
7.80311e-41
-3.68886e-39
6.67525e-40
7.58903e-39
-7.95602e-39
1.35787e-37
8.6204e-39
8.25131e-39
8.06373e-40
-1.13353e-38
2.27561e-40
-2.87873e-39
-1.10331e-40
2.43805e-38
-1.56968e-40
4.83059e-39
7.18116e-41
-1.56885e-38
1.1875e-40
-6.30175e-40
6.49188e-42
8.42104e-39
-2.61244e-41
4.86122e-39
7.53324e-42
4.04089e-40
1.79458e-41
-9.16379e-40
2.27449e-42
-5.10927e-40
1.77163e-41
-4.52144e-39
2.0562e-41
-4.56159e-39
4.26897e-42
-8.12809e-40
2.35626e-41
-4.12974e-39
2.15108e-41
-4.43093e-42
-1.80995e-41
4.07103e-39
-2.00144e-41
3.77186e-40
-2.0512e-42
5.38856e-41
-2.95478e-43
4.0373e-42
-2.35359e-44
3.67325e-43
-2.16818e-45
2.40566e-44
-1.47102e-46
1.72601e-45
-1.06229e-47
1.0131e-46
-6.36092e-49
6.18174e-48
-3.88968e-50
3.29748e-49
-2.09691e-51
1.77716e-50
-1.12941e-52
8.70079e-52
-6.0769e-54
4.2368e-53
-1.10907e-53
2.19383e-54
-2.2112e-52
6.21775e-54
-4.13941e-51
1.26832e-52
-7.75258e-50
2.61302e-51
-1.28849e-48
4.89574e-50
-2.18673e-47
9.28454e-49
-3.12125e-46
1.54385e-47
-4.71758e-45
2.67159e-46
-5.43079e-44
3.8116e-45
-7.07639e-43
5.94641e-44
-5.62077e-42
6.8199e-43
-5.76162e-41
9.37169e-42
-1.42888e-40
7.22409e-41
7.97907e-40
-2.06652e-39
5.36834e-39
-6.45472e-40
-1.92374e-38
-6.31877e-41
-2.25392e-37
5.7642e-41
-5.48e-38
-1.06579e-39
4.42562e-37
-1.0959e-39
8.67503e-38
9.03686e-40
-2.85648e-37
1.69277e-39
-1.0759e-38
8.3748e-40
1.52582e-37
1.00789e-39
8.73438e-38
1.73975e-39
7.30667e-39
1.8876e-39
-9.57054e-39
1.50754e-39
-8.09119e-39
1.12625e-39
-8.13965e-38
4.6902e-40
-8.2128e-38
1.48175e-41
-1.37246e-38
-2.52257e-40
-7.48544e-38
-2.9077e-40
-6.89697e-41
-4.23384e-40
7.38998e-38
-3.94169e-40
6.38735e-39
-3.85046e-41
8.79566e-40
-5.42402e-42
6.29595e-41
-4.19595e-43
5.62146e-42
-3.82087e-44
3.57846e-43
-2.54402e-45
2.53975e-44
-1.82428e-46
1.4635e-45
-1.07887e-47
8.86724e-47
-6.56758e-49
4.67135e-48
-3.51129e-50
2.50533e-49
-1.88536e-51
1.21602e-50
-9.22614e-53
5.89915e-52
-5.42938e-54
2.65716e-53
-1.9871e-53
1.62217e-54
-3.67992e-52
9.12604e-54
-6.88113e-51
1.8544e-52
-1.13829e-49
3.45697e-51
-1.92151e-48
6.47736e-50
-2.71123e-47
1.06931e-48
-4.05222e-46
1.81782e-47
-4.5515e-45
2.56503e-46
-5.80882e-44
3.89398e-45
-4.36469e-43
4.38336e-44
-4.29667e-42
5.76575e-43
-8.06279e-42
4.29624e-42
4.44003e-41
-1.63952e-38
-1.92435e-38
-3.11167e-38
-1.85056e-37
-1.26325e-37
-2.14899e-36
-1.50529e-37
-5.24851e-37
5.6113e-38
4.21507e-36
9.94794e-38
8.23867e-37
-1.7921e-38
-2.72521e-36
-1.41732e-38
-1.02841e-37
5.15253e-38
1.45367e-36
9.73584e-38
8.28355e-37
1.1069e-37
6.17614e-38
1.13216e-37
-1.65922e-37
1.04687e-37
-7.9719e-38
5.89344e-38
-7.73208e-37
9.70212e-39
-7.78833e-37
-3.24703e-39
-1.27486e-37
-4.37764e-38
-7.11621e-37
-4.42759e-38
-5.52828e-40
-9.11269e-39
7.03682e-37
-5.29874e-39
5.97906e-38
-4.99303e-40
7.33938e-39
-6.61564e-41
5.06984e-40
-5.01646e-42
4.29331e-41
-4.45081e-43
2.67602e-42
-2.93081e-44
1.85356e-43
-2.07654e-45
1.05668e-44
-1.22149e-46
6.33148e-46
-7.3995e-48
3.32e-47
-3.94975e-49
1.77301e-48
-2.11917e-50
8.59842e-50
-1.03754e-51
4.17021e-51
-5.04188e-53
1.88017e-52
-3.45556e-54
8.42588e-54
-2.20165e-53
1.14603e-54
-4.06193e-52
1.62545e-53
-6.67861e-51
3.03413e-52
-1.11205e-49
5.69485e-51
-1.55259e-48
9.4154e-50
-2.26955e-47
1.60343e-48
-2.49396e-46
2.26999e-47
-3.05465e-45
3.46673e-46
-2.13596e-44
3.97736e-45
-1.85415e-43
5.39297e-44
1.13464e-43
4.59288e-43
5.68388e-42
-3.1441e-37
-2.72212e-37
-8.84552e-37
-2.58848e-36
-6.30492e-36
-3.48736e-35
-7.6552e-36
-8.94195e-36
3.31801e-36
6.85708e-35
5.50538e-36
1.31248e-35
-1.32166e-36
-4.45387e-35
-1.43741e-36
-1.44792e-36
2.24976e-36
2.35422e-35
4.49796e-36
1.32001e-35
4.85008e-36
9.51186e-37
4.87753e-36
-1.10685e-36
4.61764e-36
-1.01835e-36
2.48752e-36
-1.23985e-35
2.79489e-37
-1.24873e-35
-1.57243e-37
-1.77929e-36
-2.1038e-36
-1.15513e-35
-2.11254e-36
-6.97503e-39
-2.69368e-37
1.14444e-35
-1.02268e-37
8.36416e-37
-8.73758e-39
-1.10393e-39
-7.97949e-41
-6.94653e-42
-4.44601e-43
-3.11593e-44
-1.79921e-45
-1.08195e-46
-5.70205e-48
-3.04313e-49
-1.47647e-50
-7.13821e-52
-3.21659e-53
-2.47806e-54
-1.73796e-53
-2.23559e-52
-2.46143e-51
8.44556e-53
6.29474e-49
2.4052e-47
5.69877e-46
1.16931e-44
2.15646e-43
3.38873e-42
-3.28952e-36
-1.92398e-35
-2.24518e-34
-2.77146e-34
1.28261e-34
2.06193e-34
-5.56142e-35
-6.34425e-35
7.52566e-35
1.53804e-34
1.60842e-34
1.6124e-34
1.55197e-34
8.11034e-35
6.22847e-36
-4.96775e-36
-7.37772e-35
-7.38588e-35
-6.13531e-36
)
;

boundaryField
{
    leftWall
    {
        type            calculated;
        value           uniform 0;
    }
    rightWall
    {
        type            calculated;
        value           nonuniform 0();
    }
    lowerWall
    {
        type            calculated;
        value           uniform 0;
    }
    atmosphere
    {
        type            calculated;
        value           nonuniform 0();
    }
    defaultFaces
    {
        type            empty;
        value           nonuniform 0();
    }
    procBoundary0to1
    {
        type            processor;
        value           nonuniform List<scalar> 
44
(
-3.69041e-47
-6.85609e-46
-9.52252e-45
-1.21155e-43
-1.54137e-42
-1.72382e-41
-2.00597e-40
-1.87247e-39
-1.99099e-38
-1.31554e-37
-2.26344e-36
6.427e-37
5.36198e-36
1.03658e-37
-2.53239e-36
1.29391e-37
4.35548e-36
8.25476e-36
2.617e-37
-8.24032e-36
-7.16835e-35
4.62985e-36
2.95664e-37
2.97376e-38
1.66904e-39
1.43604e-40
4.08349e-40
5.34155e-39
9.68923e-38
9.21222e-37
1.4979e-35
1.41497e-35
-1.41497e-35
-1.4979e-35
-9.21748e-37
-1.20486e-37
-8.00016e-37
-1.70129e-36
-7.94695e-37
-2.35954e-38
-5.26037e-40
-6.25355e-42
7.62567e-42
5.39028e-41
)
;
    }
    procBoundary0to2
    {
        type            processor;
        value           nonuniform List<scalar> 
46
(
9.9396e-38
6.40759e-39
5.3304e-40
3.19161e-41
2.18436e-42
1.21328e-43
7.20543e-45
3.7109e-46
1.96798e-47
9.42038e-49
4.54298e-50
2.02832e-51
9.00598e-53
3.81738e-54
1.27155e-54
2.16121e-53
4.20754e-52
7.43393e-51
1.35552e-49
2.19003e-48
3.80043e-47
5.70954e-46
9.68828e-45
1.39501e-43
2.35549e-42
-2.53991e-37
-2.42203e-36
-3.29384e-35
-8.46917e-36
6.47756e-35
1.23832e-35
-4.20846e-35
-1.35527e-36
2.22323e-35
1.2417e-35
-1.47539e-37
-1.62585e-36
-1.99015e-36
-1.174e-35
-1.17874e-35
-1.66479e-36
-1.09107e-35
-6.48704e-39
1.08108e-35
-1.07702e-36
7.82663e-37
)
;
    }
}


// ************************************************************************* //
