/*--------------------------------*- C++ -*----------------------------------*\
| =========                 |                                                 |
| \\      /  F ield         | OpenFOAM: The Open Source CFD Toolbox           |
|  \\    /   O peration     | Version:  2.4.0                                 |
|   \\  /    A nd           | Web:      www.OpenFOAM.org                      |
|    \\/     M anipulation  |                                                 |
\*---------------------------------------------------------------------------*/
FoamFile
{
    version     2.0;
    format      ascii;
    class       volVectorField;
    location    "0.3";
    object      U;
}
// * * * * * * * * * * * * * * * * * * * * * * * * * * * * * * * * * * * * * //

dimensions      [0 1 -1 0 0 0 0];

internalField   nonuniform List<vector> 
1935
(
(1.56319e-36 3.89834e-37 0)
(2.39424e-35 3.58973e-36 0)
(1.43013e-34 5.00014e-35 0)
(2.59715e-33 4.3563e-35 0)
(2.47672e-33 -9.75884e-35 0)
(-2.47653e-33 -9.75624e-35 0)
(-2.59546e-33 4.39966e-35 0)
(-1.17524e-34 5.40017e-35 0)
(1.43184e-34 5.72108e-35 0)
(2.74033e-33 9.44076e-35 0)
(5.09934e-33 -4.99752e-35 0)
(1.68652e-34 -1.41151e-34 0)
(-2.30804e-33 4.3563e-35 0)
(2.50235e-33 9.35642e-35 0)
(2.59885e-33 -4.39987e-35 0)
(1.43184e-34 -5.00297e-35 0)
(2.39593e-35 -3.59283e-36 0)
(1.53082e-36 -4.07645e-37 0)
(1.59784e-37 -2.61063e-38 0)
(1.00443e-38 -2.13119e-39 0)
(8.06505e-40 -1.27014e-40 0)
(4.7718e-41 -8.59927e-42 0)
(3.205e-42 -4.75607e-43 0)
(1.86703e-43 -2.66109e-44 0)
(1.87177e-43 2.66867e-44 0)
(3.21481e-42 4.76971e-43 0)
(4.7884e-41 8.62588e-42 0)
(8.09532e-40 1.27461e-40 0)
(1.00888e-38 2.13931e-39 0)
(1.60543e-37 2.62246e-38 0)
(1.54005e-36 4.09648e-37 0)
(2.4109e-35 3.61679e-36 0)
(1.44553e-34 5.0411e-35 0)
(2.62126e-33 4.71796e-35 0)
(2.62126e-33 -4.71796e-35 0)
(1.44553e-34 -5.0411e-35 0)
(2.4109e-35 -3.61679e-36 0)
(1.54005e-36 -4.09648e-37 0)
(1.60543e-37 -2.62246e-38 0)
(1.00888e-38 -2.13931e-39 0)
(8.0953e-40 -1.27465e-40 0)
(4.78621e-41 -8.66387e-42 0)
(3.0803e-42 -9.34058e-43 0)
(-1.0885e-42 -2.82227e-42 0)
(2.14417e-37 -1.82068e-37 0)
(2.94722e-36 -1.83102e-36 0)
(1.87789e-35 -2.55367e-35 0)
(2.38303e-34 -2.22438e-35 0)
(2.2228e-34 4.98282e-35 0)
(-2.22255e-34 4.98154e-35 0)
(-2.38067e-34 -2.24599e-35 0)
(-1.56145e-35 -2.75726e-35 0)
(1.88026e-35 -2.92141e-35 0)
(2.57106e-34 -4.82007e-35 0)
(4.63747e-34 2.55238e-35 0)
(2.19639e-35 7.2072e-35 0)
(-2.00314e-34 -2.22438e-35 0)
(2.25465e-34 -4.77804e-35 0)
(2.38541e-34 2.24609e-35 0)
(1.88026e-35 2.55506e-35 0)
(2.94989e-36 1.83283e-36 0)
(2.14667e-37 2.03221e-37 0)
(2.20003e-38 1.28722e-38 0)
(1.47731e-39 1.03455e-39 0)
(1.18264e-40 6.10538e-41 0)
(7.28377e-42 4.09235e-42 0)
(4.90576e-43 2.24626e-43 0)
(2.93824e-44 1.24861e-44 0)
(2.94589e-44 -1.25213e-44 0)
(4.92126e-43 -2.25262e-43 0)
(7.30986e-42 -4.10483e-42 0)
(1.18726e-40 -6.12652e-41 0)
(1.4841e-39 -1.03842e-39 0)
(2.21112e-38 -1.29291e-38 0)
(2.16025e-37 -2.04194e-37 0)
(2.9704e-36 -1.84466e-36 0)
(1.8995e-35 -2.57408e-35 0)
(2.41274e-34 -2.40884e-35 0)
(2.41274e-34 2.40884e-35 0)
(1.8995e-35 2.57408e-35 0)
(2.9704e-36 1.84466e-36 0)
(2.16025e-37 2.04194e-37 0)
(2.21112e-38 1.29291e-38 0)
(1.4841e-39 1.03841e-39 0)
(1.18698e-40 6.12168e-41 0)
(6.96938e-42 3.6042e-42 0)
(-1.60215e-42 -5.88232e-42 0)
(-1.99378e-41 -3.79927e-41 0)
(3.7016e-38 -2.47806e-38 0)
(4.26708e-37 -2.51652e-37 0)
(1.57905e-36 -2.93583e-36 0)
(1.48117e-35 -2.48287e-36 0)
(1.36286e-35 5.70023e-36 0)
(-1.36238e-35 5.69834e-36 0)
(-1.47725e-35 -2.51267e-36 0)
(-1.11698e-36 -3.21563e-36 0)
(1.58354e-36 -3.44138e-36 0)
(1.63953e-35 -5.47655e-36 0)
(2.89021e-35 2.93393e-36 0)
(2.04498e-36 8.1831e-36 0)
(-1.1583e-35 -2.48287e-36 0)
(1.40945e-35 -5.41869e-36 0)
(1.48512e-35 2.51282e-36 0)
(1.58354e-36 2.93789e-36 0)
(4.2705e-37 2.51905e-37 0)
(3.50358e-38 2.79085e-38 0)
(4.17627e-39 1.90163e-39 0)
(2.96199e-40 1.52731e-40 0)
(2.52142e-41 9.40088e-42 0)
(1.59665e-42 6.32284e-43 0)
(1.10698e-43 3.57148e-44 0)
(6.73131e-45 1.99434e-45 0)
(6.74917e-45 -2.00012e-45 0)
(1.11058e-43 -3.58187e-44 0)
(1.60262e-42 -6.34278e-43 0)
(2.53185e-41 -9.43449e-42 0)
(2.97684e-40 -1.53327e-40 0)
(4.19988e-39 -1.9104e-39 0)
(3.53065e-38 -2.80518e-38 0)
(4.30927e-37 -2.53652e-37 0)
(1.61435e-36 -2.96388e-36 0)
(1.52426e-35 -2.73651e-36 0)
(1.52426e-35 2.73651e-36 0)
(1.61435e-36 2.96388e-36 0)
(4.30927e-37 2.53652e-37 0)
(3.53065e-38 2.80518e-38 0)
(4.19988e-39 1.91039e-39 0)
(2.97648e-40 1.53286e-40 0)
(2.49404e-41 8.84216e-42 0)
(-3.0042e-42 -5.51425e-42 0)
(-2.84058e-41 -7.57231e-41 0)
(-2.76444e-40 -4.76426e-40 0)
(3.82257e-39 -4.82597e-39 0)
(3.89938e-38 -4.34972e-38 0)
(9.85387e-38 -4.85019e-37 0)
(6.9766e-37 -4.07736e-37 0)
(6.35011e-37 9.42068e-37 0)
(-6.34491e-37 9.41684e-37 0)
(-6.93653e-37 -4.13535e-37 0)
(-5.5962e-38 -5.33983e-37 0)
(9.90232e-38 -5.72477e-37 0)
(7.9668e-37 -9.03997e-37 0)
(1.37521e-36 4.84629e-37 0)
(1.41528e-37 1.3498e-36 0)
(-4.93417e-37 -4.07736e-37 0)
(6.77999e-37 -8.9275e-37 0)
(7.01694e-37 4.13568e-37 0)
(9.90232e-38 4.85438e-37 0)
(3.90238e-38 4.35547e-38 0)
(3.55402e-39 5.41496e-39 0)
(4.49983e-40 3.86773e-40 0)
(3.36003e-41 3.29697e-41 0)
(2.9289e-42 2.08681e-42 0)
(1.91173e-43 1.44548e-43 0)
(1.34288e-44 8.28685e-45 0)
(8.33144e-46 4.69207e-46 0)
(8.35401e-46 -4.70586e-46 0)
(1.34736e-44 -8.31145e-45 0)
(1.91911e-43 -1.45017e-43 0)
(2.94154e-42 -2.0946e-42 0)
(3.37779e-41 -3.31059e-41 0)
(4.52719e-40 -3.88714e-40 0)
(3.58467e-39 -5.44583e-39 0)
(3.94398e-38 -4.39082e-38 0)
(1.02121e-37 -4.90462e-37 0)
(7.37096e-37 -4.51642e-37 0)
(7.37096e-37 4.51642e-37 0)
(1.02121e-37 4.90462e-37 0)
(3.94398e-38 4.39082e-38 0)
(3.58467e-39 5.44582e-39 0)
(4.52688e-40 3.88679e-40 0)
(3.33296e-41 3.26239e-41 0)
(-1.70491e-42 -4.95979e-42 0)
(-5.6984e-41 -7.36392e-41 0)
(-3.57664e-40 -9.25222e-40 0)
(-3.51027e-39 -5.90148e-39 0)
(3.8962e-40 -8.72231e-40 0)
(4.05508e-39 -4.58799e-39 0)
(6.06691e-39 -4.70057e-38 0)
(2.18897e-38 -3.89673e-38 0)
(1.95222e-38 9.1085e-38 0)
(-1.94604e-38 9.10418e-38 0)
(-2.14433e-38 -3.95946e-38 0)
(-1.63399e-39 -5.2083e-38 0)
(6.12043e-39 -5.60669e-38 0)
(2.80072e-38 -8.71499e-38 0)
(4.58332e-38 4.69199e-38 0)
(1.05409e-38 1.30049e-37 0)
(-8.97294e-39 -3.8963e-38 0)
(2.39995e-38 -8.59267e-38 0)
(2.23343e-38 3.95984e-38 0)
(6.12043e-39 4.70121e-38 0)
(4.03893e-39 4.53148e-39 0)
(3.9043e-40 5.8779e-40 0)
(5.30296e-41 4.40609e-41 0)
(4.07682e-42 3.84159e-42 0)
(3.65639e-43 2.50616e-43 0)
(2.42581e-44 1.7588e-44 0)
(1.72742e-45 1.0284e-45 0)
(1.0819e-46 5.8684e-47 0)
(1.08487e-46 -5.88601e-47 0)
(1.73328e-45 -1.03152e-45 0)
(2.43538e-44 -1.76466e-44 0)
(3.67263e-43 -2.51582e-43 0)
(4.09934e-42 -3.85815e-42 0)
(5.33708e-41 -4.42938e-41 0)
(3.94138e-40 -5.91379e-40 0)
(4.08784e-39 -4.57167e-39 0)
(6.4571e-39 -4.75553e-38 0)
(2.59746e-38 -4.35344e-38 0)
(2.59746e-38 4.35344e-38 0)
(6.4571e-39 4.75553e-38 0)
(4.08784e-39 4.57167e-39 0)
(3.94111e-40 5.91357e-40 0)
(5.30055e-41 4.39271e-41 0)
(-1.24454e-42 -1.13945e-42 0)
(-5.54353e-41 -7.35754e-41 0)
(-6.98783e-40 -7.8054e-40 0)
(-4.43395e-39 -9.92865e-39 0)
(-4.45573e-38 -6.4786e-38 0)
(-5.20107e-40 -4.1041e-39 0)
(5.85872e-40 -1.28003e-39 0)
(4.10962e-40 -5.66632e-39 0)
(2.17063e-40 -4.30295e-39 0)
(1.36887e-40 9.96979e-39 0)
(-1.27454e-40 9.97135e-39 0)
(-1.45721e-40 -4.32539e-39 0)
(1.33473e-41 -5.72223e-39 0)
(3.70222e-40 -6.16668e-39 0)
(5.55912e-40 -9.5387e-39 0)
(6.97139e-40 5.13779e-39 0)
(7.47615e-40 1.42275e-38 0)
(6.14733e-40 -4.25024e-39 0)
(5.16371e-40 -9.39337e-39 0)
(2.26013e-40 4.32582e-39 0)
(3.70222e-40 5.14904e-39 0)
(3.43243e-40 5.09334e-40 0)
(3.50071e-41 6.97634e-41 0)
(4.92744e-42 5.36827e-42 0)
(3.90521e-43 4.81123e-43 0)
(3.55935e-44 3.18996e-44 0)
(2.40688e-45 2.2695e-45 0)
(1.72942e-46 1.33922e-46 0)
(1.09691e-47 7.68988e-48 0)
(1.09995e-47 -7.71312e-48 0)
(1.73538e-46 -1.34333e-46 0)
(2.41658e-45 -2.27719e-45 0)
(3.5756e-44 -3.20254e-44 0)
(3.92754e-43 -4.83258e-43 0)
(4.9606e-42 -5.39789e-42 0)
(3.53617e-41 -7.02124e-41 0)
(3.47775e-40 -5.14217e-40 0)
(4.0023e-40 -5.21337e-39 0)
(5.33466e-40 -4.76442e-39 0)
(5.33466e-40 4.76442e-39 0)
(4.00229e-40 5.21337e-39 0)
(3.47758e-40 5.14203e-40 0)
(3.50831e-41 6.99919e-41 0)
(1.16731e-42 1.67984e-42 0)
(-5.56002e-41 -5.06177e-41 0)
(-5.90943e-40 -7.68794e-40 0)
(-7.50592e-39 -8.25065e-39 0)
(-4.87043e-38 -1.07955e-37 0)
(-4.96831e-37 -7.25069e-37 0)
(-6.24579e-39 -4.67e-38 0)
(2.9059e-39 -8.54842e-39 0)
(5.94339e-40 -6.17047e-39 0)
(3.39807e-40 -9.34993e-40 0)
(-1.18798e-41 7.89496e-40 0)
(5.77613e-41 8.61821e-40 0)
(5.76542e-41 -3.75018e-40 0)
(7.98853e-42 -5.00704e-40 0)
(2.63894e-41 -5.40773e-40 0)
(-2.71459e-41 -8.29023e-40 0)
(-7.13029e-41 4.47512e-40 0)
(6.01356e-41 1.236e-39 0)
(1.11767e-40 -3.67435e-40 0)
(-1.7306e-41 -8.15459e-40 0)
(-4.98263e-41 3.74497e-40 0)
(2.63866e-41 4.48592e-40 0)
(3.06269e-41 4.61392e-41 0)
(3.20436e-42 6.50295e-42 0)
(4.64856e-43 5.15229e-43 0)
(3.74627e-44 4.69063e-44 0)
(3.46257e-45 3.16972e-45 0)
(2.36581e-46 2.27545e-46 0)
(1.71153e-47 1.35941e-47 0)
(1.09221e-48 7.84433e-49 0)
(1.09525e-48 -7.86831e-49 0)
(1.71749e-47 -1.36364e-47 0)
(2.37547e-46 -2.28329e-46 0)
(3.47864e-45 -3.18248e-45 0)
(3.7682e-44 -4.71201e-44 0)
(4.6808e-43 -5.18169e-43 0)
(3.23832e-42 -6.54666e-42 0)
(3.10539e-41 -4.66071e-41 0)
(2.91191e-41 -4.54573e-40 0)
(-2.24788e-41 -4.14039e-40 0)
(-2.24793e-41 4.14039e-40 0)
(2.91088e-41 4.54568e-40 0)
(3.08861e-41 4.64981e-41 0)
(4.10084e-43 4.76774e-42 0)
(-3.83713e-41 -2.97174e-41 0)
(-5.83782e-40 -4.19738e-40 0)
(-6.25251e-39 -6.40358e-39 0)
(-8.16468e-38 -7.02681e-38 0)
(-5.44597e-37 -9.41044e-37 0)
(-5.76369e-36 -6.65017e-36 0)
(-6.73446e-38 -4.55784e-37 0)
(3.77002e-38 -9.19992e-38 0)
(6.71069e-39 -6.57058e-38 0)
(4.31791e-39 -6.34966e-39 0)
(4.22052e-40 -7.83648e-40 0)
(6.56019e-41 1.22982e-41 0)
(1.11601e-41 -3.97477e-41 0)
(1.26719e-42 -4.57788e-41 0)
(1.90949e-42 -4.909e-41 0)
(-4.26569e-42 -7.49329e-41 0)
(-9.27092e-42 4.04711e-41 0)
(4.54922e-42 1.11683e-40 0)
(1.03504e-41 -3.31274e-41 0)
(-3.08457e-42 -7.36478e-41 0)
(-5.84693e-42 3.3796e-41 0)
(1.88039e-42 4.05751e-41 0)
(2.41596e-42 4.24828e-42 0)
(2.59779e-43 6.14871e-43 0)
(3.83419e-44 4.95055e-44 0)
(3.14739e-45 4.56948e-45 0)
(2.93525e-46 3.11994e-46 0)
(2.0297e-47 2.25503e-47 0)
(1.47561e-48 1.35526e-48 0)
(9.48935e-50 7.84176e-50 0)
(9.51599e-50 -7.86582e-50 0)
(1.48079e-48 -1.3595e-48 0)
(2.03809e-47 -2.26287e-47 0)
(2.94911e-46 -3.13266e-46 0)
(3.1662e-45 -4.59067e-45 0)
(3.8615e-44 -4.97947e-44 0)
(2.6263e-43 -6.19125e-43 0)
(2.45112e-42 -4.29318e-42 0)
(2.10123e-42 -4.11398e-41 0)
(-3.6973e-42 -3.74204e-41 0)
(-3.70151e-42 3.74177e-41 0)
(2.01803e-42 4.10928e-41 0)
(1.09335e-42 3.4033e-42 0)
(-2.2802e-41 -1.40413e-41 0)
(-3.19887e-40 -2.54e-40 0)
(-4.87401e-39 -3.57903e-39 0)
(-5.33137e-38 -5.62823e-38 0)
(-7.11249e-37 -6.34989e-37 0)
(-4.96519e-36 -8.94799e-36 0)
(-5.35638e-35 -6.71982e-35 0)
(-5.31744e-37 -4.78374e-36 0)
(4.84232e-37 -8.54774e-37 0)
(8.34132e-38 -5.90051e-37 0)
(4.99905e-38 -5.54946e-38 0)
(4.76253e-39 -7.24269e-39 0)
(6.51398e-40 -5.38634e-40 0)
(5.06022e-41 -5.06346e-41 0)
(4.58508e-42 -6.75347e-42 0)
(4.42172e-43 -4.13081e-42 0)
(-3.78754e-43 -5.9482e-42 0)
(-8.38229e-43 3.2095e-42 0)
(3.53497e-43 8.84359e-42 0)
(8.62354e-43 -2.61468e-42 0)
(-2.93914e-43 -5.8291e-42 0)
(-5.18275e-43 2.66998e-42 0)
(1.42293e-43 3.21902e-42 0)
(1.90873e-43 3.45351e-43 0)
(2.08227e-44 5.07791e-44 0)
(3.11544e-45 4.16333e-45 0)
(2.5851e-46 3.87711e-46 0)
(2.42707e-47 2.6791e-47 0)
(1.68975e-48 1.94593e-48 0)
(1.23206e-49 1.17838e-49 0)
(7.9529e-51 6.8337e-51 0)
(7.97527e-51 -6.85478e-51 0)
(1.2364e-49 -1.18209e-49 0)
(1.69678e-48 -1.95276e-48 0)
(2.43863e-47 -2.69016e-47 0)
(2.60075e-46 -3.89539e-46 0)
(3.138e-45 -4.18816e-45 0)
(2.10565e-44 -5.11398e-44 0)
(1.93722e-43 -3.49124e-43 0)
(1.59858e-43 -3.26561e-42 0)
(-3.5068e-43 -2.96439e-42 0)
(-3.84757e-43 2.95109e-42 0)
(-5.21938e-43 3.02885e-42 0)
(-1.1036e-41 -4.15845e-42 0)
(-1.94452e-40 -7.48376e-41 0)
(-2.73667e-39 -1.31207e-39 0)
(-4.29399e-38 -1.88516e-38 0)
(-4.8155e-37 -3.0362e-37 0)
(-6.72903e-36 -3.61196e-36 0)
(-4.92624e-35 -5.36793e-35 0)
(-5.67908e-34 -4.63571e-34 0)
(-2.68754e-36 -3.71967e-35 0)
(7.803e-36 -8.26053e-36 0)
(1.02737e-36 -6.29858e-36 0)
(4.55761e-37 -5.59357e-37 0)
(4.16843e-38 -7.05322e-38 0)
(5.43325e-39 -5.07807e-39 0)
(4.08891e-40 -4.37731e-40 0)
(3.61614e-41 -2.81547e-41 0)
(2.38451e-42 -2.25067e-42 0)
(1.3767e-43 -5.80083e-43 0)
(-5.32023e-44 2.46797e-43 0)
(2.59681e-44 6.97368e-43 0)
(6.33104e-44 -2.05937e-43 0)
(-2.23369e-44 -4.59749e-43 0)
(-3.87288e-44 2.10402e-43 0)
(1.00888e-44 2.54207e-43 0)
(1.37928e-44 2.76366e-44 0)
(1.53092e-45 4.11376e-45 0)
(2.30967e-46 3.40842e-46 0)
(1.9398e-47 3.19366e-47 0)
(1.82924e-48 2.22141e-48 0)
(1.28347e-49 1.6176e-49 0)
(9.37735e-51 9.83003e-51 0)
(6.08108e-52 5.70212e-52 0)
(6.09819e-52 -5.71973e-52 0)
(9.41047e-51 -9.86107e-51 0)
(1.28881e-49 -1.62331e-49 0)
(1.83796e-48 -2.23066e-48 0)
(1.95149e-47 -3.20891e-47 0)
(2.3262e-46 -3.42915e-46 0)
(1.54742e-45 -4.1438e-45 0)
(1.39808e-44 -2.7953e-44 0)
(1.09065e-44 -2.58149e-43 0)
(-3.63595e-44 -2.37466e-43 0)
(-2.10433e-43 1.58427e-43 0)
(-3.4905e-42 -1.16393e-42 0)
(-5.81768e-41 -2.76436e-41 0)
(-1.01883e-39 -4.65876e-40 0)
(-1.46123e-38 -8.42834e-39 0)
(-2.33906e-37 -1.23763e-37 0)
(-2.73152e-36 -2.1074e-36 0)
(-3.94689e-35 -2.65007e-35 0)
(-3.15381e-34 -4.3992e-34 0)
(-3.73942e-33 -4.37148e-33 0)
(5.20729e-35 -4.39031e-34 0)
(1.44013e-34 -6.77007e-35 0)
(1.66539e-35 -4.57988e-35 0)
(5.91668e-36 -3.91929e-36 0)
(4.99622e-37 -4.4878e-37 0)
(6.25758e-38 -3.1154e-38 0)
(4.50463e-39 -2.56196e-39 0)
(3.90895e-40 -1.59928e-40 0)
(2.4968e-41 -1.09171e-41 0)
(1.74527e-42 -6.45949e-43 0)
(9.74017e-44 -2.35422e-44 0)
(7.3749e-45 3.47311e-44 0)
(3.64486e-45 -1.08993e-44 0)
(-1.17153e-45 -2.41534e-44 0)
(-2.04821e-45 1.10408e-44 0)
(5.23478e-46 1.33725e-44 0)
(7.21074e-46 1.47746e-45 0)
(8.06499e-47 2.23855e-46 0)
(1.22207e-47 1.8812e-47 0)
(1.03159e-48 1.78264e-48 0)
(9.73733e-50 1.25307e-49 0)
(6.8481e-51 9.18969e-51 0)
(4.99774e-52 5.62548e-52 0)
(3.24083e-53 3.27646e-53 0)
(3.2469e-53 -3.28662e-53 0)
(5.00689e-52 -5.64331e-52 0)
(6.85463e-51 -9.22227e-51 0)
(9.72782e-50 -1.2583e-49 0)
(1.02425e-48 -1.79114e-48 0)
(1.19832e-47 -1.89252e-47 0)
(7.41896e-47 -2.25446e-46 0)
(5.66337e-46 -1.49301e-45 0)
(-2.85238e-45 -1.35455e-44 0)
(-7.35346e-44 -1.16426e-44 0)
(-1.36315e-42 2.52938e-44 0)
(-2.65252e-41 2.53388e-43 0)
(-4.47372e-40 4.35966e-42 0)
(-8.08946e-39 6.83002e-41 0)
(-1.18452e-37 9.42754e-40 0)
(-1.99041e-36 2.74638e-39 0)
(-2.40029e-35 -4.16403e-37 0)
(-3.75649e-34 -2.34279e-35 0)
(-3.17726e-33 -7.93145e-34 0)
(-4.40717e-32 -1.89105e-32 0)
(2.86322e-33 -3.09173e-33 0)
(4.41327e-33 -8.582e-34 0)
(3.59496e-34 -7.20628e-34 0)
(6.25376e-35 -5.39929e-35 0)
(4.69307e-36 -6.08421e-36 0)
(5.02664e-37 -3.97041e-37 0)
(3.44339e-38 -3.23084e-38 0)
(2.81782e-39 -1.94483e-39 0)
(1.75758e-40 -1.31463e-40 0)
(1.19775e-41 -7.31667e-42 0)
(6.82723e-43 -4.3043e-43 0)
(4.05843e-44 -2.0447e-44 0)
(2.26103e-45 -1.68834e-45 0)
(6.37962e-47 -1.21353e-45 0)
(-7.89741e-47 5.26092e-46 0)
(2.16757e-47 6.41401e-46 0)
(2.96555e-47 7.14132e-47 0)
(3.35498e-48 1.08111e-47 0)
(5.1285e-49 9.12094e-49 0)
(4.36882e-50 8.61841e-50 0)
(4.14499e-51 6.06319e-51 0)
(2.93324e-52 4.42869e-52 0)
(2.1463e-53 2.70726e-53 0)
(1.39736e-54 1.56963e-54 0)
(1.40954e-54 -1.57051e-54 0)
(2.17683e-53 -2.70529e-53 0)
(3.00467e-52 -4.41606e-52 0)
(4.31405e-51 -6.01529e-51 0)
(4.75539e-50 -8.4742e-50 0)
(6.01668e-49 -8.72709e-49 0)
(5.30054e-48 -9.82065e-48 0)
(7.22106e-47 -4.81255e-47 0)
(8.94705e-46 -1.1492e-46 0)
(1.78091e-44 1.05522e-44 0)
(3.36457e-43 2.31305e-43 0)
(6.38902e-42 4.3605e-42 0)
(1.07726e-40 8.32447e-41 0)
(1.88259e-39 1.37594e-39 0)
(2.76494e-38 2.23067e-38 0)
(4.4314e-37 2.08133e-37 0)
(5.38705e-36 -2.00903e-36 0)
(7.8664e-35 -2.66572e-34 0)
(6.78532e-34 -1.07141e-32 0)
(8.38026e-33 -3.10336e-31 0)
(8.60119e-32 -5.22443e-32 0)
(9.43952e-32 -2.82513e-33 0)
(5.61891e-33 -1.02526e-34 0)
(9.72276e-34 -2.81285e-36 0)
(6.49879e-35 -4.54825e-38 0)
(6.90345e-36 2.23506e-40 0)
(4.45844e-37 9.69584e-41 0)
(3.6183e-38 6.40645e-42 0)
(2.17829e-39 4.06459e-43 0)
(1.47337e-40 2.10013e-44 0)
(8.20399e-42 1.15674e-45 0)
(4.83689e-43 1.27622e-46 0)
(2.49324e-44 -1.90146e-47 0)
(1.31332e-45 -4.83881e-47 0)
(5.93153e-47 2.21421e-47 0)
(3.94348e-48 2.69163e-47 0)
(1.40987e-48 3.03222e-48 0)
(1.51034e-49 4.61903e-49 0)
(2.23969e-50 3.93061e-50 0)
(1.90211e-51 3.72669e-51 0)
(1.79411e-52 2.63632e-52 0)
(1.26879e-53 1.92831e-53 0)
(9.24586e-55 1.18236e-54 0)
(6.31599e-56 6.85278e-56 0)
(1.45505e-55 -6.90041e-56 0)
(3.2173e-54 -1.19317e-54 0)
(7.19539e-53 -1.95427e-53 0)
(1.67714e-51 -2.69697e-52 0)
(3.81458e-50 -3.87105e-51 0)
(8.8194e-49 -4.26126e-50 0)
(1.95008e-47 -5.38664e-49 0)
(4.30301e-46 -4.71919e-48 0)
(8.91093e-45 -6.43463e-47 0)
(1.83754e-43 -7.92272e-46 0)
(3.48033e-42 -1.60112e-44 0)
(6.64741e-41 -3.01606e-43 0)
(1.12914e-39 -5.79819e-42 0)
(1.98894e-38 -9.31903e-41 0)
(2.95153e-37 -1.41572e-39 0)
(4.78344e-36 -5.42278e-39 0)
(5.90925e-35 5.75164e-37 0)
(8.78333e-34 3.70362e-35 0)
(7.82733e-33 1.3733e-33 0)
(1.00301e-31 3.82025e-32 0)
(4.30876e-33 -5.16282e-32 0)
(3.68187e-33 -2.15297e-33 0)
(3.12254e-34 6.08236e-34 0)
(5.62315e-35 5.07917e-35 0)
(4.30636e-36 6.01937e-36 0)
(4.68932e-37 3.9636e-37 0)
(3.24622e-38 3.23486e-38 0)
(2.67944e-39 1.94823e-39 0)
(1.68164e-40 1.31689e-40 0)
(1.15199e-41 7.32738e-42 0)
(6.59436e-43 4.31711e-43 0)
(3.92764e-44 2.22383e-44 0)
(2.0646e-45 1.17191e-45 0)
(1.09788e-46 5.40053e-47 0)
(5.19327e-48 3.65106e-48 0)
(2.94278e-49 1.28417e-48 0)
(6.17689e-50 1.37174e-49 0)
(6.27287e-51 2.02612e-50 0)
(9.0174e-52 1.71864e-51 0)
(7.64962e-53 1.619e-52 0)
(7.18852e-54 1.14427e-53 0)
(5.09284e-55 8.33104e-55 0)
(3.70403e-56 5.09806e-56 0)
(2.43499e-57 2.80307e-57 0)
(3.12462e-57 -6.90769e-57 0)
(5.42257e-56 -1.60077e-55 0)
(9.21665e-55 -3.76724e-54 0)
(1.60915e-53 -8.73717e-53 0)
(2.74251e-52 -2.08585e-51 0)
(4.57913e-51 -4.83151e-50 0)
(8.10059e-50 -1.12874e-48 0)
(1.11195e-48 -2.5102e-47 0)
(1.93658e-47 -5.56691e-46 0)
(7.64121e-47 -1.1536e-44 0)
(9.70079e-46 -2.38914e-43 0)
(-1.31118e-43 -4.51321e-42 0)
(-2.08848e-42 -8.61495e-41 0)
(-9.64985e-41 -1.41987e-39 0)
(-1.27397e-39 -2.28103e-38 0)
(-4.06379e-38 -1.9893e-37 0)
(-4.29494e-37 2.8807e-36 0)
(-1.17818e-35 3.09367e-34 0)
(-8.27837e-35 1.2227e-32 0)
(-2.08872e-33 3.51162e-31 0)
(8.40946e-34 -2.44015e-33 0)
(-2.54405e-34 -1.46573e-34 0)
(-9.46013e-36 3.22189e-35 0)
(2.41486e-36 3.29809e-36 0)
(2.8309e-37 4.07236e-37 0)
(4.36547e-38 2.88697e-38 0)
(3.39341e-39 2.39918e-39 0)
(3.1287e-40 1.50696e-40 0)
(2.06749e-41 1.03175e-41 0)
(1.48825e-42 5.90248e-43 0)
(8.74912e-44 3.51329e-44 0)
(5.34316e-45 1.8458e-45 0)
(2.84859e-46 9.81521e-47 0)
(1.53527e-47 4.68458e-48 0)
(7.45376e-49 2.6825e-49 0)
(3.79907e-50 5.62268e-50 0)
(3.64023e-51 5.70088e-51 0)
(3.02829e-52 8.16526e-52 0)
(3.80143e-53 6.91842e-53 0)
(3.13209e-54 6.49238e-54 0)
(2.88176e-55 4.59663e-55 0)
(2.02871e-56 3.34012e-56 0)
(1.41913e-57 2.0454e-57 0)
(-1.19492e-57 1.20567e-58 0)
(-3.54999e-56 -3.53252e-59 0)
(-9.61229e-55 2.74955e-58 0)
(-2.49522e-53 3.11009e-56 0)
(-6.36299e-52 1.24014e-54 0)
(-1.54391e-50 3.80291e-53 0)
(-3.69844e-49 1.02364e-51 0)
(-8.33512e-48 2.60918e-50 0)
(-1.86967e-46 6.05119e-49 0)
(-3.8797e-45 1.40489e-47 0)
(-8.12097e-44 2.93015e-46 0)
(-1.53266e-42 6.33968e-45 0)
(-2.98397e-41 1.19731e-43 0)
(-5.03025e-40 2.46899e-42 0)
(-9.09036e-39 4.47303e-41 0)
(-1.33031e-37 1.05087e-39 0)
(-2.23382e-36 2.68716e-38 0)
(-2.69172e-35 9.45599e-37 0)
(-4.20928e-34 3.1922e-35 0)
(-3.55637e-33 9.74003e-34 0)
(-4.92993e-32 2.19491e-32 0)
(4.68593e-35 -3.99366e-34 0)
(-1.99062e-35 -2.32595e-35 0)
(-1.22098e-36 1.49752e-36 0)
(5.59021e-38 2.3319e-37 0)
(1.18409e-38 3.88103e-38 0)
(2.26426e-39 3.04751e-39 0)
(1.92093e-40 2.81498e-40 0)
(1.85766e-41 1.85982e-41 0)
(1.27996e-42 1.33776e-42 0)
(9.4184e-44 7.86017e-44 0)
(5.67832e-45 4.79763e-45 0)
(3.51362e-46 2.55671e-46 0)
(1.90486e-47 1.37762e-47 0)
(1.03589e-48 6.70384e-49 0)
(5.10584e-50 3.42795e-50 0)
(2.5646e-51 3.29971e-51 0)
(1.87999e-52 2.74713e-52 0)
(1.36611e-53 3.44145e-53 0)
(1.51464e-54 2.83287e-54 0)
(1.21042e-55 2.60313e-55 0)
(1.08914e-56 1.83153e-56 0)
(7.62523e-58 1.32077e-57 0)
(5.88152e-59 8.45629e-59 0)
(1.22925e-58 1.20907e-58 0)
(3.29583e-57 3.32155e-57 0)
(8.88136e-56 9.1687e-56 0)
(2.29911e-54 2.47903e-54 0)
(5.83071e-53 6.42976e-53 0)
(1.41015e-51 1.63791e-51 0)
(3.35254e-50 3.97183e-50 0)
(7.52155e-49 9.50393e-49 0)
(1.66899e-47 2.14071e-47 0)
(3.44076e-46 4.79528e-46 0)
(7.09012e-45 9.94472e-45 0)
(1.32534e-43 2.07787e-43 0)
(2.52167e-42 3.91896e-42 0)
(4.18976e-41 7.61188e-41 0)
(7.31372e-40 1.28261e-39 0)
(1.04581e-38 2.31243e-38 0)
(1.66283e-37 3.39441e-37 0)
(1.92438e-36 5.72461e-36 0)
(2.74642e-35 7.10446e-35 0)
(2.14807e-34 1.14661e-33 0)
(2.51043e-33 1.08485e-32 0)
(4.75042e-36 -2.18583e-35 0)
(-2.32113e-36 -1.46976e-36 0)
(-1.53564e-37 3.30829e-38 0)
(-6.37117e-39 1.01316e-38 0)
(1.99451e-40 2.03085e-39 0)
(1.18488e-40 1.73103e-40 0)
(1.18718e-41 1.67382e-41 0)
(1.28825e-42 1.1526e-42 0)
(9.36006e-44 8.47374e-44 0)
(7.19645e-45 5.1059e-45 0)
(4.45e-46 3.15765e-46 0)
(2.8124e-47 1.71121e-47 0)
(1.54505e-48 9.30311e-49 0)
(8.49245e-50 4.59062e-50 0)
(4.22312e-51 2.30974e-51 0)
(2.10227e-52 1.69995e-52 0)
(1.22244e-53 1.23727e-53 0)
(7.41968e-55 1.37064e-54 0)
(6.57359e-56 1.09463e-55 0)
(4.8666e-57 9.83848e-57 0)
(4.1506e-58 6.88273e-58 0)
(3.13675e-59 4.94332e-59 0)
(8.59995e-59 7.55904e-60 0)
(2.40148e-57 1.33499e-58 0)
(6.62331e-56 3.81449e-57 0)
(1.78936e-54 1.0527e-55 0)
(4.63828e-53 2.84642e-54 0)
(1.18072e-51 7.38312e-53 0)
(2.86178e-50 1.8814e-51 0)
(6.84255e-49 4.56343e-50 0)
(1.54048e-47 1.09252e-48 0)
(3.44748e-46 2.46176e-47 0)
(7.1454e-45 5.51827e-46 0)
(1.49114e-43 1.14494e-44 0)
(2.81024e-42 2.39455e-43 0)
(5.44892e-41 4.51983e-42 0)
(9.16939e-40 8.79779e-41 0)
(1.64759e-38 1.48905e-39 0)
(2.40551e-37 2.72122e-38 0)
(4.00592e-36 4.17596e-37 0)
(4.81069e-35 7.78976e-36 0)
(7.42753e-34 1.27508e-34 0)
(6.24012e-33 2.75354e-33 0)
(8.45887e-32 4.53775e-32 0)
(2.58783e-37 -2.16864e-36 0)
(-1.28707e-37 -1.45556e-37 0)
(-9.33205e-39 -5.99954e-39 0)
(-6.07991e-40 1.76696e-40 0)
(-9.86984e-42 1.07278e-40 0)
(4.5257e-42 1.07397e-41 0)
(5.40922e-43 1.16292e-42 0)
(6.3959e-44 8.44072e-44 0)
(4.87678e-45 6.48277e-45 0)
(3.85964e-46 4.00626e-46 0)
(2.44684e-47 2.5305e-47 0)
(1.56942e-48 1.38964e-48 0)
(8.75385e-50 7.63578e-50 0)
(4.85422e-51 3.79849e-51 0)
(2.43949e-52 1.89209e-52 0)
(1.21576e-53 1.1028e-53 0)
(6.50413e-55 6.70464e-55 0)
(3.60646e-56 5.943e-56 0)
(2.72601e-57 4.39904e-57 0)
(1.88037e-58 3.74797e-58 0)
(1.53328e-59 2.57206e-59 0)
(6.22202e-60 1.73249e-60 0)
(1.52215e-58 -2.33324e-60 0)
(4.35255e-57 -7.14013e-59 0)
(1.20106e-55 -2.04166e-57 0)
(3.24704e-54 -5.63139e-56 0)
(8.4211e-53 -1.52141e-54 0)
(2.14544e-51 -3.94388e-53 0)
(5.20293e-50 -1.00398e-51 0)
(1.24527e-48 -2.43353e-50 0)
(2.80524e-47 -5.8187e-49 0)
(6.28571e-46 -1.31006e-47 0)
(1.30371e-44 -2.93167e-46 0)
(2.72496e-43 -6.07493e-45 0)
(5.13961e-42 -1.26602e-43 0)
(9.98638e-41 -2.37196e-42 0)
(1.68203e-39 -4.49493e-41 0)
(3.03113e-38 -6.83674e-40 0)
(4.43031e-37 -8.01077e-39 0)
(7.40934e-36 1.29107e-37 0)
(8.91024e-35 1.28481e-35 0)
(1.38525e-33 6.35008e-34 0)
(1.16646e-32 2.24752e-32 0)
(1.60317e-31 6.06516e-31 0)
(1.9532e-38 -1.17531e-37 0)
(-9.69562e-39 -8.52299e-39 0)
(-7.0949e-40 -5.47403e-40 0)
(-6.76224e-41 -8.51109e-42 0)
(-2.80541e-42 4.12513e-42 0)
(7.41691e-44 4.90501e-43 0)
(2.10985e-44 5.77965e-44 0)
(3.16297e-45 4.40105e-45 0)
(2.6197e-46 3.47896e-46 0)
(2.19195e-47 2.20406e-47 0)
(1.43341e-48 1.41285e-48 0)
(9.40858e-50 7.87737e-50 0)
(5.32676e-51 4.36669e-51 0)
(2.98622e-52 2.19473e-52 0)
(1.51251e-53 1.09409e-53 0)
(7.55182e-55 5.86193e-55 0)
(3.79846e-56 3.25472e-56 0)
(1.94642e-57 2.46253e-57 0)
(1.23548e-58 1.69887e-58 0)
(7.69095e-60 1.36904e-59 0)
(5.71604e-61 9.10116e-61 0)
(1.98747e-61 -2.46256e-61 0)
(4.74542e-60 -9.35963e-60 0)
(1.35719e-58 -2.73837e-58 0)
(3.74578e-57 -7.83451e-57 0)
(1.01294e-55 -2.16206e-55 0)
(2.62755e-54 -5.84555e-54 0)
(6.69633e-53 -1.51617e-52 0)
(1.62429e-51 -3.8631e-51 0)
(3.88907e-50 -9.36949e-50 0)
(8.76312e-49 -2.24274e-48 0)
(1.96449e-47 -5.05293e-47 0)
(4.07562e-46 -1.13233e-45 0)
(8.52386e-45 -2.34858e-44 0)
(1.60818e-43 -4.90643e-43 0)
(3.12723e-42 -9.22927e-42 0)
(5.26908e-41 -1.77402e-40 0)
(9.50562e-40 -2.85136e-39 0)
(1.38989e-38 -4.33098e-38 0)
(2.32819e-37 -1.65675e-37 0)
(2.80115e-36 1.76132e-35 0)
(4.36606e-35 1.13378e-33 0)
(3.67927e-34 4.20399e-32 0)
(5.08253e-33 1.16944e-30 0)
(1.00734e-39 -8.80138e-39 0)
(-4.98074e-40 -6.41745e-40 0)
(-3.83257e-41 -6.06644e-41 0)
(-4.16506e-42 -2.49576e-42 0)
(-2.08845e-43 7.01466e-44 0)
(-3.32676e-45 1.92275e-44 0)
(6.02337e-46 2.86286e-45 0)
(1.26575e-46 2.36661e-46 0)
(1.14678e-47 1.97728e-47 0)
(1.00836e-48 1.29206e-48 0)
(6.80462e-50 8.47519e-50 0)
(4.55461e-51 4.79629e-51 0)
(2.62087e-52 2.68784e-52 0)
(1.48402e-53 1.3613e-53 0)
(7.58926e-55 6.79713e-55 0)
(3.80525e-56 3.42154e-56 0)
(1.86903e-57 1.75478e-57 0)
(9.22362e-59 1.115e-58 0)
(5.26792e-60 6.94442e-60 0)
(2.97425e-61 5.11135e-61 0)
(-1.51313e-61 2.99194e-62 0)
(-5.188e-60 -9.3786e-62 0)
(-1.51754e-58 -2.89819e-60 0)
(-4.34145e-57 -8.4733e-59 0)
(-1.19801e-55 -2.42302e-57 0)
(-3.23885e-54 -6.68414e-56 0)
(-8.39997e-53 -1.80612e-54 0)
(-2.1401e-51 -4.68253e-53 0)
(-5.19004e-50 -1.19223e-51 0)
(-1.24221e-48 -2.89021e-50 0)
(-2.79838e-47 -6.91208e-49 0)
(-6.2705e-46 -1.55643e-47 0)
(-1.30057e-44 -3.48387e-46 0)
(-2.71848e-43 -7.22036e-45 0)
(-5.12746e-42 -1.50539e-43 0)
(-9.96315e-41 -2.8227e-42 0)
(-1.67814e-39 -5.36503e-41 0)
(-3.02427e-38 -8.26121e-40 0)
(-4.42033e-37 -1.03363e-38 0)
(-7.39321e-36 1.09156e-37 0)
(-8.89092e-35 1.31291e-35 0)
(-1.38242e-33 6.66333e-34 0)
(-1.1641e-32 2.37097e-32 0)
(-1.60037e-31 6.42107e-31 0)
(6.25601e-41 -4.52545e-40 0)
(-3.07487e-41 -3.46593e-41 0)
(-2.38445e-42 -3.74238e-42 0)
(-2.98029e-43 -1.86791e-43 0)
(-1.69418e-44 -2.84314e-45 0)
(-7.57138e-46 5.53461e-46 0)
(-5.14031e-48 1.14749e-46 0)
(4.11721e-48 1.03701e-47 0)
(4.65515e-49 9.10291e-49 0)
(4.53904e-50 6.1378e-50 0)
(3.21549e-51 4.10542e-51 0)
(2.22225e-52 2.36138e-52 0)
(1.30433e-53 1.33658e-53 0)
(7.48658e-55 6.83431e-55 0)
(3.86466e-56 3.42652e-56 0)
(1.94746e-57 1.68374e-57 0)
(9.40748e-59 8.3121e-59 0)
(4.51288e-60 4.75229e-60 0)
(2.35337e-61 2.89017e-61 0)
(8.70645e-63 2.04364e-62 0)
(-1.00483e-61 6.1351e-63 0)
(-3.05448e-60 1.45812e-61 0)
(-8.92915e-59 4.40143e-60 0)
(-2.55312e-57 1.28738e-58 0)
(-7.04231e-56 3.68399e-57 0)
(-1.90268e-54 1.01682e-55 0)
(-4.93227e-53 2.74992e-54 0)
(-1.25564e-51 7.13386e-53 0)
(-3.04349e-50 1.81831e-51 0)
(-7.27743e-49 4.41114e-50 0)
(-1.63844e-47 1.05637e-48 0)
(-3.6669e-46 2.38072e-47 0)
(-7.60031e-45 5.3385e-46 0)
(-1.58614e-43 1.10787e-44 0)
(-2.98927e-42 2.31806e-43 0)
(-5.79624e-41 4.37654e-42 0)
(-9.75342e-40 8.5247e-41 0)
(-1.75258e-38 1.44376e-39 0)
(-2.55849e-37 2.64372e-38 0)
(-4.26076e-36 4.07545e-37 0)
(-5.11549e-35 7.6775e-36 0)
(-7.89873e-34 1.28251e-34 0)
(-6.63321e-33 2.81504e-33 0)
(-8.99635e-32 4.72863e-32 0)
(-1.02149e-35 6.38096e-31 0)
(2.53799e-42 -3.19978e-41 0)
(-1.24319e-42 -2.48029e-42 0)
(-9.96779e-44 -3.10594e-43 0)
(-1.31264e-44 -1.77743e-44 0)
(-7.94588e-46 -8.14912e-46 0)
(-4.31685e-47 -7.78912e-48 0)
(-1.12148e-48 4.04383e-48 0)
(9.45187e-50 4.67673e-49 0)
(1.44927e-50 4.59913e-50 0)
(1.5611e-51 3.27154e-51 0)
(1.15578e-52 2.26624e-52 0)
(8.19771e-54 1.33241e-53 0)
(4.89871e-55 7.65503e-55 0)
(2.8435e-56 3.95525e-56 0)
(1.48163e-57 1.99318e-57 0)
(7.50623e-59 9.5846e-59 0)
(3.62314e-60 4.03711e-60 0)
(2.071e-61 2.33191e-61 0)
(1.0671e-62 5.4052e-61 0)
(-1.68668e-62 6.0523e-62 0)
(-1.20163e-62 1.21902e-62 0)
(-3.04687e-61 9.08065e-62 0)
(-8.8838e-60 2.71718e-60 0)
(-2.53306e-58 7.94282e-59 0)
(-6.97275e-57 2.27115e-57 0)
(-1.87695e-55 6.26471e-56 0)
(-4.85313e-54 1.69268e-54 0)
(-1.22948e-52 4.38816e-53 0)
(-2.97048e-51 1.11723e-51 0)
(-7.05677e-50 2.70829e-50 0)
(-1.58228e-48 6.4769e-49 0)
(-3.51021e-47 1.45844e-47 0)
(-7.23737e-46 3.2648e-46 0)
(-1.49221e-44 6.76856e-45 0)
(-2.79282e-43 1.41303e-43 0)
(-5.32323e-42 2.66407e-42 0)
(-8.87273e-41 5.16856e-41 0)
(-1.55449e-39 8.70522e-40 0)
(-2.23811e-38 1.56695e-38 0)
(-3.58241e-37 2.29858e-37 0)
(-4.20657e-36 3.86657e-36 0)
(-6.0675e-35 4.79051e-35 0)
(-4.88887e-34 7.69676e-34 0)
(-5.74498e-33 7.25242e-33 0)
(-7.26403e-37 9.59412e-32 0)
(-8.87392e-42 -8.46038e-41 0)
(4.34338e-42 -6.53278e-42 0)
(3.48393e-43 -8.04468e-43 0)
(4.60679e-44 -4.52807e-44 0)
(2.79542e-45 -1.91677e-45 0)
(1.52701e-46 -1.97047e-48 0)
(4.03218e-48 1.2371e-47 0)
(-3.2454e-49 1.34811e-48 0)
(-5.04506e-50 1.29522e-49 0)
(-5.45562e-51 9.11505e-51 0)
(-4.04497e-52 6.27232e-52 0)
(-2.8711e-53 3.67153e-53 0)
(-1.71629e-54 2.10312e-54 0)
(-9.96267e-56 1.08413e-55 0)
(-5.19115e-57 5.42967e-57 0)
(-2.6254e-58 2.49666e-58 0)
(-1.21543e-59 -6.13921e-60 0)
(6.28048e-61 4.63722e-61 0)
(4.34971e-62 1.73292e-59 0)
(-5.78285e-61 1.94996e-60 0)
(-6.68372e-62 3.04022e-61 0)
(-4.91479e-62 3.50089e-62 0)
(-1.14506e-60 2.74083e-61 0)
(-3.28155e-59 7.92898e-60 0)
(-9.08325e-58 2.26079e-58 0)
(-2.45746e-56 6.2234e-57 0)
(-6.38371e-55 1.6753e-55 0)
(-1.62384e-53 4.33194e-54 0)
(-3.93697e-52 1.09752e-52 0)
(-9.37913e-51 2.65189e-51 0)
(-2.10697e-49 6.30066e-50 0)
(-4.6794e-48 1.41293e-48 0)
(-9.64383e-47 3.13508e-47 0)
(-1.98581e-45 6.4653e-46 0)
(-3.70156e-44 1.33337e-44 0)
(-7.02096e-43 2.49636e-43 0)
(-1.15828e-41 4.76009e-42 0)
(-2.00784e-40 7.9391e-41 0)
(-2.8272e-39 1.3922e-39 0)
(-4.43393e-38 2.00887e-38 0)
(-4.96065e-37 3.22847e-37 0)
(-6.91271e-36 3.83667e-36 0)
(-5.01031e-35 5.62082e-35 0)
(-5.77648e-34 4.73747e-34 0)
(-8.0848e-38 5.53957e-33 0)
(-1.86287e-40 -1.36477e-39 0)
(9.15613e-41 -1.04438e-40 0)
(7.09988e-42 -1.1249e-41 0)
(8.78321e-43 -5.58999e-43 0)
(4.9506e-44 -7.88249e-45 0)
(2.10003e-45 1.72952e-45 0)
(2.56248e-48 3.52136e-46 0)
(-1.35062e-47 3.17142e-47 0)
(-1.47318e-48 2.77901e-48 0)
(-1.41645e-49 1.87222e-49 0)
(-9.97075e-51 1.25161e-50 0)
(-6.86341e-52 7.19668e-52 0)
(-4.01816e-53 4.07256e-53 0)
(-2.30217e-54 2.08198e-54 0)
(-1.18691e-55 1.03498e-55 0)
(-5.9643e-57 4.69867e-57 0)
(-2.73249e-58 -3.49912e-58 0)
(2.62812e-59 8.40915e-60 0)
(1.66193e-60 5.58135e-58 0)
(-1.89324e-59 6.24747e-59 0)
(-2.13959e-60 9.80132e-60 0)
(-3.3795e-61 8.38781e-61 0)
(-1.13329e-61 1.13126e-61 0)
(-2.42852e-60 1.03033e-60 0)
(-6.71493e-59 2.93938e-59 0)
(-1.81449e-57 8.13636e-58 0)
(-4.71095e-56 2.20139e-56 0)
(-1.19562e-54 5.71889e-55 0)
(-2.89525e-53 1.45484e-53 0)
(-6.8724e-52 3.52757e-52 0)
(-1.54069e-50 8.40474e-51 0)
(-3.40304e-49 1.88834e-49 0)
(-6.99136e-48 4.19449e-48 0)
(-1.42807e-46 8.64616e-47 0)
(-2.64955e-45 1.78077e-45 0)
(-4.96633e-44 3.32032e-44 0)
(-8.1361e-43 6.29983e-43 0)
(-1.38556e-41 1.0398e-41 0)
(-1.92944e-40 1.80338e-40 0)
(-2.94377e-39 2.54184e-39 0)
(-3.22958e-38 3.99136e-38 0)
(-4.30536e-37 4.48092e-37 0)
(-3.00254e-36 6.2677e-36 0)
(-3.23893e-35 4.60163e-35 0)
(2.06759e-38 5.30634e-34 0)
(-3.03993e-39 -2.62828e-38 0)
(1.50272e-39 -1.91746e-39 0)
(1.1554e-40 -1.78874e-40 0)
(1.2527e-41 -7.22657e-42 0)
(6.255e-43 2.47707e-43 0)
(9.29354e-45 6.05157e-44 0)
(-1.88248e-45 8.85485e-45 0)
(-3.88476e-46 7.2787e-46 0)
(-3.5078e-47 6.06317e-47 0)
(-3.07913e-48 3.95483e-48 0)
(-2.07615e-49 2.5912e-49 0)
(-1.38893e-50 1.46516e-50 0)
(-7.98978e-52 8.20614e-52 0)
(-4.52321e-53 4.15377e-53 0)
(-2.31312e-54 2.0464e-54 0)
(-1.15641e-55 9.11883e-56 0)
(-5.22319e-57 -1.32589e-56 0)
(1.0095e-57 1.54358e-58 0)
(6.01121e-59 1.72316e-56 0)
(-6.09795e-58 1.92206e-57 0)
(-6.85464e-59 3.03591e-58 0)
(-1.08131e-59 2.59393e-59 0)
(-9.32242e-61 2.43987e-60 0)
(-2.83716e-61 2.48031e-61 0)
(-5.49332e-60 2.20797e-60 0)
(-1.49022e-58 6.08058e-59 0)
(-3.88739e-57 1.64363e-57 0)
(-9.90765e-56 4.26957e-56 0)
(-2.40827e-54 1.084e-54 0)
(-5.73473e-53 2.62667e-53 0)
(-1.28886e-51 6.23724e-52 0)
(-2.85218e-50 1.39949e-50 0)
(-5.86383e-49 3.09229e-49 0)
(-1.19796e-47 6.36033e-48 0)
(-2.21825e-46 1.29956e-46 0)
(-4.14897e-45 2.41513e-45 0)
(-6.75454e-44 4.52749e-44 0)
(-1.14411e-42 7.43602e-43 0)
(-1.57121e-41 1.26598e-41 0)
(-2.37382e-40 1.77051e-40 0)
(-2.52936e-39 2.69827e-39 0)
(-3.32469e-38 2.98597e-38 0)
(-2.17309e-37 3.96898e-37 0)
(-2.345e-36 2.83438e-36 0)
(4.11964e-37 3.02169e-35 0)
(-5.83354e-38 -3.59113e-37 0)
(2.89549e-38 -2.60339e-38 0)
(2.12012e-39 -1.709e-39 0)
(1.9943e-40 -2.94514e-41 0)
(8.12853e-42 1.21293e-41 0)
(-2.63784e-43 1.46322e-42 0)
(-6.64363e-44 1.73518e-43 0)
(-9.78445e-45 1.32495e-44 0)
(-8.05772e-46 1.04945e-45 0)
(-6.72176e-47 6.65708e-47 0)
(-4.38764e-48 4.27174e-48 0)
(-2.87665e-49 2.3835e-49 0)
(-1.62725e-50 1.32213e-50 0)
(-9.11758e-52 6.64712e-52 0)
(-4.61672e-53 3.2343e-53 0)
(-2.29431e-54 1.39051e-54 0)
(-1.01415e-55 -4.6694e-55 0)
(3.39022e-56 2.03959e-57 0)
(1.96563e-57 5.25214e-55 0)
(-1.88265e-56 5.82099e-56 0)
(-2.10879e-57 9.25233e-57 0)
(-3.34927e-58 7.88795e-58 0)
(-2.86572e-59 7.45146e-59 0)
(-2.68617e-60 5.25872e-60 0)
(1.32415e-61 8.02017e-61 0)
(9.17884e-60 1.20751e-59 0)
(2.59212e-58 3.3097e-58 0)
(6.9086e-57 8.8165e-57 0)
(1.8322e-55 2.27198e-55 0)
(4.53383e-54 5.66999e-54 0)
(1.12723e-52 1.36413e-52 0)
(2.56758e-51 3.17276e-51 0)
(5.96214e-50 7.079e-50 0)
(1.23526e-48 1.52447e-48 0)
(2.66706e-47 3.12605e-47 0)
(4.94022e-46 6.18086e-46 0)
(9.86497e-45 1.15002e-44 0)
(1.59104e-43 2.06452e-43 0)
(2.91882e-42 3.41772e-42 0)
(3.92061e-41 5.48529e-41 0)
(6.54807e-40 7.81433e-40 0)
(6.71364e-39 1.09558e-38 0)
(1.00502e-37 1.25486e-37 0)
(6.21301e-37 1.47394e-36 0)
(7.98297e-36 1.11161e-35 0)
(-7.91274e-37 -6.49382e-36 0)
(3.93301e-37 -4.36729e-37 0)
(2.85115e-38 -1.75298e-38 0)
(1.89811e-39 5.70168e-40 0)
(3.3959e-41 3.2875e-40 0)
(-1.3304e-41 3.27576e-41 0)
(-1.61358e-42 3.54231e-42 0)
(-1.92022e-43 2.56861e-43 0)
(-1.4682e-44 1.97225e-44 0)
(-1.16431e-45 1.21841e-45 0)
(-7.39053e-47 7.69541e-47 0)
(-4.74524e-48 4.22538e-48 0)
(-2.64875e-49 2.32177e-49 0)
(-1.46986e-50 1.15452e-50 0)
(-7.39285e-52 5.51682e-52 0)
(-3.65686e-53 2.23725e-53 0)
(-1.54785e-54 -1.43486e-53 0)
(1.10333e-54 2.42612e-56 0)
(6.24672e-56 1.52226e-53 0)
(-5.73861e-55 1.68069e-54 0)
(-6.38653e-56 2.68682e-55 0)
(-1.02077e-56 2.289e-56 0)
(-8.71467e-58 2.17392e-57 0)
(-8.21809e-59 1.53316e-58 0)
(2.07987e-60 1.44348e-59 0)
(2.17805e-58 9.76421e-59 0)
(5.89462e-57 2.68413e-57 0)
(1.52981e-55 7.262e-56 0)
(3.88149e-54 1.88649e-54 0)
(9.39592e-53 4.7992e-53 0)
(2.22989e-51 1.16366e-51 0)
(4.99766e-50 2.77278e-50 0)
(1.10382e-48 6.22998e-49 0)
(2.26732e-47 1.38409e-47 0)
(4.63195e-46 2.85328e-46 0)
(8.59334e-45 5.87841e-45 0)
(1.61142e-43 1.09622e-43 0)
(2.64028e-42 2.08095e-42 0)
(4.50001e-41 3.43548e-41 0)
(6.26935e-40 5.96319e-40 0)
(9.5786e-39 8.40814e-39 0)
(1.05197e-37 1.32215e-37 0)
(1.40543e-36 1.48524e-36 0)
(9.8194e-36 2.08264e-35 0)
(1.06185e-34 1.53039e-34 0)
(-1.42355e-35 -6.83578e-35 0)
(6.95139e-36 -4.60143e-36 0)
(4.60941e-37 7.06972e-38 0)
(1.86049e-38 2.8646e-38 0)
(-6.42277e-40 5.95441e-39 0)
(-3.63122e-40 5.1226e-40 0)
(-3.62126e-41 4.98414e-41 0)
(-3.92425e-42 3.44402e-42 0)
(-2.84846e-43 2.53894e-43 0)
(-2.18943e-44 1.53276e-44 0)
(-1.35339e-45 9.49422e-46 0)
(-8.55283e-47 5.15134e-47 0)
(-4.69798e-48 2.80366e-48 0)
(-2.58255e-49 1.38327e-49 0)
(-1.28484e-50 6.30377e-51 0)
(-6.31173e-52 2.06237e-52 0)
(-2.49311e-53 -4.32548e-52 0)
(3.28885e-53 -1.31258e-55 0)
(1.84231e-54 4.38007e-52 0)
(-1.66332e-53 4.79845e-53 0)
(-1.84397e-54 7.71124e-54 0)
(-2.96435e-55 6.54738e-55 0)
(-2.52898e-56 6.24645e-56 0)
(-2.40194e-57 4.40006e-57 0)
(-6.17235e-59 3.43515e-58 0)
(2.9753e-57 7.23457e-58 0)
(8.0834e-56 1.93688e-56 0)
(2.09988e-54 5.21001e-55 0)
(5.34233e-53 1.3463e-53 0)
(1.29531e-51 3.40892e-52 0)
(3.08659e-50 8.23249e-51 0)
(6.93446e-49 1.95513e-49 0)
(1.54065e-47 4.38292e-48 0)
(3.17552e-46 9.72295e-47 0)
(6.54239e-45 2.00498e-45 0)
(1.21971e-43 4.1354e-44 0)
(2.31532e-42 7.74524e-43 0)
(3.82054e-41 1.47771e-41 0)
(6.63064e-40 2.46735e-40 0)
(9.33921e-39 4.33258e-39 0)
(1.46738e-37 6.26787e-38 0)
(1.64239e-36 1.01017e-36 0)
(2.29547e-35 1.20779e-35 0)
(1.66429e-34 1.77883e-34 0)
(1.9278e-33 1.51837e-33 0)
(-1.47236e-34 -1.19648e-33 0)
(6.28357e-35 -7.00673e-35 0)
(3.88061e-36 4.56186e-36 0)
(-1.35779e-37 7.0571e-37 0)
(-3.35733e-38 1.17611e-37 0)
(-6.63917e-39 9.23323e-39 0)
(-5.68447e-40 8.53482e-40 0)
(-5.53157e-41 5.63938e-41 0)
(-3.8246e-42 4.05802e-42 0)
(-2.82203e-43 2.38462e-43 0)
(-1.70462e-44 1.45587e-44 0)
(-1.05647e-45 7.7592e-46 0)
(-5.73443e-47 4.18196e-47 0)
(-3.12266e-48 2.03158e-48 0)
(-1.54196e-49 8.59731e-50 0)
(-7.52085e-51 1.6887e-51 0)
(-2.3083e-52 -1.18804e-50 0)
(9.6832e-52 -1.10626e-53 0)
(5.35207e-53 1.18516e-50 0)
(-4.78647e-52 1.29303e-51 0)
(-5.26488e-53 2.08711e-52 0)
(-8.50825e-54 1.76991e-53 0)
(-7.23419e-55 1.6961e-54 0)
(-6.91006e-56 1.19556e-55 0)
(-4.08275e-57 8.95988e-57 0)
(2.13555e-56 7.85283e-57 0)
(5.83941e-55 2.02079e-55 0)
(1.50893e-53 5.4612e-54 0)
(3.82045e-52 1.41612e-52 0)
(9.22557e-51 3.60712e-51 0)
(2.19072e-49 8.74643e-50 0)
(4.9104e-48 2.09296e-48 0)
(1.08912e-46 4.71431e-47 0)
(2.24541e-45 1.05614e-45 0)
(4.63007e-44 2.19036e-44 0)
(8.66876e-43 4.5774e-43 0)
(1.65323e-41 8.63359e-42 0)
(2.75859e-40 1.6774e-40 0)
(4.83928e-39 2.82656e-39 0)
(6.98434e-38 5.09855e-38 0)
(1.12074e-36 7.48467e-37 0)
(1.3227e-35 1.26348e-35 0)
(1.91554e-34 1.56858e-34 0)
(1.55845e-33 2.53662e-33 0)
(1.83572e-32 2.4023e-32 0)
(-2.53694e-33 -8.09699e-33 0)
(7.63157e-34 -4.89089e-34 0)
(2.8846e-35 9.06248e-35 0)
(-7.31521e-36 9.55649e-36 0)
(-8.55879e-37 1.19599e-36 0)
(-1.32269e-37 8.52956e-38 0)
(-1.02809e-38 7.12048e-39 0)
(-9.48607e-40 4.48637e-40 0)
(-6.26915e-41 3.07961e-41 0)
(-4.51456e-42 1.7653e-42 0)
(-2.65434e-43 1.05255e-43 0)
(-1.62144e-44 5.53707e-45 0)
(-8.64514e-46 2.94881e-46 0)
(-4.66257e-47 1.39693e-47 0)
(-2.26812e-48 3.26518e-49 0)
(-1.0935e-49 -4.42147e-50 0)
(-1.91343e-51 -3.2589e-49 0)
(2.63999e-50 -4.64721e-52 0)
(1.45073e-51 3.21093e-49 0)
(-1.29523e-50 3.46987e-50 0)
(-1.41878e-51 5.62257e-51 0)
(-2.30297e-52 4.74483e-52 0)
(-1.95567e-53 4.56283e-53 0)
(-1.87687e-54 3.20995e-54 0)
(-1.24168e-55 2.3474e-55 0)
(2.17537e-55 2.03603e-56 0)
(6.13968e-54 1.68989e-55 0)
(1.59211e-52 4.54942e-54 0)
(4.05499e-51 1.18068e-52 0)
(9.83137e-50 3.01143e-51 0)
(2.35221e-48 7.30874e-50 0)
(5.29738e-47 1.75172e-48 0)
(1.18649e-45 3.94964e-47 0)
(2.46007e-44 8.86572e-46 0)
(5.13929e-43 1.84076e-44 0)
(9.6895e-42 3.85689e-43 0)
(1.88148e-40 7.2878e-42 0)
(3.16745e-39 1.42364e-40 0)
(5.70314e-38 2.42346e-39 0)
(8.33018e-37 4.51114e-38 0)
(1.39155e-35 7.30177e-37 0)
(1.67177e-34 1.51363e-35 0)
(2.59449e-33 3.03564e-34 0)
(2.18031e-32 7.51606e-33 0)
(2.98644e-31 1.43618e-31 0)
(-1.5144e-32 -1.53545e-31 0)
(-1.01682e-32 -6.51312e-33 0)
(-8.82807e-34 1.84221e-33 0)
(-1.62093e-34 1.53931e-34 0)
(-1.25484e-35 1.82616e-35 0)
(-1.37833e-36 1.2029e-36 0)
(-9.59277e-38 9.82082e-38 0)
(-7.95256e-39 5.91577e-39 0)
(-5.00651e-40 3.9995e-40 0)
(-3.43857e-41 2.22566e-41 0)
(-1.97227e-42 1.31147e-42 0)
(-1.17671e-43 6.7551e-44 0)
(-6.1937e-45 3.56233e-45 0)
(-3.30383e-46 1.61346e-46 0)
(-1.57237e-47 -1.02817e-48 0)
(-7.32367e-49 -1.52175e-48 0)
(4.83768e-50 -8.19129e-48 0)
(7.19787e-49 -1.24121e-50 0)
(3.91212e-50 8.05241e-48 0)
(-3.50977e-49 8.66349e-49 0)
(-3.80769e-50 1.4074e-49 0)
(-6.20467e-51 1.18547e-50 0)
(-5.24323e-52 1.14371e-51 0)
(-5.05028e-53 8.04721e-53 0)
(-3.54782e-54 5.90162e-54 0)
(-5.16967e-56 3.45549e-55 0)
(5.61587e-54 -3.70462e-55 0)
(1.46079e-52 -1.06086e-53 0)
(3.72279e-51 -2.75173e-52 0)
(9.02969e-50 -7.0111e-51 0)
(2.16195e-48 -1.70037e-49 0)
(4.87109e-47 -4.07003e-48 0)
(1.09197e-45 -9.16917e-47 0)
(2.2652e-44 -2.05473e-45 0)
(4.73745e-43 -4.26132e-44 0)
(8.93669e-42 -8.90237e-43 0)
(1.73782e-40 -1.67434e-41 0)
(2.92737e-39 -3.21843e-40 0)
(5.28138e-38 -5.17152e-39 0)
(7.71936e-37 -7.85424e-38 0)
(1.29327e-35 -2.98881e-37 0)
(1.55495e-34 3.20068e-35 0)
(2.42459e-33 2.05892e-33 0)
(2.04019e-32 7.63213e-32 0)
(2.82116e-31 2.12261e-30 0)
(-2.63834e-31 -3.0162e-31 0)
(-2.86008e-31 -1.63102e-32 0)
(-1.70194e-32 -5.91892e-34 0)
(-2.94783e-33 -1.62377e-35 0)
(-1.9709e-34 -2.62375e-37 0)
(-2.09473e-35 1.30546e-39 0)
(-1.35316e-36 5.61108e-40 0)
(-1.0985e-37 3.7073e-41 0)
(-6.61431e-39 2.35336e-42 0)
(-4.47469e-40 1.22139e-43 0)
(-2.4919e-41 6.56754e-45 0)
(-1.46935e-42 2.5512e-46 0)
(-7.57367e-44 -1.62509e-47 0)
(-4.00563e-45 -2.31141e-46 0)
(-1.8322e-46 -2.34163e-46 0)
(-8.06782e-48 -4.74446e-47 0)
(1.67501e-48 -2.08786e-46 0)
(1.80736e-47 -3.2749e-49 0)
(9.77777e-49 2.04881e-46 0)
(-8.80308e-48 2.17803e-47 0)
(-9.5079e-49 3.5456e-48 0)
(-1.55327e-49 2.96598e-49 0)
(-1.31011e-50 2.86758e-50 0)
(-1.26602e-51 2.01054e-51 0)
(-8.91474e-53 1.47815e-52 0)
(-6.75096e-54 8.98532e-54 0)
(-6.03069e-54 1.58518e-55 0)
(-1.46105e-52 -1.058e-53 0)
(-3.72279e-51 -2.75174e-52 0)
(-9.0297e-50 -7.01117e-51 0)
(-2.16195e-48 -1.70038e-49 0)
(-4.87109e-47 -4.07006e-48 0)
(-1.09197e-45 -9.16925e-47 0)
(-2.2652e-44 -2.05474e-45 0)
(-4.73745e-43 -4.26135e-44 0)
(-8.9367e-42 -8.90243e-43 0)
(-1.73783e-40 -1.67435e-41 0)
(-2.92737e-39 -3.21845e-40 0)
(-5.28138e-38 -5.17155e-39 0)
(-7.71936e-37 -7.85428e-38 0)
(-1.29327e-35 -2.98887e-37 0)
(-1.55495e-34 3.20067e-35 0)
(-2.42459e-33 2.05892e-33 0)
(-2.04019e-32 7.63213e-32 0)
(-2.82117e-31 2.12261e-30 0)
(-6.79677e-33 -1.62354e-31 0)
(-1.43916e-32 -1.08702e-32 0)
(-1.15563e-33 -2.49096e-33 0)
(-1.98522e-34 -1.72405e-34 0)
(-1.47828e-35 -1.86351e-35 0)
(-1.57331e-36 -1.20679e-36 0)
(-1.07328e-37 -9.79719e-38 0)
(-8.75294e-39 -5.89591e-39 0)
(-5.44587e-40 -3.98612e-40 0)
(-3.7035e-41 -2.21811e-41 0)
(-2.10825e-42 -1.3072e-42 0)
(-1.24993e-43 -6.87424e-44 0)
(-6.73402e-45 -4.278e-45 0)
(-5.72485e-46 -5.50378e-45 0)
(1.8837e-46 -5.3958e-45 0)
(2.74628e-47 -1.08732e-45 0)
(5.23963e-47 -4.80555e-45 0)
(4.60311e-46 -7.48289e-48 0)
(2.46008e-47 4.71612e-45 0)
(-2.24041e-46 4.98988e-46 0)
(-2.39072e-47 8.12128e-47 0)
(-3.91363e-48 6.77539e-48 0)
(-3.27821e-49 6.56078e-49 0)
(-3.1746e-50 4.597e-50 0)
(-2.22734e-51 3.38892e-51 0)
(-1.64103e-52 2.0655e-52 0)
(-1.61219e-53 1.28577e-53 0)
(-1.59825e-52 5.23627e-54 0)
(-4.05509e-51 1.18074e-52 0)
(-9.83154e-50 3.01069e-51 0)
(-2.35225e-48 7.30698e-50 0)
(-5.29747e-47 1.75133e-48 0)
(-1.1865e-45 3.94876e-47 0)
(-2.46011e-44 8.86392e-46 0)
(-5.13936e-43 1.84039e-44 0)
(-9.68962e-42 3.85621e-43 0)
(-1.8815e-40 7.28652e-42 0)
(-3.16749e-39 1.42343e-40 0)
(-5.70319e-38 2.4231e-39 0)
(-8.33025e-37 4.51063e-38 0)
(-1.39156e-35 7.301e-37 0)
(-1.67178e-34 1.51355e-35 0)
(-2.5945e-33 3.03553e-34 0)
(-2.18032e-32 7.51598e-33 0)
(-2.98645e-31 1.43617e-31 0)
(2.04503e-33 -8.37315e-33 0)
(-1.55493e-33 -7.33649e-34 0)
(-1.23309e-34 -1.64612e-34 0)
(-2.77119e-35 -1.27958e-35 0)
(-2.11791e-36 -1.39136e-36 0)
(-2.42635e-37 -9.53347e-38 0)
(-1.67693e-38 -7.78431e-39 0)
(-1.40479e-39 -4.84384e-40 0)
(-8.782e-41 -3.27029e-41 0)
(-6.04195e-42 -1.73747e-42 0)
(-3.5125e-43 -9.85898e-44 0)
(-2.17668e-44 -3.44891e-44 0)
(-5.47573e-45 -1.69043e-44 0)
(-5.24679e-45 -1.26854e-43 0)
(4.72371e-45 -1.28163e-43 0)
(6.47723e-46 -2.55076e-44 0)
(1.20132e-45 -1.14507e-43 0)
(1.05963e-44 -1.73834e-46 0)
(5.63599e-46 1.12411e-43 0)
(-5.15834e-45 1.17112e-44 0)
(-5.47816e-46 1.9052e-45 0)
(-8.96565e-47 1.57417e-46 0)
(-7.48971e-48 1.52475e-47 0)
(-7.26425e-49 1.06229e-48 0)
(-5.09339e-50 7.83886e-50 0)
(-3.75767e-51 4.76363e-51 0)
(-2.29697e-52 2.93341e-52 0)
(-2.92054e-53 2.13255e-53 0)
(-3.83636e-52 1.42038e-52 0)
(-9.24523e-51 3.59682e-51 0)
(-2.19513e-49 8.72176e-50 0)
(-4.92013e-48 2.0874e-48 0)
(-1.09112e-46 4.70195e-47 0)
(-2.2495e-45 1.05358e-45 0)
(-4.6377e-44 2.18509e-44 0)
(-8.68305e-43 4.56752e-43 0)
(-1.65559e-41 8.61483e-42 0)
(-2.7626e-40 1.67428e-40 0)
(-4.84494e-39 2.82116e-39 0)
(-6.99293e-38 5.09083e-38 0)
(-1.1217e-36 7.47261e-37 0)
(-1.32398e-35 1.26209e-35 0)
(-1.91651e-34 1.56668e-34 0)
(-1.55947e-33 2.53514e-33 0)
(-1.83589e-32 2.40067e-32 0)
(4.50006e-34 1.52153e-33 0)
(-2.38945e-34 9.13173e-35 0)
(-1.91457e-35 -2.25201e-36 0)
(-3.32726e-36 -5.77198e-37 0)
(-2.45379e-37 -1.07062e-37 0)
(-2.54744e-38 -8.64189e-39 0)
(-1.72163e-39 -8.2177e-40 0)
(-1.36521e-40 -5.46069e-41 0)
(-8.28404e-42 9.30757e-43 0)
(-8.0946e-43 2.62032e-42 0)
(-2.1607e-43 2.41596e-43 0)
(-3.4146e-44 -6.37876e-43 0)
(-1.09264e-43 -3.47122e-43 0)
(-1.24103e-43 -2.64267e-42 0)
(1.12797e-43 -2.66954e-42 0)
(1.52001e-44 -5.28782e-43 0)
(2.81901e-44 -2.38649e-42 0)
(2.52502e-43 -3.57461e-45 0)
(1.32203e-44 2.34324e-42 0)
(-1.23001e-43 2.42874e-43 0)
(-1.28606e-44 3.93319e-44 0)
(-2.10372e-45 3.23733e-45 0)
(-1.74043e-46 3.13256e-46 0)
(-1.68851e-47 2.17877e-47 0)
(-1.17717e-48 1.60956e-48 0)
(-8.69305e-50 9.78328e-50 0)
(-5.28498e-51 6.03558e-51 0)
(-3.27928e-52 3.27956e-52 0)
(-8.26e-53 2.82693e-53 0)
(-1.57163e-51 2.73141e-52 0)
(-3.70685e-50 6.6029e-51 0)
(-8.31352e-49 1.5891e-49 0)
(-1.82589e-47 3.57097e-48 0)
(-3.76342e-46 8.04341e-47 0)
(-7.64393e-45 1.65865e-45 0)
(-1.42871e-43 3.4835e-44 0)
(-2.66287e-42 6.50248e-43 0)
(-4.42242e-41 1.26852e-41 0)
(-7.48939e-40 2.10089e-40 0)
(-1.06809e-38 3.79565e-39 0)
(-1.62148e-37 5.40966e-38 0)
(-1.85556e-36 9.06015e-37 0)
(-2.46415e-35 1.05851e-35 0)
(-1.86169e-34 1.64955e-34 0)
(-1.97968e-33 1.37096e-33 0)
(5.13771e-33 1.69993e-32 0)
(-2.59966e-33 1.27667e-33 0)
(-1.68908e-34 6.65998e-35 0)
(-2.26335e-35 2.56144e-36 0)
(-1.39465e-36 1.2019e-37 0)
(-1.22142e-37 5.32007e-39 0)
(-7.17357e-39 1.07902e-40 0)
(-4.89687e-40 6.79931e-42 0)
(-2.42205e-41 1.09082e-40 0)
(-6.79921e-42 6.34172e-41 0)
(-3.96213e-42 5.79355e-42 0)
(-6.66717e-43 -1.18799e-41 0)
(-2.22379e-42 -7.36103e-42 0)
(-2.57733e-42 -5.87231e-41 0)
(2.35426e-42 -5.93406e-41 0)
(3.15122e-43 -1.15397e-41 0)
(5.83843e-43 -5.31675e-41 0)
(5.25824e-42 -7.66406e-44 0)
(2.73492e-43 5.22283e-41 0)
(-2.56494e-42 5.3027e-42 0)
(-2.66794e-43 8.55158e-43 0)
(-4.34408e-44 6.94292e-44 0)
(-3.58007e-45 6.70323e-45 0)
(-3.46976e-46 4.62185e-46 0)
(-2.41491e-47 3.4113e-47 0)
(-1.78533e-48 2.06265e-48 0)
(-1.08561e-49 1.27263e-49 0)
(-6.70352e-51 6.88628e-51 0)
(-4.44537e-52 3.41445e-52 0)
(-1.94059e-51 -7.06532e-52 0)
(-4.3262e-50 -1.73473e-50 0)
(-9.59998e-49 -3.90433e-49 0)
(-1.99238e-47 -8.75302e-48 0)
(-4.10648e-46 -1.81342e-46 0)
(-7.76363e-45 -3.7951e-45 0)
(-1.47713e-43 -7.14843e-44 0)
(-2.50177e-42 -1.39242e-42 0)
(-4.36217e-41 -2.34159e-41 0)
(-6.45124e-40 -4.23881e-40 0)
(-1.02214e-38 -6.18546e-39 0)
(-1.2644e-37 -1.04256e-37 0)
(-1.80284e-36 -1.25302e-36 0)
(-1.71616e-35 -1.97251e-35 0)
(-2.17763e-34 -1.67004e-34 0)
(-1.29009e-33 -2.33381e-33 0)
(4.84482e-33 3.60221e-31 0)
(-2.45132e-33 1.94789e-32 0)
(-1.57507e-34 7.0677e-34 0)
(-2.10237e-35 1.93817e-35 0)
(-1.28613e-36 3.17889e-37 0)
(-1.12794e-37 -4.86054e-40 0)
(-6.6315e-39 -4.38382e-39 0)
(-1.17285e-40 -2.03747e-40 0)
(5.49345e-41 1.99991e-39 0)
(-1.14806e-40 1.17122e-39 0)
(-8.30341e-41 1.04121e-40 0)
(-1.3805e-41 -2.46181e-40 0)
(-5.13141e-41 -1.37375e-40 0)
(-5.71155e-41 -1.08624e-39 0)
(5.26201e-41 -1.09716e-39 0)
(6.87398e-42 -2.12165e-40 0)
(1.26842e-41 -9.83723e-40 0)
(1.16676e-40 -1.38513e-42 0)
(5.90983e-42 9.66655e-40 0)
(-5.72052e-41 9.7591e-41 0)
(-5.8274e-42 1.5551e-41 0)
(-9.44771e-43 1.25542e-42 0)
(-7.67989e-44 1.20589e-43 0)
(-7.4265e-45 8.28787e-45 0)
(-5.12389e-46 6.10912e-46 0)
(-3.78462e-47 3.69059e-47 0)
(-2.28931e-48 2.2794e-48 0)
(-1.41342e-49 1.23479e-49 0)
(-8.51846e-51 6.67512e-51 0)
(-2.12244e-50 3.32261e-52 0)
(-4.70068e-49 1.00425e-52 0)
(-1.0537e-47 2.00536e-51 0)
(-2.19302e-46 4.49326e-50 0)
(-4.5831e-45 9.92409e-49 0)
(-8.68639e-44 2.03881e-47 0)
(-1.68568e-42 4.16513e-46 0)
(-2.85998e-41 7.7294e-45 0)
(-5.13661e-40 1.44946e-43 0)
(-7.59775e-39 2.37602e-42 0)
(-1.26203e-37 4.05002e-41 0)
(-1.55639e-36 5.6474e-40 0)
(-2.40943e-35 8.63156e-39 0)
(-2.27232e-34 9.50042e-38 0)
(-3.39677e-33 1.27095e-36 0)
(-1.97405e-32 8.94413e-36 0)
(-4.84393e-33 3.60227e-31 0)
(2.45087e-33 1.94794e-32 0)
(1.57468e-34 7.06844e-34 0)
(2.10242e-35 1.93788e-35 0)
(1.28744e-36 4.33958e-37 0)
(1.01725e-37 2.25707e-38 0)
(5.08518e-39 -7.80209e-38 0)
(6.76145e-39 -3.27248e-39 0)
(1.50731e-39 4.17045e-38 0)
(-2.04895e-39 2.43083e-38 0)
(-1.50765e-39 2.20452e-39 0)
(-1.97505e-40 -3.97076e-39 0)
(-8.64475e-40 -2.67628e-39 0)
(-1.00445e-39 -2.25469e-38 0)
(9.80492e-40 -2.27816e-38 0)
(1.26369e-40 -4.2918e-39 0)
(2.2817e-40 -2.04892e-38 0)
(2.11474e-39 -2.72025e-41 0)
(1.03626e-40 2.01477e-38 0)
(-1.05967e-39 1.97605e-39 0)
(-1.07315e-40 3.11725e-40 0)
(-1.71876e-41 2.46713e-41 0)
(-1.3892e-42 2.35597e-42 0)
(-1.33647e-43 1.59826e-43 0)
(-9.19125e-45 1.17408e-44 0)
(-6.77997e-46 7.03336e-46 0)
(-4.09751e-47 4.33594e-47 0)
(-2.53178e-48 2.33659e-48 0)
(-1.37264e-49 1.26252e-49 0)
(-9.2453e-51 6.97137e-51 0)
(-4.14032e-50 1.88168e-50 0)
(-9.10187e-49 4.18276e-49 0)
(-1.88235e-47 9.37832e-48 0)
(-3.88046e-46 1.95236e-46 0)
(-7.30197e-45 4.08154e-45 0)
(-1.39148e-43 7.73866e-44 0)
(-2.3412e-42 1.50248e-42 0)
(-4.09905e-41 2.55058e-41 0)
(-6.0029e-40 4.58379e-40 0)
(-9.59669e-39 6.7844e-39 0)
(-1.16898e-37 1.127e-37 0)
(-1.69801e-36 1.38582e-36 0)
(-1.57617e-35 2.12164e-35 0)
(-2.07976e-34 1.87921e-34 0)
(-1.18431e-33 2.48741e-33 0)
(-5.12299e-33 1.70709e-32 0)
(2.59209e-33 1.28283e-33 0)
(1.68268e-34 6.71232e-35 0)
(2.26671e-35 2.45629e-36 0)
(1.42038e-36 2.05579e-36 0)
(-8.71595e-38 3.90346e-37 0)
(-2.24563e-38 -1.23299e-36 0)
(1.28793e-37 -5.14038e-38 0)
(3.07346e-38 6.64647e-37 0)
(-3.90694e-38 3.86674e-37 0)
(-2.60498e-38 3.35926e-38 0)
(4.3361e-41 -7.6922e-38 0)
(-1.52382e-38 -4.33076e-38 0)
(-1.74355e-38 -3.5901e-37 0)
(2.08563e-38 -3.6248e-37 0)
(2.55498e-39 -6.78101e-38 0)
(4.25883e-39 -3.26303e-37 0)
(4.08291e-38 -4.1525e-40 0)
(1.73845e-39 3.21041e-37 0)
(-2.21242e-38 3.12871e-38 0)
(-2.17501e-39 4.80788e-39 0)
(-3.44699e-40 3.77054e-40 0)
(-2.73107e-41 3.55624e-41 0)
(-2.61196e-42 2.39862e-42 0)
(-1.77304e-43 1.75272e-43 0)
(-1.30341e-44 1.0473e-44 0)
(-7.81123e-46 6.44828e-46 0)
(-4.81748e-47 3.47462e-47 0)
(-2.5968e-48 1.8793e-48 0)
(-1.40588e-49 9.25203e-50 0)
(-1.30948e-50 6.13039e-51 0)
(-1.38252e-49 3.68127e-50 0)
(-2.85269e-48 8.12092e-49 0)
(-5.87948e-47 1.67985e-47 0)
(-1.10165e-45 3.46393e-46 0)
(-2.0903e-44 6.52035e-45 0)
(-3.47594e-43 1.24301e-43 0)
(-6.0195e-42 2.09246e-42 0)
(-8.58871e-41 3.66541e-41 0)
(-1.34183e-39 5.37084e-40 0)
(-1.54125e-38 8.58408e-39 0)
(-2.13201e-37 1.04191e-37 0)
(-1.68714e-36 1.49316e-36 0)
(-1.9742e-35 1.2932e-35 0)
(-5.19082e-35 1.47439e-34 0)
(-3.10243e-34 2.78099e-33 0)
(1.5571e-34 1.89701e-34 0)
(1.1727e-35 2.9162e-36 0)
(3.93553e-36 -3.22757e-36 0)
(4.84472e-37 3.7729e-35 0)
(-2.62748e-36 7.4712e-36 0)
(-4.21375e-37 -2.41904e-35 0)
(1.8162e-36 -9.68773e-37 0)
(4.9033e-37 1.29938e-35 0)
(-3.64235e-37 7.51959e-36 0)
(-1.43188e-37 6.6612e-37 0)
(2.89509e-37 -1.0231e-36 0)
(5.90582e-38 -7.70013e-37 0)
(-1.48798e-38 -6.98623e-36 0)
(3.5899e-37 -7.05601e-36 0)
(4.03925e-38 -1.26877e-36 0)
(4.25253e-38 -6.38024e-36 0)
(4.1514e-37 -7.39596e-39 0)
(2.67284e-39 6.28383e-36 0)
(-3.54227e-37 5.86428e-37 0)
(-3.45197e-38 8.83345e-38 0)
(-5.32149e-39 6.72354e-39 0)
(-4.17696e-40 6.27123e-40 0)
(-3.9451e-41 4.14808e-41 0)
(-2.66253e-42 3.01068e-42 0)
(-1.94695e-43 1.77591e-43 0)
(-1.16382e-44 1.08872e-44 0)
(-7.16869e-46 5.81627e-46 0)
(-3.86387e-47 3.13712e-47 0)
(-2.0904e-48 1.53457e-48 0)
(-1.03296e-49 7.48259e-50 0)
(-1.47378e-50 8.92673e-51 0)
(-2.00682e-49 1.23754e-49 0)
(-4.09421e-48 2.55712e-48 0)
(-7.63072e-47 5.27148e-47 0)
(-1.42951e-45 9.88005e-46 0)
(-2.35974e-44 1.87525e-44 0)
(-4.01139e-43 3.11966e-43 0)
(-5.66139e-42 5.40481e-42 0)
(-8.597e-41 7.71633e-41 0)
(-9.68873e-40 1.20589e-39 0)
(-1.27759e-38 1.38452e-38 0)
(-9.63986e-38 1.90757e-37 0)
(-1.0227e-36 1.47317e-36 0)
(-1.75266e-36 1.63327e-35 0)
(-3.51133e-35 1.49302e-34 0)
(-5.02548e-36 -1.16377e-35 0)
(-7.51178e-36 -2.47533e-34 0)
(6.28446e-36 -5.88955e-35 0)
(-5.16485e-36 4.88403e-34 0)
(-1.55365e-35 9.67731e-35 0)
(-5.74956e-36 -3.14367e-34 0)
(2.33022e-35 -1.26304e-35 0)
(9.57716e-36 1.68733e-34 0)
(6.68955e-36 9.73857e-35 0)
(1.28871e-35 8.05414e-36 0)
(2.09048e-35 -1.87524e-35 0)
(1.57588e-35 -1.02558e-35 0)
(1.35228e-35 -9.05867e-35 0)
(8.35274e-36 -9.13832e-35 0)
(7.5721e-37 -1.62717e-35 0)
(-4.69403e-37 -8.27397e-35 0)
(-4.43029e-36 -8.82237e-38 0)
(-1.21744e-36 8.1569e-35 0)
(-7.0061e-36 7.55325e-36 0)
(-6.49991e-37 1.07452e-36 0)
(-9.7899e-38 8.04015e-38 0)
(-7.45389e-39 7.29976e-39 0)
(-6.96075e-40 4.7766e-40 0)
(-4.60675e-41 3.42368e-41 0)
(-3.34592e-42 2.00869e-42 0)
(-1.97445e-43 1.22515e-43 0)
(-1.21094e-44 6.53435e-45 0)
(-6.47099e-46 3.52141e-46 0)
(-3.49119e-47 1.72418e-47 0)
(-1.70814e-48 8.39478e-49 0)
(-8.38912e-50 3.84161e-50 0)
(-2.15658e-50 1.04252e-50 0)
(-3.64397e-49 1.79925e-49 0)
(-6.78326e-48 3.67418e-48 0)
(-1.26872e-46 6.84976e-47 0)
(-2.08407e-45 1.28358e-45 0)
(-3.52381e-44 2.11975e-44 0)
(-4.91375e-43 3.60495e-43 0)
(-7.37941e-42 5.09116e-42 0)
(-8.10262e-41 7.7348e-41 0)
(-1.04724e-39 8.72172e-40 0)
(-7.43047e-39 1.14847e-38 0)
(-7.60255e-38 8.57909e-38 0)
(-8.05812e-38 8.8613e-37 0)
(-3.10489e-35 -3.34528e-35 0)
(-2.87401e-34 -4.03505e-34 0)
(-3.16991e-34 -4.61644e-33 0)
(-2.13668e-33 -1.12369e-33 0)
(-7.87103e-34 9.06209e-33 0)
(1.87701e-33 1.7753e-33 0)
(5.5221e-35 -5.84993e-33 0)
(-4.03308e-34 -2.19549e-34 0)
(1.28015e-34 3.12399e-33 0)
(8.7278e-34 1.7875e-33 0)
(1.01825e-33 1.49624e-34 0)
(1.13173e-33 -1.8778e-34 0)
(1.0673e-33 -1.64352e-34 0)
(9.66071e-34 -1.66595e-33 0)
(1.78634e-34 -1.68094e-33 0)
(9.81362e-36 -2.79905e-34 0)
(-7.2882e-35 -1.53262e-33 0)
(-7.77405e-34 -1.40015e-36 0)
(-8.25823e-35 1.51319e-33 0)
(-9.4417e-35 1.30286e-34 0)
(-8.5025e-36 1.79066e-35 0)
(-1.19566e-36 1.27827e-36 0)
(-8.93228e-38 1.14012e-37 0)
(-8.11382e-39 7.24466e-39 0)
(-5.31165e-40 5.13842e-40 0)
(-3.80973e-41 2.95737e-41 0)
(-2.23611e-42 1.79104e-42 0)
(-1.36444e-43 9.42736e-44 0)
(-7.27936e-45 5.05437e-45 0)
(-3.92398e-46 2.45177e-46 0)
(-1.92168e-47 1.18909e-47 0)
(-9.35843e-49 5.35e-49 0)
(-4.34611e-50 2.45812e-50 0)
(-2.36575e-50 1.70155e-50 0)
(-4.03978e-49 3.27624e-49 0)
(-7.48566e-48 6.104e-48 0)
(-1.22236e-46 1.14235e-46 0)
(-2.03775e-45 1.87828e-45 0)
(-2.81189e-44 3.17912e-44 0)
(-4.12704e-43 4.44179e-43 0)
(-4.43142e-42 6.68421e-42 0)
(-5.49002e-41 7.37588e-41 0)
(-3.59975e-40 9.5783e-40 0)
(-3.24142e-39 6.92208e-39 0)
(5.44528e-39 7.2031e-38 0)
(-5.05957e-34 -3.81822e-34 0)
(-5.60095e-33 -3.59e-33 0)
(-1.15801e-32 -4.17589e-32 0)
(-1.10883e-31 -1.02026e-32 0)
(-3.7807e-32 8.18993e-32 0)
(1.02254e-31 1.60038e-32 0)
(4.67912e-33 -5.29601e-32 0)
(-3.03501e-32 -1.99976e-33 0)
(2.43077e-33 2.82463e-32 0)
(4.12672e-32 1.60884e-32 0)
(4.60985e-32 1.18319e-33 0)
(4.81066e-32 -3.39283e-33 0)
(4.66315e-32 -1.55599e-33 0)
(4.30588e-32 -1.50199e-32 0)
(5.25721e-33 -1.51263e-32 0)
(1.71412e-34 -2.47124e-33 0)
(-3.22561e-33 -1.38242e-32 0)
(-3.76373e-32 -1.05299e-35 0)
(-3.39534e-33 1.36723e-32 0)
(-1.8367e-33 1.16e-33 0)
(-1.49694e-34 1.40477e-34 0)
(-2.00191e-35 9.66247e-36 0)
(-1.42302e-36 8.12486e-37 0)
(-1.26862e-37 5.0504e-38 0)
(-8.0634e-39 3.48615e-39 0)
(-5.72269e-40 1.98459e-40 0)
(-3.29503e-41 1.18723e-41 0)
(-1.9964e-42 6.22185e-43 0)
(-1.05116e-43 3.32073e-44 0)
(-5.63727e-45 1.61036e-45 0)
(-2.73513e-46 7.81024e-47 0)
(-1.32678e-47 3.52242e-48 0)
(-5.97064e-49 1.5725e-49 0)
(-2.77068e-50 7.71584e-51 0)
(-2.04256e-50 2.31493e-50 0)
(-3.17145e-49 4.43671e-49 0)
(-4.02512e-48 8.6604e-48 0)
(-4.37841e-47 1.5357e-46 0)
(4.54246e-47 2.81091e-45 0)
(1.21811e-44 4.56848e-44 0)
(4.54991e-43 7.97e-43 0)
(1.0614e-41 1.20727e-41 0)
(2.16506e-40 2.05975e-40 0)
(3.97208e-39 2.98936e-39 0)
(6.18485e-38 5.06273e-38 0)
(-4.47991e-33 -5.49252e-33 0)
(-5.94138e-32 -5.22694e-32 0)
(-3.14289e-31 -7.10814e-31 0)
(-4.04662e-30 -1.82765e-31 0)
(-1.3365e-30 1.39786e-30 0)
(3.82776e-30 2.6723e-31 0)
(1.77198e-31 -9.08187e-31 0)
(-1.25741e-30 -2.92465e-32 0)
(2.51466e-32 4.79796e-31 0)
(1.43659e-30 2.6877e-31 0)
(1.55081e-30 1.93434e-32 0)
(1.57329e-30 -2.0493e-32 0)
(1.55853e-30 -2.04201e-32 0)
(1.45592e-30 -2.5254e-31 0)
(1.1938e-31 -2.54351e-31 0)
(1.59857e-33 -3.59258e-32 0)
(-9.8089e-32 -2.35453e-31 0)
(-1.33491e-30 -1.39991e-34 0)
(-9.96742e-32 2.33297e-31 0)
(-1.94943e-32 1.68899e-32 0)
)
;

boundaryField
{
    leftWall
    {
        type            fixedValue;
        value           uniform (0 0 0);
    }
    rightWall
    {
        type            fixedValue;
        value           nonuniform 0();
    }
    lowerWall
    {
        type            fixedValue;
        value           uniform (0 0 0);
    }
    atmosphere
    {
        type            pressureInletOutletVelocity;
        value           nonuniform 0();
    }
    defaultFaces
    {
        type            empty;
    }
    procBoundary0to1
    {
        type            processor;
        value           nonuniform List<vector> 
44
(
(3.52787e-44 -2.67682e-41 0)
(3.70888e-43 -3.69687e-40 0)
(4.67687e-42 -4.69094e-39 0)
(5.25651e-41 -5.94861e-38 0)
(5.67382e-40 -6.62748e-37 0)
(4.86268e-39 -7.69125e-36 0)
(3.87604e-38 -7.18257e-35 0)
(1.2448e-37 -7.73163e-34 0)
(-3.10209e-37 -5.44715e-33 0)
(-1.50701e-35 -5.85401e-32 0)
(1.08098e-34 -2.57504e-31 0)
(4.10316e-33 -5.997e-30 0)
(9.51107e-32 7.2003e-31 0)
(4.10211e-33 6.75244e-30 0)
(1.11777e-34 2.97278e-31 0)
(2.7847e-36 1.44242e-31 0)
(9.61885e-36 6.11761e-31 0)
(1.80509e-35 1.12136e-29 0)
(5.70522e-37 2.20414e-29 0)
(-1.80181e-35 1.18984e-29 0)
(-1.80181e-35 1.18984e-29 0)
(8.99376e-32 4.7255e-32 0)
(5.74351e-33 7.25586e-33 0)
(5.77685e-34 4.74063e-34 0)
(3.23977e-35 4.64359e-35 0)
(2.37731e-36 1.00059e-35 0)
(-5.14491e-38 9.70633e-35 0)
(-2.4338e-36 1.77171e-33 0)
(-4.58236e-35 1.77868e-32 0)
(-4.63923e-34 3.20227e-31 0)
(-7.70111e-33 1.94111e-30 0)
(-7.28074e-33 3.99914e-29 0)
(7.28074e-33 3.99914e-29 0)
(7.70106e-33 1.94111e-30 0)
(4.55457e-34 3.20212e-31 0)
(-3.60572e-34 1.76521e-32 0)
(-1.42489e-32 -5.28975e-34 0)
(-3.3049e-31 9.686e-35 0)
(-1.42514e-32 2.30795e-33 0)
(-4.06395e-34 1.35013e-34 0)
(-8.46477e-36 1.49216e-35 0)
(-4.08839e-38 8.11617e-37 0)
(1.42671e-37 1.17625e-37 0)
(9.85128e-37 7.06829e-37 0)
)
;
    }
    procBoundary0to2
    {
        type            processor;
        value           nonuniform List<vector> 
46
(
(-1.42509e-33 2.00449e-33 0)
(-1.59894e-34 1.28613e-34 0)
(-1.08441e-35 1.06905e-35 0)
(-9.08348e-37 6.38247e-37 0)
(-5.64456e-38 4.36524e-38 0)
(-3.89849e-39 2.41981e-39 0)
(-2.22044e-40 1.43621e-40 0)
(-1.32901e-41 7.38595e-42 0)
(-6.96759e-43 3.91483e-43 0)
(-3.72e-44 1.87189e-44 0)
(-1.80447e-45 9.02275e-46 0)
(-8.75355e-47 4.02487e-47 0)
(-3.94841e-48 1.78624e-48 0)
(-1.72647e-49 7.46634e-50 0)
(8.0382e-50 4.29075e-51 0)
(2.11061e-48 2.272e-50 0)
(4.78927e-47 4.19484e-49 0)
(1.07565e-45 6.85469e-48 0)
(2.2468e-44 1.14311e-46 0)
(4.69675e-43 1.57611e-45 0)
(8.93132e-42 2.31352e-44 0)
(1.73069e-40 2.48552e-43 0)
(2.9478e-39 3.09854e-42 0)
(5.27457e-38 2.10636e-41 0)
(7.84879e-37 2.04197e-40 0)
(-6.50188e-32 1.13877e-35 0)
(-9.76696e-31 1.98223e-36 0)
(-5.25447e-30 1.36172e-36 0)
(-9.54816e-29 1.26999e-37 0)
(-3.16129e-29 2.62409e-38 0)
(9.18307e-29 3.88695e-39 0)
(2.97021e-30 -2.77666e-39 0)
(-3.03126e-29 -3.39452e-37 0)
(4.03028e-31 -2.1837e-35 0)
(3.32868e-29 -8.09825e-34 0)
(3.5241e-29 -2.25273e-32 0)
(3.55623e-29 -4.24592e-31 0)
(3.52668e-29 -2.25273e-32 0)
(3.35993e-29 -8.09828e-34 0)
(1.9885e-30 -2.18419e-35 0)
(2.30054e-32 -3.39502e-37 0)
(-1.64198e-30 1.6184e-39 0)
(-3.15901e-29 8.33555e-40 0)
(-1.66483e-30 1.6161e-39 0)
(-1.42509e-33 2.00449e-33 0)
(-3.21052e-31 1.15329e-40 0)
)
;
    }
}


// ************************************************************************* //
