/*--------------------------------*- C++ -*----------------------------------*\
| =========                 |                                                 |
| \\      /  F ield         | OpenFOAM: The Open Source CFD Toolbox           |
|  \\    /   O peration     | Version:  2.4.0                                 |
|   \\  /    A nd           | Web:      www.OpenFOAM.org                      |
|    \\/     M anipulation  |                                                 |
\*---------------------------------------------------------------------------*/
FoamFile
{
    version     2.0;
    format      ascii;
    class       surfaceScalarField;
    location    "0.65";
    object      phi;
}
// * * * * * * * * * * * * * * * * * * * * * * * * * * * * * * * * * * * * * //

dimensions      [0 3 -1 0 0 0 0];

internalField   nonuniform List<scalar> 
3781
(
3.05842e-39
6.6526e-41
1.67435e-38
4.00019e-40
2.37607e-38
2.95288e-39
5.36407e-37
2.26404e-39
5.16082e-41
-5.68957e-39
-5.36003e-37
-5.6821e-39
-2.03334e-38
2.33706e-39
3.12231e-39
3.41909e-39
3.78404e-38
3.76095e-39
5.63284e-37
5.35626e-39
5.56575e-37
-2.94526e-39
-4.92426e-37
-7.95359e-39
2.02199e-38
2.26403e-39
5.39875e-37
5.21676e-39
2.41635e-38
-2.33797e-39
1.67992e-38
-2.96137e-39
3.07574e-39
-4.00802e-40
3.51723e-40
-6.55782e-41
4.66327e-41
-7.55884e-42
4.98303e-42
-9.11336e-43
5.506e-43
-9.33886e-44
5.37496e-44
-9.52761e-45
5.25217e-45
-8.80221e-46
9.33671e-46
-7.28696e-47
5.28919e-45
7.34172e-47
5.41737e-44
8.86386e-46
5.55339e-43
9.60043e-45
5.03148e-42
9.41886e-44
4.71286e-41
9.19969e-43
3.56145e-40
7.64254e-42
3.11728e-39
6.63944e-41
1.71032e-38
4.0743e-40
2.68776e-38
3.01921e-39
5.53505e-37
2.67136e-39
2.68776e-38
-2.67136e-39
1.71032e-38
-3.01921e-39
3.11728e-39
-4.0743e-40
3.56145e-40
-6.63944e-41
4.71286e-41
-7.64258e-42
5.03133e-42
-9.20349e-43
5.54355e-43
-9.7361e-44
4.96446e-44
-3.15762e-44
-1.47847e-44
-1.48198e-43
-6.54115e-43
8.54673e-40
-7.30174e-41
4.57579e-39
-5.81706e-40
2.91192e-38
-4.09692e-39
4.7476e-38
-3.08251e-39
1.69731e-41
7.85954e-39
-4.73469e-38
7.84991e-39
-2.8144e-38
-3.18046e-39
8.78535e-40
-4.76862e-39
3.29638e-38
-5.27245e-39
7.74717e-38
-7.36666e-39
5.30263e-38
4.08714e-39
-1.27893e-38
1.0942e-38
5.56725e-39
-3.0825e-39
4.84644e-38
-7.17928e-39
2.9248e-38
3.18156e-39
4.59433e-39
4.10783e-39
8.63308e-40
5.83525e-40
1.11958e-40
8.83376e-41
1.52495e-41
9.74761e-42
1.72656e-42
1.09784e-42
1.9494e-43
1.07362e-43
1.96606e-44
1.04484e-44
1.95407e-45
9.31801e-46
3.54713e-46
7.48549e-47
1.9683e-45
-7.53892e-47
1.98215e-44
-9.3797e-46
1.96699e-43
-1.05232e-44
1.74425e-42
-1.08212e-43
1.54244e-41
-1.10735e-42
1.13485e-40
-9.84436e-42
8.76791e-40
-8.93262e-41
4.69065e-39
-5.92153e-40
2.99959e-38
-4.18621e-39
5.21648e-38
-3.67454e-39
2.99959e-38
3.67454e-39
4.69065e-39
4.18621e-39
8.76791e-40
5.92153e-40
1.13485e-40
8.93262e-41
1.54242e-41
9.84403e-42
1.7427e-42
1.10443e-42
1.86434e-43
8.35837e-44
-2.77744e-44
-1.62226e-43
-2.10975e-43
-1.17416e-42
-5.31229e-42
1.89602e-40
-2.29682e-41
7.78814e-40
-1.73315e-40
3.76972e-39
-1.019e-39
5.84468e-39
-7.18838e-40
4.79109e-42
1.94232e-39
-5.8116e-39
1.93906e-39
-3.55088e-39
-7.49952e-40
1.94887e-40
-1.22066e-39
4.39163e-39
-1.3696e-39
9.80865e-39
-1.79711e-39
6.84187e-39
1.01565e-39
-1.07292e-39
2.66115e-39
1.00198e-39
-7.18826e-40
6.06714e-39
-1.73774e-39
3.80267e-39
7.50337e-40
7.83844e-40
1.02268e-39
1.9062e-40
1.73889e-40
2.82295e-41
2.7865e-41
4.27432e-42
3.3045e-42
5.17518e-43
3.85466e-43
6.15874e-44
3.92534e-44
6.4506e-45
3.91446e-45
6.60942e-46
3.58357e-46
1.22767e-46
2.92609e-47
6.65951e-46
-2.94769e-47
6.50617e-45
-3.60815e-46
6.21807e-44
-3.9437e-45
5.23302e-43
-3.95796e-44
4.32934e-42
-3.89017e-43
2.86841e-41
-3.33978e-42
1.94363e-40
-2.82105e-41
8.07675e-40
-1.768e-40
3.96402e-39
-1.04716e-39
6.65178e-39
-8.95587e-40
3.96402e-39
8.95587e-40
8.07675e-40
1.04716e-39
1.94363e-40
1.768e-40
2.86839e-41
2.82103e-41
4.32753e-42
3.33741e-42
5.10493e-43
3.67904e-43
-2.38344e-44
-1.40975e-43
-3.97385e-43
-1.28049e-42
-1.83285e-42
-8.89264e-42
-4.10622e-41
3.02815e-41
-7.17486e-42
9.8071e-41
-4.35486e-41
3.71716e-40
-2.37734e-40
5.49326e-40
-1.63494e-40
9.30179e-43
4.52503e-40
-5.43339e-40
4.5159e-40
-3.36328e-40
-1.7183e-40
3.11616e-41
-2.88279e-40
4.45518e-40
-3.24983e-40
9.52063e-40
-4.16869e-40
6.82643e-40
2.36537e-40
-4.33556e-41
6.15954e-40
1.34247e-40
-1.6344e-40
5.85395e-40
-4.00899e-40
3.77667e-40
1.71944e-40
9.9012e-41
2.3853e-40
3.03387e-41
4.33536e-41
5.04374e-42
7.46897e-42
8.24452e-43
9.34469e-43
1.05407e-43
1.14208e-43
1.30184e-44
1.20516e-44
1.40563e-45
1.23702e-45
1.47271e-46
1.15856e-46
2.78783e-47
9.62209e-48
1.48424e-46
-9.69518e-48
1.41823e-45
-1.16677e-46
1.31503e-44
-1.24664e-45
1.06664e-43
-1.21569e-44
8.36037e-43
-1.15328e-43
5.13584e-42
-9.45263e-43
3.10549e-41
-7.57089e-42
1.03205e-40
-4.41714e-41
4.0275e-40
-2.45041e-40
6.52411e-40
-2.07599e-40
4.0275e-40
2.07599e-40
1.03205e-40
2.45041e-40
3.10547e-41
4.41712e-41
5.13419e-42
7.56934e-42
8.22062e-43
9.29631e-43
6.75842e-45
-2.54879e-44
-6.67035e-43
-1.20957e-42
-3.24324e-42
-8.84271e-42
-1.49709e-41
-6.2538e-41
-2.96782e-40
4.48309e-42
-9.45777e-42
1.10624e-41
-1.09133e-41
2.76792e-41
-4.29354e-41
3.70991e-41
-2.78179e-41
1.70122e-43
7.77999e-41
-3.60754e-41
7.76812e-41
-2.22514e-41
-2.90484e-41
4.6993e-42
-5.03035e-41
3.50855e-41
-5.6984e-41
6.93934e-41
-7.14138e-41
5.34214e-41
4.07123e-41
7.06989e-42
1.05295e-40
1.65077e-41
-2.74159e-41
4.25886e-41
-6.83147e-41
2.86374e-41
2.90708e-41
1.11473e-41
4.11169e-41
4.55303e-42
7.96035e-42
8.34976e-43
1.44472e-42
1.46561e-43
1.89214e-43
1.95824e-44
2.39349e-44
2.50084e-45
2.6015e-45
2.76843e-46
2.72949e-46
2.95829e-47
2.60573e-47
5.68755e-48
2.19328e-48
2.98206e-47
-2.21035e-48
2.7941e-46
-2.62469e-47
2.52728e-45
-2.75141e-46
1.98293e-44
-2.62514e-45
1.48779e-43
-2.41814e-44
8.51999e-43
-1.91538e-43
4.67946e-42
-1.466e-42
1.18307e-41
-8.12509e-42
3.23161e-41
-4.23672e-41
4.88882e-41
-3.55384e-41
3.23161e-41
3.55384e-41
1.18306e-41
4.23671e-41
4.67814e-42
8.1242e-42
8.40129e-43
1.4566e-42
4.69286e-44
9.60088e-44
-7.18437e-43
-8.48503e-43
-5.11245e-42
-7.71121e-42
-2.48932e-41
-5.71196e-41
-1.17294e-40
-4.15642e-40
-2.04574e-39
-6.5019e-44
-6.00853e-41
1.81711e-42
-2.27121e-41
1.70895e-42
-2.13036e-41
1.46256e-42
-7.23037e-42
5.76278e-44
1.21001e-41
-1.14964e-42
1.25388e-41
-6.47755e-43
-4.68188e-42
6.43246e-43
-8.23892e-42
2.07462e-42
-9.35559e-42
3.33573e-42
-1.1571e-41
3.19545e-42
6.60554e-42
2.00407e-42
1.70315e-41
1.91653e-42
-4.38233e-42
2.06657e-42
-1.1022e-41
1.54e-42
4.67619e-42
1.17773e-42
6.67977e-42
6.2048e-43
1.34292e-42
1.22791e-43
2.5528e-43
2.26996e-44
3.46376e-44
3.14135e-45
4.51647e-45
4.11684e-46
5.02748e-46
4.65326e-47
5.37613e-47
5.05311e-48
5.21267e-48
9.84639e-49
4.43778e-49
5.09467e-48
-4.473e-49
4.69764e-47
-5.25143e-48
4.16192e-46
-5.42048e-47
3.18278e-45
-5.07471e-46
2.30638e-44
-4.56493e-45
1.2551e-43
-3.50856e-44
6.39945e-43
-2.59283e-43
1.27699e-42
-1.37294e-42
2.03138e-42
-6.8994e-42
2.57815e-42
-5.75477e-42
2.0313e-42
5.75473e-42
1.27613e-42
6.89899e-42
6.3132e-43
1.36827e-42
4.70543e-44
2.09526e-43
-6.59709e-43
-4.77294e-43
-5.02976e-42
-4.75477e-42
-3.55883e-41
-4.30077e-41
-1.77605e-40
-3.27993e-40
-8.56296e-40
-2.47361e-39
-1.28033e-38
-4.16339e-42
-4.00268e-40
5.66861e-42
-1.44623e-40
2.51505e-42
-1.02319e-40
1.10237e-42
-1.98586e-41
2.45168e-43
-1.78843e-42
1.87523e-43
1.33008e-42
1.10406e-43
-7.32052e-43
8.68349e-44
-1.20536e-42
5.9111e-44
-1.36482e-42
-3.97251e-44
-1.66608e-42
1.02597e-43
9.52552e-43
3.44364e-43
2.44833e-42
2.27388e-43
-6.22782e-43
-1.84104e-44
-1.58078e-42
1.68441e-44
6.68487e-43
1.28149e-43
9.64423e-43
8.26763e-44
2.00641e-43
1.72372e-44
3.95355e-44
3.31237e-45
5.52649e-45
4.70612e-46
7.38178e-46
6.29634e-47
8.38462e-47
7.23496e-48
9.10749e-48
7.96118e-49
8.95017e-49
1.56818e-49
7.69363e-50
8.02789e-49
-7.75577e-50
7.30558e-48
-9.01801e-49
6.36727e-47
-9.18437e-48
4.77043e-46
-8.46562e-47
3.36795e-45
-7.46375e-46
1.76433e-44
-5.60106e-45
8.55035e-44
-4.0188e-44
1.41947e-43
-2.05411e-43
8.13335e-44
-9.98265e-43
2.03545e-44
-8.28122e-43
8.08535e-44
8.27952e-43
1.36814e-43
9.96369e-43
3.31819e-44
1.83445e-43
-4.64929e-43
-1.97079e-43
-4.27304e-42
-2.4818e-42
-3.21989e-41
-2.36082e-41
-2.33899e-40
-2.20016e-40
-1.20509e-39
-1.74725e-39
-6.00308e-39
-1.3901e-38
-7.71473e-38
-1.5559e-41
-2.56862e-39
4.85982e-41
-8.89175e-40
1.95033e-41
-6.25902e-40
8.84537e-42
-1.15725e-40
1.70123e-42
-2.07341e-41
3.48865e-43
-2.5182e-42
6.84002e-44
-4.46139e-43
1.65609e-44
-2.04756e-43
-5.77748e-45
-1.9315e-43
-3.53388e-44
-2.2923e-43
-7.33877e-45
1.30885e-43
4.79859e-44
3.3585e-43
2.68374e-44
-8.47083e-44
-2.06187e-44
-2.16438e-43
-9.77635e-45
9.13653e-44
1.42362e-44
1.32687e-43
1.04368e-44
2.8289e-44
2.25755e-45
5.73914e-45
4.45989e-46
8.21e-46
6.47068e-47
1.11838e-46
8.79985e-48
1.29097e-47
1.02524e-48
1.42046e-48
1.14062e-49
1.41123e-49
2.26787e-50
1.2228e-50
1.15033e-49
-1.23282e-50
1.03545e-48
-1.4221e-49
8.90134e-48
-1.43268e-48
6.56168e-47
-1.30373e-47
4.53741e-46
-1.13115e-46
2.31322e-45
-8.32463e-46
1.08159e-44
-5.83781e-45
1.60287e-44
-2.89955e-44
-1.74538e-45
-1.37582e-43
-1.79337e-44
-1.13734e-43
-4.21999e-45
1.13134e-43
-1.07069e-44
1.30857e-43
-2.65396e-43
-4.98455e-44
-2.58646e-42
-8.58061e-43
-2.34146e-41
-9.23544e-42
-1.80886e-40
-9.00895e-41
-1.35501e-39
-8.73893e-40
-7.26526e-39
-7.38183e-39
-3.74512e-38
-6.33331e-38
-3.92041e-37
9.78688e-41
-1.45923e-38
4.41844e-40
-5.18941e-39
1.52443e-40
-3.77282e-39
6.25937e-41
-6.66982e-40
1.1468e-41
-1.16228e-40
2.04547e-42
-1.47536e-41
2.78708e-43
-1.85431e-42
3.68306e-44
-2.1899e-43
2.3742e-45
-4.49842e-44
-5.6357e-45
-3.12527e-44
-2.01341e-45
1.65979e-44
6.10637e-45
4.2939e-44
3.1682e-45
-1.07495e-44
-3.55257e-45
-2.76357e-44
-1.87665e-45
1.16436e-44
1.62136e-45
1.70185e-44
1.27579e-45
3.70839e-45
2.82882e-46
7.6966e-46
5.70368e-47
1.12242e-46
8.40985e-48
1.55323e-47
1.15871e-48
1.81743e-48
1.36508e-49
2.02114e-49
1.5324e-50
2.02684e-50
3.07016e-51
1.76806e-51
1.54561e-50
-1.78272e-51
1.37887e-49
-2.04267e-50
1.17232e-48
-2.03881e-49
8.5307e-48
-1.83576e-48
5.80533e-47
-1.5714e-47
2.90066e-46
-1.13857e-46
1.32364e-45
-7.83383e-46
1.83832e-45
-3.8054e-45
-9.83813e-46
-1.7682e-44
-4.32285e-45
-1.46806e-44
-1.25452e-44
1.28825e-44
-1.24764e-43
-2.74486e-45
-1.33001e-42
-2.39607e-43
-1.2733e-41
-2.71621e-42
-1.18339e-40
-2.99037e-41
-9.43567e-40
-3.03268e-40
-7.37152e-39
-3.14344e-39
-4.14778e-38
-2.91926e-38
-2.26728e-37
-2.83655e-37
-2.0389e-36
2.94377e-39
-8.20366e-38
4.15887e-39
-2.4983e-38
1.14793e-39
-1.74512e-38
3.95212e-40
-2.95012e-39
6.79959e-41
-4.87857e-40
1.15529e-41
-5.97662e-41
1.51123e-42
-7.21366e-42
1.90853e-43
-7.58225e-43
2.06907e-44
-8.05679e-44
1.41511e-45
-1.12538e-44
-8.32132e-47
1.65964e-45
7.38668e-46
5.85988e-45
3.63919e-46
-1.47576e-45
-4.62089e-46
-3.80124e-45
-2.5164e-46
1.59922e-45
1.81844e-46
2.34872e-45
1.48346e-46
5.20216e-46
3.35226e-47
1.09839e-46
6.86498e-48
1.62527e-47
1.02593e-48
2.27625e-48
1.42873e-49
2.69128e-49
1.69935e-50
3.01756e-50
1.92225e-51
3.04796e-51
3.87689e-52
2.67257e-52
1.93887e-51
-2.69496e-52
1.71652e-50
-3.07201e-51
1.44542e-49
-3.04431e-50
1.0404e-48
-2.71888e-49
6.98193e-48
-2.30345e-48
3.42806e-47
-1.64931e-47
1.52482e-46
-1.11869e-46
1.86174e-46
-5.34548e-46
-4.20822e-46
-2.44761e-45
-3.87011e-45
-2.08338e-45
-4.05031e-44
9.79274e-46
-4.45187e-43
-1.03331e-44
-4.77075e-42
-1.56292e-43
-4.66939e-41
-1.83675e-42
-4.46646e-40
-2.23145e-41
-3.69726e-39
-2.73033e-40
-3.01817e-38
-3.76916e-39
-1.80197e-37
-5.14325e-38
-1.03997e-36
-6.83854e-37
-6.91543e-36
7.0631e-38
-5.54318e-37
6.44666e-38
-1.92937e-37
1.49027e-38
-1.44523e-37
4.31166e-39
-2.15379e-38
6.80636e-40
-3.39088e-39
1.09398e-40
-3.92723e-40
1.37214e-41
-4.59805e-41
1.68378e-42
-4.66593e-42
1.80244e-43
-4.67678e-43
1.85664e-44
-4.312e-44
1.72967e-45
-3.6634e-45
2.48031e-46
1.0201e-46
5.68246e-47
-1.30692e-46
-5.6845e-47
-2.73387e-46
-3.1898e-47
1.13972e-46
2.13578e-47
1.68246e-46
1.77612e-47
3.78886e-47
4.06558e-48
8.1861e-48
8.41507e-49
1.23285e-48
1.26943e-49
1.75635e-49
1.78081e-50
2.10609e-50
2.13196e-51
2.39121e-51
2.42368e-52
2.44142e-52
4.90494e-53
2.15913e-53
2.43745e-52
-2.17656e-53
2.14179e-51
-2.4595e-52
1.7831e-50
-2.41032e-51
1.25898e-49
-2.12415e-50
8.13624e-49
-1.77158e-49
3.55108e-48
-1.24208e-48
9.79827e-48
-8.20191e-48
-9.12812e-47
-3.69751e-47
-1.52097e-45
-1.48025e-46
-1.8593e-44
2.15795e-46
-2.22447e-43
4.75081e-45
-2.50311e-42
5.61313e-44
-2.75341e-41
6.51548e-43
-2.7703e-40
6.82846e-42
-2.75932e-39
6.16269e-41
-2.38e-38
2.71301e-40
-2.08051e-37
-4.92751e-39
-1.32629e-36
-1.95926e-37
-8.89121e-36
-3.85286e-36
-5.46193e-35
1.29553e-36
-7.56674e-37
9.49344e-37
-6.31655e-37
1.61935e-37
-1.62296e-37
3.34421e-38
-2.06733e-38
4.59813e-39
-3.00738e-39
6.60461e-40
-3.38206e-40
7.77357e-41
-3.91436e-41
9.07333e-42
-3.94728e-42
9.39542e-43
-3.94426e-43
9.47264e-44
-3.60724e-44
8.79906e-45
-3.20591e-45
7.97404e-46
-2.37833e-46
6.9815e-47
-2.9671e-47
1.61723e-48
-2.19082e-47
-1.71738e-48
8.36148e-48
1.4261e-48
1.2555e-47
1.17313e-48
2.85917e-48
2.71695e-49
6.22341e-49
5.69956e-50
9.44545e-50
8.69754e-51
1.35207e-50
1.23304e-51
1.62912e-51
1.48968e-52
1.8549e-52
1.70725e-53
1.89901e-53
3.50141e-54
1.682e-54
1.75491e-53
-1.68886e-54
1.55752e-52
-1.9023e-53
1.32954e-51
-1.8519e-52
1.00587e-50
-1.61442e-51
7.61199e-50
-1.31884e-50
5.34854e-49
-8.83319e-50
4.73468e-48
-5.22614e-49
4.80075e-47
-1.35073e-48
5.91352e-46
8.89205e-48
7.20924e-45
2.80868e-46
8.48696e-44
3.75959e-45
9.39979e-43
4.56983e-44
1.00745e-41
5.34802e-43
9.9434e-41
5.6663e-42
9.54612e-40
5.26511e-41
8.04485e-39
2.74956e-40
6.64266e-38
-2.91151e-39
4.13361e-37
-1.40438e-37
2.4832e-36
-2.87295e-36
-4.20898e-35
3.20446e-35
-1.61946e-35
1.62889e-36
-8.17494e-37
1.24672e-36
5.26735e-38
2.45406e-37
1.44111e-38
3.06375e-38
2.75458e-39
4.26749e-39
3.33159e-40
4.80235e-40
3.95819e-41
5.48747e-41
4.01856e-42
5.53722e-42
4.019e-43
5.49788e-43
3.67066e-44
5.02214e-44
3.27379e-45
4.4656e-45
2.75757e-46
3.73469e-46
2.1711e-47
3.00131e-47
3.53644e-49
2.19287e-48
7.01375e-49
2.6885e-49
8.59534e-49
9.16939e-50
1.96407e-49
1.93726e-50
4.3142e-50
3.96372e-51
6.61016e-51
6.03373e-52
9.54158e-52
8.56018e-53
1.15844e-52
1.03702e-53
1.32724e-53
1.19813e-54
1.36641e-54
3.66177e-55
1.21019e-55
3.23195e-54
-1.30929e-55
4.31362e-53
-1.51974e-54
5.98033e-52
-1.57467e-53
8.37668e-51
-1.54916e-52
1.18614e-49
-1.5587e-51
1.6529e-48
-1.57086e-50
2.26803e-47
-1.76767e-49
3.00352e-46
-2.09368e-48
3.86595e-45
-2.70647e-47
4.74419e-44
-3.48039e-46
5.64151e-43
-4.46581e-45
6.31323e-42
-5.43704e-44
6.86468e-41
-6.34112e-43
6.86907e-40
-6.62188e-42
6.73692e-39
-5.85239e-41
5.79016e-38
-2.08039e-40
4.9577e-37
6.34842e-39
3.189e-36
2.26041e-37
2.08057e-35
4.39388e-36
6.25282e-35
1.41176e-36
-5.63161e-37
8.08939e-37
-4.0134e-37
1.41652e-37
9.62322e-38
2.99459e-38
1.85247e-38
4.19934e-39
3.23121e-39
6.12556e-40
3.8499e-40
7.29076e-41
4.55698e-41
8.58408e-42
4.63968e-42
8.94817e-43
4.65348e-43
9.07091e-44
4.26542e-44
8.46442e-45
3.81367e-45
7.64161e-46
3.19858e-46
6.48676e-47
2.6e-47
5.30552e-48
1.92386e-48
4.0656e-49
1.90257e-49
3.73673e-50
6.85987e-50
7.30645e-51
1.41508e-50
1.34556e-51
3.01354e-51
2.62907e-52
4.60061e-52
3.96814e-53
6.63849e-53
5.62401e-54
8.07769e-54
6.83049e-55
9.26909e-55
7.91059e-56
9.5588e-56
2.36461e-56
8.07559e-57
2.01777e-55
-1.61437e-56
2.62761e-54
-2.24551e-55
3.54737e-53
-3.05426e-54
4.84183e-52
-4.22217e-53
6.67643e-51
-6.00314e-52
9.07921e-50
-8.55539e-51
1.21153e-48
-1.22391e-49
1.5636e-47
-1.71366e-48
1.94548e-46
-2.35632e-47
2.31559e-45
-3.11773e-46
2.63163e-44
-4.00531e-45
2.83395e-43
-4.86989e-44
2.88666e-42
-5.65511e-43
2.74608e-41
-5.83335e-42
2.42506e-40
-4.91945e-41
1.94294e-39
-9.87075e-41
1.35938e-38
7.7522e-39
7.94956e-38
2.42863e-37
2.77828e-37
4.5703e-36
6.33389e-35
1.39861e-37
-4.4002e-37
-1.83801e-38
-5.60198e-38
2.6069e-39
9.53571e-39
2.16907e-39
2.40406e-39
4.33213e-40
4.56103e-40
7.95003e-41
5.83647e-41
1.06889e-41
7.18558e-42
1.37552e-42
7.60071e-43
1.52003e-43
7.81722e-44
1.61187e-44
7.3414e-45
1.55442e-45
6.6803e-46
1.44061e-46
5.69626e-47
1.24788e-47
4.69637e-48
1.03999e-48
3.62523e-49
8.18357e-50
3.0422e-50
6.67209e-51
5.70359e-51
7.7747e-52
1.00227e-51
1.07709e-52
2.01063e-52
1.82439e-53
3.03385e-53
2.63378e-54
4.36577e-54
3.6629e-55
5.32212e-55
4.405e-56
6.12054e-56
2.12681e-57
6.35621e-57
-4.92233e-56
1.02355e-57
-8.29936e-55
7.43358e-57
-1.34431e-53
1.2957e-55
-2.11873e-52
2.19105e-54
-3.23434e-51
3.57422e-53
-4.80143e-50
5.64726e-52
-6.87809e-49
8.61823e-51
-9.57415e-48
1.27661e-49
-1.27868e-46
1.82206e-48
-1.65893e-45
2.52565e-47
-2.04707e-44
3.35475e-46
-2.45698e-43
4.33054e-45
-2.76569e-42
5.31149e-44
-3.04363e-41
6.36036e-43
-3.06352e-40
7.17921e-42
-3.05372e-39
8.10479e-41
-2.63547e-38
8.74104e-40
-2.30667e-37
1.01058e-38
-1.47158e-36
1.13156e-37
-9.88495e-36
1.31334e-36
1.18848e-35
1.0711e-38
-7.79525e-38
-6.25787e-39
-1.01562e-38
-6.15484e-40
5.44451e-40
8.68986e-41
2.50976e-40
3.16181e-41
5.86646e-41
7.21813e-42
8.29484e-42
1.07487e-42
1.10486e-42
1.47372e-43
1.23254e-43
1.70263e-44
1.32235e-44
1.8632e-45
1.28114e-45
1.84294e-46
1.19519e-46
1.74117e-47
1.039e-47
1.53321e-48
8.7059e-49
1.29528e-49
6.87728e-50
1.03432e-50
5.45758e-51
8.23091e-52
6.19542e-52
7.80925e-53
8.19003e-53
8.74738e-54
1.40181e-53
1.26034e-54
2.01592e-54
1.70661e-55
2.84061e-55
2.30395e-56
3.44013e-56
2.79714e-57
3.94681e-57
1.11624e-57
4.58717e-58
1.36413e-56
9.46772e-58
2.24394e-55
1.58351e-56
3.5963e-54
2.69187e-55
5.60997e-53
4.46308e-54
8.47746e-52
7.19041e-53
1.24439e-50
1.12827e-51
1.7617e-49
1.71502e-50
2.41791e-48
2.53594e-49
3.18112e-47
3.61686e-48
4.05047e-46
5.01335e-47
4.89921e-45
6.6615e-46
5.72958e-44
8.6029e-45
6.27368e-43
1.0558e-43
6.64897e-42
1.26439e-42
6.42984e-41
1.4258e-41
6.04842e-40
1.60219e-40
4.91194e-39
1.70666e-39
3.90815e-38
1.92784e-38
2.2668e-37
2.08195e-37
1.26388e-36
2.34338e-36
2.05142e-35
1.15655e-39
-7.99733e-39
-1.14483e-39
-1.17946e-39
-1.53631e-40
-6.74897e-42
-7.59457e-42
1.80852e-41
1.42414e-42
5.34166e-42
5.71882e-43
8.31531e-43
1.00048e-43
1.17956e-43
1.50566e-44
1.37658e-44
1.84046e-45
1.5258e-45
2.0981e-46
1.51756e-46
2.1377e-47
1.44426e-47
2.06677e-48
1.27694e-48
1.85299e-49
1.08453e-49
1.58869e-50
8.69201e-51
1.28555e-51
6.84071e-52
1.01626e-52
6.37477e-53
8.58232e-54
6.84449e-54
8.04109e-55
9.80037e-55
9.45835e-56
1.31369e-55
1.14802e-56
1.78933e-56
1.48112e-57
2.1406e-57
5.77236e-58
2.4452e-58
7.12744e-57
3.45672e-59
1.20783e-55
1.70158e-58
2.00154e-54
2.9324e-57
3.22434e-53
4.99535e-56
5.05848e-52
8.30305e-55
7.69063e-51
1.34144e-53
1.13698e-49
2.11193e-52
1.62217e-48
3.22166e-51
2.24752e-47
4.78405e-50
2.98754e-46
6.85464e-49
3.85334e-45
9.55999e-48
4.72692e-44
1.28136e-46
5.62992e-43
1.68457e-45
6.28921e-42
2.15742e-44
6.84854e-41
2.88596e-43
6.82366e-40
4.22808e-42
6.69886e-39
7.57359e-41
5.70123e-38
1.5447e-39
4.87331e-37
3.26039e-38
3.04861e-36
6.22836e-37
1.95947e-35
1.00651e-35
1.26088e-34
1.05097e-40
-9.95494e-40
-1.1823e-40
-1.50971e-40
-1.79469e-41
-1.00505e-41
-1.67146e-42
6.42595e-43
-2.69722e-45
4.17732e-43
3.6271e-44
7.61379e-44
7.72401e-45
1.18478e-44
1.27346e-45
1.46152e-45
1.6407e-46
1.68725e-46
1.93853e-47
1.72818e-47
2.02827e-48
1.68281e-48
2.00066e-49
1.51468e-49
1.82314e-50
1.30511e-50
1.58357e-51
1.05959e-51
1.29625e-52
8.34865e-53
1.02728e-53
6.99879e-54
8.28163e-55
6.38775e-55
7.05484e-56
7.42787e-56
7.12607e-57
8.89072e-57
7.75574e-58
1.1346e-57
1.27749e-58
1.31747e-58
6.6294e-58
1.08296e-59
1.13925e-56
-7.14066e-59
1.9373e-55
-1.30118e-57
3.21369e-54
-2.26809e-56
5.18252e-53
-3.85154e-55
8.14026e-52
-6.37975e-54
1.23913e-50
-1.02707e-52
1.83454e-49
-1.6106e-51
2.62124e-48
-2.44679e-50
3.63807e-47
-3.61584e-49
4.84456e-46
-5.15363e-48
6.26234e-45
-7.13624e-47
7.69904e-44
-9.46416e-46
9.19649e-43
-1.21614e-44
1.03025e-41
-1.47074e-43
1.1264e-40
-1.68402e-42
1.12652e-39
-1.64176e-41
1.11264e-38
-1.09194e-40
9.5194e-38
8.23685e-40
8.22235e-37
5.036e-38
5.18649e-36
1.28424e-36
3.41326e-35
2.29549e-35
3.09272e-34
1.09587e-41
-9.50571e-41
-1.25267e-41
-1.53155e-41
-2.01683e-42
-1.56191e-42
-2.55721e-43
-3.81223e-44
-1.49556e-44
2.5448e-44
1.36351e-45
5.77904e-45
5.08081e-46
9.92658e-46
9.84171e-47
1.29384e-46
1.36733e-47
1.55072e-47
1.69464e-48
1.63257e-48
1.83121e-49
1.62292e-49
1.84988e-50
1.48534e-50
1.7166e-51
1.29682e-51
1.51246e-52
1.06517e-52
1.25264e-53
8.43999e-54
9.98386e-55
6.78192e-55
7.86455e-56
5.68198e-56
6.31481e-57
5.6667e-57
5.64804e-58
6.05116e-58
5.46172e-59
7.12891e-59
6.9198e-60
7.75168e-60
1.98869e-59
-3.26712e-60
3.36471e-58
-7.56435e-59
5.7237e-57
-1.3514e-57
9.49942e-56
-2.35541e-56
1.5327e-54
-3.99985e-55
2.40883e-53
-6.62547e-54
3.66899e-52
-1.06663e-52
5.43576e-51
-1.67264e-51
7.77238e-50
-2.54105e-50
1.07967e-48
-3.75513e-49
1.43898e-47
-5.35216e-48
1.86212e-46
-7.41116e-47
2.2918e-45
-9.82888e-46
2.74142e-44
-1.26309e-44
3.07534e-43
-1.52789e-43
3.36886e-42
-1.75091e-42
3.37526e-41
-1.71217e-41
3.34309e-40
-1.15649e-40
2.86725e-39
7.93322e-40
2.48816e-38
5.08132e-38
1.57522e-37
1.30361e-36
1.04706e-36
2.33423e-35
3.14879e-34
9.69927e-43
-9.6698e-42
-1.09819e-42
-1.59453e-42
-1.86637e-43
-2.14457e-43
-2.74492e-44
-1.42689e-44
-2.23052e-45
7.9891e-46
-2.97154e-47
3.68341e-46
2.64721e-47
7.55659e-47
6.59553e-48
1.06516e-47
1.00337e-48
1.34119e-48
1.30909e-49
1.45905e-49
1.46232e-50
1.48591e-50
1.51248e-51
1.38506e-51
1.42886e-52
1.22672e-52
1.27646e-53
1.0195e-53
1.06928e-54
8.13795e-55
8.58432e-56
6.40711e-56
6.70785e-57
5.0988e-57
5.22966e-58
4.51908e-58
4.32814e-59
4.31556e-59
1.84088e-60
4.62144e-60
-3.60069e-59
5.05917e-61
-6.5002e-58
3.0995e-61
-1.13451e-56
4.73573e-60
-1.92946e-55
8.49198e-59
-3.20073e-54
1.48989e-57
-5.16168e-53
2.54763e-56
-8.10762e-52
4.25273e-55
-1.23418e-50
6.90189e-54
-1.82723e-49
1.09229e-52
-2.61083e-48
1.67528e-51
-3.62367e-47
2.50352e-50
-4.82544e-46
3.61109e-49
-6.23771e-45
5.07952e-48
-7.66884e-44
6.88327e-47
-9.16057e-43
9.23181e-46
-1.02623e-41
1.23196e-44
-1.12204e-40
1.80202e-43
-1.12217e-39
3.07347e-42
-1.10839e-38
6.46487e-41
-9.48316e-38
1.47449e-39
-8.19199e-37
3.27911e-38
-5.16765e-36
6.42261e-37
-3.40225e-35
1.04818e-35
1.32208e-34
8.81474e-44
-8.60671e-43
-9.75408e-44
-1.47263e-43
-1.71437e-44
-2.30992e-44
-2.82881e-45
-2.01002e-45
-2.74386e-46
-5.36396e-47
-1.61323e-47
1.76225e-47
5.92767e-49
4.9997e-48
3.71544e-49
7.81845e-49
6.66752e-50
1.04272e-49
9.39871e-51
1.1762e-50
1.09741e-51
1.22887e-51
1.16926e-52
1.16768e-52
1.12821e-53
1.04954e-53
1.02399e-54
8.82815e-55
8.68462e-56
7.10701e-56
7.03243e-57
5.55596e-57
5.48672e-58
4.27839e-58
4.21093e-59
3.54124e-59
3.24517e-60
5.9685e-60
-1.06628e-60
9.96292e-61
-2.42991e-59
3.19243e-61
-4.34227e-58
2.34392e-60
-7.57173e-57
4.23181e-59
-1.28654e-55
7.55226e-58
-2.13202e-54
1.31661e-56
-3.43455e-53
2.2364e-55
-5.38821e-52
3.70555e-54
-8.19179e-51
5.96753e-53
-1.21104e-49
9.36165e-52
-1.72776e-48
1.42281e-50
-2.39367e-47
2.10373e-49
-3.18158e-46
3.00032e-48
-4.10323e-45
4.15871e-47
-5.03286e-44
5.52599e-46
-5.99344e-43
7.13693e-45
-6.69401e-42
8.76111e-44
-7.28775e-41
1.04999e-42
-7.25903e-40
1.18669e-41
-7.12403e-39
1.34113e-40
-6.06023e-38
1.4482e-39
-5.17842e-37
1.67465e-38
-3.23762e-36
1.87374e-37
-2.08137e-35
2.17196e-36
-1.80425e-35
1.96111e-35
1.29331e-34
5.39786e-45
-3.02488e-43
-5.9033e-45
-5.27689e-44
-1.06493e-45
-9.31065e-45
-1.8521e-46
-9.41629e-46
-1.92902e-47
-6.2425e-47
-1.4312e-48
4.5447e-49
-2.18397e-50
1.04311e-48
1.57019e-50
1.99205e-49
3.35177e-51
2.90316e-50
5.04018e-52
3.4384e-51
6.08738e-53
3.71036e-52
6.62672e-54
3.60641e-53
6.49073e-55
3.29683e-54
5.95625e-56
2.80931e-55
5.09525e-57
2.2748e-56
4.15365e-58
1.73315e-57
3.29282e-59
6.96331e-59
2.874e-60
8.96953e-60
6.5583e-62
5.86871e-59
-4.44257e-61
1.38978e-59
-4.88885e-60
3.39057e-60
-8.62429e-59
1.71544e-60
-1.49919e-57
2.173e-59
-2.53918e-56
3.85985e-58
-4.1925e-55
6.72021e-57
-6.72731e-54
1.13995e-55
-1.05059e-52
1.88593e-54
-1.58943e-51
3.03227e-53
-2.33618e-50
4.74817e-52
-3.31239e-49
7.2025e-51
-4.55476e-48
1.06253e-49
-6.00583e-47
1.51179e-48
-7.66853e-46
2.08946e-47
-9.30671e-45
2.768e-46
-1.09304e-43
3.56051e-45
-1.20312e-42
4.34933e-44
-1.28354e-41
5.16817e-43
-1.25184e-40
5.75091e-42
-1.18999e-39
6.27937e-41
-9.80155e-39
6.29321e-40
-7.92032e-38
6.35262e-39
-4.69498e-37
5.66377e-38
-2.65675e-36
5.21361e-37
-2.25807e-36
3.52089e-36
2.20051e-35
-2.14409e-44
-2.61364e-42
2.32753e-44
-4.47994e-43
4.24074e-45
-7.11264e-44
7.57322e-46
-6.3154e-45
8.16571e-47
-2.07295e-46
6.69062e-48
4.69791e-47
2.31399e-49
1.42693e-47
-4.31327e-50
2.2665e-48
-1.11282e-50
3.04587e-49
-1.76808e-51
3.45018e-50
-2.19074e-52
3.61489e-51
-2.42208e-53
3.44157e-52
-2.39672e-54
3.098e-53
-2.21571e-55
2.60799e-54
-1.90576e-56
2.08413e-55
-1.55474e-57
1.5432e-56
-1.11686e-58
-3.79723e-59
-1.03557e-60
7.10254e-59
-2.99556e-60
1.14441e-57
-4.09105e-60
2.71048e-58
-1.91047e-60
6.50153e-59
-1.68082e-59
1.05753e-59
-2.88335e-58
5.88961e-60
-4.88052e-57
7.73517e-59
-8.05128e-56
1.33995e-57
-1.29028e-54
2.26647e-56
-2.01146e-53
3.73728e-55
-3.03619e-52
5.98738e-54
-4.44943e-51
9.3358e-53
-6.28542e-50
1.40965e-51
-8.60261e-49
2.0681e-50
-1.12782e-47
2.92507e-49
-1.42975e-46
4.01332e-48
-1.71979e-45
5.27491e-47
-1.99749e-44
6.71777e-46
-2.16779e-43
8.11777e-45
-2.27212e-42
9.50696e-44
-2.16454e-41
1.0406e-42
-1.99888e-40
1.10847e-41
-1.58113e-39
1.07583e-40
-1.22163e-38
1.03004e-39
-6.77895e-38
8.52253e-39
-3.66333e-37
7.07637e-38
-3.094e-37
4.20509e-37
2.37042e-36
-2.714e-43
-2.98961e-41
2.99811e-43
-4.95091e-42
5.28731e-44
-6.8077e-43
8.79731e-45
-4.77528e-44
8.65081e-46
1.76129e-45
5.37243e-47
1.03933e-45
-1.2299e-48
2.20358e-46
-1.06315e-48
3.14228e-47
-1.95881e-49
3.98313e-48
-2.79076e-50
4.35057e-49
-3.2764e-51
4.44355e-50
-3.50332e-52
4.15056e-51
-3.38842e-53
3.68211e-52
-3.08103e-54
3.06241e-53
-2.61635e-55
2.41376e-54
-2.11198e-56
1.73551e-55
-1.44854e-57
-9.73359e-57
3.85905e-59
7.18563e-58
-5.5868e-59
2.18312e-56
-8.0715e-59
5.15604e-57
-1.96772e-59
1.23667e-57
-6.68335e-60
1.96325e-58
-3.96794e-59
3.02661e-59
-6.58686e-58
1.79544e-59
-1.08405e-56
2.48442e-58
-1.73293e-55
4.19268e-57
-2.69338e-54
6.90669e-56
-4.0518e-53
1.10504e-54
-5.91352e-52
1.71987e-53
-8.3158e-51
2.59095e-52
-1.13183e-49
3.78983e-51
-1.47474e-48
5.34075e-50
-1.85522e-47
7.29383e-49
-2.21262e-46
9.53312e-48
-2.54197e-45
1.20549e-46
-2.72519e-44
1.44415e-45
-2.81046e-43
1.67262e-44
-2.62845e-42
1.80506e-43
-2.36678e-41
1.88696e-42
-1.81807e-40
1.78373e-41
-1.34981e-39
1.64717e-40
-7.15792e-39
1.28933e-39
-3.65926e-38
1.00368e-38
-3.0548e-38
5.40565e-38
2.94013e-37
-3.01188e-42
-2.98047e-40
3.40098e-42
-4.82544e-41
5.80686e-43
-5.19897e-42
8.68715e-44
-1.80757e-43
7.3005e-45
6.77546e-44
1.6838e-46
1.64477e-44
-7.10641e-47
2.88989e-45
-1.89604e-47
3.80525e-46
-2.93869e-48
4.59031e-47
-3.87042e-49
4.85284e-48
-4.34698e-50
4.8392e-49
-4.51284e-51
4.43921e-50
-4.27454e-52
3.883e-51
-3.82656e-53
3.19098e-52
-3.20988e-54
2.46963e-53
-2.56292e-55
1.68212e-54
-1.61323e-56
-2.96313e-55
1.66968e-57
5.36389e-57
-1.03255e-57
4.07099e-55
-1.57774e-57
9.57721e-56
-3.81633e-58
2.29606e-56
-8.69237e-59
3.63525e-57
-1.86633e-59
5.45529e-58
-8.51364e-59
7.00812e-59
-1.3669e-57
4.73279e-59
-2.18164e-56
6.68303e-58
-3.3846e-55
1.1018e-56
-5.07979e-54
1.76698e-55
-7.39263e-53
2.7549e-54
-1.03586e-51
4.15984e-53
-1.40385e-50
6.09245e-52
-1.81943e-49
8.60561e-51
-2.27457e-48
1.17587e-49
-2.69137e-47
1.54059e-48
-3.06388e-46
1.94659e-47
-3.24566e-45
2.3384e-46
-3.30228e-44
2.69969e-45
-3.03073e-43
2.924e-44
-2.67409e-42
3.0319e-43
-1.99037e-41
2.88255e-42
-1.43506e-40
2.61147e-41
-7.18762e-40
2.07186e-40
-3.57337e-39
1.54943e-39
-2.08053e-39
8.96657e-39
4.61209e-38
-3.39642e-41
-3.10311e-39
3.87375e-41
-4.74559e-40
6.27815e-42
-3.45589e-41
8.14571e-43
1.37666e-42
5.11257e-44
1.18649e-42
-3.30496e-45
2.21835e-43
-1.44367e-45
3.49368e-44
-2.87593e-46
4.33578e-45
-4.03851e-47
5.02648e-46
-5.03657e-48
5.16286e-47
-5.46334e-49
5.03835e-48
-5.53439e-50
4.54238e-49
-5.14599e-51
3.91921e-50
-4.54164e-52
3.17965e-51
-3.76503e-53
2.39589e-52
-2.97127e-54
1.46947e-53
-1.59808e-55
-6.52459e-54
4.28088e-56
1.66868e-56
-1.89704e-56
7.3735e-54
-3.0051e-56
1.7271e-54
-7.25138e-57
4.13653e-55
-1.64593e-57
6.53164e-56
-2.60215e-58
9.792e-57
-3.14981e-59
1.21851e-57
1.16e-58
1.90886e-58
2.06184e-57
8.56726e-58
3.4094e-56
1.42e-56
5.4928e-55
2.3331e-55
8.52771e-54
3.72397e-54
1.28934e-52
5.78048e-53
1.86686e-51
8.68698e-52
2.63169e-50
1.26702e-50
3.52067e-49
1.78113e-49
4.58866e-48
2.42492e-48
5.59754e-47
3.16166e-47
6.66963e-46
3.98433e-46
7.27266e-45
4.76203e-45
7.79601e-44
5.49425e-44
7.35025e-43
5.91719e-43
6.91005e-42
6.15859e-42
5.27301e-41
5.8136e-41
4.13355e-40
5.34151e-40
2.12902e-39
4.1808e-39
1.2004e-38
3.23507e-38
1.74464e-37
-3.31265e-40
-2.56205e-38
3.71714e-40
-3.81399e-39
5.70268e-41
-7.51646e-41
5.67573e-42
4.7674e-41
9.38385e-44
1.52255e-41
-9.7931e-44
2.41587e-42
-2.20472e-44
3.46342e-43
-3.70982e-45
4.06649e-44
-4.82652e-46
4.52708e-45
-5.73826e-47
4.51665e-46
-6.02859e-48
4.30912e-47
-5.96481e-49
3.81716e-48
-5.44816e-50
3.24712e-49
-4.74167e-51
2.59541e-50
-3.88489e-52
1.84875e-51
-3.02267e-53
8.0707e-53
-1.05926e-54
-1.28397e-52
9.38787e-55
-5.97004e-55
-3.44697e-55
1.30401e-52
-5.59519e-55
3.03785e-53
-1.34552e-55
7.26419e-54
-3.05175e-56
1.1432e-54
-4.81393e-57
1.71164e-55
-5.8886e-58
2.12229e-56
1.95717e-57
2.71015e-57
3.36603e-56
4.25131e-57
5.38393e-55
6.75532e-56
8.37078e-54
1.11353e-54
1.25973e-52
1.78412e-53
1.83943e-51
2.78234e-52
2.58796e-50
4.20217e-51
3.52469e-49
6.1671e-50
4.59565e-48
8.72645e-49
5.78649e-47
1.19801e-47
6.90751e-46
1.57576e-46
7.94558e-45
2.00869e-45
8.52894e-44
2.4302e-44
8.81131e-43
2.85046e-43
8.25526e-42
3.12624e-42
7.45234e-41
3.33902e-41
5.73909e-40
3.25285e-40
4.27592e-39
3.13024e-39
2.27457e-38
2.60946e-38
1.16671e-37
2.18474e-37
1.31313e-36
-3.60947e-39
-2.44688e-37
3.58317e-39
-3.24725e-38
4.89255e-40
1.30455e-39
2.81916e-41
7.17043e-40
-3.59863e-42
1.72313e-40
-1.63608e-42
2.45685e-41
-2.92377e-43
3.29009e-42
-4.44676e-44
3.68178e-43
-5.46597e-45
3.95966e-44
-6.25542e-46
3.84294e-45
-6.39039e-47
3.59029e-46
-6.19115e-48
3.12439e-47
-5.55961e-49
2.62035e-48
-4.77404e-50
2.05356e-49
-3.86298e-51
1.29666e-50
-2.9492e-52
-6.12281e-54
-7.9359e-56
-2.29597e-51
1.83727e-53
-1.69164e-53
-6.15518e-54
2.23057e-51
-1.01146e-53
5.16756e-52
-2.4229e-54
1.23294e-52
-5.48861e-55
1.93345e-53
-8.64386e-56
2.89007e-54
-1.18259e-56
3.57406e-55
1.36382e-56
4.28855e-56
2.50817e-55
2.4229e-56
4.0235e-54
3.37712e-55
6.2744e-53
5.58308e-54
9.47414e-52
8.98189e-53
1.389e-50
1.40742e-51
1.96307e-49
2.13647e-50
2.68835e-48
3.15452e-49
3.52668e-47
4.49244e-48
4.47441e-46
6.21609e-47
5.38663e-45
8.24439e-46
6.26354e-44
1.0621e-44
6.80558e-43
1.29942e-43
7.145e-42
1.54741e-42
6.81833e-41
1.72585e-41
6.31253e-40
1.89128e-40
5.00583e-39
1.90376e-39
3.88254e-38
1.9361e-38
2.16122e-37
1.7426e-37
1.1736e-36
1.62466e-36
1.11153e-35
-3.42128e-38
-1.47941e-36
2.08877e-38
-1.92201e-37
2.213e-39
2.48688e-38
-1.91427e-40
6.83808e-39
-8.64999e-41
1.32951e-39
-2.06525e-41
1.71706e-40
-3.12576e-42
2.1261e-41
-4.32705e-43
2.2573e-42
-5.02863e-44
2.32824e-43
-5.52641e-45
2.19135e-44
-5.48331e-46
1.99765e-45
-5.19325e-47
1.70558e-46
-4.58208e-48
1.40772e-47
-3.87935e-49
1.05693e-48
-3.09418e-50
3.36732e-50
-2.27922e-51
-1.34431e-50
2.17958e-52
-3.92639e-50
3.40304e-52
-3.42931e-52
-1.07972e-52
3.72325e-50
-1.78562e-52
8.56663e-51
-4.25624e-53
2.03779e-51
-9.62386e-54
3.18137e-52
-1.51154e-54
4.74452e-53
-2.17683e-55
5.84957e-54
4.75273e-56
6.83859e-55
1.23424e-54
9.86852e-56
1.9858e-53
4.76616e-55
3.10192e-52
7.78611e-54
4.69427e-51
1.25456e-52
6.90263e-50
1.96948e-51
9.79223e-49
2.99542e-50
1.34744e-47
4.43268e-49
1.77824e-46
6.32729e-48
2.27305e-45
8.77953e-47
2.76239e-44
1.16789e-45
3.24995e-43
1.51073e-44
3.58501e-42
1.85832e-43
3.83515e-41
2.23622e-42
3.7536e-40
2.54843e-41
3.58373e-39
2.93557e-40
2.96868e-38
3.29932e-39
2.41394e-37
4.06493e-38
1.44246e-36
4.9452e-37
8.20552e-36
6.10381e-36
5.84171e-35
-4.34221e-37
-2.90454e-36
6.71691e-38
-1.32198e-36
-5.62192e-39
2.78574e-37
-6.1577e-39
5.50385e-38
-1.26127e-39
9.70243e-39
-2.34654e-40
1.15993e-39
-3.17452e-41
1.37557e-40
-4.10333e-42
1.40193e-41
-4.54698e-43
1.40713e-42
-4.83226e-44
1.29048e-43
-4.66741e-45
1.15432e-44
-4.33136e-46
9.67954e-46
-3.75612e-47
7.86628e-47
-3.13659e-48
5.32472e-48
-2.45648e-49
-3.47615e-49
-1.68992e-50
-2.78728e-49
5.3551e-51
-6.34618e-49
5.92529e-51
-5.72912e-51
-1.84097e-51
5.9781e-49
-3.04733e-51
1.36623e-49
-7.22636e-52
3.23749e-50
-1.63007e-52
5.03069e-51
-2.55196e-53
7.48158e-52
-3.72056e-54
9.19515e-53
-7.92725e-56
1.07038e-53
6.27598e-54
1.092e-54
1.02021e-52
-2.4072e-55
1.6018e-51
-5.79127e-54
2.43711e-50
-9.33103e-53
3.60619e-49
-1.46178e-51
5.14968e-48
-2.21835e-50
7.14263e-47
-3.2742e-49
9.50477e-46
-4.66053e-48
1.22763e-44
-6.44263e-47
1.50799e-43
-8.52599e-46
1.7994e-42
-1.09136e-44
2.01361e-41
-1.30861e-43
2.19842e-40
-1.46238e-42
2.19547e-39
-1.30803e-41
2.16392e-38
-4.78567e-41
1.84753e-37
2.0911e-39
1.5902e-36
7.71646e-38
9.99378e-36
1.79375e-36
6.52438e-35
3.111e-35
4.09644e-34
-4.46282e-36
-4.78572e-35
-2.25642e-36
-3.83213e-36
-4.01054e-37
5.55279e-38
-8.59319e-38
3.76573e-38
-1.21824e-38
8.10319e-39
-1.79209e-39
1.0049e-39
-2.14574e-40
1.20437e-40
-2.53802e-41
1.2257e-41
-2.65488e-42
1.22656e-42
-2.69882e-43
1.12041e-43
-2.52403e-44
9.98949e-45
-2.28291e-45
8.33017e-46
-1.94148e-46
6.47871e-47
-1.59556e-47
-7.01367e-48
-1.20046e-48
-1.22175e-47
-5.95374e-50
-4.81353e-48
1.0546e-49
-9.97124e-48
9.98574e-50
-9.02738e-50
-3.07195e-50
9.36882e-48
-5.07674e-50
2.12282e-48
-1.19611e-50
5.00569e-49
-2.68952e-51
7.73188e-50
-4.19286e-52
1.14566e-50
-6.13298e-53
1.40231e-51
-7.21424e-54
1.62829e-52
4.44257e-54
1.68154e-53
8.56235e-53
5.85319e-55
1.34692e-51
-1.77018e-53
2.05125e-50
-2.87465e-52
3.03851e-49
-4.50918e-51
4.3438e-48
-6.85193e-50
6.03275e-47
-1.01287e-48
8.03841e-46
-1.44407e-47
1.03993e-44
-2.00045e-46
1.27948e-43
-2.65445e-45
1.52998e-42
-3.41487e-44
1.71558e-41
-4.14087e-43
1.87851e-40
-4.77942e-42
1.88093e-39
-4.78583e-41
1.86202e-38
-3.60801e-40
1.59558e-37
8.40597e-40
1.38379e-36
1.06421e-37
8.74693e-36
2.90211e-36
5.81064e-35
5.28822e-35
7.22371e-34
-9.76439e-35
-5.00003e-35
-4.74641e-36
-4.53297e-36
-3.76243e-36
-6.88156e-37
-7.41345e-37
-7.37788e-38
-9.26101e-38
-9.55803e-39
-1.29109e-38
-1.03349e-39
-1.45374e-39
-1.17842e-40
-1.66205e-40
-1.18387e-41
-1.6778e-41
-1.1823e-42
-1.66648e-42
-1.07961e-43
-1.52274e-43
-9.62533e-45
-1.35433e-44
-8.35201e-46
-1.13381e-45
-1.10637e-46
-9.20162e-47
-1.8792e-46
-6.34727e-48
-1.88505e-46
2.30631e-50
-7.17992e-47
1.75836e-48
-1.49047e-46
1.60339e-48
-1.324e-48
-4.9349e-49
1.40144e-46
-8.12867e-49
3.14957e-47
-1.90281e-49
7.38141e-48
-4.26194e-50
1.13304e-48
-6.61441e-51
1.6715e-49
-9.65074e-52
2.037e-50
-1.18484e-52
2.35813e-51
-1.89388e-53
2.43702e-52
-8.71261e-53
2.36136e-53
-1.34708e-51
-3.62589e-54
-2.05128e-50
-9.31833e-53
-3.03854e-49
-1.46269e-51
-4.34385e-48
-2.2197e-50
-6.03282e-47
-3.2761e-49
-8.03848e-46
-4.66312e-48
-1.03994e-44
-6.446e-47
-1.27949e-43
-8.53024e-46
-1.52999e-42
-1.09187e-44
-1.71559e-41
-1.30919e-43
-1.87852e-40
-1.46301e-42
-1.88094e-39
-1.30867e-41
-1.86202e-38
-4.79173e-41
-1.59558e-37
2.09056e-39
-1.38379e-36
7.71604e-38
-8.74694e-36
1.79372e-36
-5.81065e-35
3.11099e-35
4.09644e-34
-3.79125e-36
-3.49136e-36
-3.06793e-36
-2.09877e-36
-5.18337e-37
-5.54806e-37
-1.06161e-37
-7.20883e-38
-1.44913e-38
-1.05696e-38
-2.06965e-39
-1.19798e-39
-2.42569e-40
-1.39123e-40
-2.82195e-41
-1.40845e-41
-2.91468e-42
-1.40591e-42
-2.93315e-43
-1.2621e-43
-2.72273e-44
-1.09743e-44
-2.4623e-45
-1.32162e-45
-2.2991e-46
-7.20608e-46
-1.94116e-47
-2.67072e-45
1.03904e-47
-2.74215e-45
8.50313e-48
-1.03712e-45
2.80533e-47
-2.17742e-45
2.51047e-47
-1.88329e-47
-7.75478e-48
2.04985e-45
-1.27129e-47
4.55625e-46
-2.95112e-48
1.05966e-46
-6.57702e-49
1.61333e-47
-1.01482e-49
2.36668e-48
-1.47512e-50
2.86762e-49
-1.79933e-51
3.30635e-50
-2.13223e-52
3.40374e-51
-1.23405e-52
3.34208e-52
-1.60404e-51
3.80264e-53
-2.43735e-50
1.27616e-52
-3.60649e-49
1.96268e-51
-5.15009e-48
2.98514e-50
-7.14317e-47
4.41815e-49
-9.50544e-46
6.30738e-48
-1.22771e-44
8.75342e-47
-1.50808e-43
1.16458e-45
-1.7995e-42
1.50674e-44
-2.01371e-41
1.85368e-43
-2.19852e-40
2.23118e-42
-2.19556e-39
2.54314e-41
-2.16399e-38
2.93052e-40
-1.84757e-37
3.29464e-39
-1.59022e-36
4.06122e-38
-9.99391e-36
4.94232e-37
-6.5244e-35
6.10221e-36
5.84084e-35
-3.10785e-38
-1.04248e-36
-4.21805e-37
-2.04654e-37
-7.85169e-38
-6.68831e-38
-1.88797e-38
-1.01442e-38
-2.7345e-39
-1.59341e-39
-4.13122e-40
-1.92204e-40
-4.99011e-41
-2.31639e-41
-5.95345e-42
-2.42028e-42
-6.25069e-43
-1.85878e-43
-6.42955e-44
1.85426e-44
-6.33289e-45
5.85243e-45
-8.20302e-46
-4.95842e-45
-3.94821e-46
-8.74248e-45
-4.11378e-47
-3.66544e-44
1.74144e-46
-3.7702e-44
1.2713e-46
-1.41474e-44
4.17617e-46
-3.00093e-44
3.73923e-46
-2.52348e-46
-1.16174e-46
2.82865e-44
-1.89516e-46
6.22395e-45
-4.36362e-47
1.4336e-45
-9.66635e-48
2.16413e-46
-1.48245e-48
3.15337e-47
-2.14538e-49
3.79734e-48
-2.60519e-50
4.35798e-49
-2.98829e-51
4.4673e-50
-3.27571e-52
4.36687e-51
-3.41365e-52
4.00378e-52
-4.71309e-51
1.21704e-52
-6.92535e-50
1.37543e-51
-9.82319e-49
2.08535e-50
-1.35149e-47
3.08196e-49
-1.78335e-46
4.39261e-48
-2.27918e-45
6.08433e-47
-2.76945e-44
8.07598e-46
-3.25757e-43
1.04163e-44
-3.59291e-42
1.27534e-43
-3.84262e-41
1.52085e-42
-3.76037e-40
1.69744e-41
-3.58905e-39
1.86347e-40
-2.9727e-38
1.87722e-39
-2.41625e-37
1.91411e-38
-1.44374e-36
1.72473e-37
-8.20873e-36
1.61397e-36
1.10546e-35
6.4354e-38
2.85595e-36
-1.00882e-37
4.43268e-37
-1.86451e-38
3.87695e-38
-4.00769e-39
2.15086e-39
-5.53178e-40
2.09831e-41
-7.87736e-41
-1.17362e-41
-9.20466e-42
-3.75275e-42
-1.04688e-42
-4.14432e-43
-1.09695e-43
7.86487e-43
-1.92641e-44
5.57937e-43
-6.32404e-45
1.0634e-43
-4.17152e-45
-6.01727e-44
-5.10958e-45
-1.15398e-43
-5.38069e-46
-4.94666e-43
2.54547e-45
-5.08719e-43
1.83378e-45
-1.88685e-43
6.07837e-45
-4.06218e-43
5.44765e-45
-3.2886e-45
-1.70786e-45
3.83529e-43
-2.76627e-45
8.31504e-44
-6.29913e-46
1.89252e-44
-1.38478e-46
2.8242e-45
-2.10672e-47
4.08029e-46
-3.03156e-48
4.87346e-47
-3.66042e-49
5.55933e-48
-4.17994e-50
5.66625e-49
-4.29259e-51
5.51496e-50
-4.88986e-52
4.96881e-51
-1.1065e-51
4.34733e-52
-1.56118e-50
1.32346e-52
-2.19895e-49
1.52976e-51
-2.99878e-48
2.3471e-50
-3.92158e-47
3.42832e-49
-4.95181e-46
4.93007e-48
-5.94345e-45
6.65253e-47
-6.87213e-44
8.90305e-46
-7.44684e-43
1.09584e-44
-7.76289e-42
1.35736e-43
-7.39361e-41
1.49638e-42
-6.77935e-40
1.71146e-41
-5.37562e-39
1.64909e-40
-4.11036e-38
1.76103e-39
-2.30314e-37
1.43141e-38
-1.22105e-36
1.44422e-37
8.30021e-37
4.25559e-37
4.5599e-36
-5.15697e-37
3.6011e-36
-7.55037e-38
2.77606e-37
-1.31467e-38
1.61386e-38
-1.51698e-39
7.08402e-40
-1.84538e-40
2.29641e-41
-1.86445e-41
-1.81714e-41
-1.67872e-42
-1.62961e-42
-1.80057e-43
1.02742e-41
-1.29609e-43
7.01574e-42
-7.31487e-44
1.31751e-42
-5.51406e-44
-7.49914e-43
-6.93722e-44
-1.42409e-42
-6.9258e-45
-6.18572e-42
3.50153e-44
-6.35795e-42
2.48653e-44
-2.33363e-42
8.3027e-44
-5.09144e-42
7.44524e-44
-3.95841e-44
-2.36657e-44
4.81524e-42
-3.80101e-44
1.03055e-42
-8.56398e-45
2.30949e-43
-1.86506e-45
3.40499e-44
-2.81358e-46
4.86849e-45
-4.02172e-47
5.76393e-46
-4.82664e-48
6.52909e-47
-5.48609e-49
6.61425e-48
-5.60485e-50
6.4072e-49
-5.49303e-51
5.74854e-50
-1.18529e-51
4.93893e-51
-9.96217e-51
3.03214e-52
-1.37322e-49
-1.41141e-51
-1.82793e-48
-2.03536e-50
-2.35081e-47
-2.80256e-49
-2.88734e-46
-3.67823e-48
-3.41626e-45
-4.7271e-47
-3.821e-44
-5.71232e-46
-4.10528e-43
-6.8195e-45
-4.10127e-42
-7.47592e-44
-3.92783e-41
-8.26278e-43
-3.39618e-40
-8.01627e-42
-2.81699e-39
-8.19017e-41
-1.98304e-38
-6.63349e-40
-1.35064e-37
-6.17904e-39
-6.60478e-37
-3.299e-38
-2.58459e-37
3.79147e-37
1.1229e-34
-4.57332e-37
6.38497e-36
-6.5406e-38
4.76266e-37
-1.12506e-38
2.674e-38
-1.28316e-39
1.37618e-39
-1.58649e-40
9.88352e-41
-1.37252e-41
-2.19224e-40
1.73554e-42
-1.83889e-41
-1.63227e-43
1.28246e-40
-1.50933e-42
8.69748e-41
-9.24421e-43
1.618e-41
-7.08087e-43
-8.42168e-42
-9.10574e-43
-1.71543e-41
-7.52958e-44
-7.66655e-41
4.76422e-43
-7.87693e-41
3.28588e-43
-2.84292e-41
1.10602e-42
-6.33615e-41
9.91723e-43
-4.65437e-43
-3.25968e-43
6.00628e-41
-5.14679e-43
1.25869e-41
-1.14163e-43
2.76769e-42
-2.45692e-44
4.01187e-43
-3.66415e-45
5.66211e-44
-5.19299e-46
6.62421e-45
-6.18183e-47
7.43664e-46
-6.98382e-48
7.47185e-47
-7.09418e-49
7.19271e-48
-6.88471e-50
6.41644e-49
-9.25271e-51
5.49675e-50
-4.47423e-50
4.60324e-51
-6.14783e-49
2.70237e-51
-8.2078e-48
3.3741e-50
-1.06294e-46
4.68481e-49
-1.31116e-45
6.24829e-48
-1.56892e-44
8.08531e-47
-1.76565e-43
9.95799e-46
-1.93351e-42
1.1904e-44
-1.94901e-41
1.33635e-43
-1.93197e-40
1.46135e-42
-1.69314e-39
1.46537e-41
-1.50456e-38
1.446e-40
-1.08327e-37
1.24224e-39
-8.67012e-37
1.07046e-38
-4.44356e-36
6.8221e-38
4.47606e-37
-3.78785e-37
4.58692e-36
4.56862e-37
3.60595e-36
6.53586e-38
2.77149e-37
1.12842e-38
1.61244e-38
1.23357e-39
4.72352e-39
9.26928e-41
9.74871e-40
3.71183e-41
-2.42718e-39
4.23903e-41
-2.00177e-40
4.76486e-43
1.43371e-39
-1.72827e-41
9.66948e-40
-9.92503e-42
1.76329e-40
-7.24424e-42
-9.58521e-41
-9.94694e-42
-1.87768e-40
-1.56224e-43
-8.52666e-40
6.06676e-42
-8.75245e-40
3.93056e-42
-3.11408e-40
1.31406e-41
-7.06723e-40
1.17333e-41
-4.88156e-42
-4.22275e-42
6.71529e-40
-6.43603e-42
1.38332e-40
-1.40584e-42
2.96364e-41
-2.97928e-43
4.2183e-42
-4.38919e-44
5.85541e-43
-6.15654e-45
6.76175e-44
-7.26518e-46
7.51015e-45
-8.15043e-47
7.47948e-46
-8.22938e-48
7.14945e-47
-7.92525e-49
6.3402e-48
-7.14633e-50
5.40523e-49
-1.41692e-50
4.37204e-50
-1.12138e-49
6.06286e-51
-1.47839e-48
3.85589e-50
-1.89509e-47
5.3139e-49
-2.31365e-46
7.07193e-48
-2.73151e-45
9.13431e-47
-3.0335e-44
1.12219e-45
-3.26e-43
1.33897e-44
-3.22818e-42
1.49859e-43
-3.10977e-41
1.63581e-42
-2.65782e-40
1.63392e-41
-2.24822e-39
1.60968e-40
-1.55936e-38
1.37479e-39
-1.12514e-37
1.18221e-38
-5.44869e-37
7.43806e-38
4.84699e-37
-4.22647e-37
3.11793e-36
5.11059e-37
4.85854e-37
7.50999e-38
2.92705e-38
1.35235e-38
1.10502e-39
9.87341e-40
4.59018e-38
-5.16237e-40
1.07689e-38
2.81408e-40
-2.77351e-38
4.94788e-40
-2.23245e-39
2.68053e-41
1.62856e-38
-1.63819e-40
1.08907e-38
-6.57636e-41
1.95163e-39
-3.46589e-41
-9.30125e-40
-7.39768e-41
-2.02709e-39
2.6076e-41
-9.60755e-39
8.00209e-41
-9.85475e-39
4.38415e-41
-3.41407e-39
1.40189e-40
-8.01109e-39
1.23008e-40
-5.05706e-41
-5.76911e-41
7.63743e-39
-8.06527e-41
1.52256e-39
-1.71648e-41
3.16227e-40
-3.56563e-42
4.38335e-41
-5.16248e-43
5.96266e-42
-7.14697e-44
6.76414e-43
-8.33414e-45
7.41366e-44
-9.26573e-46
7.29591e-45
-9.27872e-47
6.91105e-46
-8.87898e-48
6.07869e-47
-7.89851e-49
5.14921e-48
-6.90836e-50
4.12422e-49
-2.90451e-50
3.23859e-50
-3.11169e-49
9.62208e-51
-3.95325e-48
1.00179e-49
-4.77939e-47
1.32e-48
-5.57472e-46
1.68736e-47
-6.09344e-45
2.05084e-46
-6.4206e-44
2.41281e-45
-6.18727e-43
2.66191e-44
-5.76038e-42
2.84741e-43
-4.67506e-41
2.78734e-42
-3.70295e-40
2.66056e-41
-2.28196e-39
2.20459e-40
-1.42106e-38
1.79173e-39
-4.75503e-38
1.0716e-38
6.08959e-38
-5.31749e-38
5.42752e-37
5.95438e-38
4.1495e-38
1.41437e-38
-2.11113e-37
6.29114e-39
-2.93339e-38
-4.09574e-39
4.34884e-37
-5.67041e-39
1.01725e-37
2.60216e-39
-2.65785e-37
4.8976e-39
-2.117e-38
1.08354e-39
1.55295e-37
-1.07937e-40
1.03059e-37
1.15547e-39
1.78361e-38
1.50589e-39
-9.63306e-39
9.1468e-40
-1.88224e-38
1.23727e-39
-9.09969e-38
1.03486e-39
-9.31914e-38
3.43342e-40
-3.16138e-38
7.66645e-40
-7.6162e-38
5.78847e-40
-4.34974e-40
-7.92638e-40
7.28571e-38
-9.08963e-40
1.41742e-38
-1.8763e-40
2.81245e-39
-3.78496e-41
3.78532e-40
-5.37363e-42
5.00828e-41
-7.31482e-43
5.568e-42
-8.41875e-44
6.0012e-43
-9.25983e-45
5.82951e-44
-9.1918e-46
5.46423e-45
-8.73401e-47
4.76553e-46
-7.72295e-48
4.0095e-47
-6.55934e-49
3.19329e-48
-5.57859e-50
2.45828e-49
-4.45974e-50
1.95412e-50
-5.11624e-49
2.12149e-50
-6.1274e-48
2.61504e-49
-7.06693e-47
3.31678e-48
-7.62888e-46
3.99334e-47
-7.90637e-45
4.6435e-46
-7.47735e-44
5.04595e-45
-6.77955e-43
5.29747e-44
-5.32906e-42
5.05615e-43
-4.02051e-41
4.68054e-42
-2.31053e-40
3.71286e-41
-1.28367e-39
2.87887e-40
-3.21619e-39
1.60398e-39
8.70404e-39
-4.11339e-38
-7.75806e-39
-3.49456e-38
-4.11924e-37
-2.49543e-38
-2.2778e-36
-2.30149e-38
-3.36375e-37
-1.91134e-38
4.41578e-36
-1.04135e-38
1.01515e-36
2.02604e-38
-2.7187e-36
4.00711e-38
-2.06295e-37
3.37769e-38
1.57268e-36
4.51886e-38
1.02862e-36
6.39816e-38
1.71673e-37
6.75638e-38
-7.5943e-38
5.68147e-38
-1.75226e-37
3.94894e-38
-9.10278e-37
1.56193e-38
-9.3102e-37
2.76722e-40
-3.00652e-37
-1.25304e-38
-7.69565e-37
-1.46214e-38
-3.78203e-39
-1.29588e-38
7.39676e-37
-1.07264e-38
1.35556e-37
-2.08943e-39
2.56237e-38
-4.05134e-40
3.30561e-39
-5.58624e-41
4.24258e-40
-7.44625e-42
4.59269e-41
-8.41679e-43
4.8568e-42
-9.13459e-44
4.63826e-43
-8.95974e-45
4.29319e-44
-8.43602e-46
3.70154e-45
-7.39806e-47
3.08691e-46
-6.24071e-48
2.43869e-47
-4.98928e-49
1.86455e-48
-4.37524e-50
1.36623e-49
-6.98745e-50
1.23029e-50
-7.98218e-49
3.49052e-50
-9.12706e-48
4.31123e-49
-9.75022e-47
5.14561e-48
-9.97464e-46
5.91766e-47
-9.27636e-45
6.35274e-46
-8.23737e-44
6.56222e-45
-6.28913e-43
6.15119e-44
-4.57564e-42
5.55406e-43
-2.47124e-41
4.28497e-42
-1.26452e-40
3.1982e-41
-2.2684e-40
1.71627e-40
8.9376e-40
-3.42106e-37
-3.9836e-37
-6.96339e-37
-2.84323e-36
-1.94521e-36
-1.60578e-35
-2.11366e-36
-2.47901e-36
6.18841e-37
3.10833e-35
1.3197e-36
7.06065e-36
-7.45242e-38
-1.92484e-35
-3.84673e-38
-1.42983e-36
8.697e-37
1.10562e-35
1.60273e-36
7.14492e-36
1.88146e-36
1.11087e-36
1.91712e-36
-7.28179e-37
1.72328e-36
-1.19424e-36
1.01582e-36
-6.33914e-36
2.39424e-37
-6.46682e-36
-8.18559e-38
-2.01421e-36
-6.61315e-37
-5.38939e-36
-6.80997e-37
-2.24041e-38
-2.14753e-37
5.2041e-36
-1.09537e-37
9.15446e-37
-1.96698e-38
1.60145e-37
-3.56823e-39
1.97015e-38
-4.74319e-40
2.41564e-39
-6.13499e-41
2.53437e-40
-6.78985e-42
2.61105e-41
-7.24369e-43
2.44632e-42
-7.01219e-44
2.22954e-43
-6.53254e-45
1.8995e-44
-5.68036e-46
1.56895e-45
-4.75916e-47
1.23009e-46
-3.78083e-48
9.34772e-48
-2.90598e-49
6.80687e-49
-2.82929e-50
4.84364e-50
-8.40083e-50
7.77363e-51
-9.33176e-49
5.67641e-50
-9.83399e-48
6.745e-49
-9.88039e-47
7.75405e-48
-8.97296e-46
8.33703e-47
-7.70343e-45
8.64356e-46
-5.57725e-44
8.18896e-45
-3.72219e-43
7.53707e-44
-1.61238e-42
6.10058e-43
-4.28267e-42
4.94918e-42
4.69352e-41
3.36312e-41
2.58453e-40
-3.81311e-36
-2.71291e-36
-1.13257e-35
-1.98445e-35
-4.80093e-35
-1.30019e-34
-5.36719e-35
-2.32138e-35
2.02052e-35
2.52551e-34
3.75329e-35
5.51879e-35
-5.71697e-36
-1.58287e-34
-7.6096e-36
-1.01512e-35
1.80311e-35
8.90992e-35
3.58408e-35
5.58185e-35
4.01721e-35
7.8518e-36
4.04702e-35
-4.00822e-36
3.7119e-35
-8.07432e-36
2.08806e-35
-5.00285e-35
3.79546e-36
-5.09236e-35
-2.09109e-36
-1.39838e-35
-1.58053e-35
-4.34672e-35
-1.60018e-35
-1.39304e-37
-3.55456e-36
4.22498e-35
-1.2332e-36
6.3896e-36
-1.96338e-37
-3.304e-38
-4.17441e-39
-5.22416e-40
-5.62569e-41
-5.88821e-42
-5.60395e-43
-5.15526e-44
-4.4315e-45
-3.67986e-46
-2.89947e-47
-2.20972e-48
-1.61776e-49
-1.59764e-50
-3.858e-50
-1.80731e-49
1.31658e-48
5.96387e-47
1.15084e-45
1.79067e-44
2.39566e-43
2.90803e-42
3.24269e-41
3.30091e-40
-3.04224e-35
-1.4046e-34
-8.38465e-34
-9.64353e-34
4.04477e-34
7.05234e-34
-1.42285e-34
-1.90145e-34
2.89636e-34
5.9494e-34
6.46618e-34
6.48907e-34
6.05479e-34
3.29539e-34
4.64821e-35
-3.33347e-35
-2.72818e-34
-2.74182e-34
-4.48489e-35
)
;

boundaryField
{
    leftWall
    {
        type            calculated;
        value           uniform 0;
    }
    rightWall
    {
        type            calculated;
        value           nonuniform 0();
    }
    lowerWall
    {
        type            calculated;
        value           uniform 0;
    }
    atmosphere
    {
        type            calculated;
        value           nonuniform 0();
    }
    defaultFaces
    {
        type            empty;
        value           nonuniform 0();
    }
    procBoundary0to1
    {
        type            processor;
        value           nonuniform List<scalar> 
44
(
-1.50353e-44
-1.65588e-43
-1.43889e-42
-1.18574e-41
-9.39146e-41
-6.94101e-40
-4.93726e-39
-3.12907e-38
-1.92707e-37
-8.9635e-37
-7.71258e-36
2.91335e-36
1.88602e-35
9.94535e-37
-8.57594e-36
1.07403e-36
1.6985e-35
2.96877e-35
9.1199e-37
-2.95937e-35
-2.71319e-34
1.80284e-35
2.25645e-36
3.09315e-37
3.07232e-38
4.05407e-39
1.03503e-38
9.59219e-38
9.72017e-37
6.82227e-36
5.53504e-35
4.94135e-35
-4.94135e-35
-5.53506e-35
-6.83111e-36
-1.16565e-36
-3.26116e-36
-6.42456e-36
-3.16615e-36
-1.93714e-37
-8.8387e-39
-1.99398e-40
5.89308e-40
3.17875e-39
)
;
    }
    procBoundary0to2
    {
        type            processor;
        value           nonuniform List<scalar> 
46
(
1.0616e-36
1.23005e-37
1.46303e-38
1.48507e-39
1.49933e-40
1.37564e-41
1.23579e-42
1.03777e-43
8.47992e-45
6.57863e-46
4.95776e-47
3.58108e-48
2.51384e-49
1.75404e-50
7.87653e-51
8.32107e-50
9.9524e-49
1.13515e-47
1.27009e-46
1.35003e-45
1.43332e-44
1.44687e-43
1.4974e-42
1.47352e-41
1.51075e-40
-2.36078e-36
-1.73802e-35
-1.16037e-34
-2.10432e-35
2.25491e-34
4.90505e-35
-1.41517e-34
-8.90913e-36
7.946e-35
4.93285e-35
3.06062e-36
-6.15699e-36
-1.08743e-35
-4.47982e-35
-4.53191e-35
-1.22424e-35
-3.87785e-35
-1.20291e-37
3.77195e-35
-9.94364e-36
5.59693e-36
)
;
    }
}


// ************************************************************************* //
