/*--------------------------------*- C++ -*----------------------------------*\
| =========                 |                                                 |
| \\      /  F ield         | OpenFOAM: The Open Source CFD Toolbox           |
|  \\    /   O peration     | Version:  2.4.0                                 |
|   \\  /    A nd           | Web:      www.OpenFOAM.org                      |
|    \\/     M anipulation  |                                                 |
\*---------------------------------------------------------------------------*/
FoamFile
{
    version     2.0;
    format      ascii;
    class       surfaceScalarField;
    location    "0.9";
    object      phi;
}
// * * * * * * * * * * * * * * * * * * * * * * * * * * * * * * * * * * * * * //

dimensions      [0 3 -1 0 0 0 0];

internalField   nonuniform List<scalar> 
3742
(
-4.17142e-36
2.28747e-36
-7.21097e-37
3.30981e-37
-1.05042e-37
4.6531e-38
-1.47734e-38
5.77756e-39
-1.87687e-39
6.93999e-40
-2.28474e-40
7.73444e-41
-2.59154e-41
8.31632e-42
-2.81881e-42
8.46368e-43
-2.90432e-43
8.31311e-44
-2.87819e-44
7.8115e-45
-2.72871e-45
7.09755e-46
-2.49657e-46
6.21119e-47
-2.19463e-47
5.26793e-48
-1.23996e-48
4.28044e-49
7.73941e-48
-1.80228e-50
9.45804e-47
-6.16191e-49
1.09496e-45
-7.14116e-48
1.21971e-44
-8.03535e-47
1.30958e-43
-8.83316e-46
1.34634e-42
-9.42575e-45
1.33063e-41
-9.79465e-44
1.24966e-40
-9.81111e-43
1.1253e-39
-9.53026e-42
9.51211e-39
-8.83356e-41
-7.90784e-40
-4.25485e-34
5.74123e-36
-1.86721e-33
3.64325e-35
-1.6377e-33
1.82373e-34
-4.20362e-32
2.43295e-35
2.69535e-32
-3.52635e-34
1.38228e-32
-8.2962e-35
-1.26872e-32
2.15328e-34
6.64512e-34
1.74751e-35
7.09609e-34
-1.2637e-34
1.55543e-32
-8.55009e-35
2.2844e-33
-2.87371e-35
1.62581e-32
-1.71594e-34
1.72645e-33
1.43008e-36
1.51819e-32
7.25738e-35
-1.33324e-32
7.57239e-35
1.35234e-32
2.60997e-35
-1.44152e-32
6.18175e-35
-4.81161e-34
3.84174e-37
-5.97016e-34
-5.90922e-35
-1.39648e-34
-1.17099e-35
-2.15579e-35
-2.28747e-36
-3.56477e-36
-3.30981e-37
-4.93677e-37
-4.6531e-38
-6.74655e-38
-5.77756e-39
-8.32835e-39
-6.93999e-40
-9.94084e-40
-7.73444e-41
-1.10673e-40
-8.31632e-42
-1.1868e-41
-8.46368e-43
-1.20673e-42
-8.31311e-44
-1.18308e-43
-7.8115e-45
-1.11053e-44
-7.09755e-46
-1.00751e-45
-6.21122e-47
-8.80653e-47
-5.2716e-48
-7.34602e-48
-4.68501e-49
9.45181e-49
-4.14366e-49
1.98697e-47
-3.8428e-48
2.41154e-46
-3.74702e-47
2.77154e-45
-3.50152e-46
3.0306e-44
-3.16904e-45
3.14689e-43
-2.74671e-44
3.11142e-42
-2.33407e-43
2.90752e-41
-1.91251e-42
2.58325e-40
-1.57379e-41
2.14675e-39
-1.26276e-40
-1.03749e-39
-7.36803e-35
7.54947e-36
-3.01752e-34
4.36408e-35
-1.38452e-33
2.1189e-34
-1.52693e-33
2.72152e-35
5.93005e-34
-4.09132e-34
1.09871e-33
-9.70134e-35
-1.70626e-34
2.49126e-34
-2.60992e-34
2.07319e-35
4.94041e-34
-1.4682e-34
1.01041e-33
-9.93279e-35
1.12108e-33
-2.66905e-35
1.1225e-33
-1.09109e-35
1.02976e-33
9.31269e-36
5.74677e-34
8.53858e-35
1.01669e-34
8.8494e-35
-6.74866e-35
3.11232e-35
-4.48234e-34
7.18557e-35
-4.52406e-34
4.67071e-37
-9.65861e-35
-6.8573e-35
-2.41955e-35
-1.39468e-35
-4.17142e-36
-2.74994e-36
-7.21097e-37
-4.02058e-37
-1.05042e-37
-5.68428e-38
-1.47734e-38
-7.09891e-39
-1.87687e-39
-8.5605e-40
-2.28474e-40
-9.57689e-41
-2.59154e-41
-1.03272e-41
-2.81881e-42
-1.05392e-42
-2.90432e-43
-1.03749e-43
-2.87819e-44
-9.76945e-45
-2.72871e-45
-8.89249e-46
-2.49666e-46
-7.79524e-47
-2.20421e-47
-6.645e-48
-2.31678e-48
-7.97467e-49
-4.12087e-48
-2.65794e-48
-3.30439e-47
-2.57338e-47
-2.52961e-46
-2.4197e-46
-1.68651e-45
-2.14391e-45
-9.2768e-45
-1.80123e-44
-2.74253e-44
-1.39728e-43
1.61923e-43
-1.01682e-42
4.25857e-42
-6.56195e-42
4.98315e-41
-3.91048e-41
4.63192e-40
-1.87841e-40
-8.36853e-40
-1.15113e-35
5.62038e-36
-3.20014e-35
9.94356e-36
-1.06638e-34
3.56431e-35
-1.13338e-34
3.51886e-36
3.79986e-35
-6.6242e-35
7.72791e-35
-1.65252e-35
-6.97285e-36
3.95902e-35
-1.18354e-35
3.82816e-36
4.21114e-35
-2.40558e-35
8.3463e-35
-1.70131e-35
9.50078e-35
-5.07939e-36
9.35451e-35
-6.87923e-36
8.40783e-35
1.83956e-36
4.89854e-35
1.43254e-35
1.0776e-35
1.49705e-35
-5.59811e-36
5.94534e-36
-3.4759e-35
1.17909e-35
-3.54601e-35
1.00142e-37
-9.93692e-36
-1.11231e-35
-3.50394e-36
-2.6451e-36
-7.01542e-37
-5.53147e-37
-1.36222e-37
-8.57488e-38
-2.1283e-38
-1.25424e-38
-3.15542e-39
-1.61747e-39
-4.15968e-40
-1.99434e-40
-5.21067e-41
-2.27715e-41
-6.04056e-42
-2.49404e-42
-6.68555e-43
-2.58146e-43
-6.98452e-44
-2.57043e-44
-7.00036e-45
-2.44567e-45
-6.69854e-46
-2.24566e-46
-6.17971e-47
-1.98559e-47
-5.88104e-48
-1.85153e-48
-4.4387e-48
-1.80812e-48
-3.71016e-47
-1.73359e-47
-3.25737e-46
-1.71748e-46
-2.70419e-45
-1.62861e-45
-2.0688e-44
-1.45715e-44
-1.47231e-43
-1.23766e-43
-9.24316e-43
-9.72252e-43
-5.23459e-42
-7.16491e-42
-2.31506e-41
-4.67814e-41
-8.28842e-41
-2.79256e-40
-8.83569e-41
-1.30113e-39
-5.08137e-39
-1.11196e-35
7.69213e-36
-1.02347e-35
6.71352e-36
-7.54518e-36
7.16042e-36
-6.4057e-36
7.11249e-37
1.36432e-36
-1.09474e-35
3.58036e-36
-2.78646e-36
1.12684e-37
6.49696e-36
2.20824e-37
6.46972e-37
2.8292e-36
-4.00182e-36
5.23138e-36
-2.89597e-36
6.13419e-36
-9.52805e-37
5.87539e-36
-1.37995e-36
5.14841e-36
2.74059e-37
3.19094e-36
2.39578e-36
8.75087e-37
2.529e-36
-2.84794e-37
1.04636e-36
-1.95132e-36
1.97066e-36
-2.0385e-36
1.97356e-38
-7.71836e-37
-1.84484e-36
-3.82173e-37
-4.6176e-37
-8.72933e-38
-1.03186e-37
-1.84331e-38
-1.67882e-38
-3.04374e-39
-2.56333e-39
-4.68646e-40
-3.41557e-40
-6.3614e-41
-4.32462e-41
-8.14338e-42
-5.0413e-42
-9.61152e-43
-5.61432e-43
-1.07892e-43
-5.88978e-44
-1.14091e-44
-5.92933e-45
-1.1549e-45
-5.6929e-46
-1.11499e-46
-5.26739e-47
-1.0656e-47
-4.76671e-48
-4.0651e-48
-1.35062e-48
-3.1084e-47
-1.03483e-47
-2.92266e-46
-1.08083e-46
-2.59765e-45
-1.08226e-45
-2.18615e-44
-1.03846e-44
-1.70083e-43
-9.42253e-44
-1.23635e-42
-8.13957e-43
-7.98384e-42
-6.5273e-42
-4.69965e-41
-4.93333e-41
-2.21752e-40
-3.32373e-40
-8.95017e-40
-2.06013e-39
-1.84653e-39
-1.0044e-38
-4.11262e-38
-1.87366e-34
9.93984e-35
-1.32939e-35
8.33258e-36
-1.01079e-35
7.21284e-37
-2.3309e-36
-5.83903e-38
-4.10844e-37
-1.38589e-36
-7.15543e-38
-3.57061e-37
6.97862e-38
7.92208e-37
1.5207e-37
8.23538e-38
1.61865e-37
-4.96351e-37
2.44602e-37
-3.67859e-37
3.08558e-37
-1.311e-37
2.62798e-37
-1.83979e-37
2.11686e-37
3.15883e-38
1.6152e-37
2.99309e-37
6.70496e-38
3.18788e-37
8.67892e-40
1.37992e-37
-5.58384e-38
2.4533e-37
-6.65779e-38
2.8492e-39
-5.46308e-38
-2.27853e-37
-4.24871e-38
-6.04994e-38
-1.07661e-38
-1.42014e-38
-2.44332e-39
-2.41086e-39
-4.21182e-40
-3.80457e-40
-6.70067e-41
-5.2116e-41
-9.31716e-42
-6.74033e-42
-1.21567e-42
-7.99914e-43
-1.45675e-43
-9.03517e-44
-1.6555e-44
-9.59402e-45
-1.76845e-45
-9.75452e-46
-1.80535e-46
-9.44689e-47
-1.77286e-47
-8.83479e-48
-3.61051e-48
-1.16464e-48
-2.0694e-47
-4.36037e-48
-2.04561e-46
-4.70981e-47
-1.94775e-45
-4.98156e-46
-1.7527e-44
-5.04644e-45
-1.4969e-43
-4.90737e-44
-1.18652e-42
-4.52862e-43
-8.82243e-42
-3.9895e-42
-5.87542e-41
-3.28343e-41
-3.59514e-40
-2.5568e-40
-1.80464e-39
-1.79545e-39
-7.94329e-39
-1.16307e-38
-2.08947e-38
-6.05345e-38
-2.61235e-37
-9.51458e-36
1.59711e-35
-8.36378e-36
1.50183e-35
-1.81605e-36
6.46577e-37
-4.13062e-37
-8.35649e-38
-9.12907e-38
-2.00564e-37
-3.54435e-38
-4.95783e-38
9.11749e-39
9.60402e-38
2.19965e-38
1.00841e-38
8.57634e-39
-6.12765e-38
7.18232e-39
-4.62091e-38
1.14904e-38
-1.78428e-38
5.71415e-39
-2.67291e-38
2.17599e-39
3.01967e-39
6.01115e-39
3.69153e-38
5.10479e-39
3.97212e-38
1.975e-39
1.76045e-38
2.87105e-39
3.03892e-38
1.69725e-39
3.91347e-40
-3.77411e-39
-2.80586e-38
-4.32106e-39
-7.67482e-39
-1.17798e-39
-1.88014e-39
-2.80337e-40
-3.29631e-40
-4.99219e-41
-5.35332e-41
-8.13707e-42
-7.50017e-42
-1.15377e-42
-9.88096e-43
-1.52867e-43
-1.19024e-43
-1.85568e-44
-1.36085e-44
-2.13112e-45
-1.45965e-45
-2.29729e-46
-1.49648e-46
-2.37245e-47
-1.46055e-47
-3.42561e-48
-1.50346e-48
-1.23792e-47
-1.73019e-48
-1.27893e-46
-1.84699e-47
-1.28589e-45
-2.04495e-46
-1.23908e-44
-2.18661e-45
-1.13079e-43
-2.24261e-44
-9.82379e-43
-2.21151e-43
-7.95217e-42
-2.07471e-42
-6.07305e-41
-1.86312e-41
-4.18886e-40
-1.56977e-40
-2.68919e-39
-1.2582e-39
-1.44961e-38
-9.16857e-39
-7.10861e-38
-6.24718e-38
-2.32884e-37
-3.47832e-37
-1.6861e-36
-5.75904e-37
2.8125e-34
-1.01269e-36
1.80447e-35
-2.57375e-37
1.85243e-36
-7.33966e-38
1.45099e-37
-1.71561e-38
-9.30816e-39
-6.22683e-39
-4.4103e-39
8.49987e-40
1.03856e-38
2.58412e-39
1.11046e-39
4.88779e-40
-6.63427e-39
-1.37478e-40
-5.08931e-39
1.7563e-40
-2.09937e-39
-5.49045e-40
-3.21345e-39
-8.32905e-40
2.45784e-40
6.11323e-41
3.99676e-39
4.31839e-40
4.3404e-39
3.08306e-40
1.97119e-39
7.44228e-40
3.29981e-39
6.17696e-40
4.64791e-41
-2.92424e-40
-3.02979e-39
-4.46646e-40
-8.55532e-40
-1.27145e-40
-2.16487e-40
-3.12878e-41
-3.90065e-41
-5.70263e-42
-6.47873e-42
-9.47376e-43
-9.25027e-43
-1.36394e-43
-1.23723e-43
-1.82991e-44
-1.50965e-44
-2.24466e-45
-1.74417e-45
-2.60024e-46
-1.88774e-46
-2.82703e-47
-1.95e-47
-3.34344e-48
-1.93124e-48
-5.10432e-48
-3.93553e-49
-5.30642e-47
-2.57318e-48
-5.63109e-46
-2.96903e-47
-5.7306e-45
-3.33234e-46
-5.59869e-44
-3.60639e-45
-5.19949e-43
-3.75761e-44
-4.61053e-42
-3.75549e-43
-3.83565e-41
-3.59587e-42
-3.02676e-40
-3.2801e-41
-2.18909e-39
-2.85035e-40
-1.49001e-38
-2.33662e-39
-8.83969e-38
-1.80781e-38
-4.89521e-37
-1.28418e-37
-2.05245e-36
-8.20976e-37
-4.21443e-36
-2.5574e-36
-7.96956e-35
1.37488e-36
6.43506e-36
1.92796e-37
1.81928e-36
1.34165e-38
2.95287e-37
-2.39337e-39
4.77634e-38
-1.36311e-39
6.4018e-39
-8.1383e-41
2.03846e-39
2.32697e-40
2.34519e-40
2.93322e-41
-6.90593e-40
-4.48383e-41
-5.46625e-40
-2.08065e-41
-2.41033e-40
-9.98078e-41
-3.87367e-40
-1.24443e-40
1.40934e-41
-1.70415e-41
4.22541e-40
3.76741e-41
4.63443e-40
3.43496e-41
2.13849e-40
8.94563e-41
3.51143e-40
7.6862e-41
5.28034e-42
-2.41558e-41
-3.21037e-40
-4.3174e-41
-9.24905e-41
-1.26704e-41
-2.40246e-41
-3.19164e-42
-4.4187e-42
-5.92707e-43
-7.47411e-43
-9.99612e-44
-1.08321e-43
-1.45781e-44
-1.46692e-44
-1.97652e-45
-1.80864e-45
-2.4467e-46
-2.10771e-46
-2.85695e-47
-2.29802e-47
-3.27513e-48
-2.39064e-48
-2.15382e-48
-2.67546e-49
-2.11e-47
-4.24646e-49
-2.3416e-46
-4.93673e-48
-2.51211e-45
-5.85452e-47
-2.58668e-44
-6.73881e-46
-2.56083e-43
-7.46621e-45
-2.41473e-42
-8.01351e-44
-2.17943e-41
-8.22378e-43
-1.85119e-40
-8.18278e-42
-1.49827e-39
-7.7253e-41
-1.1165e-38
-7.14283e-40
-7.90945e-38
-6.23051e-39
-4.9059e-37
-5.45935e-38
-2.93186e-36
-4.38056e-37
-1.31158e-35
-3.47384e-36
-2.06397e-35
-1.25038e-35
5.12259e-36
-6.72685e-36
-1.31847e-36
-1.52175e-36
8.94389e-37
-3.71826e-37
2.02022e-37
-6.59527e-38
3.96317e-38
-1.14453e-38
5.77312e-39
-1.67053e-39
9.17205e-40
-2.1105e-40
1.11948e-40
-2.73305e-41
-5.70273e-41
-8.60341e-42
-5.30779e-41
-3.49716e-42
-2.51589e-41
-1.15839e-41
-4.17734e-41
-1.38604e-41
2.91678e-43
-2.60152e-42
4.1197e-41
3.3961e-42
4.5605e-41
3.45388e-42
2.1378e-41
9.15901e-42
3.44362e-41
7.94043e-42
5.4817e-43
-2.12956e-42
-3.13603e-41
-4.10296e-42
-9.22063e-42
-1.22755e-42
-2.44475e-42
-3.14638e-43
-4.57655e-43
-5.92616e-44
-7.8563e-44
-1.01156e-44
-1.15325e-44
-1.49044e-45
-1.57821e-45
-2.03813e-46
-1.96364e-46
-2.54177e-47
-2.3056e-47
-2.99881e-48
-2.53031e-48
-5.00938e-49
-2.64619e-49
-2.12162e-48
-2.93733e-50
-2.4386e-47
-4.69715e-50
-2.75608e-46
-6.08083e-49
-3.00195e-45
-7.93953e-48
-3.15319e-44
-1.01015e-46
-3.17242e-43
-1.22673e-45
-3.06583e-42
-1.46934e-44
-2.81239e-41
-1.7033e-43
-2.46681e-40
-2.05027e-42
-2.0214e-39
-2.55411e-41
-1.57287e-38
-3.57646e-40
-1.10112e-37
-5.21242e-39
-7.16172e-37
-7.69292e-38
-3.68402e-36
-1.00937e-36
-1.59938e-35
-1.12333e-35
-9.20853e-35
-2.08352e-34
-6.01844e-36
-1.39519e-35
-2.04838e-36
-1.09269e-35
-1.20512e-36
-2.42072e-36
-2.22511e-37
-3.78173e-37
-4.04043e-38
-6.13817e-38
-5.76632e-39
-8.50399e-39
-7.86164e-40
-1.14935e-39
-9.73898e-41
-1.41617e-40
-1.83217e-41
-1.72727e-41
-6.55021e-42
-2.162e-42
-2.71261e-42
-1.3237e-42
-4.4199e-42
-1.35705e-42
-9.53577e-44
-2.77511e-43
3.89629e-42
2.95695e-43
4.35544e-42
3.18125e-43
2.06567e-42
8.43258e-43
3.2825e-42
7.32345e-43
5.45781e-44
-1.8417e-43
-2.98006e-42
-3.67885e-43
-8.89098e-43
-1.11872e-43
-2.39666e-43
-2.90682e-44
-4.54848e-44
-5.54178e-45
-7.9022e-45
-9.55471e-46
-1.17195e-45
-1.42041e-46
-1.6176e-46
-1.95676e-47
-2.02764e-47
-2.45949e-48
-2.39544e-48
-3.33716e-49
-2.6358e-49
-5.81362e-49
-1.80963e-50
-6.71241e-48
1.21714e-49
-7.93241e-47
1.55934e-48
-9.09044e-46
1.89817e-47
-1.0041e-44
2.23539e-46
-1.07232e-43
2.55053e-45
-1.09692e-42
2.80073e-44
-1.08242e-41
2.96579e-43
-1.01328e-40
2.98288e-42
-9.13897e-40
2.8351e-41
-7.68329e-39
2.40356e-40
-6.22593e-38
1.64202e-39
-4.50706e-37
3.48564e-39
-3.13821e-36
-1.40214e-37
-1.68457e-35
-3.46716e-36
-8.57399e-35
-4.9915e-35
-5.26644e-34
-1.19968e-35
-7.00146e-36
-7.38876e-36
-5.82952e-36
-1.65755e-36
-1.75126e-36
-3.99461e-37
-2.92352e-37
-6.99208e-38
-5.02779e-38
-1.19681e-38
-7.08359e-39
-1.75116e-39
-9.74446e-40
-2.45001e-40
-1.20843e-40
-3.11522e-41
-1.50617e-41
-3.81879e-42
-2.09067e-42
-4.5278e-43
-4.18417e-43
-1.49875e-43
-4.48309e-43
-1.27483e-43
-2.07043e-44
-2.6894e-44
3.47194e-43
2.52117e-44
3.91912e-43
2.81165e-44
1.87991e-43
7.42854e-44
2.94839e-43
6.45106e-44
5.09403e-45
-1.57616e-44
-2.66917e-43
-3.20744e-44
-8.07814e-44
-9.87258e-45
-2.207e-44
-2.59332e-45
-4.23916e-45
-4.99212e-46
-7.43887e-46
-8.67776e-47
-1.11314e-46
-1.29944e-47
-1.54777e-47
-1.80089e-48
-1.95283e-48
-2.26252e-49
-2.3192e-49
-1.38294e-50
-2.51182e-50
1.61115e-49
5.23067e-51
1.99156e-48
1.02322e-49
2.33925e-47
1.28705e-48
2.66014e-46
1.56872e-47
2.91346e-45
1.85015e-46
3.08048e-44
2.11457e-45
3.11668e-43
2.32619e-44
3.03441e-42
2.46894e-43
2.79898e-41
2.49022e-42
2.47655e-40
2.37832e-41
2.0393e-39
2.035e-40
1.60384e-38
1.42735e-39
1.12505e-37
3.84946e-39
7.4144e-37
-1.03415e-37
3.76771e-36
-2.74255e-36
1.66047e-35
-4.05859e-35
-4.41798e-34
-1.32271e-36
-1.05221e-34
-1.22255e-37
-8.31824e-36
-9.20228e-38
-1.04246e-36
-4.15027e-38
-1.13569e-37
-9.49483e-39
-1.35368e-38
-1.93937e-39
-1.6471e-39
-3.15473e-40
-2.14622e-40
-4.76151e-41
-2.66896e-41
-6.38141e-42
-3.2956e-42
-8.08973e-43
-4.11429e-43
-9.6014e-44
-6.29894e-44
-1.94109e-44
-4.50124e-44
-1.1717e-44
-3.07257e-45
-2.46354e-45
2.99467e-44
2.05091e-45
3.41605e-44
2.35955e-45
1.65363e-44
6.20532e-45
2.56765e-44
5.38485e-45
4.57387e-46
-1.2932e-45
-2.31914e-44
-2.66609e-45
-7.09733e-45
-8.29823e-46
-1.96044e-45
-2.19965e-46
-3.80214e-46
-4.27062e-47
-6.72706e-47
-7.47564e-48
-1.01401e-47
-1.12657e-48
-1.41854e-48
-1.56422e-49
-1.79947e-49
-1.26487e-50
-2.15154e-50
9.1494e-50
-3.00797e-51
1.1794e-48
-8.45937e-51
1.44033e-47
-1.06074e-49
1.70234e-46
-1.3307e-48
1.95e-45
-1.62221e-47
2.15263e-44
-1.91361e-46
2.29725e-43
-2.18754e-45
2.34778e-42
-2.40681e-44
2.31423e-41
-2.55468e-43
2.16334e-40
-2.57599e-42
1.9479e-39
-2.45745e-41
1.63406e-38
-2.09442e-40
1.32073e-37
-1.44879e-39
9.52948e-37
-3.38578e-39
6.60948e-36
1.17714e-37
3.53077e-35
2.99912e-36
1.78585e-34
4.39637e-35
4.75647e-34
2.95441e-37
-9.65678e-36
-4.89955e-37
-5.54633e-36
-9.91023e-38
-6.43713e-37
-2.33043e-38
-5.99048e-38
-3.87171e-39
-5.39281e-39
-6.4372e-40
-5.08999e-40
-9.21679e-41
-5.62575e-41
-1.27317e-41
-6.54349e-42
-1.6042e-42
-7.84523e-43
-1.9372e-43
-9.23111e-44
-2.19712e-44
-1.1729e-44
-3.11135e-45
-4.67179e-45
-1.13319e-45
-4.04413e-46
-2.25819e-46
2.46014e-45
1.61075e-46
2.84004e-45
1.9154e-46
1.38702e-45
5.02163e-46
2.13336e-45
4.35457e-46
3.90494e-47
-1.03366e-46
-1.92285e-45
-2.15137e-46
-5.94775e-46
-6.75685e-47
-1.65798e-46
-1.80451e-47
-3.24327e-47
-3.52815e-48
-5.77854e-48
-6.2118e-49
-8.76665e-49
-9.41066e-50
-1.23287e-49
-1.31037e-50
-1.57174e-50
-8.04823e-52
-1.93441e-51
1.10101e-50
-9.20765e-52
1.39961e-49
-9.44581e-51
1.69688e-48
-1.21674e-49
1.99002e-47
-1.5254e-48
2.2594e-46
-1.85776e-47
2.47036e-45
-2.18918e-46
2.60675e-44
-2.49954e-45
2.63177e-43
-2.74639e-44
2.55555e-42
-2.91001e-43
2.3507e-41
-2.92723e-42
2.0722e-40
-2.78044e-41
1.69974e-39
-2.34802e-40
1.32904e-38
-1.58019e-39
9.26765e-38
-2.69721e-39
6.03984e-37
1.51014e-37
3.03545e-36
3.61038e-36
1.29288e-35
5.15632e-35
5.41724e-34
-2.98966e-38
-9.74536e-36
3.37541e-38
-5.7379e-36
5.6424e-39
-6.338e-37
6.37175e-40
-5.38948e-38
8.55145e-42
-3.86084e-39
-1.4011e-41
-2.51303e-40
-3.78469e-42
-1.7115e-41
-7.27171e-43
-1.35547e-42
-1.12537e-43
-1.30693e-43
-1.56709e-44
-1.38714e-44
-1.97131e-45
-1.61177e-45
-2.90121e-46
-4.65758e-46
-9.67454e-47
-4.62156e-47
-1.9165e-47
1.95711e-46
1.21787e-47
2.28852e-46
1.49307e-47
1.12617e-46
3.90253e-47
1.719e-46
3.38166e-47
3.21747e-48
-7.94668e-48
-1.54667e-46
-1.66833e-47
-4.82631e-47
-5.28399e-48
-1.35558e-47
-1.42018e-48
-2.67063e-48
-2.79419e-49
-4.78598e-49
-4.94433e-50
-7.29984e-50
-7.54477e-51
-1.03108e-50
-1.31524e-51
-1.3189e-51
-3.56706e-51
-1.5173e-52
-4.44536e-50
7.58513e-53
-5.58856e-49
1.24876e-51
-6.82865e-48
1.62774e-50
-8.07768e-47
2.05819e-49
-9.26188e-46
2.53058e-48
-1.02355e-44
3.01303e-47
-1.09371e-43
3.48302e-46
-1.11938e-42
3.88632e-45
-1.10527e-41
4.21816e-44
-1.0352e-40
4.43464e-43
-9.34307e-40
4.64376e-42
-7.85855e-39
4.91529e-41
-6.37261e-38
5.62312e-40
-4.61464e-37
6.92184e-39
-3.21519e-36
9.05534e-38
-1.72543e-35
1.11451e-36
-8.7828e-35
1.19726e-35
9.65587e-35
-3.76432e-37
-1.10991e-34
4.81774e-37
-8.58801e-36
8.87022e-38
-8.75527e-37
1.74961e-38
-6.77196e-38
2.43985e-39
-3.80317e-39
3.37672e-40
-1.18784e-40
4.07109e-41
7.7551e-42
4.78594e-42
1.99104e-42
5.19066e-43
2.76458e-43
5.449e-44
3.17042e-44
5.39849e-45
3.36653e-45
5.12254e-46
3.12339e-46
4.16798e-47
2.96472e-47
2.86544e-48
1.814e-47
1.27489e-48
1.80138e-47
1.16087e-48
8.81271e-48
2.94783e-48
1.33209e-47
2.55083e-48
2.54482e-49
-5.94366e-49
-1.19646e-47
-1.25698e-48
-3.76475e-48
-4.00949e-49
-1.06418e-48
-1.08337e-49
-2.10993e-49
-2.14279e-50
-3.80007e-50
-3.80775e-51
-5.82361e-51
-5.86738e-52
-8.25591e-52
-1.48736e-52
-1.04541e-52
-8.93631e-52
7.96658e-54
-1.13723e-50
2.81092e-52
-1.42153e-49
3.74631e-51
-1.72545e-48
4.83666e-50
-2.02653e-47
6.06331e-49
-2.30481e-46
7.38433e-48
-2.52489e-45
8.70296e-47
-2.67039e-44
9.9415e-46
-2.70303e-43
1.09399e-44
-2.63301e-42
1.16423e-43
-2.43067e-41
1.18627e-42
-2.15235e-40
1.16815e-41
-1.77458e-39
1.09346e-40
-1.39692e-38
9.95246e-40
-9.81473e-38
8.55846e-39
-6.46542e-37
7.28799e-38
-3.28666e-36
5.70688e-37
-1.43325e-35
4.345e-36
2.52436e-35
4.50824e-37
-6.61908e-36
-5.8834e-37
-5.0296e-36
-1.15148e-37
-5.00343e-37
-2.39601e-38
-3.42201e-38
-3.5519e-39
-7.35614e-40
-5.22987e-40
1.96626e-40
-6.73513e-41
4.67122e-41
-8.45482e-42
6.92004e-42
-9.80594e-43
8.97988e-43
-1.09972e-43
1.05119e-43
-1.16448e-44
1.16564e-44
-1.19069e-45
1.21546e-45
-1.16627e-46
1.21663e-46
-1.10648e-47
1.27835e-47
-9.29357e-49
2.40872e-48
-4.75342e-51
7.60462e-49
2.07352e-49
1.0103e-48
1.85269e-49
2.01344e-50
-4.3027e-50
-8.9897e-49
-9.15247e-50
-2.84898e-49
-2.93871e-50
-8.09622e-50
-7.97672e-51
-1.61387e-50
-1.58517e-51
-2.91878e-51
-2.82687e-52
-4.49086e-52
-4.35008e-53
-6.37912e-53
-8.19115e-54
-7.02207e-54
-2.78173e-53
1.58408e-53
-3.43589e-52
2.29522e-52
-4.22974e-51
3.05015e-51
-5.04402e-50
3.94504e-50
-5.80451e-49
4.9555e-49
-6.44416e-48
6.04882e-48
-6.86414e-47
7.14652e-47
-7.01885e-46
8.18661e-46
-6.8274e-45
9.03656e-45
-6.33242e-44
9.65204e-44
-5.51022e-43
9.87517e-43
-4.52621e-42
9.77561e-42
-3.39972e-41
9.20958e-41
-2.36931e-40
8.46183e-40
-1.42641e-39
7.37103e-39
-7.67962e-39
6.3973e-38
-3.02368e-38
5.12839e-37
-9.55871e-38
4.00744e-36
2.38666e-35
4.04041e-37
-6.32727e-36
-6.56324e-37
-1.17806e-36
-1.38607e-37
7.42042e-38
-3.25662e-38
4.1785e-38
-5.40307e-39
1.03705e-38
-8.88625e-40
1.70448e-39
-1.26066e-40
2.52517e-40
-1.72384e-41
3.27744e-41
-2.15333e-42
4.03148e-42
-2.57664e-43
4.59849e-43
-2.88828e-44
5.02018e-44
-3.10476e-45
5.18588e-45
-3.17031e-46
5.14976e-46
-3.11421e-47
4.89864e-47
-2.92522e-48
4.57766e-48
-2.60224e-49
4.43857e-49
-8.05784e-51
1.0663e-49
1.12047e-50
4.22265e-51
-3.18827e-51
-6.50888e-50
-6.49671e-51
-2.08199e-50
-2.09485e-51
-5.94691e-51
-5.70605e-52
-1.19134e-51
-1.13823e-52
-2.16245e-52
-2.01001e-53
-3.33969e-53
5.14089e-55
-4.86062e-54
4.91802e-53
-2.01979e-54
6.57735e-52
-1.96248e-53
8.48878e-51
-2.65276e-52
1.06404e-49
-3.50324e-51
1.29559e-48
-4.50211e-50
1.52726e-47
-5.61602e-49
1.74451e-46
-6.8013e-48
1.92079e-45
-7.9664e-47
2.04368e-44
-9.03384e-46
2.08331e-43
-9.85592e-45
2.04643e-42
-1.03647e-43
1.90814e-41
-1.03698e-42
1.70989e-40
-9.85368e-42
1.43013e-39
-8.52903e-41
1.14468e-38
-6.39967e-40
8.20372e-38
-3.07054e-39
5.51789e-37
1.04328e-38
2.87345e-36
5.4819e-37
1.2767e-35
8.17727e-36
7.83875e-35
-1.35246e-36
3.4213e-36
-4.56492e-37
-2.09776e-36
-1.82129e-37
1.20292e-36
-6.54149e-38
2.84417e-37
-1.38088e-38
5.71065e-38
-2.68512e-39
8.46856e-39
-4.24789e-40
1.18886e-39
-6.28916e-41
1.48216e-40
-8.31584e-42
1.77451e-41
-1.0398e-42
1.97775e-42
-1.2056e-43
2.12113e-43
-1.33196e-44
2.15693e-44
-1.39039e-45
2.11451e-45
-1.39125e-46
1.98494e-46
-1.32971e-47
1.80143e-47
-1.22372e-48
1.5777e-48
-1.07356e-49
1.38516e-49
-8.37553e-51
1.10378e-50
-9.75141e-52
-3.74534e-51
-5.07365e-52
-1.41412e-51
-1.495e-52
-4.19431e-52
-3.99157e-53
-8.50097e-53
-7.8813e-54
-1.55191e-53
-4.64831e-55
-2.43666e-54
1.32259e-53
-8.02921e-55
1.84178e-52
-6.61673e-54
2.45833e-51
-9.18333e-53
3.19549e-50
-1.25149e-51
4.03566e-49
-1.66065e-50
4.95435e-48
-2.14538e-49
5.89025e-47
-2.69134e-48
6.79249e-46
-3.28009e-47
7.553e-45
-3.86845e-46
8.12855e-44
-4.42169e-45
8.38354e-43
-4.86635e-44
8.35411e-42
-5.17292e-43
7.90168e-41
-5.24274e-42
7.2193e-40
-5.07829e-41
6.15082e-39
-4.53103e-40
5.0742e-38
-3.62815e-39
3.73857e-37
-2.13295e-38
2.6741e-36
-2.20481e-38
1.47008e-35
2.09558e-36
7.86313e-35
3.90763e-35
4.69148e-34
-1.30808e-35
-9.97973e-35
-1.05525e-35
3.75636e-36
-2.33095e-36
1.63017e-36
-5.49897e-37
2.86659e-37
-9.42577e-38
5.04746e-38
-1.58474e-38
7.11131e-39
-2.28775e-39
9.75967e-40
-3.16875e-40
1.20294e-40
-3.99511e-41
1.43203e-41
-4.8166e-42
1.58954e-42
-5.43006e-43
1.70008e-43
-5.86656e-44
1.72453e-44
-6.01473e-45
1.68729e-45
-5.93049e-46
1.58096e-46
-5.59975e-47
1.4321e-47
-5.10296e-48
1.25034e-48
-4.48e-49
1.06118e-49
-3.80307e-50
8.66888e-51
-3.14772e-51
3.72491e-52
-2.80186e-52
-4.89407e-53
-2.91559e-53
-2.53698e-53
-4.14741e-54
-5.63714e-54
-8.22337e-55
-1.06186e-54
-2.65846e-54
-1.72779e-55
-3.57058e-53
-1.14662e-55
-4.86375e-52
-1.3066e-54
-6.45353e-51
-1.82841e-53
-8.33564e-50
-2.50233e-52
-1.04556e-48
-3.33525e-51
-1.27383e-47
-4.32977e-50
-1.50205e-46
-5.45979e-49
-1.71604e-45
-6.69273e-48
-1.889e-44
-7.9432e-47
-2.00927e-43
-9.1491e-46
-2.04622e-42
-1.01688e-44
-2.00831e-41
-1.09861e-43
-1.86882e-40
-1.14888e-42
-1.67274e-39
-1.19469e-41
-1.39461e-38
-1.25405e-40
-1.11711e-37
-1.42091e-39
-7.9881e-37
-1.73635e-38
-5.45216e-36
-2.26344e-37
-2.86918e-35
-2.78929e-36
-1.3953e-34
-3.01045e-35
-2.45833e-34
-2.47915e-34
2.40335e-34
-1.91383e-35
1.76036e-35
-1.35853e-35
6.19742e-37
-3.00201e-36
-1.05661e-37
-4.67997e-37
-3.91278e-38
-7.56797e-38
-6.5704e-39
-1.04587e-38
-9.63166e-40
-1.41255e-39
-1.21334e-40
-1.7367e-40
-1.45431e-41
-2.05767e-41
-1.61653e-42
-2.28171e-42
-1.72829e-43
-2.43403e-43
-1.75167e-44
-2.46619e-44
-1.71226e-45
-2.40823e-45
-1.60297e-46
-2.25365e-46
-1.45084e-47
-2.03807e-47
-1.26558e-48
-1.7769e-48
-1.06981e-49
-1.50117e-49
-8.75778e-51
-1.22808e-50
-7.17638e-52
-9.77749e-52
-6.06593e-53
-7.59598e-53
-6.02423e-54
-5.85859e-54
-6.96832e-55
-7.8877e-55
-9.11642e-56
-4.9008e-54
3.66945e-56
-6.80816e-53
7.24948e-55
-9.29303e-52
1.04064e-53
-1.23527e-50
1.4541e-52
-1.59865e-49
1.98186e-51
-2.00945e-48
2.62994e-50
-2.45388e-47
3.39777e-49
-2.90079e-46
4.26264e-48
-3.32351e-45
5.19528e-47
-3.66975e-44
6.12696e-46
-3.91741e-43
7.00164e-45
-4.00486e-42
7.69927e-44
-3.94916e-41
8.16251e-43
-3.69329e-40
8.20581e-42
-3.32731e-39
7.76362e-41
-2.79297e-38
6.45615e-40
-2.25921e-37
4.08494e-39
-1.63154e-36
-1.45515e-40
-1.13294e-35
-5.67235e-37
-6.05946e-35
-1.23854e-35
-3.07052e-34
-1.73736e-34
-1.8181e-33
-1.36672e-35
1.34338e-34
-9.79016e-36
1.88322e-35
-2.17882e-36
5.83128e-37
-5.18708e-37
-1.38554e-37
-8.97094e-38
-4.76245e-38
-1.51967e-38
-7.97269e-39
-2.20644e-39
-1.17023e-39
-3.07013e-40
-1.48079e-40
-3.88461e-41
-1.7817e-41
-4.69701e-42
-1.98841e-42
-5.30781e-43
-2.13286e-43
-5.74591e-44
-2.16841e-44
-5.90095e-45
-2.12514e-45
-5.82672e-46
-1.99428e-46
-5.50866e-47
-1.80877e-47
-5.02549e-48
-1.58087e-48
-4.41692e-49
-1.33888e-49
-3.75814e-50
-1.09761e-50
-3.09444e-51
-8.75464e-52
-2.47466e-52
-6.80512e-53
-1.92369e-53
-5.21966e-54
-1.45365e-54
-3.99411e-55
-4.68165e-58
-2.99707e-56
1.54714e-54
2.05006e-56
2.17739e-53
3.38611e-55
2.97404e-52
4.85299e-54
3.95579e-51
6.78177e-53
5.12323e-50
9.2441e-52
6.44496e-49
1.22681e-50
7.87771e-48
1.58514e-49
9.32205e-47
1.98877e-48
1.06932e-45
2.42405e-47
1.18228e-44
2.85873e-46
1.26402e-43
3.26624e-45
1.29447e-42
3.58895e-44
1.27907e-41
3.7956e-43
1.19894e-40
3.78703e-42
1.08312e-39
3.50323e-41
9.11999e-39
2.7053e-40
7.40486e-38
1.19849e-39
5.36945e-37
-1.45008e-38
3.74674e-36
-5.20424e-37
2.01367e-35
-9.62268e-36
1.02639e-34
-1.28346e-34
-1.30071e-33
-2.01154e-36
2.14646e-35
4.04275e-37
1.26377e-35
-6.07079e-39
1.15865e-36
-2.89735e-38
6.01816e-38
-8.44069e-39
-3.5193e-39
-1.91264e-39
-1.31591e-39
-3.27716e-40
-2.33472e-40
-5.10715e-41
-3.19496e-41
-6.98672e-42
-3.99919e-42
-8.95566e-43
-4.58613e-43
-1.05779e-43
-5.01451e-44
-1.18579e-44
-5.18197e-45
-1.25228e-45
-5.14601e-46
-1.2651e-46
-4.88639e-47
-1.21886e-47
-4.47645e-48
-1.12968e-48
-3.94797e-49
-1.00623e-49
-3.37015e-50
-8.65939e-51
-2.78273e-51
-7.19968e-52
-2.23108e-52
-5.80392e-53
-1.73781e-53
-4.53761e-54
-1.32148e-54
-3.23135e-55
-9.86258e-56
3.02227e-55
-1.02628e-56
4.70128e-54
-4.56127e-56
6.58379e-53
-6.61118e-55
8.99068e-52
-9.47266e-54
1.19559e-50
-1.32445e-52
1.54805e-49
-1.8064e-51
1.94688e-48
-2.3989e-50
2.37891e-47
-3.10184e-49
2.81406e-46
-3.8949e-48
3.22663e-45
-4.75202e-47
3.56583e-44
-5.61099e-46
3.81029e-43
-6.42262e-45
3.89972e-42
-7.08141e-44
3.85061e-41
-7.54985e-43
3.60651e-40
-7.69542e-42
3.25507e-39
-7.55326e-41
2.73791e-38
-6.96566e-40
2.22036e-37
-6.07858e-39
1.60794e-36
-4.65829e-38
1.12058e-35
-2.99756e-37
6.01496e-35
-8.66433e-37
3.06451e-34
9.98742e-36
2.53868e-34
-2.32287e-37
1.34703e-34
1.80528e-37
1.14848e-35
3.35945e-38
1.23488e-36
2.91273e-39
1.00385e-37
-1.89264e-40
6.17842e-39
-1.41481e-40
2.40131e-40
-3.24619e-41
-8.05331e-42
-5.87598e-42
-3.24371e-42
-8.78779e-43
-5.25556e-43
-1.19655e-43
-6.77444e-44
-1.4766e-44
-7.95954e-45
-1.71102e-45
-8.65682e-46
-1.85503e-46
-8.94553e-47
-1.91392e-47
-8.77166e-48
-1.87653e-48
-8.25294e-49
-1.76478e-49
-7.44391e-50
-1.59167e-50
-6.47718e-51
-1.38443e-51
-5.43692e-52
-1.16179e-52
-4.42047e-53
-9.44088e-54
-3.48318e-54
-7.43944e-55
-2.66913e-55
-6.46436e-56
-1.99895e-56
-1.18153e-55
-2.52431e-57
-1.63476e-54
-1.6153e-56
-2.28846e-53
-2.35374e-55
-3.12574e-52
-3.37273e-54
-4.15769e-51
-4.71589e-53
-5.38494e-50
-6.4323e-52
-6.77452e-49
-8.54263e-51
-8.28107e-48
-1.10467e-49
-9.80014e-47
-1.38723e-48
-1.12427e-45
-1.69272e-47
-1.24319e-44
-1.99912e-46
-1.32934e-43
-2.28934e-45
-1.36162e-42
-2.52717e-44
-1.34574e-41
-2.70337e-43
-1.2618e-40
-2.7818e-42
-1.14033e-39
-2.80149e-41
-9.60621e-39
-2.76057e-40
-7.80427e-38
-2.80141e-39
-5.66328e-37
-2.94559e-38
-3.95538e-36
-3.32912e-37
-2.12815e-35
-3.67355e-36
-1.08617e-34
-3.72657e-35
-2.90968e-34
-3.49393e-37
2.20508e-35
4.33568e-37
8.9141e-36
7.33611e-38
1.05872e-36
1.35583e-38
9.66773e-38
1.73159e-39
7.87483e-39
2.17543e-40
6.12173e-40
2.31657e-41
5.17692e-41
2.34724e-42
4.72432e-42
2.09797e-43
4.65503e-43
1.70984e-44
4.58978e-44
1.16841e-45
4.48939e-45
5.89895e-47
4.2338e-46
2.24752e-49
3.87871e-47
-4.61871e-49
3.42314e-48
-8.29861e-50
2.93102e-49
-1.06489e-50
2.42753e-50
-1.17191e-51
1.95386e-51
-1.17207e-52
1.52659e-52
-1.09211e-53
1.16134e-53
-9.62568e-55
8.59939e-55
-8.23235e-56
6.2108e-56
-2.81482e-56
4.58017e-57
-3.18062e-55
3.49706e-57
-4.55693e-54
4.79754e-56
-6.38131e-53
7.03159e-55
-8.7174e-52
1.00736e-53
-1.15971e-50
1.40817e-52
-1.50222e-49
1.92011e-51
-1.89008e-48
2.54921e-50
-2.31064e-47
3.29518e-49
-2.73469e-46
4.13621e-48
-3.13743e-45
5.04427e-47
-3.46935e-44
5.95272e-46
-3.70979e-43
6.8075e-45
-3.79962e-42
7.4915e-44
-3.75507e-41
7.94907e-43
-3.52019e-40
7.9976e-42
-3.18091e-39
7.57177e-41
-2.67864e-38
6.2941e-40
-2.17609e-37
3.96327e-39
-1.57846e-36
-8.91504e-40
-1.10352e-35
-5.7113e-37
-5.93974e-35
-1.2428e-35
-3.05025e-34
-1.749e-34
-1.84392e-33
1.22953e-36
2.50469e-35
-1.60753e-36
1.84814e-35
-3.1828e-37
1.99998e-36
-6.53885e-38
1.68443e-37
-9.57501e-39
1.21539e-38
-1.38289e-39
8.3593e-40
-1.74747e-40
6.62184e-41
-2.14929e-41
6.44416e-42
-2.4443e-42
7.36072e-43
-2.68861e-43
8.51913e-44
-2.79474e-44
9.6537e-45
-2.80636e-45
1.0357e-45
-2.69357e-46
1.06339e-46
-2.50054e-47
1.03874e-47
-2.23446e-48
9.74682e-49
-1.93519e-49
8.77295e-50
-1.62104e-50
7.62072e-51
-1.31893e-51
6.38778e-52
-1.04159e-52
5.18676e-53
-8.00608e-54
4.08126e-54
-5.97922e-55
3.12022e-55
-2.85338e-56
2.3258e-56
2.19442e-55
2.71854e-57
3.19268e-54
1.57054e-56
4.47009e-53
2.28373e-55
6.10476e-52
3.26883e-54
8.11868e-51
4.5653e-53
1.05125e-49
6.21905e-52
1.32211e-48
8.24827e-51
1.61549e-47
1.06502e-49
1.9109e-46
1.33528e-48
2.19089e-45
1.62629e-47
2.42089e-44
1.91643e-46
2.58645e-43
2.18777e-45
2.64648e-42
2.40205e-44
2.61245e-41
2.5387e-43
2.4458e-40
2.53355e-42
2.2066e-39
2.34996e-41
1.85481e-38
1.83839e-40
1.50367e-37
8.83637e-40
1.08813e-36
-7.7721e-39
7.58863e-36
-3.10272e-37
4.0741e-35
-5.80098e-36
2.08864e-34
-7.69689e-35
-7.67829e-34
1.33778e-36
3.90934e-34
-1.87341e-36
2.93846e-35
-3.62063e-37
3.1768e-36
-7.71714e-38
2.82281e-37
-1.17236e-38
2.42992e-38
-1.78524e-39
2.24718e-39
-2.37305e-40
2.49543e-40
-3.07597e-41
2.96017e-41
-3.67393e-42
3.60283e-42
-4.23626e-43
4.17219e-43
-4.60137e-44
4.64803e-44
-4.81632e-45
4.89434e-45
-4.80568e-46
4.94267e-46
-4.62723e-47
4.76184e-47
-4.27904e-48
4.41734e-48
-3.82752e-49
3.93839e-49
-3.3052e-50
3.39412e-50
-2.76758e-51
2.82611e-51
-2.2458e-52
2.28191e-52
-1.7712e-53
1.78704e-53
-1.35654e-54
1.36073e-54
-8.30402e-56
1.00652e-55
2.61568e-55
5.14162e-57
3.85491e-54
-3.14736e-56
5.39323e-53
-4.68664e-55
7.35906e-52
-6.71027e-54
9.77785e-51
-9.37376e-53
1.26484e-49
-1.27725e-51
1.58908e-48
-1.6945e-50
1.93951e-47
-2.18866e-49
2.29143e-46
-2.74514e-48
2.62366e-45
-3.34504e-47
2.895e-44
-3.94447e-46
3.08792e-43
-4.50797e-45
3.15419e-42
-4.96131e-44
3.10709e-41
-5.27498e-43
2.90264e-40
-5.3515e-42
2.61124e-39
-5.19825e-41
2.1887e-38
-4.67566e-40
1.76644e-37
-3.82717e-39
1.27288e-36
-2.42889e-38
8.80061e-36
-6.53975e-38
4.6883e-35
1.53758e-36
2.34866e-34
3.33276e-35
4.2999e-34
-3.60115e-36
1.03386e-35
2.14101e-36
1.2019e-35
3.29739e-37
2.78641e-36
3.59992e-38
4.28197e-37
4.43306e-40
7.01032e-38
-7.42777e-40
9.69972e-39
-1.94307e-40
1.32684e-39
-3.65347e-41
1.64289e-40
-5.54231e-42
1.96661e-41
-7.5966e-43
2.19593e-42
-9.39744e-44
2.36069e-43
-1.09016e-44
2.40592e-44
-1.18184e-45
2.36345e-45
-1.21902e-46
2.22258e-46
-1.19442e-47
2.01966e-47
-1.12261e-48
1.76815e-48
-1.01177e-49
1.49979e-49
-8.79495e-51
1.23119e-50
-7.37606e-52
9.81679e-52
-5.99057e-53
7.60092e-53
-4.71468e-54
5.7289e-54
-3.64768e-55
4.20312e-55
-9.09642e-56
2.85655e-56
-9.24982e-55
-2.06932e-56
-1.29569e-53
-3.32904e-55
-1.77457e-52
-4.75355e-54
-2.36729e-51
-6.61959e-53
-3.07571e-50
-8.98969e-52
-3.8824e-49
-1.18859e-50
-4.76331e-48
-1.52957e-49
-5.65941e-47
-1.91134e-48
-6.52127e-46
-2.31941e-47
-7.24537e-45
-2.72379e-46
-7.78995e-44
-3.09834e-45
-8.02582e-43
-3.39491e-44
-7.98821e-42
-3.59215e-43
-7.5455e-41
-3.6342e-42
-6.88491e-40
-3.53196e-41
-5.85679e-39
-3.22696e-40
-4.82844e-38
-2.78157e-39
-3.55424e-37
-2.12656e-38
-2.55143e-36
-1.4075e-37
-1.40735e-35
-5.97081e-37
-7.68735e-35
-1.56915e-37
3.2399e-35
-1.8967e-35
-1.27959e-34
-7.00615e-36
-1.21695e-35
-1.65586e-36
2.12279e-37
-4.22482e-37
2.03696e-37
-7.77979e-38
5.14327e-38
-1.38494e-38
8.03198e-39
-2.08441e-39
1.14553e-39
-2.98136e-40
1.42826e-40
-3.85198e-41
1.70383e-41
-4.73565e-42
1.88933e-42
-5.42322e-43
2.0168e-43
-5.93583e-44
2.04172e-44
-6.15219e-45
1.99385e-45
-6.12243e-46
1.86504e-46
-5.82714e-47
1.68679e-47
-5.34711e-48
1.47046e-48
-4.72364e-49
1.24252e-49
-4.03732e-50
1.01645e-50
-3.33761e-51
8.07899e-52
-2.67746e-52
6.23722e-53
-2.0848e-53
4.68855e-54
-1.58323e-54
3.43205e-55
-1.75983e-55
2.43059e-56
-8.56551e-55
-1.30317e-57
-1.17847e-53
-4.34327e-56
-1.5964e-52
-6.14866e-55
-2.10562e-51
-8.46835e-54
-2.70254e-50
-1.1364e-52
-3.36851e-49
-1.48448e-51
-4.07593e-48
-1.88507e-50
-4.77385e-47
-2.3244e-49
-5.4129e-46
-2.77835e-48
-5.91535e-45
-3.2154e-47
-6.23827e-44
-3.59625e-46
-6.30304e-43
-3.88573e-45
-6.12386e-42
-4.0588e-44
-5.64941e-41
-4.13253e-43
-4.99205e-40
-4.19025e-42
-4.12216e-39
-4.44262e-41
-3.24102e-38
-5.22796e-40
-2.29128e-37
-6.93475e-39
-1.51004e-36
-9.62925e-38
-7.82658e-36
-1.25365e-36
-3.43117e-35
-1.37729e-35
-1.14159e-34
-2.87575e-34
-1.43419e-34
-1.85354e-35
-1.72431e-35
-1.49226e-35
-3.05278e-36
-3.30855e-36
-4.06412e-37
-5.17213e-37
-5.99811e-38
-8.40232e-38
-7.89386e-39
-1.16508e-38
-1.05642e-39
-1.57865e-39
-1.29521e-40
-1.94579e-40
-1.54487e-41
-2.31054e-41
-1.72135e-42
-2.56682e-42
-1.84882e-43
-2.7426e-43
-1.8826e-44
-2.78267e-44
-1.84838e-45
-2.72059e-45
-1.7372e-46
-2.54869e-46
-1.5779e-47
-2.3071e-47
-1.38077e-48
-2.01319e-48
-1.17076e-49
-1.70215e-49
-9.60721e-51
-1.39332e-50
-7.65765e-52
-1.10789e-51
-5.92716e-53
-8.55663e-53
-4.46601e-54
-6.44541e-54
-3.27556e-55
-6.43983e-55
-2.22057e-56
-2.50192e-54
1.68823e-56
-3.43831e-53
2.70677e-55
-4.67026e-52
3.86817e-54
-6.17785e-51
5.39137e-53
-7.95378e-50
7.3286e-52
-9.94683e-49
9.69931e-51
-1.2079e-47
1.24953e-49
-1.42027e-46
1.56317e-48
-1.6173e-45
1.89923e-47
-1.77576e-44
2.23304e-46
-1.88261e-43
2.54277e-45
-1.91335e-42
2.78644e-44
-1.87169e-41
2.94008e-43
-1.73995e-40
2.93861e-42
-1.55231e-39
2.74757e-41
-1.29585e-38
2.22545e-40
-1.0353e-37
1.26972e-39
-7.4604e-37
-3.70079e-39
-5.10115e-36
-2.65498e-37
-2.77483e-35
-5.33092e-36
-1.3826e-34
-7.29182e-35
-7.47827e-34
-1.47426e-35
-1.31823e-35
-1.2492e-35
-8.59347e-36
-2.73428e-36
-2.4877e-36
-6.41745e-37
-4.09746e-37
-1.09508e-37
-6.97983e-38
-1.83599e-38
-9.79336e-39
-2.64495e-39
-1.3459e-39
-3.65846e-40
-1.66752e-40
-4.60775e-41
-1.99462e-41
-5.55115e-42
-2.22489e-42
-6.25461e-43
-2.38931e-43
-6.75454e-44
-2.43282e-44
-6.9228e-45
-2.38789e-45
-6.82405e-46
-2.24395e-46
-6.4421e-47
-2.03777e-47
-5.8696e-48
-1.78301e-48
-5.1531e-49
-1.51164e-49
-4.38026e-50
-1.24036e-50
-3.60348e-51
-9.88594e-52
-2.87812e-52
-7.65167e-53
-2.23221e-53
-5.76524e-54
-1.68537e-54
-4.22871e-55
-1.3184e-55
-2.90535e-56
-1.20605e-55
1.59803e-56
-1.51556e-54
2.64256e-55
-1.99885e-53
3.77446e-54
-2.56553e-52
5.2573e-53
-3.19538e-51
7.14132e-52
-3.86188e-50
9.44469e-51
-4.5126e-49
1.21578e-49
-5.10167e-48
1.51976e-48
-5.54852e-47
1.84488e-47
-5.81859e-46
2.16724e-46
-5.82745e-45
2.46535e-45
-5.60616e-44
2.69884e-44
-5.09166e-43
2.8439e-43
-4.42595e-42
2.83804e-42
-3.55816e-41
2.64594e-41
-2.73544e-40
2.13006e-40
-1.86396e-39
1.1855e-39
-1.23385e-38
-4.32233e-39
-6.52957e-38
-2.68965e-37
-3.79747e-37
-5.32838e-36
-1.32598e-36
-7.25831e-35
-7.42283e-34
-4.84443e-37
-6.0727e-36
-1.90795e-36
-1.51294e-36
-4.72951e-37
-4.71128e-37
-1.27999e-37
-8.63312e-38
-2.33882e-38
-1.5393e-38
-4.1442e-39
-2.2601e-39
-6.18355e-40
-3.18424e-40
-8.78818e-41
-4.0398e-41
-1.12861e-41
-4.90879e-42
-1.38051e-42
-5.5569e-43
-1.57366e-43
-6.03366e-44
-1.7152e-44
-6.20661e-45
-1.77082e-45
-6.142e-46
-1.75579e-46
-5.81539e-47
-1.6653e-47
-5.31444e-48
-1.52299e-48
-4.67704e-49
-1.34107e-49
-3.98504e-50
-1.14261e-50
-3.28496e-51
-9.41697e-52
-2.6288e-52
-7.53166e-53
-2.04229e-53
-5.84658e-54
-1.54395e-54
-4.32694e-55
-1.13636e-55
9.85799e-56
-8.42332e-57
1.87767e-54
-4.65342e-57
2.63184e-53
-6.02341e-56
3.59403e-52
-8.67347e-55
4.77919e-51
-1.21955e-53
6.18759e-50
-1.67322e-52
7.78055e-49
-2.2354e-51
9.50526e-48
-2.90901e-50
1.12406e-46
-3.67643e-49
1.28839e-45
-4.51728e-48
1.42312e-44
-5.3722e-47
1.51978e-43
-6.20111e-46
1.55419e-42
-6.90194e-45
1.53318e-41
-7.4635e-44
1.43418e-40
-7.78845e-43
1.29252e-39
-8.04052e-42
1.08504e-38
-8.27004e-41
8.7791e-38
-9.03801e-40
6.33847e-37
-1.05e-38
4.40142e-36
-1.30872e-37
2.35177e-35
-1.55567e-36
1.19089e-34
-1.64191e-35
-1.30792e-34
4.47003e-38
-1.10594e-36
-2.18483e-37
-2.81485e-37
-6.10583e-38
-9.37339e-38
-1.79154e-38
-1.78359e-38
-3.46631e-39
-3.31179e-39
-6.36615e-40
-5.00722e-40
-9.78175e-41
-7.22943e-41
-1.41825e-41
-9.34334e-42
-1.85276e-42
-1.15212e-42
-2.29505e-43
-1.31935e-43
-2.64513e-44
-1.44573e-44
-2.908e-45
-1.4982e-45
-3.02521e-46
-1.49143e-46
-3.01815e-47
-1.41898e-47
-2.87836e-48
-1.30183e-48
-2.64451e-49
-1.14937e-49
-2.33817e-50
-9.81828e-51
-1.99911e-51
-8.11021e-52
-1.65271e-52
-6.50075e-53
-1.32537e-53
-5.05677e-54
-1.03124e-54
-3.82644e-55
-7.56575e-56
-2.82127e-56
2.93737e-56
-2.56728e-57
5.01314e-55
-8.30755e-57
6.992e-54
-1.19688e-55
9.50141e-53
-1.71366e-54
1.25686e-51
-2.39413e-53
1.61792e-50
-3.2625e-52
2.02198e-49
-4.32846e-51
2.45331e-48
-5.59088e-50
2.87991e-47
-7.01205e-49
3.27333e-46
-8.54383e-48
3.58307e-45
-1.00735e-46
3.786e-44
-1.15121e-45
3.82771e-43
-1.26721e-44
3.72331e-42
-1.3491e-43
3.43099e-41
-1.37494e-42
3.03168e-40
-1.35453e-41
2.49275e-39
-1.26831e-40
1.95611e-38
-1.15568e-39
1.36887e-37
-9.95258e-39
8.9801e-37
-8.50705e-38
4.54154e-36
-6.69324e-37
1.97255e-35
-5.13525e-36
-3.00483e-35
1.70681e-38
-1.06164e-37
-2.87017e-38
-3.03832e-38
-8.42021e-39
-1.13718e-38
-2.61406e-39
-2.33373e-39
-5.20683e-40
-4.57602e-40
-9.79777e-41
-7.22172e-41
-1.5318e-41
-1.07598e-41
-2.25178e-42
-1.42713e-42
-2.97359e-43
-1.7951e-43
-3.71516e-44
-2.09063e-44
-4.31173e-45
-2.32202e-45
-4.7666e-46
-2.43454e-46
-4.98138e-47
-2.44705e-47
-4.98789e-48
-2.34798e-48
-4.77109e-49
-2.16963e-49
-4.39381e-50
-1.92771e-50
-3.89221e-51
-1.65572e-51
-3.33262e-52
-1.37433e-52
-2.75822e-53
-1.10626e-53
-2.21367e-54
-8.63779e-55
-1.72318e-55
-6.55787e-56
-1.24392e-56
-4.85511e-57
7.93868e-57
-5.28343e-58
1.2689e-55
-2.71079e-57
1.76625e-54
-3.92289e-56
2.39506e-53
-5.59454e-55
3.16003e-52
-7.78232e-54
4.05512e-51
-1.05545e-52
5.04884e-50
-1.39304e-51
6.09829e-49
-1.78891e-50
7.12026e-48
-2.22944e-49
8.04077e-47
-2.69695e-48
8.73359e-46
-3.15475e-47
9.142e-45
-3.5723e-46
9.13787e-44
-3.89247e-45
8.76536e-43
-4.09358e-44
7.93814e-42
-4.11417e-43
6.86496e-41
-3.98e-42
5.49144e-40
-3.64273e-41
4.16608e-39
-3.2074e-40
2.79015e-38
-2.63033e-39
1.74194e-37
-2.08255e-38
8.25708e-37
-1.47649e-37
3.40074e-36
-9.95832e-37
-5.05751e-36
6.95721e-39
2.37608e-37
-8.79534e-39
5.73044e-38
-2.45562e-39
1.14448e-38
-6.7703e-40
1.58192e-39
-1.25714e-40
2.07131e-40
-2.21299e-41
2.36865e-41
-3.30193e-42
2.60221e-42
-4.66109e-43
2.61864e-43
-5.96596e-44
2.49949e-44
-7.25413e-45
2.20354e-45
-8.23365e-46
1.81254e-46
-8.92511e-47
1.35792e-47
-9.17191e-48
9.07688e-49
-9.04665e-49
5.0021e-50
-8.53958e-50
1.67808e-51
-7.77025e-51
-7.73128e-53
-6.8092e-52
-2.3658e-53
-5.77264e-53
-3.20766e-54
-4.73458e-54
-3.47057e-55
-3.76802e-55
-3.32891e-56
-2.91102e-56
-2.94964e-57
-2.17601e-57
-2.55561e-58
1.23544e-59
-1.67426e-58
2.43677e-57
-2.21211e-57
3.38678e-56
-3.22898e-56
4.56141e-55
-4.60685e-55
5.96962e-54
-6.41151e-54
7.58652e-53
-8.70069e-53
9.33809e-52
-1.14924e-51
1.11268e-50
-1.47718e-50
1.27853e-49
-1.84301e-49
1.4166e-48
-2.23248e-48
1.50448e-47
-2.61565e-47
1.53294e-46
-2.96756e-46
1.48371e-45
-3.24106e-45
1.36846e-44
-3.41803e-44
1.18147e-43
-3.44704e-43
9.62728e-43
-3.34875e-42
7.14756e-42
-3.08179e-41
4.93521e-41
-2.73283e-40
2.92724e-40
-2.26339e-39
1.57663e-39
-1.81524e-38
6.1655e-39
-1.3098e-37
2.1218e-38
-8.99664e-37
-4.67005e-36
3.66095e-38
2.03432e-36
-4.68632e-38
4.44203e-37
-1.15544e-38
8.15527e-38
-2.69528e-39
1.06082e-38
-4.37697e-40
1.37185e-39
-6.77191e-41
1.60026e-40
-9.0433e-42
1.87394e-41
-1.15418e-42
2.05789e-42
-1.35092e-43
2.21011e-43
-1.5143e-44
2.24729e-44
-1.59632e-45
2.21312e-45
-1.61664e-46
2.08211e-46
-1.56023e-47
1.89592e-47
-1.45166e-48
1.66098e-48
-1.29759e-49
1.41079e-49
-1.12187e-50
1.15875e-50
-9.3694e-52
9.24659e-52
-7.59052e-53
7.16156e-53
-5.96356e-54
5.39987e-54
-4.55637e-55
3.96291e-55
-3.3896e-56
2.83645e-56
-2.97584e-57
1.95674e-57
-7.82484e-57
-2.31921e-58
-1.09244e-55
-5.50513e-57
-1.52089e-54
-8.09876e-56
-2.0643e-53
-1.16244e-54
-2.7266e-52
-1.62832e-53
-3.50333e-51
-2.22547e-52
-4.36811e-50
-2.96224e-51
-5.28485e-49
-3.84021e-50
-6.18223e-48
-4.83592e-49
-6.99688e-47
-5.91942e-48
-7.61895e-46
-7.01486e-47
-7.99889e-45
-8.06361e-46
-8.02259e-44
-8.9343e-45
-7.72687e-43
-9.58515e-44
-7.0308e-42
-9.85512e-43
-6.11521e-41
-9.81696e-42
-4.92469e-40
-9.31873e-41
-3.7669e-39
-8.65615e-40
-2.54692e-38
-7.65126e-39
-1.60796e-37
-6.78051e-38
-7.71482e-37
-5.57147e-37
-3.21819e-36
-4.46852e-36
-2.7249e-35
2.06644e-37
1.01633e-35
-2.79787e-37
2.18556e-36
-6.52676e-38
2.92997e-37
-1.40325e-38
2.89963e-38
-2.15486e-39
2.61487e-39
-3.1643e-40
2.2554e-40
-4.05967e-41
2.10444e-41
-5.00852e-42
2.03525e-42
-5.70438e-43
2.05426e-43
-6.24866e-44
2.03069e-44
-6.46059e-45
1.97469e-45
-6.43426e-46
1.84511e-46
-6.11977e-47
1.67355e-47
-5.62098e-48
1.46188e-48
-4.96684e-49
1.23912e-49
-4.24987e-50
1.01601e-50
-3.51594e-51
8.09753e-52
-2.8239e-52
6.26535e-53
-2.20101e-53
4.72096e-54
-1.66929e-54
3.46302e-55
-1.23322e-55
2.47847e-56
-1.06202e-56
1.77146e-57
-2.6291e-56
7.47114e-58
-3.67016e-55
9.4084e-57
-5.1194e-54
1.37276e-55
-6.9657e-53
1.95798e-54
-9.22898e-52
2.72412e-53
-1.19032e-50
3.69539e-52
-1.49105e-49
4.87907e-51
-1.81416e-48
6.26838e-50
-2.1367e-47
7.81662e-49
-2.43817e-46
9.46254e-48
-2.68145e-45
1.10784e-46
-2.84914e-44
1.2556e-45
-2.89985e-43
1.36903e-44
-2.84329e-42
1.43877e-43
-2.64551e-41
1.43869e-42
-2.36469e-40
1.36696e-41
-1.97202e-39
1.18503e-40
-1.57311e-38
8.95264e-40
-1.12312e-37
4.45103e-39
-7.52386e-37
-1.07769e-38
-3.90125e-36
-7.03609e-37
-1.72712e-35
-1.06669e-35
-1.02853e-34
1.3507e-36
1.11182e-35
-1.7515e-36
1.26603e-35
-3.42194e-37
1.28611e-36
-6.94251e-38
9.84041e-38
-1.00156e-38
5.32188e-39
-1.42273e-39
1.41495e-40
-1.76562e-40
-1.43522e-41
-2.13083e-41
-3.07266e-42
-2.37624e-42
-3.98233e-43
-2.56233e-43
-4.31783e-44
-2.61052e-44
-4.35691e-45
-2.56938e-45
-4.14117e-46
-2.41722e-46
-3.79164e-47
-2.1999e-47
-3.33475e-48
-1.92744e-48
-2.84199e-49
-1.6371e-49
-2.3417e-50
-1.34518e-50
-1.87444e-51
-1.07388e-51
-1.45623e-52
-8.32313e-53
-1.10135e-53
-6.28047e-54
-8.10717e-55
-4.61748e-55
-5.81927e-56
-3.90419e-56
-3.89454e-57
-9.04167e-56
2.50525e-57
-1.26759e-54
4.17264e-56
-1.77956e-53
6.11795e-55
-2.43806e-52
8.76015e-54
-3.25354e-51
1.22388e-52
-4.22894e-50
1.66782e-51
-5.34056e-49
2.21286e-50
-6.55592e-48
2.85842e-49
-7.7939e-47
3.58536e-48
-8.98713e-46
4.36903e-47
-9.99263e-45
5.15184e-46
-1.07532e-43
5.88748e-45
-1.10895e-42
6.47815e-44
-1.10494e-41
6.88457e-43
-1.04499e-40
6.97573e-42
-9.54615e-40
6.75525e-41
-8.13215e-39
6.02658e-40
-6.70749e-38
4.82695e-39
-4.94104e-37
2.84372e-38
-3.53324e-36
3.10309e-38
-1.94192e-35
-2.75515e-36
-1.03819e-34
-5.15195e-35
-6.18877e-34
5.31545e-37
3.02693e-34
-6.80183e-37
1.67303e-35
-1.26168e-37
1.65376e-36
-2.51766e-38
1.23351e-37
-3.55786e-39
6.28206e-39
-5.00244e-40
1.13759e-40
-6.13779e-41
-2.63202e-41
-7.35341e-42
-4.7916e-42
-8.13879e-43
-6.00567e-43
-8.72722e-44
-6.4377e-44
-8.84262e-45
-6.46514e-45
-8.6647e-46
-6.12918e-46
-8.1169e-47
-5.60268e-47
-7.36044e-48
-4.921e-48
-6.42671e-49
-4.18925e-49
-5.44213e-50
-3.4483e-50
-4.4589e-51
-2.75776e-51
-3.55047e-52
-2.14067e-52
-2.74508e-53
-1.61776e-53
-2.06668e-54
-1.18999e-54
-1.50429e-55
-8.53743e-56
5.20093e-57
-5.93199e-57
2.34259e-55
2.59235e-58
3.36517e-54
1.00081e-56
4.70175e-53
1.47417e-55
6.40702e-52
2.11617e-54
8.50079e-51
2.9644e-53
1.09793e-49
4.05143e-52
1.37706e-48
5.39207e-51
1.67756e-47
6.98882e-50
1.97794e-46
8.79818e-49
2.25949e-45
1.07652e-47
2.48693e-44
1.27518e-46
2.64491e-43
1.46544e-45
2.69313e-42
1.62451e-44
2.64276e-41
1.74859e-43
2.45868e-40
1.81808e-42
2.20016e-39
1.8698e-41
1.83381e-38
1.92252e-40
1.46839e-37
2.10577e-39
1.04959e-36
2.4678e-38
7.16032e-36
3.10339e-37
3.76624e-35
3.72833e-36
1.83028e-34
3.96677e-35
3.20277e-34
-1.91831e-36
-1.40759e-34
2.47827e-36
1.85696e-36
4.78657e-37
2.46206e-37
9.68556e-38
2.3856e-38
1.39215e-38
2.0515e-39
1.97491e-39
1.6673e-40
2.44668e-40
1.46117e-41
2.95005e-41
1.35331e-42
3.28633e-42
1.33421e-43
3.54112e-43
1.30508e-44
3.60496e-44
1.26354e-45
3.54601e-45
1.17832e-46
3.33398e-46
1.06776e-47
3.03268e-47
9.32152e-49
2.65574e-48
7.89803e-50
2.25468e-49
6.47382e-51
1.85182e-50
5.15833e-52
1.47775e-51
3.99036e-53
1.14489e-52
3.00628e-54
8.63608e-54
2.20495e-55
6.36222e-55
1.57613e-56
7.63765e-56
8.43921e-58
4.57452e-55
-3.87209e-57
6.5143e-54
-5.91743e-56
9.11488e-53
-8.67215e-55
1.24409e-51
-1.2416e-53
1.6535e-50
-1.73439e-52
2.13963e-49
-2.36315e-51
2.68903e-48
-3.13485e-50
3.28321e-47
-4.04856e-49
3.88042e-46
-5.07695e-48
4.44492e-45
-6.18479e-47
4.90677e-44
-7.28998e-46
5.23639e-43
-8.32523e-45
5.35154e-42
-9.14707e-44
5.27502e-41
-9.68478e-43
4.93103e-40
-9.71224e-42
4.43993e-39
-9.13596e-41
3.72456e-38
-7.4744e-40
3.01033e-37
-4.43645e-39
2.17203e-36
8.29822e-39
1.50646e-35
8.15188e-37
8.0474e-35
1.68208e-35
4.07025e-34
2.32406e-34
2.41144e-33
-8.20674e-37
2.73286e-36
1.07309e-36
-4.60829e-36
2.17553e-37
-4.0065e-37
4.47237e-38
-2.39858e-38
6.54917e-39
-1.93658e-40
9.37993e-40
1.61369e-40
1.17394e-40
3.06009e-41
1.42488e-41
3.91711e-42
1.59784e-42
4.45844e-43
1.73022e-43
4.63003e-44
1.76978e-44
4.59765e-45
1.74748e-45
4.34087e-46
1.64893e-46
3.96143e-47
1.50448e-47
3.47662e-48
1.32125e-48
2.95816e-49
1.12453e-49
2.43403e-50
9.25757e-51
1.94599e-51
7.40302e-52
1.51013e-52
5.74674e-53
1.14097e-53
4.34249e-54
8.39091e-55
3.18903e-55
6.01791e-56
1.51645e-56
4.0383e-57
-1.12283e-55
-2.3704e-57
-1.63525e-54
-3.98075e-56
-2.29167e-53
-5.83196e-55
-3.13288e-52
-8.34316e-54
-4.17093e-51
-1.1645e-52
-5.40717e-50
-1.58524e-51
-6.80898e-49
-2.10091e-50
-8.33168e-48
-2.71044e-49
-9.87017e-47
-3.39513e-48
-1.13359e-45
-4.13083e-47
-1.2549e-44
-4.86234e-46
-1.34359e-43
-5.54387e-45
-1.37793e-42
-6.07919e-44
-1.36397e-41
-6.41783e-43
-1.28071e-40
-6.40337e-42
-1.1598e-39
-5.95466e-41
-9.78704e-39
-4.71862e-40
-7.97778e-38
-2.44011e-39
-5.80469e-37
1.50327e-38
-4.08511e-36
7.00612e-37
-2.21136e-35
1.34231e-35
-1.15568e-34
1.80099e-34
1.818e-33
5.13898e-37
-3.62579e-36
-6.57928e-37
-7.71885e-37
-1.19557e-37
-8.75358e-38
-2.34944e-38
-6.82996e-39
-3.26855e-39
-3.15853e-40
-4.53887e-40
3.07957e-42
-5.50307e-41
3.0849e-42
-6.53039e-42
4.82297e-43
-7.16445e-43
5.90316e-44
-7.6272e-44
6.36049e-45
-7.67726e-45
6.4544e-46
-7.4812e-46
6.19532e-47
-6.97288e-47
5.72664e-48
-6.29561e-48
5.08333e-49
-5.47521e-49
4.36743e-50
-4.62036e-50
3.62564e-51
-3.77363e-51
2.9214e-52
-2.99639e-52
2.28343e-53
-2.31076e-53
1.73636e-54
-1.73586e-54
1.28457e-55
-1.28491e-55
9.27066e-57
-3.19095e-56
7.12691e-58
-3.35806e-55
1.00509e-57
-4.80426e-54
1.45184e-56
-6.71939e-53
2.13835e-55
-9.16704e-52
3.07898e-54
-1.21779e-50
4.32725e-53
-1.57499e-49
5.93471e-52
-1.97832e-48
7.92819e-51
-2.41401e-47
1.03176e-49
-2.85132e-46
1.30458e-48
-3.26381e-45
1.60388e-47
-3.60025e-44
1.90975e-46
-3.83883e-43
2.20709e-45
-3.91972e-42
2.46131e-44
-3.85952e-41
2.66437e-43
-3.6038e-40
2.78074e-42
-3.24023e-39
2.85207e-41
-2.71423e-38
2.87987e-40
-2.18913e-37
3.01758e-39
-1.57633e-36
3.29011e-38
-1.08926e-35
3.83172e-37
-5.79959e-35
4.30565e-36
-2.90625e-34
4.38526e-35
3.39688e-34
6.09394e-38
-8.54967e-38
-1.92489e-38
-3.89255e-39
-5.70638e-40
-7.99282e-41
-9.86741e-42
-1.17671e-42
-1.30316e-43
-1.39381e-44
-1.41239e-45
-1.38269e-46
-1.29586e-47
-1.17522e-48
-1.02702e-49
-8.70356e-51
-7.13983e-52
-5.69217e-53
-4.40761e-54
-3.32383e-55
-2.48035e-56
-7.92278e-57
-9.04344e-56
-1.28809e-54
-1.7922e-53
-2.43128e-52
-3.21038e-51
-4.12468e-50
-5.1442e-49
-6.22752e-48
-7.29271e-47
-8.2664e-46
-9.02173e-45
-9.49988e-44
-9.56777e-43
-9.2641e-42
-8.4921e-41
-7.4552e-40
-6.08378e-39
-4.72983e-38
-3.27495e-37
-2.12361e-36
-1.06122e-35
-4.57292e-35
)
;

boundaryField
{
    leftWall
    {
        type            calculated;
        value           uniform 0;
    }
    rightWall
    {
        type            calculated;
        value           nonuniform 0();
    }
    lowerWall
    {
        type            calculated;
        value           nonuniform 0();
    }
    atmosphere
    {
        type            calculated;
        value           nonuniform List<scalar> 
45
(
-1.64513e-36
-3.44116e-37
-6.20088e-38
-7.88653e-39
-1.00206e-39
-1.14778e-40
-1.32597e-41
-1.43843e-42
-1.53105e-43
-1.54453e-44
-1.51193e-45
-1.41494e-46
-1.28316e-47
-1.12021e-48
-9.48913e-50
-7.77642e-51
-6.19514e-52
-4.792e-53
-3.61011e-54
-2.64794e-55
-1.89371e-56
-1.21075e-57
1.67321e-57
2.66034e-56
3.91227e-55
5.62153e-54
7.8834e-53
1.07868e-51
1.43749e-50
1.8658e-49
2.3526e-48
2.88348e-47
3.42211e-46
3.93961e-45
4.37282e-44
4.7001e-43
4.84486e-42
4.84027e-41
4.61766e-40
4.31807e-39
3.86406e-38
3.47397e-37
2.91555e-36
2.36369e-35
1.46122e-34
)
;
    }
    defaultFaces
    {
        type            empty;
        value           nonuniform 0();
    }
    procBoundary2to0
    {
        type            processor;
        value           nonuniform List<scalar> 
46
(
-2.74994e-36
-4.02058e-37
-5.68428e-38
-7.09891e-39
-8.5605e-40
-9.57689e-41
-1.03272e-41
-1.05392e-42
-1.03749e-43
-9.76945e-45
-8.89248e-46
-7.79505e-47
-6.62356e-48
-5.67554e-49
-2.9015e-49
-2.51129e-48
-2.46778e-47
-2.33153e-46
-2.14341e-45
-1.89461e-44
-1.65202e-43
-1.39411e-42
-1.18521e-41
-9.804e-41
-8.25951e-40
5.62184e-36
3.63775e-35
1.82332e-34
2.43199e-35
-3.52637e-34
-8.29624e-35
2.15328e-34
1.74833e-35
-1.2622e-34
-8.35126e-35
-8.76494e-36
1.02271e-35
2.14022e-35
7.45621e-35
7.5874e-35
2.61079e-35
6.18178e-35
3.84157e-37
-5.90922e-35
2.41955e-35
-1.17099e-35
)
;
    }
    procBoundary2to3
    {
        type            processor;
        value           nonuniform List<scalar> 
43
(
7.69756e-38
1.69087e-38
3.63296e-39
4.76896e-40
-2.01632e-39
-4.367e-38
-6.83059e-37
-8.14168e-36
-1.74751e-35
-1.91941e-35
-7.056e-35
1.31667e-35
1.4576e-34
1.02e-35
-7.17562e-35
-1.13614e-35
-7.13146e-38
1.01453e-35
6.47781e-35
-1.13069e-34
-2.5069e-34
8.38719e-35
2.50416e-34
-8.87734e-35
-2.49605e-34
1.70885e-34
1.91313e-34
-6.4308e-35
-3.65751e-35
-1.22608e-34
-1.03604e-35
9.64867e-35
1.55858e-35
2.67404e-36
1.63015e-38
-2.53707e-36
-1.37175e-35
-8.55217e-35
1.48301e-34
3.32213e-34
-9.48673e-35
-2.36799e-34
-3.6154e-35
)
;
    }
}


// ************************************************************************* //
