/*--------------------------------*- C++ -*----------------------------------*\
| =========                 |                                                 |
| \\      /  F ield         | OpenFOAM: The Open Source CFD Toolbox           |
|  \\    /   O peration     | Version:  2.4.0                                 |
|   \\  /    A nd           | Web:      www.OpenFOAM.org                      |
|    \\/     M anipulation  |                                                 |
\*---------------------------------------------------------------------------*/
FoamFile
{
    version     2.0;
    format      ascii;
    class       volVectorField;
    location    "0.9";
    object      U;
}
// * * * * * * * * * * * * * * * * * * * * * * * * * * * * * * * * * * * * * //

dimensions      [0 1 -1 0 0 0 0];

internalField   nonuniform List<vector> 
1915
(
(-6.88028e-32 4.93636e-32 0)
(-1.22204e-32 7.14259e-33 0)
(-1.7858e-33 1.00414e-33 0)
(-2.54478e-34 1.2468e-34 0)
(-3.24713e-35 1.49765e-35 0)
(-3.98399e-36 1.6691e-36 0)
(-4.53744e-37 1.79467e-37 0)
(-4.96203e-38 1.82647e-38 0)
(-5.13067e-39 1.79397e-39 0)
(-5.10497e-40 1.68572e-40 0)
(-4.85451e-41 1.53165e-41 0)
(-4.45568e-42 1.34038e-42 0)
(-3.93511e-43 1.13694e-43 0)
(-3.27604e-44 9.3724e-45 0)
(8.67604e-45 1.1639e-45 0)
(1.4165e-43 4.12166e-45 0)
(1.69542e-42 3.75072e-44 0)
(1.95724e-41 3.24487e-43 0)
(2.17336e-40 2.65319e-42 0)
(2.32631e-39 1.98422e-41 0)
(2.38242e-38 1.38454e-40 0)
(2.34629e-37 8.37642e-40 0)
(2.19263e-36 4.62916e-39 0)
(1.96645e-35 1.89585e-38 0)
(1.65093e-34 6.75197e-38 0)
(-1.03898e-30 2.78051e-34 0)
(-7.22539e-30 1.25295e-34 0)
(-2.90422e-29 9.06218e-35 0)
(-2.06066e-28 2.181e-35 0)
(-6.82894e-29 4.76167e-36 0)
(1.85219e-28 9.62538e-37 0)
(1.55012e-29 -9.81246e-37 0)
(-5.86299e-29 -5.10191e-35 0)
(3.77066e-30 -9.84492e-34 0)
(7.77786e-29 -1.33017e-32 0)
(8.88067e-29 -1.35702e-31 0)
(9.10967e-29 -9.77413e-31 0)
(8.91576e-29 -1.35702e-31 0)
(7.99085e-29 -1.33017e-32 0)
(1.16769e-29 -9.8452e-34 0)
(4.28576e-31 -5.1036e-35 0)
(-8.82265e-30 -1.07921e-36 0)
(-6.78705e-29 1.80264e-37 0)
(-9.24155e-30 4.21872e-38 0)
(-2.35452e-30 5.80238e-39 0)
(-3.5791e-31 7.24389e-40 0)
(-6.08171e-32 8.09017e-41 0)
(-8.42287e-33 8.76598e-42 0)
(-1.16601e-33 8.95279e-43 0)
(-1.44397e-34 8.94324e-44 0)
(-1.7368e-35 8.56657e-45 0)
(-1.94046e-36 8.02288e-46 0)
(-2.09178e-37 7.25532e-47 0)
(-2.13387e-38 6.40567e-48 0)
(-2.10023e-39 5.42054e-49 0)
(-1.9771e-40 -3.21516e-50 0)
(-1.79925e-41 -9.54682e-49 0)
(-1.57676e-42 -1.15207e-47 0)
(-1.33763e-43 -1.35194e-46 0)
(-8.92158e-45 -1.55283e-45 0)
(2.72802e-44 -1.74191e-44 0)
(3.58656e-43 -1.91614e-43 0)
(4.32537e-42 -2.05852e-42 0)
(4.95074e-41 -2.17152e-41 0)
(5.39138e-40 -2.2325e-40 0)
(5.57318e-39 -2.25214e-39 0)
(5.48612e-38 -2.20101e-38 0)
(5.09879e-37 -2.10293e-37 0)
(4.50768e-36 -1.92524e-36 0)
(3.71895e-35 -1.71327e-35 0)
(-1.97502e-31 1.23618e-31 0)
(-1.23362e-30 7.8609e-31 0)
(-4.62743e-30 3.93552e-30 0)
(-2.22647e-29 5.25009e-31 0)
(-7.39347e-30 -7.60987e-30 0)
(1.89116e-29 -1.79032e-30 0)
(2.42909e-30 4.64678e-30 0)
(-5.74322e-30 3.77164e-31 0)
(6.73867e-31 -2.72609e-30 0)
(8.92208e-30 -1.83181e-30 0)
(1.07034e-29 -4.84446e-31 0)
(1.10717e-29 -9.84078e-31 0)
(1.0731e-29 1.66563e-31 0)
(9.27044e-30 1.57945e-30 0)
(1.89175e-30 1.63511e-30 0)
(8.30098e-32 5.63284e-31 0)
(-1.39383e-30 1.33403e-30 0)
(-7.31239e-30 8.29031e-33 0)
(-1.47488e-30 -1.27521e-30 0)
(-4.01155e-31 -2.527e-31 0)
(-6.88028e-32 -4.93636e-32 0)
(-1.22204e-32 -7.14259e-33 0)
(-1.7858e-33 -1.00414e-33 0)
(-2.54478e-34 -1.2468e-34 0)
(-3.24713e-35 -1.49765e-35 0)
(-3.98399e-36 -1.6691e-36 0)
(-4.53744e-37 -1.79467e-37 0)
(-4.96203e-38 -1.82647e-38 0)
(-5.13067e-39 -1.79397e-39 0)
(-5.10497e-40 -1.68572e-40 0)
(-4.85451e-41 -1.53165e-41 0)
(-4.45569e-42 -1.34038e-42 0)
(-3.9366e-43 -1.1375e-43 0)
(-3.44728e-44 -9.97508e-45 0)
(-1.05269e-44 -7.3892e-45 0)
(-6.95144e-44 -6.55087e-44 0)
(-5.7231e-43 -6.16995e-43 0)
(-4.34105e-42 -5.49778e-42 0)
(-2.84167e-41 -4.66727e-41 0)
(-1.5177e-40 -3.69491e-40 0)
(-3.80922e-40 -2.78479e-39 0)
(3.52601e-39 -1.92619e-38 0)
(7.91899e-38 -1.29331e-37 0)
(8.88708e-37 -7.99791e-37 0)
(8.10805e-36 -5.25636e-36 0)
(-3.81577e-32 3.92999e-32 0)
(-1.85431e-31 1.55679e-31 0)
(-4.36145e-31 6.37081e-31 0)
(-1.63512e-30 6.22953e-32 0)
(-5.66297e-31 -1.21922e-30 0)
(1.30436e-30 -3.03228e-31 0)
(1.96664e-31 7.29377e-31 0)
(-3.321e-31 7.02311e-32 0)
(1.02216e-31 -4.42285e-31 0)
(7.1573e-31 -3.11688e-31 0)
(9.05405e-31 -9.15366e-32 0)
(9.39969e-31 -1.2213e-31 0)
(8.76994e-31 3.44052e-32 0)
(7.56093e-31 2.63181e-31 0)
(1.9537e-31 2.74594e-31 0)
(1.39367e-32 1.08356e-31 0)
(-1.22671e-31 2.16623e-31 0)
(-5.52466e-31 1.7891e-33 0)
(-1.3629e-31 -2.04597e-31 0)
(-5.67187e-32 -4.82733e-32 0)
(-1.13397e-32 -9.98027e-33 0)
(-2.28661e-33 -1.53384e-33 0)
(-3.59271e-34 -2.22528e-34 0)
(-5.41161e-35 -2.85149e-35 0)
(-7.17299e-36 -3.49705e-36 0)
(-9.06514e-37 -3.97602e-37 0)
(-1.05575e-37 -4.33953e-38 0)
(-1.1753e-38 -4.47896e-39 0)
(-1.23257e-39 -4.4494e-40 0)
(-1.24062e-40 -4.22527e-41 0)
(-1.19092e-41 -3.87348e-42 0)
(-1.10167e-42 -3.41833e-43 0)
(-9.86368e-44 -2.96497e-44 0)
(-1.55931e-44 -7.23428e-45 0)
(-7.06215e-44 -4.99692e-44 0)
(-6.50017e-43 -4.89828e-43 0)
(-5.67691e-42 -4.60473e-42 0)
(-4.68476e-41 -4.0768e-41 0)
(-3.54984e-40 -3.42033e-40 0)
(-2.50474e-39 -2.64585e-39 0)
(-1.54486e-38 -1.91582e-38 0)
(-8.62248e-38 -1.22345e-37 0)
(-3.63438e-37 -7.14552e-37 0)
(-1.24645e-36 -3.25382e-36 0)
(-4.69736e-37 -1.2803e-35 0)
(-7.28105e-32 8.19881e-32 0)
(-1.4317e-31 5.89031e-32 0)
(-5.5622e-32 1.32099e-31 0)
(-9.09309e-32 1.36419e-32 0)
(-3.34895e-32 -2.10289e-31 0)
(5.99892e-32 -5.3387e-32 0)
(9.55341e-33 1.24982e-31 0)
(-7.3647e-33 1.23808e-32 0)
(1.16539e-32 -7.68411e-32 0)
(4.32987e-32 -5.54549e-32 0)
(5.83125e-32 -1.80769e-32 0)
(6.08344e-32 -2.63242e-32 0)
(5.32856e-32 5.29269e-33 0)
(4.6714e-32 4.59606e-32 0)
(1.5265e-32 4.84691e-32 0)
(1.73217e-33 1.99442e-32 0)
(-7.26383e-33 3.78243e-32 0)
(-3.06374e-32 3.71955e-34 0)
(-8.95718e-33 -3.5441e-32 0)
(-6.03449e-33 -8.80819e-33 0)
(-1.38861e-33 -1.95666e-33 0)
(-3.06922e-34 -3.16621e-34 0)
(-5.11113e-35 -4.81366e-35 0)
(-8.00849e-36 -6.39016e-36 0)
(-1.0942e-36 -8.06737e-37 0)
(-1.41398e-37 -9.38072e-38 0)
(-1.67744e-38 -1.04261e-38 0)
(-1.89449e-39 -1.09185e-39 0)
(-2.01151e-40 -1.0976e-40 0)
(-2.04514e-41 -1.05249e-41 0)
(-1.98062e-42 -9.72667e-43 0)
(-1.85066e-43 -8.66569e-44 0)
(-2.19094e-44 -1.03063e-44 0)
(-5.70486e-44 -3.1785e-44 0)
(-5.46707e-43 -3.24141e-43 0)
(-5.13009e-42 -3.21651e-42 0)
(-4.53251e-41 -3.05408e-41 0)
(-3.79299e-40 -2.73685e-40 0)
(-2.92428e-39 -2.32884e-39 0)
(-2.10899e-38 -1.83354e-38 0)
(-1.33983e-37 -1.35461e-37 0)
(-7.78848e-37 -8.872e-37 0)
(-3.52833e-36 -5.3118e-36 0)
(-1.38559e-35 -2.48246e-35 0)
(-2.201e-35 -9.68532e-35 0)
(-8.27618e-31 5.4847e-31 0)
(-1.04397e-30 8.59749e-32 0)
(-1.57899e-31 2.24232e-32 0)
(-3.84314e-32 1.70685e-33 0)
(-6.8427e-33 -2.59568e-32 0)
(-1.13729e-33 -6.74478e-33 0)
(-2.52542e-34 1.52229e-32 0)
(1.60803e-33 1.58087e-33 0)
(1.34569e-33 -9.51828e-33 0)
(1.79828e-33 -7.04029e-33 0)
(2.95272e-33 -2.4847e-33 0)
(3.04052e-33 -3.45527e-33 0)
(2.06391e-33 6.21521e-34 0)
(2.04776e-33 5.74041e-33 0)
(1.0895e-33 6.10682e-33 0)
(2.12829e-34 2.6363e-33 0)
(-1.95971e-34 4.70274e-33 0)
(-8.88601e-34 5.39404e-35 0)
(-4.04568e-34 -4.37063e-33 0)
(-6.56548e-34 -1.1566e-33 0)
(-1.68695e-34 -2.70095e-34 0)
(-4.04184e-35 -4.56684e-35 0)
(-7.03918e-36 -7.18024e-36 0)
(-1.1416e-36 -9.80662e-37 0)
(-1.59897e-37 -1.26518e-37 0)
(-2.10734e-38 -1.49842e-38 0)
(-2.53911e-39 -1.68966e-39 0)
(-2.904e-40 -1.79167e-40 0)
(-3.11547e-41 -1.81953e-41 0)
(-3.19472e-42 -1.76038e-42 0)
(-3.11894e-43 -1.64036e-43 0)
(-3.2456e-44 -1.62089e-44 0)
(-3.76723e-44 -1.88402e-44 0)
(-3.64275e-43 -1.91531e-43 0)
(-3.60899e-42 -2.0083e-42 0)
(-3.42229e-41 -2.01387e-41 0)
(-3.06211e-40 -1.93559e-40 0)
(-2.60127e-39 -1.7597e-39 0)
(-2.0445e-38 -1.52364e-38 0)
(-1.50916e-37 -1.22524e-37 0)
(-9.9029e-37 -9.29154e-37 0)
(-5.99268e-36 -6.28542e-36 0)
(-2.90596e-35 -3.91458e-35 0)
(-1.25226e-34 -1.91926e-34 0)
(-2.8062e-34 -7.90651e-34 0)
(-5.07974e-32 6.67626e-31 0)
(-1.34008e-31 9.38424e-32 0)
(-2.8445e-32 -6.85785e-33 0)
(-6.8289e-33 -2.96691e-33 0)
(-1.19417e-33 -3.95078e-33 0)
(-5.79005e-34 -9.60606e-34 0)
(-1.09427e-34 1.87293e-33 0)
(2.8652e-34 1.9633e-34 0)
(1.40727e-34 -1.19298e-33 0)
(2.58544e-35 -8.98121e-34 0)
(1.13651e-34 -3.44452e-34 0)
(1.09532e-34 -5.15013e-34 0)
(1.45566e-36 6.01567e-35 0)
(4.08094e-35 7.1869e-34 0)
(7.59475e-35 7.72622e-34 0)
(2.32049e-35 3.41561e-34 0)
(1.51562e-35 5.91489e-34 0)
(4.06094e-35 7.54547e-36 0)
(-7.643e-36 -5.46433e-34 0)
(-6.56631e-35 -1.48975e-34 0)
(-1.82667e-35 -3.63721e-35 0)
(-4.61374e-36 -6.35807e-36 0)
(-8.31367e-37 -1.03003e-36 0)
(-1.38286e-37 -1.44004e-37 0)
(-1.9764e-38 -1.89389e-38 0)
(-2.64611e-39 -2.27794e-39 0)
(-3.23087e-40 -2.6013e-40 0)
(-3.73496e-41 -2.78721e-41 0)
(-4.0441e-42 -2.85499e-42 0)
(-4.18022e-43 -2.78263e-43 0)
(-4.27885e-44 -2.6619e-44 0)
(-2.37484e-44 -8.92404e-45 0)
(-2.16698e-43 -7.52567e-44 0)
(-2.26741e-42 -8.24848e-43 0)
(-2.2709e-41 -8.74192e-42 0)
(-2.17962e-40 -8.87636e-41 0)
(-1.97841e-39 -8.65452e-40 0)
(-1.71027e-38 -8.01308e-39 0)
(-1.37355e-37 -7.08572e-38 0)
(-1.04224e-36 -5.86041e-37 0)
(-7.09396e-36 -4.58844e-36 0)
(-4.51393e-35 -3.24604e-35 0)
(-2.36423e-34 -2.11844e-34 0)
(-1.14431e-33 -1.11441e-33 0)
(-3.37908e-33 -4.84682e-33 0)
(4.67916e-33 1.59572e-30 0)
(-1.58652e-32 2.30253e-31 0)
(-3.80468e-33 2.0811e-32 0)
(-1.19442e-33 1.16358e-33 0)
(-2.31195e-34 -3.77388e-34 0)
(-1.02034e-34 -1.09296e-34 0)
(-1.89122e-35 1.99618e-34 0)
(3.54219e-35 2.12838e-35 0)
(1.47705e-35 -1.29367e-34 0)
(-5.27676e-36 -9.90731e-35 0)
(2.60646e-36 -4.05953e-35 0)
(8.04867e-37 -6.18018e-35 0)
(-1.14692e-35 5.00785e-36 0)
(-4.70867e-36 7.79436e-35 0)
(5.89607e-36 8.45628e-35 0)
(2.49171e-36 3.83439e-35 0)
(3.49663e-36 6.43106e-35 0)
(1.09588e-35 8.99823e-37 0)
(1.03895e-36 -5.90727e-35 0)
(-6.71881e-36 -1.66479e-35 0)
(-1.95657e-36 -4.20137e-36 0)
(-5.1302e-37 -7.55385e-37 0)
(-9.4696e-38 -1.25222e-37 0)
(-1.60684e-38 -1.78503e-38 0)
(-2.33284e-39 -2.38427e-39 0)
(-3.16385e-40 -2.9059e-40 0)
(-3.90452e-41 -3.35412e-41 0)
(-4.55374e-42 -3.62725e-42 0)
(-4.96814e-43 -3.7442e-43 0)
(-5.22919e-44 -3.69232e-44 0)
(-1.26491e-44 -5.82562e-45 0)
(-8.64941e-44 -2.84134e-44 0)
(-9.44193e-43 -3.23323e-43 0)
(-9.9933e-42 -3.58815e-42 0)
(-1.01314e-40 -3.84451e-41 0)
(-9.86142e-40 -3.95193e-40 0)
(-9.11303e-39 -3.90699e-39 0)
(-8.04391e-38 -3.67593e-38 0)
(-6.64575e-37 -3.31205e-37 0)
(-5.21441e-36 -2.80153e-36 0)
(-3.73052e-35 -2.25636e-35 0)
(-2.52105e-34 -1.65398e-34 0)
(-1.46486e-33 -1.1363e-33 0)
(-8.0433e-33 -6.39181e-33 0)
(-3.18222e-32 -3.15394e-32 0)
(-7.29186e-32 1.07032e-30 0)
(2.32453e-32 1.59152e-31 0)
(3.45942e-33 1.91646e-32 0)
(2.85331e-34 1.96766e-33 0)
(-2.47379e-35 1.76518e-34 0)
(-2.17494e-35 1.4122e-35 0)
(-4.72681e-36 2.45033e-35 0)
(3.14608e-36 2.68002e-36 0)
(1.37369e-36 -1.3801e-35 0)
(-8.03955e-37 -1.07543e-35 0)
(-6.69561e-38 -4.70924e-36 0)
(-3.37178e-37 -7.54451e-36 0)
(-1.60143e-36 2.96171e-37 0)
(-8.15668e-37 8.3066e-36 0)
(4.84665e-37 9.10317e-36 0)
(2.47093e-37 4.19437e-36 0)
(4.20093e-37 6.89953e-36 0)
(1.31745e-36 1.03197e-37 0)
(1.75469e-37 -6.31025e-36 0)
(-6.44656e-37 -1.81455e-36 0)
(-1.9393e-37 -4.70429e-37 0)
(-5.21727e-38 -8.63771e-38 0)
(-9.81981e-39 -1.45896e-38 0)
(-1.69257e-39 -2.11178e-39 0)
(-2.49019e-40 -2.85689e-40 0)
(-3.41381e-41 -3.51919e-41 0)
(-4.25252e-42 -4.09802e-42 0)
(-4.99803e-43 -4.46502e-43 0)
(-5.51135e-44 -4.63903e-44 0)
(-8.50063e-45 -4.75305e-45 0)
(-3.33338e-44 -2.66727e-45 0)
(-3.76499e-43 -2.71159e-44 0)
(-4.17169e-42 -3.17394e-43 0)
(-4.46221e-41 -3.60305e-42 0)
(-4.57799e-40 -3.93808e-41 0)
(-4.51621e-39 -4.15699e-40 0)
(-4.2386e-38 -4.19736e-39 0)
(-3.80934e-37 -4.08396e-38 0)
(-3.2147e-36 -3.76641e-37 0)
(-2.58867e-35 -3.34952e-36 0)
(-1.90976e-34 -2.78608e-35 0)
(-1.34531e-33 -2.24728e-34 0)
(-8.18362e-33 -1.63496e-33 0)
(-4.87631e-32 -1.13249e-32 0)
(-2.05991e-31 -5.94082e-32 0)
(-1.35631e-31 -3.4617e-31 0)
(-1.07235e-31 -2.02833e-32 0)
(-2.34228e-32 2.00956e-32 0)
(-6.13467e-33 4.40464e-33 0)
(-1.08745e-33 8.54218e-34 0)
(-1.93576e-34 1.24029e-34 0)
(-2.87312e-35 1.94868e-35 0)
(-3.71611e-36 2.3809e-36 0)
(-3.83191e-37 -1.10204e-36 0)
(-1.4766e-37 -1.04185e-36 0)
(-1.94479e-38 -4.92266e-37 0)
(-4.84789e-38 -8.14883e-37 0)
(-1.7652e-37 7.96409e-39 0)
(-9.26951e-38 8.11846e-37 0)
(4.21648e-38 8.97945e-37 0)
(2.3799e-38 4.20489e-37 0)
(4.32871e-38 6.78148e-37 0)
(1.34612e-37 1.07526e-38 0)
(1.96181e-38 -6.17745e-37 0)
(-6.09814e-38 -1.81397e-37 0)
(-1.87119e-38 -4.80231e-38 0)
(-5.13132e-39 -8.97857e-39 0)
(-9.80015e-40 -1.53958e-39 0)
(-1.71047e-40 -2.25783e-40 0)
(-2.5432e-41 -3.08728e-41 0)
(-3.51728e-42 -3.83856e-42 0)
(-4.41467e-43 -4.50435e-43 0)
(-5.22313e-44 -4.94107e-44 0)
(-6.01584e-45 -5.19967e-45 0)
(-3.71408e-45 -1.0206e-45 0)
(-3.74949e-44 -6.49661e-45 0)
(-4.36164e-43 -7.94188e-44 0)
(-4.91708e-42 -9.46013e-43 0)
(-5.33909e-41 -1.09393e-41 0)
(-5.59066e-40 -1.2174e-40 0)
(-5.60284e-39 -1.31362e-39 0)
(-5.39461e-38 -1.35496e-38 0)
(-4.92315e-37 -1.35745e-37 0)
(-4.29907e-36 -1.29048e-36 0)
(-3.49633e-35 -1.20647e-35 0)
(-2.70542e-34 -1.06594e-34 0)
(-1.86821e-33 -9.53402e-34 0)
(-1.20423e-32 -7.8183e-33 0)
(-5.95139e-32 -6.36407e-32 0)
(-2.51141e-31 -3.85997e-31 0)
(-9.3683e-31 -3.81659e-32 0)
(-1.14727e-30 -8.16934e-33 0)
(-1.71516e-31 -7.94664e-34 0)
(-4.07201e-32 -4.50081e-35 0)
(-6.29846e-33 1.03575e-36 0)
(-1.04694e-33 5.54906e-37 0)
(-1.45301e-34 3.06483e-37 0)
(-1.98753e-35 3.49426e-38 0)
(-2.44885e-36 -1.2861e-37 0)
(-3.0183e-37 -1.03568e-37 0)
(-3.36636e-38 -5.06645e-38 0)
(-8.32969e-39 -8.65886e-38 0)
(-1.73811e-38 -1.66968e-39 0)
(-8.9774e-39 7.71866e-38 0)
(3.58718e-39 8.62135e-38 0)
(2.15622e-39 4.08496e-38 0)
(4.02285e-39 6.49853e-38 0)
(1.23561e-38 1.07696e-39 0)
(1.86854e-39 -5.90118e-38 0)
(-5.44574e-39 -1.75848e-38 0)
(-1.69983e-39 -4.73472e-39 0)
(-4.731e-40 -8.97642e-40 0)
(-9.15031e-41 -1.55813e-40 0)
(-1.6137e-41 -2.30899e-41 0)
(-2.42149e-42 -3.18494e-42 0)
(-3.37428e-43 -3.98993e-43 0)
(-4.26403e-44 -4.71148e-44 0)
(-5.13142e-45 -5.19358e-45 0)
(-1.35047e-45 -5.10822e-46 0)
(-9.94155e-45 3.86722e-46 0)
(-1.20436e-43 5.48296e-45 0)
(-1.42031e-42 6.62964e-44 0)
(-1.62364e-41 7.74678e-43 0)
(-1.78794e-40 8.7594e-42 0)
(-1.90401e-39 9.52674e-41 0)
(-1.94019e-38 9.96535e-40 0)
(-1.90841e-37 9.87385e-39 0)
(-1.7773e-36 9.15002e-38 0)
(-1.59737e-35 7.39303e-37 0)
(-1.33262e-34 4.3467e-36 0)
(-1.07603e-33 -5.89028e-36 0)
(-7.67821e-33 -7.06732e-34 0)
(-5.32765e-32 -1.3964e-32 0)
(-2.73925e-31 -1.78774e-31 0)
(-1.39144e-30 -1.60121e-30 0)
(-1.15096e-31 -9.17123e-32 0)
(-1.17923e-31 -3.60349e-32 0)
(-2.55919e-32 -2.52119e-32 0)
(-6.60347e-33 -4.75679e-33 0)
(-1.15543e-33 -8.72962e-34 0)
(-2.02667e-34 -1.24992e-34 0)
(-2.97931e-35 -1.72719e-35 0)
(-4.2203e-36 -2.13662e-36 0)
(-5.38444e-37 -2.66774e-37 0)
(-6.66373e-38 -3.77852e-38 0)
(-7.53655e-39 -7.87358e-39 0)
(-1.25797e-39 -8.79298e-39 0)
(-1.65311e-39 -3.88148e-40 0)
(-8.23039e-40 6.89538e-39 0)
(3.00666e-40 7.77699e-39 0)
(1.8903e-40 3.72767e-39 0)
(3.57088e-40 5.85113e-39 0)
(1.08579e-39 1.00837e-40 0)
(1.67229e-40 -5.298e-39 0)
(-4.73373e-40 -1.60197e-39 0)
(-1.4962e-40 -4.37272e-40 0)
(-4.21388e-41 -8.39226e-41 0)
(-8.23224e-42 -1.47165e-41 0)
(-1.46416e-42 -2.20079e-42 0)
(-2.21357e-43 -3.05852e-43 0)
(-3.10374e-44 -3.85716e-44 0)
(-3.94189e-45 -4.57896e-45 0)
(-4.52684e-46 -4.94483e-46 0)
(1.84071e-46 1.20304e-46 0)
(2.94532e-45 2.23988e-45 0)
(3.57376e-44 2.81677e-44 0)
(4.18624e-43 3.43328e-43 0)
(4.74827e-42 4.0493e-42 0)
(5.1841e-41 4.62811e-41 0)
(5.46493e-40 5.09131e-40 0)
(5.50716e-39 5.40365e-39 0)
(5.34314e-38 5.44969e-38 0)
(4.90225e-37 5.20315e-37 0)
(4.32007e-36 4.44759e-36 0)
(3.529e-35 3.10881e-35 0)
(2.76231e-34 8.11105e-35 0)
(1.90901e-33 -2.3191e-33 0)
(1.24923e-32 -6.08574e-32 0)
(6.06893e-32 -8.98392e-31 0)
(2.6183e-31 -9.76379e-30 0)
(-2.44502e-32 -5.9482e-31 0)
(-1.24127e-33 -8.97664e-32 0)
(-1.13334e-33 -1.25803e-32 0)
(-6.54059e-34 -1.55217e-33 0)
(-1.52065e-34 -2.12036e-34 0)
(-3.23566e-35 -2.78719e-35 0)
(-5.3126e-36 -3.75664e-36 0)
(-8.14968e-37 -4.71174e-37 0)
(-1.09879e-37 -5.82585e-38 0)
(-1.40694e-38 -7.33159e-39 0)
(-1.64357e-39 -1.15587e-39 0)
(-2.21351e-40 -8.81537e-40 0)
(-1.55675e-40 -5.8652e-41 0)
(-7.19089e-41 5.97069e-40 0)
(2.40586e-41 6.80478e-40 0)
(1.57771e-41 3.29176e-40 0)
(3.00535e-41 5.11504e-40 0)
(9.04749e-41 9.09207e-42 0)
(1.41172e-41 -4.62073e-40 0)
(-3.92355e-41 -1.41291e-40 0)
(-1.2549e-41 -3.89995e-41 0)
(-3.569e-42 -7.55854e-42 0)
(-7.03477e-43 -1.33657e-42 0)
(-1.26024e-43 -2.01364e-43 0)
(-1.91789e-44 -2.81575e-44 0)
(-2.70295e-45 -3.57043e-45 0)
(-3.35296e-46 -4.25885e-46 0)
(8.96148e-47 -4.75682e-47 0)
(1.68751e-45 -7.42574e-48 0)
(2.12204e-44 -3.1777e-47 0)
(2.58541e-43 -3.93027e-46 0)
(3.04798e-42 -4.79753e-45 0)
(3.48276e-41 -5.66635e-44 0)
(3.83286e-40 -6.48504e-43 0)
(4.07876e-39 -7.13777e-42 0)
(4.15232e-38 -7.56688e-41 0)
(4.07979e-37 -7.57779e-40 0)
(3.79395e-36 -7.07231e-39 0)
(3.40408e-35 -5.60515e-38 0)
(2.8335e-34 -2.85852e-37 0)
(2.28195e-33 1.96096e-36 0)
(1.62275e-32 8.74041e-35 0)
(1.12151e-31 1.67308e-33 0)
(5.73644e-31 2.25477e-32 0)
(2.89509e-30 2.2978e-31 0)
(1.37185e-32 -6.04978e-31 0)
(-7.98006e-33 -8.97414e-32 0)
(-1.53652e-33 -9.91597e-33 0)
(-3.8838e-34 -8.9866e-34 0)
(-6.42693e-35 -8.00899e-35 0)
(-1.09325e-35 -7.67253e-36 0)
(-1.5707e-36 -8.7491e-37 0)
(-2.19515e-37 -1.04789e-37 0)
(-2.77784e-38 -1.28608e-38 0)
(-3.38062e-39 -1.54707e-39 0)
(-3.82092e-40 -2.03442e-40 0)
(-4.46637e-41 -8.98313e-41 0)
(-1.57693e-41 -7.65405e-42 0)
(-6.24111e-42 4.91822e-41 0)
(1.85493e-42 5.67067e-41 0)
(1.2737e-42 2.76781e-41 0)
(2.44666e-42 4.25957e-41 0)
(7.30705e-42 7.78353e-43 0)
(1.15101e-42 -3.83975e-41 0)
(-3.15872e-42 -1.18693e-41 0)
(-1.01998e-42 -3.30673e-42 0)
(-2.92432e-43 -6.46495e-43 0)
(-5.80645e-44 -1.15134e-43 0)
(-1.04642e-44 -1.74598e-44 0)
(-1.60122e-45 -2.45456e-45 0)
(-2.26647e-46 -3.12821e-46 0)
(-2.78706e-47 -3.84186e-47 0)
(1.22383e-47 -1.73438e-47 0)
(2.01615e-46 -1.75128e-46 0)
(2.5169e-45 -2.2573e-45 0)
(3.04422e-44 -2.83235e-44 0)
(3.56088e-43 -3.45277e-43 0)
(4.03244e-42 -4.07291e-42 0)
(4.39504e-41 -4.65586e-41 0)
(4.62369e-40 -5.12252e-40 0)
(4.64942e-39 -5.43735e-39 0)
(4.4988e-38 -5.48321e-38 0)
(4.11598e-37 -5.23247e-37 0)
(3.61331e-36 -4.46372e-36 0)
(2.94014e-35 -3.09791e-35 0)
(2.28742e-34 -7.50262e-35 0)
(1.57135e-33 2.45288e-33 0)
(1.01601e-32 6.30481e-32 0)
(4.87986e-32 9.26191e-31 0)
(2.02322e-31 1.00347e-29 0)
(-1.13872e-33 -1.38856e-31 0)
(5.58024e-34 -2.99485e-32 0)
(9.75954e-35 -3.97537e-33 0)
(1.19992e-35 -3.94086e-34 0)
(3.76936e-37 -3.62872e-35 0)
(-2.10837e-37 -3.31168e-36 0)
(-6.13029e-38 -3.39129e-37 0)
(-1.22086e-38 -3.64197e-38 0)
(-1.91548e-39 -4.06925e-39 0)
(-2.70358e-40 -4.45005e-40 0)
(-3.40236e-41 -4.96703e-41 0)
(-4.26603e-42 -1.0986e-41 0)
(-1.36911e-42 -1.07319e-42 0)
(-5.10017e-43 3.90775e-42 0)
(1.37768e-43 4.58154e-42 0)
(9.87827e-44 2.25389e-42 0)
(1.91223e-43 3.44234e-42 0)
(5.66781e-43 6.43353e-44 0)
(9.00512e-44 -3.09761e-42 0)
(-2.44403e-43 -9.66005e-43 0)
(-7.96432e-44 -2.71196e-43 0)
(-2.29898e-44 -5.34033e-44 0)
(-4.59492e-45 -9.56675e-45 0)
(-8.32348e-46 -1.45865e-45 0)
(-1.28009e-46 -2.05973e-46 0)
(-1.85357e-47 -2.63611e-47 0)
(-7.01067e-48 -3.32592e-48 0)
(-6.22738e-47 -2.52637e-48 0)
(-8.01166e-46 -2.87132e-47 0)
(-1.00537e-44 -3.68431e-46 0)
(-1.22582e-43 -4.59469e-45 0)
(-1.44638e-42 -5.56282e-44 0)
(-1.65433e-41 -6.51344e-43 0)
(-1.82265e-40 -7.38151e-42 0)
(-1.9421e-39 -8.04192e-41 0)
(-1.98e-38 -8.42472e-40 0)
(-1.94881e-37 -8.33773e-39 0)
(-1.81583e-36 -7.67732e-38 0)
(-1.63316e-35 -6.03319e-37 0)
(-1.36308e-34 -3.12151e-36 0)
(-1.10147e-33 1.68203e-35 0)
(-7.86173e-33 8.06022e-34 0)
(-5.45881e-32 1.48639e-32 0)
(-2.80549e-31 1.86545e-31 0)
(-1.42537e-30 1.65572e-30 0)
(-1.52447e-32 -6.37309e-31 0)
(7.93308e-33 -9.38756e-32 0)
(1.4246e-33 -9.70205e-33 0)
(2.98296e-34 -7.68966e-34 0)
(4.15383e-35 -4.70299e-35 0)
(5.85183e-36 -2.11145e-36 0)
(7.06905e-37 -3.02131e-38 0)
(8.38399e-38 7.16871e-39 0)
(9.11931e-39 1.24889e-39 0)
(9.62704e-40 1.45659e-40 0)
(9.56779e-41 1.48883e-41 0)
(9.17905e-42 9.34977e-43 0)
(7.70667e-43 7.58592e-44 0)
(3.88963e-44 3.15693e-43 0)
(1.67603e-44 3.57102e-43 0)
(8.0024e-45 1.76385e-43 0)
(1.45457e-44 2.67273e-43 0)
(4.27111e-44 5.09787e-45 0)
(6.8346e-45 -2.40111e-43 0)
(-1.83792e-44 -7.55149e-44 0)
(-6.03566e-45 -2.13377e-44 0)
(-1.75214e-45 -4.22894e-45 0)
(-3.52141e-46 -7.61421e-46 0)
(-6.40624e-47 -1.16654e-46 0)
(-9.89696e-48 -1.65344e-47 0)
(-1.49948e-48 -2.10092e-48 0)
(-1.38948e-48 5.15875e-50 0)
(-1.59679e-47 4.16324e-48 0)
(-2.0492e-46 5.56615e-47 0)
(-2.55617e-45 7.19697e-46 0)
(-3.0958e-44 9.03627e-45 0)
(-3.62663e-43 1.10238e-43 0)
(-4.11405e-42 1.30156e-42 0)
(-4.49279e-41 1.48979e-41 0)
(-4.73753e-40 1.64286e-40 0)
(-4.77645e-39 1.75275e-39 0)
(-4.63656e-38 1.79077e-38 0)
(-4.25753e-37 1.76986e-37 0)
(-3.75484e-36 1.66404e-36 0)
(-3.07136e-35 1.52562e-35 0)
(-2.40616e-34 1.32553e-34 0)
(-1.66574e-33 1.14812e-33 0)
(-1.08923e-32 9.18724e-33 0)
(-5.29458e-32 7.18234e-32 0)
(-2.2544e-31 4.28016e-31 0)
(1.83529e-32 -6.26154e-31 0)
(-9.59639e-33 -9.1454e-32 0)
(-1.83116e-33 -9.19185e-33 0)
(-4.05393e-34 -6.92426e-34 0)
(-5.99928e-35 -3.50427e-35 0)
(-8.9971e-36 -4.5192e-37 0)
(-1.16108e-36 1.97568e-37 0)
(-1.47106e-37 3.5798e-38 0)
(-1.71156e-38 4.71708e-39 0)
(-1.93091e-39 5.38518e-40 0)
(-2.05123e-40 5.77615e-41 0)
(-2.10599e-41 5.80531e-42 0)
(-2.0674e-42 5.63929e-43 0)
(-1.97885e-43 7.57692e-44 0)
(-1.70299e-44 3.1637e-44 0)
(-1.02135e-45 1.37934e-44 0)
(9.29022e-46 2.01924e-44 0)
(3.09846e-45 3.9386e-46 0)
(5.00093e-46 -1.80845e-44 0)
(-1.33582e-45 -5.72843e-45 0)
(-4.41897e-46 -1.62738e-45 0)
(-1.289e-46 -3.24286e-46 0)
(-2.60355e-47 -5.86343e-47 0)
(-4.75392e-48 -9.01935e-48 0)
(-7.36813e-49 -1.28189e-48 0)
(-1.0812e-49 -1.55073e-49 0)
(-5.09796e-50 1.20332e-49 0)
(-4.89327e-49 1.90273e-48 0)
(-6.18434e-48 2.5184e-47 0)
(-7.59715e-47 3.24055e-46 0)
(-9.03749e-46 4.04837e-45 0)
(-1.03706e-44 4.91158e-44 0)
(-1.14797e-43 5.76545e-43 0)
(-1.21845e-42 6.55592e-42 0)
(-1.24145e-41 7.17965e-41 0)
(-1.20197e-40 7.5966e-40 0)
(-1.10977e-39 7.69205e-39 0)
(-9.59294e-39 7.51016e-38 0)
(-7.83214e-38 6.95645e-37 0)
(-5.8202e-37 6.22123e-36 0)
(-4.01999e-36 5.21387e-35 0)
(-2.36857e-35 4.24627e-34 0)
(-1.25478e-34 3.12822e-33 0)
(-4.61824e-34 2.19419e-32 0)
(-1.3948e-33 1.16741e-31 0)
(1.84464e-32 -8.25464e-32 0)
(-1.05985e-32 -1.7085e-32 0)
(-2.14951e-33 -1.60557e-33 0)
(-5.42709e-34 -4.60455e-35 0)
(-8.9837e-35 1.91681e-35 0)
(-1.5109e-35 4.69511e-36 0)
(-2.15113e-36 8.10481e-37 0)
(-2.97502e-37 1.13537e-37 0)
(-3.73266e-38 1.46615e-38 0)
(-4.4984e-39 1.72995e-39 0)
(-5.06302e-40 1.93784e-40 0)
(-5.46999e-41 2.04243e-41 0)
(-5.60503e-42 2.06157e-42 0)
(-5.5278e-43 2.00099e-43 0)
(-5.21047e-44 2.03433e-44 0)
(-4.71308e-45 2.61744e-45 0)
(-3.41358e-46 1.60976e-45 0)
(1.84847e-46 4.06404e-47 0)
(3.27861e-47 -1.31528e-45 0)
(-9.47131e-47 -4.1969e-46 0)
(-3.1475e-47 -1.1979e-46 0)
(-9.2142e-48 -2.39882e-47 0)
(-1.86887e-48 -4.35312e-48 0)
(-3.41956e-49 -6.71942e-49 0)
(-4.84563e-50 -9.4721e-50 0)
(5.84416e-50 3.53652e-51 0)
(8.96805e-49 2.21513e-49 0)
(1.18786e-47 3.05035e-48 0)
(1.53002e-46 4.06383e-47 0)
(1.91372e-45 5.27285e-46 0)
(2.32511e-44 6.64563e-45 0)
(2.73394e-43 8.1418e-44 0)
(3.11503e-42 9.65677e-43 0)
(3.41933e-41 1.11108e-41 0)
(3.6276e-40 1.23213e-40 0)
(3.68373e-39 1.32325e-39 0)
(3.60649e-38 1.36186e-38 0)
(3.34561e-37 1.35856e-37 0)
(2.98662e-36 1.29178e-36 0)
(2.47913e-35 1.20394e-35 0)
(1.97544e-34 1.06928e-34 0)
(1.3959e-33 9.55912e-34 0)
(9.32172e-33 7.93887e-33 0)
(4.64904e-32 6.45388e-32 0)
(2.01488e-31 3.98301e-31 0)
(-1.98929e-32 -5.39963e-32 0)
(-6.37641e-33 -8.3376e-33 0)
(-2.49021e-33 3.2069e-33 0)
(-1.04735e-33 9.47768e-34 0)
(-2.23232e-34 2.04628e-34 0)
(-4.49814e-35 3.20877e-35 0)
(-7.17271e-36 4.63884e-36 0)
(-1.07814e-36 5.93737e-37 0)
(-1.43433e-37 7.23379e-38 0)
(-1.8089e-38 8.19362e-39 0)
(-2.10751e-39 8.89574e-40 0)
(-2.34171e-40 9.14873e-41 0)
(-2.45402e-41 9.05163e-42 0)
(-2.46584e-42 8.5703e-43 0)
(-2.36441e-43 7.84427e-44 0)
(-2.1835e-44 6.96101e-45 0)
(-1.93388e-45 6.91319e-46 0)
(-1.51336e-46 5.04845e-47 0)
(-1.13447e-47 -8.93408e-47 0)
(-7.59585e-48 -2.96034e-47 0)
(-2.25889e-48 -8.54418e-48 0)
(-6.4491e-49 -1.72099e-48 0)
(-1.30387e-49 -3.13451e-49 0)
(-2.26945e-50 -4.87638e-50 0)
(1.36659e-50 -1.01712e-50 0)
(2.43226e-49 -4.71238e-50 0)
(3.33414e-48 -6.45017e-49 0)
(4.4415e-47 -8.77501e-48 0)
(5.76257e-46 -1.16238e-46 0)
(7.26237e-45 -1.49884e-45 0)
(8.89679e-44 -1.8765e-44 0)
(1.05512e-42 -2.2819e-43 0)
(1.21382e-41 -2.68483e-42 0)
(1.34567e-40 -3.06059e-41 0)
(1.44427e-39 -3.35904e-40 0)
(1.48394e-38 -3.55996e-39 0)
(1.47426e-37 -3.59968e-38 0)
(1.38735e-36 -3.48499e-37 0)
(1.2635e-35 -3.13235e-36 0)
(1.06835e-34 -2.58499e-35 0)
(8.78747e-34 -1.73191e-34 0)
(6.38282e-33 -7.30773e-34 0)
(4.55572e-32 3.8911e-33 0)
(2.39981e-31 1.11927e-31 0)
(1.28731e-30 1.29331e-30 0)
(-8.5264e-32 -4.78591e-31 0)
(-1.68809e-31 -3.69321e-32 0)
(-3.61561e-32 2.27522e-32 0)
(-9.1189e-33 5.18996e-33 0)
(-1.56197e-33 1.02773e-33 0)
(-2.68837e-34 1.50664e-34 0)
(-3.89731e-35 2.10168e-35 0)
(-5.46285e-36 2.60476e-36 0)
(-6.91945e-37 3.10602e-37 0)
(-8.40409e-38 3.44863e-38 0)
(-9.51383e-39 3.68782e-39 0)
(-1.03318e-39 3.73979e-40 0)
(-1.06304e-40 3.65795e-41 0)
(-1.05225e-41 3.42649e-42 0)
(-9.96563e-43 3.10307e-43 0)
(-9.10976e-44 2.70859e-44 0)
(-8.01918e-45 2.29786e-45 0)
(-6.82491e-46 1.87712e-46 0)
(-5.6194e-47 8.51619e-48 0)
(-4.94544e-48 -9.13475e-49 0)
(-4.9672e-49 -5.07148e-49 0)
(-6.95864e-50 -1.13518e-49 0)
(-1.09703e-50 -2.14512e-50 0)
(-5.00225e-51 -3.81939e-51 0)
(-4.66341e-50 -7.15583e-51 0)
(-6.46893e-49 -9.56656e-50 0)
(-8.80017e-48 -1.33675e-48 0)
(-1.16549e-46 -1.82323e-47 0)
(-1.50251e-45 -2.42131e-46 0)
(-1.88058e-44 -3.13089e-45 0)
(-2.28615e-43 -3.93141e-44 0)
(-2.68887e-42 -4.79655e-43 0)
(-3.06424e-41 -5.6633e-42 0)
(-3.36266e-40 -6.48145e-41 0)
(-3.56642e-39 -7.14257e-40 0)
(-3.61781e-38 -7.60322e-39 0)
(-3.53905e-37 -7.71418e-38 0)
(-3.27597e-36 -7.47399e-37 0)
(-2.92143e-35 -6.64564e-36 0)
(-2.41666e-34 -5.24457e-35 0)
(-1.92814e-33 -2.871e-34 0)
(-1.35875e-32 2.54973e-34 0)
(-9.2312e-32 4.13315e-32 0)
(-4.6498e-31 7.3134e-31 0)
(-2.24516e-30 8.83092e-30 0)
(-1.04793e-30 7.70919e-31 0)
(-1.41445e-30 1.17995e-31 0)
(-2.13362e-31 1.24268e-32 0)
(-5.05104e-32 9.96153e-34 0)
(-7.79886e-33 6.1511e-35 0)
(-1.29124e-33 2.79823e-36 0)
(-1.7872e-34 4.45921e-38 0)
(-2.4423e-35 -8.81546e-39 0)
(-3.01363e-36 -1.57026e-39 0)
(-3.59641e-37 -1.83958e-40 0)
(-4.00272e-38 -1.9034e-41 0)
(-4.29146e-39 -1.82502e-42 0)
(-4.36255e-40 -1.67658e-43 0)
(-4.27626e-41 -1.47677e-44 0)
(-4.0133e-42 -1.25908e-45 0)
(-3.64044e-43 -1.03539e-46 0)
(-3.18186e-44 -7.83825e-48 0)
(-2.69487e-45 -6.36743e-49 0)
(-2.20913e-46 -4.77819e-49 0)
(-1.76211e-47 -1.42668e-49 0)
(-1.37011e-48 -4.0334e-50 0)
(-1.05285e-49 -8.132e-51 0)
(-8.50871e-51 -1.4639e-51 0)
(-6.81188e-51 9.08179e-53 0)
(-8.83783e-50 4.68141e-51 0)
(-1.234e-48 6.74691e-50 0)
(-1.68162e-47 9.42178e-49 0)
(-2.23115e-46 1.28322e-47 0)
(-2.88201e-45 1.70156e-46 0)
(-3.61482e-44 2.19652e-45 0)
(-4.40479e-43 2.75319e-44 0)
(-5.19384e-42 3.35225e-43 0)
(-5.936e-41 3.94915e-42 0)
(-6.53429e-40 4.50707e-41 0)
(-6.95551e-39 4.94813e-40 0)
(-7.08325e-38 5.23243e-39 0)
(-6.96228e-37 5.2349e-38 0)
(-6.4774e-36 4.89583e-37 0)
(-5.81502e-35 3.93939e-36 0)
(-4.8434e-34 2.17825e-35 0)
(-3.90382e-33 -8.76062e-35 0)
(-2.77862e-32 -5.13948e-33 0)
(-1.92268e-31 -1.01524e-31 0)
(-9.84685e-31 -1.381e-30 0)
(-4.97931e-30 -1.4136e-29 0)
(-1.09035e-31 1.96956e-30 0)
(-1.56428e-31 2.61893e-31 0)
(-3.37299e-32 9.47201e-34 0)
(-8.59022e-33 -3.27631e-33 0)
(-1.48486e-33 -9.05891e-34 0)
(-2.57605e-34 -1.44588e-34 0)
(-3.7566e-35 -2.08297e-35 0)
(-5.29064e-36 -2.60958e-36 0)
(-6.72589e-37 -3.1227e-37 0)
(-8.19341e-38 -3.47007e-38 0)
(-9.2978e-39 -3.71062e-39 0)
(-1.01177e-39 -3.76186e-40 0)
(-1.04279e-40 -3.67831e-41 0)
(-1.03372e-41 -3.44445e-42 0)
(-9.80261e-43 -3.11832e-43 0)
(-8.97072e-44 -2.72077e-44 0)
(-7.90485e-45 -2.30082e-45 0)
(-6.74313e-46 -1.88357e-46 0)
(-5.56451e-47 -1.50088e-47 0)
(-4.45938e-48 -1.16636e-48 0)
(-3.47245e-49 -8.96691e-50 0)
(-2.64004e-50 -6.90566e-51 0)
(-1.8345e-51 -5.03424e-52 0)
(1.8254e-51 7.01052e-52 0)
(2.82253e-50 1.0963e-50 0)
(3.94697e-49 1.57101e-49 0)
(5.3819e-48 2.19578e-48 0)
(7.1453e-47 2.99364e-47 0)
(9.23653e-46 3.97386e-46 0)
(1.15946e-44 5.13588e-45 0)
(1.41417e-43 6.4456e-44 0)
(1.66924e-42 7.85918e-43 0)
(1.91006e-41 9.27285e-42 0)
(2.10539e-40 1.06025e-40 0)
(2.24461e-39 1.16669e-39 0)
(2.28983e-38 1.23823e-38 0)
(2.2554e-37 1.24733e-37 0)
(2.10321e-36 1.18581e-36 0)
(1.89347e-35 9.993e-36 0)
(1.58206e-34 6.63707e-35 0)
(1.28007e-33 8.44659e-35 0)
(9.14922e-33 -7.10148e-33 0)
(6.36251e-32 -1.65753e-31 0)
(3.27498e-31 -2.36824e-30 0)
(1.6661e-30 -2.50986e-29 0)
(-4.66108e-32 9.09173e-31 0)
(7.53983e-33 1.44507e-31 0)
(3.12558e-34 1.16367e-32 0)
(-4.30474e-34 2.86309e-34 0)
(-1.32291e-34 -1.21848e-34 0)
(-3.16564e-35 -2.74632e-35 0)
(-5.49354e-36 -4.4239e-36 0)
(-8.71824e-37 -5.85975e-37 0)
(-1.20157e-37 -7.22211e-38 0)
(-1.55486e-38 -8.20927e-39 0)
(-1.84634e-39 -8.92107e-40 0)
(-2.08237e-40 -9.17588e-41 0)
(-2.20829e-41 -9.07745e-42 0)
(-2.24066e-42 -8.59213e-43 0)
(-2.166e-43 -7.85009e-44 0)
(-2.0143e-44 -6.90743e-45 0)
(-1.79919e-45 -5.88483e-46 0)
(-1.55256e-46 -4.85082e-47 0)
(-1.29388e-47 -3.88372e-48 0)
(-1.0454e-48 -3.02184e-49 0)
(-8.19168e-50 -2.29714e-50 0)
(-6.21896e-51 -1.71365e-51 0)
(-5.74052e-53 -1.43346e-52 0)
(5.92767e-51 -2.58647e-52 0)
(8.53871e-50 -3.65575e-51 0)
(1.19341e-48 -5.23731e-50 0)
(1.62695e-47 -7.32273e-49 0)
(2.15955e-46 -9.98757e-48 0)
(2.79088e-45 -1.32639e-46 0)
(3.5024e-44 -1.71515e-45 0)
(4.27041e-43 -2.15383e-44 0)
(5.03881e-42 -2.62808e-43 0)
(5.76333e-41 -3.1037e-42 0)
(6.34972e-40 -3.55393e-41 0)
(6.76591e-39 -3.92196e-40 0)
(6.89798e-38 -4.19139e-39 0)
(6.78939e-37 -4.30083e-38 0)
(6.32612e-36 -4.29811e-37 0)
(5.68984e-35 -4.15495e-36 0)
(4.74896e-34 -4.05073e-35 0)
(3.8378e-33 -3.97393e-34 0)
(2.73938e-32 -4.12929e-33 0)
(1.90261e-31 -4.1905e-32 0)
(9.78048e-31 -4.01466e-31 0)
(4.97428e-30 -2.97072e-30 0)
(-7.42377e-33 8.27712e-31 0)
(2.91197e-33 1.28215e-31 0)
(5.94485e-34 1.33669e-32 0)
(5.80345e-35 1.01241e-33 0)
(-1.4595e-36 4.59017e-35 0)
(-2.21664e-36 -9.34106e-37 0)
(-5.3139e-37 -6.14433e-37 0)
(-9.91298e-38 -1.03498e-37 0)
(-1.50016e-38 -1.40816e-38 0)
(-2.06727e-39 -1.68761e-39 0)
(-2.56837e-40 -1.90026e-40 0)
(-2.99691e-41 -2.00683e-41 0)
(-3.26466e-42 -2.02766e-42 0)
(-3.38442e-43 -1.95273e-43 0)
(-3.33051e-44 -1.81009e-44 0)
(-3.14344e-45 -1.61231e-45 0)
(-2.84352e-46 -1.38797e-46 0)
(-2.48036e-47 -1.15432e-47 0)
(-2.08663e-48 -9.30956e-49 0)
(-1.69962e-49 -7.28352e-50 0)
(-1.34123e-50 -5.54613e-51 0)
(-1.03765e-51 -4.14701e-52 0)
(-2.17944e-52 -7.81258e-53 0)
(-2.07699e-51 -7.25677e-52 0)
(-2.96756e-50 -1.06112e-50 0)
(-4.14821e-49 -1.52047e-49 0)
(-5.65643e-48 -2.12589e-48 0)
(-7.51001e-47 -2.89945e-47 0)
(-9.70838e-46 -3.85043e-46 0)
(-1.21876e-44 -4.97864e-45 0)
(-1.48659e-43 -6.25138e-44 0)
(-1.75486e-42 -7.62679e-43 0)
(-2.00823e-41 -9.00484e-42 0)
(-2.21388e-40 -1.03061e-40 0)
(-2.36064e-39 -1.13597e-39 0)
(-2.40866e-38 -1.21012e-38 0)
(-2.37301e-37 -1.23059e-37 0)
(-2.21355e-36 -1.20019e-36 0)
(-1.99356e-35 -1.0877e-35 0)
(-1.6665e-34 -9.06687e-35 0)
(-1.34921e-33 -6.07867e-34 0)
(-9.6508e-33 -2.33945e-33 0)
(-6.71761e-32 2.32074e-32 0)
(-3.46182e-31 6.16995e-31 0)
(-1.76352e-30 8.44921e-30 0)
(-1.40164e-32 7.85217e-31 0)
(7.22997e-33 1.19629e-31 0)
(1.19139e-33 1.32818e-32 0)
(2.33532e-34 1.1539e-33 0)
(2.98161e-35 8.74288e-35 0)
(3.81729e-36 6.11613e-36 0)
(4.0813e-37 4.40643e-37 0)
(4.18269e-38 3.34991e-38 0)
(3.76442e-39 2.74004e-39 0)
(3.10547e-40 2.25687e-40 0)
(2.15607e-41 1.82583e-41 0)
(1.13386e-42 1.38691e-42 0)
(1.19108e-44 9.72064e-44 0)
(-7.54539e-45 5.98022e-45 0)
(-1.42571e-45 2.91058e-46 0)
(-1.86158e-46 5.90773e-48 0)
(-2.06808e-47 -9.80591e-49 0)
(-2.08168e-48 -1.89704e-49 0)
(-1.94883e-49 -2.29822e-50 0)
(-1.72412e-50 -2.33196e-51 0)
(-1.45518e-51 -2.13862e-52 0)
(-1.43824e-52 -1.66739e-53 0)
(-4.0291e-52 2.36511e-53 0)
(-5.77492e-51 3.77095e-52 0)
(-8.27362e-50 5.53182e-51 0)
(-1.15673e-48 7.92637e-50 0)
(-1.57754e-47 1.10819e-48 0)
(-2.09479e-46 1.51136e-47 0)
(-2.70834e-45 2.00693e-46 0)
(-3.40034e-44 2.59475e-45 0)
(-4.148e-43 3.25773e-44 0)
(-4.8969e-42 3.97389e-43 0)
(-5.60427e-41 4.69073e-42 0)
(-6.17823e-40 5.3657e-41 0)
(-6.58785e-39 5.9061e-40 0)
(-6.72136e-38 6.26732e-39 0)
(-6.62149e-37 6.30278e-38 0)
(-6.17526e-36 5.95624e-37 0)
(-5.56088e-35 4.91966e-36 0)
(-4.64673e-34 3.02142e-35 0)
(-3.76203e-33 -2.77918e-35 0)
(-2.6897e-32 -4.84481e-33 0)
(-1.87445e-31 -1.02483e-31 0)
(-9.66254e-31 -1.42119e-30 0)
(-4.95836e-30 -1.47283e-29 0)
(5.00312e-32 3.37618e-31 0)
(-2.61496e-32 7.27381e-32 0)
(-5.07416e-33 9.56541e-33 0)
(-1.10793e-33 9.32401e-34 0)
(-1.62138e-34 8.25102e-35 0)
(-2.38411e-35 7.09458e-36 0)
(-3.01946e-36 6.76539e-37 0)
(-3.74718e-37 6.8452e-38 0)
(-4.27476e-38 7.30554e-39 0)
(-4.72909e-39 7.64789e-40 0)
(-4.93111e-40 7.86228e-41 0)
(-4.9723e-41 7.74965e-42 0)
(-4.78607e-42 7.39821e-43 0)
(-4.45756e-43 6.78913e-44 0)
(-3.99332e-44 6.03408e-45 0)
(-3.46767e-45 5.17953e-46 0)
(-2.91121e-46 4.3145e-47 0)
(-2.37396e-47 3.48409e-48 0)
(-1.87845e-48 2.73599e-49 0)
(-1.44665e-49 2.08895e-50 0)
(-1.08399e-50 1.55415e-51 0)
(-7.7377e-52 1.15514e-52 0)
(2.19546e-52 5.18156e-53 0)
(4.04277e-51 6.58215e-52 0)
(5.797e-50 9.64237e-51 0)
(8.10274e-49 1.38126e-49 0)
(1.10472e-47 1.93063e-48 0)
(1.46645e-46 2.63225e-47 0)
(1.89524e-45 3.49428e-46 0)
(2.37845e-44 4.51626e-45 0)
(2.89998e-43 5.66822e-44 0)
(3.42161e-42 6.91166e-43 0)
(3.9133e-41 8.15525e-42 0)
(4.31086e-40 9.3249e-41 0)
(4.59268e-39 1.02606e-39 0)
(4.6811e-38 1.08868e-38 0)
(4.60615e-37 1.09561e-37 0)
(4.28995e-36 1.03837e-36 0)
(3.85697e-35 8.66304e-36 0)
(3.21698e-34 5.53133e-35 0)
(2.59893e-33 8.55315e-36 0)
(1.85363e-32 -7.4802e-33 0)
(1.28861e-31 -1.65713e-31 0)
(6.62468e-31 -2.35316e-30 0)
(3.39437e-30 -2.50635e-29 0)
(5.66416e-32 2.23509e-30 0)
(-3.06573e-32 3.26092e-31 0)
(-5.73067e-33 3.35943e-32 0)
(-1.30182e-33 2.70261e-33 0)
(-1.97113e-34 1.79772e-34 0)
(-3.05997e-35 1.09448e-35 0)
(-4.07574e-36 7.52456e-37 0)
(-5.33516e-37 7.06131e-38 0)
(-6.39406e-38 8.57892e-39 0)
(-7.41956e-39 1.07364e-39 0)
(-8.08704e-40 1.29704e-40 0)
(-8.50375e-41 1.46008e-41 0)
(-8.51178e-42 1.55499e-42 0)
(-8.22493e-43 1.56269e-43 0)
(-7.62714e-44 1.49996e-44 0)
(-6.84208e-45 1.37525e-45 0)
(-5.92268e-46 1.2131e-46 0)
(-4.97131e-47 1.03008e-47 0)
(-4.04261e-48 8.45706e-49 0)
(-3.19492e-49 6.71842e-50 0)
(-2.45357e-50 5.1793e-51 0)
(-1.81297e-51 3.86394e-52 0)
(2.00048e-52 6.85053e-54 0)
(4.8805e-51 -3.19292e-52 0)
(6.9995e-50 -4.71408e-51 0)
(9.77554e-49 -6.75846e-50 0)
(1.33162e-47 -9.4544e-49 0)
(1.76603e-46 -1.29017e-47 0)
(2.28015e-45 -1.7143e-46 0)
(2.85853e-44 -2.21794e-45 0)
(3.48133e-43 -2.78669e-44 0)
(4.1026e-42 -3.40211e-43 0)
(4.68578e-41 -4.01958e-42 0)
(5.1545e-40 -4.60367e-41 0)
(5.48233e-39 -5.07696e-40 0)
(5.57827e-38 -5.40828e-39 0)
(5.4772e-37 -5.48866e-38 0)
(5.09019e-36 -5.31243e-37 0)
(4.5629e-35 -4.69578e-36 0)
(3.79491e-34 -3.62444e-35 0)
(3.05154e-33 -1.76275e-34 0)
(2.1672e-32 7.84523e-34 0)
(1.49266e-31 4.05275e-32 0)
(7.61361e-31 6.92173e-31 0)
(3.80054e-30 8.49377e-30 0)
(-1.05807e-31 2.13689e-30 0)
(3.58604e-32 3.08028e-31 0)
(5.72531e-33 3.49611e-32 0)
(6.79348e-34 3.38903e-33 0)
(1.98788e-35 3.44607e-34 0)
(-1.12683e-35 3.75494e-35 0)
(-3.159e-36 4.6327e-36 0)
(-6.15098e-37 5.68193e-37 0)
(-9.45297e-38 6.91702e-38 0)
(-1.31208e-38 7.92995e-39 0)
(-1.63435e-39 8.73343e-40 0)
(-1.90946e-40 9.10192e-41 0)
(-2.07995e-41 9.1113e-42 0)
(-2.15575e-42 8.71337e-43 0)
(-2.12e-43 8.03267e-44 0)
(-1.99973e-44 7.12381e-45 0)
(-1.80761e-45 6.11143e-46 0)
(-1.57579e-46 5.06868e-47 0)
(-1.32483e-47 4.07867e-48 0)
(-1.07852e-48 3.18459e-49 0)
(-8.50545e-50 2.41853e-50 0)
(-6.52054e-51 1.78567e-51 0)
(-5.64494e-52 1.04106e-52 0)
(-1.20234e-51 -3.5991e-52 0)
(-1.67639e-50 -5.39972e-51 0)
(-2.34904e-49 -7.72233e-50 0)
(-3.21191e-48 -1.07742e-48 0)
(-4.2769e-47 -1.46614e-47 0)
(-5.54638e-46 -1.94243e-46 0)
(-6.9863e-45 -2.50519e-45 0)
(-8.55334e-44 -3.13734e-44 0)
(-1.01372e-42 -3.81649e-43 0)
(-1.16528e-41 -4.4926e-42 0)
(-1.29077e-40 -5.12454e-41 0)
(-1.384e-39 -5.62956e-40 0)
(-1.42049e-38 -5.97516e-39 0)
(-1.40953e-37 -6.0599e-38 0)
(-1.32464e-36 -5.9054e-37 0)
(-1.20482e-35 -5.39432e-36 0)
(-1.01711e-34 -4.6346e-35 0)
(-8.36136e-34 -3.47881e-34 0)
(-6.06741e-33 -2.1958e-33 0)
(-4.34901e-32 -7.3465e-33 0)
(-2.29865e-31 2.70373e-32 0)
(-1.26328e-30 7.85432e-31 0)
(-2.57554e-31 -5.79268e-31 0)
(-1.10849e-31 -4.86573e-32 0)
(-2.52338e-32 2.51698e-32 0)
(-6.92858e-33 5.85148e-33 0)
(-1.27746e-33 1.16822e-33 0)
(-2.33641e-34 1.71771e-34 0)
(-3.53613e-35 2.40005e-35 0)
(-5.12512e-36 2.97717e-36 0)
(-6.65692e-37 3.55226e-37 0)
(-8.24929e-38 3.94583e-38 0)
(-9.48944e-39 4.22103e-39 0)
(-1.0443e-39 4.2818e-40 0)
(-1.08641e-40 4.1892e-41 0)
(-1.08554e-41 3.92501e-42 0)
(-1.03642e-42 3.55516e-43 0)
(-9.54082e-44 3.1033e-44 0)
(-8.45073e-45 2.62541e-45 0)
(-7.24181e-46 2.15005e-46 0)
(-6.00035e-47 1.7106e-47 0)
(-4.82416e-48 1.32182e-48 0)
(-3.7637e-49 9.94445e-50 0)
(-2.8568e-50 7.28468e-51 0)
(-2.18376e-51 5.12339e-52 0)
(-1.23443e-51 -8.66513e-53 0)
(-1.54027e-50 -1.78435e-51 0)
(-2.13496e-49 -2.53585e-50 0)
(-2.88725e-48 -3.51091e-49 0)
(-3.8011e-47 -4.73838e-48 0)
(-4.86915e-46 -6.22553e-47 0)
(-6.05588e-45 -7.95633e-46 0)
(-7.31125e-44 -9.87337e-45 0)
(-8.54132e-43 -1.1888e-43 0)
(-9.65956e-42 -1.38535e-42 0)
(-1.05237e-40 -1.56169e-41 0)
(-1.10645e-39 -1.69667e-40 0)
(-1.11362e-38 -1.77672e-39 0)
(-1.0781e-37 -1.7827e-38 0)
(-9.89497e-37 -1.71657e-37 0)
(-8.70676e-36 -1.56947e-36 0)
(-7.13595e-35 -1.36803e-35 0)
(-5.58157e-34 -1.11031e-34 0)
(-3.89228e-33 -8.41578e-34 0)
(-2.54378e-32 -5.53852e-33 0)
(-1.26581e-31 -3.04235e-32 0)
(-5.39869e-31 -8.62603e-32 0)
(-1.3122e-30 -1.49455e-30 0)
(-1.56936e-30 -2.1396e-31 0)
(-2.34196e-31 -2.05888e-32 0)
(-5.56503e-32 -1.45572e-33 0)
(-8.61304e-33 -5.8302e-35 0)
(-1.433e-33 1.55947e-36 0)
(-1.99012e-34 7.202e-37 0)
(-2.72871e-35 1.05013e-37 0)
(-3.37563e-36 1.24608e-38 0)
(-4.03763e-37 1.31362e-39 0)
(-4.50215e-38 1.3122e-40 0)
(-4.83487e-39 1.2423e-41 0)
(-4.92183e-40 1.13541e-42 0)
(-4.83048e-41 9.97528e-44 0)
(-4.53835e-42 8.49486e-45 0)
(-4.1207e-43 6.99497e-46 0)
(-3.60474e-44 5.59613e-47 0)
(-3.05549e-45 4.34537e-48 0)
(-2.50657e-46 3.28492e-49 0)
(-1.99734e-47 2.41704e-50 0)
(-1.54555e-48 1.73463e-51 0)
(-1.16437e-49 1.21691e-52 0)
(-8.75429e-51 1.21835e-53 0)
(-3.75404e-51 5.85288e-53 0)
(-4.48418e-50 8.47074e-52 0)
(-6.22995e-49 1.20897e-50 0)
(-8.44824e-48 1.68344e-49 0)
(-1.11547e-46 2.28602e-48 0)
(-1.43335e-45 3.02202e-47 0)
(-1.78868e-44 3.88835e-46 0)
(-2.16729e-43 4.85731e-45 0)
(-2.54192e-42 5.89232e-44 0)
(-2.88715e-41 6.9147e-43 0)
(-3.16042e-40 7.85613e-42 0)
(-3.34062e-39 8.58126e-41 0)
(-3.38231e-38 9.00826e-40 0)
(-3.29723e-37 8.90903e-39 0)
(-3.04984e-36 8.12314e-38 0)
(-2.71013e-35 6.10746e-37 0)
(-2.24596e-34 2.39831e-36 0)
(-1.7863e-33 -3.8621e-35 0)
(-1.27043e-32 -1.23642e-33 0)
(-8.63773e-32 -2.15153e-32 0)
(-4.5259e-31 -2.66795e-31 0)
(-2.23289e-30 -2.3773e-30 0)
(-8.61724e-32 -8.82486e-31 0)
(-2.00178e-31 -1.58147e-31 0)
(-4.24596e-32 -4.52903e-32 0)
(-1.06494e-32 -7.31467e-33 0)
(-1.81548e-33 -1.23609e-33 0)
(-3.11546e-34 -1.71909e-34 0)
(-4.5066e-35 -2.35178e-35 0)
(-6.30786e-36 -2.90008e-36 0)
(-7.98118e-37 -3.45845e-37 0)
(-9.68633e-38 -3.84604e-38 0)
(-1.0959e-38 -4.12098e-39 0)
(-1.1896e-39 -4.18689e-40 0)
(-1.22356e-40 -4.10235e-41 0)
(-1.21081e-41 -3.84863e-42 0)
(-1.14649e-42 -3.49006e-43 0)
(-1.04785e-43 -3.04966e-44 0)
(-9.22308e-45 -2.58247e-45 0)
(-7.85991e-46 -2.11669e-46 0)
(-6.48045e-47 -1.68537e-47 0)
(-5.1872e-48 -1.30325e-48 0)
(-4.03089e-49 -9.81112e-50 0)
(-3.04817e-50 -7.19037e-51 0)
(-2.25394e-51 -4.91383e-52 0)
(-3.06839e-52 3.05791e-52 0)
(-2.03572e-51 4.99415e-51 0)
(-2.74015e-50 7.13855e-50 0)
(-3.60843e-49 9.95116e-49 0)
(-4.62229e-48 1.35291e-47 0)
(-5.74428e-47 1.79091e-46 0)
(-6.92664e-46 2.30766e-45 0)
(-8.07233e-45 2.8876e-44 0)
(-9.10194e-44 3.50932e-43 0)
(-9.86691e-43 4.12745e-42 0)
(-1.0315e-41 4.7017e-41 0)
(-1.02874e-40 5.15502e-40 0)
(-9.86032e-40 5.44387e-39 0)
(-8.9037e-39 5.45062e-38 0)
(-7.70634e-38 5.11695e-37 0)
(-6.14053e-37 4.19178e-36 0)
(-4.69909e-36 2.50023e-35 0)
(-3.15054e-35 -4.12421e-35 0)
(-2.08151e-34 -4.49305e-33 0)
(-1.06011e-33 -9.3526e-32 0)
(-6.31587e-33 -1.30678e-30 0)
(-1.94391e-32 -1.37608e-29 0)
(2.05649e-32 -1.09805e-31 0)
(-2.99745e-32 -2.73006e-32 0)
(-7.08443e-33 -8.39431e-33 0)
(-2.10189e-33 -1.52766e-33 0)
(-3.84284e-34 -2.70156e-34 0)
(-6.99956e-35 -3.94318e-35 0)
(-1.04987e-35 -5.52671e-36 0)
(-1.51181e-36 -6.98424e-37 0)
(-1.95154e-37 -8.45958e-38 0)
(-2.40594e-38 -9.55275e-39 0)
(-2.75471e-39 -1.03516e-39 0)
(-3.01869e-40 -1.06314e-40 0)
(-3.12813e-41 -1.05072e-41 0)
(-3.11407e-42 -9.93819e-43 0)
(-2.96276e-43 -9.07456e-44 0)
(-2.71818e-44 -7.98087e-45 0)
(-2.39982e-45 -6.79647e-46 0)
(-2.05001e-46 -5.60018e-47 0)
(-1.69336e-47 -4.48017e-48 0)
(-1.35732e-48 -3.47981e-49 0)
(-1.05582e-49 -2.63028e-50 0)
(-7.97857e-51 -1.93521e-51 0)
(-4.25811e-52 -1.35591e-52 0)
(2.34057e-51 3.90637e-53 0)
(3.41301e-50 7.0851e-52 0)
(4.77063e-49 1.00675e-50 0)
(6.50377e-48 1.39411e-49 0)
(8.63244e-47 1.88187e-48 0)
(1.11552e-45 2.47254e-47 0)
(1.3997e-44 3.16005e-46 0)
(1.70627e-43 3.92048e-45 0)
(2.01268e-42 4.71928e-44 0)
(2.30123e-41 5.4947e-43 0)
(2.53405e-40 6.18528e-42 0)
(2.69852e-39 6.69099e-41 0)
(2.74892e-38 6.93274e-40 0)
(2.70306e-37 6.73871e-39 0)
(2.51536e-36 5.93009e-38 0)
(2.25898e-35 4.04905e-37 0)
(1.88162e-34 5.80783e-37 0)
(1.51704e-33 -5.2034e-35 0)
(1.07944e-32 -1.31123e-33 0)
(7.46961e-32 -2.14606e-32 0)
(3.82098e-31 -2.59564e-31 0)
(1.93101e-30 -2.25766e-30 0)
(4.21731e-33 -2.12443e-32 0)
(-3.34908e-33 -5.34881e-33 0)
(-8.94599e-34 -1.77266e-33 0)
(-2.91359e-34 -3.35372e-34 0)
(-5.66188e-35 -6.20253e-35 0)
(-1.07088e-35 -9.34133e-36 0)
(-1.65647e-36 -1.34488e-36 0)
(-2.43481e-37 -1.73366e-37 0)
(-3.19917e-38 -2.1336e-38 0)
(-3.99514e-39 -2.43905e-39 0)
(-4.62632e-40 -2.66902e-40 0)
(-5.11422e-41 -2.76248e-41 0)
(-5.34094e-42 -2.74723e-42 0)
(-5.35038e-43 -2.61143e-43 0)
(-5.11893e-44 -2.39402e-44 0)
(-4.71824e-45 -2.11221e-45 0)
(-4.18294e-46 -1.80327e-46 0)
(-3.58582e-47 -1.48878e-47 0)
(-2.97131e-48 -1.19279e-48 0)
(-2.3881e-49 -9.27466e-50 0)
(-1.8621e-50 -7.01562e-51 0)
(-1.40908e-51 -5.17049e-52 0)
(-6.0449e-53 -4.61842e-53 0)
(6.30985e-52 -1.39485e-52 0)
(9.10624e-51 -2.00836e-51 0)
(1.26702e-49 -2.87849e-50 0)
(1.71879e-48 -4.02591e-49 0)
(2.26936e-47 -5.49268e-48 0)
(2.91562e-46 -7.29655e-47 0)
(3.6358e-45 -9.4377e-46 0)
(4.40158e-44 -1.18542e-44 0)
(5.1536e-43 -1.44676e-43 0)
(5.84256e-42 -1.70879e-42 0)
(6.37528e-41 -1.95673e-41 0)
(6.71616e-40 -2.15854e-40 0)
(6.7631e-39 -2.3039e-39 0)
(6.55561e-38 -2.35462e-38 0)
(6.00858e-37 -2.32816e-37 0)
(5.2877e-36 -2.18958e-36 0)
(4.313e-35 -2.00848e-35 0)
(3.36813e-34 -1.74556e-34 0)
(2.32199e-33 -1.51299e-33 0)
(1.51204e-32 -1.21108e-32 0)
(7.30918e-32 -9.47613e-32 0)
(3.10044e-31 -5.64839e-31 0)
(7.6776e-34 -2.62197e-33 0)
(-4.36241e-34 -7.25637e-34 0)
(-1.21245e-34 -2.50124e-34 0)
(-4.23046e-35 -4.95263e-35 0)
(-8.4693e-36 -9.4433e-36 0)
(-1.64414e-36 -1.46426e-36 0)
(-2.58919e-37 -2.15228e-37 0)
(-3.86078e-38 -2.82632e-38 0)
(-5.12949e-39 -3.52671e-39 0)
(-6.4624e-40 -4.0811e-40 0)
(-7.53693e-41 -4.50876e-41 0)
(-8.37919e-42 -4.70634e-42 0)
(-8.79155e-43 -4.71273e-43 0)
(-8.83985e-44 -4.50737e-44 0)
(-8.48328e-45 -4.1534e-45 0)
(-7.83804e-46 -3.68134e-46 0)
(-6.96226e-47 -3.15521e-47 0)
(-5.97723e-48 -2.61409e-48 0)
(-4.95855e-49 -2.10072e-49 0)
(-3.98852e-50 -1.63786e-50 0)
(-3.11172e-51 -1.24185e-51 0)
(-2.35286e-52 -9.1783e-53 0)
(-6.32498e-54 -9.2179e-54 0)
(1.60521e-52 -3.97925e-53 0)
(2.30412e-51 -5.74511e-52 0)
(3.20025e-50 -8.19602e-51 0)
(4.33199e-49 -1.14062e-49 0)
(5.70466e-48 -1.5478e-48 0)
(7.30594e-47 -2.04428e-47 0)
(9.07596e-46 -2.62743e-46 0)
(1.09374e-44 -3.2778e-45 0)
(1.27362e-43 -3.97004e-44 0)
(1.43443e-42 -4.65082e-43 0)
(1.55292e-41 -5.27578e-42 0)
(1.6204e-40 -5.76102e-41 0)
(1.61284e-39 -6.07457e-40 0)
(1.54125e-38 -6.12495e-39 0)
(1.38773e-37 -5.94935e-38 0)
(1.19463e-36 -5.47441e-37 0)
(9.47161e-36 -4.8547e-36 0)
(7.14478e-35 -4.02209e-35 0)
(4.70495e-34 -3.22832e-34 0)
(2.91295e-33 -2.33322e-33 0)
(1.31251e-32 -1.60574e-32 0)
(5.29287e-32 -8.36036e-32 0)
(2.69354e-34 3.30944e-34 0)
(-1.34221e-34 6.99669e-35 0)
(-3.66143e-35 4.71918e-36 0)
(-1.10821e-35 -8.35592e-37 0)
(-2.06807e-36 -4.31773e-37 0)
(-3.73724e-37 -9.41911e-38 0)
(-5.61136e-38 -1.69687e-38 0)
(-8.0211e-39 -2.53417e-39 0)
(-1.03231e-39 -3.47132e-40 0)
(-1.26479e-40 -4.30485e-41 0)
(-1.44211e-41 -5.02164e-42 0)
(-1.57146e-42 -5.47411e-43 0)
(-1.62098e-43 -5.68019e-44 0)
(-1.60517e-44 -5.59583e-45 0)
(-1.51994e-45 -5.28673e-46 0)
(-1.38735e-46 -4.78668e-47 0)
(-1.21897e-47 -4.17839e-48 0)
(-1.03607e-48 -3.5172e-49 0)
(-8.51686e-50 -2.86589e-50 0)
(-6.79293e-51 -2.26177e-51 0)
(-5.25838e-52 -1.73341e-52 0)
(-3.95797e-53 -1.29905e-53 0)
(-2.68589e-54 -2.18377e-54 0)
(2.92586e-54 -1.87064e-53 0)
(4.44044e-53 -2.7205e-52 0)
(6.13422e-52 -3.87701e-51 0)
(8.24639e-51 -5.38805e-50 0)
(1.07704e-49 -7.29865e-49 0)
(1.36585e-48 -9.61908e-48 0)
(1.67719e-47 -1.23304e-46 0)
(1.99347e-46 -1.53334e-45 0)
(2.28399e-45 -1.84999e-44 0)
(2.52312e-44 -2.15715e-43 0)
(2.6699e-43 -2.43326e-42 0)
(2.7105e-42 -2.63895e-41 0)
(2.61082e-41 -2.7594e-40 0)
(2.39693e-40 -2.75345e-39 0)
(2.05513e-39 -2.6395e-38 0)
(1.66443e-38 -2.38661e-37 0)
(1.22186e-37 -2.06688e-36 0)
(8.36399e-37 -1.65417e-35 0)
(4.84929e-36 -1.26582e-34 0)
(2.57742e-35 -8.53048e-34 0)
(9.39807e-35 -5.43267e-33 0)
(3.18146e-34 -2.55376e-32 0)
(1.44191e-33 4.79664e-33 0)
(-7.30827e-34 1.16666e-33 0)
(-1.79416e-34 2.4226e-34 0)
(-4.50097e-35 3.49735e-35 0)
(-7.34183e-36 4.90166e-36 0)
(-1.15974e-36 6.05347e-37 0)
(-1.55592e-37 7.31244e-38 0)
(-2.00601e-38 8.18521e-39 0)
(-2.35796e-39 8.86522e-40 0)
(-2.65985e-40 9.0601e-41 0)
(-2.81431e-41 8.93309e-42 0)
(-2.86289e-42 8.4045e-43 0)
(-2.77174e-43 7.63899e-44 0)
(-2.58768e-44 6.67529e-45 0)
(-2.3193e-45 5.64886e-46 0)
(-2.01073e-46 4.61984e-47 0)
(-1.68318e-47 3.66785e-48 0)
(-1.36674e-48 2.82498e-49 0)
(-1.07596e-49 2.11694e-50 0)
(-8.23678e-51 1.54339e-51 0)
(-6.13249e-52 1.09687e-52 0)
(-4.51253e-53 7.47544e-54 0)
(-1.26756e-53 -1.42929e-54 0)
(-1.39309e-52 -2.90311e-53 0)
(-1.98259e-51 -4.24766e-52 0)
(-2.75583e-50 -6.06458e-51 0)
(-3.73399e-49 -8.448e-50 0)
(-4.92259e-48 -1.14775e-48 0)
(-6.31239e-47 -1.51815e-47 0)
(-7.85312e-46 -1.95472e-46 0)
(-9.47966e-45 -2.44388e-45 0)
(-1.106e-43 -2.9677e-44 0)
(-1.24843e-42 -3.48744e-43 0)
(-1.35502e-41 -3.97075e-42 0)
(-1.41815e-40 -4.35526e-41 0)
(-1.41644e-39 -4.61673e-40 0)
(-1.35917e-38 -4.68527e-39 0)
(-1.2297e-37 -4.58712e-38 0)
(-1.06481e-36 -4.26391e-37 0)
(-8.50061e-36 -3.83058e-36 0)
(-6.46654e-35 -3.23024e-35 0)
(-4.30033e-34 -2.65149e-34 0)
(-2.69316e-33 -1.97351e-33 0)
(-1.22916e-32 -1.39821e-32 0)
(-5.02166e-32 -7.52423e-32 0)
(8.41657e-33 3.91041e-32 0)
(-4.40284e-33 8.41925e-33 0)
(-1.03157e-33 1.51765e-33 0)
(-2.3615e-34 1.93952e-34 0)
(-3.64097e-35 2.47029e-35 0)
(-5.44492e-36 2.84803e-36 0)
(-7.01223e-37 3.31273e-37 0)
(-8.73023e-38 3.62241e-38 0)
(-9.98021e-39 3.88291e-39 0)
(-1.09963e-39 3.94365e-40 0)
(-1.14078e-40 3.88261e-41 0)
(-1.14091e-41 3.65274e-42 0)
(-1.08837e-42 3.32751e-43 0)
(-1.00294e-43 2.91687e-44 0)
(-8.88502e-45 2.47961e-45 0)
(-7.62265e-46 2.0386e-46 0)
(-6.32037e-47 1.62863e-47 0)
(-5.08765e-48 1.26297e-48 0)
(-3.97319e-49 9.53599e-50 0)
(-3.0191e-50 7.00858e-51 0)
(-2.23229e-51 5.0242e-52 0)
(-1.63034e-52 3.4751e-53 0)
(-4.32459e-53 -3.57557e-54 0)
(-4.67415e-52 -8.97698e-53 0)
(-6.66129e-51 -1.32295e-51 0)
(-9.27748e-50 -1.90209e-50 0)
(-1.2602e-48 -2.66911e-49 0)
(-1.66656e-47 -3.65483e-48 0)
(-2.14535e-46 -4.87436e-47 0)
(-2.68159e-45 -6.33247e-46 0)
(-3.25556e-44 -7.99205e-45 0)
(-3.82463e-43 -9.80642e-44 0)
(-4.3533e-42 -1.16507e-42 0)
(-4.77295e-41 -1.34306e-41 0)
(-5.0567e-40 -1.4925e-40 0)
(-5.12682e-39 -1.6068e-39 0)
(-5.00995e-38 -1.65821e-38 0)
(-4.63748e-37 -1.65979e-37 0)
(-4.12928e-36 -1.58459e-36 0)
(-3.41741e-35 -1.48494e-35 0)
(-2.71376e-34 -1.32812e-34 0)
(-1.9101e-33 -1.19809e-33 0)
(-1.27038e-32 -1.00497e-32 0)
(-6.30718e-32 -8.24487e-32 0)
(-2.72393e-31 -5.12791e-31 0)
(5.47873e-32 1.8022e-31 0)
(-2.8552e-32 3.87452e-32 0)
(-5.46805e-33 4.80523e-33 0)
(-1.17851e-33 4.31789e-34 0)
(-1.6996e-34 3.17261e-35 0)
(-2.45771e-35 2.01914e-36 0)
(-3.05719e-36 1.22866e-37 0)
(-3.72241e-37 7.69659e-39 0)
(-4.16391e-38 5.50194e-40 0)
(-4.51546e-39 4.38594e-41 0)
(-4.61448e-40 3.7877e-42 0)
(-4.56038e-41 3.29015e-43 0)
(-4.30226e-42 2.84029e-44 0)
(-3.92795e-43 2.37866e-45 0)
(-3.44996e-44 1.94425e-46 0)
(-2.93789e-45 1.53953e-47 0)
(-2.41923e-46 1.18816e-48 0)
(-1.93554e-47 8.9097e-50 0)
(-1.50301e-48 6.51852e-51 0)
(-1.13627e-49 4.64635e-52 0)
(-8.36141e-51 3.24359e-53 0)
(-6.07303e-52 3.47704e-54 0)
(-1.51022e-52 1.96983e-53 0)
(-1.60518e-51 2.92803e-52 0)
(-2.30157e-50 4.28537e-51 0)
(-3.22635e-49 6.12743e-50 0)
(-4.4129e-48 8.54776e-49 0)
(-5.87818e-47 1.16295e-47 0)
(-7.62621e-46 1.54034e-46 0)
(-9.61056e-45 1.98597e-45 0)
(-1.17728e-43 2.48603e-44 0)
(-1.39611e-42 3.02266e-43 0)
(-1.60599e-41 3.55578e-42 0)
(-1.78031e-40 4.05264e-41 0)
(-1.9106e-39 4.44687e-40 0)
(-1.9629e-38 4.71167e-39 0)
(-1.94989e-37 4.76291e-38 0)
(-1.83473e-36 4.6097e-37 0)
(-1.67071e-35 4.1419e-36 0)
(-1.41247e-34 3.41693e-35 0)
(-1.16157e-33 2.28865e-34 0)
(-8.4356e-33 9.65521e-34 0)
(-6.01919e-32 -5.13416e-33 0)
(-3.16994e-31 -1.47743e-31 0)
(-1.69953e-30 -1.70677e-30 0)
(2.15138e-32 1.65786e-30 0)
(-1.11894e-32 2.34465e-31 0)
(-2.02204e-33 2.29491e-32 0)
(-4.28562e-34 1.69177e-33 0)
(-6.04529e-35 8.31204e-35 0)
(-8.65283e-36 1.03434e-36 0)
(-1.06361e-36 -4.32587e-37 0)
(-1.28559e-37 -7.40046e-38 0)
(-1.42695e-38 -9.14407e-39 0)
(-1.53875e-39 -9.75648e-40 0)
(-1.56369e-40 -9.781e-41 0)
(-1.53847e-41 -9.26568e-42 0)
(-1.44512e-42 -8.46641e-43 0)
(-1.31459e-43 -7.43426e-44 0)
(-1.1506e-44 -6.32745e-45 0)
(-9.76841e-46 -5.20735e-46 0)
(-8.02066e-47 -4.16387e-47 0)
(-6.40043e-48 -3.23166e-48 0)
(-4.95791e-49 -2.44191e-49 0)
(-3.73972e-50 -1.79599e-50 0)
(-2.74465e-51 -1.28824e-51 0)
(-1.77186e-52 -8.75214e-53 0)
(2.78205e-52 3.4365e-53 0)
(4.27189e-51 6.07653e-52 0)
(6.10911e-50 8.91718e-51 0)
(8.52149e-49 1.2777e-49 0)
(1.15925e-47 1.78635e-48 0)
(1.53522e-46 2.43621e-47 0)
(1.97902e-45 3.23501e-46 0)
(2.47681e-44 4.18252e-45 0)
(3.01072e-43 5.25119e-44 0)
(3.54075e-42 6.40571e-43 0)
(4.03461e-41 7.5619e-42 0)
(4.42701e-40 8.65255e-41 0)
(4.69461e-39 9.53299e-40 0)
(4.76152e-38 1.01453e-38 0)
(4.65698e-37 1.02907e-37 0)
(4.3099e-36 9.96817e-37 0)
(3.84247e-35 8.86348e-36 0)
(3.17763e-34 6.99964e-35 0)
(2.53435e-33 3.8481e-34 0)
(1.78523e-32 -2.95874e-34 0)
(1.21225e-31 -5.43221e-32 0)
(6.10306e-31 -9.6405e-31 0)
(2.94471e-30 -1.16486e-29 0)
(-7.77444e-32 8.68742e-31 0)
(4.04843e-32 1.26576e-31 0)
(7.65216e-33 1.27392e-32 0)
(1.64499e-33 9.70134e-34 0)
(2.3628e-34 5.24467e-35 0)
(3.41225e-35 1.4206e-36 0)
(4.23687e-36 -1.35404e-37 0)
(5.1541e-37 -2.93983e-38 0)
(5.7591e-38 -3.81619e-39 0)
(6.2408e-39 -4.13611e-40 0)
(6.37265e-40 -4.17079e-41 0)
(6.29412e-41 -3.96111e-42 0)
(5.93421e-42 -3.6242e-43 0)
(5.41512e-43 -3.18528e-44 0)
(4.75372e-44 -2.71296e-45 0)
(4.04631e-45 -2.23409e-46 0)
(3.3305e-46 -1.78738e-47 0)
(2.66355e-47 -1.38792e-48 0)
(2.06752e-48 -1.04921e-49 0)
(1.56247e-49 -7.7201e-51 0)
(1.14954e-50 -5.54144e-52 0)
(8.62152e-52 -4.0491e-53 0)
(6.2134e-52 -2.87707e-53 0)
(8.26392e-51 -3.91679e-52 0)
(1.18266e-49 -5.73592e-51 0)
(1.65215e-48 -8.21032e-50 0)
(2.25123e-47 -1.14663e-48 0)
(2.98654e-46 -1.56191e-47 0)
(3.85723e-45 -2.0714e-46 0)
(4.83728e-44 -2.67433e-45 0)
(5.89338e-43 -3.35254e-44 0)
(6.94776e-42 -4.08257e-43 0)
(7.93877e-41 -4.81006e-42 0)
(8.73673e-40 -5.49013e-41 0)
(9.29718e-39 -6.02728e-40 0)
(9.46478e-38 -6.3718e-39 0)
(9.29939e-37 -6.36731e-38 0)
(8.6478e-36 -5.93313e-37 0)
(7.75906e-35 -4.71467e-36 0)
(6.45846e-34 -2.45537e-35 0)
(5.20124e-33 1.47743e-34 0)
(3.6987e-32 6.99301e-33 0)
(2.55618e-31 1.3478e-31 0)
(1.30746e-30 1.82008e-30 0)
(6.59835e-30 1.85602e-29 0)
(-3.33154e-32 -6.89747e-31 0)
(1.73751e-32 -8.65028e-32 0)
(3.46796e-33 -7.42609e-33 0)
(7.57667e-34 -4.5532e-34 0)
(1.1102e-34 -8.17529e-36 0)
(1.61876e-35 2.17744e-36 0)
(2.03142e-36 4.50724e-37 0)
(2.48772e-37 5.86027e-38 0)
(2.79875e-38 6.69541e-39 0)
(3.04793e-39 6.95248e-40 0)
(3.12743e-40 6.89751e-41 0)
(3.10078e-41 6.50393e-42 0)
(2.9342e-42 5.92844e-43 0)
(2.68576e-43 5.19687e-44 0)
(2.36455e-44 4.41735e-45 0)
(2.01774e-45 3.63114e-46 0)
(1.66472e-46 2.90055e-47 0)
(1.33415e-47 2.24904e-48 0)
(1.03765e-48 1.69797e-49 0)
(7.85583e-50 1.24784e-50 0)
(5.78765e-51 8.94273e-52 0)
(4.06522e-52 5.87029e-53 0)
(-1.11976e-52 -5.47892e-53 0)
(-2.06894e-51 -8.85304e-52 0)
(-2.96931e-50 -1.29786e-50 0)
(-4.15426e-49 -1.85834e-49 0)
(-5.6697e-48 -2.59619e-48 0)
(-7.53439e-47 -3.53777e-47 0)
(-9.74912e-46 -4.69363e-46 0)
(-1.22504e-44 -6.06248e-45 0)
(-1.49579e-43 -7.60353e-44 0)
(-1.76754e-42 -9.26423e-43 0)
(-2.02505e-41 -1.09217e-41 0)
(-2.23493e-40 -1.24757e-40 0)
(-2.38621e-39 -1.37121e-39 0)
(-2.43778e-38 -1.4528e-38 0)
(-2.40552e-37 -1.45917e-37 0)
(-2.24702e-36 -1.37823e-36 0)
(-2.02803e-35 -1.14151e-35 0)
(-1.69817e-34 -7.11851e-35 0)
(-1.37974e-33 3.13327e-35 0)
(-9.89494e-33 1.05988e-32 0)
(-6.94518e-32 2.28213e-31 0)
(-3.60069e-31 3.19525e-30 0)
(-1.88466e-30 3.34787e-29 0)
(2.08393e-32 -6.04936e-32 0)
(-1.08577e-32 -1.29443e-32 0)
(-1.92148e-33 -1.21995e-33 0)
(-4.00715e-34 -6.22949e-35 0)
(-5.56248e-35 3.99614e-36 0)
(-7.86141e-36 1.30491e-36 0)
(-9.54611e-37 2.09645e-37 0)
(-1.14272e-37 2.59287e-38 0)
(-1.25702e-38 2.92591e-39 0)
(-1.34563e-39 3.03915e-40 0)
(-1.35829e-40 3.02424e-41 0)
(-1.32891e-41 2.86368e-42 0)
(-1.24189e-42 2.62035e-43 0)
(-1.12477e-43 2.3057e-44 0)
(-9.80518e-45 1.96637e-45 0)
(-8.29536e-46 1.62149e-46 0)
(-6.7894e-47 1.2989e-47 0)
(-5.40259e-48 1.00982e-48 0)
(-4.17415e-49 7.64238e-50 0)
(-3.14128e-50 5.62923e-51 0)
(-2.30344e-51 4.04393e-52 0)
(-1.92297e-52 2.84439e-53 0)
(-4.27493e-52 3.63593e-54 0)
(-6.09501e-51 2.62563e-53 0)
(-8.722e-50 3.93215e-52 0)
(-1.21791e-48 5.78811e-51 0)
(-1.65876e-47 8.32012e-50 0)
(-2.19948e-46 1.16818e-48 0)
(-2.83922e-45 1.59848e-47 0)
(-3.55865e-44 2.13341e-46 0)
(-4.33297e-43 2.76818e-45 0)
(-5.10493e-42 3.49884e-44 0)
(-5.82894e-41 4.28783e-43 0)
(-6.41002e-40 5.1206e-42 0)
(-6.81531e-39 5.93225e-41 0)
(-6.9319e-38 6.78292e-40 0)
(-6.8033e-37 7.73229e-39 0)
(-6.31948e-36 9.32118e-38 0)
(-5.66167e-35 1.23231e-36 0)
(-4.70578e-34 1.85274e-35 0)
(-3.78146e-33 2.93073e-34 0)
(-2.68362e-32 4.52045e-33 0)
(-1.84735e-31 6.14571e-32 0)
(-9.41742e-31 6.91298e-31 0)
(-4.70319e-30 5.75381e-30 0)
(2.53631e-33 -1.7751e-32 0)
(-1.35266e-33 -3.71302e-33 0)
(-3.07974e-34 -6.69075e-34 0)
(-6.59043e-35 -8.50958e-35 0)
(-9.70234e-36 -1.08122e-35 0)
(-1.38139e-36 -1.23846e-36 0)
(-1.71088e-37 -1.43073e-37 0)
(-2.05702e-38 -1.55207e-38 0)
(-2.28543e-39 -1.65201e-39 0)
(-2.45748e-40 -1.66656e-40 0)
(-2.49785e-41 -1.63138e-41 0)
(-2.45494e-42 -1.52672e-42 0)
(-2.30712e-43 -1.38453e-43 0)
(-2.09881e-44 -1.20871e-44 0)
(-1.83862e-45 -1.02388e-45 0)
(-1.56211e-46 -8.39077e-47 0)
(-1.2842e-47 -6.68457e-48 0)
(-1.02601e-48 -5.17058e-49 0)
(-7.95974e-50 -3.89531e-50 0)
(-6.01324e-51 -2.85713e-51 0)
(-4.42761e-52 -2.04332e-52 0)
(-3.90071e-53 -1.3064e-53 0)
(-1.1488e-52 1.80539e-53 0)
(-1.64166e-51 2.87052e-52 0)
(-2.33774e-50 4.22134e-51 0)
(-3.24729e-49 6.06564e-50 0)
(-4.39764e-48 8.5062e-49 0)
(-5.79588e-47 1.16389e-47 0)
(-7.43195e-46 1.55106e-46 0)
(-9.24859e-45 2.0132e-45 0)
(-1.11711e-43 2.53846e-44 0)
(-1.30478e-42 3.11128e-43 0)
(-1.47514e-41 3.69247e-42 0)
(-1.60481e-40 4.25084e-41 0)
(-1.68472e-39 4.71828e-40 0)
(-1.68991e-38 5.07142e-39 0)
(-1.63041e-37 5.22761e-38 0)
(-1.48641e-36 5.22266e-37 0)
(-1.29941e-35 4.98246e-36 0)
(-1.05174e-34 4.65921e-35 0)
(-8.13519e-34 4.16933e-34 0)
(-5.54754e-33 3.74842e-33 0)
(-3.57001e-32 3.14588e-32 0)
(-1.70425e-31 2.55043e-31 0)
(-7.17791e-31 1.57666e-30 0)
)
;

boundaryField
{
    leftWall
    {
        type            fixedValue;
        value           uniform (0 0 0);
    }
    rightWall
    {
        type            fixedValue;
        value           nonuniform 0();
    }
    lowerWall
    {
        type            fixedValue;
        value           nonuniform 0();
    }
    atmosphere
    {
        type            pressureInletOutletVelocity;
        value           nonuniform List<vector> 
45
(
(0 -1.7751e-32 0)
(0 -3.71302e-33 0)
(0 -6.69075e-34 0)
(0 -8.50958e-35 0)
(0 -1.08122e-35 0)
(0 -1.23846e-36 0)
(0 -1.43073e-37 0)
(0 -1.55207e-38 0)
(0 -1.65201e-39 0)
(0 -1.66656e-40 0)
(0 -1.63138e-41 0)
(0 -1.52672e-42 0)
(0 -1.38453e-43 0)
(0 -1.20871e-44 0)
(0 -1.02388e-45 0)
(0 -8.39077e-47 0)
(0 -6.68457e-48 0)
(0 -5.17058e-49 0)
(0 -3.89531e-50 0)
(0 -2.85713e-51 0)
(0 -2.04332e-52 0)
(0 -1.3064e-53 0)
(-1.1488e-52 1.80539e-53 0)
(-1.64166e-51 2.87052e-52 0)
(-2.33774e-50 4.22134e-51 0)
(-3.24729e-49 6.06564e-50 0)
(-4.39764e-48 8.5062e-49 0)
(-5.79588e-47 1.16389e-47 0)
(-7.43195e-46 1.55106e-46 0)
(-9.24859e-45 2.0132e-45 0)
(-1.11711e-43 2.53846e-44 0)
(-1.30478e-42 3.11128e-43 0)
(-1.47514e-41 3.69247e-42 0)
(-1.60481e-40 4.25084e-41 0)
(-1.68472e-39 4.71828e-40 0)
(-1.68991e-38 5.07142e-39 0)
(-1.63041e-37 5.22761e-38 0)
(-1.48641e-36 5.22266e-37 0)
(-1.29941e-35 4.98246e-36 0)
(-1.05174e-34 4.65921e-35 0)
(-8.13519e-34 4.16933e-34 0)
(-5.54754e-33 3.74842e-33 0)
(-3.57001e-32 3.14588e-32 0)
(-1.70425e-31 2.55043e-31 0)
(-7.17791e-31 1.57666e-30 0)
)
;
    }
    defaultFaces
    {
        type            empty;
    }
    procBoundary2to0
    {
        type            processor;
        value           nonuniform List<vector> 
46
(
(-1.13397e-32 9.98027e-33 0)
(-2.28661e-33 1.53384e-33 0)
(-3.59271e-34 2.22528e-34 0)
(-5.41161e-35 2.85149e-35 0)
(-7.17299e-36 3.49705e-36 0)
(-9.06514e-37 3.97602e-37 0)
(-1.05575e-37 4.33953e-38 0)
(-1.1753e-38 4.47896e-39 0)
(-1.23257e-39 4.4494e-40 0)
(-1.24062e-40 4.22527e-41 0)
(-1.19092e-41 3.87348e-42 0)
(-1.10161e-42 3.41797e-43 0)
(-9.79727e-44 2.92431e-44 0)
(-8.73887e-45 2.87544e-45 0)
(-3.08784e-45 5.09756e-45 0)
(-1.30985e-44 5.00721e-44 0)
(2.716e-45 4.95041e-43 0)
(1.41915e-42 4.70697e-42 0)
(2.78201e-41 4.36016e-41 0)
(3.88207e-40 3.89015e-40 0)
(4.66364e-39 3.42661e-39 0)
(4.98575e-38 2.92474e-38 0)
(4.89565e-37 2.5114e-37 0)
(4.43604e-36 2.09675e-36 0)
(3.71461e-35 1.77565e-35 0)
(-1.97638e-31 -1.21597e-31 0)
(-1.2328e-30 -7.85154e-31 0)
(-4.62717e-30 -3.93482e-30 0)
(-2.22646e-29 -5.24847e-31 0)
(-7.39345e-30 7.60991e-30 0)
(1.89116e-29 1.79033e-30 0)
(2.42906e-30 -4.64678e-30 0)
(-5.74342e-30 -3.77239e-31 0)
(6.7247e-31 2.72482e-30 0)
(8.91496e-30 1.81551e-30 0)
(1.0668e-29 3.24849e-31 0)
(1.10717e-29 -1.14039e-31 0)
(1.07664e-29 -3.26159e-31 0)
(9.27756e-30 -1.59575e-30 0)
(1.89314e-30 -1.63638e-30 0)
(8.32131e-32 -5.63359e-31 0)
(-1.3938e-30 -1.33403e-30 0)
(-7.31239e-30 -8.2903e-33 0)
(-1.47487e-30 1.27521e-30 0)
(-4.01155e-31 2.527e-31 0)
(-4.01155e-31 2.527e-31 0)
)
;
    }
    procBoundary2to3
    {
        type            processor;
        value           nonuniform List<vector> 
43
(
(1.33003e-33 4.71976e-38 0)
(2.91234e-34 -1.43621e-34 0)
(6.24564e-35 -3.43786e-35 0)
(9.73268e-36 -2.18115e-35 0)
(-1.71538e-35 -1.25425e-34 0)
(-5.676e-34 -1.07939e-33 0)
(-9.88824e-33 -7.55881e-33 0)
(-1.26317e-31 -5.71026e-32 0)
(-1.10934e-30 -2.53217e-31 0)
(-1.21675e-31 -1.95595e-30 0)
(2.09212e-32 -8.2439e-30 0)
(-6.08699e-33 -7.4883e-29 0)
(-6.39239e-32 1.65354e-30 0)
(-4.20408e-33 7.67415e-29 0)
(3.16201e-32 8.49941e-30 0)
(4.76325e-33 2.06258e-30 0)
(9.63065e-36 5.0009e-31 0)
(-4.43165e-33 1.96987e-30 0)
(-2.90952e-32 6.86267e-30 0)
(4.89743e-32 7.41157e-29 0)
(1.10056e-31 -1.01934e-28 0)
(-3.70233e-32 -1.86808e-28 0)
(-1.10357e-31 -1.48119e-29 0)
(3.92426e-32 7.43845e-29 0)
(1.10181e-31 -1.06855e-28 0)
(-7.52095e-32 -1.90399e-28 0)
(-8.46015e-32 7.55992e-29 0)
(1.4199e-32 3.97605e-30 0)
(-1.70544e-31 3.23135e-31 0)
(-1.54874e-30 -1.26536e-29 0)
(-1.81795e-31 -1.03964e-28 0)
(-5.69137e-32 -1.15463e-29 0)
(-7.31382e-33 -2.72497e-30 0)
(-9.8982e-34 -3.55416e-31 0)
(-1.51582e-36 -1.04945e-31 0)
(9.38062e-34 -3.23447e-31 0)
(5.95249e-33 -2.54654e-30 0)
(3.84055e-32 -9.05807e-30 0)
(-6.41966e-32 -9.77357e-29 0)
(-1.45647e-31 1.33608e-28 0)
(4.20146e-32 2.47843e-28 0)
(1.03758e-31 2.92299e-29 0)
(1.5557e-32 7.45061e-30 0)
)
;
    }
}


// ************************************************************************* //
