/*--------------------------------*- C++ -*----------------------------------*\
| =========                 |                                                 |
| \\      /  F ield         | OpenFOAM: The Open Source CFD Toolbox           |
|  \\    /   O peration     | Version:  2.4.0                                 |
|   \\  /    A nd           | Web:      www.OpenFOAM.org                      |
|    \\/     M anipulation  |                                                 |
\*---------------------------------------------------------------------------*/
FoamFile
{
    version     2.0;
    format      ascii;
    class       surfaceScalarField;
    location    "0.55";
    object      phi;
}
// * * * * * * * * * * * * * * * * * * * * * * * * * * * * * * * * * * * * * //

dimensions      [0 3 -1 0 0 0 0];

internalField   nonuniform List<scalar> 
3782
(
-6.4692e-40
9.28418e-38
-7.44842e-40
1.24606e-38
-1.89129e-40
2.05388e-39
-8.96163e-40
2.18484e-40
-1.0443e-38
-1.24622e-40
-9.0109e-38
-1.04719e-38
-9.39929e-37
-2.94087e-37
-4.33426e-36
-5.93911e-36
-4.26671e-35
-1.53735e-34
-2.26948e-34
-1.99974e-36
-1.35016e-34
3.83897e-35
-1.04492e-32
-4.89551e-36
1.06672e-32
-7.94343e-35
1.48471e-34
-3.28828e-36
2.34155e-34
3.96099e-35
4.79959e-35
4.03867e-36
4.85419e-35
-1.07155e-38
2.07307e-34
-3.84232e-36
-1.6657e-34
-3.92697e-35
1.15796e-32
5.63791e-35
-2.49971e-32
1.37138e-34
-4.37434e-34
-4.64172e-35
-7.65309e-34
-1.38494e-34
1.23002e-32
4.92595e-35
-2.64027e-32
1.40291e-34
-4.69993e-34
-9.57546e-35
1.31475e-32
-1.02139e-34
-1.36282e-32
3.95935e-35
1.36806e-32
6.26505e-37
-1.43991e-32
-1.67081e-34
-2.50536e-34
-9.23173e-36
-3.13676e-34
-5.34969e-35
-5.89334e-35
-5.47804e-36
-6.01459e-36
-7.48939e-37
-5.80647e-36
-2.70391e-40
-5.87804e-35
7.55265e-37
-2.7305e-34
5.13391e-36
2.16864e-34
5.18012e-35
-1.52579e-32
-7.38272e-35
3.2868e-32
-1.81037e-34
8.6454e-34
5.51866e-35
7.90991e-34
1.26531e-34
1.24285e-35
8.46399e-37
-6.58382e-39
6.16177e-36
-5.77414e-38
5.22617e-35
-5.25518e-37
-3.38437e-36
2.61707e-34
1.07974e-37
-7.48776e-39
7.59602e-37
-6.55035e-38
5.7915e-36
-5.9223e-37
-3.79669e-36
2.76156e-35
1.6661e-38
-1.01655e-39
1.03821e-37
-8.99732e-39
6.81141e-37
-7.72594e-38
-4.72561e-37
2.15197e-36
1.60447e-39
3.31516e-40
9.35241e-39
-7.80124e-40
5.49866e-38
-1.14619e-38
-6.5813e-38
1.2958e-37
2.06144e-41
5.74486e-39
7.63345e-40
7.16784e-39
5.01123e-39
1.56264e-40
-5.94125e-39
8.89325e-39
-6.66194e-39
4.19265e-38
-2.46882e-39
5.48426e-38
-6.6004e-40
9.15382e-39
8.9514e-40
4.00524e-40
-1.75451e-37
3.84104e-37
-4.29018e-38
5.05739e-37
-1.31263e-38
7.43656e-38
1.15059e-38
-2.06125e-39
-3.39025e-36
-1.83189e-37
-5.58841e-37
3.74513e-37
-1.13173e-37
5.69008e-38
9.17451e-39
-1.55763e-38
-7.19229e-36
-6.2697e-36
-5.29986e-36
-1.29303e-36
-1.01748e-36
-1.52155e-37
-1.95026e-38
-1.26117e-37
9.8185e-37
-3.00485e-35
1.6749e-37
-3.20569e-36
2.8734e-39
-2.61249e-37
-2.38364e-38
-1.51533e-39
4.18187e-35
-2.54735e-34
5.98205e-36
-1.74489e-35
9.09902e-37
-8.8394e-37
-2.68566e-38
1.03692e-37
-5.41245e-36
-2.25382e-34
-8.84533e-37
-1.51004e-35
-1.41722e-37
-7.46922e-37
-2.07941e-38
-1.71688e-38
-8.62738e-35
2.41094e-34
-1.24217e-35
1.62064e-35
-1.90805e-36
8.05294e-37
2.2838e-38
-2.19253e-37
-3.66964e-36
2.61023e-34
-6.30072e-37
1.78716e-35
-1.01881e-37
9.02627e-37
2.67219e-38
-1.25085e-38
4.30041e-35
3.04937e-35
6.17466e-36
2.78867e-36
9.46291e-37
1.9428e-37
1.29288e-38
1.08503e-37
4.48257e-36
6.58758e-36
7.44939e-37
9.35885e-37
1.191e-37
9.68979e-38
1.04829e-38
1.44405e-38
-1.11545e-38
6.57014e-36
-1.09601e-39
9.18504e-37
-7.41153e-41
9.36281e-38
1.00148e-38
4.84884e-42
-4.25783e-36
2.65732e-35
-7.00624e-37
2.02075e-36
-1.09929e-37
1.01682e-37
1.77933e-39
-1.31562e-38
-4.24914e-35
2.51648e-34
-5.95263e-36
1.58327e-35
-9.03092e-37
6.78472e-37
2.70757e-39
-1.02248e-37
6.14618e-35
-8.0636e-35
9.08551e-36
-7.18389e-36
1.4072e-36
-4.91395e-37
-3.19231e-38
1.63541e-37
1.48927e-34
-8.8386e-34
2.14226e-35
-6.0686e-35
3.28826e-36
-3.10411e-36
-9.91585e-38
3.77593e-37
-5.03935e-35
-6.14399e-34
-7.23438e-36
-4.3177e-35
-1.10815e-36
-2.29624e-36
-8.58138e-38
-1.27009e-37
-1.50348e-34
1.91688e-34
-2.15735e-35
9.54344e-36
-3.30563e-36
1.81367e-37
-3.71167e-38
-3.78932e-37
5.34739e-35
-9.2891e-35
7.67094e-36
-8.70486e-36
1.17392e-36
-6.35924e-37
-4.64393e-38
1.34452e-37
1.522e-34
-9.10936e-34
2.17364e-35
-6.22318e-35
3.32673e-36
-3.17465e-36
-1.01472e-37
3.80628e-37
-1.03882e-34
-3.4878e-34
-1.48353e-35
-2.47945e-35
-2.27312e-36
-1.32381e-36
-4.88502e-38
-2.60284e-37
-1.11028e-34
2.48989e-34
-1.60933e-35
1.52771e-35
-2.47641e-36
6.35957e-37
8.75843e-40
-2.85346e-37
4.2969e-35
1.56229e-35
5.91263e-36
9.67695e-37
8.86573e-37
1.66056e-38
-3.08772e-39
9.9084e-38
5.27943e-36
-3.47955e-35
8.74292e-37
-2.3316e-36
1.02285e-37
-9.20238e-38
4.98503e-39
9.48153e-39
4.77637e-35
-3.56714e-34
7.48644e-37
-2.55612e-35
-1.77958e-37
-1.40586e-36
-6.17065e-38
-3.37845e-38
-5.63534e-36
-3.5319e-34
-9.12156e-37
-2.54315e-35
-1.79405e-37
-1.41176e-36
-6.40214e-38
-2.43133e-38
-5.78984e-35
-4.10282e-35
-8.36316e-36
-3.86895e-36
-1.29408e-36
-2.8193e-37
-2.06162e-38
-1.49562e-37
-6.07559e-36
-8.03554e-36
-1.01435e-36
-1.14432e-36
-1.63651e-37
-1.18539e-37
-1.29105e-38
-1.9984e-38
-8.37418e-37
-9.2565e-37
-1.45706e-37
-1.50343e-37
-2.53997e-38
-1.73878e-38
-2.03848e-39
-3.24993e-39
-3.76489e-40
-8.8838e-37
-1.41032e-40
-1.408e-37
-4.97174e-41
-1.60179e-38
-1.84462e-39
-8.88415e-42
8.43319e-37
-7.86396e-36
1.45306e-37
-1.08426e-36
2.50592e-38
-1.09013e-37
-1.15408e-38
3.17625e-39
5.69058e-36
-3.49846e-35
9.37905e-37
-2.65425e-36
1.47506e-37
-1.32728e-37
-2.17128e-39
1.76872e-38
5.60528e-35
-3.3192e-34
7.85412e-36
-2.0886e-35
1.19168e-36
-8.94894e-37
-3.52643e-39
1.34936e-37
-8.04865e-35
1.03518e-34
-1.19016e-35
9.33835e-36
-1.84378e-36
6.47958e-37
4.31441e-38
-2.14327e-37
-1.96625e-34
1.16665e-33
-2.83098e-35
8.06758e-35
-4.3484e-36
4.1831e-36
1.42134e-37
-4.99654e-37
5.97883e-35
8.4365e-34
8.4529e-36
5.95141e-35
1.2906e-36
3.15822e-36
1.15364e-37
1.47076e-37
1.37546e-34
1.03773e-34
1.99296e-35
9.95638e-36
3.06623e-36
7.36693e-37
5.42812e-38
3.53229e-37
1.38042e-35
2.31121e-36
3.73151e-37
4.56446e-38
3.53682e-34
-2.89756e-35
9.31272e-33
-2.2948e-35
4.9634e-36
5.58477e-35
-9.26349e-33
5.5411e-35
-7.54135e-35
-2.64289e-35
1.28979e-34
-5.8446e-35
9.53632e-33
-2.98591e-35
3.91349e-34
2.59515e-35
2.71612e-34
2.94188e-35
4.85556e-35
3.47122e-36
4.93567e-36
4.8169e-37
5.02034e-37
4.63441e-38
-1.10736e-36
1.35442e-38
-9.28206e-36
8.69632e-38
-9.22165e-35
9.18045e-37
-4.95211e-34
6.46499e-36
-5.15319e-34
5.54066e-35
-1.87238e-32
2.29117e-35
9.0641e-33
-8.27626e-35
2.48616e-34
-6.19604e-35
9.76385e-33
-3.79403e-36
4.83198e-34
3.13302e-35
5.48533e-34
3.09256e-35
4.45759e-34
-2.30801e-35
9.58932e-33
-2.57677e-35
3.96506e-34
2.66429e-35
2.7233e-34
3.21723e-35
4.94692e-35
5.1505e-36
6.21289e-36
-1.20228e-36
1.01137e-35
-2.74845e-36
9.67832e-35
-1.10363e-36
5.41011e-34
-6.62386e-36
7.52929e-34
-5.32557e-35
1.89833e-32
7.29635e-35
8.42622e-34
8.17745e-35
-8.79223e-33
3.65493e-35
1.80775e-32
-8.85392e-36
-1.86344e-32
7.99324e-35
-4.76154e-34
6.99033e-37
-4.7634e-35
2.04801e-34
-3.20209e-35
3.43567e-34
-2.5261e-35
6.12348e-37
6.16871e-35
-3.38106e-34
6.11952e-35
-1.75912e-34
-2.9167e-35
1.81905e-34
-6.45993e-35
3.66968e-34
-3.30158e-35
2.09475e-34
2.86292e-35
2.87073e-35
3.25199e-35
5.3745e-36
3.89524e-36
6.08789e-37
5.42794e-37
6.31911e-38
5.25848e-38
-1.40211e-37
1.54061e-38
-1.14275e-36
9.86523e-38
-1.01457e-35
1.03415e-36
-5.21086e-35
7.25252e-36
-3.90761e-34
6.11902e-35
-5.29084e-34
2.52196e-35
-1.91002e-35
-9.14019e-35
3.62612e-34
-6.855e-35
3.90449e-34
-4.41814e-36
2.19214e-34
3.17968e-35
5.84298e-35
3.21803e-35
2.1597e-34
-2.82706e-35
3.72897e-34
-2.85873e-35
2.09765e-34
2.92495e-35
2.88417e-35
3.29051e-35
6.21091e-36
6.61117e-36
8.1285e-37
-2.17845e-36
8.87404e-37
-3.79566e-37
1.06116e-35
-1.09733e-36
5.66703e-35
-7.58795e-36
4.15456e-34
-6.17485e-35
7.25626e-34
-5.07536e-35
2.5685e-34
8.71648e-35
4.75364e-35
3.7499e-35
1.25532e-34
-1.14806e-35
-3.507e-34
8.55209e-35
-3.67811e-34
3.33879e-36
-5.08056e-35
1.04549e-35
-3.46778e-36
1.65823e-35
-2.63089e-36
8.41714e-38
6.65075e-36
-1.59275e-35
6.587e-36
-8.19509e-36
-3.1179e-36
8.9208e-36
-7.00901e-36
1.81818e-35
-3.59716e-36
1.09964e-35
3.0478e-36
2.23017e-36
3.53284e-36
6.40523e-37
4.85672e-37
8.35122e-38
7.08004e-38
9.68097e-39
7.28201e-39
-2.16342e-38
2.18764e-39
-1.55452e-37
1.36321e-38
-1.19842e-36
1.34488e-37
-3.83037e-36
9.01229e-37
-1.9832e-35
6.58629e-36
-2.59021e-35
2.62501e-36
-1.10417e-36
-9.84012e-36
1.76791e-35
-7.50192e-36
1.98046e-35
-5.49719e-37
1.21514e-35
3.45656e-36
4.58733e-36
3.64106e-36
1.17788e-35
-2.98299e-36
1.88974e-35
-3.03753e-36
1.10497e-35
3.13336e-36
2.24965e-36
3.59731e-36
7.31263e-37
9.52564e-37
1.13125e-37
-3.96831e-37
1.28591e-37
-6.35173e-38
1.21354e-36
-1.45793e-37
3.95602e-36
-9.36486e-37
2.12423e-35
-6.654e-36
3.69063e-35
-2.729e-36
1.46955e-35
9.32067e-36
3.35874e-36
4.18663e-36
5.71282e-36
-7.68331e-37
-1.75218e-35
9.13283e-36
-1.91337e-35
4.1103e-37
-5.43461e-36
3.88069e-37
-4.59199e-37
5.6383e-37
-3.44991e-37
7.62237e-39
8.81966e-37
-5.10301e-37
8.72431e-37
-2.5102e-37
-4.12607e-37
3.10867e-37
-9.30288e-37
6.46872e-37
-4.78975e-37
4.31207e-37
4.02084e-37
1.34251e-37
4.69352e-37
5.2122e-38
6.73716e-38
7.55402e-39
1.06379e-38
9.22969e-40
1.14679e-39
-2.07476e-39
3.59668e-40
-1.39958e-38
2.13943e-39
-9.6778e-38
2.01576e-38
-2.17389e-37
1.24217e-37
-7.34351e-37
8.72314e-37
-9.0499e-37
3.441e-37
-4.40091e-38
-1.30532e-36
6.06769e-37
-9.98822e-37
7.29899e-37
-7.72681e-38
5.22237e-37
4.54955e-37
2.81803e-37
4.61191e-37
4.98257e-37
-3.9529e-37
7.058e-37
-4.00786e-37
4.34389e-37
4.14729e-37
1.36381e-37
4.76409e-37
6.40067e-38
1.10512e-37
1.06203e-38
-3.26202e-38
9.62826e-39
-6.85192e-39
9.59522e-38
-2.12089e-38
2.14601e-37
-1.25711e-37
7.9327e-37
-8.65861e-37
1.39341e-36
-2.32318e-37
6.48972e-37
1.24941e-36
1.80572e-37
5.6284e-37
1.90102e-37
-1.11293e-37
-6.38669e-37
1.20834e-36
-7.59468e-37
6.37021e-38
-6.95321e-37
7.12896e-39
-4.03526e-38
4.27038e-39
-2.97854e-38
7.62424e-40
7.75071e-38
7.52648e-40
7.65777e-38
2.38198e-39
-3.612e-38
3.26234e-39
-8.19571e-38
8.7184e-39
-4.23242e-38
1.11051e-38
3.50906e-38
9.22519e-39
4.1386e-38
4.87091e-39
6.30626e-39
7.54624e-40
1.04141e-39
9.70188e-41
1.17099e-40
-2.18993e-40
3.76753e-41
-1.39171e-39
2.17958e-40
-8.99671e-39
1.96877e-39
-1.36858e-38
1.15828e-38
-1.35942e-38
7.65655e-38
-1.02244e-38
2.96979e-38
-8.74048e-40
-1.14679e-37
5.04175e-39
-8.83781e-38
1.32381e-38
-7.238e-39
1.95986e-38
4.01401e-38
1.97082e-38
4.18876e-38
1.73961e-38
-3.42621e-38
1.42645e-38
-3.49191e-38
1.14999e-38
3.63712e-38
9.44087e-39
4.22069e-38
5.91927e-39
1.13843e-38
1.06406e-39
-4.04855e-39
9.88783e-40
-7.96264e-40
8.64783e-39
-2.08298e-39
1.1423e-38
-1.15468e-38
1.41789e-38
-7.51952e-38
3.16681e-38
-1.66874e-38
2.69138e-38
1.10287e-37
1.06718e-38
5.05974e-38
1.66005e-39
-6.72485e-39
-1.15896e-38
1.05932e-37
-2.18565e-38
6.09897e-39
-6.12418e-38
-2.92017e-40
-3.73818e-39
-1.00183e-39
-2.85483e-39
6.16658e-41
7.53577e-39
1.38832e-39
7.43753e-39
8.97979e-40
-3.50635e-39
-4.58225e-40
-7.97079e-39
-7.56387e-40
-4.12529e-39
4.10659e-41
3.39897e-39
6.11308e-40
4.02762e-39
3.76796e-40
6.29836e-40
6.13314e-41
1.08722e-40
8.09432e-42
1.25721e-41
-1.83387e-41
4.14579e-42
-1.12808e-40
2.33503e-41
-6.93076e-40
2.05212e-40
-8.54707e-40
1.15224e-39
4.80098e-40
7.43605e-39
1.25709e-39
2.8641e-39
2.93067e-41
-1.11503e-38
-1.03833e-39
-8.61305e-39
-5.17776e-40
-7.28225e-40
6.85293e-40
3.8871e-39
1.33277e-39
4.00503e-39
5.42509e-40
-3.32297e-39
-3.2457e-40
-3.38195e-39
6.61495e-41
3.53196e-39
6.30639e-40
4.1042e-39
4.78089e-40
1.06746e-39
8.81944e-41
-3.30164e-40
7.05321e-41
-7.34084e-41
6.51462e-40
-2.12265e-40
6.0572e-40
-1.11513e-39
-5.89585e-40
-7.14363e-39
-2.59511e-40
-5.30728e-40
1.12492e-39
1.08698e-38
6.32472e-40
4.98362e-39
-2.78119e-40
-6.49177e-40
4.47665e-40
1.02896e-38
-3.40408e-40
6.44012e-40
-5.86182e-39
-3.47748e-40
1.00716e-39
-1.59584e-40
-9.29245e-41
1.85147e-42
6.07369e-40
1.59533e-40
5.88882e-40
9.84531e-41
-2.76693e-40
-6.20692e-41
-6.31438e-40
-1.11334e-40
-3.27469e-40
-2.48077e-41
2.67718e-40
4.67142e-41
3.19256e-40
3.10798e-41
5.16423e-41
5.18935e-42
9.16761e-42
6.99651e-43
1.08831e-42
-1.58893e-42
3.64939e-43
-9.52437e-42
2.01809e-42
-5.70418e-41
1.72774e-41
-6.31179e-41
9.42303e-41
9.22066e-41
5.87788e-40
1.73593e-40
2.24052e-40
5.91228e-42
-8.8207e-40
-1.34405e-40
-6.84137e-40
-9.50564e-41
-5.97156e-41
2.83782e-41
3.0838e-40
1.02472e-40
3.24305e-40
1.65361e-41
-2.60337e-40
-7.56128e-41
-2.66014e-40
-2.23878e-41
2.79189e-40
4.8356e-41
3.26486e-40
3.91053e-41
9.30969e-41
7.45085e-42
-3.23951e-41
5.97388e-42
-6.91953e-42
5.21595e-41
-1.78403e-41
3.3767e-41
-8.93235e-41
-1.1213e-40
-5.55445e-40
-1.08427e-40
7.30404e-42
6.63589e-41
8.67892e-40
4.67268e-41
4.01172e-40
-3.67771e-41
-3.58682e-41
8.16791e-41
8.1345e-40
1.81142e-41
5.36821e-41
-4.65433e-40
-1.93077e-39
1.02711e-39
-2.04244e-40
8.8204e-41
-1.91609e-41
5.82888e-41
1.07847e-41
4.92038e-41
7.49029e-42
-2.27172e-41
-5.01026e-42
-5.20422e-41
-9.10194e-42
-2.70303e-41
-2.42322e-42
2.20014e-41
3.27413e-42
2.63259e-41
2.24638e-42
4.33364e-42
3.84218e-43
7.88055e-43
5.24698e-44
9.51617e-44
-1.19445e-43
3.23642e-44
-7.04167e-43
1.76229e-43
-4.114e-42
1.48368e-42
-4.35965e-42
7.88927e-42
7.81671e-42
4.83981e-41
1.40386e-41
1.83515e-41
5.12618e-43
-7.26818e-41
-1.07634e-41
-5.64728e-41
-8.06349e-42
-5.03058e-42
1.37348e-42
2.53601e-41
7.24956e-42
2.65355e-41
6.2025e-43
-2.13979e-41
-6.51004e-42
-2.18566e-41
-2.2719e-42
2.29864e-41
3.40314e-42
2.69205e-41
2.90492e-42
7.60039e-42
5.57694e-43
-2.48792e-42
3.97028e-43
-5.63852e-43
3.67503e-42
-1.50258e-42
1.83061e-42
-7.24963e-42
-9.66949e-42
-4.46494e-41
-9.54285e-42
7.34674e-42
4.33383e-42
7.25395e-41
3.23981e-42
3.3449e-41
-2.8549e-42
-2.78692e-42
6.94536e-42
6.69869e-41
2.29156e-42
4.63781e-42
-3.80281e-41
-1.50677e-38
-2.0532e-39
-1.44298e-39
-1.922e-40
-1.41947e-40
-1.21573e-41
-1.12246e-41
2.20653e-42
-4.6561e-43
-1.74403e-42
-4.59659e-43
-3.77797e-42
-6.99549e-43
-1.9615e-42
-1.93825e-43
1.58773e-42
2.37556e-43
1.90801e-42
1.65006e-43
3.20953e-43
2.86148e-44
5.93496e-44
3.94966e-45
7.28854e-45
-9.00532e-45
2.50506e-45
-5.23825e-44
1.34833e-44
-3.01816e-43
1.11624e-43
-3.14517e-43
5.83334e-43
6.01832e-43
3.50117e-42
1.0662e-42
1.31817e-42
3.99176e-44
-5.26071e-42
-8.15001e-43
-4.09859e-42
-6.19367e-43
-3.72384e-43
8.5491e-44
1.83987e-42
5.26704e-43
1.95356e-42
3.02894e-44
-1.53772e-42
-5.02749e-43
-1.57559e-42
-1.81343e-43
1.66315e-42
2.47251e-43
1.95642e-42
2.12678e-43
5.86902e-43
4.14522e-44
-2.07288e-43
2.88427e-44
-4.58232e-44
2.62162e-43
-1.12352e-43
8.74596e-44
-5.22901e-43
-7.748e-43
-3.16501e-42
-7.14e-43
8.82216e-43
3.39326e-43
5.31076e-42
2.40959e-43
2.456e-42
-2.14041e-43
-1.35825e-43
5.32087e-43
4.84747e-42
1.9217e-43
3.46794e-43
-2.76196e-42
-5.00417e-40
-2.11715e-39
-6.75134e-41
-1.84575e-40
-8.5689e-42
-1.47021e-41
-7.92445e-43
-9.85611e-43
-4.41609e-44
-2.14492e-43
-3.24881e-44
-2.82438e-43
-4.72992e-44
-1.43829e-43
-1.32799e-44
1.1564e-43
1.57564e-44
1.39359e-43
1.10271e-44
2.37408e-44
1.94134e-45
4.45107e-45
2.69899e-46
5.52797e-46
-6.16382e-46
1.91606e-46
-3.55076e-45
1.02179e-45
-2.0142e-44
8.36581e-45
-2.07896e-44
4.30902e-44
4.07088e-44
2.55444e-43
7.17521e-44
9.57781e-44
2.73067e-45
-3.83997e-43
-5.48389e-44
-2.99602e-43
-4.20317e-44
-2.75985e-44
5.23266e-45
1.34199e-43
3.51314e-44
1.4229e-43
1.90723e-45
-1.11974e-43
-3.39518e-44
-1.14756e-43
-1.25215e-44
1.21335e-43
1.64429e-44
1.42944e-43
1.44962e-44
4.29308e-44
2.83056e-45
-1.47894e-44
1.76506e-45
-3.3662e-45
1.7044e-44
-8.27084e-45
3.4684e-45
-3.73896e-44
-5.40863e-44
-2.25027e-43
-4.67063e-44
9.89982e-44
2.414e-44
3.93306e-43
1.62338e-44
1.81247e-43
-1.40108e-44
-8.73342e-45
3.61794e-44
3.53691e-43
1.31712e-44
2.60685e-44
-2.00677e-43
1.01804e-38
4.57597e-40
8.70187e-40
1.47595e-40
7.35629e-41
1.417e-41
5.67329e-42
1.15732e-42
4.30803e-43
7.36814e-44
2.84997e-44
-1.27388e-44
-1.03602e-45
-9.20847e-45
-7.5197e-46
7.72168e-45
1.05269e-45
9.30487e-45
7.33963e-46
1.60882e-45
1.30399e-46
3.04722e-46
1.8235e-47
3.82776e-47
-4.16864e-47
1.33558e-47
-2.3828e-46
7.07025e-47
-1.33846e-45
5.72312e-46
-1.37489e-45
2.91689e-45
2.71658e-45
1.70302e-44
4.77815e-45
6.35248e-45
1.83553e-46
-2.56099e-44
-3.65143e-45
-2.00205e-44
-2.80435e-45
-1.8686e-45
3.39746e-46
8.96853e-45
2.32989e-45
9.61439e-45
1.21907e-46
-7.4267e-45
-2.26245e-45
-7.63055e-45
-8.38046e-46
8.09077e-45
1.09038e-45
9.56337e-45
9.64642e-46
2.99847e-45
1.89738e-46
-1.08842e-45
1.13031e-46
-2.43642e-46
1.09894e-45
-5.60594e-46
4.381e-47
-2.46016e-45
-3.75811e-45
-1.46519e-44
-2.96621e-45
8.48502e-45
1.77069e-45
2.65655e-44
1.10793e-45
1.22398e-44
-9.20575e-46
-3.38824e-46
2.41149e-45
2.35875e-44
8.82348e-46
1.77606e-45
-1.34255e-44
-1.75087e-39
6.34278e-40
-1.55893e-40
1.48505e-40
-1.35935e-41
1.39216e-41
-1.08113e-42
1.12548e-42
-8.3764e-44
8.06034e-44
-6.18454e-45
4.44638e-45
-6.21458e-46
-2.62e-46
-8.38243e-47
5.3248e-46
6.263e-47
6.17368e-46
4.53671e-47
1.07613e-46
8.16369e-48
2.054e-47
1.14717e-48
2.60008e-48
-2.62676e-48
9.118e-49
-1.49257e-47
4.79959e-48
-8.29174e-47
3.85494e-47
-8.47582e-47
1.94799e-46
1.68539e-46
1.12646e-45
2.95949e-46
4.18797e-46
1.14761e-47
-1.69448e-45
-2.26271e-46
-1.32624e-45
-1.74486e-46
-1.24995e-46
2.03301e-47
5.93411e-46
1.44502e-46
6.36531e-46
7.99365e-48
-4.90254e-46
-1.40064e-46
-5.03994e-46
-5.24709e-47
5.35145e-46
6.74774e-47
6.33468e-46
6.07423e-47
1.9992e-46
1.19374e-47
-7.20804e-47
6.3596e-48
-1.6361e-47
6.61009e-47
-3.7109e-47
-7.3233e-48
-1.58732e-46
-2.41084e-46
-9.4241e-46
-1.75834e-46
7.13051e-46
1.18163e-46
1.78366e-45
6.98552e-47
8.18271e-46
-5.56636e-47
-1.66358e-47
1.50322e-46
1.56027e-45
5.44609e-47
1.19809e-46
-8.86301e-46
-2.17598e-38
-6.31138e-40
-1.87678e-39
-1.55822e-40
-1.60332e-40
-1.47142e-41
-1.24709e-41
-1.19395e-42
-9.51824e-43
-8.65016e-44
-6.77617e-44
-6.13339e-45
-4.72068e-45
-4.38872e-46
-3.13163e-46
5.72792e-48
-1.59258e-47
3.65548e-47
1.56304e-48
6.63548e-48
4.30375e-49
1.28792e-48
6.67119e-50
1.64751e-49
-1.6261e-49
5.81089e-50
-9.18433e-49
3.04576e-49
-5.06403e-48
2.42671e-48
-5.15998e-48
1.21842e-47
1.03e-47
6.96703e-47
1.8068e-47
2.58003e-47
7.05286e-49
-1.04826e-46
-1.38163e-47
-8.21687e-47
-1.06685e-47
-7.81528e-48
1.22765e-48
3.67794e-47
8.81907e-48
3.97949e-47
4.93244e-49
-3.01944e-47
-8.54739e-48
-3.11078e-47
-3.21245e-48
3.31033e-47
4.1166e-48
3.92888e-47
3.72276e-48
1.2808e-47
7.33619e-49
-4.7984e-48
3.65026e-49
-1.07611e-48
3.90597e-48
-2.30893e-48
-1.14807e-48
-9.61658e-48
-1.53065e-47
-5.67408e-47
-1.01579e-47
5.23685e-47
7.87218e-48
1.11842e-46
4.38185e-48
5.11966e-47
-3.34855e-48
-2.31954e-49
9.18993e-48
9.65263e-47
3.32106e-48
7.52015e-48
-5.49883e-47
-1.27786e-39
-5.81798e-40
-1.14278e-40
-1.64257e-40
-9.95758e-42
-1.57284e-41
-7.9276e-43
-1.28156e-42
-6.14042e-44
-9.29919e-44
-4.44401e-45
-6.52501e-45
-3.13084e-46
-4.328e-46
-2.10042e-47
-2.57724e-47
-1.11943e-48
6.22674e-49
7.75791e-50
3.11255e-49
2.43296e-50
7.38962e-50
3.85426e-51
9.9066e-51
-9.51802e-51
3.59725e-51
-5.35545e-50
1.88788e-50
-2.92857e-49
1.49572e-49
-2.97319e-49
7.47219e-49
5.95914e-49
4.24e-48
1.04417e-48
1.56588e-48
4.10438e-50
-6.38073e-48
-7.98833e-49
-5.00666e-48
-6.18749e-49
-4.79573e-49
6.91604e-50
2.23987e-48
5.1061e-49
2.42784e-48
3.00601e-50
-1.83384e-48
-4.93658e-49
-1.89081e-48
-1.8717e-49
2.01456e-48
2.37917e-49
2.39435e-48
2.18162e-49
7.87801e-49
4.28828e-50
-2.95934e-49
1.88598e-50
-6.67509e-50
2.18525e-49
-1.39848e-49
-1.03573e-49
-5.6837e-49
-9.15553e-49
-3.34922e-48
-5.56865e-49
3.76283e-48
4.88322e-49
6.9094e-48
2.58615e-49
3.14736e-48
-1.89274e-49
8.53797e-51
5.33941e-49
5.87465e-48
1.91055e-49
4.63835e-49
-3.34467e-48
1.07485e-38
8.54955e-40
9.25632e-40
5.69007e-41
7.89781e-41
3.96048e-42
6.13646e-42
2.90501e-43
4.67953e-43
2.03115e-44
3.32849e-44
1.40374e-45
2.31176e-45
9.1739e-47
1.51987e-46
5.9877e-48
9.75105e-48
4.93126e-49
6.05544e-49
4.5441e-50
3.72516e-50
5.88806e-51
2.27939e-51
6.70329e-52
-4.29429e-52
2.16797e-52
-3.05019e-51
1.11018e-51
-1.66149e-50
8.74266e-51
-1.68242e-50
4.35122e-50
3.3819e-50
2.44782e-49
5.92107e-50
9.01205e-50
2.33989e-51
-3.68426e-49
-4.53091e-50
-2.89432e-49
-3.51437e-50
-2.79065e-50
3.87832e-51
1.29559e-49
2.89651e-50
1.41433e-49
1.73644e-51
-1.05497e-49
-2.79815e-50
-1.08981e-49
-1.06481e-50
1.16319e-49
1.34882e-50
1.3855e-49
1.24362e-50
4.6772e-50
2.44397e-51
-1.80994e-50
9.77149e-52
-4.04462e-51
1.19549e-50
-8.06322e-51
-8.19984e-51
-3.19401e-50
-5.3868e-50
-1.87583e-49
-2.96533e-50
2.47914e-49
2.98953e-50
4.04599e-49
1.50599e-50
1.83651e-49
-1.05644e-50
2.82832e-51
3.03396e-50
3.39227e-49
1.08108e-50
2.70532e-50
-1.93655e-49
1.4651e-39
1.01276e-39
1.30106e-40
8.5338e-41
1.12865e-41
6.6082e-42
8.9454e-43
5.05927e-43
6.90734e-44
3.60915e-44
4.98313e-45
2.5187e-45
3.4953e-46
1.66134e-46
2.32282e-47
1.06931e-47
1.50092e-48
6.64045e-49
9.31585e-50
4.0658e-50
5.65624e-51
2.52775e-51
3.34645e-52
1.61368e-52
-1.16542e-53
1.91172e-53
-1.65954e-52
6.40003e-53
-9.01723e-52
4.99139e-52
-9.10442e-52
2.47734e-51
1.83594e-51
1.38491e-50
3.21157e-51
5.08713e-51
1.27613e-52
-2.08468e-50
-2.4586e-51
-1.63915e-50
-1.91198e-51
-1.58871e-51
2.05785e-52
7.33697e-51
1.57378e-51
8.02926e-51
9.84125e-53
-5.95659e-51
-1.51693e-51
-6.15914e-51
-5.81543e-52
6.58099e-51
7.31743e-52
7.84936e-51
6.82561e-52
2.67792e-51
1.33639e-52
-1.04417e-51
4.60988e-53
-2.33646e-52
6.25128e-52
-4.52138e-52
-5.64562e-52
-1.74714e-51
-3.02163e-51
-1.02619e-50
-1.51048e-51
1.59373e-50
1.73161e-51
2.32387e-50
8.3541e-52
1.04917e-50
-5.61041e-52
2.34802e-52
1.65342e-51
1.91934e-50
5.83846e-52
1.54485e-51
-1.09609e-50
1.72059e-42
9.5859e-40
2.51387e-43
8.03455e-41
2.86742e-44
6.1931e-42
2.77188e-45
4.72785e-43
2.44412e-46
3.36294e-44
1.96677e-47
2.34208e-45
1.49179e-48
1.54162e-46
1.0608e-49
9.90074e-48
7.24481e-51
6.07556e-49
4.91942e-52
3.6365e-50
3.38087e-53
2.10075e-51
2.4158e-54
1.18794e-52
-1.49074e-54
7.0046e-54
-8.90536e-54
3.82782e-54
-4.79066e-53
2.72995e-53
-4.82596e-53
1.35154e-52
9.75509e-53
7.50387e-52
1.7053e-52
2.74945e-52
6.80615e-54
-1.12965e-51
-1.30583e-52
-8.89098e-52
-1.01697e-52
-8.65895e-53
1.07969e-53
3.9825e-52
8.36234e-53
4.38468e-52
5.33726e-54
-3.21759e-52
-8.05172e-53
-3.33272e-52
-3.09901e-53
3.56617e-52
3.88535e-53
4.26147e-52
3.6459e-53
1.48498e-52
7.12239e-54
-5.93136e-53
2.14813e-54
-1.31714e-53
3.18918e-53
-2.43346e-53
-3.68127e-53
-9.16078e-53
-1.6617e-52
-5.37378e-52
-7.45463e-53
9.62055e-52
9.84527e-53
1.27761e-51
4.55291e-53
5.7422e-52
-2.9296e-53
1.88996e-53
8.80132e-53
1.04014e-51
3.09215e-53
8.43024e-53
-5.95539e-52
-1.31488e-39
-2.78779e-40
-1.15679e-40
-4.0919e-41
-9.94526e-42
-3.689e-42
-7.83434e-43
-2.97752e-43
-6.01647e-44
-2.17607e-44
-4.32338e-45
-1.53682e-45
-3.02237e-46
-1.02372e-46
-2.00358e-47
-6.63002e-48
-1.29138e-48
-4.1004e-49
-7.96428e-50
-2.4669e-50
-4.77723e-51
-1.42713e-51
-2.75923e-52
-8.03477e-53
-1.55987e-53
-4.34541e-54
-1.30232e-54
-4.55916e-56
-2.49636e-54
1.44342e-54
-2.466e-54
7.20084e-54
4.99274e-54
3.97733e-53
8.72184e-54
1.45448e-53
3.49661e-55
-5.98792e-53
-6.68139e-54
-4.71646e-53
-5.21527e-54
-4.6113e-54
5.41444e-55
2.1132e-53
4.28393e-54
2.33334e-53
2.83332e-55
-1.70202e-53
-4.11635e-54
-1.76478e-53
-1.59463e-54
1.89021e-53
1.98773e-54
2.2617e-53
1.88409e-54
7.9693e-54
3.66374e-55
-3.21532e-54
9.09427e-56
-7.13216e-55
1.5649e-54
-1.27403e-54
-2.22184e-54
-4.6718e-54
-8.78162e-54
-2.74395e-53
-3.53435e-54
5.65994e-53
5.35197e-54
6.87523e-53
2.38351e-54
3.07228e-53
-1.46785e-54
1.21548e-54
4.521e-54
5.51343e-53
1.57499e-54
4.497e-54
-3.15988e-53
-1.00575e-38
-2.85174e-39
-8.59235e-40
-3.5279e-40
-7.29449e-41
-3.0197e-41
-5.63658e-42
-2.38451e-42
-4.28209e-43
-1.71393e-43
-3.03356e-44
-1.19802e-44
-2.10075e-45
-7.89727e-46
-1.37699e-46
-5.07569e-47
-8.80129e-48
-3.11429e-48
-5.37733e-49
-1.86218e-49
-3.20147e-50
-1.0708e-50
-1.83434e-51
-6.00137e-52
-1.02445e-52
-3.25099e-53
-5.55548e-54
-1.70808e-54
-4.1412e-55
-1.32266e-56
-1.37965e-55
3.65603e-55
2.49164e-55
2.03195e-54
4.36272e-55
7.41589e-55
1.75554e-56
-3.05957e-54
-3.3433e-55
-2.41192e-54
-2.6135e-55
-2.36655e-55
2.67476e-56
1.08154e-54
2.14498e-55
1.20054e-54
1.44913e-56
-8.67255e-55
-2.05854e-55
-9.00666e-55
-8.00736e-56
9.65855e-55
9.94473e-56
1.1576e-54
9.48476e-56
4.15325e-55
1.83764e-56
-1.71e-55
3.71806e-57
-3.76853e-56
7.48365e-56
-6.43825e-56
-1.29064e-55
-2.2961e-55
-4.54295e-55
-1.34906e-54
-1.61965e-55
3.17e-54
2.84856e-55
3.56525e-54
1.22328e-55
1.58491e-54
-7.21502e-56
7.69449e-56
2.26791e-55
2.81743e-54
7.85603e-56
2.30886e-55
-1.61883e-54
1.63123e-38
-2.06276e-39
1.41618e-39
-1.34867e-40
1.21418e-40
-9.32259e-42
9.48532e-42
-6.82446e-43
7.25954e-43
-4.77438e-44
5.18392e-44
-3.30301e-45
3.61066e-45
-2.16404e-46
2.38104e-46
-1.38568e-47
1.52895e-47
-8.47144e-49
9.38594e-49
-5.05135e-50
5.60929e-50
-2.89625e-51
3.2263e-51
-1.61936e-52
1.80747e-52
-8.75105e-54
9.79131e-54
-4.60904e-55
5.11251e-55
-1.98463e-56
2.05604e-56
1.73868e-56
1.34344e-56
1.01453e-55
2.11918e-56
3.69794e-56
8.56397e-58
-1.52834e-55
-1.61951e-56
-1.20565e-55
-1.26858e-56
-1.18641e-56
1.27197e-57
5.40903e-56
1.04028e-56
6.02299e-56
7.24876e-58
-4.32354e-56
-9.96447e-57
-4.49514e-56
-3.89862e-57
4.82465e-56
4.81712e-57
5.78975e-56
4.63558e-57
2.10076e-56
8.93396e-58
-8.74682e-57
1.3359e-58
-1.92299e-57
3.4565e-57
-3.16725e-57
-7.10324e-57
-1.09747e-56
-2.27105e-56
-6.46286e-56
-7.13971e-57
1.73018e-55
1.45995e-56
1.80826e-55
6.06591e-57
7.98961e-56
-3.42308e-57
4.38209e-57
1.10263e-56
1.40743e-55
3.78891e-57
1.15828e-56
-8.09843e-56
3.74525e-38
9.35717e-40
3.2287e-39
4.60729e-40
2.75716e-40
4.55881e-41
2.14382e-41
3.74297e-42
1.63577e-42
2.71935e-43
1.1641e-43
1.90663e-44
8.08848e-45
1.25776e-45
5.32002e-46
8.085e-47
3.40941e-47
4.96051e-48
2.08863e-48
2.96593e-49
1.24616e-49
1.70534e-50
7.15533e-51
9.55696e-52
4.00296e-52
5.17689e-53
2.16559e-53
2.73496e-54
1.1421e-54
1.40364e-55
5.8203e-56
7.91583e-57
3.49595e-57
5.2521e-57
1.14261e-57
1.80215e-57
4.72901e-59
-7.3928e-57
-7.66866e-58
-5.83668e-57
-6.018e-58
-5.75874e-58
5.94602e-59
2.62093e-57
4.9316e-58
2.93236e-57
3.51038e-59
-2.08638e-57
-4.7175e-58
-2.17247e-57
-1.85344e-58
2.33413e-57
2.28172e-58
2.80525e-57
2.20953e-58
1.03411e-57
4.2384e-59
-4.38196e-58
4.30447e-60
-9.5791e-59
1.55503e-58
-1.50994e-58
-3.78605e-58
-5.07357e-58
-1.1108e-57
-2.99289e-57
-3.03124e-58
9.06858e-57
7.31885e-58
8.88012e-57
2.94611e-58
3.90114e-57
-1.59154e-58
2.4454e-58
5.23717e-58
6.80944e-57
1.78865e-58
5.62103e-58
-3.92805e-57
-1.25757e-38
-1.04357e-39
-1.08261e-39
1.75787e-40
-9.23428e-41
2.04817e-41
-7.17304e-42
1.74383e-42
-5.46882e-43
1.27887e-43
-3.8892e-44
8.99005e-45
-2.70083e-45
5.93359e-46
-1.77554e-46
3.8143e-47
-1.13743e-47
2.33988e-48
-6.96551e-49
1.39882e-49
-4.15472e-50
8.04132e-51
-2.38501e-51
4.50575e-52
-1.334e-52
2.44026e-53
-7.21568e-54
1.28898e-54
-3.80598e-55
6.60648e-56
-1.94949e-56
3.34721e-57
-9.46959e-58
3.93093e-58
-1.29887e-60
9.1995e-59
-3.77316e-61
-3.49344e-58
-3.54109e-59
-2.76218e-58
-2.77524e-59
-2.73127e-59
2.6892e-60
1.24126e-58
2.27221e-59
1.39327e-58
1.66247e-60
-9.84912e-59
-2.16962e-59
-1.02675e-58
-8.56976e-60
1.10402e-58
1.0501e-59
1.32847e-58
1.02517e-59
4.95216e-59
1.95508e-60
-2.12293e-59
9.52713e-62
-4.62649e-60
6.77473e-60
-7.01429e-60
-1.93477e-59
-2.28125e-59
-5.2713e-59
-1.35014e-58
-1.23519e-59
4.63431e-58
3.55078e-59
4.26506e-58
1.38827e-59
1.86177e-58
-7.17285e-60
1.27784e-59
2.41861e-59
3.22093e-58
8.19627e-60
2.66586e-59
-1.86127e-58
-3.7534e-38
-5.99497e-39
-3.23189e-39
-5.90104e-40
-2.75739e-40
-4.77236e-41
-2.14225e-41
-3.70123e-42
-1.63355e-42
-2.64405e-43
-1.16185e-43
-1.84388e-44
-8.06929e-45
-1.21383e-45
-5.30521e-46
-7.79502e-47
-3.39882e-47
-4.77904e-48
-2.08151e-48
-2.85588e-49
-1.24161e-49
-1.64118e-50
-7.12764e-51
-9.19349e-52
-3.98677e-52
-4.97785e-53
-2.15649e-53
-2.62883e-54
-1.13742e-54
-1.34694e-55
-5.82245e-56
-6.73494e-57
-2.90779e-57
-3.17169e-58
-1.39367e-58
-1.17174e-59
-6.63431e-60
-1.67958e-59
-1.90076e-60
-1.27373e-59
-1.26511e-60
-1.26008e-60
1.18817e-61
5.71424e-60
1.0238e-60
6.44217e-60
7.64923e-62
-4.51664e-60
-9.76213e-61
-4.71533e-60
-3.87209e-61
5.07469e-60
4.72747e-61
6.11492e-60
4.6442e-61
2.31205e-60
8.80858e-62
-1.00671e-60
-9.27185e-65
-2.18281e-61
2.87356e-61
-3.16693e-61
-9.60785e-61
-9.94399e-61
-2.44765e-60
-5.90301e-60
-4.8128e-61
2.28768e-59
1.68471e-60
1.9904e-59
6.40602e-61
8.6351e-60
-3.16682e-61
6.52769e-61
1.09188e-60
1.48061e-59
3.67648e-61
1.22759e-60
-8.57747e-60
1.3303e-38
-3.41377e-39
1.14467e-39
-2.46807e-40
9.75932e-41
-1.79495e-41
7.57848e-42
-1.34223e-42
5.77637e-43
-9.48374e-44
4.10707e-44
-6.59171e-45
2.85165e-45
-4.33516e-46
1.87443e-46
-2.78308e-47
1.20066e-47
-1.70605e-48
7.35209e-49
-1.01943e-49
4.38502e-50
-5.85794e-51
2.51709e-51
-3.28126e-52
1.40783e-52
-1.77655e-53
7.61485e-54
-9.38153e-55
4.01633e-55
-4.80659e-56
2.05593e-56
-2.40386e-57
1.02725e-57
-1.165e-58
5.00358e-59
-5.38809e-60
2.37632e-60
-9.80457e-61
4.02141e-62
-5.83169e-61
-4.99772e-62
-5.72227e-62
5.37263e-63
2.5723e-61
4.49605e-62
2.9098e-61
3.4435e-63
-2.02675e-61
-4.27856e-62
-2.11846e-61
-1.70554e-62
2.28152e-61
2.07337e-62
2.75247e-61
2.05219e-62
1.05217e-61
3.86801e-63
-4.63471e-62
-2.10213e-64
-1.00154e-62
1.18203e-62
-1.39469e-62
-4.60694e-62
-4.21591e-62
-1.10599e-61
-2.51366e-61
-1.78342e-62
1.10192e-60
7.76403e-62
9.0877e-61
2.87684e-62
3.91653e-61
-1.35957e-62
3.18076e-62
4.80444e-62
6.65699e-61
1.60545e-62
5.52715e-62
-3.86419e-61
3.76777e-38
9.07787e-40
3.24076e-39
4.64496e-40
2.76352e-40
4.59876e-41
2.14544e-41
3.77526e-42
1.63526e-42
2.74137e-43
1.16242e-43
1.92145e-44
8.07016e-45
1.26702e-45
5.30341e-46
8.14247e-47
3.39652e-47
4.99431e-48
2.07933e-48
2.98558e-49
1.23994e-49
1.71628e-50
7.11575e-51
9.61697e-52
3.97903e-52
5.20863e-53
2.15169e-53
2.75145e-54
1.13461e-54
1.41014e-55
5.80652e-56
7.0547e-57
2.90038e-57
3.43413e-58
1.40992e-58
1.6339e-59
6.69604e-60
7.25724e-61
3.07143e-61
9.30448e-63
1.16857e-62
-9.66799e-64
8.39754e-64
1.13519e-62
1.9582e-63
1.28206e-62
1.52115e-64
-8.8586e-63
-1.8355e-63
-9.27263e-63
-7.34744e-64
9.99415e-63
8.90015e-64
1.20729e-62
8.86397e-64
4.67521e-63
1.66059e-64
-2.08854e-63
-1.75695e-65
-4.4926e-64
4.7303e-64
-5.98278e-64
-2.15154e-63
-1.73501e-63
-4.89181e-63
-1.03901e-62
-6.20421e-64
5.14843e-62
3.50023e-63
4.04228e-62
1.26534e-63
1.73083e-62
-5.71802e-64
1.51423e-63
2.06814e-63
2.91625e-62
6.86493e-64
2.423e-63
-1.69706e-62
-2.57934e-38
-4.70813e-40
-2.22014e-39
1.16469e-40
-1.89459e-40
1.31686e-41
-1.47163e-41
1.11918e-42
-1.12225e-42
8.24034e-44
-7.98064e-44
5.82302e-45
-5.54259e-45
3.86502e-46
-3.64345e-46
2.49866e-47
-2.33403e-47
1.54148e-48
-1.42919e-48
9.26705e-50
-8.52416e-50
5.35705e-51
-4.89266e-51
3.01836e-52
-2.73631e-52
1.64374e-53
-1.47986e-53
8.73026e-55
-7.80432e-55
4.49853e-56
-3.99433e-56
2.26266e-57
-1.99534e-57
1.10727e-58
-9.7e-59
5.29451e-60
-4.60704e-60
2.45469e-61
-2.13521e-61
1.01799e-62
-9.7656e-63
3.94377e-64
-4.18773e-64
5.06362e-64
6.24824e-65
5.53038e-64
5.69434e-66
-3.79033e-64
-7.68981e-65
-3.97273e-64
-3.09149e-65
4.28462e-64
3.72956e-65
5.1818e-64
3.74063e-65
2.0282e-64
6.96134e-66
-9.16386e-65
-1.11299e-66
-1.96442e-65
1.83631e-65
-2.50576e-65
-9.74762e-65
-6.94219e-65
-2.11036e-64
-4.18114e-64
-1.98973e-65
2.34932e-63
1.53692e-64
1.76008e-63
5.42913e-65
7.48495e-64
-2.34411e-65
6.94544e-65
8.69364e-65
1.2503e-63
2.86415e-65
1.03926e-64
-7.29158e-64
-2.83516e-38
-2.84885e-39
-2.44951e-39
-3.42068e-40
-2.09478e-40
-2.88785e-41
-1.63151e-41
-2.25119e-42
-1.24645e-42
-1.59975e-43
-8.88272e-44
-1.10431e-44
-6.17915e-45
-7.19263e-46
-4.06916e-46
-4.56298e-47
-2.6106e-47
-2.76407e-48
-1.60105e-48
-1.63031e-49
-9.56226e-50
-9.24751e-51
-5.49628e-51
-5.10858e-52
-3.07784e-52
-2.72745e-53
-1.66676e-53
-1.41915e-54
-8.80065e-55
-7.16227e-56
-4.50981e-56
-3.5259e-57
-2.25548e-57
-1.68818e-58
-1.09775e-58
-7.89176e-60
-5.21969e-60
-3.59617e-61
-2.42051e-61
-1.60543e-62
-1.09804e-62
-7.00361e-64
-4.85899e-64
-9.276e-66
-1.77584e-65
2.20027e-65
-6.23056e-67
-1.58832e-65
-3.18988e-66
-1.66184e-65
-1.27471e-66
1.79331e-65
1.53059e-66
2.17152e-65
1.54459e-66
8.60211e-66
2.85576e-67
-3.93694e-66
-6.08153e-68
-8.4044e-67
6.92481e-67
-1.02398e-66
-4.30886e-66
-2.69694e-66
-8.91639e-66
-1.63415e-65
-5.59154e-67
1.04307e-64
6.60516e-66
7.48154e-65
2.2824e-66
3.16014e-65
-9.41633e-67
3.11316e-66
3.57795e-66
5.23339e-65
1.17072e-66
4.34941e-66
-3.05978e-65
9.61949e-39
-4.88045e-40
8.10905e-40
-2.94843e-41
6.78487e-41
-1.20352e-42
5.16836e-42
4.85161e-44
3.8657e-43
1.21051e-44
2.69687e-44
1.58923e-45
1.83702e-45
1.48652e-46
1.18451e-46
1.27748e-47
7.44014e-48
9.68458e-49
4.46681e-49
7.00063e-50
2.61083e-50
4.69413e-51
1.4683e-51
3.03139e-52
8.04161e-53
1.85465e-53
4.25769e-54
1.09795e-54
2.19687e-55
6.22801e-56
1.09963e-56
3.42866e-57
5.36869e-58
1.82118e-58
2.5494e-59
9.40969e-60
1.18192e-60
4.71262e-61
5.3403e-62
2.29995e-62
2.35768e-63
1.09161e-63
1.01635e-64
5.14167e-65
4.41692e-66
3.24156e-66
1.87594e-67
-5.46953e-67
-1.19316e-67
-6.76369e-67
-5.10081e-68
7.35278e-67
6.14354e-68
8.91141e-67
6.2399e-68
3.56694e-67
1.14567e-68
-1.65052e-67
-3.07119e-69
-3.51151e-68
2.53e-68
-4.08927e-68
-1.85378e-67
-1.01754e-67
-3.68108e-67
-6.21216e-67
-1.20347e-68
4.5273e-66
2.77062e-67
3.11501e-66
9.37726e-68
1.30653e-66
-3.69385e-68
1.35265e-67
1.44017e-67
2.14533e-66
4.67728e-68
1.78224e-67
-1.25716e-66
4.34875e-40
1.22873e-39
4.06514e-42
1.48686e-40
-3.67771e-42
1.33788e-41
-5.50981e-43
1.17089e-42
-6.68117e-44
9.14394e-44
-6.3512e-45
7.03253e-45
-5.68012e-46
5.01452e-46
-4.52333e-47
3.50116e-47
-3.45216e-48
2.30724e-48
-2.44364e-49
1.48383e-49
-1.66773e-50
9.10691e-51
-1.07642e-51
5.44825e-52
-6.72133e-53
3.13368e-53
-4.01363e-54
1.7569e-54
-2.3245e-55
9.51948e-56
-1.29664e-56
5.03061e-57
-7.0296e-58
2.579e-58
-3.68849e-59
1.29058e-59
-1.88442e-60
6.28324e-61
-9.35058e-62
2.98876e-62
-4.52481e-63
1.38621e-63
-2.13224e-64
6.29103e-65
-9.80731e-66
2.82434e-66
-4.40206e-67
9.49002e-68
-2.4318e-68
-2.2143e-68
-2.85454e-69
2.96776e-68
2.3809e-69
3.57703e-68
2.46744e-69
1.44766e-68
4.50112e-70
-6.77866e-69
-1.453e-70
-1.43671e-69
8.95173e-70
-1.59546e-69
-7.79282e-69
-3.72322e-69
-1.48926e-68
-2.29216e-68
-5.39102e-71
1.9164e-67
1.1382e-68
1.26821e-67
3.77678e-69
5.28213e-68
-1.42039e-69
5.74697e-69
5.67993e-69
8.59961e-68
1.83181e-69
7.13806e-69
-5.05223e-68
-7.02392e-39
-1.97658e-39
-8.11337e-40
-3.86387e-41
-9.62993e-41
-3.13477e-43
-9.10512e-42
-5.38537e-44
-8.53789e-43
-9.35837e-45
-7.04069e-44
-1.25764e-45
-5.68268e-45
-1.19966e-46
-4.20915e-46
-1.04742e-47
-3.03583e-47
-8.00945e-49
-2.05512e-48
-5.82846e-50
-1.35251e-49
-3.92411e-51
-8.46692e-51
-2.54262e-52
-5.15307e-52
-1.55907e-53
-3.00901e-53
-9.24729e-55
-1.7095e-54
-5.25241e-56
-9.37308e-56
-2.89494e-57
-5.00556e-57
-1.53898e-58
-2.59067e-58
-7.95756e-60
-1.30751e-59
-3.98757e-61
-6.41534e-61
-1.94719e-62
-3.07311e-62
-9.246e-64
-1.43456e-63
-4.28495e-65
-6.54529e-65
-1.93442e-66
-2.91569e-66
-8.64988e-68
-1.27271e-67
-4.75723e-69
-5.49422e-69
1.00188e-69
-1.33028e-70
1.39997e-69
8.6439e-71
5.74815e-70
1.69497e-71
-2.72158e-70
-6.5806e-72
-5.74931e-71
3.05668e-71
-6.0879e-71
-3.19602e-70
-1.31972e-70
-5.89587e-70
-8.20946e-70
1.42325e-71
7.93753e-69
4.5714e-70
5.06079e-69
1.48874e-70
2.09271e-69
-5.34146e-71
2.37625e-70
2.19361e-70
3.37837e-69
7.02204e-71
2.80115e-70
-1.9895e-69
-2.95972e-39
-2.29108e-39
-2.95357e-40
-7.08242e-41
-2.94999e-41
-3.10066e-42
-2.58891e-42
-2.90222e-43
-2.23613e-43
-2.76455e-44
-1.76326e-44
-2.64376e-45
-1.35757e-45
-2.18208e-46
-9.76137e-47
-1.72692e-47
-6.83046e-48
-1.24658e-48
-4.52801e-49
-8.67537e-50
-2.91844e-50
-5.66461e-51
-1.79898e-51
-3.57881e-52
-1.07845e-52
-2.1532e-53
-6.22366e-54
-1.25661e-54
-3.49585e-55
-7.04612e-56
-1.89923e-56
-3.84017e-57
-1.00538e-57
-2.02259e-58
-5.16556e-59
-1.03724e-59
-2.589e-60
-5.16134e-61
-1.26283e-61
-2.50458e-62
-6.01562e-63
-1.18279e-63
-2.79466e-64
-5.45463e-65
-1.2693e-65
-2.45353e-66
-5.63185e-67
-1.07948e-67
-2.44619e-68
-4.67839e-69
-1.04174e-69
-1.50534e-70
-3.97093e-71
4.61278e-71
1.87315e-72
2.20576e-71
5.82823e-73
-1.07226e-71
-2.87189e-73
-2.25515e-72
1.00401e-72
-2.27187e-72
-1.28232e-71
-4.52123e-72
-2.2888e-71
-2.84692e-71
1.16738e-72
3.21219e-70
1.79936e-71
1.97735e-70
5.756e-72
8.11795e-71
-1.96981e-72
9.61519e-72
8.307e-72
1.29949e-70
2.64029e-72
1.07589e-71
-7.6723e-71
-1.49706e-38
-1.52935e-39
-1.3002e-39
-1.14065e-40
-1.12033e-40
-8.56756e-42
-8.77905e-42
-6.66831e-43
-6.75766e-43
-4.87919e-44
-4.84755e-44
-3.52369e-45
-3.39744e-45
-2.3991e-46
-2.25274e-46
-1.59758e-47
-1.45609e-47
-1.01332e-48
-8.99333e-49
-6.27188e-50
-5.41146e-50
-3.72661e-51
-3.13291e-51
-2.15959e-52
-1.76753e-52
-1.20812e-53
-9.64181e-54
-6.5932e-55
-5.12917e-55
-3.4876e-56
-2.64781e-56
-1.80086e-57
-1.33419e-57
-9.04068e-59
-6.54188e-59
-4.43402e-60
-3.13401e-60
-2.11924e-61
-1.46417e-61
-9.90421e-63
-6.68983e-63
-4.51913e-64
-2.98595e-64
-2.01801e-65
-1.30462e-65
-8.81133e-67
-5.57626e-67
-3.76857e-68
-2.33514e-68
-1.57941e-69
-9.57842e-70
-6.30819e-71
-3.83849e-71
-5.59954e-73
-1.38315e-72
7.507e-73
-3.45992e-74
-4.1655e-73
-1.41386e-74
-8.67396e-74
3.14363e-74
-8.29759e-74
-5.02881e-73
-1.49195e-73
-8.70489e-73
-9.54161e-73
6.68023e-74
1.27307e-71
6.93359e-73
7.57762e-72
2.18066e-73
3.08816e-72
-7.11244e-74
3.79678e-73
3.08367e-73
4.90209e-72
9.7283e-74
4.05181e-73
-2.90133e-72
-2.04677e-39
-1.25365e-39
-1.83088e-40
-1.06541e-40
-1.60155e-41
-8.3035e-42
-1.27823e-42
-6.4098e-43
-9.94522e-44
-4.60427e-44
-7.22306e-45
-3.23904e-45
-5.10258e-46
-2.15197e-46
-3.41323e-47
-1.39521e-47
-2.21942e-48
-8.63359e-49
-1.37963e-49
-5.2078e-50
-8.33964e-51
-3.02021e-51
-4.85135e-52
-1.70742e-52
-2.74674e-53
-9.32848e-54
-1.50376e-54
-4.97107e-55
-8.02144e-56
-2.56983e-56
-4.15219e-57
-1.29683e-57
-2.0966e-58
-6.36684e-59
-1.03012e-59
-3.05416e-60
-4.94276e-61
-1.42852e-61
-2.31267e-62
-6.53453e-63
-1.05787e-63
-2.91972e-64
-4.72677e-65
-1.27701e-65
-2.06683e-66
-5.4635e-67
-8.84034e-68
-2.29006e-68
-3.70376e-69
-9.40132e-70
-1.5197e-70
-3.77751e-71
-6.10787e-72
-1.41729e-72
-2.36082e-73
-2.58888e-74
-8.44859e-75
-1.7784e-74
-8.36566e-76
-3.3431e-75
9.2274e-76
-2.96875e-75
-1.93139e-74
-4.71842e-75
-3.2484e-74
-3.07758e-74
3.3017e-75
4.9369e-73
2.62015e-74
2.84638e-73
8.10783e-75
1.15148e-73
-2.51946e-75
1.46839e-74
1.12321e-74
1.81257e-73
3.51789e-75
1.49519e-74
-1.07556e-73
-3.50218e-40
-2.09143e-40
-3.2218e-41
-1.83088e-41
-2.8916e-42
-1.4617e-42
-2.34446e-43
-1.14401e-43
-1.84868e-44
-8.32872e-45
-1.35424e-45
-5.90832e-46
-9.63202e-47
-3.95909e-47
-6.47041e-48
-2.58089e-48
-4.21966e-49
-1.60598e-49
-2.62677e-50
-9.72165e-51
-1.58858e-51
-5.65802e-52
-9.23674e-53
-3.20558e-53
-5.22342e-54
-1.75507e-54
-2.85446e-55
-9.36326e-56
-1.51904e-56
-4.8455e-57
-7.84107e-58
-2.44608e-58
-3.94652e-59
-1.20121e-59
-1.93217e-60
-5.76066e-61
-9.23515e-62
-2.69343e-62
-4.30327e-63
-1.23113e-63
-1.95984e-64
-5.49613e-65
-8.717e-66
-2.40108e-66
-3.79349e-67
-1.02598e-67
-1.6146e-68
-4.29402e-69
-6.73025e-70
-1.75994e-70
-2.74712e-71
-7.06873e-72
-1.09892e-72
-2.7574e-73
-4.29261e-74
-9.5901e-75
-1.62707e-75
-9.85113e-76
-8.16027e-77
-1.35589e-76
2.34659e-77
-1.04358e-76
-7.26142e-76
-1.41746e-76
-1.18878e-75
-9.49849e-76
1.49264e-76
1.87649e-74
9.70391e-76
1.04933e-74
2.95673e-76
4.21326e-75
-8.74648e-77
5.55303e-76
4.01394e-76
6.57698e-75
1.24779e-76
5.41352e-76
-3.91251e-75
-1.28878e-42
-1.86951e-40
-1.41143e-43
-1.61722e-41
-1.48137e-44
-1.28043e-42
-1.34419e-45
-9.93949e-44
-1.17313e-46
-7.18903e-45
-9.31778e-48
-5.06651e-46
-7.13329e-49
-3.37588e-47
-5.10012e-50
-2.18832e-48
-3.52198e-51
-1.3548e-49
-2.30584e-52
-8.15973e-51
-1.46115e-53
-4.72672e-52
-8.86207e-55
-2.66547e-53
-5.21288e-56
-1.45292e-54
-2.95387e-57
-7.71734e-56
-1.62641e-58
-3.97691e-57
-8.66613e-60
-1.99921e-58
-4.49465e-61
-9.77779e-60
-2.26358e-62
-4.67022e-61
-1.11134e-63
-2.17497e-62
-5.31188e-65
-9.90252e-64
-2.4786e-66
-4.40369e-65
-1.12824e-67
-1.91644e-66
-5.01986e-69
-8.15781e-68
-2.18238e-70
-3.40139e-69
-9.2842e-72
-1.38885e-70
-3.86453e-73
-5.55919e-72
-1.57498e-74
-2.18041e-73
-6.22991e-76
-8.35523e-75
-2.35477e-77
-3.38132e-76
-1.67488e-78
-1.61225e-77
5.96958e-79
-3.98608e-78
-2.67568e-77
-3.99913e-78
-4.27109e-77
-2.77679e-77
6.3513e-78
6.98736e-76
3.52673e-77
3.79524e-76
1.05878e-77
1.51244e-76
-2.98008e-78
2.05843e-77
1.4084e-77
2.34131e-76
4.34616e-78
1.9224e-77
-1.39643e-76
3.39025e-40
-1.09522e-39
3.09459e-41
-9.13425e-41
2.75656e-42
-7.01034e-42
2.22028e-43
-5.33717e-43
1.7396e-44
-3.78587e-44
1.26692e-45
-2.63149e-45
8.95977e-47
-1.7286e-46
5.98679e-48
-1.10841e-47
3.8839e-49
-6.78665e-49
2.40572e-50
-4.0515e-50
1.44777e-51
-2.32613e-51
8.37817e-53
-1.30211e-52
4.71579e-54
-7.04575e-54
2.56534e-55
-3.71907e-55
1.35905e-56
-1.90472e-56
6.9843e-58
-9.52365e-58
3.49996e-59
-4.63331e-59
1.70618e-60
-2.20265e-60
8.12029e-62
-1.02111e-61
3.76787e-63
-4.6298e-63
1.70883e-64
-2.05062e-64
7.56916e-66
-8.89119e-66
3.28043e-67
-3.77125e-67
1.39054e-68
-1.56722e-68
5.77275e-70
-6.37877e-70
2.34678e-71
-2.54566e-71
9.35157e-73
-9.95997e-73
3.65281e-74
-3.82357e-74
1.3997e-75
-1.44112e-75
5.25898e-77
-5.34292e-77
1.95406e-78
-2.05427e-78
-8.95881e-79
-1.70583e-79
-1.50363e-78
-7.57373e-79
2.57617e-79
2.55207e-77
1.25735e-78
1.34798e-77
3.72179e-79
5.33098e-78
-9.95837e-80
7.47239e-79
4.85209e-79
8.18414e-78
1.48606e-79
6.70208e-79
-4.89379e-78
1.77133e-39
3.86863e-40
1.56063e-40
5.57334e-41
1.34348e-41
5.01134e-42
1.05938e-42
4.04416e-43
8.14261e-44
2.95687e-44
5.85521e-45
2.08933e-45
4.09556e-46
1.39243e-46
2.71628e-47
9.02144e-48
1.7514e-48
5.5815e-49
1.08048e-49
3.35917e-50
6.48288e-51
1.94446e-51
3.7454e-52
1.09569e-52
2.1063e-53
5.96806e-54
1.14583e-54
3.16761e-55
6.07413e-56
1.63112e-56
3.12552e-57
8.19352e-58
1.56898e-58
4.00431e-59
7.66542e-60
1.91115e-60
3.65764e-61
8.89374e-62
1.70215e-62
4.0462e-63
7.74466e-64
1.79801e-64
3.44247e-65
7.81881e-66
1.49754e-66
3.32576e-67
6.37305e-68
1.38562e-68
2.65675e-69
5.65346e-70
1.08472e-70
2.26126e-71
4.3419e-72
8.8662e-73
1.70385e-73
3.41051e-74
6.55993e-75
1.28711e-75
2.47811e-76
4.76838e-77
9.19094e-78
1.73092e-78
3.00471e-79
5.98202e-80
-4.01976e-80
-1.61959e-80
1.04667e-80
9.14153e-79
4.40296e-80
4.70087e-79
1.28538e-80
1.84489e-79
-3.2672e-81
2.6609e-80
1.64221e-80
2.8088e-79
4.9923e-81
2.29354e-80
-1.68397e-79
1.32737e-38
3.76931e-39
1.13409e-39
4.66202e-40
9.62827e-41
3.99089e-41
7.4403e-42
3.15184e-42
5.65257e-43
2.2658e-43
4.0046e-44
1.58397e-44
2.77327e-45
1.04426e-45
1.81786e-46
6.71219e-47
1.16195e-47
4.11874e-48
7.09931e-49
2.46295e-49
4.22675e-50
1.41635e-50
2.42184e-51
7.93841e-52
1.35252e-52
4.30069e-53
7.3046e-54
2.27229e-54
3.84771e-55
1.16481e-55
1.96707e-56
5.82831e-57
9.8169e-58
2.83742e-58
4.76791e-59
1.34962e-59
2.26272e-60
6.25965e-61
1.04728e-61
2.83928e-62
4.74085e-63
1.258e-63
2.09663e-64
5.45593e-65
9.07702e-66
2.31468e-66
3.84454e-67
9.62063e-68
1.5954e-68
3.91619e-69
6.48458e-70
1.563e-70
2.58439e-71
6.11555e-72
1.00983e-72
2.3478e-73
3.87179e-74
8.8438e-75
1.45665e-75
3.27078e-76
5.38094e-77
1.18777e-77
1.9507e-78
4.23727e-79
6.77862e-80
1.44939e-80
2.81456e-81
3.26473e-80
1.59652e-81
1.61247e-80
4.38879e-82
6.27325e-81
-1.051e-82
9.29055e-82
5.46083e-82
9.47097e-81
1.64753e-82
7.70995e-82
-5.69293e-81
-2.13819e-38
2.87161e-39
-1.85659e-39
1.92484e-40
-1.59197e-40
1.34891e-41
-1.2438e-41
9.93411e-43
-9.5202e-43
6.97193e-44
-6.79876e-44
4.83105e-45
-4.73571e-45
3.16974e-46
-3.12314e-46
2.03169e-47
-2.00556e-47
1.24343e-48
-1.23123e-48
7.42061e-50
-7.35843e-50
4.25853e-51
-4.23249e-51
2.38282e-52
-2.37123e-52
1.2887e-53
-1.2847e-53
6.79899e-55
-6.78541e-55
3.48017e-56
-3.47815e-56
1.73914e-57
-1.73982e-57
8.45598e-59
-8.46912e-59
4.01755e-60
-4.02724e-60
1.8613e-61
-1.8676e-61
8.43407e-63
-8.46902e-63
3.73318e-64
-3.75174e-64
1.61761e-65
-1.62675e-65
6.85662e-67
-6.90025e-67
2.8475e-68
-2.86735e-68
1.15818e-69
-1.16698e-69
4.61895e-71
-4.65655e-71
1.80593e-72
-1.82163e-72
6.92829e-74
-6.99193e-74
2.60802e-75
-2.63326e-75
9.63931e-77
-9.73692e-77
3.49833e-78
-3.53534e-78
1.24734e-79
-1.26162e-79
4.36662e-81
-4.40566e-81
1.2593e-81
-1.01175e-82
5.4736e-82
9.3841e-84
2.09705e-82
-3.49818e-84
3.18463e-83
1.78433e-83
3.13754e-82
5.34434e-84
2.54582e-83
-1.89096e-82
-4.95856e-38
-6.9877e-41
-4.27654e-39
-5.07366e-40
-3.65321e-40
-5.23447e-41
-2.84138e-41
-4.34203e-42
-2.16852e-42
-3.16433e-43
-1.54354e-43
-2.2211e-44
-1.07267e-44
-1.46601e-45
-7.05629e-46
-9.42674e-47
-4.52265e-47
-5.7853e-48
-2.77089e-48
-3.45979e-49
-1.65336e-49
-1.98968e-50
-9.49415e-51
-1.11522e-51
-5.3117e-52
-6.04189e-53
-2.87378e-53
-3.19229e-54
-1.51602e-54
-1.63642e-55
-7.76159e-56
-8.18798e-57
-3.87831e-57
-3.98612e-58
-1.88589e-58
-1.89596e-59
-8.95925e-60
-8.79337e-61
-4.15086e-61
-3.98841e-62
-1.88067e-62
-1.76708e-63
-8.32423e-64
-7.66349e-65
-3.60653e-65
-3.2511e-66
-1.52862e-66
-1.35121e-67
-6.34747e-68
-5.49997e-69
-2.58151e-69
-2.19499e-70
-1.0294e-70
-8.58786e-72
-4.02437e-72
-3.29674e-73
-1.5437e-73
-1.24176e-74
-5.81028e-75
-4.59223e-76
-2.14719e-76
-1.66756e-77
-7.79162e-78
-5.94883e-79
-2.77772e-79
-2.08511e-80
-9.72932e-81
-6.80818e-82
-3.33316e-82
-6.3862e-84
-1.08635e-83
6.06979e-84
-4.80779e-85
1.04443e-84
5.61153e-85
1.02164e-83
1.70019e-85
8.2616e-85
-6.17401e-84
1.45404e-38
1.00289e-39
1.24788e-39
-2.86088e-40
1.06304e-40
-3.19052e-41
8.24046e-42
-2.69527e-42
6.2755e-43
-1.97613e-43
4.45591e-44
-1.3904e-44
3.09121e-45
-9.1914e-46
2.0296e-46
-5.91617e-47
1.29897e-47
-3.6344e-48
7.94627e-49
-2.17517e-49
4.73564e-50
-1.25191e-50
2.71593e-51
-7.02167e-52
1.51788e-52
-3.80669e-53
8.20334e-54
-2.01248e-54
4.32354e-55
-1.03224e-55
2.21148e-56
-5.16763e-57
1.10412e-57
-2.51706e-58
5.3646e-59
-1.19779e-59
2.54667e-60
-5.55791e-61
1.17902e-61
-2.52201e-62
5.33836e-63
-1.11787e-63
2.36131e-64
-4.84994e-65
1.02243e-65
-2.05832e-66
4.33096e-67
-8.55793e-68
1.79739e-68
-3.48473e-69
7.30594e-70
-1.39122e-70
2.9118e-71
-5.44501e-72
1.13776e-72
-2.09095e-73
4.36222e-74
-7.87843e-75
1.6411e-75
-2.9145e-76
6.06191e-77
-1.05866e-77
2.19874e-78
-3.77781e-79
7.83511e-80
-1.32456e-80
2.74337e-81
-4.55235e-82
9.44742e-83
-1.48821e-83
3.21017e-84
-2.93214e-85
1.03162e-85
1.84965e-86
2.16019e-86
3.26532e-85
5.45601e-87
2.63351e-86
-1.98173e-85
3.50869e-38
3.9918e-39
3.03059e-39
2.87221e-40
2.59077e-40
2.07291e-41
2.01708e-41
1.53936e-42
1.54037e-42
1.08048e-43
1.09727e-43
7.46901e-45
7.62938e-45
4.88686e-46
5.02184e-46
3.12362e-47
3.22018e-47
1.90685e-48
1.97391e-48
1.13531e-49
1.17829e-49
6.50128e-51
6.76911e-51
3.63048e-52
3.78853e-52
1.95983e-53
2.05049e-53
1.03219e-54
1.08207e-54
5.27485e-56
5.54184e-56
2.63197e-57
2.77002e-57
1.27785e-58
1.3474e-58
6.06293e-60
6.40293e-60
2.80522e-61
2.96738e-61
1.26954e-62
1.34484e-62
5.61261e-64
5.95416e-64
2.42918e-65
2.58036e-65
1.02852e-66
1.09397e-66
4.26681e-68
4.54376e-68
1.73366e-69
1.84841e-69
6.90712e-71
7.37248e-71
2.69794e-72
2.8829e-72
1.03406e-73
1.10611e-73
3.88892e-75
4.16418e-75
1.43606e-76
1.53922e-76
5.20721e-78
5.58668e-78
1.85504e-79
1.99208e-79
6.49332e-81
6.97941e-81
2.23464e-82
2.40363e-82
7.57651e-84
8.1384e-84
2.5849e-85
2.70867e-85
9.37688e-87
9.43719e-87
1.05718e-86
4.50827e-88
8.35677e-88
-6.26014e-87
4.66567e-39
4.1719e-40
3.63771e-41
2.89677e-42
2.24476e-43
1.62486e-44
1.14273e-45
7.61349e-47
4.92734e-48
3.04952e-49
1.83447e-50
1.06222e-51
5.98444e-53
3.26066e-54
1.73065e-55
8.91477e-57
4.47881e-58
2.18968e-59
1.04535e-60
4.86667e-62
2.21487e-63
9.84664e-65
4.28371e-66
1.82299e-67
7.59879e-69
3.10202e-70
1.24139e-71
4.87011e-73
1.87441e-74
7.07826e-76
2.6241e-77
9.55194e-79
3.41556e-80
1.19996e-81
4.14358e-83
1.40659e-84
4.69509e-86
1.55854e-87
5.49288e-89
)
;

boundaryField
{
    leftWall
    {
        type            calculated;
        value           nonuniform 0();
    }
    rightWall
    {
        type            calculated;
        value           uniform 0;
    }
    lowerWall
    {
        type            calculated;
        value           nonuniform 0();
    }
    atmosphere
    {
        type            calculated;
        value           nonuniform List<scalar> 
45
(
2.80504e-34
3.83199e-35
5.1415e-36
5.08701e-37
5.27018e-38
4.93671e-39
4.07991e-40
3.11673e-41
2.36389e-42
1.67263e-43
1.15972e-44
7.60311e-46
4.86542e-47
2.97391e-48
1.77225e-49
1.01593e-50
5.67795e-52
3.06791e-53
1.61704e-54
8.27035e-56
4.12956e-57
2.00644e-58
9.52617e-60
4.41062e-61
1.99734e-62
8.83584e-64
3.8265e-65
1.62112e-66
6.72901e-68
2.73564e-69
1.0905e-70
4.26182e-72
1.63431e-73
6.14956e-75
2.27199e-76
8.24243e-78
2.93774e-79
1.02881e-80
3.54164e-82
1.19872e-83
3.99372e-85
1.31332e-86
1.05842e-87
6.43432e-89
-3.85887e-88
)
;
    }
    defaultFaces
    {
        type            empty;
        value           nonuniform 0();
    }
    procBoundary3to1
    {
        type            processor;
        value           nonuniform List<scalar> 
45
(
-6.49614e-40
-6.58097e-39
-5.77381e-38
-5.25517e-37
-3.38437e-36
-2.89756e-35
-2.2948e-35
5.58477e-35
5.5411e-35
-2.64289e-35
-5.8446e-35
-2.98591e-35
2.59515e-35
2.94188e-35
3.47122e-36
4.8169e-37
4.63441e-38
1.35442e-38
8.69632e-38
9.18045e-37
6.46499e-36
5.54066e-35
2.29117e-35
-8.27631e-35
-6.198e-35
-4.25231e-36
2.33156e-35
-9.38123e-35
-3.10952e-35
-2.6245e-35
2.61846e-35
2.46154e-35
-1.11573e-34
1.15521e-34
4.80734e-36
-6.85057e-37
-7.07459e-36
-6.14717e-35
-5.49277e-35
7.31003e-35
2.80655e-35
-1.33593e-34
7.23568e-35
7.81158e-36
6.68884e-35
)
;
    }
    procBoundary3to2
    {
        type            processor;
        value           nonuniform List<scalar> 
43
(
-9.67711e-39
-1.32958e-39
-2.3144e-40
-2.15958e-41
2.03922e-40
7.37685e-39
1.84385e-37
3.48207e-36
7.57478e-36
7.07807e-36
3.54036e-35
-4.45066e-36
-7.23263e-35
-3.00397e-36
3.60629e-35
3.68673e-36
-9.65531e-39
-3.50519e-36
-3.57371e-35
5.13573e-35
1.24864e-34
-4.226e-35
-1.26091e-34
4.48465e-35
1.27718e-34
-8.71747e-35
-9.29839e-35
3.66755e-35
1.33426e-35
5.95673e-35
4.34869e-36
-4.80616e-35
-4.97701e-36
-6.85387e-37
-2.78962e-40
6.91435e-37
4.68384e-36
4.71416e-35
-6.72518e-35
-1.64838e-34
5.02334e-35
1.15219e-34
1.13433e-35
)
;
    }
}


// ************************************************************************* //
