/*--------------------------------*- C++ -*----------------------------------*\
| =========                 |                                                 |
| \\      /  F ield         | OpenFOAM: The Open Source CFD Toolbox           |
|  \\    /   O peration     | Version:  2.4.0                                 |
|   \\  /    A nd           | Web:      www.OpenFOAM.org                      |
|    \\/     M anipulation  |                                                 |
\*---------------------------------------------------------------------------*/
FoamFile
{
    version     2.0;
    format      ascii;
    class       surfaceScalarField;
    location    "0.15";
    object      phi;
}
// * * * * * * * * * * * * * * * * * * * * * * * * * * * * * * * * * * * * * //

dimensions      [0 3 -1 0 0 0 0];

internalField   nonuniform List<scalar> 
3782
(
-9.83973e-43
5.75946e-40
-1.03146e-42
2.22652e-41
-2.9987e-43
2.44067e-42
-4.39773e-42
1.12247e-43
-1.41896e-40
3.24168e-44
-1.73129e-39
-9.78712e-41
-5.43375e-38
-8.88941e-39
-1.50704e-37
-5.96969e-37
-3.4837e-36
-5.25419e-35
-2.36371e-35
-4.72193e-37
-1.1779e-35
4.13282e-36
-3.66088e-33
-2.08439e-37
3.73309e-33
-8.39194e-36
1.30761e-35
-4.54751e-38
2.42918e-35
4.227e-36
3.7127e-36
1.27624e-37
4.0458e-36
-1.10312e-39
2.30805e-35
-1.30246e-37
-1.84667e-35
-4.62072e-36
4.17983e-33
5.25272e-36
-8.6387e-33
1.45396e-35
-3.69483e-35
-4.95234e-36
-7.96134e-35
-1.48229e-35
4.4555e-33
5.27026e-36
-9.18097e-33
1.53267e-35
-4.55905e-35
-1.04819e-35
4.6885e-33
-1.04647e-35
-4.78652e-33
4.95542e-36
4.84546e-33
-5.54661e-37
-4.96577e-33
-6.97084e-35
-2.16732e-35
-9.34607e-37
-3.22142e-35
-5.61479e-36
-4.77068e-36
-1.69722e-37
-1.5755e-37
-1.54429e-38
-1.60128e-37
2.46832e-41
-5.18922e-36
1.68285e-38
-3.04454e-35
1.72231e-37
2.40117e-35
6.09037e-36
-5.50807e-33
-6.8695e-36
1.13433e-32
-1.91258e-35
8.06891e-35
6.29097e-36
7.92147e-35
1.29816e-35
3.77773e-37
1.37445e-38
-2.51712e-41
1.56905e-37
-3.81394e-40
3.80782e-36
-9.48593e-39
-9.92109e-38
2.56348e-35
4.92373e-40
-2.61348e-41
5.62752e-39
-3.96135e-40
1.19349e-37
-9.82427e-39
-1.02749e-37
8.02863e-37
5.24031e-41
-8.52586e-43
5.09601e-40
-1.6121e-41
9.80116e-39
-3.74606e-40
-3.86708e-39
2.85406e-38
1.7566e-42
3.75105e-42
1.67088e-41
2.40224e-42
2.92805e-40
-3.72607e-41
-3.40205e-40
6.71545e-40
-1.85606e-43
1.24589e-40
3.77593e-43
1.30717e-40
1.73798e-41
5.51781e-42
-1.08076e-41
3.32998e-41
-5.64888e-41
1.44113e-39
-1.33248e-41
1.51708e-39
-5.15046e-42
7.81662e-41
6.69392e-42
6.09405e-43
-4.82004e-39
4.50037e-38
-5.77086e-40
4.70653e-38
-1.90519e-40
2.08332e-39
1.9348e-40
-1.05065e-41
-3.12292e-37
3.92296e-38
-1.68177e-38
4.52554e-38
-2.34649e-39
1.99357e-39
1.85637e-40
-1.18624e-40
-7.57578e-37
-1.82824e-37
-5.37422e-37
-5.81819e-38
-7.47489e-38
-2.50516e-39
-2.19183e-40
-3.30803e-39
-1.88023e-37
-9.82853e-37
-1.04096e-38
-7.8785e-38
-1.75217e-39
-2.90155e-39
-2.2753e-40
-9.11129e-41
4.09018e-36
-2.63495e-35
1.79978e-37
-5.46924e-37
1.65231e-38
-8.52643e-39
-5.0356e-41
7.04363e-40
-2.06979e-37
-2.50333e-35
-1.00965e-38
-5.15119e-37
-9.41235e-40
-7.93905e-39
-3.93615e-41
-4.25368e-41
-8.29751e-36
2.65865e-35
-3.66075e-37
5.47968e-37
-3.39056e-38
8.46767e-39
4.37332e-41
-1.45096e-39
-4.58714e-38
2.68989e-35
-2.95976e-39
5.57685e-37
-2.75775e-40
8.66349e-39
4.64608e-41
-1.39163e-41
4.17937e-36
9.61608e-37
1.84315e-37
3.28424e-38
1.70621e-38
8.5424e-40
3.6012e-41
7.29915e-40
1.27106e-37
1.46739e-37
6.55454e-39
1.3203e-38
6.08252e-40
5.22583e-40
3.42556e-41
2.81591e-41
-1.09719e-39
1.58965e-37
-5.49898e-41
1.42619e-38
-5.86774e-42
5.61977e-40
3.68171e-41
-2.69514e-43
-1.29708e-37
9.13908e-37
-6.68113e-39
2.14118e-38
-6.08989e-40
3.42425e-40
-2.14192e-43
-2.81161e-41
-4.56744e-36
2.91478e-35
-2.00181e-37
5.77107e-37
-1.85176e-38
8.18602e-39
-3.01396e-41
-7.8926e-40
5.19575e-36
-3.23648e-36
2.31421e-37
-9.70965e-38
2.14373e-38
-2.31076e-39
-8.57183e-41
9.22336e-40
1.43759e-35
-9.25965e-35
6.34141e-37
-1.92628e-36
5.87227e-38
-3.01961e-38
-1.92204e-40
2.51265e-39
-4.89657e-36
-6.22181e-35
-2.15977e-37
-1.31304e-36
-1.99915e-38
-2.11243e-38
-1.85511e-40
-8.55286e-40
-1.46558e-35
2.87267e-35
-6.46195e-37
5.2593e-37
-5.98174e-38
6.20762e-39
-1.51749e-40
-2.55865e-39
5.21088e-36
-3.54062e-36
2.29823e-37
-1.16366e-37
2.12644e-38
-3.00821e-39
-1.28426e-40
9.09633e-40
1.51529e-35
-9.76238e-35
6.67102e-37
-2.02754e-36
6.17627e-38
-3.17532e-38
-2.02649e-40
2.63968e-39
-1.03628e-35
-3.31827e-35
-4.56034e-37
-7.03542e-37
-4.22365e-38
-1.13437e-38
-9.8204e-41
-1.80487e-39
-1.03479e-35
3.11475e-35
-4.5764e-37
6.15363e-37
-4.23829e-38
8.76331e-39
-2.29981e-41
-1.81624e-39
4.90311e-36
7.23914e-37
2.13484e-37
6.0013e-38
1.95728e-38
2.14223e-39
1.97204e-40
8.28949e-40
-1.47463e-37
-1.06157e-36
-8.63559e-39
3.62436e-38
-1.9504e-39
2.31639e-39
2.5746e-40
-1.04758e-40
4.52428e-36
-3.62727e-35
-5.2354e-37
-8.28456e-37
-8.4322e-38
-1.51184e-38
-3.71613e-40
-3.76531e-39
-5.25279e-37
-3.57989e-35
-2.75208e-38
-8.20872e-37
-3.681e-39
-1.50806e-38
-3.81061e-40
-1.83619e-40
-5.54593e-36
-1.27814e-36
-2.45218e-37
-4.60562e-38
-2.29083e-38
-1.26182e-39
-5.95361e-41
-9.83812e-40
-1.6898e-37
-1.87925e-37
-8.73352e-39
-1.70658e-38
-8.1763e-40
-6.75861e-40
-4.47261e-41
-3.79906e-41
-1.53889e-38
-7.15645e-39
-8.00833e-40
-7.02465e-40
-8.65302e-41
-3.05154e-41
-2.05088e-42
-4.08987e-42
2.46726e-41
-7.27293e-39
1.36862e-42
-6.95446e-40
1.24623e-43
-3.00526e-41
-1.9909e-42
5.95238e-45
1.67664e-38
-2.03024e-37
8.68745e-40
-1.81754e-38
9.337e-41
-7.13826e-40
-4.67448e-41
4.39552e-42
1.71523e-37
-1.20546e-36
8.83741e-39
-2.83096e-38
8.06128e-40
-4.54688e-40
6.85559e-44
3.7229e-41
6.02016e-36
-3.84205e-35
2.63863e-37
-7.60928e-37
2.44086e-38
-1.07999e-38
3.91077e-41
1.04038e-39
-6.795e-36
3.93517e-36
-3.02669e-37
1.21368e-37
-2.80378e-38
2.95363e-39
1.13486e-40
-1.20636e-39
-1.89106e-35
1.2158e-34
-8.34309e-37
2.54393e-36
-7.72724e-38
4.03308e-38
3.01251e-40
-3.3068e-39
6.2188e-36
8.29344e-35
2.7294e-37
1.75321e-36
2.52767e-38
2.82034e-38
2.43237e-40
1.07848e-39
1.28368e-35
3.1372e-36
5.67655e-37
1.18915e-37
5.25654e-38
3.34907e-39
1.58352e-40
2.25235e-39
3.76281e-37
1.94646e-38
1.80273e-39
8.36785e-41
3.49699e-35
-2.79317e-36
3.1872e-33
-2.61136e-36
1.25303e-37
5.51332e-36
-3.18362e-33
5.50484e-36
-7.86348e-36
-2.71126e-36
1.15569e-35
-5.59592e-36
3.21009e-33
-2.81054e-36
3.77692e-35
2.70251e-36
2.64516e-35
2.80205e-36
3.56819e-36
9.95605e-38
1.24857e-37
8.77501e-39
9.44217e-39
2.99576e-40
-1.95475e-38
5.40722e-41
-2.39671e-37
5.79216e-40
-7.01181e-36
1.72521e-38
-4.93448e-35
1.90364e-37
-4.92009e-35
5.50482e-36
-6.38583e-33
2.6114e-36
3.16432e-33
-8.23337e-36
2.28728e-35
-5.69574e-36
3.23306e-33
-1.0383e-37
4.47432e-35
3.04751e-36
5.30659e-35
3.14234e-36
4.15106e-35
-2.43951e-36
3.21377e-33
-2.69787e-36
3.78664e-35
2.71611e-36
2.64634e-35
3.06082e-36
3.6448e-36
2.67972e-37
1.46426e-37
-1.59655e-37
2.22128e-37
-2.58751e-37
7.12813e-36
-2.18863e-38
5.2858e-35
-1.90186e-37
7.24871e-35
-5.07587e-36
6.40768e-33
3.60434e-35
8.36011e-35
8.56843e-36
-3.1379e-33
3.18218e-36
6.32078e-33
-1.89848e-36
-6.37761e-33
8.31889e-36
-4.87483e-35
-1.56345e-37
-5.5492e-36
1.88878e-35
-2.87828e-36
3.5717e-35
-2.68998e-36
4.49202e-39
5.68093e-36
-3.5605e-35
5.67215e-36
-1.80539e-35
-2.79345e-36
1.81701e-35
-5.76648e-36
3.64349e-35
-2.89627e-36
1.89906e-35
2.78438e-36
8.29174e-37
2.88748e-36
1.11619e-37
1.03113e-37
4.47659e-39
9.08711e-39
3.35065e-40
3.11151e-40
-6.95744e-40
5.61465e-41
-8.59486e-39
6.01596e-40
-2.18773e-37
1.78648e-38
-1.54708e-36
1.97157e-37
-3.71562e-35
5.67213e-36
-5.39856e-35
2.69003e-36
-6.14643e-37
-8.48348e-36
3.63301e-35
-5.86992e-36
3.71167e-35
-1.11858e-37
1.91705e-35
2.87972e-36
1.70174e-36
3.09267e-36
1.91472e-35
-2.77398e-36
3.65508e-35
-2.78396e-36
1.89568e-35
2.79414e-36
8.30869e-37
2.89782e-36
1.89488e-37
3.92284e-37
6.51109e-39
-2.80103e-37
-2.9609e-38
-1.03287e-38
2.20211e-37
-1.84472e-38
1.61514e-36
-2.01342e-37
3.7848e-35
-5.49746e-36
7.25144e-35
-5.05909e-36
2.04307e-35
8.55658e-36
1.40669e-36
3.01477e-36
1.63701e-35
-2.09889e-36
-3.58428e-35
8.31435e-36
-3.66016e-35
9.16568e-38
-5.57981e-36
2.86227e-37
-9.28721e-38
5.22106e-37
-8.58004e-38
4.04487e-40
1.82918e-37
-5.12807e-37
1.82585e-37
-2.57193e-37
-8.96924e-38
2.66849e-37
-1.86131e-37
5.41452e-37
-9.35593e-38
2.9465e-37
8.93475e-38
2.85676e-38
9.32257e-38
9.25139e-39
3.87893e-39
4.02617e-40
3.45663e-40
3.57549e-41
1.28381e-41
-7.42967e-41
2.31573e-42
-7.66966e-40
2.48178e-41
-1.81014e-38
6.78563e-40
-4.79207e-38
7.41295e-39
-5.61095e-37
1.82584e-37
-7.97027e-37
8.58006e-38
-1.0835e-38
-2.72957e-37
5.32876e-37
-1.9002e-37
5.5987e-37
-4.10821e-39
3.11502e-37
9.39138e-38
5.87871e-38
1.29558e-37
3.05635e-37
-8.79684e-38
5.51075e-37
-8.92244e-38
2.93851e-37
8.98231e-38
2.86573e-38
9.45003e-38
1.17546e-38
4.23805e-38
5.25052e-40
-3.81567e-38
-5.31451e-40
-1.27315e-39
1.69494e-38
-7.94142e-40
1.56405e-38
-7.36237e-39
5.41683e-37
-1.75494e-37
1.13026e-36
1.30911e-37
3.73698e-37
2.76334e-37
3.96632e-38
9.92198e-38
2.36018e-37
-3.49539e-38
-5.3733e-37
2.67496e-37
-5.71354e-37
2.77136e-39
-2.06595e-37
3.23799e-39
-7.99718e-39
5.54099e-39
-7.39474e-39
1.327e-41
1.57701e-38
-5.26256e-39
1.57366e-38
-2.5603e-39
-7.73363e-39
2.85037e-39
-1.60407e-38
5.92849e-39
-8.06985e-39
3.48863e-39
7.69903e-39
6.63352e-40
8.03639e-39
2.76798e-40
3.37439e-40
1.32072e-41
3.46852e-41
1.18801e-42
1.30841e-42
-2.47429e-42
2.49939e-43
-2.51377e-41
2.52416e-42
-5.40431e-40
6.80701e-41
-1.05114e-39
6.40275e-40
-6.32573e-39
1.57366e-38
-8.62948e-39
7.39489e-39
-1.35322e-40
-2.35384e-38
5.67089e-39
-1.63794e-38
6.21624e-39
-3.67633e-40
3.92132e-39
8.01754e-39
1.44763e-39
9.00289e-39
3.89133e-39
-7.64858e-39
6.2178e-39
-7.69405e-39
3.3963e-39
7.7396e-39
6.68951e-40
8.08357e-39
4.92412e-40
1.55772e-39
1.98462e-41
-1.18567e-39
-8.45249e-41
-4.68382e-41
4.92938e-40
-6.97437e-41
-1.34155e-41
-5.5315e-40
5.46925e-39
-1.46297e-38
1.35469e-38
2.56852e-38
5.49688e-39
2.43174e-38
7.47563e-40
8.58003e-39
2.56977e-39
-5.17586e-39
-5.85731e-39
2.30146e-38
-6.96499e-39
3.20116e-40
-1.57462e-38
6.03095e-42
-2.49284e-40
-2.12907e-41
-2.2897e-40
8.12571e-43
4.91139e-40
3.81683e-41
4.89993e-40
2.72629e-41
-2.40451e-40
-9.68295e-42
-5.00277e-40
-5.58604e-42
-2.51835e-40
2.1201e-41
2.39262e-40
3.2415e-41
2.50687e-40
1.67676e-41
1.14284e-41
8.08304e-43
1.19184e-42
7.7086e-44
4.74902e-44
-1.60548e-43
9.07905e-45
-1.53379e-42
9.16008e-44
-3.27297e-41
2.33649e-42
-4.81422e-41
2.16679e-41
-1.07057e-41
4.8999e-40
1.65745e-41
2.28975e-40
-4.26541e-43
-7.32783e-40
-2.10594e-41
-5.1174e-40
7.37385e-42
-1.21905e-41
5.05811e-41
2.52288e-40
6.89874e-41
3.41353e-40
4.23313e-41
-2.35279e-40
1.19298e-41
-2.38805e-40
1.87735e-41
2.40934e-40
3.26462e-41
2.54285e-40
2.3476e-41
1.08402e-40
1.10078e-42
-9.57849e-41
-2.13031e-42
-3.5825e-42
2.85055e-41
-2.62647e-42
-5.04483e-41
-1.80596e-41
-8.1763e-41
-4.48655e-40
1.31907e-40
8.30819e-40
1.64749e-40
7.63304e-40
3.43902e-41
2.72071e-40
-6.53481e-42
-9.59034e-41
-4.42845e-42
7.17118e-40
-5.80117e-41
9.4876e-42
-5.45711e-40
-6.68576e-43
-1.44967e-41
-2.15215e-42
-1.36131e-41
2.5519e-44
2.9235e-41
2.65461e-42
2.91622e-41
1.59008e-42
-1.4315e-41
-1.06418e-42
-2.97694e-41
-1.72217e-42
-1.49914e-41
-1.85249e-43
1.42402e-41
9.27157e-43
1.49192e-41
5.003e-43
6.79181e-43
2.54654e-44
7.50018e-44
2.42999e-45
2.99115e-45
-5.06936e-45
5.85271e-46
-4.83124e-44
5.76452e-45
-9.75226e-43
1.47032e-43
-1.35653e-42
1.28355e-42
1.27503e-42
2.9162e-41
2.78931e-42
1.36329e-41
2.42057e-44
-4.36244e-41
-2.18616e-42
-3.04511e-41
-1.47782e-42
-7.39227e-43
5.90562e-43
1.49068e-41
2.07916e-42
1.75284e-41
5.49829e-43
-1.41027e-41
-1.19778e-42
-1.42239e-41
-3.54582e-43
1.43334e-41
9.3842e-43
1.50445e-41
8.99428e-43
3.75846e-42
3.85562e-44
-3.00443e-42
-1.61906e-43
-1.23996e-43
8.26833e-43
-1.48071e-43
-1.74242e-42
-9.09892e-43
-4.20926e-42
-2.56929e-41
9.95481e-43
7.5395e-41
4.0716e-42
4.64408e-41
8.69211e-43
1.6258e-41
-7.51907e-43
-8.50914e-42
1.5853e-42
4.26186e-41
-2.75676e-43
6.57964e-43
-2.98551e-41
-9.99047e-43
7.6212e-42
-1.66442e-43
5.96958e-44
-1.10574e-45
9.02198e-43
1.52189e-43
8.84666e-43
8.89818e-44
-4.33418e-43
-6.38914e-44
-9.03349e-43
-1.0838e-43
-4.55095e-43
-2.25491e-44
4.3104e-43
4.36357e-44
4.5278e-43
2.38754e-44
2.17463e-44
1.21264e-45
2.40833e-45
1.18262e-46
9.974e-47
-2.46667e-46
1.9455e-47
-2.2979e-45
1.9222e-46
-4.65426e-44
4.71759e-45
-6.35186e-44
4.10906e-44
8.76594e-44
8.83906e-43
1.71795e-43
4.11596e-43
1.78945e-45
-1.32208e-42
-1.30384e-43
-9.25166e-43
-9.37209e-44
-2.32296e-44
1.79554e-44
4.55873e-43
9.45211e-44
6.19461e-43
8.93451e-45
-4.23134e-43
-8.33763e-44
-4.30055e-43
-2.71839e-44
4.34479e-43
4.40423e-44
4.59854e-43
3.59653e-44
1.99974e-43
1.69913e-45
-1.75824e-43
-4.52549e-45
-7.02408e-45
3.76772e-44
-5.09893e-45
-1.26565e-43
-2.77164e-44
-2.6885e-43
-7.62618e-43
3.64332e-44
2.44764e-42
2.2521e-43
1.42293e-42
4.56282e-44
5.00586e-43
-5.05066e-44
-1.64345e-43
9.42413e-44
1.293e-42
1.57186e-44
1.89764e-44
-9.85287e-43
-8.97859e-42
7.70032e-42
-3.55654e-43
4.32192e-43
-2.00434e-44
5.68596e-44
3.75758e-45
4.21955e-44
2.57947e-45
-2.03187e-44
-1.89035e-45
-4.23792e-44
-3.22478e-45
-2.13535e-44
-7.08911e-46
2.02269e-44
1.24885e-45
2.12429e-44
6.87408e-46
1.01629e-45
3.62316e-47
1.1511e-46
3.51606e-48
4.75128e-48
-7.34266e-48
9.33254e-49
-6.86678e-47
9.15452e-48
-1.33872e-45
2.25502e-46
-1.81395e-45
1.91777e-45
2.63456e-45
4.14739e-44
5.09671e-45
1.93207e-44
5.58654e-47
-6.20416e-44
-3.86131e-45
-4.34002e-44
-2.92319e-45
-1.10148e-45
3.46439e-46
2.12696e-44
2.81726e-45
2.60647e-44
3.12716e-46
-1.99702e-44
-2.50299e-45
-2.01946e-44
-9.49185e-46
2.0377e-44
1.26555e-45
2.14741e-44
1.25456e-45
6.48803e-45
5.51303e-47
-5.35684e-45
-2.4e-46
-2.28271e-46
1.04859e-45
-2.21805e-46
-3.99238e-45
-1.06847e-45
-8.15968e-45
-3.42866e-44
1.14344e-45
1.50914e-43
6.62868e-45
6.82609e-44
1.22373e-45
2.35932e-44
-1.37102e-45
-1.07317e-44
3.03358e-45
6.05916e-44
4.61374e-46
9.80467e-46
-4.34218e-44
-2.50785e-40
-9.04337e-42
-9.1116e-42
-5.1416e-43
-5.21123e-43
-1.60548e-44
-1.76892e-44
4.03106e-46
-7.27142e-46
-6.15366e-46
-1.02151e-46
-1.23217e-45
-1.29941e-46
-6.2052e-46
-2.87108e-47
5.86509e-46
4.94364e-47
6.17167e-46
2.72146e-47
3.06652e-47
1.42833e-48
3.46019e-48
1.39519e-49
1.46737e-49
-2.91295e-49
2.86437e-50
-2.70611e-48
2.8277e-49
-5.30063e-47
6.77464e-48
-7.18052e-47
5.78796e-47
1.05531e-46
1.2038e-45
2.03594e-46
5.5915e-46
2.2444e-48
-1.80055e-45
-1.53966e-46
-1.26193e-45
-1.13838e-46
-3.2709e-47
1.61088e-47
6.22031e-46
1.0852e-46
8.541e-46
8.65756e-48
-5.7473e-46
-1.00332e-46
-5.85003e-46
-3.52272e-47
5.91543e-46
4.99796e-47
6.27667e-46
4.3667e-47
2.83192e-46
2.04707e-48
-2.49073e-46
-6.81039e-48
-1.04012e-47
3.94124e-47
-7.02449e-48
-2.05429e-46
-2.99639e-47
-3.69713e-46
-9.68353e-46
8.84212e-47
4.71614e-45
3.12303e-46
2.00733e-45
5.36299e-47
6.94396e-46
-5.76901e-47
-2.08384e-46
1.1529e-46
1.76034e-45
2.20365e-47
2.7111e-47
-1.34948e-45
-7.40553e-42
-9.24148e-42
-2.95083e-43
-5.23618e-43
-1.74429e-44
-1.75745e-44
-6.30772e-46
-7.72223e-46
-2.72704e-47
-4.91445e-47
-3.07748e-48
-4.92194e-47
-3.57326e-48
-2.43183e-47
-7.91209e-49
2.29612e-47
1.35131e-48
2.41571e-47
7.46104e-49
1.1952e-48
4.02218e-50
1.35742e-49
3.89765e-51
5.73105e-51
-8.14512e-51
1.11683e-51
-7.6231e-50
1.1045e-50
-1.45214e-48
2.65792e-49
-1.96066e-48
2.25503e-48
2.89561e-48
4.71244e-47
5.5778e-48
2.18967e-47
6.2929e-50
-7.04885e-47
-4.22336e-48
-4.93894e-47
-3.22405e-48
-1.2882e-48
3.4043e-49
2.42446e-47
3.06463e-48
3.08343e-47
3.35084e-49
-2.26035e-47
-2.74842e-48
-2.29164e-47
-1.06366e-48
2.31469e-47
1.37073e-48
2.44785e-47
1.39006e-48
8.57962e-48
6.1518e-50
-7.24889e-48
-2.84748e-49
-3.168e-49
1.03605e-48
-2.53623e-49
-6.13817e-48
-9.1604e-49
-1.06008e-47
-3.61279e-47
2.88316e-48
2.25675e-46
8.94757e-48
8.03546e-47
1.40852e-48
2.73192e-47
-1.46813e-48
-1.07751e-47
3.35307e-48
6.88364e-47
5.19514e-49
1.13306e-48
-5.04023e-47
4.00475e-41
1.87916e-42
1.36939e-42
1.46572e-43
6.32287e-44
4.94951e-45
2.0263e-45
1.97461e-46
7.96074e-47
5.16819e-48
2.31306e-48
-1.13132e-48
-3.86245e-50
-6.64033e-49
-2.46283e-50
6.32086e-49
4.61209e-50
6.65793e-49
2.54163e-50
3.3876e-50
1.36392e-51
3.81781e-51
1.31962e-52
1.64406e-52
-2.75704e-52
3.17668e-53
-2.58515e-51
3.1693e-52
-4.94703e-50
7.47232e-51
-6.6824e-50
6.39443e-50
9.86827e-50
1.29785e-48
1.90106e-49
6.01691e-49
2.14661e-51
-1.94107e-48
-1.4384e-49
-1.36207e-48
-1.07683e-49
-3.60263e-50
1.36938e-50
6.7199e-49
1.0232e-49
9.35347e-49
9.21674e-51
-6.18092e-49
-9.37006e-50
-6.30149e-49
-3.41688e-50
6.37583e-49
4.66247e-50
6.78106e-49
4.31404e-50
3.1985e-49
1.99252e-51
-2.82162e-49
-7.87478e-51
-1.21769e-50
3.32233e-50
-7.40174e-51
-2.53805e-49
-2.31003e-50
-4.03998e-49
-9.60733e-49
1.41037e-49
6.69238e-48
3.51761e-49
2.24662e-48
5.22506e-50
7.61922e-49
-5.20084e-50
-2.0592e-49
1.10081e-49
1.89742e-48
1.95621e-50
2.97865e-50
-1.467e-48
-2.44672e-42
2.10885e-42
-8.71887e-44
1.56798e-43
-4.07294e-45
5.3113e-45
-1.34791e-46
2.14877e-46
-5.35065e-48
6.42661e-48
-1.66669e-49
1.79123e-49
-8.84562e-51
-1.63439e-50
-8.63537e-52
2.15601e-50
1.18698e-51
2.25115e-50
6.59212e-52
1.14088e-51
3.60896e-53
1.28284e-52
3.45727e-54
5.49948e-54
-7.22831e-54
1.05533e-54
-6.84466e-53
1.06043e-53
-1.28274e-51
2.51098e-52
-1.72838e-51
2.15354e-51
2.55854e-51
4.38771e-50
4.92461e-51
2.03477e-50
5.65721e-53
-6.56227e-50
-3.73037e-51
-4.604e-50
-2.86489e-51
-1.22201e-51
2.84072e-52
2.26445e-50
2.71959e-51
2.97913e-50
3.1156e-52
-2.09715e-50
-2.42617e-51
-2.13157e-50
-9.55412e-52
2.15471e-50
1.21028e-51
2.2859e-50
1.25855e-51
9.04988e-51
5.55216e-53
-7.78103e-51
-2.76342e-52
-3.47315e-52
8.17707e-52
-2.30702e-52
-7.14897e-51
-5.48044e-52
-1.10017e-50
-3.07309e-50
4.185e-51
2.65231e-49
9.60578e-51
7.76965e-50
1.32334e-51
2.59016e-50
-1.26497e-51
-8.80248e-51
2.99203e-51
6.409e-50
4.42664e-52
1.05372e-51
-4.7894e-50
-8.32409e-41
-2.17127e-42
-2.8585e-42
-1.63915e-43
-1.3314e-43
-5.56689e-45
-4.28655e-45
-2.25901e-46
-1.6965e-46
-6.79314e-48
-5.11212e-48
-2.37848e-49
-1.76962e-49
-7.24279e-51
-5.00667e-51
3.49229e-52
-1.1794e-52
5.80254e-52
1.57471e-53
3.01716e-53
9.66367e-55
3.37115e-54
9.99394e-56
1.467e-55
-2.14805e-55
2.78785e-56
-2.04771e-54
2.83157e-55
-3.85296e-53
6.60398e-54
-5.19334e-53
5.7281e-53
7.68467e-53
1.14118e-51
1.47933e-52
5.28264e-52
1.70095e-54
-1.70653e-51
-1.12003e-52
-1.19869e-51
-8.47923e-53
-3.21248e-53
9.75082e-54
5.92135e-52
8.04902e-53
8.37204e-52
8.10569e-54
-5.4217e-52
-7.28918e-53
-5.53696e-52
-2.74986e-53
5.60473e-52
3.63114e-53
5.97444e-52
3.53793e-53
2.95764e-52
1.60394e-54
-2.6207e-52
-7.30169e-54
-1.16098e-53
2.2846e-53
-6.21314e-54
-2.50534e-52
-1.16842e-53
-3.64699e-52
-7.64255e-52
1.59997e-52
7.41824e-51
3.25634e-52
2.05527e-51
4.27252e-53
6.81505e-52
-3.90795e-53
-1.63239e-52
8.74685e-53
1.66811e-51
1.43418e-53
2.62135e-53
-1.30287e-51
-7.92834e-43
-2.1566e-42
-3.00887e-44
-1.64764e-43
-1.39414e-45
-5.60846e-45
-4.80569e-47
-2.27628e-46
-1.89579e-48
-6.84961e-48
-6.00421e-50
-2.38673e-49
-2.07647e-51
-6.73002e-51
-6.12333e-53
-1.91336e-52
-9.97704e-55
1.20199e-53
4.33712e-55
7.49891e-55
2.53899e-56
9.59772e-56
2.48626e-57
4.22426e-57
-5.27548e-57
8.10058e-58
-5.08889e-56
8.33755e-57
-9.42449e-55
1.95224e-55
-1.26778e-54
1.70664e-54
1.87939e-54
3.4097e-53
3.61547e-54
1.57873e-53
4.21429e-56
-5.09874e-53
-2.74e-54
-3.58108e-53
-2.11791e-54
-9.61374e-55
1.95704e-55
1.76511e-53
2.00906e-54
2.39612e-53
2.42231e-55
-1.62428e-53
-1.78082e-54
-1.6551e-53
-7.14541e-55
1.6741e-53
8.89062e-55
1.7813e-53
9.49949e-55
7.82211e-54
4.1509e-56
-6.81938e-54
-2.23112e-55
-3.10048e-55
5.22638e-55
-1.71228e-55
-6.63349e-54
-1.72235e-55
-9.39181e-54
-2.13874e-53
4.38611e-54
2.5295e-52
8.42037e-54
6.28522e-53
1.03575e-54
2.0486e-53
-9.04521e-55
-5.93447e-54
2.22285e-54
4.98058e-53
3.11418e-55
8.0766e-55
-3.79519e-53
4.1863e-41
1.2453e-42
1.43728e-42
5.5779e-44
6.69355e-44
1.75866e-45
2.15478e-45
7.00921e-47
8.5277e-47
2.09568e-48
2.56946e-48
7.29739e-50
8.88991e-50
2.0466e-51
2.50585e-51
6.38206e-53
7.73053e-53
2.09609e-54
2.05142e-54
6.91184e-56
5.75384e-56
3.60393e-57
1.47012e-57
1.36765e-58
-1.04431e-58
2.06433e-59
-1.36549e-57
2.07475e-58
-2.53885e-56
4.80377e-57
-3.41602e-56
4.25545e-56
5.06235e-56
8.35389e-55
9.73972e-56
3.8624e-55
1.13661e-57
-1.24905e-54
-7.37885e-56
-8.78113e-55
-5.64592e-56
-2.37346e-56
5.84688e-57
4.34443e-55
5.35568e-56
6.24858e-55
5.93674e-57
-3.95945e-55
-4.79789e-56
-4.05103e-55
-1.86843e-56
4.10192e-55
2.39305e-56
4.38229e-55
2.44495e-56
2.28179e-55
1.0858e-57
-2.03224e-55
-5.57681e-57
-9.20245e-57
1.28684e-56
-4.26022e-57
-2.03262e-55
-1.91454e-57
-2.76462e-55
-4.94592e-55
1.41647e-55
6.6539e-54
2.52011e-55
1.56899e-54
2.97043e-56
5.07372e-55
-2.4837e-56
-1.05607e-55
5.87515e-56
1.22103e-54
8.87522e-57
1.89616e-56
-9.64586e-55
1.60917e-42
1.34941e-42
5.81392e-44
6.33997e-44
2.70005e-45
2.02907e-45
9.01221e-47
8.10275e-47
3.56033e-48
2.43516e-48
1.1022e-49
8.47842e-50
3.81029e-51
2.38731e-51
1.09678e-52
7.39651e-53
3.38316e-54
1.96176e-54
9.10136e-56
5.51421e-56
2.54731e-57
1.4123e-57
6.48734e-59
3.72098e-59
-1.61039e-60
1.31583e-60
-3.1817e-59
5.49237e-60
-5.84778e-58
1.27198e-58
-7.85553e-58
1.13993e-57
1.16581e-57
2.24205e-56
2.24179e-57
1.03675e-56
2.64536e-59
-3.35207e-56
-1.69978e-57
-2.35649e-56
-1.32296e-57
-6.37285e-58
1.12716e-58
1.16415e-56
1.25427e-57
1.6275e-56
1.59358e-58
-1.06465e-56
-1.10401e-57
-1.08759e-56
-4.51894e-58
1.1006e-56
5.51673e-58
1.1744e-56
6.06583e-58
5.64651e-57
2.6144e-59
-4.97915e-57
-1.51878e-58
-2.30162e-58
2.71242e-58
-1.05431e-58
-5.05266e-57
6.2954e-59
-6.71507e-57
-1.22516e-56
3.61061e-57
2.00086e-55
6.14983e-57
4.31282e-56
6.85942e-58
1.37059e-56
-5.45145e-58
-3.32916e-57
1.39615e-57
3.27524e-56
1.84042e-58
5.18752e-58
-2.54304e-56
-1.64295e-44
1.44632e-42
-5.83504e-46
6.79555e-44
-2.7828e-47
2.1706e-45
-9.10925e-49
8.66878e-47
-3.63074e-50
2.60144e-48
-1.10159e-51
9.05818e-50
-3.80476e-53
2.54769e-51
-1.07323e-54
7.8928e-53
-3.2857e-56
2.07985e-54
-8.56467e-58
5.81733e-56
-2.34252e-59
1.43721e-57
-5.47403e-61
3.66983e-59
-9.23406e-62
8.59532e-61
-7.77387e-61
1.46957e-61
-1.4303e-59
2.92973e-60
-1.9216e-59
2.66443e-59
2.85109e-59
5.16798e-58
5.48286e-59
2.38697e-58
6.47909e-61
-7.72564e-58
-4.15642e-59
-5.43543e-58
-3.21312e-59
-1.47704e-59
2.9762e-60
2.69392e-58
3.04624e-59
3.94615e-58
3.6744e-60
-2.44355e-58
-2.70037e-59
-2.50494e-58
-1.0838e-59
2.537e-58
1.34856e-59
2.71651e-58
1.44022e-59
1.48946e-58
6.25847e-61
-1.3338e-58
-3.5735e-60
-6.15607e-60
5.89838e-60
-2.42517e-60
-1.38146e-58
3.1023e-60
-1.78131e-58
-2.61699e-58
1.02216e-58
4.9441e-57
1.65212e-58
1.01464e-57
1.77367e-59
3.19178e-58
-1.34864e-59
-5.6244e-59
3.37199e-59
7.55355e-58
4.68203e-60
1.14738e-59
-6.0412e-58
-1.59174e-42
-2.05144e-43
-5.74837e-44
-1.27511e-44
-2.65923e-45
-4.38397e-46
-8.88199e-47
-1.76698e-47
-3.5048e-48
-5.43393e-49
-1.08647e-49
-1.89047e-50
-3.7572e-51
-5.41008e-52
-1.08342e-52
-1.67494e-53
-3.34551e-54
-4.47295e-55
-8.99016e-56
-1.25078e-56
-2.51236e-57
-3.12056e-58
-6.30166e-59
-7.96458e-60
-1.61122e-60
-1.85629e-61
-5.47312e-62
-1.32289e-63
-3.10816e-61
7.02704e-62
-4.15862e-61
6.49231e-61
6.17682e-61
1.2606e-59
1.18735e-60
5.82282e-60
1.41605e-62
-1.88434e-59
-9.00729e-61
-1.32576e-59
-7.06206e-61
-3.60182e-61
5.47905e-62
6.56514e-60
6.69243e-61
9.43824e-60
8.96407e-62
-5.96757e-60
-5.84651e-61
-6.11161e-60
-2.44378e-61
6.18704e-60
2.92441e-61
6.62017e-60
3.31291e-61
3.45215e-60
1.40451e-62
-3.07364e-60
-8.80946e-62
-1.4426e-61
1.12904e-61
-5.44445e-62
-3.22255e-60
1.39335e-61
-4.07501e-60
-5.76126e-60
2.43042e-60
1.33358e-58
3.7977e-60
2.537e-59
3.88873e-61
7.83964e-60
-2.80031e-61
-1.55775e-60
7.4971e-61
1.84175e-59
9.2367e-62
2.82543e-61
-1.45636e-59
-4.52592e-41
-5.49561e-42
-1.54997e-42
-3.26798e-43
-7.21832e-44
-1.08067e-44
-2.31946e-45
-4.35532e-46
-9.17987e-47
-1.30856e-47
-2.76214e-48
-4.55788e-49
-9.55712e-50
-1.28164e-50
-2.69106e-51
-3.97018e-52
-8.29975e-53
-1.04575e-53
-2.18731e-54
-2.92418e-55
-6.09725e-56
-7.21646e-57
-1.50468e-57
-1.84094e-58
-3.82977e-59
-4.25839e-60
-8.85966e-61
-9.98228e-62
-2.76826e-62
-6.49546e-64
-9.76843e-63
1.41811e-62
1.38298e-62
2.73202e-61
2.66043e-62
1.26076e-61
3.17814e-64
-4.08334e-61
-2.01806e-62
-2.87482e-61
-1.5758e-62
-7.8366e-63
1.29281e-63
1.42763e-61
1.49329e-62
2.13192e-61
1.94331e-63
-1.2886e-61
-1.31008e-62
-1.32371e-61
-5.41293e-63
1.34089e-61
6.55102e-63
1.43905e-61
7.29576e-63
8.31436e-62
3.10047e-64
-7.48671e-62
-1.94654e-63
-3.51494e-63
2.14203e-63
-1.15804e-63
-7.97287e-62
3.99775e-63
-9.84732e-62
-1.12466e-61
6.16276e-62
3.094e-60
9.2684e-62
5.62143e-61
9.16713e-63
1.71583e-61
-6.30467e-63
-2.46657e-62
1.66746e-62
3.99336e-61
2.12041e-63
5.88053e-63
-3.23613e-61
5.28999e-41
-2.82925e-42
1.82327e-42
-1.24232e-43
8.49036e-44
-3.90506e-45
2.74095e-45
-1.55479e-46
1.08464e-46
-4.65003e-48
3.27513e-48
-1.61912e-49
1.13305e-49
-4.54345e-51
3.19916e-51
-1.40749e-52
9.86595e-53
-3.70146e-54
2.60567e-54
-1.03499e-55
7.26326e-56
-2.55091e-57
1.79551e-57
-6.50681e-59
4.57013e-59
-1.50353e-60
1.05823e-60
-3.52614e-62
2.46411e-62
-7.30902e-64
3.4825e-64
3.01503e-64
2.93589e-64
6.10941e-63
5.42027e-64
2.8195e-63
6.52715e-66
-9.13098e-63
-4.11218e-64
-6.42895e-63
-3.24914e-64
-1.75118e-64
2.26079e-65
3.19147e-63
3.07797e-64
4.71315e-63
4.3465e-65
-2.88352e-63
-2.66747e-64
-2.96074e-63
-1.13966e-64
2.99813e-63
1.3357e-64
3.21678e-63
1.5606e-64
1.80647e-63
6.49567e-66
-1.62186e-63
-4.39055e-65
-7.72131e-65
3.60398e-65
-2.37338e-65
-1.74524e-63
1.20204e-64
-2.12005e-63
-2.18634e-63
1.36947e-63
7.57767e-62
2.00485e-63
1.28992e-62
1.90385e-64
3.86533e-63
-1.23625e-64
-6.0479e-64
3.47113e-64
8.928e-63
3.96738e-65
1.31632e-64
-7.18733e-63
1.44135e-40
6.0729e-42
4.94919e-42
5.02337e-43
2.30506e-43
1.72147e-44
7.42093e-45
6.9996e-46
2.93695e-46
2.10579e-47
8.84958e-48
7.33716e-49
3.06178e-49
2.063e-50
8.63056e-51
6.39067e-52
2.66162e-52
1.68314e-53
7.0202e-54
4.70641e-55
1.95679e-55
1.16137e-56
4.83203e-57
2.96264e-58
1.22979e-58
6.85254e-60
2.84512e-60
1.60735e-61
6.66175e-62
3.48724e-63
1.44105e-63
8.21815e-65
3.71342e-65
1.26005e-64
1.1834e-65
5.74244e-65
1.47877e-67
-1.85989e-64
-8.49834e-66
-1.31025e-64
-6.70234e-66
-3.5771e-66
4.8037e-67
6.52061e-65
6.34905e-66
9.93558e-65
8.85687e-67
-5.85566e-65
-5.51301e-66
-6.02853e-65
-2.34311e-66
6.10749e-65
2.76041e-66
6.57008e-65
3.20027e-66
4.00154e-65
1.3297e-67
-3.62297e-65
-9.10168e-67
-1.72771e-66
5.66393e-67
-4.66485e-67
-3.94675e-65
2.93787e-66
-4.7049e-65
-3.81624e-65
3.15379e-65
1.65058e-63
4.48459e-65
2.69119e-64
4.12603e-66
7.94981e-65
-2.55215e-66
-8.8036e-66
7.15031e-66
1.81949e-64
8.28495e-67
2.57551e-66
-1.49512e-64
-4.90511e-41
1.85936e-42
-1.68414e-42
2.33204e-43
-7.84304e-44
8.2334e-45
-2.52491e-45
3.37197e-46
-9.99245e-47
1.01529e-47
-3.01089e-48
3.53854e-49
-1.04172e-49
9.94708e-51
-2.93646e-51
3.08136e-52
-9.05622e-53
8.11366e-54
-2.38871e-54
2.26868e-55
-6.65855e-56
5.59718e-57
-1.64432e-57
1.42776e-58
-4.18518e-59
3.30183e-60
-9.68296e-61
7.74441e-62
-2.26749e-62
1.67963e-63
-4.91914e-64
3.65728e-65
-1.05457e-65
3.31012e-66
-2.48586e-69
1.19934e-66
-1.76408e-69
-3.83769e-66
-1.6288e-67
-2.70402e-66
-1.29684e-67
-7.37421e-68
7.93608e-69
1.34578e-66
1.22814e-67
2.04008e-66
1.82806e-68
-1.20859e-66
-1.05536e-67
-1.24424e-66
-4.61294e-68
1.26022e-66
5.2907e-68
1.35583e-66
6.38132e-68
8.15625e-67
2.60448e-69
-7.37665e-67
-1.89261e-68
-3.55954e-68
7.48304e-69
-8.75589e-69
-8.10815e-67
7.3664e-68
-9.52883e-67
-6.35874e-67
6.55837e-67
3.70364e-65
9.12361e-67
5.70515e-66
8.10372e-68
1.65326e-66
-4.71945e-68
-1.9125e-67
1.39467e-67
3.75427e-66
1.46619e-68
5.27827e-68
-3.0763e-66
-1.46747e-40
-1.01721e-41
-5.03782e-42
-5.44835e-43
-2.34617e-43
-1.77433e-44
-7.55226e-45
-7.12494e-46
-2.98887e-46
-2.13807e-47
-9.00526e-48
-7.44636e-49
-3.11568e-49
-2.09279e-50
-8.78206e-51
-6.48302e-52
-2.70842e-52
-1.70698e-53
-7.14347e-54
-4.77315e-55
-1.99122e-55
-1.17758e-56
-4.91705e-57
-3.00401e-58
-1.25149e-58
-6.94703e-60
-2.89534e-60
-1.62951e-61
-6.77998e-62
-3.53416e-63
-1.47058e-63
-7.66726e-65
-3.18622e-65
-1.51119e-66
-6.44259e-67
-8.78775e-69
-1.30054e-68
-7.40766e-68
-3.36854e-69
-5.18031e-68
-2.48915e-69
-1.41464e-69
1.52472e-70
2.58342e-68
2.35278e-69
4.01986e-68
3.501e-70
-2.30767e-68
-2.02196e-69
-2.3814e-68
-8.83587e-70
2.41279e-68
1.01379e-69
2.60188e-68
1.22204e-69
1.67093e-68
4.96417e-71
-1.52094e-68
-3.67985e-70
-7.35898e-70
7.13673e-71
-1.58705e-70
-1.68842e-68
1.61985e-69
-1.95394e-68
-9.33235e-69
1.38485e-68
7.57492e-67
1.88299e-68
1.12065e-67
1.62482e-69
3.19526e-68
-8.98442e-70
-2.46447e-69
2.67209e-69
7.19069e-68
2.80171e-70
9.69992e-70
-5.99579e-68
5.21563e-41
-4.48895e-42
1.79066e-42
-2.01792e-43
8.33828e-44
-6.38716e-45
2.68429e-45
-2.54567e-46
1.06229e-46
-7.62979e-48
3.20088e-48
-2.65648e-49
1.10747e-49
-7.46586e-51
3.12186e-51
-2.31273e-52
9.62832e-53
-6.08953e-54
2.53972e-54
-1.70278e-55
7.07981e-56
-4.201e-57
1.74844e-57
-1.07167e-58
4.45043e-59
-2.47837e-60
1.02972e-60
-5.81334e-62
2.41148e-62
-1.26084e-63
5.23106e-64
-2.73545e-65
1.13356e-65
-5.55741e-67
2.30751e-67
-1.07867e-68
4.64618e-69
-1.62038e-69
3.25629e-71
-9.95242e-70
-4.34582e-71
-2.71076e-71
2.39548e-72
4.94636e-70
4.27237e-71
7.6933e-70
6.70109e-72
-4.41506e-70
-3.63852e-71
-4.5577e-70
-1.62853e-71
4.61691e-70
1.82632e-71
4.98092e-70
2.27604e-71
3.19696e-70
9.10164e-73
-2.91041e-70
-7.09266e-72
-1.4226e-71
-1.52626e-74
-2.72807e-72
-3.25608e-70
3.58494e-71
-3.72193e-70
-1.17223e-70
2.69752e-70
1.56764e-68
3.60194e-70
2.20589e-69
3.01427e-71
6.16426e-70
-1.56496e-71
-4.67982e-71
4.88681e-71
1.37603e-69
4.67735e-72
1.82948e-71
-1.14763e-69
1.51416e-40
6.33892e-42
5.19509e-42
5.2558e-43
2.41959e-43
1.80044e-44
7.78519e-45
7.32159e-46
3.08117e-46
2.20182e-47
9.28009e-48
7.67228e-49
3.21079e-49
2.15659e-50
9.04753e-51
6.68093e-52
2.79025e-52
1.75918e-53
7.35752e-54
4.91922e-55
2.05082e-55
1.21367e-56
5.06319e-57
3.09611e-58
1.28862e-58
7.16027e-60
2.98073e-60
1.67955e-61
6.97954e-62
3.64279e-63
1.51363e-63
7.90329e-65
3.2795e-65
1.60841e-66
6.67213e-67
3.24266e-68
1.34339e-68
5.94012e-70
2.55528e-70
-6.20666e-72
4.00963e-72
-2.78288e-73
1.27532e-73
8.92535e-72
7.64242e-73
1.41883e-71
1.20637e-73
-7.92518e-72
-6.48657e-73
-8.19897e-72
-2.914e-73
8.30745e-72
3.25689e-73
8.98136e-72
4.07871e-73
6.08293e-72
1.62003e-74
-5.56553e-72
-1.29349e-73
-2.72984e-73
-2.58318e-74
-4.5401e-74
-6.2777e-72
7.22618e-73
-7.08443e-72
-1.00473e-72
5.25815e-72
3.01104e-70
6.89311e-72
4.07949e-71
5.61818e-73
1.11961e-71
-2.7588e-73
-4.79887e-73
8.73522e-73
2.47691e-71
8.21223e-74
3.15457e-73
-2.09719e-71
-1.03553e-40
1.09102e-42
-3.55249e-42
1.30826e-43
-1.65474e-43
4.62538e-45
-5.32367e-45
1.90135e-46
-2.10705e-46
5.749e-48
-6.34557e-48
2.01256e-49
-2.1955e-49
5.68157e-51
-6.18602e-51
1.76781e-52
-1.90773e-52
4.67468e-54
-5.02997e-54
1.31287e-55
-1.40199e-55
3.25285e-57
-3.46102e-57
8.33413e-59
-8.80815e-59
1.93563e-60
-2.03725e-60
4.56009e-62
-4.77005e-62
9.93303e-64
-1.03438e-63
2.1645e-65
-2.24098e-65
4.42423e-67
-4.55887e-67
8.95727e-69
-9.17837e-69
1.71425e-70
-1.7527e-70
2.92588e-72
-3.30313e-72
4.97887e-74
-5.83792e-74
1.6007e-73
1.19702e-74
2.5376e-73
2.13125e-75
-1.41073e-73
-1.09713e-74
-1.46044e-73
-5.0328e-75
1.47957e-73
5.5141e-75
1.60073e-73
7.10674e-75
1.09292e-73
2.78315e-76
-1.0009e-73
-2.31988e-75
-4.95335e-75
-8.77369e-76
-7.1157e-76
-1.13665e-73
1.4463e-74
-1.26902e-73
3.95636e-75
9.60047e-74
5.77613e-72
1.23959e-73
7.48453e-73
9.83551e-75
2.01103e-73
-4.52147e-75
-7.4014e-75
1.49869e-74
4.41197e-73
1.28978e-75
5.49525e-75
-3.74551e-73
-1.04191e-40
-5.394e-42
-3.58151e-42
-3.20226e-43
-1.66822e-43
-1.05066e-44
-5.37524e-45
-4.16564e-46
-2.1276e-46
-1.23668e-47
-6.41531e-48
-4.22939e-49
-2.21991e-49
-1.17239e-50
-6.26118e-51
-3.55996e-52
-1.93125e-52
-9.22074e-54
-5.09641e-54
-2.52211e-55
-1.42083e-55
-6.1026e-57
-3.51016e-57
-1.51883e-58
-8.9355e-59
-3.4327e-60
-2.06808e-60
-7.82943e-62
-4.84364e-62
-1.65245e-63
-1.05097e-63
-3.47113e-65
-2.27763e-65
-6.83767e-67
-4.63595e-67
-1.32694e-68
-9.33663e-69
-2.43714e-70
-1.78365e-70
-4.38093e-72
-3.34919e-72
-7.49296e-74
-6.00605e-74
1.45359e-75
-8.37063e-76
4.36475e-75
1.85896e-77
-2.38059e-75
-1.82786e-76
-2.46916e-75
-8.42901e-77
2.50188e-75
9.17643e-77
2.71206e-75
1.19344e-76
1.93758e-75
4.63576e-78
-1.78158e-75
-3.96888e-77
-8.85239e-77
-2.25981e-77
-1.07749e-77
-2.0372e-75
2.69564e-76
-2.24992e-75
4.42906e-76
1.73594e-75
1.04205e-73
2.20782e-75
1.30318e-74
1.71019e-76
3.43273e-75
-7.40326e-77
-2.70078e-77
2.50491e-76
7.46326e-75
2.08583e-77
8.87958e-77
-6.42119e-75
4.70694e-41
8.20555e-42
1.60152e-42
5.14175e-43
7.38297e-44
1.7711e-44
2.35602e-45
8.73173e-46
9.22905e-47
2.82946e-47
2.75638e-48
1.16109e-48
9.43862e-50
3.52249e-50
2.63654e-51
1.24891e-51
8.04661e-53
3.54345e-53
2.10249e-54
1.11194e-54
5.7986e-56
2.95057e-56
1.41792e-57
8.3304e-58
3.56978e-59
2.06843e-59
8.17425e-61
5.31588e-61
1.89279e-62
1.23595e-62
4.06124e-64
2.91616e-64
8.69794e-66
6.35331e-66
1.7497e-67
1.38494e-67
3.48055e-69
2.82924e-69
6.567e-71
5.72487e-71
1.21708e-72
1.09722e-72
2.15444e-74
2.0726e-74
3.76304e-76
4.45434e-76
6.79645e-78
-3.29809e-77
-2.80033e-78
-4.09333e-77
-1.3635e-78
4.15857e-77
1.45991e-78
4.51202e-77
1.94764e-78
3.26998e-77
7.46798e-80
-3.01098e-77
-6.64184e-79
-1.50806e-78
-4.90432e-79
-1.52063e-79
-3.46355e-77
4.94297e-78
-3.78941e-77
1.42253e-77
2.97232e-77
1.85987e-75
3.73194e-77
2.23475e-76
2.82319e-78
5.75613e-77
-1.14034e-78
1.14751e-79
4.0333e-78
1.24071e-76
3.072e-79
1.4318e-78
-1.07238e-76
-9.16977e-42
1.09511e-41
-3.70793e-43
6.45511e-43
-2.26046e-44
2.18673e-44
-8.31026e-46
1.03324e-45
-4.0026e-47
3.29821e-47
-1.35319e-48
1.31735e-48
-5.46744e-50
3.94806e-50
-1.70906e-51
1.37432e-51
-5.99762e-53
3.86055e-53
-1.73946e-54
1.19555e-54
-5.42203e-56
3.14637e-56
-1.46281e-57
8.79556e-58
-4.11279e-59
2.16891e-59
-1.03433e-60
5.53133e-61
-2.65203e-62
1.27857e-62
-6.22808e-64
2.99819e-64
-1.46801e-65
6.49964e-66
-3.22388e-67
1.40972e-67
-7.02748e-69
2.86758e-69
-1.44489e-70
5.77811e-71
-2.92572e-72
1.10334e-72
-5.63717e-74
2.07232e-74
-1.06376e-75
3.72763e-76
-1.9212e-77
5.89366e-78
-3.83977e-79
-5.42265e-79
-2.71684e-80
6.62522e-79
2.26205e-80
7.18268e-79
3.06761e-80
5.41411e-79
1.16565e-81
-5.00193e-79
-1.0661e-80
-2.51633e-80
-9.8412e-81
-2.05271e-81
-5.78771e-79
8.55919e-80
-6.27371e-79
3.38522e-79
5.00298e-79
3.15174e-77
6.20295e-79
3.66325e-78
4.59133e-80
9.2335e-79
-1.73769e-80
2.5794e-80
6.31287e-80
1.97209e-78
4.5797e-81
2.16454e-80
-1.72541e-78
-3.03543e-40
-9.88479e-42
-1.11405e-41
-5.06829e-43
-6.57688e-43
-1.69527e-44
-2.27386e-44
-8.31894e-46
-1.07791e-45
-2.69121e-47
-3.49028e-47
-1.1058e-48
-1.39706e-48
-3.35283e-50
-4.22892e-50
-1.18992e-51
-1.47452e-51
-3.37462e-53
-4.17155e-53
-1.05967e-54
-1.29369e-54
-2.81088e-56
-3.42222e-56
-7.93965e-58
-9.57881e-58
-1.97085e-59
-2.37102e-59
-5.0667e-61
-6.0537e-61
-1.17774e-62
-1.40327e-62
-2.77941e-64
-3.29402e-64
-6.05422e-66
-7.15617e-66
-1.31992e-67
-1.55355e-67
-2.69597e-69
-3.16529e-69
-5.45564e-71
-6.38322e-71
-1.04548e-72
-1.22041e-72
-1.97065e-74
-2.29376e-74
-3.54434e-76
-4.11691e-76
-6.24886e-78
-7.2296e-78
-1.15491e-79
-1.22158e-79
8.53289e-81
-1.66247e-81
1.11471e-80
4.37602e-82
8.58288e-81
1.71296e-83
-7.94335e-81
-1.6679e-82
-4.02496e-82
-1.81418e-82
-2.52232e-83
-9.23968e-81
1.44912e-81
-9.93308e-81
7.16564e-81
8.03529e-81
5.24806e-79
9.85357e-81
5.88348e-80
7.14223e-82
1.44817e-80
-2.51238e-82
5.90462e-82
9.54129e-82
3.06546e-80
6.29947e-83
3.23363e-82
-2.69856e-80
-1.36506e-41
-1.03823e-41
-5.31252e-43
-5.36083e-43
-3.00401e-44
-1.7988e-44
-1.07787e-45
-8.79622e-46
-4.97726e-47
-2.84775e-47
-1.65391e-48
-1.16726e-48
-6.50741e-50
-3.54072e-50
-2.0078e-51
-1.25456e-51
-6.91975e-53
-3.55898e-53
-1.98647e-54
-1.1163e-54
-6.11187e-56
-2.9617e-56
-1.63537e-57
-8.35896e-58
-4.55317e-59
-2.07522e-59
-1.13734e-60
-5.33193e-61
-2.89402e-62
-1.23952e-62
-6.75792e-64
-2.92396e-64
-1.58324e-65
-6.36951e-66
-3.46028e-67
-1.38824e-67
-7.50538e-69
-2.83564e-69
-1.53683e-70
-5.73703e-71
-3.09903e-72
-1.09944e-72
-5.94999e-74
-2.07204e-74
-1.11892e-75
-3.72698e-76
-2.01552e-77
-6.55976e-78
-3.54278e-79
-1.10922e-79
-5.99423e-81
-1.67067e-81
-9.36083e-83
1.38177e-82
5.37235e-84
1.32497e-82
2.33795e-85
-1.23388e-82
-2.51207e-84
-6.28133e-84
-3.18273e-84
-2.86255e-85
-1.44251e-82
2.33784e-83
-1.53834e-82
1.36608e-82
1.26208e-82
8.3535e-81
1.53129e-82
9.0783e-82
1.08829e-83
2.18274e-82
-3.567e-84
1.41087e-83
1.39978e-83
4.57733e-82
8.64656e-85
4.56315e-84
-4.07561e-82
-5.69415e-41
-2.17953e-42
-1.9632e-42
-1.04308e-43
-9.22201e-44
-3.40809e-45
-2.98231e-45
-1.43111e-46
-1.19e-46
-4.43246e-48
-3.60323e-48
-1.6217e-49
-1.25651e-49
-4.72037e-51
-3.56043e-51
-1.53407e-52
-1.10642e-52
-4.19158e-54
-2.9345e-54
-1.22823e-55
-8.24056e-56
-3.14962e-57
-2.04681e-57
-8.41345e-59
-5.24747e-59
-2.02526e-60
-1.22142e-60
-4.97252e-62
-2.88078e-62
-1.124e-63
-6.28799e-64
-2.55233e-65
-1.37224e-65
-5.4199e-67
-2.81051e-67
-1.14359e-68
-5.69991e-69
-2.28224e-70
-1.09596e-70
-4.49038e-72
-2.07232e-72
-8.42472e-74
-3.74217e-74
-1.54973e-75
-6.61309e-76
-2.73405e-77
-1.12178e-77
-4.71093e-79
-1.85584e-79
-7.81793e-81
-2.95749e-81
-1.24074e-82
-4.57843e-83
4.6361e-85
-5.86876e-85
1.94976e-84
-6.3219e-87
-1.8411e-84
-3.69168e-86
-9.43343e-86
-5.26202e-86
-2.70235e-87
-2.16208e-84
3.6725e-85
-2.28894e-84
2.45485e-84
1.9015e-84
1.30018e-82
2.28535e-84
1.36744e-83
1.59424e-85
3.20595e-84
-4.83367e-86
2.55862e-85
1.98583e-85
6.66089e-84
1.10451e-86
6.31257e-86
-5.97494e-84
-2.18956e-42
-1.76549e-42
-7.94122e-44
-8.37101e-44
-3.71694e-45
-2.68678e-45
-1.24568e-46
-1.08208e-46
-4.95714e-48
-3.26376e-48
-1.54121e-49
-1.14549e-49
-5.36463e-51
-3.23905e-51
-1.55114e-52
-1.01111e-52
-4.81522e-54
-2.679e-54
-1.29735e-55
-7.54757e-56
-3.64182e-57
-1.87406e-57
-9.15832e-59
-4.81614e-59
-2.34835e-60
-1.12112e-60
-5.52004e-62
-2.64905e-62
-1.3027e-63
-5.78421e-64
-2.86573e-65
-1.26411e-65
-6.2595e-67
-2.59032e-67
-1.29e-68
-5.25941e-69
-2.61901e-70
-1.01184e-70
-5.06056e-72
-1.91511e-72
-9.57981e-74
-3.46035e-74
-1.73659e-75
-6.12009e-76
-3.0723e-77
-1.03879e-77
-5.22706e-79
-1.71977e-79
-8.65621e-81
-2.74223e-81
-1.38249e-82
-4.25126e-83
-2.14429e-84
-6.03019e-85
-3.07809e-86
1.94433e-86
-4.17622e-88
-2.68944e-86
-5.26147e-88
-1.38004e-87
-8.34864e-88
-1.84859e-89
-3.15788e-86
5.52943e-87
-3.31976e-86
4.13036e-86
2.79146e-86
1.94358e-84
3.32465e-86
1.98562e-85
2.27851e-87
4.53898e-86
-6.39581e-88
4.64516e-87
2.73194e-87
9.33992e-86
1.39006e-88
8.2881e-88
-8.47032e-86
-2.50986e-43
-8.52273e-44
-9.10416e-45
-4.04149e-45
-4.35959e-46
-1.34192e-46
-1.45061e-47
-5.38892e-48
-5.79969e-49
-1.66445e-49
-1.78269e-50
-5.81996e-51
-6.17363e-52
-1.67382e-52
-1.75977e-53
-5.20465e-54
-5.40317e-55
-1.39584e-55
-1.43213e-56
-3.91762e-57
-3.96086e-58
-9.81126e-59
-9.78259e-60
-2.51241e-60
-2.46471e-61
-5.88303e-62
-5.68198e-63
-1.38545e-63
-1.31488e-64
-3.03665e-65
-2.83332e-66
-6.61569e-67
-6.05899e-68
-1.35859e-68
-1.22173e-69
-2.75029e-70
-2.42528e-71
-5.29589e-72
-4.58032e-73
-9.99449e-74
-8.46866e-75
-1.80562e-75
-1.499e-76
-3.18429e-77
-2.58766e-78
-5.39951e-79
-4.29482e-80
-8.91307e-81
-6.93376e-82
-1.41883e-82
-1.07935e-83
-2.19414e-84
-1.63132e-85
-3.23282e-86
-2.36335e-87
-7.40737e-89
-3.30581e-89
-3.81616e-88
-7.58623e-90
-1.95182e-89
-1.26275e-89
3.06838e-92
-4.44245e-88
8.08454e-89
-4.64003e-88
6.64365e-88
3.94468e-88
2.83117e-86
4.65972e-88
2.8073e-87
3.14094e-89
6.24758e-88
-8.10869e-90
7.45679e-89
3.63698e-89
1.27317e-87
1.63435e-90
1.05932e-89
-1.16445e-87
3.10324e-46
-8.24446e-44
1.11699e-47
-3.87205e-45
4.60599e-49
-1.28236e-46
1.49317e-50
-5.11454e-48
5.16859e-52
-1.57601e-49
1.52039e-53
-5.48108e-51
4.54827e-55
-1.57275e-52
1.21545e-56
-4.86842e-54
3.18705e-58
-1.30265e-55
7.70743e-60
-3.64175e-57
1.77491e-61
-9.09884e-59
3.83728e-63
-2.32172e-60
7.63539e-65
-5.4233e-62
1.42506e-66
-1.27297e-63
2.28339e-68
-2.78312e-65
3.18242e-70
-6.0443e-67
2.35284e-72
-1.23802e-68
-2.9669e-74
-2.49856e-70
-2.3124e-75
-4.79819e-72
-7.32081e-77
-9.02782e-74
-1.9425e-78
-1.62641e-75
-4.42114e-80
-2.85954e-77
-9.40955e-82
-4.83472e-79
-1.84708e-83
-7.95608e-81
-3.45575e-85
-1.26265e-82
-6.10464e-87
-1.94678e-84
-1.03251e-88
-2.89933e-86
-1.42961e-90
-4.13683e-88
-1.73588e-92
-1.09656e-89
-9.47762e-92
-3.45307e-91
-1.83699e-91
3.01711e-93
-6.07475e-90
1.13711e-90
-6.30581e-90
1.01553e-89
5.41761e-90
3.97326e-88
6.34979e-90
3.8345e-89
4.21277e-91
8.30486e-90
-9.99361e-92
1.17221e-90
4.69182e-91
1.67554e-89
1.86822e-92
1.28766e-91
-1.54911e-89
2.68477e-43
-1.83256e-42
9.70421e-45
-8.61048e-44
4.62705e-46
-2.7463e-45
1.53445e-47
-1.09687e-46
6.1102e-49
-3.28803e-48
1.87199e-50
-1.14497e-49
6.45796e-52
-3.21762e-51
1.83485e-53
-9.9688e-53
5.61275e-55
-2.62486e-54
1.48286e-56
-7.34117e-56
4.08628e-58
-1.81131e-57
1.00595e-59
-4.62169e-59
2.52545e-61
-1.06896e-60
5.80284e-63
-2.50801e-62
1.33813e-64
-5.44048e-64
2.87382e-66
-1.18065e-65
6.12409e-68
-2.40318e-67
1.23071e-69
-4.84513e-69
2.43454e-71
-9.25786e-71
4.58214e-73
-1.73977e-72
8.44222e-75
-3.12157e-74
1.48914e-76
-5.48098e-76
2.56151e-78
-9.23607e-78
4.23641e-80
-1.51776e-79
6.81483e-82
-2.40207e-81
1.05701e-83
-3.69822e-83
1.59182e-85
-5.4961e-85
2.31549e-87
-7.93211e-87
3.26629e-89
-1.10723e-88
4.44265e-91
-1.50072e-90
3.32391e-93
-1.94936e-92
-8.00956e-92
1.52554e-92
-8.27411e-92
1.49142e-91
7.17785e-92
5.42034e-90
8.35295e-92
5.09012e-91
5.46043e-93
1.07146e-91
-1.18269e-93
1.71057e-92
5.85843e-93
2.13984e-91
1.98907e-94
1.51309e-93
-1.997e-91
2.10849e-42
2.62355e-43
7.61581e-44
1.6438e-44
3.52369e-45
5.66427e-46
1.17703e-46
2.28374e-47
4.64472e-48
7.02903e-49
1.43988e-49
2.44518e-50
4.97923e-51
7.00099e-52
1.43578e-52
2.16703e-53
4.4333e-54
5.78877e-55
1.19128e-55
1.61832e-56
3.32883e-57
4.03837e-58
8.34909e-59
1.03049e-59
2.13226e-60
2.40491e-61
4.99876e-62
5.64513e-63
1.17537e-63
1.23338e-64
2.57868e-65
2.67876e-66
5.61336e-67
5.48414e-68
1.15367e-68
1.10687e-69
2.33463e-70
2.12491e-71
4.49843e-72
3.9983e-73
8.48883e-74
7.20162e-75
1.5344e-75
1.26627e-76
2.70612e-77
2.14067e-78
4.59046e-79
3.52301e-80
7.57811e-81
5.5908e-82
1.2066e-82
8.62084e-84
1.86633e-84
1.28417e-85
2.78911e-86
1.85624e-87
4.04407e-88
2.5947e-89
5.67086e-90
3.51578e-91
7.70467e-92
4.61193e-93
-1.29058e-95
2.62354e-94
-1.04082e-93
2.0973e-93
9.22741e-94
7.13781e-92
1.06637e-93
6.53611e-93
6.87301e-95
1.33638e-93
-1.35563e-95
2.42119e-94
7.08404e-95
2.64107e-93
2.02069e-96
1.68905e-95
-2.49178e-93
5.96594e-41
7.22022e-42
2.04317e-42
4.29664e-43
9.51519e-44
1.42101e-44
3.05755e-45
5.72711e-46
1.21011e-46
1.72077e-47
3.64115e-48
5.99361e-49
1.25985e-49
1.68537e-50
3.54748e-51
5.22079e-52
1.09411e-52
1.37517e-53
2.88342e-54
3.84526e-55
8.03772e-56
9.48955e-57
1.98356e-57
2.42077e-58
5.04863e-59
5.59962e-60
1.16744e-60
1.31347e-61
2.73375e-62
2.84928e-63
5.92721e-64
6.18176e-65
1.28427e-65
1.25821e-66
2.61239e-67
2.53609e-68
5.26006e-69
4.84533e-70
1.00432e-70
9.10328e-72
1.88525e-72
1.63311e-73
3.37994e-74
2.86677e-75
5.92873e-76
4.82998e-77
9.98264e-78
7.93513e-79
1.63896e-79
1.2556e-80
2.59183e-81
1.93265e-82
3.98703e-83
2.87159e-84
5.92074e-85
4.14339e-86
8.53828e-87
5.77883e-88
1.19021e-88
7.81708e-90
1.60919e-90
1.02279e-91
2.10314e-92
1.29925e-93
2.53692e-94
4.42799e-95
1.47222e-95
9.12264e-94
1.31946e-95
8.14566e-95
8.37287e-97
1.61571e-95
-1.49305e-97
3.24616e-96
8.29004e-97
3.15902e-95
1.8767e-98
1.80694e-97
-3.01095e-95
-6.91906e-41
3.80299e-42
-2.38482e-42
1.68e-43
-1.11053e-43
5.29182e-45
-3.5852e-45
2.10743e-46
-1.41873e-46
6.30777e-48
-4.28398e-48
2.19627e-49
-1.48207e-49
6.16661e-51
-4.18465e-51
1.9103e-52
-1.29051e-52
5.02612e-54
-3.40835e-54
1.40541e-55
-9.50071e-56
3.4652e-57
-2.34862e-57
8.83931e-59
-5.97797e-59
2.04316e-60
-1.38423e-60
4.79215e-62
-3.2417e-62
1.03891e-63
-7.03629e-64
2.25376e-65
-1.52478e-65
4.58491e-67
-3.1044e-67
9.24025e-69
-6.25179e-69
1.76465e-70
-1.19455e-70
3.31488e-72
-2.24278e-72
5.94466e-74
-4.02336e-74
1.04336e-75
-7.0589e-76
1.75733e-77
-1.18916e-77
2.88659e-79
-1.95282e-79
4.5663e-81
-3.08949e-81
7.02732e-83
-4.75372e-83
1.04389e-84
-7.06185e-85
1.50595e-86
-1.01863e-86
2.0999e-88
-1.4204e-88
2.84006e-90
-1.92087e-90
3.7152e-92
-2.51276e-92
4.7095e-94
-3.18633e-94
6.14342e-96
-3.76732e-96
1.13304e-95
1.10939e-97
9.83279e-97
9.34841e-99
1.88929e-97
-1.59337e-99
4.20422e-98
9.38899e-99
3.65306e-97
1.59089e-100
1.82475e-99
-3.52104e-97
-1.89707e-40
-6.02552e-42
-6.51453e-42
-5.67526e-43
-3.03422e-43
-1.96644e-44
-9.76889e-45
-8.01658e-46
-3.86624e-46
-2.41299e-47
-1.165e-47
-8.40827e-49
-4.03066e-49
-2.36434e-50
-1.13618e-50
-7.32404e-52
-3.50387e-52
-1.92904e-53
-9.24171e-54
-5.39384e-55
-2.57595e-55
-1.33103e-56
-6.36094e-57
-3.39531e-58
-1.61887e-58
-7.85334e-60
-3.74522e-60
-1.84204e-61
-8.76947e-62
-3.99561e-63
-1.90203e-63
-8.66841e-65
-4.12096e-65
-1.76422e-66
-8.38478e-67
-3.55584e-68
-1.6882e-68
-6.79319e-70
-3.22395e-70
-1.27622e-71
-6.05155e-72
-2.28936e-73
-1.08508e-73
-4.01856e-75
-1.90328e-75
-6.77012e-77
-3.20496e-77
-1.1122e-78
-5.26178e-79
-1.75976e-80
-8.32139e-81
-2.70851e-82
-1.28005e-82
-4.02416e-84
-1.90093e-84
-5.80609e-86
-2.74126e-86
-8.09735e-88
-3.82128e-88
-1.09528e-89
-5.16632e-90
-1.43299e-91
-6.75624e-92
-1.81659e-93
-8.56101e-94
-2.22734e-95
-1.04927e-95
-1.29746e-97
-1.22723e-97
8.45165e-99
-1.31661e-99
2.10536e-99
-3.20779e-101
5.20184e-100
1.02697e-100
4.08938e-99
1.12592e-102
1.74016e-101
-3.98498e-99
6.18793e-41
-2.724e-42
2.12057e-42
-3.23737e-43
9.87795e-44
-1.14136e-44
3.17545e-45
-4.67053e-46
1.25684e-46
-1.40789e-47
3.78278e-48
-4.90649e-49
1.30881e-49
-1.38062e-50
3.68591e-51
-4.27682e-52
1.1367e-52
-1.12706e-53
2.99588e-54
-3.15154e-55
8.35018e-56
-7.78053e-57
2.0607e-57
-1.98486e-58
5.24419e-59
-4.59272e-60
1.21261e-60
-1.07734e-61
2.8391e-62
-2.33764e-63
6.15518e-64
-5.072e-65
1.33344e-65
-1.03256e-66
2.71214e-67
-2.08139e-68
5.45999e-69
-3.97734e-70
1.04237e-70
-7.47306e-72
1.95633e-72
-1.34086e-73
3.50689e-74
-2.35394e-75
6.15035e-76
-3.96649e-77
1.03543e-77
-6.51704e-79
1.69967e-79
-1.03134e-80
2.68742e-81
-1.58759e-82
4.13336e-83
-2.35914e-84
6.13703e-85
-3.40427e-86
8.84866e-87
-4.74843e-88
1.23327e-88
-6.42379e-90
1.66712e-90
-8.4057e-92
2.17981e-92
-1.06573e-93
2.76168e-94
-1.30715e-95
3.38486e-96
-1.53655e-97
4.01841e-98
-1.6525e-99
4.62183e-100
3.62063e-102
4.95784e-102
6.00256e-102
1.1449e-102
4.42502e-101
6.04549e-105
1.53638e-103
-4.36285e-101
1.29191e-40
5.70147e-42
4.44034e-42
2.59122e-43
2.06793e-43
8.20185e-45
6.66233e-45
3.26724e-46
2.63663e-46
9.77567e-48
7.94909e-48
3.40082e-49
2.7502e-49
9.54336e-51
7.75574e-51
2.95422e-52
2.39186e-52
7.76867e-54
6.31096e-54
2.17098e-55
1.75914e-55
5.35023e-57
4.34529e-57
1.36408e-58
1.10596e-58
3.15158e-60
2.55928e-60
7.38857e-62
5.99306e-62
1.60114e-63
1.30015e-63
3.47202e-65
2.81717e-65
7.06051e-67
5.73318e-67
1.42242e-68
1.15444e-68
2.71547e-70
2.20504e-70
5.09921e-72
4.13943e-72
9.14144e-74
7.4235e-74
1.60391e-75
1.30226e-75
2.70059e-77
2.19323e-77
4.43466e-79
3.60117e-79
7.01306e-81
5.69597e-81
1.07896e-82
8.76294e-83
1.60231e-84
1.30151e-84
2.3109e-86
1.87707e-86
3.22145e-88
2.61694e-88
4.35577e-90
3.53847e-90
5.69648e-92
4.62799e-92
7.21872e-94
5.86489e-94
8.8494e-96
7.19021e-96
1.05045e-97
8.53395e-98
1.207e-99
9.79648e-100
1.36345e-101
1.08765e-101
2.14935e-103
1.27928e-103
4.64638e-103
1.19892e-105
1.24832e-105
-4.61978e-103
4.77638e-42
1.73007e-43
8.03231e-45
2.68697e-46
1.06172e-47
3.29335e-49
1.1391e-50
3.28476e-52
1.01381e-53
2.72327e-55
7.60366e-57
1.9059e-58
4.86248e-60
1.139e-61
2.6751e-63
5.86334e-65
1.2748e-66
2.61723e-68
5.28974e-70
1.01811e-71
1.91881e-73
3.46434e-75
6.10217e-77
1.03391e-78
1.70472e-80
2.7111e-82
4.18838e-84
6.25204e-86
9.05451e-88
1.26825e-89
1.72192e-91
2.26202e-93
2.87815e-95
3.54326e-97
4.22198e-99
4.8658e-101
5.42349e-103
5.95363e-105
6.09149e-107
)
;

boundaryField
{
    leftWall
    {
        type            calculated;
        value           nonuniform 0();
    }
    rightWall
    {
        type            calculated;
        value           uniform 0;
    }
    lowerWall
    {
        type            calculated;
        value           nonuniform 0();
    }
    atmosphere
    {
        type            calculated;
        value           nonuniform List<scalar> 
45
(
2.21184e-35
8.72035e-37
7.60944e-38
2.9767e-39
1.93547e-40
7.57686e-42
3.55077e-43
1.13177e-44
4.51266e-46
1.35185e-47
4.70119e-49
1.32025e-50
4.08579e-52
1.07508e-53
3.00383e-55
7.40637e-57
1.88814e-58
4.36414e-60
1.0231e-61
2.21787e-63
4.80947e-65
9.78314e-67
1.97103e-68
3.76375e-70
7.0683e-72
1.26743e-73
2.224e-75
3.74543e-77
6.15111e-79
9.7293e-81
1.49705e-82
2.22357e-84
3.20735e-86
4.47185e-88
6.0473e-90
7.90992e-92
1.00251e-93
1.22916e-95
1.45902e-97
1.67504e-99
1.86064e-101
2.01258e-103
1.14378e-104
3.78971e-107
-9.40928e-105
)
;
    }
    defaultFaces
    {
        type            empty;
        value           nonuniform 0();
    }
    procBoundary3to1
    {
        type            processor;
        value           nonuniform List<scalar> 
45
(
-9.88672e-43
-2.51665e-41
-3.81389e-40
-9.48593e-39
-9.92109e-38
-2.79317e-36
-2.61136e-36
5.51332e-36
5.50484e-36
-2.71126e-36
-5.59592e-36
-2.81054e-36
2.70251e-36
2.80205e-36
9.95605e-38
8.77501e-39
2.99576e-40
5.40722e-41
5.79216e-40
1.72521e-38
1.90364e-37
5.50482e-36
2.6114e-36
-8.23337e-36
-5.69591e-36
-1.16924e-37
2.27666e-36
-3.76582e-35
-3.21036e-36
-2.71113e-36
2.70301e-36
2.30306e-36
-3.97617e-35
3.987e-35
4.99006e-37
-9.13418e-39
-2.03442e-37
-5.86608e-36
-5.78224e-36
7.76512e-36
2.39791e-36
-4.2699e-35
7.56097e-36
5.88738e-37
3.42378e-35
)
;
    }
    procBoundary3to2
    {
        type            processor;
        value           nonuniform List<scalar> 
43
(
-3.47725e-41
-1.34146e-42
-1.56252e-43
-9.28332e-45
3.24982e-43
5.71771e-41
4.84309e-39
3.12754e-37
6.99089e-37
4.25191e-37
3.73405e-36
-1.87628e-37
-7.55617e-36
-4.10371e-38
3.80601e-36
1.15005e-37
-9.94758e-40
-1.17354e-37
-4.16038e-36
4.72981e-36
1.30916e-35
-4.45911e-36
-1.33466e-35
4.74535e-36
1.38002e-35
-9.43786e-36
-9.42236e-36
4.48011e-36
7.20675e-37
6.1129e-36
3.7838e-37
-5.03717e-36
-1.52734e-37
-1.39298e-38
2.22249e-41
1.51797e-38
1.55185e-37
5.48362e-36
-6.18563e-36
-1.72211e-35
5.6643e-36
1.16889e-35
3.40405e-37
)
;
    }
}


// ************************************************************************* //
