/*--------------------------------*- C++ -*----------------------------------*\
| =========                 |                                                 |
| \\      /  F ield         | OpenFOAM: The Open Source CFD Toolbox           |
|  \\    /   O peration     | Version:  2.4.0                                 |
|   \\  /    A nd           | Web:      www.OpenFOAM.org                      |
|    \\/     M anipulation  |                                                 |
\*---------------------------------------------------------------------------*/
FoamFile
{
    version     2.0;
    format      ascii;
    class       volVectorField;
    location    "0.15";
    object      U;
}
// * * * * * * * * * * * * * * * * * * * * * * * * * * * * * * * * * * * * * //

dimensions      [0 1 -1 0 0 0 0];

internalField   nonuniform List<vector> 
1935
(
(6.51801e-37 4.54965e-42 0)
(2.50989e-38 -2.12387e-38 0)
(2.93119e-39 -1.0202e-39 0)
(3.49224e-40 -5.45101e-39 0)
(-2.84668e-41 -8.94522e-38 0)
(-9.59149e-37 -2.97266e-36 0)
(-8.67502e-35 -3.43886e-35 0)
(-5.81336e-33 -1.13822e-33 0)
(-2.58372e-31 -2.11398e-33 0)
(-5.75325e-33 -7.30644e-32 0)
(1.92056e-33 -4.37026e-31 0)
(-1.01533e-34 -1.9615e-29 0)
(-4.0667e-33 3.88756e-31 0)
(-2.16569e-35 2.00137e-29 0)
(2.04862e-33 4.48474e-31 0)
(6.14731e-35 7.57433e-32 0)
(-5.14891e-37 4.3769e-33 0)
(-6.29909e-35 8.29315e-32 0)
(-2.24019e-33 4.15147e-31 0)
(2.54457e-33 2.20414e-29 0)
(7.04613e-33 -2.4025e-29 0)
(-2.40018e-33 -4.65946e-29 0)
(-7.18402e-33 -6.77199e-31 0)
(2.55446e-33 2.33428e-29 0)
(7.42832e-33 -2.54919e-29 0)
(-5.07993e-33 -4.91868e-29 0)
(-5.07226e-33 2.42014e-29 0)
(2.28401e-33 3.9339e-33 0)
(-8.19473e-33 3.52031e-31 0)
(-3.67943e-31 -9.64672e-31 0)
(-8.37846e-33 -2.65492e-29 0)
(-2.83918e-33 -5.95105e-31 0)
(-8.30384e-35 -1.00079e-31 0)
(-7.16621e-36 -2.87247e-33 0)
(1.19911e-38 -5.27467e-34 0)
(7.81345e-36 -2.92811e-33 0)
(8.32819e-35 -1.09055e-31 0)
(2.95269e-33 -5.47958e-31 0)
(-3.32776e-33 -2.90499e-29 0)
(-9.2683e-33 3.14138e-29 0)
(3.04916e-33 6.12668e-29 0)
(6.29064e-33 1.4708e-30 0)
(1.82395e-34 2.38658e-31 0)
(1.02641e-35 -4.82695e-42 0)
(2.567e-34 -5.06469e-42 0)
(2.79092e-33 -3.03571e-43 0)
(7.11699e-32 -7.22981e-44 0)
(3.96889e-37 -5.74693e-37 0)
(9.16667e-36 -8.70782e-36 0)
(1.00139e-34 -2.16579e-34 0)
(2.21802e-33 -2.26514e-33 0)
(4.33362e-38 -2.20049e-38 0)
(9.7451e-37 -3.36548e-37 0)
(8.92367e-36 -7.72483e-36 0)
(1.81448e-34 -8.07718e-35 0)
(1.79038e-39 2.53905e-39 0)
(3.23287e-38 -3.15201e-38 0)
(2.92213e-37 -8.28012e-37 0)
(5.39506e-36 -7.51968e-36 0)
(6.39293e-40 8.31032e-38 0)
(-4.24439e-39 8.6367e-38 0)
(1.15785e-38 -2.2707e-38 0)
(3.25997e-37 -2.47729e-37 0)
(-9.42317e-37 2.76147e-36 0)
(-1.54888e-37 2.89811e-36 0)
(-1.03924e-37 1.48687e-37 0)
(3.88487e-39 9.75212e-40 0)
(-8.59353e-35 3.01418e-35 0)
(-7.68623e-36 3.17393e-35 0)
(-3.52274e-36 1.63597e-36 0)
(-1.77789e-37 1.51857e-37 0)
(-5.78266e-33 9.97363e-34 0)
(-2.83113e-34 1.04283e-33 0)
(-4.35435e-35 4.59295e-35 0)
(-2.03334e-36 4.26558e-36 0)
(-2.57379e-31 -1.01692e-34 0)
(-9.04337e-33 -9.58246e-36 0)
(-1.39519e-33 -4.13342e-37 0)
(-5.66836e-35 -2.72049e-38 0)
(-3.48234e-33 -4.07247e-33 0)
(-1.6971e-34 -1.3188e-33 0)
(-3.24798e-35 -5.67834e-35 0)
(-1.55329e-36 -4.97708e-36 0)
(7.6258e-32 -1.83676e-32 0)
(3.18715e-33 -4.79984e-34 0)
(3.08642e-34 -9.46346e-36 0)
(1.22925e-35 -2.17774e-37 0)
(-3.84167e-33 -5.83232e-31 0)
(-1.78568e-34 -1.20071e-32 0)
(-1.754e-35 -1.85208e-34 0)
(-7.4193e-37 -9.31931e-37 0)
(-1.54689e-31 1.16825e-32 0)
(-6.47716e-33 2.46179e-34 0)
(-6.33251e-34 3.94736e-36 0)
(-2.53097e-35 3.32478e-38 0)
(-8.38603e-34 5.95329e-31 0)
(-5.2375e-35 1.22648e-32 0)
(-5.11361e-36 1.89383e-34 0)
(-2.42889e-37 9.65248e-37 0)
(7.79162e-32 1.88154e-32 0)
(3.26136e-33 4.68039e-34 0)
(3.18672e-34 8.41824e-36 0)
(1.27324e-35 9.55251e-38 0)
(2.35284e-33 3.13963e-33 0)
(1.15988e-34 2.81803e-34 0)
(1.1323e-35 1.10854e-35 0)
(4.91345e-37 7.26684e-37 0)
(-2.03523e-35 2.10648e-34 0)
(-9.58802e-37 1.96425e-35 0)
(-1.09286e-37 8.45986e-37 0)
(-4.68526e-39 5.54249e-38 0)
(-2.40094e-33 3.41878e-33 0)
(-1.18432e-34 3.05979e-34 0)
(-1.13378e-35 1.19848e-35 0)
(-4.90844e-37 7.85167e-37 0)
(-8.51728e-32 1.74472e-32 0)
(-3.54228e-33 1.82886e-34 0)
(-3.45907e-34 -4.16671e-36 0)
(-1.37676e-35 -7.90058e-37 0)
(9.68244e-32 6.48042e-31 0)
(4.09468e-33 1.29934e-32 0)
(4.00297e-34 1.91066e-34 0)
(1.6089e-35 1.01925e-37 0)
(2.68009e-31 -7.21936e-31 0)
(1.12204e-32 -1.52102e-32 0)
(1.09676e-33 -2.43824e-34 0)
(4.38294e-35 -2.05901e-36 0)
(-9.12863e-32 -1.39219e-30 0)
(-3.82162e-33 -2.87698e-32 0)
(-3.73383e-34 -4.456e-34 0)
(-1.49194e-35 -2.3293e-36 0)
(-2.73231e-31 -2.83497e-32 0)
(-1.14341e-32 -1.209e-33 0)
(-1.11722e-33 -3.66999e-35 0)
(-4.46323e-35 -1.9062e-36 0)
(9.71462e-32 6.84225e-31 0)
(4.06677e-33 1.32168e-32 0)
(3.97158e-34 1.78429e-34 0)
(1.58676e-35 -1.55846e-36 0)
(2.82517e-31 -7.65063e-31 0)
(1.18038e-32 -1.58736e-32 0)
(1.1536e-33 -2.47112e-34 0)
(4.60452e-35 -1.3737e-36 0)
(-1.93212e-31 -1.46384e-30 0)
(-8.06884e-33 -3.04182e-32 0)
(-7.88892e-34 -4.77863e-34 0)
(-3.14829e-35 -3.2531e-36 0)
(-1.92894e-31 7.06227e-31 0)
(-8.09738e-33 1.43552e-32 0)
(-7.91538e-34 2.18868e-34 0)
(-3.16815e-35 1.01095e-36 0)
(9.14542e-32 4.91793e-33 0)
(3.78087e-33 -3.05531e-34 0)
(3.65703e-34 -1.87882e-35 0)
(1.44676e-35 -1.53604e-36 0)
(-2.7326e-33 1.16101e-32 0)
(-1.31624e-34 1.67572e-33 0)
(-3.61083e-35 6.76987e-35 0)
(-1.77501e-36 6.0385e-36 0)
(-2.6466e-31 -3.58474e-32 0)
(-8.59532e-33 -8.48223e-34 0)
(-1.5736e-33 -1.48118e-35 0)
(-6.42168e-35 -1.60297e-37 0)
(-9.7365e-33 -7.92314e-31 0)
(-4.66202e-34 -1.80667e-32 0)
(-6.8346e-35 -3.30364e-34 0)
(-3.15147e-36 -8.32419e-36 0)
(-1.03386e-31 -2.50297e-32 0)
(-4.33516e-33 -6.75073e-34 0)
(-4.27803e-34 -1.39489e-35 0)
(-1.71527e-35 -3.76023e-37 0)
(-3.12774e-33 -4.15227e-33 0)
(-1.54416e-34 -3.76461e-34 0)
(-1.52186e-35 -1.48605e-35 0)
(-6.62586e-37 -9.83278e-37 0)
(-2.84959e-34 -1.38358e-34 0)
(-1.39453e-35 -1.31773e-35 0)
(-1.60964e-36 -5.70474e-37 0)
(-7.10739e-38 -3.78877e-38 0)
(4.54958e-37 -2.5035e-35 0)
(2.42671e-38 -2.86109e-36 0)
(2.31624e-39 -1.2624e-37 0)
(1.04363e-40 -8.9371e-39 0)
(3.10523e-34 -1.41017e-34 0)
(1.51368e-35 -1.3017e-35 0)
(1.73716e-36 -5.59906e-37 0)
(7.64064e-38 -3.65183e-38 0)
(3.17492e-33 -4.49433e-33 0)
(1.56645e-34 -4.01955e-34 0)
(1.50078e-35 -1.57378e-35 0)
(6.49922e-37 -1.03074e-36 0)
(1.12263e-31 -2.30282e-32 0)
(4.66917e-33 -2.44397e-34 0)
(4.55951e-34 5.35661e-36 0)
(1.81481e-35 1.0323e-36 0)
(-1.26627e-31 -8.54172e-31 0)
(-5.35531e-33 -1.71288e-32 0)
(-5.23545e-34 -2.51934e-34 0)
(-2.10435e-35 -1.39414e-37 0)
(-3.52547e-31 9.44018e-31 0)
(-1.47619e-32 1.98998e-32 0)
(-1.44321e-33 3.1937e-34 0)
(-5.76818e-35 2.73047e-36 0)
(1.15961e-31 1.83185e-30 0)
(4.82927e-33 3.81821e-32 0)
(4.72148e-34 6.01445e-34 0)
(1.88121e-35 4.14755e-36 0)
(2.3929e-31 6.16722e-32 0)
(1.00441e-32 1.84634e-33 0)
(9.8171e-34 4.24831e-35 0)
(3.92891e-35 1.40593e-36 0)
(6.96414e-33 9.95495e-33 0)
(3.44513e-34 8.68677e-34 0)
(3.35549e-35 3.39813e-35 0)
(1.46019e-36 2.20949e-36 0)
(4.47491e-31 -8.00849e-43 0)
(1.56825e-29 -7.40591e-43 0)
(1.53028e-29 1.57883e-42 0)
(-1.53004e-29 1.57313e-42 0)
(-1.56154e-29 -7.7466e-43 0)
(2.23612e-33 -1.60512e-42 0)
(1.56827e-29 -8.07403e-43 0)
(1.57473e-29 7.72803e-43 0)
(4.4671e-31 8.05077e-43 0)
(6.70706e-32 3.22909e-44 0)
(2.2357e-33 3.36092e-45 0)
(1.89453e-34 1.22066e-46 0)
(-6.05374e-36 3.99232e-48 0)
(-3.73626e-34 -3.18238e-46 0)
(-4.28159e-33 -1.21721e-44 0)
(-1.31912e-31 -3.88782e-43 0)
(-8.26532e-31 -1.20036e-41 0)
(-3.105e-29 -1.60076e-40 0)
(-1.56825e-29 5.02042e-39 0)
(1.53026e-29 1.1112e-36 0)
(1.60625e-29 8.74259e-35 0)
(1.58137e-29 5.19173e-33 0)
(5.15832e-31 2.08087e-31 0)
(5.14888e-31 5.19174e-33 0)
(1.57518e-29 8.85321e-35 0)
(1.57497e-29 8.74259e-35 0)
(4.46197e-31 5.10431e-33 0)
(6.78118e-32 2.02895e-31 0)
(2.98262e-33 -2.02895e-31 0)
(-1.38524e-34 -5.1043e-33 0)
(4.45301e-33 -8.51756e-35 0)
(1.33999e-31 8.85159e-35 0)
(8.92683e-31 5.32216e-33 0)
(3.14361e-29 2.13316e-31 0)
(3.11811e-29 5.40959e-33 0)
(-1.40969e-29 5.28135e-33 0)
(1.49899e-29 2.08087e-31 0)
(-4.41894e-31 5.10536e-33 0)
(-3.06704e-29 -5.02028e-33 0)
(-8.49315e-31 -2.02904e-31 0)
(1.40273e-32 -5.71082e-32 0)
(3.52838e-31 -5.33911e-32 0)
(3.40908e-31 1.12724e-31 0)
(-3.40821e-31 1.1255e-31 0)
(-3.50749e-31 -5.54336e-32 0)
(8.02247e-35 -1.14412e-31 0)
(3.52844e-31 -5.74635e-32 0)
(3.54845e-31 5.52546e-32 0)
(1.40176e-32 5.72898e-32 0)
(2.08782e-33 2.03558e-33 0)
(8.02086e-35 1.79411e-34 0)
(6.74202e-36 6.12504e-36 0)
(-2.33911e-37 1.10554e-36 0)
(-1.32798e-35 1.18425e-35 0)
(-1.53661e-34 3.52731e-34 0)
(-4.09566e-33 3.89211e-33 0)
(-2.59538e-32 1.1255e-31 0)
(-6.95746e-31 5.33919e-32 0)
(-3.52837e-31 -1.68337e-31 0)
(3.40899e-31 -1.16454e-31 0)
(3.64755e-31 -2.2103e-33 0)
(3.56177e-31 5.71167e-32 0)
(1.61791e-32 6.07603e-32 0)
(1.68744e-32 -5.50692e-32 0)
(3.55029e-31 -5.52483e-32 0)
(3.54911e-31 5.54452e-32 0)
(1.32943e-32 5.74762e-32 0)
(2.84395e-33 7.18372e-33 0)
(8.36553e-34 -4.9691e-33 0)
(-7.10085e-34 -1.86034e-34 0)
(1.34977e-34 -3.62304e-34 0)
(4.14227e-33 -3.97701e-33 0)
(2.72293e-32 -1.09102e-31 0)
(7.07907e-31 1.04137e-31 0)
(7.00568e-31 1.69778e-31 0)
(-3.03735e-31 5.97806e-32 0)
(3.31057e-31 -4.23026e-32 0)
(-1.3094e-32 1.6498e-31 0)
(-6.83095e-31 1.82369e-33 0)
(-2.78328e-32 -1.1017e-31 0)
(3.84079e-34 -1.74013e-33 0)
(5.17543e-33 -1.60747e-33 0)
(4.96565e-33 3.42692e-33 0)
(-4.95779e-33 3.42077e-33 0)
(-5.00266e-33 -1.68033e-33 0)
(7.10224e-36 -3.48725e-33 0)
(5.176e-33 -1.75274e-33 0)
(5.34082e-33 1.67397e-33 0)
(3.82286e-34 1.74658e-33 0)
(1.72593e-34 7.26284e-35 0)
(7.10037e-36 6.38103e-36 0)
(7.19824e-37 2.36644e-37 0)
(-2.53426e-38 4.24105e-38 0)
(-1.41775e-36 4.57567e-37 0)
(-1.34793e-35 1.25268e-35 0)
(-3.38111e-34 1.3889e-34 0)
(-5.92672e-34 3.42075e-33 0)
(-1.03057e-32 1.60747e-33 0)
(-5.17528e-33 -5.11364e-33 0)
(4.96483e-33 -3.56005e-33 0)
(5.38543e-33 -7.67131e-35 0)
(5.48915e-33 1.76107e-33 0)
(5.61283e-34 2.47147e-33 0)
(5.80562e-34 -1.64672e-33 0)
(5.3559e-33 -1.67154e-33 0)
(5.34785e-33 1.68289e-33 0)
(3.59729e-34 1.77175e-33 0)
(1.96894e-34 8.36793e-34 0)
(3.14198e-35 -7.57798e-34 0)
(-2.12215e-35 -2.51437e-35 0)
(1.08989e-35 -1.48616e-35 0)
(3.18316e-34 -1.3957e-34 0)
(-1.45238e-35 -3.29765e-33 0)
(1.05358e-32 2.16691e-33 0)
(1.14177e-32 5.16733e-33 0)
(-4.15921e-33 1.85843e-33 0)
(4.92961e-33 -6.10622e-34 0)
(-3.45343e-34 5.01241e-33 0)
(-1.00914e-32 5.02982e-35 0)
(-1.00619e-33 -3.91261e-33 0)
(7.78011e-36 -1.58705e-34 0)
(5.51127e-35 -1.4678e-34 0)
(5.25122e-35 3.12968e-34 0)
(-5.22544e-35 3.12307e-34 0)
(-4.99624e-35 -1.53487e-34 0)
(2.32625e-37 -3.18325e-34 0)
(5.51312e-35 -1.60142e-34 0)
(6.00202e-35 1.52803e-34 0)
(7.74075e-36 1.5948e-34 0)
(5.14379e-36 6.67898e-36 0)
(2.32559e-37 6.86281e-37 0)
(2.39688e-38 2.58397e-38 0)
(-8.93642e-40 4.93612e-39 0)
(-4.71655e-38 4.98493e-38 0)
(-4.41094e-37 1.34688e-36 0)
(-1.00559e-35 1.26733e-35 0)
(-1.03607e-35 3.12305e-34 0)
(-1.12506e-34 1.46783e-34 0)
(-5.51074e-35 -4.67143e-34 0)
(5.2479e-35 -3.25029e-34 0)
(5.7669e-35 -7.28193e-36 0)
(6.30715e-35 1.59062e-34 0)
(1.30939e-35 1.77437e-34 0)
(1.50239e-35 -1.5185e-34 0)
(6.05589e-35 -1.5271e-34 0)
(6.02119e-35 1.536e-34 0)
(5.75583e-36 1.60374e-34 0)
(7.23747e-36 2.97051e-35 0)
(2.32685e-36 -2.23414e-35 0)
(-1.94137e-36 -8.86787e-37 0)
(2.99607e-37 -1.37519e-36 0)
(9.27493e-36 -1.09583e-35 0)
(-9.5355e-36 -2.90451e-34 0)
(1.15767e-34 5.09658e-34 0)
(1.47359e-34 4.82501e-34 0)
(-4.0591e-35 1.70184e-34 0)
(5.51112e-35 -1.04034e-34 0)
(-5.19749e-36 4.56733e-34 0)
(-1.08571e-34 6.3641e-36 0)
(-2.67123e-35 -3.11375e-34 0)
(3.20495e-37 -4.80303e-36 0)
(-2.03353e-37 -4.4108e-36 0)
(-2.10185e-37 9.46125e-36 0)
(2.25968e-37 9.43925e-36 0)
(5.15389e-37 -4.63195e-36 0)
(1.41493e-38 -9.63748e-36 0)
(-2.02225e-37 -4.8513e-36 0)
(9.37251e-38 4.60913e-36 0)
(3.1807e-37 4.82927e-36 0)
(3.11539e-37 2.20199e-37 0)
(1.41449e-38 2.28814e-38 0)
(1.55516e-39 9.11758e-40 0)
(-5.7884e-41 1.7404e-40 0)
(-3.06051e-39 1.75873e-39 0)
(-2.67309e-38 4.48569e-38 0)
(-6.0899e-37 4.17574e-37 0)
(-3.26094e-37 9.43919e-36 0)
(1.18153e-37 4.41085e-36 0)
(2.0378e-37 -1.41161e-35 0)
(-2.12065e-37 -9.85833e-36 0)
(-1.96979e-37 -2.34582e-37 0)
(3.40204e-37 4.86232e-36 0)
(6.42252e-37 6.63297e-36 0)
(6.97718e-37 -4.53035e-36 0)
(1.24499e-37 -4.60011e-36 0)
(1.07218e-37 4.64148e-36 0)
(2.57426e-37 4.9004e-36 0)
(3.76673e-37 2.14348e-36 0)
(7.93104e-38 -1.90045e-36 0)
(-5.79296e-38 -7.08506e-38 0)
(1.65517e-38 -5.07725e-38 0)
(5.37122e-37 -3.51182e-37 0)
(-1.517e-36 -8.66265e-36 0)
(-7.11155e-38 1.54922e-35 0)
(2.6332e-36 1.46845e-35 0)
(5.66781e-37 5.24004e-36 0)
(1.01194e-37 -1.78998e-36 0)
(-2.28123e-37 1.38158e-35 0)
(1.42107e-37 1.80896e-37 0)
(-1.26889e-36 -1.05663e-35 0)
(8.18914e-39 -2.93756e-37 0)
(-2.11751e-38 -2.70654e-37 0)
(-2.06268e-38 5.80424e-37 0)
(2.11225e-38 5.78993e-37 0)
(3.04391e-38 -2.84223e-37 0)
(4.45669e-40 -5.91027e-37 0)
(-2.11157e-38 -2.9763e-37 0)
(-1.23347e-38 2.8274e-37 0)
(8.73652e-39 2.96198e-37 0)
(9.27201e-39 1.34619e-38 0)
(4.45524e-40 1.48651e-39 0)
(4.90999e-41 5.9211e-41 0)
(-1.90124e-42 1.1587e-41 0)
(-9.6563e-41 1.14111e-40 0)
(-8.41828e-40 2.91419e-39 0)
(-1.81004e-38 2.5441e-38 0)
(-8.24811e-39 5.78989e-37 0)
(3.30135e-38 2.70702e-37 0)
(2.11645e-38 -8.66133e-37 0)
(-2.06943e-38 -6.04541e-37 0)
(-2.17683e-38 -1.46609e-38 0)
(-6.93595e-39 2.95883e-37 0)
(1.84067e-38 3.46231e-37 0)
(2.19777e-38 -2.80085e-37 0)
(-1.12981e-38 -2.82427e-37 0)
(-1.19668e-38 2.84577e-37 0)
(5.07957e-39 2.9862e-37 0)
(1.31477e-38 7.28826e-38 0)
(4.3222e-39 -5.79373e-38 0)
(-3.5733e-39 -2.39603e-39 0)
(4.28539e-40 -2.92755e-39 0)
(1.56314e-38 -1.80579e-38 0)
(-4.94751e-38 -5.10399e-37 0)
(-3.22831e-38 1.49445e-36 0)
(5.16188e-38 9.21778e-37 0)
(2.74655e-38 3.22641e-37 0)
(-1.05825e-38 -1.7083e-37 0)
(-4.02212e-39 8.46134e-37 0)
(3.4814e-38 1.30841e-38 0)
(-4.01686e-38 -5.91124e-37 0)
(-1.74424e-38 -2.63818e-39 0)
(-1.96252e-39 -7.67414e-39 0)
(-1.27035e-39 1.73057e-38 0)
(1.24887e-39 1.72485e-38 0)
(1.70716e-39 -8.45769e-39 0)
(2.1169e-41 -1.76273e-38 0)
(-1.26216e-39 -8.88035e-39 0)
(-8.42956e-40 8.41088e-39 0)
(4.04976e-40 8.83521e-39 0)
(4.42577e-40 4.24442e-40 0)
(2.11645e-41 4.69545e-41 0)
(2.3891e-42 1.94499e-42 0)
(-9.20604e-44 3.79253e-43 0)
(-4.69905e-42 3.74846e-42 0)
(-3.99339e-41 9.1977e-41 0)
(-8.64081e-40 8.02053e-40 0)
(-3.69666e-40 1.72478e-38 0)
(2.07231e-39 8.03133e-39 0)
(1.26454e-39 -2.57977e-38 0)
(-1.22978e-39 -1.80531e-38 0)
(-1.30272e-39 -4.53067e-40 0)
(-5.17657e-40 8.89799e-39 0)
(8.66413e-40 1.21492e-38 0)
(9.69507e-40 -8.25426e-39 0)
(-7.95969e-40 -8.39138e-39 0)
(-8.23481e-40 8.47824e-39 0)
(2.95477e-40 8.97531e-39 0)
(5.59973e-40 3.96157e-39 0)
(1.38594e-40 -3.49027e-39 0)
(-1.05591e-40 -1.39151e-40 0)
(1.76908e-41 -9.98548e-41 0)
(7.14129e-40 -5.45429e-40 0)
(-3.17245e-39 -1.49103e-38 0)
(-2.04953e-39 4.705e-38 0)
(2.75719e-39 2.77365e-38 0)
(1.61715e-39 9.76609e-39 0)
(-7.30901e-40 -3.14477e-39 0)
(-2.50109e-40 2.5232e-38 0)
(2.08059e-39 3.68472e-40 0)
(-1.77529e-39 -1.92837e-38 0)
(-1.67899e-37 1.58459e-37 0)
(-6.4952e-39 8.89466e-39 0)
(-4.12805e-40 1.14036e-39 0)
(2.34949e-41 8.39104e-40 0)
(4.94901e-41 -4.03825e-40 0)
(6.11923e-43 -8.42257e-40 0)
(-3.73289e-41 -4.24385e-40 0)
(-2.53073e-41 4.02018e-40 0)
(1.15378e-41 4.22187e-40 0)
(1.27192e-41 2.01755e-41 0)
(6.32627e-43 2.28547e-42 0)
(7.11134e-44 9.4257e-44 0)
(-2.81965e-45 1.85176e-44 0)
(-1.398e-43 1.81608e-43 0)
(-1.19396e-42 4.47731e-42 0)
(-2.48085e-41 3.80716e-41 0)
(-1.04246e-41 8.24286e-40 0)
(6.15968e-41 3.84028e-40 0)
(3.73986e-41 -1.23307e-39 0)
(-3.63135e-41 -8.62528e-40 0)
(-3.86862e-41 -2.18775e-41 0)
(-1.8092e-41 4.22635e-40 0)
(2.48211e-41 5.1606e-40 0)
(2.98996e-41 -3.97003e-40 0)
(-2.38256e-41 -4.01387e-40 0)
(-2.4791e-41 4.04987e-40 0)
(6.35457e-42 4.26706e-40 0)
(1.82267e-41 1.27031e-40 0)
(6.14106e-42 -1.04574e-40 0)
(-5.07024e-42 -4.46073e-42 0)
(4.08619e-43 -4.39636e-42 0)
(1.99585e-41 -2.12512e-41 0)
(-9.75042e-41 -6.81933e-40 0)
(-6.09844e-41 2.99361e-39 0)
(8.31939e-41 1.3562e-39 0)
(4.55576e-41 4.68726e-40 0)
(-2.17887e-41 -2.15373e-40 0)
(-4.84116e-42 1.20422e-39 0)
(6.37636e-41 1.95146e-41 0)
(-5.48022e-41 -8.61199e-40 0)
(-4.70392e-36 -1.02046e-39 0)
(-1.67186e-37 -5.82074e-41 0)
(-9.79203e-39 2.2176e-41 0)
(-3.29936e-40 2.36126e-41 0)
(-1.36491e-41 -1.16044e-41 0)
(-4.74419e-43 -2.4213e-41 0)
(-1.50969e-42 -1.2203e-41 0)
(-1.01421e-42 1.15346e-41 0)
(4.56545e-43 1.21376e-41 0)
(5.03678e-43 6.03205e-43 0)
(2.49217e-44 6.80461e-44 0)
(2.82123e-45 2.88622e-45 0)
(-1.11296e-46 5.63435e-46 0)
(-5.54664e-45 5.56187e-45 0)
(-4.70152e-44 1.33226e-43 0)
(-9.82546e-43 1.13855e-42 0)
(-4.12154e-43 2.36748e-41 0)
(2.46192e-42 1.09964e-41 0)
(1.49257e-42 -3.54108e-41 0)
(-1.44897e-42 -2.48181e-41 0)
(-1.54156e-42 -6.43132e-43 0)
(-6.69558e-43 1.22354e-41 0)
(9.82446e-43 1.68507e-41 0)
(1.12538e-42 -1.13008e-41 0)
(-9.57226e-43 -1.15047e-41 0)
(-9.91555e-43 1.16339e-41 0)
(3.07324e-43 1.2346e-41 0)
(6.63449e-43 5.62099e-42 0)
(1.84712e-43 -4.94986e-42 0)
(-1.44951e-43 -2.06424e-43 0)
(1.26705e-44 -1.38582e-43 0)
(7.52851e-43 -5.94364e-43 0)
(-4.74298e-42 -1.9079e-41 0)
(-2.43811e-42 9.19422e-41 0)
(4.15555e-42 3.94426e-41 0)
(1.91044e-42 1.36539e-41 0)
(-8.6876e-43 -4.04427e-42 0)
(-2.51778e-43 3.46215e-41 0)
(2.4911e-42 5.31725e-43 0)
(-2.06308e-42 -2.65896e-41 0)
(-1.38436e-37 -1.83877e-37 0)
(-5.40445e-39 -1.04541e-38 0)
(-3.2706e-40 -3.50427e-40 0)
(-1.17402e-41 -1.53709e-41 0)
(-5.11488e-43 -9.77184e-43 0)
(-1.81958e-44 -9.79443e-43 0)
(-4.15793e-44 -4.83948e-43 0)
(-2.78256e-44 4.56964e-43 0)
(1.24576e-44 4.80745e-43 0)
(1.37895e-44 2.37668e-44 0)
(7.02359e-46 2.69984e-45 0)
(7.88841e-47 1.13923e-46 0)
(-3.17842e-48 2.22059e-47 0)
(-1.55028e-46 2.19553e-46 0)
(-1.32564e-45 5.28652e-45 0)
(-2.68799e-44 4.48411e-44 0)
(-1.12028e-44 9.37829e-43 0)
(6.74455e-44 4.35797e-43 0)
(4.08944e-44 -1.40281e-42 0)
(-3.96721e-44 -9.82869e-43 0)
(-4.23599e-44 -2.56258e-44 0)
(-2.0262e-44 4.8241e-43 0)
(2.68743e-44 6.11897e-43 0)
(3.26513e-44 -4.49925e-43 0)
(-2.61428e-44 -4.56082e-43 0)
(-2.72408e-44 4.60647e-43 0)
(6.58098e-45 4.8707e-43 0)
(2.00432e-44 1.69056e-43 0)
(6.95645e-45 -1.42593e-43 0)
(-5.76156e-45 -6.23509e-45 0)
(2.30779e-46 -5.03876e-45 0)
(1.98928e-44 -1.82677e-44 0)
(-1.39117e-43 -7.1963e-43 0)
(-6.67872e-44 4.48253e-42 0)
(1.22788e-43 1.59852e-42 0)
(5.10044e-44 5.43497e-43 0)
(-2.36461e-44 -2.16271e-43 0)
(-4.87008e-45 1.36989e-42 0)
(6.9998e-44 2.25782e-44 0)
(-5.99073e-44 -1.00147e-42 0)
(7.52451e-37 -5.07104e-39 0)
(2.5408e-38 -2.51573e-40 0)
(1.19026e-39 -8.89551e-42 0)
(3.78561e-41 -4.17761e-43 0)
(1.50147e-42 -2.76086e-44 0)
(4.47734e-44 -2.68817e-44 0)
(1.54119e-46 -1.3256e-44 0)
(-9.04339e-46 1.24936e-44 0)
(4.25973e-46 1.3164e-44 0)
(4.6985e-46 6.69893e-46 0)
(2.38216e-47 7.55018e-47 0)
(2.67025e-48 3.25188e-48 0)
(-1.07099e-49 6.2847e-49 0)
(-5.24801e-48 6.26866e-48 0)
(-4.49644e-47 1.47774e-46 0)
(-9.15916e-46 1.26449e-45 0)
(-3.82034e-46 2.56611e-44 0)
(2.29879e-45 1.18964e-44 0)
(1.39371e-45 -3.83787e-44 0)
(-1.35202e-45 -2.69309e-44 0)
(-1.44185e-45 -7.12235e-46 0)
(-6.4973e-46 1.32881e-44 0)
(9.15709e-46 1.85313e-44 0)
(1.07168e-45 -1.22193e-44 0)
(-8.92663e-46 -1.2459e-44 0)
(-9.2732e-46 1.26064e-44 0)
(2.63646e-46 1.34088e-44 0)
(6.41963e-46 6.3604e-45 0)
(1.95969e-46 -5.61512e-45 0)
(-1.57268e-46 -2.42096e-46 0)
(4.31283e-48 -1.4674e-46 0)
(6.40996e-46 -4.61331e-46 0)
(-5.57075e-45 -1.90297e-44 0)
(-2.27627e-45 1.31554e-43 0)
(5.01569e-45 4.4386e-44 0)
(1.8167e-45 1.5062e-44 0)
(-8.01821e-46 -4.03343e-45 0)
(-2.08358e-46 3.75167e-44 0)
(2.3465e-45 5.87982e-46 0)
(-1.96653e-45 -2.90404e-44 0)
(-4.59068e-38 4.34917e-38 0)
(-1.61691e-39 3.24834e-39 0)
(-7.65931e-41 1.10092e-40 0)
(-2.51727e-42 4.45498e-42 0)
(-1.00835e-43 1.33276e-43 0)
(-3.09312e-45 3.75105e-45 0)
(-1.44157e-46 -3.20617e-46 0)
(-2.76548e-47 4.29846e-46 0)
(1.0882e-47 4.48639e-46 0)
(1.21732e-47 2.27241e-47 0)
(6.30978e-49 2.55584e-48 0)
(7.00045e-50 1.09525e-49 0)
(-2.85253e-51 2.10232e-50 0)
(-1.37546e-49 2.11188e-49 0)
(-1.19192e-48 5.00275e-48 0)
(-2.37232e-47 4.28934e-47 0)
(-9.8478e-48 8.74446e-46 0)
(5.95433e-47 4.05537e-46 0)
(3.61094e-47 -1.30783e-45 0)
(-3.50106e-47 -9.17525e-46 0)
(-3.74459e-47 -2.43473e-47 0)
(-1.82e-47 4.51228e-46 0)
(2.37176e-47 5.92463e-46 0)
(2.9106e-47 -4.18015e-46 0)
(-2.30544e-47 -4.24824e-46 0)
(-2.407e-47 4.2942e-46 0)
(5.51267e-48 4.55508e-46 0)
(1.7995e-47 1.79139e-46 0)
(6.45019e-48 -1.53866e-46 0)
(-5.37177e-48 -6.86987e-48 0)
(4.26509e-51 -4.59325e-48 0)
(1.58784e-47 -1.09697e-47 0)
(-1.54736e-46 -6.13115e-46 0)
(-5.89541e-47 5.2762e-45 0)
(1.40241e-46 1.54779e-45 0)
(4.63358e-47 5.16051e-46 0)
(-2.0632e-47 -1.76754e-46 0)
(-3.93808e-48 1.27725e-45 0)
(6.20534e-47 2.10242e-47 0)
(-5.34553e-47 -9.53343e-46 0)
(-1.56381e-36 -3.74773e-40 0)
(-5.30158e-38 -4.25049e-41 0)
(-2.50596e-39 -1.49837e-42 0)
(-8.00601e-41 -6.16758e-44 0)
(-3.19924e-42 -1.87941e-45 0)
(-9.59521e-44 -8.87608e-47 0)
(-3.34254e-45 -1.35445e-47 0)
(-9.46666e-47 1.09658e-47 0)
(-2.57992e-48 1.16239e-47 0)
(2.89118e-49 6.01924e-49 0)
(1.67432e-50 6.70102e-50 0)
(2.02692e-51 2.9151e-51 0)
(-8.57584e-53 5.53829e-52 0)
(-4.08649e-51 5.62299e-51 0)
(-3.56869e-50 1.31127e-49 0)
(-7.12689e-49 1.1371e-48 0)
(-2.96033e-49 2.26517e-47 0)
(1.78866e-48 1.04856e-47 0)
(1.0847e-48 -3.38736e-47 0)
(-1.05166e-48 -2.37934e-47 0)
(-1.12382e-48 -6.37629e-49 0)
(-5.23129e-49 1.17544e-47 0)
(7.12523e-49 1.66398e-47 0)
(8.50871e-49 -1.07608e-47 0)
(-6.93431e-49 -1.09904e-47 0)
(-7.22376e-49 1.11251e-47 0)
(1.8826e-49 1.18597e-47 0)
(5.17031e-49 5.89172e-48 0)
(1.70156e-49 -5.22282e-48 0)
(-1.39002e-49 -2.31214e-49 0)
(-2.82138e-51 -1.23616e-49 0)
(4.46568e-49 -2.35409e-49 0)
(-5.31279e-48 -1.51983e-47 0)
(-1.7709e-48 1.46631e-46 0)
(4.87858e-48 4.07676e-47 0)
(1.44632e-48 1.35251e-47 0)
(-6.16456e-49 -3.21829e-48 0)
(-1.42601e-49 3.31115e-47 0)
(1.84154e-48 5.19816e-49 0)
(-1.56297e-48 -2.58814e-47 0)
(-1.48413e-38 -4.40182e-38 0)
(-5.58244e-40 -3.30885e-39 0)
(-2.61812e-41 -1.1232e-40 0)
(-8.97732e-43 -4.55703e-42 0)
(-3.56955e-44 -1.37011e-43 0)
(-1.12705e-45 -4.77421e-45 0)
(-3.91701e-47 -1.34539e-46 0)
(-1.162e-48 -3.82559e-48 0)
(-2.73602e-50 2.3976e-49 0)
(7.9814e-51 1.49551e-50 0)
(4.42751e-52 1.9152e-51 0)
(5.04068e-53 8.42728e-53 0)
(-2.11517e-54 1.61654e-53 0)
(-1.00353e-52 1.66335e-52 0)
(-8.88082e-52 3.89581e-51 0)
(-1.74175e-50 3.40462e-50 0)
(-7.20704e-51 6.80505e-49 0)
(4.37111e-50 3.15093e-49 0)
(2.65137e-50 -1.0176e-48 0)
(-2.56951e-50 -7.14693e-49 0)
(-2.7525e-50 -1.91834e-50 0)
(-1.36121e-50 3.52238e-49 0)
(1.74133e-50 4.77453e-49 0)
(2.16094e-50 -3.24213e-49 0)
(-1.69044e-50 -3.30332e-49 0)
(-1.76851e-50 3.34115e-49 0)
(3.80629e-51 3.55474e-49 0)
(1.34623e-50 1.55376e-49 0)
(4.98892e-51 -1.35371e-49 0)
(-4.18267e-51 -6.15558e-51 0)
(-1.50927e-52 -3.41588e-51 0)
(1.03023e-50 -3.48108e-51 0)
(-1.39147e-49 -4.27412e-49 0)
(-4.32736e-50 5.03968e-48 0)
(1.28467e-49 1.25384e-48 0)
(3.50854e-50 4.08749e-49 0)
(-1.49675e-50 -1.19242e-49 0)
(-2.60137e-51 9.94003e-49 0)
(4.57767e-50 1.61359e-50 0)
(-3.97279e-50 -7.56739e-49 0)
(7.86464e-37 -7.48991e-41 0)
(2.6657e-38 -5.98564e-41 0)
(1.25987e-39 -2.34834e-42 0)
(4.02449e-41 -9.69746e-44 0)
(1.60814e-42 -3.03411e-45 0)
(4.82281e-44 -1.05612e-46 0)
(1.67951e-45 -3.06073e-48 0)
(4.72093e-47 -8.64076e-50 0)
(1.46278e-48 5.99588e-51 0)
(3.87558e-50 3.76874e-52 0)
(1.08966e-51 4.7114e-53 0)
(2.79324e-53 2.09495e-54 0)
(6.2241e-55 3.96762e-55 0)
(-2.65082e-54 4.13224e-54 0)
(-2.38717e-53 9.56742e-53 0)
(-4.6926e-52 8.4728e-52 0)
(-1.94248e-52 1.6632e-50 0)
(1.17753e-51 7.68974e-51 0)
(7.14255e-52 -2.48678e-50 0)
(-6.92178e-52 -1.74827e-50 0)
(-7.41045e-52 -4.72535e-52 0)
(-3.55584e-52 8.64983e-51 0)
(4.6915e-52 1.24508e-50 0)
(5.71106e-52 -7.88257e-51 0)
(-4.55794e-52 -8.06523e-51 0)
(-4.76119e-52 8.16669e-51 0)
(1.13207e-52 8.72519e-51 0)
(3.51604e-52 4.5528e-51 0)
(1.23289e-52 -4.05592e-51 0)
(-1.022e-52 -1.83567e-52 0)
(-6.121e-54 -8.49961e-53 0)
(2.56069e-52 -4.03705e-53 0)
(-4.20411e-51 -9.86701e-51 0)
(-1.16572e-51 1.32051e-49 0)
(3.91697e-51 3.12175e-50 0)
(9.77932e-52 1.00997e-50 0)
(-4.00974e-52 -2.09226e-51 0)
(-8.14444e-53 2.43101e-50 0)
(1.2226e-51 3.77306e-52 0)
(-1.05021e-51 -1.92137e-50 0)
(3.01769e-38 2.55359e-38 0)
(1.0785e-39 1.2003e-39 0)
(5.07607e-41 3.83054e-41 0)
(1.68339e-42 1.53006e-42 0)
(6.70849e-44 4.58817e-44 0)
(2.06891e-45 1.59761e-45 0)
(7.19425e-47 4.49049e-47 0)
(2.06633e-48 1.39126e-48 0)
(6.39929e-50 3.686e-50 0)
(1.71955e-51 1.0363e-51 0)
(4.82467e-53 2.65709e-53 0)
(1.23072e-54 7.0131e-55 0)
(2.93471e-56 2.53035e-56 0)
(-6.06262e-56 1.09726e-55 0)
(-5.57369e-55 2.54217e-54 0)
(-1.0801e-53 2.27749e-53 0)
(-4.45711e-54 4.48088e-52 0)
(2.71012e-53 2.07207e-52 0)
(1.64419e-53 -6.69934e-52 0)
(-1.59281e-53 -4.70953e-52 0)
(-1.70873e-53 -1.27349e-53 0)
(-8.60913e-54 2.32643e-52 0)
(1.07985e-53 3.24874e-52 0)
(1.35638e-53 -2.12799e-52 0)
(-1.04685e-53 -2.17366e-52 0)
(-1.09751e-53 2.19962e-52 0)
(2.19778e-54 2.34693e-52 0)
(8.51757e-54 1.1247e-52 0)
(3.26432e-54 -9.91364e-53 0)
(-2.75651e-54 -4.58282e-54 0)
(-1.93468e-55 -2.10711e-54 0)
(5.46192e-54 1.22648e-54 0)
(-1.03602e-52 -2.45258e-52 0)
(-2.68276e-53 3.99247e-51 0)
(9.6958e-53 8.61548e-52 0)
(2.24926e-53 2.73857e-52 0)
(-9.16925e-54 -6.69484e-53 0)
(-1.41931e-54 6.54571e-52 0)
(2.85374e-53 1.03773e-53 0)
(-2.49626e-53 -5.07882e-52 0)
(-3.08307e-40 2.05371e-39 0)
(-1.08101e-41 9.59546e-41 0)
(-5.23505e-43 3.18021e-42 0)
(-1.70087e-44 1.26607e-43 0)
(-6.84535e-46 3.9068e-45 0)
(-2.06779e-47 1.35856e-46 0)
(-7.1879e-49 3.90529e-48 0)
(-2.02237e-50 1.21003e-49 0)
(-6.22004e-52 3.24953e-51 0)
(-1.61908e-53 9.11187e-53 0)
(-4.44675e-55 2.30456e-54 0)
(-1.03225e-56 5.9469e-56 0)
(-3.0995e-58 1.59956e-57 0)
(-1.48362e-57 2.56919e-57 0)
(-1.36159e-56 5.84839e-56 0)
(-2.64198e-55 5.3177e-55 0)
(-1.09043e-55 1.0314e-53 0)
(6.62822e-55 4.76378e-54 0)
(4.02135e-55 -1.54185e-53 0)
(-3.8955e-55 -1.08478e-53 0)
(-4.17768e-55 -2.94783e-55 0)
(-2.06329e-55 5.37653e-54 0)
(2.64136e-55 7.87947e-54 0)
(3.27547e-55 -4.87657e-54 0)
(-2.56178e-55 -4.99921e-54 0)
(-2.68325e-55 5.06326e-54 0)
(5.78135e-56 5.42161e-54 0)
(2.04124e-55 2.97638e-54 0)
(7.56154e-56 -2.66571e-54 0)
(-6.34594e-56 -1.22986e-55 0)
(-5.95007e-57 -4.84944e-56 0)
(1.20517e-55 6.06592e-56 0)
(-2.80378e-54 -5.23508e-54 0)
(-6.56118e-55 9.84207e-53 0)
(2.64151e-54 2.02376e-53 0)
(5.67474e-55 6.36895e-54 0)
(-2.22967e-55 -1.11859e-54 0)
(-3.89852e-56 1.50752e-53 0)
(6.9394e-55 2.28931e-55 0)
(-6.02999e-55 -1.20604e-53 0)
(-2.98505e-38 2.75172e-38 0)
(-1.06654e-39 1.29344e-39 0)
(-4.99921e-41 4.11992e-41 0)
(-1.65915e-42 1.64578e-42 0)
(-6.60357e-44 4.92814e-44 0)
(-2.03936e-45 1.71615e-45 0)
(-7.09366e-47 4.8184e-47 0)
(-2.04108e-48 1.49273e-48 0)
(-6.32826e-50 3.92744e-50 0)
(-1.69859e-51 1.09827e-51 0)
(-4.76051e-53 2.70802e-53 0)
(-1.19345e-54 6.90852e-55 0)
(-3.05475e-56 1.59742e-56 0)
(-7.47944e-58 4.35453e-58 0)
(-3.15121e-58 1.41644e-57 0)
(-5.72197e-57 1.29897e-56 0)
(-2.35548e-57 2.52274e-55 0)
(1.4353e-56 1.1653e-55 0)
(8.7094e-57 -3.77101e-55 0)
(-8.43436e-57 -2.65313e-55 0)
(-9.06086e-57 -7.20744e-57 0)
(-4.65606e-57 1.31374e-55 0)
(5.72027e-57 1.88707e-55 0)
(7.27871e-57 -1.19434e-55 0)
(-5.53758e-57 -1.22309e-55 0)
(-5.81833e-57 1.23817e-55 0)
(1.07167e-57 1.32476e-55 0)
(4.60853e-57 6.89178e-56 0)
(1.82627e-57 -6.13444e-56 0)
(-1.55346e-57 -2.87917e-57 0)
(-1.57634e-58 -1.08995e-57 0)
(2.3506e-57 2.76945e-57 0)
(-6.49434e-56 -1.15537e-55 0)
(-1.42071e-56 2.66485e-54 0)
(6.1414e-56 5.07473e-55 0)
(1.23502e-56 1.56856e-55 0)
(-4.79701e-57 -3.13571e-56 0)
(-6.42149e-58 3.68573e-55 0)
(1.52041e-56 5.6592e-57 0)
(-1.341e-56 -2.91291e-55 0)
(-8.50339e-37 -3.17116e-38 0)
(-2.8747e-38 -1.55415e-39 0)
(-1.35872e-39 -5.01625e-41 0)
(-4.33205e-41 -2.00705e-42 0)
(-1.7312e-42 -6.03914e-44 0)
(-5.18445e-44 -2.10267e-45 0)
(-1.80562e-45 -5.92452e-47 0)
(-5.06988e-47 -1.83519e-48 0)
(-1.57076e-48 -4.84196e-50 0)
(-4.13291e-50 -1.354e-51 0)
(-1.15579e-51 -3.34604e-53 0)
(-2.8499e-53 -8.53693e-55 0)
(-7.27064e-55 -1.97695e-56 0)
(-1.68075e-56 -4.62501e-58 0)
(-4.00925e-58 2.02829e-59 0)
(-1.36766e-58 2.84313e-58 0)
(-5.29705e-59 5.46339e-57 0)
(3.21593e-58 2.52121e-57 0)
(1.95152e-58 -8.1657e-57 0)
(-1.88979e-58 -5.74895e-57 0)
(-2.02996e-58 -1.56716e-58 0)
(-1.03078e-58 2.85494e-57 0)
(1.28189e-58 4.26447e-57 0)
(1.61859e-58 -2.57684e-57 0)
(-1.24113e-58 -2.6471e-57 0)
(-1.3035e-58 2.68146e-57 0)
(2.52122e-59 2.87779e-57 0)
(1.02031e-58 1.66379e-57 0)
(3.96777e-59 -1.49827e-57 0)
(-3.36555e-59 -7.03212e-59 0)
(-4.15295e-60 -2.32011e-59 0)
(4.57585e-59 7.93376e-59 0)
(-1.59436e-57 -2.25552e-57 0)
(-3.18323e-58 6.17426e-56 0)
(1.51534e-57 1.1235e-56 0)
(2.84898e-58 3.4307e-57 0)
(-1.06841e-58 -4.92118e-58 0)
(-1.56168e-59 7.9858e-57 0)
(3.39495e-58 1.17592e-58 0)
(-2.98309e-58 -6.47253e-57 0)
(9.93679e-37 -8.06499e-38 0)
(3.38162e-38 -5.12747e-39 0)
(1.59792e-39 -1.70787e-40 0)
(5.11932e-41 -6.89769e-42 0)
(2.04526e-42 -2.07153e-43 0)
(6.14736e-44 -7.21623e-45 0)
(2.1405e-45 -2.02794e-46 0)
(6.02715e-47 -6.28211e-48 0)
(1.86707e-48 -1.65391e-49 0)
(4.92342e-50 -4.62468e-51 0)
(1.37676e-51 -1.14085e-52 0)
(3.40073e-53 -2.91023e-54 0)
(8.6759e-55 -6.72963e-56 0)
(2.00834e-56 -1.57844e-57 0)
(4.70998e-58 -3.35633e-59 0)
(7.61505e-60 5.62976e-60 0)
(-8.50857e-61 1.22409e-58 0)
(6.55335e-60 5.64968e-59 0)
(3.97465e-60 -1.82963e-58 0)
(-3.84787e-60 -1.2882e-58 0)
(-4.13937e-60 -3.50874e-60 0)
(-2.17156e-60 6.39456e-59 0)
(2.61068e-60 9.4373e-59 0)
(3.36778e-60 -5.77824e-59 0)
(-2.52354e-60 -5.93268e-59 0)
(-2.65759e-60 6.00753e-59 0)
(4.43981e-61 6.44532e-59 0)
(2.15041e-60 3.61327e-59 0)
(8.80803e-61 -3.2434e-59 0)
(-7.54635e-61 -1.54406e-60 0)
(-9.81592e-62 -4.75893e-61 0)
(7.98175e-61 2.39905e-60 0)
(-3.46966e-59 -4.39338e-59 0)
(-6.4819e-60 1.5163e-57 0)
(3.30816e-59 2.58346e-58 0)
(5.85932e-60 7.74371e-59 0)
(-2.16139e-60 -1.21892e-59 0)
(-2.39837e-61 1.78894e-58 0)
(6.98195e-60 2.63971e-60 0)
(-6.21135e-60 -1.43955e-58 0)
(2.7078e-36 2.2804e-38 0)
(9.17914e-38 2.58747e-39 0)
(4.3386e-39 9.09457e-41 0)
(1.38601e-40 3.71881e-42 0)
(5.53845e-42 1.1208e-43 0)
(1.66104e-43 3.90583e-45 0)
(5.78443e-45 1.099e-46 0)
(1.62598e-46 3.4044e-48 0)
(5.03713e-48 8.97123e-50 0)
(1.32647e-49 2.50857e-51 0)
(3.70922e-51 6.193e-53 0)
(9.15197e-53 1.57987e-54 0)
(2.33468e-54 3.65555e-56 0)
(5.39953e-56 8.57501e-58 0)
(1.26652e-57 1.86195e-59 0)
(2.74162e-59 5.34668e-61 0)
(5.73802e-61 2.50146e-60 0)
(1.47469e-61 1.14985e-60 0)
(8.23879e-62 -3.72569e-60 0)
(-7.95156e-62 -2.62465e-60 0)
(-8.5551e-62 -7.16568e-62 0)
(-4.46312e-62 1.30619e-60 0)
(5.39616e-62 1.99049e-60 0)
(6.93585e-62 -1.17298e-60 0)
(-5.21554e-62 -1.20761e-60 0)
(-5.49259e-62 1.22343e-60 0)
(9.41478e-63 1.3161e-60 0)
(4.42017e-62 8.01801e-61 0)
(1.79584e-62 -7.25963e-61 0)
(-1.53757e-62 -3.46111e-62 0)
(-2.30287e-63 -9.36177e-63 0)
(1.33041e-62 5.85929e-62 0)
(-7.79896e-61 -7.67443e-61 0)
(-1.33956e-61 3.30052e-59 0)
(7.46529e-61 5.38792e-60 0)
(1.24531e-61 1.59223e-60 0)
(-4.43897e-62 -1.76135e-61 0)
(-5.18177e-63 3.64475e-60 0)
(1.44065e-61 5.15983e-62 0)
(-1.27973e-61 -2.99518e-60 0)
(-9.21503e-37 1.01361e-37 0)
(-3.12355e-38 7.68316e-39 0)
(-1.47623e-39 2.6102e-40 0)
(-4.71579e-41 1.05923e-41 0)
(-1.88436e-42 3.18462e-43 0)
(-5.65137e-44 1.10955e-44 0)
(-1.96806e-45 3.11894e-46 0)
(-5.53221e-47 9.66177e-48 0)
(-1.71389e-48 2.54417e-49 0)
(-4.51348e-50 7.11401e-51 0)
(-1.26217e-51 1.75521e-52 0)
(-3.11438e-53 4.47744e-54 0)
(-7.94528e-55 1.03549e-55 0)
(-1.83765e-56 2.42884e-57 0)
(-4.31072e-58 5.26795e-59 0)
(-9.35134e-60 1.14559e-60 0)
(-2.03295e-61 7.47889e-62 0)
(-1.53787e-63 2.42298e-62 0)
(1.48959e-63 -7.69869e-62 0)
(-1.52385e-63 -5.42464e-62 0)
(-1.63983e-63 -1.47933e-63 0)
(-8.79069e-64 2.69972e-62 0)
(1.03321e-63 4.09043e-62 0)
(1.35225e-63 -2.42475e-62 0)
(-9.97174e-64 -2.49616e-62 0)
(-1.05269e-63 2.5282e-62 0)
(1.56699e-64 2.71988e-62 0)
(8.70935e-64 1.63408e-62 0)
(3.68534e-64 -1.47769e-62 0)
(-3.17946e-64 -7.13011e-64 0)
(-4.96642e-65 -1.7583e-64 0)
(1.9501e-64 1.47371e-63 0)
(-1.59438e-62 -1.28124e-62 0)
(-2.56445e-63 7.42061e-61 0)
(1.5303e-62 1.14399e-61 0)
(2.41813e-63 3.3161e-62 0)
(-8.44112e-64 -3.8608e-63 0)
(-7.25648e-65 7.5316e-62 0)
(2.78149e-63 1.05971e-63 0)
(-2.49671e-63 -6.16942e-62 0)
(-2.75689e-36 -6.33446e-38 0)
(-9.34356e-38 -2.91514e-39 0)
(-4.41599e-39 -9.26824e-41 0)
(-1.41054e-40 -3.69812e-42 0)
(-5.63638e-42 -1.10879e-43 0)
(-1.69026e-43 -3.8607e-45 0)
(-5.88626e-45 -1.08519e-46 0)
(-1.65452e-46 -3.36172e-48 0)
(-5.1257e-48 -8.85276e-50 0)
(-1.34976e-49 -2.47554e-51 0)
(-3.7745e-51 -6.10825e-53 0)
(-9.31299e-53 -1.55829e-54 0)
(-2.37586e-54 -3.60412e-56 0)
(-5.49485e-56 -8.45441e-58 0)
(-1.28895e-57 -1.83384e-59 0)
(-2.79572e-59 -3.97833e-61 0)
(-6.06576e-61 -7.11136e-63 0)
(-1.2295e-62 2.91413e-64 0)
(-2.18692e-64 -1.47714e-63 0)
(-3.39168e-65 -1.03907e-63 0)
(-3.15117e-65 -2.83772e-65 0)
(-1.68361e-65 5.18264e-64 0)
(1.97976e-65 8.06444e-64 0)
(2.59014e-65 -4.62951e-64 0)
(-1.91013e-65 -4.77739e-64 0)
(-2.0172e-65 4.84038e-64 0)
(3.00976e-66 5.21969e-64 0)
(1.66815e-65 3.35219e-64 0)
(7.05462e-66 -3.05128e-64 0)
(-6.09041e-66 -1.47605e-65 0)
(-1.05711e-66 -3.18996e-66 0)
(2.4433e-66 3.24005e-65 0)
(-3.30392e-64 -1.8843e-64 0)
(-4.91295e-65 1.5173e-62 0)
(3.18114e-64 2.24695e-63 0)
(4.76256e-65 6.40914e-64 0)
(-1.60661e-65 -4.94405e-65 0)
(-1.38465e-66 1.44255e-63 0)
(5.32858e-65 1.94644e-65 0)
(-4.78439e-65 -1.20284e-63 0)
(9.79842e-37 -1.4463e-37 0)
(3.32112e-38 -8.22437e-39 0)
(1.56944e-39 -2.70091e-40 0)
(5.01347e-41 -1.08693e-41 0)
(2.00325e-42 -3.26264e-43 0)
(6.00797e-44 -1.13639e-44 0)
(2.09226e-45 -3.19367e-46 0)
(5.8815e-47 -9.89325e-48 0)
(1.82216e-48 -2.60476e-49 0)
(4.79879e-50 -7.28348e-51 0)
(1.34202e-51 -1.79682e-52 0)
(3.31157e-53 -4.58361e-54 0)
(8.44883e-55 -1.05996e-55 0)
(1.95423e-56 -2.48621e-57 0)
(4.58447e-58 -5.39199e-59 0)
(9.94472e-60 -1.16979e-60 0)
(2.15783e-61 -2.3786e-62 0)
(4.39288e-63 -4.71085e-64 0)
(8.90779e-65 -3.74044e-65 0)
(1.16678e-66 -2.00798e-65 0)
(-5.34294e-67 -5.46062e-67 0)
(-3.09812e-67 9.93393e-66 0)
(3.5634e-67 1.54445e-65 0)
(4.73499e-67 -8.8677e-66 0)
(-3.43341e-67 -9.15384e-66 0)
(-3.63382e-67 9.27271e-66 0)
(4.70673e-68 1.00034e-65 0)
(3.07666e-67 6.41422e-66 0)
(1.34418e-67 -5.83876e-66 0)
(-1.16739e-67 -2.85379e-67 0)
(-2.10244e-68 -5.48633e-68 0)
(2.07279e-68 7.18481e-67 0)
(-6.34513e-66 -2.37608e-66 0)
(-8.84112e-67 3.14475e-64 0)
(6.12361e-66 4.42819e-65 0)
(8.72591e-67 1.23784e-65 0)
(-2.87118e-67 -9.4716e-67 0)
(-1.68498e-68 2.76364e-65 0)
(9.66035e-67 3.67711e-67 0)
(-8.75185e-67 -2.30427e-65 0)
(2.84466e-36 5.28507e-38 0)
(9.6352e-38 4.09861e-39 0)
(4.55427e-39 1.39501e-40 0)
(1.45404e-40 5.66452e-42 0)
(5.81049e-42 1.70267e-43 0)
(1.74185e-43 5.93253e-45 0)
(6.06599e-45 1.66722e-46 0)
(1.70453e-46 5.16472e-48 0)
(5.2806e-48 1.35972e-49 0)
(1.39021e-49 3.80203e-51 0)
(3.8875e-51 9.37901e-53 0)
(9.5898e-53 2.39251e-54 0)
(2.44637e-54 5.53236e-56 0)
(5.6569e-56 1.29763e-57 0)
(1.32689e-57 2.81412e-59 0)
(2.87756e-59 6.1051e-61 0)
(6.24287e-61 1.24235e-62 0)
(1.27035e-62 2.50542e-64 0)
(2.5605e-64 4.2746e-66 0)
(4.88144e-66 -2.68549e-67 0)
(8.17857e-68 -8.17131e-69 0)
(-3.90511e-69 1.79241e-67 0)
(6.38221e-69 2.84989e-67 0)
(8.46197e-69 -1.59199e-67 0)
(-6.11879e-69 -1.64697e-67 0)
(-6.48033e-69 1.66877e-67 0)
(8.20356e-70 1.80412e-67 0)
(5.50563e-69 1.22174e-67 0)
(2.41661e-69 -1.1178e-67 0)
(-2.10195e-69 -5.48184e-69 0)
(-4.10439e-70 -9.13924e-70 0)
(-9.13027e-71 1.44841e-68 0)
(-1.21843e-67 -2.06144e-68 0)
(-1.57608e-68 6.04027e-66 0)
(1.17892e-67 8.19038e-67 0)
(1.59957e-68 2.2487e-67 0)
(-5.08332e-69 -9.66085e-69 0)
(-2.75212e-70 4.97551e-67 0)
(1.7242e-68 6.33917e-69 0)
(-1.56469e-68 -4.21256e-67 0)
(-1.94546e-36 7.67528e-38 0)
(-6.58868e-38 6.64722e-39 0)
(-3.11463e-39 2.28612e-40 0)
(-9.94302e-41 9.30497e-42 0)
(-3.97351e-42 2.79909e-43 0)
(-1.19105e-43 9.75396e-45 0)
(-4.14786e-45 2.74207e-46 0)
(-1.16543e-46 8.49489e-48 0)
(-3.61041e-48 2.23705e-49 0)
(-9.50415e-50 6.25565e-51 0)
(-2.6576e-51 1.54353e-52 0)
(-6.55525e-53 3.9377e-54 0)
(-1.67218e-54 9.10729e-56 0)
(-3.86634e-56 2.13633e-57 0)
(-9.06842e-58 4.6338e-59 0)
(-1.96645e-59 1.00537e-60 0)
(-4.26595e-61 2.04615e-62 0)
(-8.67995e-63 4.1244e-64 0)
(-1.74934e-64 7.87038e-66 0)
(-3.3414e-66 1.4165e-67 0)
(-6.29364e-68 2.48153e-69 0)
(-1.22164e-69 3.24407e-69 0)
(8.77186e-71 5.10057e-69 0)
(1.44783e-70 -2.83646e-69 0)
(-1.03387e-70 -2.93632e-69 0)
(-1.09713e-70 2.97476e-69 0)
(1.19586e-71 3.21826e-69 0)
(9.51438e-71 2.1956e-69 0)
(4.28931e-71 -2.01058e-69 0)
(-3.74873e-71 -9.94949e-71 0)
(-7.57253e-72 -1.43313e-71 0)
(-9.46894e-72 2.90293e-70 0)
(-2.19829e-69 7.2119e-71 0)
(-2.66573e-70 1.16004e-67 0)
(2.13131e-69 1.50407e-68 0)
(2.76396e-70 4.04266e-69 0)
(-8.53571e-71 -1.50773e-70 0)
(-2.46523e-72 8.87048e-69 0)
(2.93562e-70 1.10567e-70 0)
(-2.6851e-70 -7.52882e-69 0)
(-1.95732e-36 -5.44462e-38 0)
(-6.64252e-38 -3.9724e-39 0)
(-3.13986e-39 -1.34043e-40 0)
(-1.00393e-40 -5.41753e-42 0)
(-4.01211e-42 -1.62367e-43 0)
(-1.20413e-43 -5.63914e-45 0)
(-4.19385e-45 -1.58043e-46 0)
(-1.17958e-46 -4.88047e-48 0)
(-3.65484e-48 -1.28128e-49 0)
(-9.62964e-50 -3.5714e-51 0)
(-2.69325e-51 -8.78462e-53 0)
(-6.64829e-53 -2.23374e-54 0)
(-1.69633e-54 -5.14977e-56 0)
(-3.92484e-56 -1.20399e-57 0)
(-9.20819e-58 -2.60293e-59 0)
(-1.99797e-59 -5.62826e-61 0)
(-4.33566e-61 -1.14159e-62 0)
(-8.82665e-63 -2.29303e-64 0)
(-1.77949e-64 -4.36549e-66 0)
(-3.40056e-66 -8.18281e-68 0)
(-6.39045e-68 -1.46357e-69 0)
(-1.14824e-69 2.86604e-71 0)
(-1.83441e-71 8.77371e-71 0)
(2.08549e-72 -4.78781e-71 0)
(-1.72441e-72 -4.96576e-71 0)
(-1.8259e-72 5.03158e-71 0)
(1.88704e-73 5.45419e-71 0)
(1.59367e-72 3.89575e-71 0)
(7.244e-73 -3.58202e-71 0)
(-6.34358e-73 -1.7796e-72 0)
(-1.36532e-73 -2.17233e-73 0)
(-3.024e-73 5.41207e-72 0)
(-3.92669e-71 8.77144e-72 0)
(-4.43406e-72 2.09315e-69 0)
(3.8152e-71 2.61949e-70 0)
(4.73129e-72 6.90262e-71 0)
(-1.40952e-72 -5.54023e-73 0)
(-2.84463e-74 1.50094e-70 0)
(4.89383e-72 1.78665e-72 0)
(-4.48869e-72 -1.29128e-70 0)
(8.8453e-37 -5.58379e-38 0)
(2.97169e-38 -2.57483e-39 0)
(1.39e-39 -8.0772e-41 0)
(4.4021e-41 -3.09939e-42 0)
(1.74084e-42 -9.04796e-44 0)
(5.17546e-44 -3.00813e-45 0)
(1.78361e-45 -8.16605e-47 0)
(4.96873e-47 -2.39812e-48 0)
(1.52319e-48 -6.03959e-50 0)
(3.9738e-50 -1.58522e-51 0)
(1.09942e-51 -3.69257e-53 0)
(2.68629e-53 -8.71615e-55 0)
(6.77855e-55 -1.86861e-56 0)
(1.55173e-56 -3.96793e-58 0)
(3.5992e-58 -7.7562e-60 0)
(7.7227e-60 -1.46871e-61 0)
(1.65611e-61 -2.56422e-63 0)
(3.33215e-63 -4.19993e-65 0)
(6.63517e-65 -6.17414e-67 0)
(1.25231e-66 -7.74297e-69 0)
(2.32286e-68 -6.84179e-71 0)
(4.11313e-70 1.05912e-72 0)
(7.15172e-72 1.50314e-72 0)
(1.57386e-73 -7.94733e-73 0)
(-2.53754e-74 -8.26023e-73 0)
(-2.90166e-74 8.36909e-73 0)
(2.53278e-75 9.08053e-73 0)
(2.58237e-74 6.57672e-73 0)
(1.20062e-74 -6.05549e-73 0)
(-1.05557e-74 -3.0327e-74 0)
(-2.34505e-75 -3.06757e-75 0)
(-7.1808e-75 9.93414e-74 0)
(-6.65558e-73 2.84068e-73 0)
(-7.04746e-74 3.73924e-71 0)
(6.478e-73 4.49539e-72 0)
(7.70688e-74 1.15829e-72 0)
(-2.22328e-74 1.83058e-75 0)
(8.35893e-77 2.49701e-72 0)
(7.82568e-74 2.88381e-74 0)
(-7.229e-74 -2.15783e-72 0)
(-1.7133e-37 2.23606e-37 0)
(-6.77838e-39 1.30875e-38 0)
(-4.23668e-40 4.42885e-40 0)
(-1.53892e-41 2.0952e-41 0)
(-7.52187e-43 6.68983e-43 0)
(-2.52536e-44 2.67474e-44 0)
(-1.0299e-45 8.01857e-46 0)
(-3.20635e-47 2.7933e-47 0)
(-1.13218e-48 7.84879e-49 0)
(-3.27606e-50 2.43197e-50 0)
(-1.02551e-51 6.40189e-52 0)
(-2.76334e-53 1.79037e-53 0)
(-7.79257e-55 4.4159e-55 0)
(-1.9587e-56 1.12655e-56 0)
(-5.03297e-58 2.60454e-58 0)
(-1.1818e-59 6.10916e-60 0)
(-2.79009e-61 1.32462e-61 0)
(-6.12812e-63 2.8736e-63 0)
(-1.33747e-64 5.84631e-65 0)
(-2.75072e-66 1.17823e-66 0)
(-5.57528e-68 2.25019e-68 0)
(-1.07463e-69 4.22698e-70 0)
(-2.02955e-71 7.60406e-72 0)
(-3.66265e-73 1.20416e-73 0)
(-6.89643e-75 -1.08873e-74 0)
(-5.61716e-76 1.33388e-74 0)
(3.40145e-77 1.44604e-74 0)
(4.05353e-76 1.08967e-74 0)
(1.90482e-76 -1.00669e-74 0)
(-1.67841e-76 -5.06378e-76 0)
(-3.92314e-77 -4.14591e-77 0)
(-1.51918e-76 1.72083e-75 0)
(-1.10898e-74 6.77755e-75 0)
(-1.09589e-75 6.33833e-73 0)
(1.08134e-74 7.37129e-74 0)
(1.23486e-75 1.85868e-74 0)
(-3.43064e-76 5.15586e-76 0)
(5.54593e-78 3.97032e-74 0)
(1.22063e-75 4.36035e-76 0)
(-1.13167e-75 -3.47336e-74 0)
(-5.69181e-36 2.96069e-40 0)
(-2.04032e-37 1.10422e-40 0)
(-1.23532e-38 4.20652e-42 0)
(-4.21376e-40 1.73384e-43 0)
(-2.0285e-41 5.35937e-45 0)
(-6.51589e-43 1.86665e-46 0)
(-2.63421e-44 5.35095e-48 0)
(-7.93546e-46 1.65844e-49 0)
(-2.78544e-47 4.43693e-51 0)
(-7.85776e-49 1.24266e-52 0)
(-2.44814e-50 3.10668e-54 0)
(-6.46556e-52 7.94455e-56 0)
(-1.81563e-53 1.85795e-57 0)
(-4.4904e-55 4.37156e-59 0)
(-1.1492e-56 9.57278e-61 0)
(-2.663e-58 2.0843e-62 0)
(-6.26206e-60 4.27725e-64 0)
(-1.3604e-61 8.65498e-66 0)
(-2.95725e-63 1.66562e-67 0)
(-6.02641e-65 3.14223e-69 0)
(-1.21657e-66 5.67385e-71 0)
(-2.32669e-68 1.00047e-72 0)
(-4.37667e-70 1.73279e-74 0)
(-7.85835e-72 8.37019e-77 0)
(-1.38088e-73 -1.99702e-76 0)
(-2.33487e-75 2.06912e-76 0)
(-3.78468e-77 2.25106e-76 0)
(5.55607e-78 1.72813e-76 0)
(2.94365e-78 -1.59921e-76 0)
(-2.61093e-78 -8.10279e-78 0)
(-6.2869e-79 -5.09908e-79 0)
(-2.89506e-78 2.91577e-77 0)
(-1.76571e-76 1.43763e-76 0)
(-1.63633e-77 1.05618e-74 0)
(1.72436e-76 1.18463e-75 0)
(1.89539e-77 2.9169e-76 0)
(-5.08126e-78 1.17891e-77 0)
(2.01377e-79 6.17531e-76 0)
(1.8331e-77 6.51935e-78 0)
(-1.71075e-77 -5.43527e-76 0)
(-2.55385e-37 -2.02397e-37 0)
(-9.75524e-39 -1.04729e-38 0)
(-5.6348e-40 -3.50817e-40 0)
(-2e-41 -1.7182e-41 0)
(-9.35855e-43 -5.55596e-43 0)
(-3.08983e-44 -2.27954e-44 0)
(-1.22627e-45 -6.90859e-46 0)
(-3.76917e-47 -2.44945e-47 0)
(-1.30662e-48 -6.94401e-49 0)
(-3.74278e-50 -2.17899e-50 0)
(-1.15623e-51 -5.77811e-52 0)
(-3.09016e-53 -1.63126e-53 0)
(-8.62838e-55 -4.04812e-55 0)
(-2.15417e-56 -1.04029e-56 0)
(-5.49292e-58 -2.41755e-58 0)
(-1.28252e-59 -5.70353e-60 0)
(-3.0094e-61 -1.2421e-61 0)
(-6.57818e-63 -2.70732e-63 0)
(-1.42854e-64 -5.52876e-65 0)
(-2.92599e-66 -1.11859e-66 0)
(-5.90594e-68 -2.14323e-68 0)
(-1.13434e-69 -4.03913e-70 0)
(-2.13486e-71 -7.26397e-72 0)
(-3.84715e-73 -1.27846e-73 0)
(-6.76673e-75 -2.16158e-75 0)
(-1.14549e-76 -3.24514e-77 0)
(-1.879e-78 2.80388e-78 0)
(6.08049e-80 2.66952e-78 0)
(4.35444e-80 -2.48564e-78 0)
(-3.90033e-80 -1.26525e-79 0)
(-9.78967e-81 -5.79779e-81 0)
(-5.20297e-80 4.70591e-79 0)
(-2.74981e-78 2.74368e-78 0)
(-2.38172e-79 1.68174e-76 0)
(2.68955e-78 1.82856e-77 0)
(2.84734e-79 4.39813e-78 0)
(-7.33507e-80 2.83325e-79 0)
(4.06757e-81 9.22436e-78 0)
(2.67818e-79 9.20228e-80 0)
(-2.51023e-79 -8.21241e-78 0)
(-1.0696e-36 -9.87506e-39 0)
(-3.63964e-38 -4.87686e-40 0)
(-1.73554e-39 -1.6961e-41 0)
(-5.56828e-41 -8.02455e-43 0)
(-2.24377e-42 -2.66457e-44 0)
(-6.76135e-44 -1.06994e-45 0)
(-2.3735e-45 -3.30649e-47 0)
(-6.70619e-47 -1.1558e-48 0)
(-2.09361e-48 -3.32558e-50 0)
(-5.54361e-50 -1.03364e-51 0)
(-1.56184e-51 -2.77285e-53 0)
(-3.87599e-53 -7.77857e-55 0)
(-9.9606e-55 -1.94812e-56 0)
(-2.31765e-56 -4.98582e-58 0)
(-5.47592e-58 -1.16725e-59 0)
(-1.19522e-59 -2.74707e-61 0)
(-2.61186e-61 -6.01867e-63 0)
(-5.35034e-63 -1.31025e-64 0)
(-1.08622e-64 -2.68909e-66 0)
(-2.08919e-66 -5.439e-68 0)
(-3.95374e-68 -1.04649e-69 0)
(-7.14225e-70 -1.973e-71 0)
(-1.26305e-71 -3.56098e-73 0)
(-2.1434e-73 -6.27289e-75 0)
(-3.54811e-75 -1.06289e-76 0)
(-5.65671e-77 -1.70658e-78 0)
(-8.77439e-79 2.12323e-80 0)
(-1.18468e-80 3.94663e-80 0)
(4.47654e-82 -3.71003e-80 0)
(-5.70447e-82 -1.90091e-81 0)
(-1.46604e-82 -5.48729e-83 0)
(-8.75458e-82 7.39726e-81 0)
(-4.11195e-80 4.936e-80 0)
(-3.33956e-81 2.61915e-78 0)
(4.02731e-80 2.7558e-79 0)
(4.1162e-81 6.46323e-80 0)
(-1.01965e-81 5.1378e-81 0)
(8.07882e-83 1.34302e-79 0)
(3.77637e-81 1.27392e-81 0)
(-3.56183e-81 -1.20453e-79 0)
(-4.10561e-38 -3.46869e-38 0)
(-1.47258e-39 -1.64496e-39 0)
(-6.98695e-41 -5.27196e-41 0)
(-2.32614e-42 -2.12354e-42 0)
(-9.33922e-44 -6.3979e-44 0)
(-2.89227e-45 -2.24573e-45 0)
(-1.01278e-46 -6.34463e-47 0)
(-2.92176e-48 -1.9807e-48 0)
(-9.10771e-50 -5.24438e-50 0)
(-2.4509e-51 -1.47755e-51 0)
(-6.90022e-53 -3.66677e-53 0)
(-1.73429e-54 -9.42329e-55 0)
(-4.45656e-56 -2.19265e-56 0)
(-1.04742e-57 -5.18085e-58 0)
(-2.47581e-59 -1.13085e-59 0)
(-5.4471e-61 -2.47133e-61 0)
(-1.19125e-62 -5.06269e-63 0)
(-2.45571e-64 -1.02789e-64 0)
(-4.99053e-66 -1.97711e-66 0)
(-9.64656e-68 -3.74189e-68 0)
(-1.82758e-69 -6.75998e-70 0)
(-3.31436e-71 -1.19554e-71 0)
(-5.86758e-73 -2.02897e-73 0)
(-9.98723e-75 -3.35894e-75 0)
(-1.65489e-76 -5.35543e-77 0)
(-2.64422e-78 -8.30202e-79 0)
(-4.10515e-80 -1.17535e-80 0)
(-5.97848e-82 3.97947e-82 0)
(-2.24626e-86 -5.42191e-82 0)
(-8.08918e-84 -2.78225e-83 0)
(-2.13038e-84 -3.78506e-85 0)
(-1.40855e-83 1.11423e-82 0)
(-5.99281e-82 8.31102e-82 0)
(-4.55284e-83 3.9167e-80 0)
(5.87725e-82 4.00311e-81 0)
(5.80342e-83 9.15419e-82 0)
(-1.37777e-83 9.34725e-83 0)
(1.35487e-84 1.88392e-81 0)
(5.17086e-83 1.67316e-83 0)
(-4.90087e-83 -1.70832e-81 0)
(-4.70636e-39 -1.40974e-39 0)
(-1.68637e-40 -6.65469e-41 0)
(-8.19698e-42 -2.21343e-42 0)
(-2.70827e-43 -8.88323e-44 0)
(-1.09304e-44 -2.75073e-45 0)
(-3.34598e-46 -9.63087e-47 0)
(-1.16597e-47 -2.77822e-48 0)
(-3.31584e-49 -8.65946e-50 0)
(-1.02241e-50 -2.33014e-51 0)
(-2.70661e-52 -6.55977e-53 0)
(-7.508e-54 -1.64864e-54 0)
(-1.85332e-55 -4.23622e-56 0)
(-4.67945e-57 -9.95593e-58 0)
(-1.07863e-58 -2.35319e-59 0)
(-2.50007e-60 -5.17714e-61 0)
(-5.3879e-62 -1.13217e-62 0)
(-1.15359e-63 -2.33384e-64 0)
(-2.32678e-65 -4.7427e-66 0)
(-4.62336e-67 -9.16725e-68 0)
(-8.73491e-69 -1.73672e-69 0)
(-1.61628e-70 -3.14952e-71 0)
(-2.86213e-72 -5.5756e-73 0)
(-4.94401e-74 -9.49005e-75 0)
(-8.20938e-76 -1.57247e-76 0)
(-1.32612e-77 -2.51247e-78 0)
(-2.06523e-79 -3.89974e-80 0)
(-3.1232e-81 -5.75611e-82 0)
(-4.53797e-83 -4.15862e-85 0)
(-5.24664e-85 -7.68281e-84 0)
(-1.17436e-85 -3.93478e-85 0)
(-2.99147e-86 5.49206e-88 0)
(-2.15355e-85 1.63e-84 0)
(-8.41338e-84 1.33788e-83 0)
(-5.99135e-85 5.70838e-82 0)
(8.26104e-84 5.66235e-83 0)
(7.89704e-85 1.2606e-83 0)
(-1.79627e-85 1.50097e-84 0)
(2.21284e-86 2.56926e-83 0)
(6.84296e-85 2.13983e-85 0)
(-6.52552e-85 -2.34953e-83 0)
(5.81925e-42 -3.32791e-40 0)
(2.08291e-43 -1.60841e-41 0)
(8.66613e-45 -5.30208e-43 0)
(2.80272e-46 -2.13479e-44 0)
(9.75246e-48 -6.52351e-46 0)
(2.86708e-49 -2.26844e-47 0)
(8.60425e-51 -6.44009e-49 0)
(2.30037e-52 -1.98179e-50 0)
(6.04401e-54 -5.23747e-52 0)
(1.4633e-55 -1.45006e-53 0)
(3.37439e-57 -3.57336e-55 0)
(7.30773e-59 -9.00562e-57 0)
(1.45581e-60 -2.07231e-58 0)
(2.72421e-62 -4.79449e-60 0)
(4.37377e-64 -1.0315e-61 0)
(6.1351e-66 -2.20456e-63 0)
(4.62329e-68 -4.43894e-65 0)
(-5.32743e-70 -8.80451e-67 0)
(-4.35296e-71 -1.66056e-68 0)
(-1.38506e-72 -3.06717e-70 0)
(-3.68891e-74 -5.42187e-72 0)
(-8.40812e-76 -9.34893e-74 0)
(-1.79244e-77 -1.54961e-75 0)
(-3.5217e-79 -2.49867e-77 0)
(-6.59565e-81 -3.88429e-79 0)
(-1.16596e-82 -5.86328e-81 0)
(-1.97662e-84 -8.53617e-83 0)
(-2.88674e-86 -1.09862e-84 0)
(1.09947e-87 -1.19581e-85 0)
(-1.43664e-87 -5.58486e-87 0)
(-4.04239e-88 7.81451e-89 0)
(-3.16382e-87 2.29364e-86 0)
(-1.14828e-85 2.04625e-85 0)
(-7.65169e-87 8.01421e-84 0)
(1.1288e-85 7.73714e-85 0)
(1.04546e-86 1.67635e-85 0)
(-2.27193e-87 2.36217e-86 0)
(3.30836e-88 3.38254e-85 0)
(8.78228e-87 2.60212e-87 0)
(-8.41941e-87 -3.12693e-85 0)
(5.03495e-39 -1.35285e-39 0)
(1.79788e-40 -6.30825e-41 0)
(8.70077e-42 -2.09166e-42 0)
(2.86525e-43 -8.32223e-44 0)
(1.15167e-44 -2.56992e-45 0)
(3.51406e-46 -8.938e-47 0)
(1.21978e-47 -2.57159e-48 0)
(3.45769e-49 -7.97202e-50 0)
(1.06216e-50 -2.13961e-51 0)
(2.80275e-52 -5.99574e-53 0)
(7.74636e-54 -1.50298e-54 0)
(1.90594e-55 -3.84636e-56 0)
(4.79511e-57 -9.01599e-58 0)
(1.10166e-58 -2.12323e-59 0)
(2.54444e-60 -4.65878e-61 0)
(5.46533e-62 -1.01534e-62 0)
(1.16606e-63 -2.08733e-64 0)
(2.34403e-65 -4.22802e-66 0)
(4.64131e-67 -8.14967e-68 0)
(8.73893e-69 -1.53908e-69 0)
(1.61133e-70 -2.78312e-71 0)
(2.84347e-72 -4.91162e-73 0)
(4.89434e-74 -8.33531e-75 0)
(8.09821e-76 -1.37681e-76 0)
(1.30345e-77 -2.19314e-78 0)
(2.0226e-79 -3.39399e-80 0)
(3.04751e-81 -5.07426e-82 0)
(4.43488e-83 -7.3594e-84 0)
(6.25903e-85 -1.04617e-85 0)
(8.52153e-87 -1.47517e-87 0)
(1.07606e-88 -1.64582e-89 0)
(-4.30446e-89 3.12638e-88 0)
(-1.51268e-87 3.00707e-87 0)
(-9.44301e-89 1.09382e-85 0)
(1.48861e-87 1.02751e-86 0)
(1.33815e-88 2.16367e-87 0)
(-2.77545e-89 3.44853e-88 0)
(4.78272e-90 4.32169e-87 0)
(1.09008e-88 3.05945e-89 0)
(-1.05144e-88 -4.03266e-87 0)
(3.9541e-38 -3.61151e-38 0)
(1.413e-39 -1.69739e-39 0)
(6.62433e-41 -5.40583e-41 0)
(2.19868e-42 -2.15941e-42 0)
(8.75135e-44 -6.46561e-44 0)
(2.70273e-45 -2.25159e-45 0)
(9.40087e-47 -6.32148e-47 0)
(2.70491e-48 -1.95847e-48 0)
(8.38589e-50 -5.15274e-50 0)
(2.25079e-51 -1.44099e-51 0)
(6.30759e-53 -3.55305e-53 0)
(1.58121e-54 -9.06472e-55 0)
(4.04671e-56 -2.09541e-56 0)
(9.48589e-58 -4.91547e-58 0)
(2.23396e-59 -1.06576e-59 0)
(4.90184e-61 -2.31238e-61 0)
(1.06834e-62 -4.70474e-63 0)
(2.19633e-64 -9.48339e-65 0)
(4.44888e-66 -1.81134e-66 0)
(8.57553e-68 -3.40318e-68 0)
(1.61953e-69 -6.10394e-70 0)
(2.92864e-71 -1.07151e-71 0)
(5.1685e-73 -1.80502e-73 0)
(8.77134e-75 -2.96548e-75 0)
(1.44885e-76 -4.69187e-77 0)
(2.30791e-78 -7.22186e-79 0)
(3.57165e-80 -1.07297e-80 0)
(5.33994e-82 -1.54818e-82 0)
(7.74628e-84 -2.15918e-84 0)
(1.0867e-85 -2.92081e-86 0)
(1.47767e-87 -3.82102e-88 0)
(1.88392e-89 -7.30042e-91 0)
(-1.90899e-89 4.22338e-89 0)
(-1.12635e-90 1.44095e-87 0)
(1.90491e-89 1.3199e-88 0)
(1.66341e-90 2.69967e-89 0)
(-3.28436e-91 4.88476e-90 0)
(6.51264e-92 5.33599e-89 0)
(1.31083e-90 3.4168e-91 0)
(-1.27159e-90 -5.03376e-89 0)
(1.12089e-36 4.14791e-38 0)
(3.78943e-38 2.03347e-39 0)
(1.79107e-39 6.56393e-41 0)
(5.71059e-41 2.62633e-42 0)
(2.2821e-42 7.90274e-44 0)
(6.83432e-44 2.75152e-45 0)
(2.38022e-45 7.75288e-47 0)
(6.68334e-47 2.40153e-48 0)
(2.07065e-48 6.33629e-50 0)
(5.44822e-50 1.77187e-51 0)
(1.52363e-51 4.37872e-53 0)
(3.75691e-53 1.11716e-54 0)
(9.58459e-55 2.58711e-56 0)
(2.21559e-56 6.06966e-58 0)
(5.19719e-58 1.31793e-59 0)
(1.12682e-59 2.86007e-61 0)
(2.44475e-61 5.82601e-63 0)
(4.97389e-63 1.17465e-64 0)
(1.00253e-64 2.24579e-66 0)
(1.91477e-66 4.22065e-68 0)
(3.59728e-68 7.57636e-70 0)
(6.45173e-70 1.33041e-71 0)
(1.13248e-71 2.2427e-73 0)
(1.90763e-73 3.68578e-75 0)
(3.13383e-75 5.83495e-77 0)
(4.95791e-77 8.98445e-79 0)
(7.6308e-79 1.33553e-80 0)
(1.13365e-80 1.9277e-82 0)
(1.63561e-82 2.68968e-84 0)
(2.28094e-84 3.63964e-86 0)
(3.08522e-86 4.76395e-88 0)
(4.03624e-88 6.09404e-90 0)
(4.87786e-90 6.46865e-91 0)
(4.96892e-92 1.84213e-89 0)
(2.36266e-91 1.64555e-90 0)
(2.00179e-92 3.26522e-91 0)
(-3.75495e-93 6.55209e-92 0)
(8.54938e-94 6.38496e-91 0)
(1.52471e-92 3.65745e-93 0)
(-1.48826e-92 -6.08491e-91 0)
(-1.29969e-36 1.06143e-37 0)
(-4.42312e-38 6.75129e-39 0)
(-2.09007e-39 2.24895e-40 0)
(-6.69616e-41 9.08313e-42 0)
(-2.67524e-42 2.72795e-43 0)
(-8.04096e-44 9.50281e-45 0)
(-2.79985e-45 2.67056e-46 0)
(-7.88379e-47 8.27272e-48 0)
(-2.44221e-48 2.17799e-49 0)
(-6.44009e-50 6.09003e-51 0)
(-1.80088e-51 1.50233e-52 0)
(-4.44834e-53 3.83227e-54 0)
(-1.13485e-54 8.8617e-56 0)
(-2.62702e-56 2.07852e-57 0)
(-6.16271e-58 4.50761e-59 0)
(-1.33766e-59 9.77894e-61 0)
(-2.90253e-61 1.9899e-62 0)
(-5.91064e-63 4.01056e-64 0)
(-1.19154e-64 7.66082e-66 0)
(-2.27743e-66 1.43916e-67 0)
(-4.27944e-68 2.58136e-69 0)
(-7.67989e-70 4.5309e-71 0)
(-1.34835e-71 7.63252e-73 0)
(-2.27241e-73 1.25381e-74 0)
(-3.73394e-75 1.98366e-76 0)
(-5.90986e-77 3.05298e-78 0)
(-9.09812e-79 4.53563e-80 0)
(-1.35214e-80 6.54374e-82 0)
(-1.95131e-82 9.12551e-84 0)
(-2.72208e-84 1.23429e-85 0)
(-3.68279e-86 1.61477e-87 0)
(-4.81949e-88 2.04701e-89 0)
(-6.11382e-90 2.58468e-91 0)
(-7.51057e-92 2.30513e-91 0)
(1.93159e-93 1.98897e-92 0)
(2.23226e-94 3.81973e-93 0)
(-4.16481e-95 8.49065e-94 0)
(1.06994e-95 7.38622e-93 0)
(1.71667e-94 3.69556e-95 0)
(-1.68577e-94 -7.1184e-93 0)
(-3.56394e-36 -2.83885e-38 0)
(-1.20823e-37 -3.31642e-39 0)
(-5.71103e-39 -1.167e-40 0)
(-1.82454e-40 -4.77434e-42 0)
(-7.29087e-42 -1.43828e-43 0)
(-2.18668e-43 -5.01238e-45 0)
(-7.61486e-45 -1.40975e-46 0)
(-2.14053e-46 -4.36697e-48 0)
(-6.63109e-48 -1.15037e-49 0)
(-1.74622e-49 -3.21657e-51 0)
(-4.88289e-51 -7.93847e-53 0)
(-1.20478e-52 -2.02502e-54 0)
(-3.07333e-54 -4.68432e-56 0)
(-7.10777e-56 -1.09874e-57 0)
(-1.66717e-57 -2.38348e-59 0)
(-3.61594e-59 -5.17097e-61 0)
(-7.84465e-61 -1.05248e-62 0)
(-1.59643e-62 -2.12133e-64 0)
(-3.2176e-64 -4.05287e-66 0)
(-6.14654e-66 -7.61414e-68 0)
(-1.1547e-67 -1.36593e-69 0)
(-2.07124e-69 -2.39768e-71 0)
(-3.63556e-71 -4.03955e-73 0)
(-6.12452e-73 -6.63629e-75 0)
(-1.0061e-74 -1.05005e-76 0)
(-1.5918e-76 -1.6162e-78 0)
(-2.4499e-78 -2.40133e-80 0)
(-3.63974e-80 -3.46472e-82 0)
(-5.25123e-82 -4.83212e-84 0)
(-7.32316e-84 -6.53622e-86 0)
(-9.90516e-86 -8.55173e-88 0)
(-1.29586e-87 -1.08412e-89 0)
(-1.64269e-89 -1.32861e-91 0)
(-2.01446e-91 1.14503e-93 0)
(-2.35888e-93 2.14141e-94 0)
(-2.48243e-95 4.306e-95 0)
(-7.48763e-97 1.05151e-95 0)
(1.25702e-97 8.27147e-95 0)
(1.86902e-96 3.52672e-97 0)
(-1.84715e-96 -8.0593e-95 0)
(1.16258e-36 -9.48074e-38 0)
(3.93294e-38 -8.28704e-39 0)
(1.85932e-39 -2.85352e-40 0)
(5.93078e-41 -1.16161e-41 0)
(2.37022e-42 -3.49524e-43 0)
(7.10016e-44 -1.21789e-44 0)
(2.47271e-45 -3.42431e-46 0)
(6.94416e-47 -1.06075e-47 0)
(2.15125e-48 -2.79367e-49 0)
(5.66074e-50 -7.81149e-51 0)
(1.58286e-51 -1.92753e-52 0)
(3.90301e-53 -4.91692e-54 0)
(9.95587e-55 -1.13724e-55 0)
(2.30133e-56 -2.66744e-57 0)
(5.39748e-58 -5.78581e-59 0)
(1.17016e-59 -1.25522e-60 0)
(2.53836e-61 -2.55459e-62 0)
(5.16383e-63 -5.14883e-64 0)
(1.04064e-64 -9.83627e-66 0)
(1.98731e-66 -1.8479e-67 0)
(3.73292e-68 -3.31483e-69 0)
(6.69409e-70 -5.81853e-71 0)
(1.17482e-71 -9.80242e-73 0)
(1.97865e-73 -1.61033e-74 0)
(3.24993e-75 -2.54789e-76 0)
(5.14078e-77 -3.92153e-78 0)
(7.91087e-79 -5.82633e-80 0)
(1.17507e-80 -8.40622e-82 0)
(1.69508e-82 -1.17235e-83 0)
(2.36347e-84 -1.58575e-85 0)
(3.1963e-86 -2.07467e-87 0)
(4.18094e-88 -2.63003e-89 0)
(5.29915e-90 -3.22533e-91 0)
(6.49737e-92 -3.79778e-93 0)
(7.71629e-94 -4.13408e-95 0)
(8.8834e-96 -1.45292e-98 0)
(9.37521e-98 1.20389e-97 0)
(2.54597e-99 8.95342e-97 0)
(1.96919e-98 3.1161e-99 0)
(-1.95744e-98 -8.82665e-97 0)
(2.42697e-36 3.91133e-38 0)
(8.23544e-38 1.66802e-39 0)
(3.8922e-39 5.19934e-41 0)
(1.24433e-40 2.06687e-42 0)
(4.97203e-42 6.16724e-44 0)
(1.49203e-43 2.14724e-45 0)
(5.19571e-45 6.01539e-47 0)
(1.46116e-46 1.86326e-48 0)
(4.52655e-48 4.89321e-50 0)
(1.19246e-49 1.36794e-51 0)
(3.33455e-51 3.36751e-53 0)
(8.23006e-53 8.58738e-55 0)
(2.09958e-54 1.98223e-56 0)
(4.85705e-56 4.64743e-58 0)
(1.13934e-57 1.00635e-59 0)
(2.4717e-59 2.18213e-61 0)
(5.36275e-61 4.43455e-63 0)
(1.09158e-62 8.93276e-65 0)
(2.20028e-64 1.70433e-66 0)
(4.20394e-66 3.19987e-68 0)
(7.89847e-68 5.73355e-70 0)
(1.41702e-69 1.00575e-71 0)
(2.48751e-71 1.69265e-73 0)
(4.19114e-73 2.77877e-75 0)
(6.88573e-75 4.39256e-77 0)
(1.08958e-76 6.756e-79 0)
(1.67714e-78 1.0029e-80 0)
(2.49201e-80 1.44597e-82 0)
(3.59576e-82 2.01497e-84 0)
(5.01514e-84 2.7236e-86 0)
(6.78415e-86 3.56066e-88 0)
(8.87658e-88 4.51069e-90 0)
(1.12536e-89 5.52772e-92 0)
(1.38019e-91 6.56187e-94 0)
(1.63876e-93 7.5544e-96 0)
(1.88191e-95 8.85555e-98 0)
(2.08996e-97 2.33706e-99 0)
(2.26121e-99 9.38291e-99 0)
(2.23585e-100 2.51354e-101 0)
(-2.00298e-100 -9.34925e-99 0)
(8.95642e-38 7.74571e-38 0)
(3.20939e-39 3.6299e-39 0)
(1.50996e-40 1.15699e-40 0)
(5.01896e-42 4.61322e-42 0)
(2.0004e-43 1.38198e-43 0)
(6.18173e-45 4.80595e-45 0)
(2.15064e-46 1.34967e-46 0)
(6.18834e-48 4.17684e-48 0)
(1.91771e-49 1.09904e-49 0)
(5.14544e-51 3.07077e-51 0)
(1.44079e-52 7.57141e-53 0)
(3.60961e-54 1.93021e-54 0)
(9.22844e-56 4.46139e-56 0)
(2.16148e-57 1.0459e-57 0)
(5.0845e-59 2.26729e-59 0)
(1.1146e-60 4.91664e-61 0)
(2.42627e-62 1.00011e-62 0)
(4.98274e-64 2.01495e-64 0)
(1.00804e-65 3.84762e-66 0)
(1.9409e-67 7.22581e-68 0)
(3.66085e-69 1.29568e-69 0)
(6.61238e-71 2.27356e-71 0)
(1.16549e-72 3.8289e-73 0)
(1.97562e-74 6.28819e-75 0)
(3.25928e-76 9.94611e-77 0)
(5.18573e-78 1.53041e-78 0)
(8.01556e-80 2.27312e-80 0)
(1.19701e-81 3.27882e-82 0)
(1.73439e-83 4.5715e-84 0)
(2.43036e-85 6.18206e-86 0)
(3.30117e-87 8.08619e-88 0)
(4.33838e-89 1.02485e-89 0)
(5.52234e-91 1.25655e-91 0)
(6.80114e-93 1.49153e-93 0)
(8.10704e-95 1.71236e-95 0)
(9.34682e-97 1.9021e-97 0)
(1.04217e-98 2.05743e-99 0)
(1.12512e-100 1.16927e-100 0)
(3.12791e-102 3.87416e-103 0)
(-1.94474e-102 -9.61895e-101 0)
)
;

boundaryField
{
    leftWall
    {
        type            fixedValue;
        value           nonuniform 0();
    }
    rightWall
    {
        type            fixedValue;
        value           uniform (0 0 0);
    }
    lowerWall
    {
        type            fixedValue;
        value           nonuniform 0();
    }
    atmosphere
    {
        type            pressureInletOutletVelocity;
        value           nonuniform List<vector> 
45
(
(1.82395e-34 2.38658e-31 0)
(6.96414e-33 9.95495e-33 0)
(3.44513e-34 8.68677e-34 0)
(3.35549e-35 3.39813e-35 0)
(1.46019e-36 2.20949e-36 0)
(8.95642e-38 7.74571e-38 0)
(3.20939e-39 3.6299e-39 0)
(1.50996e-40 1.15699e-40 0)
(5.01896e-42 4.61322e-42 0)
(2.0004e-43 1.38198e-43 0)
(6.18173e-45 4.80595e-45 0)
(2.15064e-46 1.34967e-46 0)
(6.18834e-48 4.17684e-48 0)
(1.91771e-49 1.09904e-49 0)
(5.14544e-51 3.07077e-51 0)
(1.44079e-52 7.57141e-53 0)
(3.60961e-54 1.93021e-54 0)
(9.22844e-56 4.46139e-56 0)
(2.16148e-57 1.0459e-57 0)
(5.0845e-59 2.26729e-59 0)
(1.1146e-60 4.91664e-61 0)
(2.42627e-62 1.00011e-62 0)
(4.98274e-64 2.01495e-64 0)
(1.00804e-65 3.84762e-66 0)
(1.9409e-67 7.22581e-68 0)
(3.66085e-69 1.29568e-69 0)
(6.61238e-71 2.27356e-71 0)
(1.16549e-72 3.8289e-73 0)
(1.97562e-74 6.28819e-75 0)
(3.25928e-76 9.94611e-77 0)
(5.18573e-78 1.53041e-78 0)
(8.01556e-80 2.27312e-80 0)
(1.19701e-81 3.27882e-82 0)
(1.73439e-83 4.5715e-84 0)
(2.43036e-85 6.18206e-86 0)
(3.30117e-87 8.08619e-88 0)
(4.33838e-89 1.02485e-89 0)
(5.52234e-91 1.25655e-91 0)
(6.80114e-93 1.49153e-93 0)
(8.10704e-95 1.71236e-95 0)
(9.34682e-97 1.9021e-97 0)
(1.04217e-98 2.05743e-99 0)
(1.12512e-100 1.16927e-100 0)
(3.12791e-102 3.87416e-103 0)
(0 -9.61895e-101 0)
)
;
    }
    defaultFaces
    {
        type            empty;
    }
    procBoundary3to1
    {
        type            processor;
        value           nonuniform List<vector> 
45
(
(2.51093e-38 2.1331e-38 0)
(3.969e-37 5.74595e-37 0)
(9.16667e-36 8.70771e-36 0)
(1.00139e-34 2.16579e-34 0)
(2.21802e-33 2.26514e-33 0)
(1.40273e-32 5.71082e-32 0)
(3.52838e-31 5.33911e-32 0)
(3.40908e-31 -1.12724e-31 0)
(-3.40821e-31 -1.1255e-31 0)
(-3.50749e-31 5.54336e-32 0)
(8.02247e-35 1.14412e-31 0)
(3.52844e-31 5.74635e-32 0)
(3.54845e-31 -5.52546e-32 0)
(1.40176e-32 -5.72898e-32 0)
(2.08782e-33 -2.03558e-33 0)
(8.02086e-35 -1.79411e-34 0)
(6.74202e-36 -6.12504e-36 0)
(-2.33911e-37 -1.10554e-36 0)
(-1.32798e-35 -1.18425e-35 0)
(-1.53661e-34 -3.52731e-34 0)
(-4.09566e-33 -3.89211e-33 0)
(-2.59538e-32 -1.1255e-31 0)
(-6.95746e-31 -5.33919e-32 0)
(-3.52837e-31 1.68337e-31 0)
(3.40903e-31 1.16456e-31 0)
(3.64805e-31 2.30316e-33 0)
(3.57667e-31 -5.17396e-32 0)
(1.61791e-32 1.5266e-31 0)
(1.53851e-32 6.04463e-32 0)
(3.54983e-31 5.53424e-32 0)
(3.54952e-31 -5.53523e-32 0)
(1.47334e-32 -5.2192e-32 0)
(1.35451e-33 2.00859e-31 0)
(-6.5287e-34 -2.03074e-31 0)
(7.29336e-34 -5.09821e-33 0)
(1.85265e-34 2.7193e-34 0)
(4.19824e-33 4.07099e-33 0)
(2.87564e-32 1.14614e-31 0)
(7.07911e-31 1.14646e-31 0)
(6.99091e-31 -1.64173e-31 0)
(-3.02297e-31 -5.43082e-32 0)
(3.31048e-31 2.55723e-31 0)
(-1.46254e-32 -1.59695e-31 0)
(-6.84572e-31 -7.01686e-33 0)
(-2.49972e-32 -9.78766e-32 0)
)
;
    }
    procBoundary3to2
    {
        type            processor;
        value           nonuniform List<vector> 
43
(
(2.35989e-38 4.81562e-42 0)
(9.56799e-40 -1.05935e-39 0)
(1.03762e-40 -1.95846e-40 0)
(-1.68911e-40 -5.14536e-39 0)
(-6.28378e-39 -8.39297e-38 0)
(-1.51423e-37 -2.77247e-36 0)
(-7.3191e-36 -3.04597e-35 0)
(-2.61376e-34 -9.99314e-34 0)
(-8.34712e-33 -9.34495e-35 0)
(-2.5054e-33 -1.82571e-33 0)
(-7.44485e-32 -1.69062e-32 0)
(3.7459e-33 -5.38306e-31 0)
(1.50833e-31 1.07828e-32 0)
(8.18736e-34 5.49476e-31 0)
(-7.59743e-32 1.73774e-32 0)
(-2.29526e-33 2.8843e-33 0)
(1.98365e-35 1.9359e-34 0)
(2.3424e-33 3.14073e-33 0)
(8.30489e-32 1.61327e-32 0)
(-9.44135e-32 5.98132e-31 0)
(-2.61329e-31 -6.6633e-31 0)
(8.90113e-32 -1.28497e-30 0)
(2.66421e-31 -2.61452e-32 0)
(-9.47253e-32 6.3156e-31 0)
(-2.75474e-31 -7.06151e-31 0)
(1.88395e-31 -1.35108e-30 0)
(1.88086e-31 6.51797e-31 0)
(-8.93029e-32 4.50444e-33 0)
(-5.80323e-33 7.96256e-33 0)
(-1.13978e-31 -3.31008e-32 0)
(1.02903e-33 -7.28518e-31 0)
(1.00678e-31 -2.30327e-32 0)
(3.04964e-33 -3.80697e-33 0)
(2.77731e-34 -1.26912e-34 0)
(-4.43674e-37 -2.29533e-35 0)
(-3.02655e-34 -1.29608e-34 0)
(-3.0975e-33 -4.12882e-33 0)
(-1.09463e-31 -2.1293e-32 0)
(1.23474e-31 -7.88387e-31 0)
(3.4376e-31 8.71306e-31 0)
(-1.13069e-31 1.69075e-30 0)
(-2.33328e-31 5.69356e-32 0)
(-6.79421e-33 9.14745e-33 0)
)
;
    }
}


// ************************************************************************* //
