/*--------------------------------*- C++ -*----------------------------------*\
| =========                 |                                                 |
| \\      /  F ield         | OpenFOAM: The Open Source CFD Toolbox           |
|  \\    /   O peration     | Version:  2.4.0                                 |
|   \\  /    A nd           | Web:      www.OpenFOAM.org                      |
|    \\/     M anipulation  |                                                 |
\*---------------------------------------------------------------------------*/
FoamFile
{
    version     2.0;
    format      ascii;
    class       surfaceScalarField;
    location    "0.9";
    object      phi;
}
// * * * * * * * * * * * * * * * * * * * * * * * * * * * * * * * * * * * * * //

dimensions      [0 3 -1 0 0 0 0];

internalField   nonuniform List<scalar> 
3782
(
-6.6531e-39
5.72673e-37
-8.24836e-39
1.2221e-37
-2.6038e-39
2.49208e-38
-6.82281e-39
3.6608e-39
-5.583e-38
-1.01164e-39
-4.00287e-37
-5.43943e-38
-2.99635e-36
-9.77557e-37
-1.43799e-35
-1.26543e-35
-1.02371e-34
-2.10611e-34
-4.72652e-34
-6.60043e-37
-3.20427e-34
7.51758e-35
-1.40564e-32
-1.43916e-35
1.43639e-32
-1.58813e-34
3.5022e-34
-1.10583e-35
4.89433e-34
7.81984e-35
1.18752e-34
1.23288e-35
1.14456e-34
7.54774e-38
4.09292e-34
-1.10244e-35
-3.24495e-34
-7.06872e-35
1.51551e-32
1.23066e-34
-3.40375e-32
2.7315e-34
-1.05265e-33
-9.14079e-35
-1.5891e-33
-2.72903e-34
1.60303e-32
9.67555e-35
-3.57954e-32
2.72069e-34
-1.03827e-33
-1.86248e-34
1.74181e-32
-2.08542e-34
-1.82901e-32
6.77257e-35
1.81906e-32
8.87894e-36
-1.96118e-32
-1.95891e-34
-5.94006e-34
-1.95934e-35
-6.61317e-34
-1.07593e-34
-1.42743e-34
-1.70535e-35
-2.13327e-35
-2.8937e-36
-1.98513e-35
-1.72712e-38
-1.32993e-34
2.74275e-36
-5.37747e-34
1.49026e-35
4.23459e-34
9.33218e-35
-1.99628e-32
-1.61409e-34
4.48097e-32
-3.61952e-34
1.9586e-33
1.03445e-34
1.69974e-33
2.57949e-34
3.92432e-35
3.81675e-36
-4.96971e-38
2.21656e-35
-3.36235e-37
1.33556e-34
-2.17781e-36
-1.09219e-35
5.665e-34
7.76761e-37
-6.07179e-38
4.3134e-36
-4.08629e-37
2.34775e-35
-2.62121e-36
-1.30253e-35
9.28952e-35
1.47862e-37
-1.31582e-38
7.37986e-37
-8.70269e-38
3.47042e-36
-5.30851e-37
-2.493e-36
1.03153e-35
2.01483e-38
-4.64967e-40
9.28929e-38
-1.34372e-38
3.86094e-37
-9.86425e-38
-4.41029e-37
8.80213e-37
1.39268e-39
1.74343e-38
1.02626e-38
2.78142e-38
4.28785e-38
-5.48019e-39
-5.64829e-38
7.30574e-38
-3.58761e-38
9.23782e-38
-1.53465e-38
1.77503e-37
-2.72568e-39
4.47738e-38
2.59976e-39
4.20909e-39
-6.14018e-37
4.63239e-37
-1.98126e-37
1.04758e-36
-6.50861e-38
2.38894e-37
4.80997e-38
-1.39823e-38
-7.5895e-36
-2.38753e-36
-1.80463e-36
3.32832e-37
-4.45884e-37
1.11845e-37
2.75814e-38
-8.50968e-38
-1.43799e-35
-2.26709e-35
-1.0919e-35
-4.96806e-36
-2.50168e-36
-7.73875e-37
-1.17974e-37
-4.31425e-37
6.81189e-36
-9.48244e-35
1.80533e-36
-1.38541e-35
3.09374e-37
-1.54638e-36
-1.63775e-37
4.20274e-38
8.7701e-35
-5.31496e-34
1.88007e-35
-5.61833e-35
3.69128e-36
-4.43601e-36
-2.3018e-37
5.84428e-37
-1.72122e-35
-4.45836e-34
-4.28421e-36
-4.55703e-35
-9.01246e-37
-3.4799e-36
-1.65912e-37
-1.52523e-37
-1.84465e-34
4.79903e-34
-3.9989e-35
4.92957e-35
-7.94945e-36
3.78747e-36
1.83726e-37
-1.27397e-36
-1.33577e-35
5.46339e-34
-3.42966e-36
5.77703e-35
-7.26655e-37
4.55137e-36
2.32396e-37
-1.23754e-37
9.07127e-35
9.71678e-35
1.95419e-35
1.32348e-35
3.86683e-36
1.35818e-36
1.2052e-37
6.16916e-37
1.48057e-35
2.54508e-35
3.71413e-36
4.69047e-36
7.77853e-37
6.67164e-37
9.05909e-38
1.31084e-37
9.94767e-38
2.40645e-35
3.41594e-38
4.33149e-36
9.17394e-39
6.00739e-37
7.96915e-38
1.88186e-39
-1.31815e-35
7.8823e-35
-3.24674e-36
9.18215e-36
-6.64439e-37
7.04164e-37
2.21032e-38
-1.0974e-37
-8.12025e-35
4.73409e-34
-1.66615e-35
4.42012e-35
-3.21632e-36
2.75878e-36
1.37794e-38
-5.0018e-37
1.44128e-34
-2.47434e-34
3.24748e-35
-3.32889e-35
6.55717e-36
-3.3998e-36
-3.01263e-37
1.06735e-36
3.17151e-34
-1.83383e-33
6.86257e-35
-1.94499e-34
1.36246e-35
-1.55618e-35
-8.50815e-37
2.18079e-36
-1.06008e-34
-1.31179e-33
-2.28065e-35
-1.43375e-34
-4.50632e-36
-1.20058e-35
-7.49082e-37
-7.17894e-37
-3.16517e-34
2.5681e-34
-6.81253e-35
1.22174e-35
-1.34769e-35
-8.11146e-37
-3.4707e-37
-2.1496e-36
1.1218e-34
-2.92908e-34
2.41031e-35
-4.10603e-35
4.75738e-36
-4.4405e-36
-4.34708e-37
7.57214e-37
3.15044e-34
-1.86014e-33
6.7282e-35
-1.95812e-34
1.32711e-35
-1.5611e-35
-8.54717e-37
2.11022e-36
-2.15739e-34
-7.74018e-34
-4.61533e-35
-8.59139e-35
-9.12699e-36
-7.22655e-36
-4.45152e-37
-1.4549e-36
-2.42674e-34
4.34696e-34
-5.31237e-35
3.81978e-35
-1.05976e-35
2.16199e-36
-2.72335e-38
-1.7046e-36
7.81698e-35
3.55339e-35
1.55587e-35
2.25255e-36
2.94861e-36
-1.8279e-37
-7.86393e-38
4.49379e-37
2.15038e-35
-1.12175e-34
5.46087e-36
-1.35236e-35
1.02517e-36
-1.16126e-36
-5.80751e-38
1.55538e-37
1.02738e-34
-7.56874e-34
1.09966e-35
-8.3276e-35
1.69902e-36
-7.04882e-36
-4.61502e-37
2.26573e-37
-1.25615e-35
-7.51706e-34
-2.95457e-36
-8.31818e-35
-7.13728e-37
-7.11426e-36
-4.79989e-37
-1.34226e-37
-1.24234e-34
-1.32132e-34
-2.70341e-35
-1.848e-35
-5.41209e-36
-1.97727e-36
-1.90747e-37
-8.73179e-37
-2.0462e-35
-3.03821e-35
-5.16902e-36
-5.60391e-36
-1.09369e-36
-7.98189e-37
-1.09101e-37
-1.86061e-37
-3.52395e-36
-5.10782e-36
-9.36948e-37
-1.07547e-36
-2.10602e-37
-1.73117e-37
-2.61207e-38
-3.75308e-38
-2.23193e-38
-4.7077e-36
-7.28381e-39
-9.66992e-37
-2.04182e-39
-1.52251e-37
-2.24648e-38
-4.3139e-40
3.32955e-36
-2.74772e-35
8.72242e-37
-4.83586e-36
1.93025e-37
-6.54013e-37
-8.46686e-38
3.39003e-38
1.78335e-35
-1.03423e-34
4.40811e-36
-1.19844e-35
9.05852e-37
-9.06401e-37
-2.5503e-38
1.50193e-37
1.07214e-34
-6.24495e-34
2.20091e-35
-5.82807e-35
4.24966e-36
-3.6291e-36
-1.58623e-38
6.61053e-37
-1.8906e-34
3.22354e-34
-4.26279e-35
4.3831e-35
-8.61144e-36
4.5363e-36
4.11259e-37
-1.40241e-36
-4.20418e-34
2.4323e-33
-9.11383e-35
2.60003e-34
-1.81163e-35
2.10859e-35
1.20467e-36
-2.90309e-36
1.19365e-34
1.83316e-33
2.50566e-35
2.01249e-34
4.91226e-36
1.6774e-35
1.01787e-36
7.76052e-37
3.0018e-34
3.41869e-34
6.56704e-35
4.83268e-35
1.30993e-35
5.21035e-36
5.02066e-37
2.10673e-36
4.72127e-35
1.19872e-35
2.55213e-36
4.36729e-37
7.68205e-34
-6.15906e-35
1.27633e-32
-4.25189e-35
1.80413e-35
1.17293e-34
-1.26358e-32
1.15545e-34
-1.61557e-34
-5.39491e-35
3.04259e-34
-1.25207e-34
1.32331e-32
-6.51201e-35
8.63103e-34
5.19685e-35
5.91797e-34
6.33463e-35
1.24329e-34
1.14058e-35
1.7882e-35
2.01267e-36
2.08857e-36
2.7662e-37
-4.80309e-36
1.01375e-37
-3.31739e-35
5.07224e-37
-2.31006e-34
3.75863e-36
-1.06157e-33
2.08299e-35
-1.14899e-33
1.15513e-34
-2.57046e-32
4.22704e-35
1.21884e-32
-1.7329e-34
5.75095e-34
-1.36878e-34
1.37173e-32
-1.28823e-35
1.09336e-33
6.59093e-35
1.20227e-33
6.38163e-35
1.00836e-33
-4.54027e-35
1.33734e-32
-5.12607e-35
8.82866e-34
5.4827e-35
5.95101e-34
6.96102e-35
1.26948e-34
1.50373e-35
2.364e-35
-1.65452e-36
3.78115e-35
-6.22496e-36
2.47629e-34
-4.4648e-36
1.17675e-33
-2.16997e-35
1.66808e-33
-1.14237e-34
2.6328e-32
7.15829e-35
1.81863e-33
1.64704e-34
-1.15942e-32
8.44039e-35
2.43192e-32
-1.55275e-36
-2.549e-32
1.6222e-34
-9.97819e-34
4.88776e-36
-8.79666e-35
4.63129e-34
-7.17534e-35
7.14326e-34
-4.90279e-35
3.51901e-36
1.3653e-34
-6.91816e-34
1.34429e-34
-3.64954e-34
-6.26691e-35
3.90414e-34
-1.45945e-34
7.9027e-34
-7.59964e-35
4.81355e-34
6.02852e-35
9.73403e-35
7.38635e-35
2.18695e-35
1.36125e-35
3.48529e-36
2.42303e-36
4.18531e-37
3.36414e-37
-9.70295e-37
1.23886e-37
-6.44608e-36
6.16511e-37
-4.03021e-35
4.52183e-36
-1.73276e-34
2.48398e-35
-8.68178e-34
1.3439e-34
-1.11657e-33
4.87248e-35
-5.99953e-35
-2.01666e-34
7.74172e-34
-1.59918e-34
8.68135e-34
-1.59712e-35
5.20785e-34
7.02585e-35
1.99044e-34
6.89976e-35
5.08153e-34
-5.90732e-35
8.15259e-34
-6.00474e-35
4.84555e-34
6.31494e-35
9.81541e-35
7.5296e-35
2.3854e-35
1.91291e-35
4.78736e-36
-3.1371e-36
6.6591e-36
-1.38758e-36
4.32195e-35
-4.86812e-36
1.9231e-34
-2.64451e-35
9.52736e-34
-1.39781e-34
1.56286e-33
-1.05445e-34
6.36566e-34
1.83949e-34
1.57288e-34
9.18122e-35
2.14135e-34
-5.60529e-36
-7.39688e-34
1.82427e-34
-7.82899e-34
1.13255e-35
-9.75607e-35
3.71218e-35
-1.1934e-35
5.34659e-35
-7.61498e-36
6.08286e-37
2.25949e-35
-5.00604e-35
2.21722e-35
-2.60875e-35
-1.02355e-35
2.9988e-35
-2.43657e-35
6.11384e-35
-1.27897e-35
3.97598e-35
9.75248e-36
1.08642e-35
1.236e-35
3.27776e-36
2.61505e-36
6.00708e-37
4.91678e-37
7.86122e-38
7.22836e-38
-1.84356e-37
2.74121e-38
-1.10152e-36
1.32005e-37
-5.96446e-36
9.13842e-37
-1.85384e-35
4.74677e-36
-6.91252e-35
2.21636e-35
-8.50024e-35
7.54927e-36
-5.39936e-36
-3.33315e-35
5.88336e-35
-2.70562e-35
6.91406e-35
-3.08325e-36
4.55819e-35
1.1643e-35
2.24728e-35
1.15044e-35
4.38886e-35
-9.49217e-36
6.49492e-35
-9.68893e-36
4.03314e-35
1.03489e-35
1.10215e-35
1.26577e-35
3.61145e-36
3.71017e-36
8.47128e-37
-6.12918e-37
1.13856e-36
-2.86557e-37
6.29697e-36
-9.90661e-37
2.04536e-35
-5.04597e-36
7.75042e-35
-2.32411e-35
1.2391e-34
-1.18234e-35
5.65902e-35
2.99244e-35
1.64317e-35
1.58971e-35
1.43388e-35
7.58061e-37
-5.7561e-35
2.97317e-35
-6.31274e-35
2.20279e-36
-1.52645e-35
2.16615e-36
-1.99164e-36
2.83699e-36
-1.23921e-36
7.73275e-38
3.77626e-36
-2.44993e-36
3.6972e-36
-1.20704e-36
-1.70309e-36
1.65561e-36
-4.08098e-36
3.41471e-36
-2.1537e-36
2.45362e-36
1.61224e-36
9.35491e-37
2.07326e-36
3.69183e-37
4.62563e-37
7.61835e-38
9.26334e-38
1.05682e-38
1.43072e-38
-2.50291e-38
5.63449e-39
-1.38777e-37
2.60109e-38
-6.63545e-37
1.71544e-37
-1.51367e-36
8.34202e-37
-4.02987e-36
3.69543e-36
-4.64271e-36
1.22646e-36
-3.34635e-37
-5.57388e-36
3.16533e-36
-4.55858e-36
4.02644e-36
-5.51888e-37
3.09346e-36
1.92789e-36
1.97102e-36
1.86773e-36
2.9382e-36
-1.57357e-36
3.8514e-36
-1.60078e-36
2.52227e-36
1.72432e-36
9.58405e-37
2.12056e-36
4.23602e-37
6.05761e-37
1.10803e-37
-5.24638e-38
1.37662e-37
-4.46369e-38
6.91581e-37
-1.83009e-37
1.66943e-36
-8.75838e-37
4.66253e-36
-3.83745e-36
7.32123e-36
-1.71719e-36
3.83381e-36
5.02423e-36
1.29871e-36
2.7141e-36
7.21438e-37
1.79225e-37
-3.30823e-36
4.95345e-36
-3.89345e-36
4.28032e-37
-2.44878e-36
7.25359e-38
-2.47806e-37
5.63138e-38
-1.49583e-37
9.72011e-39
4.70608e-37
-1.16521e-38
4.59706e-37
9.5604e-39
-2.11088e-37
4.26753e-38
-5.10107e-37
9.45514e-38
-2.70624e-37
1.04532e-37
1.98498e-37
7.89789e-38
2.59526e-37
4.22301e-38
6.12553e-38
9.55402e-39
1.28547e-38
1.39377e-39
2.07215e-39
-3.32776e-39
8.39705e-40
-1.7299e-38
3.75351e-39
-7.50927e-38
2.37264e-38
-1.17299e-37
1.0991e-37
-1.37206e-37
4.59441e-37
-1.13769e-37
1.47797e-37
-1.16388e-38
-6.94819e-37
6.71018e-38
-5.73511e-37
1.36979e-37
-7.3482e-38
1.76686e-37
2.39867e-37
1.70471e-37
2.35086e-37
1.61297e-37
-1.92624e-37
1.45208e-37
-1.96631e-37
1.13324e-37
2.14325e-37
8.2051e-38
2.6649e-37
4.90757e-38
8.18877e-38
1.4121e-38
-8.05451e-39
1.70077e-38
-6.52404e-39
7.66519e-38
-2.52595e-38
1.25541e-37
-1.14357e-37
1.76151e-37
-4.7379e-37
2.78511e-37
-1.97432e-37
2.16766e-37
6.27293e-37
9.61568e-38
3.47405e-37
1.56433e-38
4.01739e-38
-1.12967e-37
6.15584e-37
-1.76623e-37
5.93511e-38
-2.98393e-37
-2.00077e-39
-2.89362e-38
-7.92446e-39
-1.79474e-38
1.06963e-39
5.82654e-38
1.25365e-38
5.67954e-38
8.61027e-39
-2.60519e-38
-3.11633e-39
-6.3196e-38
-5.48202e-39
-3.36591e-38
1.60085e-39
2.43759e-38
6.60244e-39
3.21862e-38
4.38288e-39
7.84236e-39
1.05701e-39
1.71373e-39
1.59124e-40
2.85513e-40
-3.82397e-40
1.18616e-40
-1.90594e-39
5.15497e-40
-7.73066e-39
3.15476e-39
-9.00186e-39
1.40068e-38
2.62607e-39
5.67548e-38
9.63926e-39
1.79297e-38
2.76286e-40
-8.60414e-38
-8.25965e-39
-7.13346e-38
-2.68511e-39
-9.47526e-39
8.96885e-39
2.95272e-38
1.46267e-38
2.89047e-38
7.64365e-39
-2.36322e-38
-1.66734e-40
-2.41203e-38
2.5526e-39
2.64943e-38
6.96756e-39
3.30845e-38
5.22304e-39
1.0298e-38
1.58791e-39
-7.80008e-40
1.82112e-39
-8.29011e-40
7.74854e-39
-3.31623e-39
9.20927e-39
-1.43443e-38
-5.00487e-40
-5.76318e-38
1.93601e-40
-2.0159e-38
1.07242e-38
7.8426e-38
7.04451e-39
4.37986e-38
-1.41446e-39
5.89705e-39
1.95438e-39
7.61824e-38
-4.55902e-39
8.03871e-39
-3.62151e-38
-3.227e-39
4.59035e-39
-1.90022e-39
-9.01322e-40
6.48047e-41
6.443e-39
2.00334e-39
6.1687e-39
1.28925e-39
-2.81795e-39
-7.10258e-40
-6.86984e-39
-1.35503e-39
-3.67219e-39
-3.10479e-40
2.62548e-39
6.04013e-40
3.50231e-39
4.58631e-40
8.80702e-40
1.14954e-40
1.98452e-40
1.7692e-41
3.39926e-41
-4.27218e-41
1.43974e-41
-2.06651e-40
6.12111e-41
-8.0479e-40
3.64492e-40
-7.69433e-40
1.56729e-39
1.14179e-39
6.15048e-39
2.10068e-39
1.90536e-39
1.08751e-40
-9.34398e-39
-1.64066e-39
-7.78564e-39
-1.14705e-39
-1.06794e-39
4.55066e-40
3.20065e-39
1.36247e-39
3.16448e-39
3.29093e-40
-2.53314e-39
-7.95116e-40
-2.5928e-39
-2.05731e-40
2.87378e-39
6.45068e-40
3.61132e-39
5.50202e-40
1.17492e-39
1.73815e-40
-1.00267e-40
1.94764e-40
-9.98727e-41
7.89653e-40
-3.8079e-40
7.18494e-40
-1.58318e-39
-1.05171e-39
-6.16149e-39
-1.41256e-39
-1.83784e-39
5.47811e-40
8.58497e-39
5.90276e-40
4.84961e-39
-2.91873e-40
7.94279e-40
8.95086e-40
8.26956e-39
2.22327e-40
9.33783e-40
-3.88458e-39
-1.35139e-38
4.40453e-39
-2.02785e-39
4.46984e-40
-2.30823e-40
7.50257e-40
1.9287e-40
6.62648e-40
1.37066e-40
-2.98258e-40
-8.38481e-41
-7.30944e-40
-1.61602e-40
-3.91829e-40
-4.88181e-41
2.7762e-40
5.50969e-41
3.72957e-40
4.4702e-41
9.5784e-41
1.15154e-41
2.21228e-41
1.79837e-42
3.87016e-42
-4.36012e-42
1.66508e-42
-2.06562e-41
6.95375e-42
-7.81451e-41
4.05604e-41
-6.75325e-41
1.69946e-40
1.44473e-40
6.53136e-40
2.45707e-40
1.99642e-40
1.38561e-41
-9.94024e-40
-1.8913e-40
-8.30798e-40
-1.45228e-40
-1.16626e-40
2.51649e-41
3.3931e-40
1.25897e-40
3.36287e-40
1.43357e-41
-2.67353e-40
-1.06707e-40
-2.73851e-40
-3.84437e-41
3.0543e-40
5.93744e-41
3.85104e-40
5.43879e-41
1.27322e-40
1.75428e-41
-9.9221e-42
1.89861e-41
-1.09997e-41
7.51981e-41
-4.18699e-41
5.72651e-41
-1.68632e-40
-1.42697e-40
-6.42534e-40
-1.89947e-40
-1.46696e-40
3.26102e-41
9.23925e-40
5.18687e-41
5.23865e-40
-3.24607e-41
9.3657e-41
1.13718e-40
8.79767e-40
4.81739e-41
1.04889e-40
-4.08293e-40
-6.50549e-38
-1.63334e-38
-8.57667e-39
-1.91471e-39
-1.08802e-39
-1.40903e-40
-1.04614e-40
4.21109e-41
-2.37875e-43
-3.14662e-41
-9.95574e-42
-7.19407e-41
-1.6635e-41
-3.85607e-41
-5.36483e-42
2.70667e-41
5.10244e-42
3.66174e-41
4.27011e-42
9.596e-42
1.11986e-42
2.25972e-42
1.76794e-43
4.02495e-43
-4.29972e-43
1.75366e-43
-2.00551e-42
7.21861e-43
-7.44609e-42
4.13662e-42
-6.13808e-42
1.6985e-41
1.50081e-41
6.39504e-41
2.49223e-41
1.92829e-41
1.45127e-42
-9.74764e-41
-1.90995e-41
-8.17346e-41
-1.50803e-41
-1.17086e-41
1.68799e-42
3.32373e-41
1.1737e-41
3.31936e-41
7.20272e-43
-2.59638e-41
-1.12276e-41
-2.66571e-41
-4.33761e-42
2.99343e-41
5.52863e-42
3.7903e-41
5.22009e-42
1.29057e-41
1.7104e-42
-1.10188e-42
1.80983e-42
-1.15574e-42
7.01224e-42
-4.2342e-42
4.60261e-42
-1.65763e-41
-1.53756e-41
-6.1841e-41
-1.97285e-41
-1.02555e-41
2.68128e-42
9.15699e-41
4.82712e-42
5.21805e-41
-3.18888e-42
1.0329e-41
1.17968e-41
8.62851e-41
5.56199e-42
1.07325e-41
-3.97303e-41
3.41706e-39
-1.70753e-38
1.72444e-40
-1.69293e-39
-1.21675e-41
-1.67135e-40
-2.47745e-42
-1.21125e-41
4.57569e-43
-4.62698e-42
-8.86839e-43
-7.01936e-42
-1.52792e-42
-3.69836e-42
-5.05655e-43
2.56673e-42
4.5215e-43
3.49241e-42
3.84505e-43
9.2897e-43
1.02361e-43
2.22193e-43
1.62915e-44
4.01379e-44
-3.97302e-44
1.76679e-44
-1.83079e-43
7.18773e-44
-6.69051e-43
4.0625e-43
-5.38607e-43
1.64107e-42
1.38825e-42
6.08703e-42
2.28418e-42
1.81666e-42
1.35401e-43
-9.2899e-42
-1.74867e-42
-7.80766e-42
-1.39645e-42
-1.13609e-42
1.26107e-43
3.16174e-42
1.04592e-42
3.16781e-42
4.70126e-44
-2.45813e-42
-1.03943e-42
-2.5265e-42
-4.124e-43
2.85138e-42
4.92164e-43
3.62024e-42
4.74612e-43
1.25106e-42
1.56914e-43
-1.04969e-43
1.61065e-43
-1.13701e-43
6.16872e-43
-4.10909e-43
3.56312e-43
-1.571e-42
-1.45822e-42
-5.76903e-42
-1.80119e-42
-5.27404e-43
2.4811e-43
8.83667e-42
4.34665e-43
5.04009e-42
-2.81151e-43
1.05686e-42
1.0922e-42
8.225e-42
5.29804e-43
1.05902e-42
-3.75721e-42
7.43755e-38
2.88207e-40
8.61482e-39
1.68792e-39
9.49033e-40
2.471e-40
9.82686e-41
2.78795e-41
9.83392e-42
2.43022e-42
8.48262e-43
-3.67467e-43
-5.0042e-44
-3.09742e-43
-3.75986e-44
2.31539e-43
3.98134e-44
3.14109e-43
3.36806e-44
8.46994e-44
9.05869e-45
2.05148e-44
1.45074e-45
3.75153e-45
-3.54498e-45
1.66542e-45
-1.61779e-44
6.70932e-45
-5.84209e-44
3.74663e-44
-4.64304e-44
1.4936e-43
1.22497e-43
5.46115e-43
2.00708e-43
1.61351e-43
1.20303e-44
-8.34387e-43
-1.53604e-43
-7.02886e-43
-1.23261e-43
-1.03685e-43
1.01123e-44
2.83852e-43
9.09575e-44
2.8611e-43
3.61811e-45
-2.19117e-43
-9.15578e-44
-2.25667e-43
-3.67175e-44
2.56034e-43
4.27907e-44
3.26088e-43
4.17082e-44
1.15112e-43
1.38937e-44
-1.03754e-44
1.39183e-44
-1.07248e-44
5.26351e-44
-3.75198e-44
2.62893e-44
-1.40335e-43
-1.31932e-43
-5.07423e-43
-1.55817e-43
-1.0018e-44
2.4495e-44
8.03227e-43
3.86845e-44
4.58784e-43
-2.39406e-44
1.02444e-43
9.63408e-44
7.38965e-43
4.72009e-44
9.78437e-44
-3.35756e-43
-2.03861e-38
2.91266e-39
-2.47154e-39
1.65513e-39
-2.82985e-40
2.29679e-40
-3.03135e-41
2.52952e-41
-3.09745e-42
2.45906e-42
-3.07772e-43
1.76623e-43
-3.9348e-44
-8.59639e-45
-6.2913e-45
2.16641e-44
3.02769e-45
2.74987e-44
2.78551e-45
7.47223e-45
7.61154e-46
1.82692e-45
1.22679e-46
3.37329e-46
-3.00717e-46
1.50777e-46
-1.36135e-45
6.02537e-46
-4.86289e-45
3.33214e-45
-3.82811e-45
1.3141e-44
1.02398e-44
4.75115e-44
1.67329e-44
1.39242e-44
1.01204e-45
-7.26579e-44
-1.28079e-44
-6.13175e-44
-1.03149e-44
-9.14587e-45
7.96382e-46
2.46967e-44
7.55803e-45
2.49776e-44
3.00408e-46
-1.89732e-44
-7.63204e-45
-1.95649e-44
-3.08621e-45
2.22892e-44
3.55389e-45
2.84521e-44
3.50392e-45
1.01768e-44
1.17212e-45
-9.30545e-46
1.14e-45
-9.60283e-46
4.28006e-45
-3.29649e-45
1.81786e-45
-1.20949e-44
-1.12809e-44
-4.31854e-44
-1.276e-44
2.64441e-45
2.29648e-45
7.08605e-44
3.28543e-45
4.04361e-44
-1.92514e-45
9.40857e-45
8.0636e-45
6.43656e-44
3.95656e-45
8.7237e-45
-2.90892e-44
-1.64415e-37
-2.60915e-39
-1.92937e-38
-1.74113e-39
-2.15489e-39
-2.44479e-40
-2.25668e-40
-2.70495e-41
-2.26727e-41
-2.67333e-42
-2.16573e-42
-2.53503e-43
-2.00069e-43
-2.44864e-44
-1.78646e-44
-2.36779e-46
-1.23472e-45
2.11908e-45
1.03926e-46
6.14321e-46
5.24216e-47
1.5376e-46
9.30407e-48
2.87552e-47
-2.47266e-47
1.29581e-47
-1.10956e-46
5.14526e-47
-3.92852e-46
2.82103e-46
-3.07051e-46
1.1026e-45
8.28986e-46
3.94432e-45
1.35212e-45
1.14699e-45
8.23639e-47
-6.03681e-45
-1.03511e-45
-5.10359e-45
-8.3557e-46
-7.6865e-46
6.21402e-47
2.052e-45
6.09741e-46
2.08563e-45
2.46109e-47
-1.56674e-45
-6.16284e-46
-1.61854e-45
-2.50507e-46
1.85173e-45
2.86652e-46
2.36953e-45
2.84798e-46
8.61616e-46
9.5602e-47
-8.35744e-47
9.05581e-47
-8.27906e-47
3.37204e-46
-2.75995e-46
1.1599e-46
-9.94239e-46
-9.35012e-46
-3.50654e-45
-1.00989e-45
4.99958e-46
2.10224e-46
5.96283e-45
2.72043e-46
3.40011e-45
-1.50643e-46
8.25869e-46
6.53205e-46
5.34969e-45
3.20687e-46
7.39289e-46
-2.40883e-45
-1.65474e-38
-1.23654e-39
-2.00658e-39
-1.88301e-39
-2.29273e-40
-2.7291e-40
-2.452e-41
-3.04832e-41
-2.50369e-42
-3.02216e-42
-2.42722e-43
-2.82599e-43
-2.26664e-44
-2.52456e-44
-2.03839e-45
-2.01081e-45
-1.5307e-46
6.79909e-48
3.26928e-48
3.68625e-47
3.71971e-48
1.15808e-47
7.01035e-49
2.29605e-48
-1.94837e-48
1.06855e-48
-8.68435e-48
4.24026e-48
-3.04973e-47
2.30851e-47
-2.36804e-47
8.95621e-47
6.44454e-47
3.17602e-46
1.04942e-46
9.17562e-47
6.43365e-48
-4.86424e-46
-8.03598e-47
-4.11828e-46
-6.50252e-47
-6.25298e-47
4.66003e-48
1.65312e-46
4.73007e-47
1.68582e-46
1.98202e-48
-1.25624e-46
-4.7787e-47
-1.29951e-46
-1.95348e-47
1.49189e-46
2.22281e-47
1.91276e-46
2.22811e-47
7.03689e-47
7.49032e-48
-7.01686e-48
6.88501e-48
-6.83577e-48
2.55124e-47
-2.23017e-47
6.67579e-48
-7.90013e-47
-7.43276e-47
-2.75669e-46
-7.67594e-47
6.40225e-47
1.81945e-47
4.86918e-46
2.16194e-47
2.77041e-46
-1.12854e-47
6.94138e-47
5.08618e-47
4.31187e-46
2.49358e-47
6.05809e-47
-1.93454e-46
7.9302e-38
9.77294e-39
9.27457e-39
7.17061e-40
1.03292e-39
5.78245e-41
1.07905e-40
5.08816e-42
1.08187e-41
4.56613e-43
1.03126e-42
4.07912e-44
9.47031e-44
3.52363e-45
8.33583e-45
3.08483e-46
7.10938e-46
3.84818e-47
5.95257e-47
5.89814e-48
4.99712e-48
1.14255e-48
4.1641e-49
1.99031e-49
-1.21477e-49
8.61584e-50
-6.57454e-49
3.35352e-49
-2.29974e-48
1.81366e-48
-1.7759e-48
6.99251e-48
4.8652e-48
2.45937e-47
7.91156e-48
7.06113e-48
4.8769e-49
-3.76895e-47
-6.05971e-48
-3.19543e-47
-4.91265e-48
-4.88646e-48
3.41839e-49
1.28136e-47
3.56444e-48
1.31226e-47
1.53733e-49
-9.68341e-48
-3.59966e-48
-1.00339e-47
-1.47793e-48
1.15596e-47
1.67464e-48
1.48507e-47
1.69008e-48
5.53722e-48
5.68697e-49
-5.80719e-49
5.08019e-49
-5.45424e-49
1.87214e-48
-1.73101e-48
3.22717e-49
-6.03248e-48
-5.74055e-48
-2.08304e-47
-5.65804e-48
6.76137e-48
1.525e-48
3.82283e-47
1.67241e-48
2.17037e-47
-8.23036e-49
5.61161e-48
3.84436e-48
3.34214e-47
1.88289e-48
4.76205e-48
-1.49572e-47
1.73851e-38
1.15332e-38
2.09393e-39
1.24015e-39
2.37961e-40
1.27878e-40
2.53327e-41
1.28014e-41
2.57695e-42
1.22296e-42
2.48966e-43
1.1277e-43
2.31168e-44
9.9663e-45
2.05583e-45
8.5235e-46
1.7657e-46
7.11832e-47
1.46895e-47
5.89623e-48
1.19562e-48
5.07905e-49
9.49713e-50
4.68235e-50
-4.09328e-51
8.92258e-51
-4.78607e-50
2.5831e-50
-1.67563e-49
1.38083e-49
-1.28734e-49
5.2957e-49
3.54865e-49
1.8496e-48
5.76327e-49
5.28197e-49
3.57043e-50
-2.83594e-48
-4.41558e-49
-2.4073e-48
-3.58691e-49
-3.70367e-49
2.41836e-50
9.64407e-49
2.59652e-49
9.90835e-49
1.16071e-50
-7.25465e-49
-2.62003e-49
-7.52763e-49
-1.08089e-49
8.69789e-49
1.21943e-49
1.11932e-48
1.23997e-49
4.21728e-49
4.1708e-50
-4.5687e-50
3.61082e-50
-4.19335e-50
1.32632e-49
-1.30049e-49
1.05143e-50
-4.46245e-49
-4.28016e-49
-1.52625e-48
-4.02901e-49
6.48993e-49
1.22116e-49
2.91576e-48
1.24893e-49
1.6503e-48
-5.78583e-50
4.37205e-49
2.8092e-49
2.51558e-48
1.37322e-49
3.62805e-49
-1.12312e-48
2.95121e-40
9.94482e-39
4.00593e-41
1.05479e-39
5.00944e-42
1.0772e-40
5.74104e-43
1.07132e-41
6.19853e-44
1.01814e-42
6.28468e-45
9.35022e-44
6.07208e-46
8.2344e-45
5.58239e-47
7.01432e-46
4.93554e-48
5.76638e-47
4.24213e-49
4.60588e-48
3.60359e-50
3.58785e-49
3.0053e-51
2.75132e-50
-5.7467e-52
2.40984e-51
-3.43223e-51
2.0319e-51
-1.18814e-50
1.0159e-50
-9.08516e-51
3.87581e-50
2.51788e-50
1.34482e-49
4.08468e-50
3.82095e-50
2.54161e-51
-2.06292e-49
-3.13032e-50
-1.75313e-49
-2.54715e-50
-2.71173e-50
1.67126e-51
7.01972e-50
1.84014e-50
7.23904e-50
8.46625e-52
-5.25358e-50
-1.85558e-50
-5.46003e-50
-7.68591e-51
6.32745e-50
8.63961e-51
8.1568e-50
8.83983e-51
3.10833e-50
2.97104e-51
-3.5195e-51
2.49391e-51
-3.12504e-51
9.12755e-51
-9.43635e-51
-1.96937e-52
-3.18864e-50
-3.10501e-50
-1.08028e-49
-2.78755e-50
5.73153e-50
9.47717e-51
2.14974e-49
9.08398e-51
1.21294e-49
-3.9615e-51
3.29182e-50
1.99638e-50
1.83053e-49
9.74302e-51
2.66773e-50
-8.15928e-50
-1.42442e-38
-3.62283e-39
-1.68789e-39
-7.78421e-40
-1.89009e-40
-9.93241e-41
-1.9888e-41
-1.07969e-41
-2.00276e-42
-1.06939e-42
-1.91904e-43
-1.0041e-43
-1.76934e-44
-8.97882e-45
-1.56433e-45
-7.73631e-46
-1.33588e-46
-6.41504e-47
-1.09997e-47
-5.14897e-48
-8.77489e-49
-3.99578e-49
-6.77736e-50
-3.00809e-50
-5.14167e-51
-2.17222e-51
-6.09196e-52
-2.13001e-53
-8.43664e-52
7.13791e-52
-6.2403e-52
2.75643e-51
1.73301e-51
9.51229e-51
2.80866e-51
2.69055e-51
1.75466e-52
-1.45974e-50
-2.15309e-51
-1.24179e-50
-1.75503e-51
-1.92972e-51
1.11898e-52
4.97003e-51
1.26554e-51
5.14101e-51
6.01258e-53
-3.70295e-51
-1.27502e-51
-3.85387e-51
-5.30372e-52
4.4776e-51
5.93962e-52
5.78088e-51
6.11753e-52
2.22378e-51
2.05257e-52
-2.60335e-52
1.66661e-52
-2.25407e-52
6.08727e-52
-6.64479e-52
-7.80631e-53
-2.21203e-51
-2.18393e-51
-7.42695e-51
-1.87021e-51
4.78913e-51
7.08038e-52
1.54216e-50
6.40589e-52
8.6689e-51
-2.62629e-52
2.39929e-51
1.37691e-51
1.29571e-50
6.7047e-52
1.90555e-51
-5.76663e-51
-6.31409e-38
-2.65469e-38
-7.26032e-39
-4.44179e-39
-7.98087e-40
-5.28238e-40
-8.23729e-41
-5.56478e-41
-8.17788e-42
-5.40701e-42
-7.72504e-43
-5.01221e-43
-7.04033e-44
-4.43464e-44
-6.15439e-45
-3.78812e-45
-5.20462e-46
-3.11689e-46
-4.24542e-47
-2.48536e-47
-3.35869e-48
-1.91798e-48
-2.57359e-49
-1.43804e-49
-1.9174e-50
-1.04684e-50
-1.4035e-51
-7.32886e-52
-1.52604e-52
-1.07013e-54
-4.82625e-53
1.86839e-52
1.15793e-52
6.52767e-52
1.88176e-52
1.839e-52
1.1798e-53
-1.00241e-51
-1.44316e-52
-8.53576e-52
-1.17816e-52
-1.33189e-52
7.32119e-54
3.41577e-52
8.48154e-53
3.54517e-52
4.14166e-54
-2.53278e-52
-8.53843e-53
-2.64009e-52
-3.56502e-53
3.07514e-52
3.97946e-53
3.97626e-52
4.12217e-53
1.54476e-52
1.38026e-53
-1.88104e-53
1.08377e-53
-1.58005e-53
3.94966e-53
-4.53683e-53
-9.63326e-54
-1.4878e-52
-1.49681e-52
-4.95025e-52
-1.22121e-52
3.79127e-52
5.13632e-53
1.07356e-51
4.40461e-53
6.01192e-52
-1.69725e-53
1.6961e-52
9.25209e-53
8.90087e-52
4.49586e-53
1.31938e-52
-3.95743e-52
1.39022e-37
-2.45085e-38
1.64576e-38
-1.81163e-39
1.84939e-39
-1.47546e-40
1.9479e-40
-1.30959e-41
1.96576e-41
-1.18362e-42
1.88501e-42
-1.06379e-43
1.73975e-43
-9.26553e-45
1.53856e-44
-7.83961e-46
1.31422e-45
-6.40238e-47
1.08195e-46
-5.07363e-48
8.62962e-48
-3.89316e-49
6.6624e-49
-2.90418e-50
4.99626e-50
-2.10431e-51
3.63769e-51
-1.47905e-52
2.54419e-52
-6.83027e-54
1.51108e-53
1.21054e-53
8.78589e-54
4.36374e-53
1.23511e-53
1.22533e-53
7.77034e-55
-6.70768e-53
-9.41304e-54
-5.71672e-53
-7.69675e-54
-8.95215e-54
4.65735e-55
2.28748e-53
5.53242e-54
2.38105e-53
2.7813e-55
-1.68878e-53
-5.56434e-54
-1.76281e-53
-2.33226e-54
2.05795e-53
2.59482e-54
2.66465e-53
2.70383e-54
1.04413e-53
9.02903e-55
-1.31347e-54
6.84082e-55
-1.07565e-54
2.49034e-54
-3.01299e-54
-9.15469e-55
-9.73433e-54
-9.97807e-54
-3.21012e-53
-7.75428e-54
2.87994e-53
3.60563e-54
7.28348e-53
2.94568e-54
4.06162e-53
-1.06544e-54
1.16456e-53
6.05105e-54
5.95797e-53
2.93306e-54
8.89281e-54
-2.64664e-53
2.81147e-37
-8.00929e-39
3.29619e-38
4.80736e-39
3.67862e-39
7.49095e-40
3.84979e-40
8.50627e-41
3.86565e-41
8.46671e-42
3.68966e-42
7.9113e-43
3.39228e-43
7.01728e-44
2.98935e-44
5.99878e-45
2.5457e-45
4.93677e-46
2.08988e-46
3.9366e-47
1.66276e-47
3.03784e-48
1.28075e-48
2.27762e-49
9.58477e-50
1.65827e-50
6.96691e-51
1.17561e-51
4.92873e-52
8.1363e-53
3.38142e-53
6.30007e-54
2.7683e-54
3.20317e-54
9.31002e-55
8.18187e-55
5.88908e-56
-4.36715e-54
-5.98686e-55
-3.72623e-54
-4.90658e-55
-5.85374e-55
2.89759e-56
1.49125e-54
3.52226e-55
1.55703e-54
1.81724e-56
-1.09595e-54
-3.53951e-55
-1.14572e-54
-1.48877e-55
1.3405e-54
1.65146e-55
1.73806e-54
1.73e-55
6.87062e-55
5.75989e-56
-8.95512e-56
4.20717e-56
-7.13203e-56
1.52982e-55
-1.94592e-55
-7.6831e-56
-6.19228e-55
-6.49136e-55
-2.02354e-54
-4.79953e-55
2.09954e-54
2.46263e-55
4.80929e-54
1.92327e-55
2.67044e-54
-6.52618e-56
7.77739e-55
3.86201e-55
3.88166e-54
1.86749e-55
5.82879e-55
-1.72344e-54
-9.21478e-38
-2.50314e-38
-1.07636e-38
1.2944e-39
-1.19745e-39
3.12195e-40
-1.24976e-40
3.8379e-41
-1.25202e-41
3.90912e-42
-1.19262e-42
3.67986e-43
-1.09461e-43
3.27154e-44
-9.63125e-45
2.79864e-45
-8.19111e-46
2.30352e-46
-6.71659e-47
1.83683e-47
-5.3384e-48
1.41738e-48
-4.10818e-49
1.0626e-49
-3.07197e-50
7.73578e-51
-2.23135e-51
5.4835e-52
-1.57841e-52
3.78593e-53
-1.08821e-53
2.60137e-54
-7.00577e-55
3.4814e-55
5.7471e-58
6.11116e-56
-3.10602e-60
-2.77021e-55
-3.74078e-56
-2.37007e-55
-3.05267e-56
-3.73399e-56
1.75656e-57
9.48842e-56
2.18759e-56
9.93434e-56
1.15915e-57
-6.94368e-56
-2.19619e-56
-7.26928e-56
-9.27051e-57
8.52217e-56
1.02531e-56
1.10637e-55
1.07988e-56
4.40814e-56
3.58294e-57
-5.92631e-57
2.5174e-57
-4.60481e-57
9.1512e-57
-1.22486e-56
-5.92683e-57
-3.8384e-56
-4.11754e-56
-1.24285e-55
-2.89493e-56
1.47926e-55
1.63371e-56
3.09967e-55
1.22436e-56
1.71331e-55
-3.89223e-57
5.05798e-56
2.40458e-56
2.46822e-55
1.15961e-56
3.72604e-56
-1.09544e-55
-2.76309e-37
-6.14608e-38
-3.23129e-38
-7.52787e-39
-3.59869e-39
-8.13658e-40
-3.75937e-40
-8.27704e-41
-3.76919e-41
-7.9347e-42
-3.59287e-42
-7.31408e-43
-3.2996e-43
-6.45267e-44
-2.9048e-44
-5.50215e-45
-2.47159e-45
-4.52085e-46
-2.0275e-46
-3.60067e-47
-1.61205e-47
-2.77576e-48
-1.24095e-48
-2.07926e-49
-9.28204e-50
-1.5126e-50
-6.74373e-51
-1.0715e-51
-4.771e-52
-7.39063e-53
-3.28707e-53
-4.96996e-54
-2.20751e-54
-3.15344e-55
-1.41972e-55
-1.78389e-56
-9.10177e-57
-1.85342e-56
-2.84092e-57
-1.4791e-56
-1.89032e-57
-2.32789e-57
1.0218e-58
5.88995e-57
1.32792e-57
6.18465e-57
7.21047e-59
-4.29179e-57
-1.33203e-57
-4.49967e-57
-5.64138e-58
5.28553e-57
6.22234e-58
6.87036e-57
6.58606e-58
2.75923e-57
2.17711e-58
-3.83122e-58
1.46931e-58
-2.90118e-58
5.33978e-58
-7.51526e-58
-4.30809e-58
-2.31831e-57
-2.55251e-57
-7.43527e-57
-1.70442e-57
1.00745e-56
1.05647e-57
1.94886e-56
7.61907e-58
1.07223e-56
-2.26725e-58
3.20687e-57
1.46322e-57
1.53108e-56
7.03762e-58
2.32206e-57
-6.79442e-57
9.71167e-38
-4.08482e-38
1.13374e-38
-3.53227e-39
1.26066e-39
-3.23553e-40
1.31526e-40
-3.06779e-41
1.31723e-41
-2.864e-42
1.25444e-42
-2.61501e-43
1.15112e-43
-2.29937e-44
1.01269e-44
-1.95821e-45
8.61154e-46
-1.60804e-46
7.0606e-47
-1.28029e-47
5.61133e-48
-9.86695e-49
4.31791e-49
-7.38924e-50
3.22861e-50
-5.37416e-51
2.34501e-51
-3.80609e-52
1.6586e-52
-2.62469e-53
1.14245e-53
-1.7656e-54
7.67849e-55
-1.15241e-55
5.05237e-56
-7.24799e-57
3.2378e-57
-1.51004e-57
6.8153e-59
-9.20851e-58
-9.77651e-59
-1.42925e-58
6.7944e-60
3.5731e-58
7.88399e-59
3.76259e-58
4.38807e-60
-2.59343e-58
-7.89538e-59
-2.7229e-58
-3.35501e-59
3.20421e-58
3.69052e-59
4.16987e-58
3.92572e-59
1.68696e-58
1.29243e-59
-2.41171e-59
8.35799e-60
-1.78373e-59
3.03873e-59
-4.50168e-59
-2.9793e-59
-1.36645e-58
-1.54583e-58
-4.33943e-58
-9.79547e-59
6.66075e-58
6.65463e-59
1.19774e-57
4.63189e-59
6.55798e-58
-1.28821e-59
1.98413e-58
8.70218e-59
9.28332e-58
4.17343e-59
1.41365e-58
-4.11952e-58
2.70789e-37
-8.87974e-39
3.16121e-38
4.67009e-39
3.51648e-39
7.31736e-40
3.66913e-40
8.31429e-41
3.67535e-41
8.27222e-42
3.50028e-42
7.72576e-43
3.21219e-43
6.84905e-44
2.82583e-44
5.8525e-45
2.40292e-45
4.81452e-46
1.97e-46
3.83798e-47
1.56551e-47
2.96098e-48
1.20452e-48
2.21957e-49
9.00537e-50
1.61574e-50
6.53985e-51
1.14529e-51
4.62487e-52
7.90447e-53
3.1851e-53
5.3221e-54
2.14006e-54
3.4969e-55
1.40331e-55
2.24573e-56
8.99162e-57
1.34667e-57
5.55389e-58
3.35971e-59
2.81168e-59
-3.18775e-60
2.41533e-60
2.1504e-59
4.69764e-60
2.23933e-59
2.67644e-61
-1.5316e-59
-4.58017e-60
-1.61049e-59
-1.95255e-60
1.8985e-59
2.1424e-60
2.47352e-59
2.28957e-60
1.008e-59
7.50562e-61
-1.48433e-60
4.64174e-61
-1.0719e-60
1.68845e-60
-2.6334e-60
-1.97866e-60
-7.86093e-60
-9.16112e-60
-2.47056e-59
-5.50153e-60
4.27638e-59
4.09294e-60
7.19421e-59
2.7559e-60
3.9198e-59
-7.15491e-61
1.19908e-59
5.06496e-60
5.50123e-59
2.42212e-60
8.40698e-60
-2.44165e-59
-1.87205e-37
-1.32842e-38
-2.19033e-38
1.05807e-39
-2.44148e-39
2.22362e-40
-2.55191e-40
2.69098e-41
-2.56019e-41
2.74145e-42
-2.44153e-42
2.592e-43
-2.24327e-43
2.31762e-44
-1.97556e-44
1.99476e-45
-1.68151e-45
1.65207e-46
-1.37976e-46
1.32556e-47
-1.09732e-47
1.02918e-48
-8.44897e-49
7.76318e-50
-6.3209e-50
5.68621e-51
-4.59314e-51
4.05522e-52
-3.25002e-52
2.81576e-53
-2.23942e-53
1.90724e-54
-1.50539e-54
1.2605e-55
-9.87511e-56
8.14031e-57
-6.33011e-57
5.10183e-58
-3.97103e-58
2.86631e-59
-2.46874e-59
1.43109e-60
-1.441e-60
1.34416e-60
1.74226e-61
1.30875e-60
1.02086e-62
-8.85175e-61
-2.60391e-61
-9.32403e-61
-1.11243e-61
1.10096e-60
1.21736e-61
1.436e-60
1.30704e-61
5.89197e-61
4.26523e-62
-8.91678e-62
2.51542e-62
-6.2971e-62
9.15978e-62
-1.50616e-61
-1.26684e-61
-4.41877e-61
-5.31252e-61
-1.37359e-60
-3.02011e-61
2.67366e-60
2.45751e-61
4.22949e-60
1.60445e-61
2.29286e-60
-3.88141e-62
7.0838e-61
2.88559e-61
3.19069e-60
1.37575e-61
4.89115e-61
-1.41653e-60
-2.20436e-37
-2.78508e-38
-2.59238e-38
-4.3086e-39
-2.9001e-39
-4.98375e-40
-3.04219e-40
-5.161e-41
-3.06098e-41
-4.94887e-42
-2.92745e-42
-4.53026e-43
-2.69642e-43
-3.95994e-44
-2.38037e-44
-3.34069e-45
-2.03052e-45
-2.71451e-46
-1.6697e-46
-2.13666e-47
-1.33055e-47
-1.62739e-48
-1.02646e-48
-1.20378e-49
-7.69337e-50
-8.64484e-51
-5.60049e-51
-6.0424e-52
-3.96965e-52
-4.11091e-53
-2.73992e-53
-2.72725e-54
-1.84486e-54
-1.76479e-55
-1.21216e-55
-1.11537e-56
-7.7824e-57
-6.88981e-58
-4.88445e-58
-4.17757e-59
-3.00157e-59
-2.48633e-60
-1.80231e-60
-7.23651e-62
-9.17381e-62
6.61148e-62
-5.27025e-63
-5.05656e-62
-1.48215e-62
-5.28703e-62
-6.22732e-63
6.24948e-62
6.77745e-63
8.16038e-62
7.30983e-63
3.37092e-62
2.37414e-63
-5.24257e-63
1.33169e-63
-3.62087e-63
4.85524e-63
-8.42577e-63
-7.85621e-63
-2.42759e-62
-3.01825e-62
-7.45812e-62
-1.6218e-62
1.6285e-61
1.44296e-62
2.43388e-61
9.15205e-63
1.31274e-61
-2.05971e-63
4.09415e-62
1.61083e-62
1.81146e-61
7.65661e-63
2.78434e-62
-8.04553e-62
5.56339e-38
-1.43201e-38
6.2632e-39
-1.68208e-39
6.73152e-40
-1.71504e-40
6.7856e-41
-1.58111e-41
6.56802e-42
-1.35575e-42
6.04287e-43
-1.08028e-43
5.35465e-44
-8.05319e-45
4.546e-45
-5.51895e-46
3.72721e-46
-3.43376e-47
2.94372e-47
-1.81956e-48
2.25082e-48
-6.96182e-50
1.66429e-49
2.43381e-52
1.19394e-50
4.17121e-52
8.30673e-52
5.85273e-53
5.61721e-53
6.05279e-54
3.69177e-54
5.4564e-55
2.36162e-55
4.50012e-56
1.47056e-56
3.48604e-57
8.92227e-58
2.56575e-58
5.27473e-59
1.81024e-59
3.03932e-60
1.23029e-60
1.70907e-61
8.49819e-62
1.01522e-62
9.31981e-63
5.48097e-64
-2.45792e-63
-7.63374e-64
-2.91571e-63
-3.3827e-64
3.47749e-63
3.69996e-64
4.54404e-63
4.00676e-64
1.88909e-63
1.29489e-64
-3.01416e-64
6.88451e-65
-2.03842e-64
2.51446e-64
-4.6144e-64
-4.72858e-64
-1.30451e-63
-1.6802e-63
-3.9575e-63
-8.52118e-64
9.68212e-63
8.28584e-64
1.37247e-62
5.11507e-64
7.36415e-63
-1.06858e-64
2.31657e-63
8.81322e-64
1.00776e-62
4.17593e-64
1.55261e-63
-4.47818e-63
1.71524e-38
1.42338e-39
1.69211e-39
7.69261e-40
1.42975e-40
1.14666e-40
1.03821e-41
1.39536e-41
5.24596e-43
1.50489e-42
1.7581e-45
1.53872e-43
-4.59948e-45
1.48296e-44
-8.21934e-46
1.37599e-45
-1.07138e-46
1.22074e-46
-1.18502e-47
1.04665e-47
-1.194e-48
8.64036e-49
-1.11446e-49
6.91213e-50
-9.83528e-51
5.34921e-51
-8.24592e-52
4.02138e-52
-6.62881e-53
2.93482e-53
-5.12089e-54
2.08514e-54
-3.8211e-55
1.4421e-55
-2.75797e-56
9.7281e-57
-1.93166e-57
6.40203e-58
-1.31428e-58
4.11621e-59
-8.70556e-60
2.5865e-60
-5.61874e-61
1.59241e-61
-3.53489e-62
9.7967e-63
-2.17455e-63
4.13092e-64
-1.73191e-64
-1.27197e-64
-2.59277e-65
1.91377e-64
1.93599e-65
2.48095e-64
2.15146e-65
1.03758e-64
6.92418e-66
-1.69779e-65
3.47793e-66
-1.12459e-65
1.27282e-65
-2.47493e-65
-2.77006e-65
-6.85841e-65
-9.17341e-65
-2.05233e-64
-4.38305e-65
5.62146e-64
4.65906e-65
7.58541e-64
2.80386e-65
4.04875e-64
-5.42568e-66
1.28408e-64
4.72978e-65
5.495e-64
2.23401e-65
8.4828e-65
-2.44335e-64
1.55779e-38
-1.95284e-38
4.76346e-40
2.41458e-41
-1.40095e-40
9.07504e-41
-3.30326e-41
1.15556e-41
-5.39528e-42
1.10197e-42
-7.0351e-43
9.18199e-44
-8.32558e-44
7.02791e-45
-8.93378e-45
4.94527e-46
-9.03004e-46
3.19439e-47
-8.56911e-47
1.81892e-48
-7.76657e-48
8.43023e-50
-6.71187e-49
1.99955e-51
-5.58192e-50
-1.69676e-52
-4.46495e-51
-3.48559e-53
-3.45407e-52
-3.99009e-54
-2.58441e-53
-3.77219e-55
-1.87689e-54
-3.19687e-56
-1.32352e-55
-2.52062e-57
-9.08403e-57
-1.87814e-58
-6.07164e-58
-1.33775e-59
-3.95877e-59
-9.16065e-61
-2.51929e-60
-6.06143e-62
-1.56681e-61
-3.8766e-63
-9.52834e-63
-2.50534e-64
-5.69392e-64
-2.32569e-65
-3.40211e-65
9.26426e-66
-8.48566e-67
1.32258e-65
1.03031e-66
5.58513e-66
3.57545e-67
-9.36785e-67
1.71312e-67
-6.08224e-67
6.29656e-67
-1.30095e-66
-1.58145e-66
-3.52987e-66
-4.91307e-66
-1.0406e-65
-2.20756e-66
3.19183e-65
2.56582e-66
4.11247e-65
1.50764e-66
2.1834e-65
-2.69497e-67
6.97705e-66
2.4906e-66
2.93917e-65
1.17255e-66
4.545e-66
-1.30781e-65
-2.08613e-38
-2.27901e-38
-2.84963e-39
-4.01527e-40
-3.69564e-40
4.1243e-41
-4.38858e-41
6.09533e-42
-4.97048e-42
5.3727e-43
-5.27183e-43
3.57006e-44
-5.35608e-44
1.71876e-45
-5.16525e-45
1.00572e-47
-4.79113e-46
-1.04767e-47
-4.25556e-47
-1.77388e-48
-3.64894e-48
-2.0927e-49
-3.01431e-49
-2.12632e-50
-2.41144e-50
-1.95525e-51
-1.86682e-51
-1.68076e-52
-1.40339e-52
-1.3648e-53
-1.02436e-53
-1.05919e-54
-7.27759e-55
-7.88762e-56
-5.03356e-56
-5.66891e-57
-3.39534e-57
-3.94058e-58
-2.2345e-58
-2.65823e-59
-1.43661e-59
-1.74265e-60
-9.02733e-61
-1.11265e-61
-5.54989e-62
-6.9257e-63
-3.33979e-63
-4.21438e-64
-1.97004e-64
-2.54571e-65
-1.14256e-65
-9.21617e-67
-5.9098e-67
6.14679e-67
2.29902e-68
2.90669e-67
1.67572e-68
-5.09246e-68
8.16972e-69
-3.22845e-68
3.04402e-68
-6.70472e-68
-8.81503e-68
-1.77889e-67
-2.58316e-67
-5.15827e-67
-1.08912e-67
1.77314e-66
1.38531e-67
2.18767e-66
7.95818e-68
1.15528e-66
-1.31038e-68
3.71815e-67
1.28767e-67
1.54258e-66
6.04233e-68
2.38878e-67
-6.86927e-67
-1.13702e-37
-1.76934e-38
-1.3455e-38
-1.53954e-39
-1.51702e-39
-1.44191e-40
-1.603e-40
-1.41665e-41
-1.62597e-41
-1.37256e-42
-1.56714e-42
-1.30346e-43
-1.45532e-43
-1.1901e-44
-1.29505e-44
-1.05272e-45
-1.11384e-45
-8.96671e-47
-9.23379e-47
-7.40398e-48
-7.41928e-48
-5.91145e-49
-5.77071e-49
-4.58472e-50
-4.3611e-50
-3.45014e-51
-3.20094e-51
-2.5271e-52
-2.28767e-52
-1.80096e-53
-1.59204e-53
-1.25151e-54
-1.08085e-54
-8.48055e-56
-7.16035e-56
-5.61262e-57
-4.63515e-57
-3.62876e-58
-2.93298e-58
-2.2947e-59
-1.81608e-59
-1.41975e-60
-1.10082e-60
-8.60243e-62
-6.53759e-62
-5.10642e-63
-3.80559e-63
-2.9721e-64
-2.1729e-64
-1.69868e-65
-1.21758e-65
-9.229e-67
-6.66878e-67
-1.62972e-68
-3.31829e-68
1.24932e-68
-9.74061e-70
-2.83818e-69
2.89321e-70
-1.68819e-69
1.43315e-69
-3.39006e-69
-4.80203e-69
-8.78151e-69
-1.33363e-68
-2.50012e-68
-5.26401e-69
9.6476e-68
7.33456e-69
1.14266e-67
4.12473e-69
6.00166e-68
-6.23447e-70
1.94439e-68
6.5385e-69
7.94927e-68
3.0579e-69
1.23245e-68
-3.5429e-68
-2.49554e-38
-1.39956e-38
-3.03492e-39
-1.52058e-39
-3.48351e-40
-1.58294e-40
-3.74176e-41
-1.60093e-41
-3.84043e-42
-1.54402e-42
-3.74128e-43
-1.43782e-43
-3.50263e-44
-1.28283e-44
-3.13964e-45
-1.10655e-45
-2.71574e-46
-9.19588e-47
-2.26274e-47
-7.40703e-48
-1.82539e-48
-5.77343e-49
-1.42478e-49
-4.3722e-50
-1.07976e-50
-3.21497e-51
-7.94422e-52
-2.30177e-52
-5.6884e-53
-1.60441e-53
-3.96495e-54
-1.09091e-54
-2.69508e-55
-7.23713e-56
-1.78713e-56
-4.69112e-57
-1.15765e-57
-2.97207e-58
-7.32865e-59
-1.84245e-59
-4.53895e-60
-1.11803e-60
-2.7515e-61
-6.64679e-62
-1.63391e-62
-3.87296e-63
-9.5089e-64
-2.21339e-64
-5.42717e-65
-1.24125e-65
-3.03916e-66
-6.81878e-67
-1.66925e-67
-3.51207e-68
-8.86949e-69
-1.18242e-69
-4.31389e-70
-2.42491e-70
-7.04192e-72
-9.11854e-71
6.50865e-71
-1.68441e-70
-2.56013e-70
-4.24714e-70
-6.765e-70
-1.18454e-69
-2.49305e-70
5.14358e-69
3.81105e-70
5.86179e-69
2.10046e-70
3.0621e-69
-2.90332e-71
9.98297e-70
3.26257e-70
4.02341e-69
1.52068e-70
6.24379e-70
-1.79485e-69
-5.26805e-39
-3.61231e-39
-6.60693e-40
-4.11144e-40
-7.78204e-41
-4.41064e-41
-8.51649e-42
-4.5436e-42
-8.87379e-43
-4.44196e-43
-8.74308e-44
-4.17568e-44
-8.25934e-45
-3.75447e-45
-7.4544e-46
-3.25707e-46
-6.48249e-47
-2.71963e-47
-5.423e-48
-2.19825e-48
-4.38797e-49
-1.71827e-49
-3.43226e-50
-1.3038e-50
-2.60478e-51
-9.60116e-52
-1.91798e-52
-6.8799e-53
-1.37374e-53
-4.7978e-54
-9.57376e-55
-3.26236e-55
-6.50398e-56
-2.16369e-56
-4.30907e-57
-1.40167e-57
-2.78802e-58
-8.87295e-59
-1.7625e-59
-5.49457e-60
-1.0898e-60
-3.32995e-61
-6.59416e-62
-1.97677e-62
-3.90789e-63
-1.14996e-63
-2.26934e-64
-6.56027e-65
-1.29222e-65
-3.67167e-66
-7.21847e-67
-2.01649e-67
-3.95729e-68
-1.07925e-68
-2.12375e-69
-5.37857e-70
-1.10437e-70
-3.72147e-71
-5.0589e-72
-5.85564e-72
2.68907e-72
-8.26969e-72
-1.33747e-71
-2.01316e-71
-3.37265e-71
-5.48488e-71
-1.15699e-71
2.68932e-70
1.94397e-71
2.95504e-70
1.05118e-71
1.53522e-70
-1.32266e-72
5.03446e-71
1.60025e-71
2.00118e-70
7.43315e-72
3.10787e-71
-8.93604e-71
-7.10062e-41
-3.051e-39
-9.97671e-42
-3.41888e-40
-1.29655e-42
-3.62498e-41
-1.53381e-43
-3.6965e-42
-1.7101e-44
-3.58326e-43
-1.78364e-45
-3.34221e-44
-1.77209e-46
-2.98408e-45
-1.67152e-47
-2.57165e-46
-1.51254e-48
-2.13416e-47
-1.31133e-49
-1.71491e-48
-1.09628e-50
-1.33303e-49
-8.8351e-52
-1.00608e-50
-6.89299e-53
-7.37079e-52
-5.20727e-54
-5.25541e-53
-3.82003e-55
-3.64731e-54
-2.72258e-56
-2.46843e-55
-1.88905e-57
-1.62965e-56
-1.27673e-58
-1.05099e-57
-8.41792e-60
-6.62387e-59
-5.41774e-61
-4.08417e-60
-3.40757e-62
-2.46472e-61
-2.09571e-63
-1.45704e-62
-1.26148e-64
-8.44128e-64
-7.43566e-66
-4.79602e-65
-4.29514e-67
-2.67345e-66
-2.4326e-68
-1.46293e-67
-1.3513e-69
-7.85763e-69
-7.3358e-71
-4.1322e-70
-3.83755e-72
-2.19056e-71
-1.72688e-73
-1.31267e-72
1.20496e-73
-4.47125e-73
-6.84059e-73
-9.3755e-73
-1.65328e-72
-2.48075e-72
-5.26158e-73
1.37954e-71
9.74038e-73
1.46434e-71
5.17252e-73
7.56589e-72
-5.89417e-74
2.49489e-72
7.71891e-73
9.78438e-72
3.57304e-73
1.52037e-72
-4.37366e-72
4.68792e-39
-1.03379e-38
5.80668e-40
-1.07967e-39
6.76043e-41
-1.09041e-40
7.32358e-42
-1.07621e-41
7.55886e-43
-1.01653e-42
7.38372e-44
-9.29032e-44
6.91887e-45
-8.14656e-45
6.19759e-46
-6.91354e-46
5.3509e-47
-5.65735e-47
4.44591e-48
-4.49003e-48
3.57384e-49
-3.45051e-49
2.77791e-50
-2.5776e-50
2.09537e-51
-1.87049e-51
1.53381e-52
-1.32213e-52
1.09228e-53
-9.1016e-54
7.56979e-55
-6.11392e-55
5.1145e-56
-4.00819e-56
3.37041e-57
-2.56815e-57
2.16926e-58
-1.60868e-58
1.36428e-59
-9.86198e-60
8.39293e-61
-5.91923e-61
5.05308e-62
-3.48132e-62
2.97987e-63
-2.0071e-63
1.72203e-64
-1.13511e-64
9.75855e-66
-6.29976e-66
5.42532e-67
-3.43298e-67
2.96081e-68
-1.83754e-68
1.5868e-69
-9.66502e-70
8.35581e-71
-5.00018e-71
4.32568e-72
-2.55239e-72
2.25666e-73
-1.45609e-73
-2.32826e-74
-4.88138e-74
-7.9168e-74
-1.09802e-73
-2.34181e-74
6.94736e-73
4.7957e-74
7.13626e-73
2.50326e-74
3.66678e-73
-2.5672e-75
1.21544e-73
3.66266e-74
4.70474e-73
1.68948e-74
7.31327e-74
-2.10532e-73
1.95758e-38
5.31364e-39
2.32734e-39
1.09028e-39
2.61396e-40
1.3802e-40
2.75727e-41
1.49777e-41
2.7826e-42
1.48355e-42
2.67109e-43
1.39376e-43
2.46657e-44
1.24711e-44
2.18368e-45
1.07519e-45
1.86694e-46
8.92105e-47
1.53883e-47
7.16524e-48
1.22877e-48
5.5665e-49
9.49916e-50
4.19841e-50
7.13303e-51
3.07366e-51
5.20238e-52
2.18982e-52
3.69393e-53
1.51851e-53
2.55405e-54
1.0268e-54
1.72255e-55
6.77279e-56
1.13365e-56
4.36377e-57
7.28977e-58
2.74762e-58
4.58213e-59
1.69244e-59
2.81825e-60
1.02031e-60
1.69687e-61
6.02538e-62
1.00098e-62
3.48707e-63
5.78767e-64
1.97908e-64
3.28227e-65
1.10199e-65
1.8265e-66
6.02359e-67
9.97895e-68
3.23348e-68
5.35474e-69
1.70543e-69
2.82351e-70
8.84105e-71
1.46351e-71
4.5064e-72
7.46221e-73
2.25138e-73
3.57175e-74
9.25262e-75
-1.93571e-75
-4.17026e-75
-9.33636e-76
3.43896e-74
2.32545e-75
3.42127e-74
1.19219e-75
1.74814e-74
-1.09206e-76
5.82325e-75
1.71031e-75
2.22546e-74
7.86137e-76
3.46007e-75
-9.97004e-75
8.34648e-38
3.54164e-38
9.59903e-39
5.91004e-39
1.05532e-39
7.02599e-40
1.08937e-40
7.40239e-41
1.08164e-41
7.19425e-42
1.02185e-42
6.67064e-43
9.31358e-44
5.90339e-44
8.14224e-45
5.04383e-45
6.88619e-46
4.1509e-46
5.61746e-47
3.31043e-47
4.44442e-48
2.5551e-48
3.40573e-49
1.91603e-49
2.537e-50
1.39524e-50
1.83623e-51
9.89256e-52
1.29461e-52
6.8292e-53
8.89076e-54
4.59897e-54
5.95831e-55
3.0219e-55
3.89747e-56
1.94019e-56
2.4918e-57
1.21759e-57
1.5576e-58
7.47696e-59
9.52945e-60
4.49457e-60
5.70843e-61
2.64706e-61
3.35093e-62
1.52802e-62
1.92834e-63
8.65139e-64
1.0886e-64
4.80629e-65
6.031e-66
2.62151e-66
3.28087e-67
1.40435e-67
1.75319e-68
7.39255e-69
9.207e-70
3.82528e-70
4.75343e-71
1.94654e-71
2.41366e-72
9.74372e-73
1.20494e-73
4.79184e-74
5.75163e-75
2.13041e-75
2.43202e-76
1.78141e-75
1.24162e-76
1.61928e-75
5.65035e-77
8.20408e-76
-4.50212e-78
2.74486e-76
7.86189e-77
1.036e-75
3.60072e-77
1.61081e-76
-4.6467e-76
-1.82739e-37
3.46777e-38
-2.16405e-38
2.67666e-39
-2.43251e-39
2.25976e-40
-2.56273e-40
2.04954e-41
-2.58677e-41
1.8733e-42
-2.48096e-42
1.69327e-43
-2.29012e-43
1.48017e-44
-2.02555e-44
1.25559e-45
-1.7304e-45
1.02769e-46
-1.42473e-46
8.15964e-48
-1.13646e-47
6.27252e-49
-8.77465e-49
4.68681e-50
-6.58078e-50
3.4015e-51
-4.79301e-51
2.40441e-52
-3.39852e-52
1.65512e-53
-2.34632e-53
1.11168e-54
-1.58007e-54
7.28658e-56
-1.03825e-55
4.66756e-57
-6.66566e-57
2.92285e-58
-4.18296e-58
1.79122e-59
-2.56847e-59
1.07468e-60
-1.54385e-60
6.31786e-62
-9.09152e-62
3.64075e-63
-5.24757e-63
2.05799e-64
-2.97075e-64
1.14156e-65
-1.65021e-65
6.2173e-67
-8.99963e-67
3.32596e-68
-4.82051e-68
1.74847e-69
-2.53719e-69
9.03591e-71
-1.31269e-70
4.59243e-72
-6.67884e-72
2.29619e-73
-3.34288e-73
1.12953e-74
-1.64732e-74
5.39303e-76
-8.00151e-76
1.05915e-76
-3.29414e-77
7.61867e-77
7.84956e-79
3.79348e-77
-2.66173e-79
1.27346e-77
3.55475e-78
4.74755e-77
1.6238e-78
7.38098e-78
-2.13199e-77
-3.74622e-37
2.14493e-38
-4.39559e-38
-5.15657e-39
-4.90874e-39
-8.66287e-40
-5.13996e-40
-1.00095e-40
-5.16347e-41
-1.00217e-41
-4.93033e-42
-9.38707e-43
-4.53444e-43
-8.33684e-44
-3.99698e-44
-7.13266e-45
-3.40463e-45
-5.87368e-46
-2.79563e-46
-4.68619e-47
-2.22468e-47
-3.61801e-48
-1.71386e-48
-2.71373e-49
-1.2828e-49
-1.97653e-50
-9.32563e-51
-1.40165e-51
-6.60116e-52
-9.67757e-53
-4.55013e-53
-6.51802e-54
-3.05965e-54
-4.28338e-55
-2.00767e-55
-2.75038e-56
-1.28728e-56
-1.72619e-57
-8.06829e-58
-1.06009e-58
-4.94848e-59
-6.37287e-60
-2.97117e-60
-3.75347e-61
-1.74788e-61
-2.16679e-62
-1.00787e-62
-1.22684e-63
-5.7004e-64
-6.81592e-65
-3.16366e-65
-3.7177e-66
-1.72387e-66
-1.99161e-67
-9.22606e-68
-1.0484e-68
-4.85216e-69
-5.42496e-70
-2.50851e-70
-2.76056e-71
-1.27538e-71
-1.38188e-72
-6.37897e-73
-6.80735e-74
-3.13986e-74
-3.30134e-75
-1.52145e-75
-1.53875e-76
-7.23526e-77
-3.98552e-78
-3.29456e-78
1.37903e-78
-1.6517e-79
5.65726e-79
1.51444e-79
2.14169e-78
7.18162e-80
3.3297e-79
-9.63298e-79
9.92744e-38
2.81903e-38
1.15507e-38
-2.75213e-39
1.28222e-39
-5.45718e-40
1.33501e-40
-6.52346e-41
1.33516e-41
-6.60816e-42
1.26955e-42
-6.22087e-43
1.16357e-43
-5.54061e-44
1.02234e-44
-4.74945e-45
8.68405e-46
-3.91736e-46
7.11214e-47
-3.1296e-47
5.64663e-48
-2.41922e-48
4.34073e-49
-1.81657e-49
3.24265e-50
-1.32445e-50
2.35304e-51
-9.40108e-52
1.66283e-52
-6.49664e-53
1.14438e-53
-4.37917e-54
7.68401e-55
-2.88002e-55
5.03515e-56
-1.85061e-56
3.22431e-57
-1.16227e-57
2.01844e-58
-7.14236e-59
1.23655e-59
-4.29633e-60
7.41641e-61
-2.53191e-61
4.35842e-62
-1.46242e-62
2.51071e-63
-8.28469e-64
1.4187e-64
-4.60504e-65
7.86657e-66
-2.51302e-66
4.2828e-67
-1.34689e-67
2.29025e-68
-7.09333e-69
1.20354e-69
-3.67207e-70
6.21742e-71
-1.86937e-71
3.15876e-72
-9.36154e-73
1.57877e-73
-4.61347e-74
7.76566e-75
-2.23805e-75
3.76028e-76
-1.06734e-76
1.79414e-77
-4.87563e-78
8.47429e-79
-1.56016e-79
3.87028e-80
1.54935e-80
8.74692e-81
9.47487e-80
3.23733e-81
1.47752e-80
-4.28742e-80
2.72406e-37
4.57602e-38
3.20301e-38
3.8117e-39
3.58215e-39
3.37617e-40
3.7563e-40
3.12273e-41
3.77772e-41
2.86255e-42
3.61104e-42
2.57776e-43
3.32407e-43
2.24052e-44
2.93258e-44
1.88936e-45
2.49982e-45
1.53782e-46
2.05411e-46
1.21475e-47
1.63563e-47
9.29423e-49
1.26082e-48
6.91472e-50
9.44213e-50
4.99846e-51
6.86776e-51
3.52023e-52
4.86369e-52
2.41489e-53
3.35405e-53
1.61679e-54
2.25634e-54
1.05654e-55
1.48117e-55
6.74866e-57
9.50072e-57
4.21468e-58
5.95702e-58
2.57632e-59
3.65491e-59
1.54196e-60
2.19525e-60
9.04397e-62
1.29185e-61
5.20015e-63
7.45159e-63
2.93323e-64
4.21586e-64
1.62372e-65
2.34047e-65
8.82595e-67
1.2757e-66
4.71251e-68
6.82944e-68
2.47283e-69
3.59275e-69
1.27566e-70
1.85792e-70
6.4723e-72
9.44863e-72
3.23072e-73
4.72709e-73
1.58714e-74
2.32734e-74
7.67599e-76
1.12798e-75
3.65671e-77
5.38345e-77
1.72209e-78
2.53097e-78
8.27033e-80
1.17208e-79
4.77301e-81
5.65243e-81
4.34053e-81
3.77054e-82
6.56085e-82
-1.88289e-81
5.87689e-38
7.16937e-39
8.23354e-40
8.8427e-41
9.06001e-42
8.80674e-43
8.21913e-44
7.34232e-45
6.32584e-46
5.24891e-47
4.21544e-48
3.2752e-49
2.47015e-50
1.80851e-51
1.28845e-52
8.93511e-54
6.04192e-55
3.9855e-56
2.56801e-57
1.61706e-58
9.96139e-60
6.00602e-61
3.5472e-62
2.05315e-63
1.16542e-64
6.49036e-66
3.54831e-67
1.9051e-68
1.005e-69
5.21115e-71
2.65705e-72
1.33264e-73
6.57705e-75
3.19516e-76
1.52841e-77
7.20106e-79
3.3425e-80
1.5416e-81
7.4725e-83
)
;

boundaryField
{
    leftWall
    {
        type            calculated;
        value           nonuniform 0();
    }
    rightWall
    {
        type            calculated;
        value           uniform 0;
    }
    lowerWall
    {
        type            calculated;
        value           nonuniform 0();
    }
    atmosphere
    {
        type            calculated;
        value           nonuniform List<scalar> 
45
(
6.9051e-34
1.4724e-34
2.56302e-35
3.43141e-36
4.35602e-37
5.22441e-38
5.38398e-39
5.39483e-40
5.29759e-41
4.9881e-42
4.5474e-43
3.97993e-44
3.37156e-45
2.75472e-46
2.18308e-47
1.67539e-48
1.24988e-49
9.05867e-51
6.39507e-52
4.39712e-53
2.95022e-54
1.93187e-55
1.23637e-56
7.73572e-58
4.73697e-59
2.83994e-60
1.66839e-61
9.60797e-63
5.42766e-64
3.0089e-65
1.63781e-66
8.75676e-68
4.60104e-69
2.37657e-70
1.20729e-71
6.03357e-73
2.96757e-74
1.43687e-75
6.85126e-77
3.21844e-78
1.4921e-79
6.89295e-81
6.65471e-82
6.94197e-83
-1.61156e-82
)
;
    }
    defaultFaces
    {
        type            empty;
        value           nonuniform 0();
    }
    procBoundary3to1
    {
        type            processor;
        value           nonuniform List<scalar> 
45
(
-6.67743e-39
-4.96688e-38
-3.362e-37
-2.1778e-36
-1.09219e-35
-6.15906e-35
-4.25189e-35
1.17293e-34
1.15545e-34
-5.39491e-35
-1.25207e-34
-6.51201e-35
5.19685e-35
6.33463e-35
1.14058e-35
2.01267e-36
2.7662e-37
1.01375e-37
5.07224e-37
3.75863e-36
2.08299e-35
1.15513e-34
4.22703e-35
-1.73295e-34
-1.36986e-34
-1.44729e-35
4.81838e-35
-1.1364e-34
-6.31333e-35
-5.29537e-35
5.32364e-35
5.34702e-35
-1.44694e-34
1.58077e-34
9.90476e-36
-3.09188e-36
-2.3228e-35
-1.32408e-34
-1.10439e-34
1.44943e-34
6.50528e-35
-1.79016e-34
1.45977e-34
1.94767e-35
6.7394e-35
)
;
    }
    procBoundary3to2
    {
        type            processor;
        value           nonuniform List<scalar> 
43
(
-7.69756e-38
-1.69087e-38
-3.63296e-39
-4.76896e-40
2.01632e-39
4.367e-38
6.83059e-37
8.14168e-36
1.74751e-35
1.91941e-35
7.056e-35
-1.31667e-35
-1.4576e-34
-1.02e-35
7.17562e-35
1.13614e-35
7.13146e-38
-1.01453e-35
-6.47781e-35
1.13069e-34
2.5069e-34
-8.38719e-35
-2.50416e-34
8.87734e-35
2.49605e-34
-1.70885e-34
-1.91313e-34
6.4308e-35
3.65751e-35
1.22608e-34
1.03604e-35
-9.64867e-35
-1.55858e-35
-2.67404e-36
-1.63015e-38
2.53707e-36
1.37175e-35
8.55217e-35
-1.48301e-34
-3.32213e-34
9.48673e-35
2.36799e-34
3.6154e-35
)
;
    }
}


// ************************************************************************* //
