/*--------------------------------*- C++ -*----------------------------------*\
| =========                 |                                                 |
| \\      /  F ield         | OpenFOAM: The Open Source CFD Toolbox           |
|  \\    /   O peration     | Version:  2.4.0                                 |
|   \\  /    A nd           | Web:      www.OpenFOAM.org                      |
|    \\/     M anipulation  |                                                 |
\*---------------------------------------------------------------------------*/
FoamFile
{
    version     2.0;
    format      ascii;
    class       volVectorField;
    location    "0.4";
    object      U;
}
// * * * * * * * * * * * * * * * * * * * * * * * * * * * * * * * * * * * * * //

dimensions      [0 1 -1 0 0 0 0];

internalField   nonuniform List<vector> 
1935
(
(3.08463e-36 8.30887e-37 0)
(3.84227e-35 6.92864e-36 0)
(2.17106e-34 7.54031e-35 0)
(3.13031e-33 6.31078e-35 0)
(2.94893e-33 -1.46389e-34 0)
(-2.94852e-33 -1.4632e-34 0)
(-3.12689e-33 6.40562e-35 0)
(-1.75574e-34 8.3219e-35 0)
(2.17487e-34 8.93408e-35 0)
(3.34779e-33 1.40344e-34 0)
(6.12074e-33 -7.53332e-35 0)
(2.58962e-34 -2.09497e-34 0)
(-2.68992e-33 6.31078e-35 0)
(2.99079e-33 1.3851e-34 0)
(3.13375e-33 -6.40626e-35 0)
(2.17487e-34 -7.54796e-35 0)
(3.847e-35 -6.93752e-36 0)
(3.06476e-36 -8.79093e-37 0)
(3.50954e-37 -6.97869e-38 0)
(2.71123e-38 -6.44846e-39 0)
(2.44973e-39 -4.68852e-40 0)
(1.76175e-40 -3.64474e-41 0)
(1.35485e-41 -2.43824e-42 0)
(9.60863e-43 -1.56673e-43 0)
(9.64169e-43 1.57308e-43 0)
(1.36058e-41 2.44792e-42 0)
(1.77012e-40 3.6604e-41 0)
(2.46237e-39 4.71122e-40 0)
(2.72748e-38 6.48244e-39 0)
(3.53226e-37 7.0219e-38 0)
(3.0894e-36 8.85067e-37 0)
(3.87935e-35 7.00078e-36 0)
(2.20195e-34 7.6288e-35 0)
(3.1691e-33 7.01081e-35 0)
(3.1691e-33 -7.01081e-35 0)
(2.20195e-34 -7.6288e-35 0)
(3.87935e-35 -7.00078e-36 0)
(3.0894e-36 -8.85067e-37 0)
(3.53226e-37 -7.0219e-38 0)
(2.72748e-38 -6.48245e-39 0)
(2.46233e-39 -4.71187e-40 0)
(1.76707e-40 -3.7175e-41 0)
(1.19523e-41 -7.90627e-42 0)
(-1.08881e-41 -2.96925e-41 0)
(5.69177e-37 -3.83612e-37 0)
(6.38402e-36 -3.56609e-36 0)
(3.75067e-35 -3.88448e-35 0)
(3.71211e-34 -3.24928e-35 0)
(3.3958e-34 7.53789e-35 0)
(-3.39502e-34 7.53448e-35 0)
(-3.70565e-34 -3.29663e-35 0)
(-3.05337e-35 -4.28553e-35 0)
(3.75788e-35 -4.60185e-35 0)
(4.08789e-34 -7.22533e-35 0)
(7.17757e-34 3.88104e-35 0)
(4.45405e-35 1.07872e-34 0)
(-2.95028e-34 -3.24928e-35 0)
(3.46613e-34 -7.13373e-35 0)
(3.71861e-34 3.29694e-35 0)
(3.75788e-35 3.88823e-35 0)
(6.39413e-36 3.57142e-36 0)
(5.79507e-37 4.39458e-37 0)
(6.60627e-38 3.43255e-38 0)
(5.42755e-39 3.10348e-39 0)
(4.92895e-40 2.22341e-40 0)
(3.67362e-41 1.70343e-41 0)
(2.84685e-42 1.12675e-42 0)
(2.06845e-43 7.17082e-44 0)
(2.07574e-43 -7.19944e-44 0)
(2.85927e-42 -1.13114e-42 0)
(3.69163e-41 -1.7106e-41 0)
(4.95546e-40 -2.23391e-40 0)
(5.46141e-39 -3.11938e-39 0)
(6.65185e-38 -3.45306e-38 0)
(5.84436e-37 -4.42337e-37 0)
(6.45469e-36 -3.60261e-36 0)
(3.80912e-35 -3.9287e-35 0)
(3.77665e-34 -3.60951e-35 0)
(3.77665e-34 3.60951e-35 0)
(3.80912e-35 3.9287e-35 0)
(6.45469e-36 3.60261e-36 0)
(5.84436e-37 4.42337e-37 0)
(6.65185e-38 3.45306e-38 0)
(5.46136e-39 3.11932e-39 0)
(4.95119e-40 2.22686e-40 0)
(3.28299e-41 1.07982e-41 0)
(-1.93643e-41 -6.00798e-41 0)
(-1.60287e-40 -3.38471e-40 0)
(1.13156e-37 -7.12885e-38 0)
(1.05745e-36 -6.5808e-37 0)
(4.00262e-36 -5.95401e-36 0)
(3.00043e-35 -4.78293e-36 0)
(2.69646e-35 1.14846e-35 0)
(-2.69478e-35 1.14777e-35 0)
(-2.98807e-35 -4.8722e-36 0)
(-2.83446e-36 -6.69546e-36 0)
(4.01821e-36 -7.27842e-36 0)
(3.40223e-35 -1.09092e-35 0)
(5.81355e-35 5.94709e-36 0)
(5.18371e-36 1.62675e-35 0)
(-2.17784e-35 -4.78293e-36 0)
(2.81456e-35 -1.07369e-35 0)
(3.01288e-35 4.87283e-36 0)
(4.01821e-36 5.96158e-36 0)
(1.05905e-36 6.59102e-37 0)
(1.09204e-37 8.24161e-38 0)
(1.42629e-38 6.9105e-39 0)
(1.24684e-39 6.30443e-40 0)
(1.2008e-40 4.69469e-41 0)
(9.25269e-42 3.62982e-42 0)
(7.38767e-43 2.46293e-43 0)
(5.4762e-44 1.58007e-44 0)
(5.49598e-44 -1.58656e-44 0)
(7.42105e-43 -2.4728e-43 0)
(9.30028e-42 -3.64562e-42 0)
(1.20767e-40 -4.71763e-41 0)
(1.25534e-39 -6.33825e-40 0)
(1.43736e-38 -6.95379e-39 0)
(1.10329e-37 -8.29991e-38 0)
(1.07205e-36 -6.65374e-37 0)
(4.11291e-36 -6.03699e-36 0)
(3.10762e-35 -5.44825e-36 0)
(3.10762e-35 5.44825e-36 0)
(4.11291e-36 6.03699e-36 0)
(1.07205e-36 6.65374e-37 0)
(1.10329e-37 8.29991e-38 0)
(1.43735e-38 6.95373e-39 0)
(1.25481e-39 6.33208e-40 0)
(1.16005e-40 3.9917e-41 0)
(-3.68135e-41 -6.18351e-41 0)
(-2.52476e-40 -6.42675e-40 0)
(-1.85692e-39 -3.60383e-39 0)
(1.44733e-38 -1.59095e-38 0)
(1.18536e-37 -1.32005e-37 0)
(3.15412e-37 -1.13072e-36 0)
(1.83517e-36 -8.98653e-37 0)
(1.62656e-36 2.1813e-36 0)
(-1.62428e-36 2.1797e-36 0)
(-1.81957e-36 -9.18535e-37 0)
(-1.83043e-37 -1.28122e-36 0)
(3.1751e-37 -1.39665e-36 0)
(2.15266e-36 -2.06765e-36 0)
(3.59388e-36 1.12908e-36 0)
(4.49497e-37 3.07995e-36 0)
(-1.17671e-36 -8.98649e-37 0)
(1.76064e-36 -2.02933e-36 0)
(1.85091e-36 9.18691e-37 0)
(3.1751e-37 1.13248e-36 0)
(1.18709e-37 1.32255e-37 0)
(1.36683e-38 1.82824e-38 0)
(1.91513e-39 1.61681e-39 0)
(1.76378e-40 1.56107e-40 0)
(1.75021e-41 1.20228e-41 0)
(1.38913e-42 9.58593e-43 0)
(1.12821e-43 6.63442e-44 0)
(8.52749e-45 4.32573e-45 0)
(8.55898e-45 -4.34387e-45 0)
(1.13346e-43 -6.66175e-44 0)
(1.39653e-42 -9.62918e-43 0)
(1.76068e-41 -1.20845e-41 0)
(1.77654e-40 -1.56999e-40 0)
(1.93122e-39 -1.62786e-39 0)
(1.38269e-38 -1.84263e-38 0)
(1.20445e-37 -1.33714e-37 0)
(3.29228e-37 -1.14912e-36 0)
(1.9556e-36 -1.03235e-36 0)
(1.9556e-36 1.03235e-36 0)
(3.29228e-37 1.14912e-36 0)
(1.20445e-37 1.33714e-37 0)
(1.38269e-38 1.84263e-38 0)
(1.93076e-39 1.62734e-39 0)
(1.72157e-40 1.50977e-40 0)
(-3.1865e-41 -5.96096e-41 0)
(-4.83312e-40 -6.5263e-40 0)
(-2.69734e-39 -6.52801e-39 0)
(-2.00597e-38 -3.72465e-38 0)
(1.64921e-39 -3.79378e-39 0)
(1.40247e-38 -1.74625e-38 0)
(2.28066e-38 -1.36833e-37 0)
(7.71935e-38 -1.0676e-37 0)
(6.68461e-38 2.63107e-37 0)
(-6.65302e-38 2.62883e-37 0)
(-7.51812e-38 -1.09438e-37 0)
(-7.11034e-39 -1.56182e-37 0)
(2.30674e-38 -1.71026e-37 0)
(1.0024e-37 -2.48523e-37 0)
(1.59658e-37 1.36351e-37 0)
(3.86836e-38 3.69839e-37 0)
(-2.81103e-38 -1.06727e-37 0)
(8.27454e-38 -2.43306e-37 0)
(7.91896e-38 1.09461e-37 0)
(2.30674e-38 1.36836e-37 0)
(1.39404e-38 1.71198e-38 0)
(1.73115e-39 2.48325e-39 0)
(2.60806e-40 2.30243e-40 0)
(2.48912e-41 2.28669e-41 0)
(2.54694e-42 1.81378e-42 0)
(2.0629e-43 1.47109e-43 0)
(1.70276e-44 1.03762e-44 0)
(1.30356e-45 6.83636e-46 0)
(1.30845e-45 -6.86567e-46 0)
(1.71084e-44 -1.04199e-44 0)
(2.0742e-43 -1.47792e-43 0)
(2.56274e-42 -1.82342e-42 0)
(2.50803e-41 -2.30035e-41 0)
(2.63144e-40 -2.31908e-40 0)
(1.75346e-39 -2.50428e-39 0)
(1.41759e-38 -1.73269e-38 0)
(2.45326e-38 -1.39085e-37 0)
(9.13489e-38 -1.24052e-37 0)
(9.13489e-38 1.24052e-37 0)
(2.45326e-38 1.39085e-37 0)
(1.41759e-38 1.73269e-38 0)
(1.75307e-39 2.50395e-39 0)
(2.58574e-40 2.274e-40 0)
(-2.9271e-41 -2.98771e-41 0)
(-4.91797e-40 -6.35093e-40 0)
(-4.92666e-39 -5.88629e-39 0)
(-2.79084e-38 -5.98189e-38 0)
(-2.12097e-37 -3.49987e-37 0)
(-2.43752e-39 -1.66205e-38 0)
(2.53993e-39 -6.13332e-39 0)
(1.85079e-39 -1.99142e-38 0)
(1.44777e-39 -1.3758e-38 0)
(9.67104e-40 3.32552e-38 0)
(-9.02411e-40 3.32718e-38 0)
(-1.04169e-39 -1.37908e-38 0)
(3.01832e-41 -1.98648e-38 0)
(1.60813e-39 -2.17886e-38 0)
(2.86671e-39 -3.14221e-38 0)
(3.80302e-39 1.72544e-38 0)
(3.20763e-39 4.67257e-38 0)
(2.27142e-39 -1.3416e-38 0)
(2.57382e-39 -3.07029e-38 0)
(1.47795e-39 1.37935e-38 0)
(1.60813e-39 1.73234e-38 0)
(1.41889e-39 2.23626e-39 0)
(1.87069e-40 3.41764e-40 0)
(2.94385e-41 3.26893e-41 0)
(2.89893e-42 3.34288e-42 0)
(3.02766e-43 2.70523e-43 0)
(2.49967e-44 2.22994e-44 0)
(2.08831e-45 1.59228e-45 0)
(1.61943e-46 1.05827e-46 0)
(1.6256e-46 -1.06287e-46 0)
(2.09842e-45 -1.5991e-45 0)
(2.51369e-44 -2.24052e-44 0)
(3.04701e-43 -2.72001e-43 0)
(2.92182e-42 -3.36357e-42 0)
(2.9716e-41 -3.29373e-41 0)
(1.89661e-40 -3.44833e-40 0)
(1.44538e-39 -2.26557e-39 0)
(1.76515e-39 -1.76319e-38 0)
(2.70396e-39 -1.56813e-38 0)
(2.70396e-39 1.56813e-38 0)
(1.76513e-39 1.76319e-38 0)
(1.44513e-39 2.26537e-39 0)
(1.86229e-40 3.42129e-40 0)
(-1.0488e-41 -4.60063e-42 0)
(-4.80714e-40 -4.41791e-40 0)
(-4.45845e-39 -5.45833e-39 0)
(-4.51981e-38 -5.13907e-38 0)
(-2.62401e-37 -5.36958e-37 0)
(-2.03035e-36 -3.24767e-36 0)
(-2.50677e-38 -1.57096e-37 0)
(1.18093e-38 -3.67783e-38 0)
(3.00217e-39 -2.64614e-38 0)
(1.75748e-39 -4.55849e-39 0)
(5.00037e-41 3.032e-39 0)
(2.52151e-40 3.471e-39 0)
(2.42588e-40 -1.45365e-39 0)
(4.54928e-41 -2.11384e-39 0)
(1.25053e-40 -2.32364e-39 0)
(-9.02404e-41 -3.31691e-39 0)
(-2.56304e-40 1.82532e-39 0)
(2.90787e-40 4.9289e-39 0)
(4.98584e-40 -1.40606e-39 0)
(-3.77958e-41 -3.23516e-39 0)
(-1.91699e-40 1.44903e-39 0)
(1.25017e-40 1.83338e-39 0)
(1.46514e-40 2.45547e-40 0)
(1.9985e-41 3.87855e-41 0)
(3.25362e-42 3.8192e-42 0)
(3.27052e-43 3.98339e-43 0)
(3.47369e-44 3.2855e-44 0)
(2.90552e-45 2.74111e-45 0)
(2.45064e-46 1.98171e-46 0)
(1.91672e-47 1.32658e-47 0)
(1.92408e-47 -1.33242e-47 0)
(2.46266e-46 -1.99034e-46 0)
(2.9221e-45 -2.75437e-45 0)
(3.49638e-44 -3.30389e-44 0)
(3.29709e-43 -4.0088e-43 0)
(3.28542e-42 -3.84929e-42 0)
(2.02768e-41 -3.91505e-41 0)
(1.49435e-40 -2.48962e-40 0)
(1.41679e-40 -1.86828e-39 0)
(-6.58264e-41 -1.65499e-39 0)
(-6.58354e-41 1.65499e-39 0)
(1.4153e-40 1.8682e-39 0)
(1.47371e-40 2.47633e-40 0)
(-8.35494e-42 2.05782e-41 0)
(-3.35836e-40 -2.56744e-40 0)
(-4.15191e-39 -3.1302e-39 0)
(-3.89724e-38 -3.90648e-38 0)
(-4.05835e-37 -3.77204e-37 0)
(-2.4309e-36 -4.05647e-36 0)
(-1.94573e-35 -2.58381e-35 0)
(-2.20902e-37 -1.33256e-36 0)
(1.31479e-37 -3.29912e-37 0)
(2.94546e-38 -2.32537e-37 0)
(1.8624e-38 -2.90775e-38 0)
(2.34609e-39 -4.02583e-39 0)
(4.02334e-40 -4.85572e-41 0)
(7.19652e-41 -1.95593e-40 0)
(9.80233e-42 -2.27409e-40 0)
(1.04538e-41 -2.46761e-40 0)
(-2.31534e-41 -3.49916e-40 0)
(-4.84882e-41 1.92694e-40 0)
(2.58429e-41 5.19673e-40 0)
(5.68171e-41 -1.47694e-40 0)
(-1.48486e-41 -3.40818e-40 0)
(-3.10209e-41 1.5247e-40 0)
(1.01392e-41 1.93609e-40 0)
(1.38354e-41 2.64808e-41 0)
(1.94207e-42 4.30224e-42 0)
(3.23223e-43 4.31918e-43 0)
(3.31041e-44 4.57945e-44 0)
(3.55955e-45 3.82641e-45 0)
(3.01419e-46 3.22298e-46 0)
(2.56159e-47 2.34929e-47 0)
(2.02029e-48 1.58083e-48 0)
(2.02813e-48 -1.58785e-48 0)
(2.57432e-47 -2.35962e-47 0)
(3.03165e-46 -3.23878e-46 0)
(3.58326e-45 -3.84821e-45 0)
(3.33796e-44 -4.6093e-44 0)
(3.26477e-43 -4.35418e-43 0)
(1.97156e-42 -4.34416e-42 0)
(1.41249e-41 -2.68663e-41 0)
(1.17506e-41 -1.97472e-40 0)
(-1.91982e-41 -1.74559e-40 0)
(-1.92597e-41 1.74521e-40 0)
(1.07312e-41 1.96915e-40 0)
(-1.08806e-43 1.81257e-41 0)
(-1.97567e-40 -1.1914e-40 0)
(-2.39325e-39 -1.76435e-39 0)
(-2.98024e-38 -2.1582e-38 0)
(-2.86343e-37 -2.77465e-37 0)
(-3.06002e-36 -2.77005e-36 0)
(-1.91721e-35 -3.13641e-35 0)
(-1.5726e-34 -2.13627e-34 0)
(-1.45591e-36 -1.15256e-35 0)
(1.51244e-36 -2.62603e-36 0)
(3.13513e-37 -1.81808e-36 0)
(1.78385e-37 -2.20722e-37 0)
(2.18604e-38 -3.21597e-38 0)
(3.32474e-39 -2.96407e-39 0)
(3.21481e-40 -3.15699e-40 0)
(3.3369e-41 -4.54949e-41 0)
(3.53663e-42 -2.56008e-41 0)
(-2.48028e-42 -3.34701e-41 0)
(-5.38409e-42 1.83711e-41 0)
(2.33594e-42 4.94789e-41 0)
(5.6286e-42 -1.40016e-41 0)
(-1.79309e-42 -3.2426e-41 0)
(-3.35821e-42 1.4478e-41 0)
(8.74846e-43 1.84736e-41 0)
(1.28375e-42 2.58546e-42 0)
(1.83412e-43 4.28301e-43 0)
(3.10385e-44 4.37877e-44 0)
(3.22051e-45 4.69917e-45 0)
(3.49595e-46 3.97494e-46 0)
(2.98613e-47 3.37348e-47 0)
(2.55195e-48 2.47885e-48 0)
(2.02415e-49 1.67532e-49 0)
(2.03204e-49 -1.68282e-49 0)
(2.56473e-48 -2.48986e-48 0)
(3.00361e-47 -3.39023e-47 0)
(3.51955e-46 -3.99793e-46 0)
(3.24777e-45 -4.73041e-45 0)
(3.13576e-44 -4.41512e-44 0)
(1.86273e-43 -4.32599e-43 0)
(1.31142e-42 -2.62451e-42 0)
(1.02493e-42 -1.88579e-41 0)
(-2.29151e-42 -1.66346e-41 0)
(-2.69387e-42 1.64735e-41 0)
(-5.71327e-42 1.6436e-41 0)
(-9.38433e-41 -3.5712e-41 0)
(-1.35825e-39 -5.47228e-40 0)
(-1.65794e-38 -7.94535e-39 0)
(-2.12311e-37 -9.94053e-38 0)
(-2.09924e-36 -1.31823e-36 0)
(-2.34531e-35 -1.39403e-35 0)
(-1.54567e-34 -1.68432e-34 0)
(-1.34955e-33 -1.30981e-33 0)
(-5.14818e-36 -7.973e-35 0)
(2.02128e-35 -2.08767e-35 0)
(3.33571e-36 -1.55746e-35 0)
(1.4306e-36 -1.7939e-36 0)
(1.66809e-37 -2.51628e-37 0)
(2.4161e-38 -2.2507e-38 0)
(2.2531e-39 -2.20517e-39 0)
(2.27401e-40 -1.7339e-40 0)
(1.82844e-41 -1.59877e-41 0)
(1.24238e-42 -4.05623e-42 0)
(-3.88197e-43 1.64145e-42 0)
(2.07295e-43 4.5899e-42 0)
(4.97774e-43 -1.29654e-42 0)
(-1.6732e-43 -3.00912e-42 0)
(-3.05039e-43 1.34196e-42 0)
(7.32365e-44 1.71762e-42 0)
(1.11048e-43 2.4406e-43 0)
(1.61377e-44 4.10281e-44 0)
(2.76333e-45 4.24722e-45 0)
(2.90253e-46 4.59833e-46 0)
(3.17379e-47 3.92222e-47 0)
(2.73334e-48 3.34581e-48 0)
(2.34648e-49 2.47127e-49 0)
(1.87137e-50 1.67449e-50 0)
(1.87868e-50 -1.68203e-50 0)
(2.35826e-49 -2.48233e-49 0)
(2.74936e-48 -3.36259e-48 0)
(3.19519e-47 -3.94521e-47 0)
(2.92691e-46 -4.62945e-46 0)
(2.79115e-45 -4.28338e-45 0)
(1.6374e-44 -4.14546e-44 0)
(1.13116e-43 -2.47962e-43 0)
(7.95793e-44 -1.75659e-42 0)
(-3.30248e-43 -1.58397e-42 0)
(-2.11283e-42 8.49783e-43 0)
(-3.00226e-41 -9.42106e-42 0)
(-4.2992e-40 -1.80184e-40 0)
(-6.22979e-39 -2.61856e-39 0)
(-7.764e-38 -3.9149e-38 0)
(-1.01894e-36 -5.03558e-37 0)
(-1.04849e-35 -7.07537e-36 0)
(-1.21806e-34 -8.03085e-35 0)
(-8.67568e-34 -1.09165e-33 0)
(-7.86289e-33 -9.85873e-33 0)
(1.06516e-34 -7.54747e-34 0)
(3.07115e-34 -1.48386e-34 0)
(4.4126e-35 -1.00906e-34 0)
(1.50131e-35 -1.11408e-35 0)
(1.61249e-36 -1.44053e-36 0)
(2.22558e-37 -1.2379e-37 0)
(1.98835e-38 -1.16115e-38 0)
(1.96015e-39 -8.81803e-40 0)
(1.53029e-40 -6.95186e-41 0)
(1.2351e-41 -4.96581e-42 0)
(8.3306e-43 -2.22885e-43 0)
(7.28785e-44 2.67255e-43 0)
(3.47285e-44 -8.2321e-44 0)
(-1.03578e-44 -1.88608e-43 0)
(-1.91288e-44 8.4001e-44 0)
(4.44523e-45 1.07824e-43 0)
(6.84036e-45 1.55663e-44 0)
(1.00375e-45 2.67143e-45 0)
(1.73124e-46 2.80791e-46 0)
(1.83116e-47 3.08321e-47 0)
(2.00992e-48 2.66107e-48 0)
(1.73822e-49 2.29208e-49 0)
(1.4946e-50 1.70766e-50 0)
(1.19431e-51 1.16435e-51 0)
(1.19758e-51 -1.16963e-51 0)
(1.49885e-50 -1.71534e-50 0)
(1.74136e-49 -2.30362e-49 0)
(2.00853e-48 -2.67668e-48 0)
(1.81608e-47 -3.10396e-47 0)
(1.68784e-46 -2.83131e-46 0)
(9.02664e-46 -2.69783e-45 0)
(4.80197e-45 -1.57832e-44 0)
(-3.33312e-44 -1.09615e-43 0)
(-6.85866e-43 -8.65928e-44 0)
(-1.08568e-41 2.69251e-43 0)
(-1.75245e-40 2.81202e-42 0)
(-2.54668e-39 4.11191e-41 0)
(-3.80006e-38 5.46451e-40 0)
(-4.85148e-37 6.18189e-39 0)
(-6.66091e-36 1.45723e-38 0)
(-7.10886e-35 -1.85819e-36 0)
(-8.90877e-34 -8.17914e-35 0)
(-6.74629e-33 -2.15487e-33 0)
(-7.15046e-32 -3.97462e-32 0)
(4.54787e-33 -4.94437e-33 0)
(7.24565e-33 -1.4898e-33 0)
(7.65689e-34 -1.20695e-33 0)
(1.44507e-34 -1.16989e-34 0)
(1.36302e-35 -1.47543e-35 0)
(1.62987e-36 -1.19723e-36 0)
(1.375e-37 -1.10489e-37 0)
(1.28136e-38 -8.12156e-39 0)
(9.718e-40 -6.31358e-40 0)
(7.64554e-41 -4.25252e-41 0)
(5.25835e-42 -2.90671e-42 0)
(3.64582e-43 -1.64368e-43 0)
(2.44437e-44 -1.57523e-44 0)
(9.05941e-46 -1.13117e-44 0)
(-8.61814e-46 4.71232e-45 0)
(2.21483e-46 6.108e-45 0)
(3.36408e-46 8.90013e-46 0)
(4.99153e-47 1.53117e-46 0)
(8.70899e-48 1.61811e-47 0)
(9.30256e-49 1.77724e-48 0)
(1.02903e-49 1.53752e-49 0)
(8.96374e-51 1.32281e-50 0)
(7.74663e-52 9.85746e-52 0)
(6.22434e-53 6.70842e-53 0)
(6.29352e-53 -6.71655e-53 0)
(7.88989e-52 -9.85303e-52 0)
(9.24074e-51 -1.31859e-50 0)
(1.08302e-49 -1.52306e-49 0)
(1.0331e-48 -1.73968e-48 0)
(1.06683e-47 -1.53103e-47 0)
(8.59376e-47 -1.34676e-46 0)
(9.92541e-46 -5.2387e-46 0)
(1.15911e-44 8.21275e-46 0)
(1.93378e-43 1.18728e-43 0)
(3.10506e-42 2.15191e-42 0)
(4.90867e-41 3.45063e-41 0)
(7.08399e-40 5.47326e-40 0)
(1.02587e-38 7.69381e-39 0)
(1.30191e-37 1.00973e-37 0)
(1.71313e-36 7.52119e-37 0)
(1.8213e-35 -8.62037e-36 0)
(2.13922e-34 -7.21314e-34 0)
(1.62763e-33 -2.23882e-32 0)
(1.53439e-32 -4.99865e-31 0)
(1.06225e-31 -6.52392e-32 0)
(1.19631e-31 -4.61229e-33 0)
(9.18978e-33 -2.1906e-34 0)
(1.70194e-33 -7.83928e-36 0)
(1.43754e-34 -1.75686e-37 0)
(1.69071e-35 -3.09569e-41 0)
(1.35193e-36 4.19514e-40 0)
(1.24267e-37 3.59709e-41 0)
(9.13435e-39 2.69294e-42 0)
(7.10684e-40 1.69084e-43 0)
(4.79e-41 1.09765e-44 0)
(3.2845e-42 1.43284e-45 0)
(2.0395e-43 -1.9423e-46 0)
(1.25899e-44 -5.33685e-46 0)
(6.77314e-46 2.38223e-46 0)
(5.21318e-47 3.07174e-46 0)
(1.93123e-47 4.52652e-47 0)
(2.67286e-48 7.85721e-48 0)
(4.52901e-49 8.37856e-49 0)
(4.82426e-50 9.25762e-50 0)
(5.32043e-51 8.0596e-51 0)
(4.63805e-52 6.96025e-52 0)
(4.00336e-53 5.20789e-53 0)
(3.38704e-54 3.55012e-54 0)
(7.17149e-54 -3.5817e-54 0)
(1.28223e-52 -5.26547e-53 0)
(2.36622e-51 -7.07196e-52 0)
(4.53575e-50 -8.27292e-51 0)
(8.60079e-49 -9.67142e-50 0)
(1.65195e-47 -9.16298e-49 0)
(3.07045e-46 -9.3575e-48 0)
(5.65625e-45 -7.28953e-47 0)
(9.90353e-44 -8.15723e-46 0)
(1.70671e-42 -9.09167e-45 0)
(2.74849e-41 -1.52841e-43 0)
(4.38174e-40 -2.45359e-42 0)
(6.37247e-39 -3.89108e-41 0)
(9.33694e-38 -5.29702e-40 0)
(1.19717e-36 -6.28251e-39 0)
(1.60233e-35 -1.02355e-38 0)
(1.7295e-34 2.2373e-36 0)
(2.089e-33 1.03836e-34 0)
(1.6363e-32 2.95812e-33 0)
(1.63743e-31 6.30638e-32 0)
(6.85117e-33 -6.4259e-32 0)
(6.07454e-33 -3.51516e-33 0)
(6.65202e-34 9.61804e-34 0)
(1.29587e-34 1.07862e-34 0)
(1.24752e-35 1.45075e-35 0)
(1.51658e-36 1.19335e-36 0)
(1.29338e-37 1.10644e-37 0)
(1.21586e-38 8.1408e-39 0)
(9.28041e-40 6.32897e-40 0)
(7.3401e-41 4.26133e-41 0)
(5.07082e-42 2.91906e-42 0)
(3.52146e-43 1.81076e-43 0)
(2.22471e-44 1.11833e-44 0)
(1.38941e-45 6.15884e-46 0)
(7.87481e-47 4.86467e-47 0)
(5.14983e-48 1.76906e-47 0)
(1.05721e-48 2.43743e-48 0)
(1.34858e-49 4.10767e-49 0)
(2.20247e-50 4.36708e-50 0)
(2.3376e-51 4.80766e-51 0)
(2.57258e-52 4.1872e-52 0)
(2.24735e-53 3.60929e-53 0)
(1.94029e-54 2.69934e-54 0)
(1.60097e-55 1.74335e-55 0)
(2.46399e-55 -4.05363e-55 0)
(3.87607e-54 -7.76805e-54 0)
(6.29057e-53 -1.4927e-52 0)
(1.06898e-51 -2.86348e-51 0)
(1.82293e-50 -5.63682e-50 0)
(3.18586e-49 -1.09048e-48 0)
(5.54069e-48 -2.11762e-47 0)
(9.37464e-47 -3.9625e-46 0)
(1.56496e-45 -7.33086e-45 0)
(2.42129e-44 -1.28555e-43 0)
(3.7223e-43 -2.22146e-42 0)
(5.03454e-42 -3.5694e-41 0)
(6.96501e-41 -5.65843e-40 0)
(7.64309e-40 -7.92349e-39 0)
(9.33821e-39 -1.02623e-37 0)
(6.2821e-38 -6.9599e-37 0)
(6.75961e-37 1.19988e-35 0)
(-4.17091e-36 8.44727e-34 0)
(-1.34851e-35 2.57241e-32 0)
(-1.86384e-33 5.68586e-31 0)
(1.39538e-33 -3.89077e-33 0)
(-3.46295e-34 -3.08286e-34 0)
(-1.29953e-35 6.57777e-35 0)
(6.47577e-36 9.14869e-36 0)
(9.45088e-37 1.29567e-36 0)
(1.56888e-37 1.14307e-37 0)
(1.51269e-38 1.08559e-38 0)
(1.57791e-39 8.29907e-40 0)
(1.27416e-40 6.56016e-41 0)
(1.05783e-41 4.52817e-42 0)
(7.53351e-43 3.14176e-43 0)
(5.36953e-44 1.98326e-44 0)
(3.45195e-45 1.23845e-45 0)
(2.1895e-46 7.08496e-47 0)
(1.27831e-47 4.69886e-48 0)
(7.67691e-49 9.66472e-49 0)
(7.84613e-50 1.23039e-49 0)
(7.91085e-51 1.99991e-50 0)
(1.12051e-51 2.11868e-51 0)
(1.14855e-52 2.32721e-52 0)
(1.23897e-53 2.03096e-53 0)
(1.07574e-54 1.75103e-54 0)
(8.93208e-56 1.31182e-55 0)
(-6.50317e-56 9.13859e-57 0)
(-1.65542e-54 -3.76274e-57 0)
(-3.7209e-53 -1.0279e-56 0)
(-8.0709e-52 1.02423e-54 0)
(-1.71103e-50 4.08056e-53 0)
(-3.48372e-49 1.0904e-51 0)
(-6.94618e-48 2.51576e-50 0)
(-1.32002e-46 5.35247e-49 0)
(-2.46555e-45 1.05237e-47 0)
(-4.33883e-44 2.0211e-46 0)
(-7.55613e-43 3.58758e-45 0)
(-1.21784e-41 6.40404e-44 0)
(-1.96743e-40 1.04259e-42 0)
(-2.85774e-39 1.79209e-41 0)
(-4.26228e-38 2.9397e-40 0)
(-5.43871e-37 6.09365e-39 0)
(-7.4635e-36 1.44752e-37 0)
(-7.96e-35 4.20147e-36 0)
(-9.97065e-34 1.14011e-34 0)
(-7.54372e-33 2.68811e-33 0)
(-7.99415e-32 4.67342e-32 0)
(9.85583e-35 -6.7164e-34 0)
(-3.96404e-35 -5.23341e-35 0)
(-3.14628e-36 3.39261e-36 0)
(1.69451e-37 7.48831e-37 0)
(4.80391e-38 1.38113e-37 0)
(1.00554e-38 1.35466e-38 0)
(1.06462e-39 1.41847e-39 0)
(1.17376e-40 1.14548e-40 0)
(9.88737e-42 9.50153e-42 0)
(8.42759e-43 6.76143e-43 0)
(6.15207e-44 4.81553e-44 0)
(4.45536e-45 3.09391e-45 0)
(2.91091e-46 1.96167e-46 0)
(1.8667e-47 1.14813e-47 0)
(1.10653e-48 6.92518e-49 0)
(6.56702e-50 7.12572e-50 0)
(5.23139e-51 7.19691e-51 0)
(4.46942e-52 1.01701e-51 0)
(5.49288e-53 1.04104e-52 0)
(5.39818e-54 1.12106e-53 0)
(5.6824e-55 9.72535e-55 0)
(4.89984e-56 8.3414e-56 0)
(4.59765e-57 6.57624e-57 0)
(1.01415e-56 8.70433e-57 0)
(2.24799e-55 1.9549e-55 0)
(5.0178e-54 4.4879e-54 0)
(1.08248e-52 1.00645e-52 0)
(2.27924e-51 2.17984e-51 0)
(4.61339e-50 4.61452e-50 0)
(9.12033e-49 9.38499e-49 0)
(1.7204e-47 1.86859e-47 0)
(3.17638e-46 3.5472e-46 0)
(5.53461e-45 6.61421e-45 0)
(9.48339e-44 1.16256e-43 0)
(1.50766e-42 2.02016e-42 0)
(2.37939e-41 3.25144e-41 0)
(3.38904e-40 5.23818e-40 0)
(4.88123e-39 7.60089e-39 0)
(6.04675e-38 1.13144e-37 0)
(7.85338e-37 1.45074e-36 0)
(7.98134e-36 2.0101e-35 0)
(9.11275e-35 2.23213e-34 0)
(6.33544e-34 2.92304e-33 0)
(5.62273e-33 2.49727e-32 0)
(1.09516e-35 -4.64635e-35 0)
(-5.2871e-36 -4.15626e-36 0)
(-4.66536e-37 7.1563e-38 0)
(-2.17987e-38 3.99656e-38 0)
(1.11929e-39 8.977e-39 0)
(6.04782e-40 9.58727e-40 0)
(7.58678e-41 1.05775e-40 0)
(9.31934e-42 8.90412e-42 0)
(8.30161e-43 7.58092e-43 0)
(7.38818e-44 5.52946e-44 0)
(5.54615e-45 4.00135e-45 0)
(4.10709e-46 2.61277e-46 0)
(2.72616e-47 1.67478e-47 0)
(1.77045e-48 9.93845e-49 0)
(1.0616e-49 5.91077e-50 0)
(6.2742e-51 4.73316e-51 0)
(4.17475e-52 4.05523e-52 0)
(2.97751e-53 4.98152e-53 0)
(2.93442e-54 4.89158e-54 0)
(2.63727e-55 5.14162e-55 0)
(2.62522e-56 4.42811e-56 0)
(2.46671e-57 3.7914e-57 0)
(6.31186e-57 6.6405e-58 0)
(1.44858e-55 9.27817e-57 0)
(3.32112e-54 2.19107e-55 0)
(7.43942e-53 5.02821e-54 0)
(1.6098e-51 1.12753e-52 0)
(3.40468e-50 2.4422e-51 0)
(6.9191e-49 5.17169e-50 0)
(1.37632e-47 1.0522e-48 0)
(2.61061e-46 2.09624e-47 0)
(4.86228e-45 3.98152e-46 0)
(8.53811e-44 7.43014e-45 0)
(1.48145e-42 1.30692e-43 0)
(2.38138e-41 2.27371e-42 0)
(3.82812e-40 3.6645e-41 0)
(5.54181e-39 5.9225e-40 0)
(8.20848e-38 8.65796e-39 0)
(1.04278e-36 1.31578e-37 0)
(1.41653e-35 1.7922e-36 0)
(1.50142e-34 2.81984e-35 0)
(1.85094e-33 4.1631e-34 0)
(1.38734e-32 7.27262e-33 0)
(1.428e-31 9.83061e-32 0)
(7.43272e-37 -5.0337e-36 0)
(-3.68989e-37 -4.53745e-37 0)
(-3.56436e-38 -2.13799e-38 0)
(-2.69879e-39 9.65681e-40 0)
(-4.78253e-41 5.47569e-40 0)
(2.7692e-41 6.87137e-41 0)
(4.21005e-42 8.42123e-42 0)
(5.6664e-43 7.49097e-43 0)
(5.30747e-44 6.65744e-44 0)
(4.87968e-45 4.99317e-45 0)
(3.75705e-46 3.69466e-46 0)
(2.83082e-47 2.45099e-47 0)
(1.90807e-48 1.59101e-48 0)
(1.25256e-49 9.54283e-50 0)
(7.59244e-51 5.64438e-51 0)
(4.50136e-52 3.7664e-52 0)
(2.79856e-53 2.69309e-53 0)
(1.81931e-54 2.65717e-54 0)
(1.52707e-55 2.388e-55 0)
(1.25838e-56 2.37391e-56 0)
(1.19344e-57 2.0007e-57 0)
(5.37866e-58 1.59534e-58 0)
(1.06936e-56 -2.03489e-58 0)
(2.52839e-55 -5.22591e-57 0)
(5.801e-54 -1.23595e-55 0)
(1.30046e-52 -2.83404e-54 0)
(2.81603e-51 -6.34859e-53 0)
(5.96132e-50 -1.37384e-51 0)
(1.21245e-48 -2.90577e-50 0)
(2.41444e-47 -5.90564e-49 0)
(4.58394e-46 -1.17479e-47 0)
(8.54938e-45 -2.22849e-46 0)
(1.50287e-43 -4.15023e-45 0)
(2.61222e-42 -7.28427e-44 0)
(4.20439e-41 -1.26099e-42 0)
(6.7744e-40 -2.00834e-41 0)
(9.82214e-39 -3.121e-40 0)
(1.45958e-37 -3.94277e-39 0)
(1.85777e-36 -3.20196e-38 0)
(2.53593e-35 7.42831e-37 0)
(2.69475e-34 4.91282e-35 0)
(3.34932e-33 1.82525e-33 0)
(2.52047e-32 4.95156e-32 0)
(2.63979e-31 1.02119e-30 0)
(6.29099e-38 -3.39079e-37 0)
(-3.1209e-38 -3.2805e-38 0)
(-3.0678e-39 -2.44296e-39 0)
(-3.28461e-40 -4.08856e-41 0)
(-1.63105e-41 2.53463e-41 0)
(5.85358e-43 3.82734e-42 0)
(1.97547e-43 5.12881e-43 0)
(3.28559e-44 4.79468e-44 0)
(3.34088e-45 4.40112e-45 0)
(3.2395e-46 3.38532e-46 0)
(2.57638e-47 2.54859e-47 0)
(1.98799e-48 1.71684e-48 0)
(1.36265e-49 1.12647e-49 0)
(9.05901e-51 6.82819e-51 0)
(5.54588e-52 4.04954e-52 0)
(3.30299e-53 2.52192e-53 0)
(1.9668e-54 1.64257e-54 0)
(1.19249e-55 1.38096e-55 0)
(8.57829e-57 1.13848e-56 0)
(6.33388e-58 1.06321e-57 0)
(5.44309e-59 8.60564e-59 0)
(1.77766e-59 -2.46822e-59 0)
(3.2845e-58 -7.93809e-58 0)
(7.7658e-57 -1.9237e-56 0)
(1.7822e-55 -4.55223e-55 0)
(3.99659e-54 -1.04455e-53 0)
(8.65675e-53 -2.34192e-52 0)
(1.83326e-51 -5.07182e-51 0)
(3.72982e-50 -1.07381e-49 0)
(7.43086e-49 -2.1843e-48 0)
(1.41131e-47 -4.35043e-47 0)
(2.63368e-46 -8.26086e-46 0)
(4.63168e-45 -1.54089e-44 0)
(8.05633e-44 -2.7085e-43 0)
(1.29734e-42 -4.70339e-42 0)
(2.09232e-41 -7.53756e-41 0)
(3.0355e-40 -1.19506e-39 0)
(4.51665e-39 -1.62709e-38 0)
(5.75317e-38 -1.93083e-37 0)
(7.8684e-37 -3.22832e-37 0)
(8.36931e-36 6.8373e-35 0)
(1.04354e-34 3.17736e-33 0)
(7.86456e-34 9.05405e-32 0)
(8.29179e-33 1.93039e-30 0)
(3.98704e-39 -2.8409e-38 0)
(-1.96767e-39 -2.7813e-39 0)
(-2.02316e-40 -2.94558e-40 0)
(-2.49553e-41 -1.44362e-41 0)
(-1.53675e-42 5.60671e-43 0)
(-2.84385e-44 1.80753e-43 0)
(6.937e-45 2.9806e-44 0)
(1.59223e-45 3.02241e-45 0)
(1.77721e-46 2.92493e-46 0)
(1.81522e-47 2.32365e-47 0)
(1.49126e-48 1.79134e-48 0)
(1.17602e-49 1.22711e-49 0)
(8.19827e-51 8.15364e-51 0)
(5.5153e-52 4.99074e-52 0)
(3.41137e-53 2.97242e-53 0)
(2.04398e-54 1.77147e-54 0)
(1.19687e-55 1.07531e-55 0)
(7.01468e-57 7.74699e-57 0)
(4.59091e-58 5.72521e-58 0)
(3.04332e-59 4.87e-59 0)
(-1.52386e-59 3.42198e-60 0)
(-4.39694e-58 -9.93009e-60 0)
(-1.06519e-56 -2.54789e-58 0)
(-2.52046e-55 -6.16796e-57 0)
(-5.7829e-54 -1.45872e-55 0)
(-1.29643e-52 -3.34533e-54 0)
(-2.80733e-51 -7.49517e-53 0)
(-5.94302e-50 -1.62219e-51 0)
(-1.20875e-48 -3.43166e-50 0)
(-2.40712e-47 -6.9755e-49 0)
(-4.5701e-46 -1.38788e-47 0)
(-8.52377e-45 -2.63313e-46 0)
(-1.49839e-43 -4.90501e-45 0)
(-2.60452e-42 -8.61095e-44 0)
(-4.19207e-41 -1.49144e-42 0)
(-6.75477e-40 -2.37824e-41 0)
(-9.79386e-39 -3.71124e-40 0)
(-1.45545e-37 -4.76751e-39 0)
(-1.85254e-36 -4.28512e-38 0)
(-2.52898e-35 6.67553e-37 0)
(-2.68741e-34 5.02447e-35 0)
(-3.34065e-33 1.90979e-33 0)
(-2.51402e-32 5.20998e-32 0)
(-2.63394e-31 1.07864e-30 0)
(2.82228e-40 -1.79257e-39 0)
(-1.38172e-40 -1.83272e-40 0)
(-1.43828e-41 -2.24177e-41 0)
(-2.02471e-42 -1.37094e-42 0)
(-1.4282e-43 -2.37555e-44 0)
(-7.2571e-45 6.41537e-45 0)
(-7.93014e-48 1.44787e-45 0)
(6.29513e-47 1.61015e-46 0)
(8.63866e-48 1.64085e-47 0)
(9.69742e-49 1.34642e-48 0)
(8.35922e-50 1.06079e-49 0)
(6.80399e-51 7.39031e-51 0)
(4.8435e-52 4.96913e-52 0)
(3.30743e-53 3.07278e-53 0)
(2.06842e-54 1.8409e-54 0)
(1.24814e-55 1.07841e-55 0)
(7.24135e-57 6.3232e-57 0)
(4.15094e-58 4.14411e-58 0)
(2.52439e-59 2.9652e-59 0)
(1.09988e-60 2.44291e-60 0)
(-1.07091e-59 7.80411e-61 0)
(-2.69104e-58 1.46711e-59 0)
(-6.51333e-57 3.65043e-58 0)
(-1.5402e-55 8.84255e-57 0)
(-3.5317e-54 2.09312e-55 0)
(-7.91152e-53 4.80422e-54 0)
(-1.71203e-51 1.07753e-52 0)
(-3.62104e-50 2.33439e-51 0)
(-7.35902e-49 4.94474e-50 0)
(-1.46388e-47 1.00626e-48 0)
(-2.77674e-46 2.00539e-47 0)
(-5.1718e-45 3.81001e-46 0)
(-9.08161e-44 7.11297e-45 0)
(-1.57577e-42 1.25153e-43 0)
(-2.53291e-41 2.1785e-42 0)
(-4.07163e-40 3.51254e-41 0)
(-5.89387e-39 5.6819e-40 0)
(-8.72956e-38 8.3159e-39 0)
(-1.10879e-36 1.26761e-37 0)
(-1.5061e-35 1.73835e-36 0)
(-1.59587e-34 2.7709e-35 0)
(-1.96732e-33 4.18152e-34 0)
(-1.47386e-32 7.42799e-33 0)
(-1.51783e-31 1.02147e-31 0)
(-2.02962e-35 1.05597e-30 0)
(1.35055e-41 -1.48344e-40 0)
(-6.58144e-42 -1.5419e-41 0)
(-7.04231e-43 -2.1781e-42 0)
(-1.04901e-43 -1.5497e-43 0)
(-7.88746e-45 -8.16308e-45 0)
(-4.91752e-46 -5.08603e-47 0)
(-1.35563e-47 6.27016e-47 0)
(1.78676e-48 8.85235e-48 0)
(3.22095e-49 1.00444e-48 0)
(3.95843e-50 8.70459e-50 0)
(3.55917e-51 7.10779e-51 0)
(2.97218e-52 5.07111e-52 0)
(2.15307e-53 3.46794e-53 0)
(1.48785e-54 2.17154e-54 0)
(9.39277e-56 1.31081e-55 0)
(5.70404e-57 7.5731e-57 0)
(3.31691e-58 3.88049e-58 0)
(2.23438e-59 2.56655e-59 0)
(1.38108e-60 4.4473e-59 0)
(-1.64409e-60 6.52566e-60 0)
(-1.65265e-60 1.55027e-60 0)
(-3.4986e-59 9.68533e-60 0)
(-8.43874e-58 2.3792e-58 0)
(-1.98987e-56 5.75843e-57 0)
(-4.55072e-55 1.3618e-55 0)
(-1.01576e-53 3.12294e-54 0)
(-2.19082e-52 6.99674e-53 0)
(-4.61223e-51 1.51429e-51 0)
(-9.33466e-50 3.20342e-50 0)
(-1.84564e-48 6.51164e-49 0)
(-3.48256e-47 1.29566e-47 0)
(-6.4343e-46 2.45837e-46 0)
(-1.12225e-44 4.58051e-45 0)
(-1.92592e-43 8.04666e-44 0)
(-3.06833e-42 1.39692e-42 0)
(-4.85632e-41 2.24689e-41 0)
(-6.94489e-40 3.61519e-40 0)
(-1.00526e-38 5.24152e-39 0)
(-1.25474e-37 7.78784e-38 0)
(-1.64341e-36 9.97261e-37 0)
(-1.69479e-35 1.37734e-35 0)
(-1.96001e-34 1.52487e-34 0)
(-1.40049e-33 1.98528e-33 0)
(-1.2531e-32 1.68625e-32 0)
(-1.83383e-36 1.69016e-31 0)
(-4.90145e-41 -3.86558e-40 0)
(2.38507e-41 -4.00437e-41 0)
(2.55746e-42 -5.58199e-42 0)
(3.85357e-43 -3.91626e-43 0)
(2.92673e-44 -1.94228e-44 0)
(1.88089e-45 4.35863e-47 0)
(5.83779e-47 1.81167e-46 0)
(-5.59724e-48 2.44801e-47 0)
(-1.0999e-48 2.73161e-48 0)
(-1.38327e-49 2.34795e-49 0)
(-1.25553e-50 1.90765e-50 0)
(-1.05447e-51 1.35638e-51 0)
(-7.66549e-53 9.25424e-53 0)
(-5.31009e-54 5.78387e-54 0)
(-3.35815e-55 3.47084e-55 0)
(-2.03896e-56 1.93079e-56 0)
(-1.14409e-57 -1.2622e-58 0)
(3.33695e-59 5.19944e-59 0)
(3.97895e-60 1.16788e-57 0)
(-4.65886e-59 1.73413e-58 0)
(-7.19857e-60 3.1782e-59 0)
(-6.48929e-60 4.69205e-60 0)
(-1.26284e-58 3.14432e-59 0)
(-2.98337e-57 7.50219e-58 0)
(-6.84103e-56 1.76906e-56 0)
(-1.5304e-54 4.04604e-55 0)
(-3.30695e-53 9.03196e-54 0)
(-6.97106e-52 1.94826e-52 0)
(-1.41197e-50 4.10216e-51 0)
(-2.79192e-49 8.3037e-50 0)
(-5.26438e-48 1.64214e-48 0)
(-9.71026e-47 3.0993e-47 0)
(-1.68875e-45 5.72783e-46 0)
(-2.88615e-44 9.99369e-45 0)
(-4.56933e-43 1.71574e-43 0)
(-7.17477e-42 2.73488e-42 0)
(-1.01374e-40 4.33133e-41 0)
(-1.44668e-39 6.20029e-40 0)
(-1.76454e-38 8.98879e-39 0)
(-2.25425e-37 1.12595e-37 0)
(-2.22013e-36 1.48446e-36 0)
(-2.46663e-35 1.55682e-35 0)
(-1.60733e-34 1.84015e-34 0)
(-1.39907e-33 1.38387e-33 0)
(-2.17422e-37 1.23307e-32 0)
(-8.49304e-40 -5.44978e-39 0)
(4.15727e-40 -5.57276e-40 0)
(4.33008e-41 -6.84583e-41 0)
(6.07308e-42 -4.20749e-42 0)
(4.27181e-43 -7.82259e-44 0)
(2.12857e-44 1.89348e-44 0)
(-3.48822e-47 4.34639e-45 0)
(-1.96464e-46 4.8519e-46 0)
(-2.66153e-47 4.95512e-47 0)
(-2.97414e-48 4.07074e-48 0)
(-2.55799e-49 3.21007e-49 0)
(-2.07946e-50 2.23777e-50 0)
(-1.47903e-51 1.50544e-51 0)
(-1.00944e-52 9.31164e-53 0)
(-6.31069e-54 5.53308e-54 0)
(-3.80058e-55 3.02802e-55 0)
(-2.10623e-56 -1.49722e-56 0)
(1.46013e-57 7.77086e-58 0)
(1.36281e-58 3.10686e-56 0)
(-1.26389e-57 4.59376e-57 0)
(-1.89107e-58 8.43977e-58 0)
(-3.53624e-59 9.15877e-59 0)
(-1.55693e-59 1.48532e-59 0)
(-2.78746e-58 1.13603e-58 0)
(-6.37704e-57 2.66588e-57 0)
(-1.4244e-55 6.11338e-56 0)
(-3.07349e-54 1.36775e-54 0)
(-6.46308e-53 2.95584e-53 0)
(-1.30618e-51 6.23176e-52 0)
(-2.57334e-50 1.26243e-50 0)
(-4.83656e-49 2.49669e-49 0)
(-8.87425e-48 4.70871e-48 0)
(-1.53628e-46 8.68749e-47 0)
(-2.60572e-45 1.51133e-45 0)
(-4.09853e-44 2.58381e-44 0)
(-6.36472e-43 4.09244e-43 0)
(-8.9078e-42 6.42908e-42 0)
(-1.25028e-40 9.09008e-41 0)
(-1.50286e-39 1.29831e-39 0)
(-1.87052e-38 1.58602e-38 0)
(-1.79751e-37 2.03057e-37 0)
(-1.91443e-36 2.01037e-36 0)
(-1.19367e-35 2.24737e-35 0)
(-9.76856e-35 1.48955e-34 0)
(1.03619e-37 1.29845e-33 0)
(-1.21346e-38 -8.58112e-38 0)
(5.98564e-39 -8.41492e-39 0)
(6.15576e-40 -8.90794e-40 0)
(7.62683e-41 -4.37561e-41 0)
(4.72069e-42 1.70227e-42 0)
(9.34574e-44 5.47563e-43 0)
(-2.0445e-44 9.038e-44 0)
(-4.77968e-45 9.16497e-45 0)
(-5.35643e-46 8.87307e-46 0)
(-5.48348e-47 7.04995e-47 0)
(-4.51042e-48 5.43636e-48 0)
(-3.56031e-49 3.7245e-49 0)
(-2.48355e-50 2.47527e-50 0)
(-1.67175e-51 1.51493e-51 0)
(-1.03455e-52 8.90235e-53 0)
(-6.18446e-54 4.76286e-54 0)
(-3.36704e-55 -5.50893e-55 0)
(5.11863e-56 1.13631e-56 0)
(4.24443e-57 7.98747e-55 0)
(-3.36272e-56 1.17664e-55 0)
(-5.00926e-57 2.16947e-56 0)
(-9.27674e-58 2.34704e-57 0)
(-1.01825e-58 2.63229e-58 0)
(-3.79895e-59 3.36946e-59 0)
(-6.14889e-58 2.54448e-58 0)
(-1.3743e-56 5.78782e-57 0)
(-2.97095e-55 1.29339e-55 0)
(-6.25641e-54 2.79259e-54 0)
(-1.26562e-52 5.87557e-53 0)
(-2.49449e-51 1.18837e-51 0)
(-4.68703e-50 2.34265e-50 0)
(-8.59205e-49 4.40735e-49 0)
(-1.48442e-47 8.09194e-48 0)
(-2.51092e-46 1.40269e-46 0)
(-3.93119e-45 2.38072e-45 0)
(-6.07294e-44 3.75146e-44 0)
(-8.42503e-43 5.82942e-43 0)
(-1.17205e-41 8.18097e-42 0)
(-1.38627e-40 1.1488e-40 0)
(-1.70114e-39 1.38728e-39 0)
(-1.58527e-38 1.72687e-38 0)
(-1.65528e-37 1.67549e-37 0)
(-9.67703e-37 1.78332e-36 0)
(-7.87422e-36 1.14248e-35 0)
(1.69831e-36 9.27398e-35 0)
(-1.90087e-37 -1.04498e-36 0)
(9.4267e-38 -1.01223e-37 0)
(9.28216e-39 -7.81318e-39 0)
(9.93338e-40 -1.62585e-40 0)
(4.94344e-41 7.23898e-41 0)
(-1.77795e-42 1.12458e-41 0)
(-5.98481e-43 1.5245e-42 0)
(-9.96332e-44 1.43236e-43 0)
(-1.01311e-44 1.31934e-44 0)
(-9.82766e-46 1.01705e-45 0)
(-7.81693e-47 7.66987e-47 0)
(-6.03327e-48 5.1732e-48 0)
(-4.136e-49 3.3979e-49 0)
(-2.75031e-50 2.06047e-50 0)
(-1.68416e-51 1.19248e-51 0)
(-9.99002e-53 6.10695e-53 0)
(-5.30014e-54 -1.71253e-53 0)
(1.50096e-54 1.21128e-55 0)
(1.1824e-55 2.01604e-53 0)
(-8.64595e-55 2.95383e-54 0)
(-1.2831e-55 5.4629e-55 0)
(-2.38464e-56 5.89713e-56 0)
(-2.58577e-57 6.62002e-57 0)
(-2.88501e-58 5.82067e-58 0)
(1.59799e-59 1.08151e-58 0)
(9.77291e-58 1.36117e-57 0)
(2.27415e-56 3.08099e-56 0)
(5.05008e-55 6.79289e-55 0)
(1.10427e-53 1.45186e-53 0)
(2.28923e-52 3.00823e-52 0)
(4.69491e-51 6.02302e-51 0)
(9.01435e-50 1.16632e-49 0)
(1.72528e-48 2.1729e-48 0)
(3.03477e-47 3.90513e-47 0)
(5.38733e-46 6.70948e-46 0)
(8.54622e-45 1.10904e-44 0)
(1.39633e-43 1.73536e-43 0)
(1.94992e-42 2.60634e-42 0)
(2.9027e-41 3.64453e-41 0)
(3.42481e-40 4.88854e-40 0)
(4.57812e-39 5.91725e-39 0)
(4.20493e-38 6.90159e-38 0)
(4.91987e-37 6.77708e-37 0)
(2.8009e-36 6.53152e-36 0)
(2.67841e-35 4.28433e-35 0)
(-2.29311e-36 -1.52688e-35 0)
(1.13734e-36 -1.38183e-36 0)
(1.10025e-37 -6.64713e-38 0)
(8.63266e-39 2.72719e-39 0)
(1.87731e-40 1.63809e-39 0)
(-7.90277e-41 2.06448e-40 0)
(-1.2368e-41 2.53816e-41 0)
(-1.68422e-42 2.26061e-42 0)
(-1.58553e-43 2.01154e-43 0)
(-1.46281e-44 1.5097e-44 0)
(-1.12874e-45 1.11785e-45 0)
(-8.51934e-47 7.41895e-47 0)
(-5.74954e-48 4.81808e-48 0)
(-3.77865e-49 2.88856e-49 0)
(-2.29281e-50 1.63559e-50 0)
(-1.3501e-51 7.77029e-52 0)
(-6.80523e-53 -4.53733e-52 0)
(4.14769e-53 9.63409e-55 0)
(3.15147e-54 4.89006e-52 0)
(-2.18256e-53 7.1335e-53 0)
(-3.2213e-54 1.3227e-53 0)
(-6.00518e-55 1.42549e-54 0)
(-6.49742e-56 1.60414e-55 0)
(-7.27289e-57 1.40621e-56 0)
(2.50719e-58 1.5818e-57 0)
(2.03677e-56 8.74998e-57 0)
(4.56106e-55 1.9857e-55 0)
(9.84003e-54 4.4423e-54 0)
(2.06908e-52 9.6e-53 0)
(4.18115e-51 2.02397e-51 0)
(8.2378e-50 4.10027e-50 0)
(1.54826e-48 8.1096e-49 0)
(2.84136e-47 1.52959e-47 0)
(4.91939e-46 2.82252e-46 0)
(8.34726e-45 4.91107e-45 0)
(1.31329e-43 8.39853e-44 0)
(2.04088e-42 1.33061e-42 0)
(2.85777e-41 2.09138e-41 0)
(4.01572e-40 2.95837e-40 0)
(4.83122e-39 4.2289e-39 0)
(6.02401e-38 5.16997e-38 0)
(5.7977e-37 6.62903e-37 0)
(6.19131e-36 6.57173e-36 0)
(3.86907e-35 7.36654e-35 0)
(3.17503e-34 4.89234e-34 0)
(-3.326e-35 -1.46572e-34 0)
(1.60475e-35 -1.31584e-35 0)
(1.42279e-36 1.01802e-37 0)
(6.8019e-38 1.10908e-37 0)
(-3.1669e-39 2.6094e-38 0)
(-1.80906e-39 2.82023e-39 0)
(-2.27934e-40 3.13498e-40 0)
(-2.80884e-41 2.65026e-41 0)
(-2.50526e-42 2.26379e-42 0)
(-2.23235e-43 1.65497e-43 0)
(-1.67692e-44 1.19986e-44 0)
(-1.24265e-45 7.846e-46 0)
(-8.25197e-47 5.03573e-47 0)
(-5.36237e-48 2.98556e-48 0)
(-3.2175e-49 1.6041e-49 0)
(-1.8776e-50 5.84019e-51 0)
(-8.67534e-52 -1.1515e-50 0)
(1.04892e-51 -1.17964e-53 0)
(7.83034e-53 1.16721e-50 0)
(-5.29471e-52 1.6914e-51 0)
(-7.78001e-53 3.14244e-52 0)
(-1.45413e-53 3.37595e-53 0)
(-1.57073e-54 3.80581e-54 0)
(-1.76756e-55 3.33005e-55 0)
(-5.88591e-57 3.11629e-56 0)
(2.19838e-55 5.62576e-56 0)
(4.94856e-54 1.23689e-54 0)
(1.06944e-52 2.75968e-53 0)
(2.25481e-51 5.95076e-52 0)
(4.56776e-50 1.25263e-50 0)
(9.0345e-49 2.5351e-49 0)
(1.70388e-47 5.01296e-48 0)
(3.14415e-46 9.46125e-47 0)
(5.46971e-45 1.7488e-45 0)
(9.35354e-44 3.05215e-44 0)
(1.48143e-42 5.24265e-43 0)
(2.32816e-41 8.36302e-42 0)
(3.29128e-40 1.32587e-40 0)
(4.70303e-39 1.90089e-39 0)
(5.74077e-38 2.76125e-38 0)
(7.34886e-37 3.46956e-37 0)
(7.24582e-36 4.59189e-36 0)
(8.07646e-35 4.84875e-35 0)
(5.26991e-34 5.76984e-34 0)
(4.60925e-33 4.39465e-33 0)
(-3.1269e-34 -2.04096e-33 0)
(1.26866e-34 -1.60572e-34 0)
(1.02074e-35 9.88743e-36 0)
(-3.82757e-37 2.22949e-36 0)
(-1.34125e-37 4.14744e-37 0)
(-2.92358e-38 4.07647e-38 0)
(-3.13164e-39 4.27756e-39 0)
(-3.47869e-40 3.45774e-40 0)
(-2.94288e-41 2.87105e-41 0)
(-2.51662e-42 2.04432e-42 0)
(-1.84133e-43 1.45687e-43 0)
(-1.33602e-44 9.36377e-45 0)
(-8.7415e-46 5.93994e-46 0)
(-5.61483e-47 3.46446e-47 0)
(-3.3335e-48 1.69689e-48 0)
(-1.92365e-49 2.50861e-50 0)
(-6.5698e-51 -2.67932e-49 0)
(2.58031e-50 -5.6284e-52 0)
(1.89546e-51 2.65696e-49 0)
(-1.26408e-50 3.83104e-50 0)
(-1.84491e-51 7.12713e-51 0)
(-3.45507e-52 7.63882e-52 0)
(-3.7203e-53 8.62514e-53 0)
(-4.20103e-54 7.54124e-54 0)
(-3.07225e-55 6.7324e-55 0)
(1.35997e-54 4.76913e-55 0)
(3.10546e-53 9.81918e-54 0)
(6.69615e-52 2.20009e-52 0)
(1.40934e-50 4.76344e-51 0)
(2.85179e-49 1.00823e-49 0)
(5.63802e-48 2.05038e-48 0)
(1.06384e-46 4.08253e-47 0)
(1.96582e-45 7.7503e-46 0)
(3.42971e-44 1.44533e-44 0)
(5.88875e-43 2.54066e-43 0)
(9.38869e-42 4.4158e-42 0)
(1.4875e-40 7.10817e-41 0)
(2.13038e-39 1.14553e-39 0)
(3.08944e-38 1.66254e-38 0)
(3.86708e-37 2.47621e-37 0)
(5.0814e-36 3.17613e-36 0)
(5.2684e-35 4.40605e-35 0)
(6.12291e-34 4.89767e-34 0)
(4.41564e-33 6.42974e-33 0)
(3.96324e-32 5.50337e-32 0)
(-4.27326e-33 -1.30176e-32 0)
(1.06794e-33 -1.04209e-33 0)
(4.29284e-35 1.82019e-34 0)
(-1.91084e-35 2.63744e-35 0)
(-2.81655e-36 3.79565e-36 0)
(-4.71108e-37 3.37142e-37 0)
(-4.5518e-38 3.21724e-38 0)
(-4.75825e-39 2.46761e-39 0)
(-3.8461e-40 1.9558e-40 0)
(-3.19638e-41 1.35281e-41 0)
(-2.27775e-42 9.40266e-43 0)
(-1.62447e-43 5.94336e-44 0)
(-1.04475e-44 3.7169e-45 0)
(-6.63425e-46 2.09657e-46 0)
(-3.87851e-47 5.22861e-48 0)
(-2.20176e-48 -1.21691e-48 0)
(-2.93644e-50 -6.12125e-48 0)
(5.93927e-49 -1.72842e-50 0)
(4.32678e-50 5.97655e-48 0)
(-2.87808e-49 8.54728e-49 0)
(-4.17932e-50 1.59107e-49 0)
(-7.83719e-51 1.69774e-50 0)
(-8.4189e-52 1.91838e-51 0)
(-9.52569e-53 1.6736e-52 0)
(-7.85459e-54 1.45715e-53 0)
(1.03813e-53 1.42358e-54 0)
(2.48857e-52 7.7669e-54 0)
(5.38838e-51 1.72549e-52 0)
(1.14028e-49 3.74037e-51 0)
(2.31842e-48 7.92954e-50 0)
(4.61497e-47 1.6148e-48 0)
(8.75845e-46 3.22136e-47 0)
(1.63271e-44 6.12498e-46 0)
(2.86883e-43 1.1449e-44 0)
(4.98346e-42 2.01631e-43 0)
(8.0166e-41 3.51583e-42 0)
(1.29069e-39 5.67831e-41 0)
(1.8701e-38 9.22549e-40 0)
(2.77615e-37 1.36288e-38 0)
(3.53037e-36 2.13213e-37 0)
(4.81209e-35 3.12862e-36 0)
(5.10687e-34 5.60479e-35 0)
(6.3325e-33 1.00983e-33 0)
(4.7536e-32 2.00731e-32 0)
(4.95424e-31 3.07206e-31 0)
(-2.4116e-32 -1.93661e-31 0)
(-1.6811e-32 -1.08954e-32 0)
(-1.87934e-33 2.89399e-33 0)
(-3.72753e-34 3.25911e-34 0)
(-3.62825e-35 4.39542e-35 0)
(-4.44964e-36 3.61846e-36 0)
(-3.81615e-37 3.35681e-37 0)
(-3.60355e-38 2.47053e-38 0)
(-2.75942e-39 1.92117e-39 0)
(-2.18833e-40 1.29376e-40 0)
(-1.51494e-41 8.86383e-42 0)
(-1.05392e-42 5.49754e-43 0)
(-6.66742e-44 3.39767e-44 0)
(-4.17994e-45 1.80424e-45 0)
(-2.37621e-46 -4.13177e-47 0)
(-1.28024e-47 -3.3913e-47 0)
(1.32625e-48 -1.30316e-46 0)
(1.34668e-47 -3.85608e-49 0)
(9.70727e-49 1.26826e-46 0)
(-6.47602e-48 1.80354e-47 0)
(-9.32613e-49 3.35594e-48 0)
(-1.74987e-49 3.56941e-49 0)
(-1.87137e-50 4.03504e-50 0)
(-2.1194e-51 3.51539e-51 0)
(-1.84668e-52 3.06094e-52 0)
(-6.2002e-54 2.2072e-53 0)
(2.21181e-52 -1.72833e-53 0)
(4.81666e-51 -4.24914e-52 0)
(1.02002e-49 -9.20423e-51 0)
(2.07512e-48 -1.94866e-49 0)
(4.13402e-47 -3.96367e-48 0)
(7.85091e-46 -7.8941e-47 0)
(1.46499e-44 -1.49888e-45 0)
(2.57608e-43 -2.79575e-44 0)
(4.48053e-42 -4.91377e-43 0)
(7.21393e-41 -8.53268e-42 0)
(1.16337e-39 -1.36725e-40 0)
(1.68738e-38 -2.16767e-39 0)
(2.51057e-37 -2.95051e-38 0)
(3.19666e-36 -3.5003e-37 0)
(4.37194e-35 -5.77663e-37 0)
(4.64718e-34 1.24228e-34 0)
(5.7953e-33 5.76918e-33 0)
(4.36117e-32 1.64342e-31 0)
(4.60109e-31 3.50298e-30 0)
(-3.26596e-31 -3.76641e-31 0)
(-3.6211e-31 -2.66278e-32 0)
(-2.78017e-32 -1.26462e-33 0)
(-5.15443e-33 -4.5251e-35 0)
(-4.35532e-34 -1.01328e-36 0)
(-5.12573e-35 -8.85117e-41 0)
(-4.10001e-36 2.431e-39 0)
(-3.77009e-37 2.08384e-40 0)
(-2.77189e-38 1.56132e-41 0)
(-2.15715e-39 9.86927e-43 0)
(-1.45417e-40 6.23205e-44 0)
(-9.97285e-42 2.91699e-45 0)
(-6.1924e-43 -3.34136e-46 0)
(-3.84586e-44 -3.14696e-45 0)
(-2.08104e-45 -3.20593e-45 0)
(-1.01082e-46 -8.32706e-46 0)
(3.72204e-47 -2.75771e-45 0)
(2.86286e-46 -8.32395e-48 0)
(2.05093e-47 2.67839e-45 0)
(-1.37467e-46 3.76998e-46 0)
(-1.96831e-47 7.00614e-47 0)
(-3.69157e-48 7.40588e-48 0)
(-3.93509e-49 8.36668e-49 0)
(-4.45858e-50 7.26369e-50 0)
(-3.88904e-51 6.3257e-51 0)
(-3.48902e-52 4.71556e-52 0)
(-2.4776e-52 1.56076e-53 0)
(-4.81862e-51 -4.22748e-52 0)
(-1.02002e-49 -9.20424e-51 0)
(-2.07512e-48 -1.94869e-49 0)
(-4.13403e-47 -3.96373e-48 0)
(-7.85093e-46 -7.89422e-47 0)
(-1.46499e-44 -1.4989e-45 0)
(-2.57608e-43 -2.79579e-44 0)
(-4.48054e-42 -4.91383e-43 0)
(-7.21395e-41 -8.53278e-42 0)
(-1.16337e-39 -1.36726e-40 0)
(-1.68738e-38 -2.1677e-39 0)
(-2.51058e-37 -2.95054e-38 0)
(-3.19667e-36 -3.50033e-37 0)
(-4.37194e-35 -5.77707e-37 0)
(-4.64719e-34 1.24227e-34 0)
(-5.79531e-33 5.76917e-33 0)
(-4.36118e-32 1.64342e-31 0)
(-4.60109e-31 3.50298e-30 0)
(-1.08136e-32 -2.05838e-31 0)
(-2.35748e-32 -1.79965e-32 0)
(-2.45979e-33 -4.3088e-33 0)
(-4.58972e-34 -3.78566e-34 0)
(-4.29589e-35 -4.53749e-35 0)
(-5.10485e-36 -3.64054e-36 0)
(-4.28838e-37 -3.34754e-37 0)
(-3.9827e-38 -2.45918e-38 0)
(-3.01285e-39 -1.91194e-39 0)
(-2.36542e-40 -1.28722e-40 0)
(-1.62501e-41 -8.81848e-42 0)
(-1.12364e-42 -5.60407e-43 0)
(-7.34129e-44 -4.43579e-44 0)
(-7.37043e-45 -6.38032e-44 0)
(2.33362e-45 -6.2911e-44 0)
(4.85186e-46 -1.62243e-44 0)
(9.17216e-46 -5.40616e-44 0)
(6.05299e-45 -1.6098e-46 0)
(4.29049e-46 5.25212e-44 0)
(-2.90442e-45 7.34481e-45 0)
(-4.11561e-46 1.36098e-45 0)
(-7.7086e-47 1.43233e-46 0)
(-8.16619e-48 1.61622e-47 0)
(-9.24658e-49 1.39982e-48 0)
(-8.03627e-50 1.21909e-49 0)
(-7.01692e-51 9.09696e-51 0)
(-7.72421e-52 6.73948e-52 0)
(-5.4269e-51 2.16513e-52 0)
(-1.14035e-49 3.74158e-51 0)
(-2.3185e-48 7.92628e-50 0)
(-4.61511e-47 1.61415e-48 0)
(-8.7587e-46 3.22014e-47 0)
(-1.63276e-44 6.12274e-46 0)
(-2.8689e-43 1.14451e-44 0)
(-4.98358e-42 2.01565e-43 0)
(-8.01679e-41 3.51478e-42 0)
(-1.29072e-39 5.67669e-41 0)
(-1.87014e-38 9.2232e-40 0)
(-2.77619e-37 1.36255e-38 0)
(-3.53042e-36 2.13174e-37 0)
(-4.81214e-35 3.12813e-36 0)
(-5.10692e-34 5.60431e-35 0)
(-6.33254e-33 1.00978e-33 0)
(-4.75363e-32 2.00727e-32 0)
(-4.95425e-31 3.07203e-31 0)
(3.23139e-33 -1.34782e-32 0)
(-2.74732e-33 -1.55578e-33 0)
(-2.91359e-34 -3.73976e-34 0)
(-6.90735e-35 -3.68111e-35 0)
(-6.72709e-36 -4.48407e-36 0)
(-8.56342e-37 -3.78934e-37 0)
(-7.34642e-38 -3.52528e-38 0)
(-7.00768e-39 -2.66727e-39 0)
(-5.35543e-40 -2.07179e-40 0)
(-4.2648e-41 -1.30362e-41 0)
(-3.02414e-42 -8.29681e-43 0)
(-2.24473e-43 -2.91752e-43 0)
(-6.74772e-44 -2.0508e-43 0)
(-5.90548e-44 -1.21866e-42 0)
(5.07833e-44 -1.23729e-42 0)
(9.7309e-45 -3.15938e-43 0)
(1.78818e-44 -1.06712e-42 0)
(1.18689e-43 -3.09686e-45 0)
(8.35736e-45 1.03726e-42 0)
(-5.69784e-44 1.43147e-43 0)
(-8.02089e-45 2.64206e-44 0)
(-1.49783e-45 2.75666e-45 0)
(-1.57974e-46 3.10271e-46 0)
(-1.78658e-47 2.67283e-47 0)
(-1.54902e-48 2.32454e-48 0)
(-1.35046e-49 1.72914e-49 0)
(-1.01142e-50 1.26689e-50 0)
(-1.41038e-51 1.05482e-51 0)
(-1.4179e-50 4.79939e-51 0)
(-2.85905e-49 1.00465e-49 0)
(-5.65164e-48 2.04322e-48 0)
(-1.06634e-46 4.069e-47 0)
(-1.97016e-45 7.72529e-46 0)
(-3.43708e-44 1.44096e-44 0)
(-5.9004e-43 2.53318e-43 0)
(-9.40681e-42 4.40389e-42 0)
(-1.49005e-40 7.08943e-41 0)
(-2.13396e-39 1.14286e-39 0)
(-3.09381e-38 1.65872e-38 0)
(-3.87251e-37 2.47149e-37 0)
(-5.08675e-36 3.1701e-36 0)
(-5.27409e-35 4.39997e-35 0)
(-6.12676e-34 4.89094e-34 0)
(-4.41882e-33 6.42508e-33 0)
(-3.96382e-32 5.49942e-32 0)
(9.35634e-34 2.53286e-33 0)
(-5.0699e-34 2.03062e-34 0)
(-5.42406e-35 -5.0168e-36 0)
(-1.0411e-35 -1.90476e-36 0)
(-9.71433e-37 -3.86082e-37 0)
(-1.13555e-37 -3.88376e-38 0)
(-9.47467e-39 -4.19988e-39 0)
(-8.59027e-40 -3.4025e-40 0)
(-6.32529e-41 1.08087e-41 0)
(-7.26745e-42 2.19309e-41 0)
(-2.08869e-42 2.74739e-42 0)
(-4.28064e-43 -4.2202e-42 0)
(-1.10162e-42 -3.58072e-42 0)
(-1.15277e-42 -2.17841e-41 0)
(1.00549e-42 -2.21154e-41 0)
(1.89551e-43 -5.60932e-42 0)
(3.48302e-43 -1.90955e-41 0)
(2.34288e-42 -5.42911e-44 0)
(1.62719e-43 1.85689e-41 0)
(-1.12599e-42 2.54333e-42 0)
(-1.56391e-43 4.66197e-43 0)
(-2.90866e-44 4.83482e-44 0)
(-3.04122e-45 5.4221e-45 0)
(-3.43064e-46 4.6533e-46 0)
(-2.95843e-47 4.0407e-47 0)
(-2.57559e-48 3.00017e-48 0)
(-1.91713e-49 2.19621e-49 0)
(-1.41702e-50 1.45151e-50 0)
(-3.58634e-51 1.42427e-51 0)
(-5.37409e-50 1.04828e-50 0)
(-1.05478e-48 2.11971e-49 0)
(-1.9835e-47 4.22723e-48 0)
(-3.6322e-46 8.00756e-47 0)
(-6.30538e-45 1.4943e-45 0)
(-1.06832e-43 2.61454e-44 0)
(-1.69059e-42 4.54124e-43 0)
(-2.6259e-41 7.25003e-42 0)
(-3.71672e-40 1.16513e-40 0)
(-5.22841e-39 1.66748e-39 0)
(-6.41202e-38 2.46495e-38 0)
(-8.02722e-37 3.08017e-37 0)
(-8.00117e-36 4.17756e-36 0)
(-8.61837e-35 4.36919e-35 0)
(-5.76715e-34 5.40271e-34 0)
(-4.74676e-33 4.07195e-33 0)
(8.26195e-33 2.71828e-32 0)
(-4.20143e-33 2.68992e-33 0)
(-3.63353e-34 1.75357e-34 0)
(-5.42566e-35 8.4146e-36 0)
(-4.22743e-36 4.31409e-37 0)
(-4.17245e-37 2.15664e-38 0)
(-3.02642e-38 8.51985e-42 0)
(-2.3189e-39 2.28801e-42 0)
(-1.32912e-40 7.19258e-40 0)
(-5.14906e-41 4.39091e-40 0)
(-3.19536e-41 5.33054e-41 0)
(-7.12895e-42 -6.79917e-41 0)
(-1.94565e-41 -6.34657e-41 0)
(-2.05413e-41 -3.99413e-40 0)
(1.80375e-41 -4.05557e-40 0)
(3.36508e-42 -1.01291e-40 0)
(6.17505e-42 -3.51067e-40 0)
(4.18706e-41 -9.60917e-43 0)
(2.87968e-42 3.41641e-40 0)
(-2.01709e-41 4.59677e-41 0)
(-2.78009e-42 8.35891e-42 0)
(-5.13437e-43 8.56305e-43 0)
(-5.33575e-44 9.55302e-44 0)
(-5.9971e-45 8.13263e-45 0)
(-5.15213e-46 7.0385e-46 0)
(-4.47845e-47 5.19935e-47 0)
(-3.32728e-48 3.79869e-48 0)
(-2.43834e-49 2.49874e-49 0)
(-1.8659e-50 1.52888e-50 0)
(-5.19808e-50 -1.49203e-50 0)
(-9.66698e-49 -3.1595e-49 0)
(-1.79031e-47 -5.98512e-48 0)
(-3.14649e-46 -1.11632e-46 0)
(-5.41154e-45 -1.95675e-45 0)
(-8.71587e-44 -3.40538e-44 0)
(-1.38117e-42 -5.46155e-43 0)
(-2.00781e-41 -8.83007e-42 0)
(-2.90303e-40 -1.27437e-40 0)
(-3.72175e-39 -1.90762e-39 0)
(-4.84896e-38 -2.41297e-38 0)
(-5.27286e-37 -3.34127e-37 0)
(-6.08951e-36 -3.51965e-36 0)
(-5.20218e-35 -4.49059e-35 0)
(-5.20085e-34 -3.32923e-34 0)
(-2.85218e-33 -3.65263e-33 0)
(7.6558e-33 4.49812e-31 0)
(-3.89252e-33 3.18002e-32 0)
(-3.31723e-34 1.5099e-33 0)
(-4.92277e-35 5.39948e-35 0)
(-3.79983e-36 1.23681e-36 0)
(-3.76524e-37 6.51871e-39 0)
(-2.73906e-38 -2.3636e-38 0)
(7.02214e-41 -1.39936e-39 0)
(4.25277e-40 1.1455e-38 0)
(-7.39239e-40 7.02933e-39 0)
(-5.56496e-40 8.38155e-40 0)
(-1.21108e-40 -1.15793e-39 0)
(-3.60343e-40 -1.01449e-39 0)
(-3.73285e-40 -6.40349e-39 0)
(3.33347e-40 -6.49899e-39 0)
(6.07345e-41 -1.60973e-39 0)
(1.10786e-40 -5.63364e-39 0)
(7.65143e-40 -1.49411e-41 0)
(5.12654e-41 5.48584e-39 0)
(-3.71495e-40 7.31508e-40 0)
(-5.0281e-41 1.31216e-40 0)
(-9.21016e-42 1.33261e-41 0)
(-9.45395e-43 1.47558e-42 0)
(-1.05698e-43 1.2489e-43 0)
(-9.00744e-45 1.07667e-44 0)
(-7.80356e-46 7.92716e-46 0)
(-5.76806e-47 5.78225e-47 0)
(-4.21765e-48 3.79879e-48 0)
(-2.97782e-49 2.44282e-49 0)
(-4.21758e-49 1.47506e-50 0)
(-7.68787e-48 4.60226e-51 0)
(-1.43511e-46 7.40616e-50 0)
(-2.53058e-45 1.39124e-48 0)
(-4.40163e-44 2.55327e-47 0)
(-7.11456e-43 4.42145e-46 0)
(-1.14634e-41 7.50291e-45 0)
(-1.67245e-40 1.18083e-43 0)
(-2.48168e-39 1.8353e-42 0)
(-3.19165e-38 2.57136e-41 0)
(-4.34228e-37 3.61434e-40 0)
(-4.72923e-36 4.35334e-39 0)
(-5.91329e-35 5.43272e-38 0)
(-5.03955e-34 5.24459e-37 0)
(-5.96078e-33 5.61472e-36 0)
(-3.24213e-32 3.54291e-35 0)
(-7.65319e-33 4.49827e-31 0)
(3.89121e-33 3.18018e-32 0)
(3.31568e-34 1.51008e-33 0)
(4.92438e-35 5.39875e-35 0)
(3.80714e-36 1.77085e-36 0)
(3.13899e-37 1.18526e-37 0)
(1.78591e-38 -3.57025e-37 0)
(3.75614e-38 -1.94432e-38 0)
(9.26528e-39 1.95941e-37 0)
(-1.13291e-38 1.19571e-37 0)
(-8.53931e-39 1.43137e-38 0)
(-1.47154e-39 -1.63738e-38 0)
(-5.25842e-39 -1.64718e-38 0)
(-5.59147e-39 -1.08935e-37 0)
(5.41573e-39 -1.10573e-37 0)
(9.65083e-40 -2.67868e-38 0)
(1.71175e-39 -9.61908e-38 0)
(1.19454e-38 -2.4076e-40 0)
(7.65641e-40 9.37685e-38 0)
(-5.97443e-39 1.21913e-38 0)
(-8.00971e-40 2.15534e-39 0)
(-1.4467e-40 2.14979e-40 0)
(-1.47207e-41 2.3585e-41 0)
(-1.63347e-42 1.97232e-42 0)
(-1.38392e-43 1.69009e-43 0)
(-1.19427e-44 1.23453e-44 0)
(-8.7984e-46 8.9696e-46 0)
(-6.42152e-47 5.86259e-47 0)
(-4.22286e-48 3.76148e-48 0)
(-3.18273e-49 2.41423e-49 0)
(-9.00801e-49 3.70173e-49 0)
(-1.63625e-47 6.801e-48 0)
(-2.86363e-46 1.27009e-46 0)
(-4.92185e-45 2.24054e-45 0)
(-7.88511e-44 3.89921e-44 0)
(-1.25047e-42 6.30624e-43 0)
(-1.80473e-41 1.01684e-41 0)
(-2.61866e-40 1.48476e-40 0)
(-3.32226e-39 2.20521e-39 0)
(-4.36827e-38 2.83847e-38 0)
(-4.67365e-37 3.86135e-37 0)
(-5.51262e-36 4.18667e-36 0)
(-4.58635e-35 5.15156e-35 0)
(-4.81577e-34 4.07033e-34 0)
(-2.53638e-33 4.14442e-33 0)
(-8.22767e-33 2.73373e-32 0)
(4.18339e-33 2.70749e-33 0)
(3.61299e-34 1.76029e-34 0)
(5.458e-35 8.09173e-36 0)
(4.34074e-36 8.34676e-36 0)
(-5.34593e-37 1.68159e-36 0)
(-1.16501e-37 -4.96491e-36 0)
(5.89971e-37 -2.67846e-37 0)
(1.55248e-37 2.74482e-36 0)
(-1.71733e-37 1.67002e-36 0)
(-1.16671e-37 1.93976e-37 0)
(8.7948e-40 -2.58314e-37 0)
(-6.82722e-38 -2.3023e-37 0)
(-7.38411e-38 -1.52288e-36 0)
(9.57399e-38 -1.54457e-36 0)
(1.6055e-38 -3.70188e-37 0)
(2.57692e-38 -1.34608e-36 0)
(1.84886e-37 -3.20014e-39 0)
(1.00133e-38 1.31346e-36 0)
(-1.02443e-37 1.68899e-37 0)
(-1.3371e-38 2.90789e-38 0)
(-2.37823e-39 2.86206e-39 0)
(-2.37622e-40 3.09533e-40 0)
(-2.61221e-41 2.56493e-41 0)
(-2.18662e-42 2.181e-42 0)
(-1.87559e-43 1.58441e-43 0)
(-1.37086e-44 1.1467e-44 0)
(-9.96591e-46 7.47392e-46 0)
(-6.51648e-47 4.78716e-47 0)
(-4.18961e-48 2.84483e-48 0)
(-3.99961e-49 2.06407e-49 0)
(-2.8112e-48 7.95065e-49 0)
(-4.8817e-47 1.45434e-47 0)
(-8.35858e-46 2.54622e-46 0)
(-1.33001e-44 4.37813e-45 0)
(-2.09211e-43 7.01765e-44 0)
(-2.97827e-42 1.11356e-42 0)
(-4.25555e-41 1.60833e-41 0)
(-5.25552e-40 2.3354e-40 0)
(-6.71449e-39 2.96489e-39 0)
(-6.78613e-38 3.89615e-38 0)
(-7.55581e-37 4.14621e-37 0)
(-5.42156e-36 4.79821e-36 0)
(-4.97376e-35 3.67429e-35 0)
(-1.37636e-34 3.2286e-34 0)
(-6.4568e-34 4.69318e-33 0)
(3.23344e-34 4.26908e-34 0)
(3.24097e-35 -8.85792e-36 0)
(1.39405e-35 -9.12747e-36 0)
(1.74241e-36 1.25136e-34 0)
(-1.02076e-35 2.6099e-35 0)
(-1.76281e-36 -7.90978e-35 0)
(7.22484e-36 -4.12512e-36 0)
(2.17934e-36 4.35391e-35 0)
(-1.21172e-36 2.63221e-35 0)
(-3.06191e-37 3.05681e-36 0)
(1.38581e-36 -3.06244e-36 0)
(4.34484e-37 -3.39103e-36 0)
(1.81795e-37 -2.40208e-35 0)
(1.49772e-36 -2.4363e-35 0)
(2.22226e-37 -5.64125e-36 0)
(2.12793e-37 -2.13441e-35 0)
(1.5314e-36 -4.62625e-38 0)
(-5.41361e-39 2.086e-35 0)
(-1.44717e-36 2.5803e-36 0)
(-1.8598e-37 4.33028e-37 0)
(-3.21355e-38 4.14501e-38 0)
(-3.16692e-39 4.41442e-39 0)
(-3.43134e-40 3.59217e-40 0)
(-2.84601e-41 3.02469e-41 0)
(-2.42238e-42 2.17115e-42 0)
(-1.76083e-43 1.56106e-43 0)
(-1.27513e-44 1.0093e-44 0)
(-8.3144e-46 6.43569e-46 0)
(-5.32759e-47 3.80095e-47 0)
(-3.17816e-48 2.20459e-48 0)
(-4.33684e-49 2.55109e-49 0)
(-4.35311e-48 2.50769e-48 0)
(-7.37509e-47 4.36723e-47 0)
(-1.16532e-45 7.48031e-46 0)
(-1.81176e-44 1.19076e-44 0)
(-2.55418e-43 1.87395e-43 0)
(-3.58753e-42 2.66932e-42 0)
(-4.36681e-41 3.81649e-41 0)
(-5.431e-40 4.71696e-40 0)
(-5.35452e-39 6.02816e-39 0)
(-5.68623e-38 6.08518e-38 0)
(-3.84724e-37 6.7289e-37 0)
(-3.18053e-36 4.66399e-36 0)
(-5.75346e-36 3.95472e-35 0)
(-8.57057e-35 3.12336e-34 0)
(-3.39789e-35 -5.80154e-35 0)
(-2.87344e-35 -7.36695e-34 0)
(3.26831e-36 -1.53543e-34 0)
(-2.31749e-35 1.44759e-33 0)
(-3.77382e-35 3.01543e-34 0)
(-1.68118e-35 -9.19361e-34 0)
(7.23044e-35 -4.78338e-35 0)
(3.47072e-35 5.05179e-34 0)
(3.06276e-35 3.04141e-34 0)
(5.23786e-35 3.35613e-35 0)
(7.85649e-35 -4.5104e-35 0)
(6.17765e-35 -3.94061e-35 0)
(5.29993e-35 -2.77893e-34 0)
(2.98985e-35 -2.81483e-34 0)
(3.40042e-36 -6.42072e-35 0)
(-2.50212e-36 -2.47215e-34 0)
(-1.98896e-35 -4.88519e-37 0)
(-5.84617e-36 2.41984e-34 0)
(-2.34046e-35 2.95054e-35 0)
(-2.86331e-36 4.69301e-36 0)
(-4.79671e-37 4.39005e-37 0)
(-4.59244e-38 4.54761e-38 0)
(-4.89796e-39 3.64429e-39 0)
(-3.98896e-40 3.02433e-40 0)
(-3.36199e-41 2.15132e-41 0)
(-2.41472e-42 1.5351e-42 0)
(-1.73721e-43 9.87655e-44 0)
(-1.12365e-44 6.27518e-45 0)
(-7.16767e-46 3.69827e-46 0)
(-4.23464e-47 2.13591e-47 0)
(-2.47445e-48 1.17619e-48 0)
(-5.79036e-49 2.85984e-49 0)
(-7.5572e-48 3.89449e-48 0)
(-1.18884e-46 6.61008e-47 0)
(-1.83944e-45 1.04487e-45 0)
(-2.57412e-44 1.62522e-44 0)
(-3.58327e-43 2.29259e-43 0)
(-4.30051e-42 3.22214e-42 0)
(-5.26598e-41 3.92558e-41 0)
(-5.05152e-40 4.88547e-40 0)
(-5.22266e-39 4.81862e-39 0)
(-3.31912e-38 5.10398e-38 0)
(-2.60517e-37 3.40164e-37 0)
(-2.84008e-37 2.7008e-36 0)
(-1.19456e-34 -1.28997e-34 0)
(-8.75908e-34 -1.26181e-33 0)
(-1.0716e-33 -1.09422e-32 0)
(-5.81927e-33 -2.35798e-33 0)
(-2.15939e-33 2.13817e-32 0)
(4.94317e-33 4.39426e-33 0)
(2.42074e-34 -1.36337e-32 0)
(-9.89497e-34 -6.67196e-34 0)
(4.18833e-34 7.44345e-33 0)
(2.46962e-33 4.43366e-33 0)
(2.95557e-33 4.82968e-34 0)
(3.28481e-33 -4.11996e-34 0)
(3.08475e-33 -5.16002e-34 0)
(2.74724e-33 -4.0603e-33 0)
(5.88319e-34 -4.11186e-33 0)
(3.93294e-35 -8.82561e-34 0)
(-2.55741e-34 -3.64216e-33 0)
(-2.12068e-33 -6.16726e-36 0)
(-2.94462e-34 3.57326e-33 0)
(-2.86684e-34 4.07066e-34 0)
(-3.34777e-35 6.21189e-35 0)
(-5.2317e-36 5.55672e-36 0)
(-4.87942e-37 5.62286e-37 0)
(-5.05601e-38 4.38374e-38 0)
(-4.05411e-39 3.58628e-39 0)
(-3.36742e-40 2.50633e-40 0)
(-2.39685e-41 1.77123e-41 0)
(-1.71133e-42 1.12595e-42 0)
(-1.10152e-43 7.1042e-44 0)
(-7.00148e-45 4.15137e-45 0)
(-4.12761e-46 2.38511e-46 0)
(-2.38466e-47 1.29197e-47 0)
(-1.33299e-48 7.07777e-49 0)
(-6.28466e-49 4.35022e-49 0)
(-8.76084e-48 6.79147e-48 0)
(-1.34258e-46 1.07001e-46 0)
(-1.86231e-45 1.65722e-45 0)
(-2.55514e-44 2.32259e-44 0)
(-3.02045e-43 3.23883e-43 0)
(-3.60844e-42 3.89906e-42 0)
(-3.35209e-41 4.79154e-41 0)
(-3.29314e-40 4.63212e-40 0)
(-1.85915e-39 4.83097e-39 0)
(-1.18301e-38 3.16009e-38 0)
(4.01483e-38 2.56838e-37 0)
(-1.58515e-33 -1.18037e-33 0)
(-1.38597e-32 -1.0074e-32 0)
(-3.11625e-32 -8.96262e-32 0)
(-2.3404e-31 -1.95224e-32 0)
(-7.98728e-32 1.74971e-31 0)
(2.10816e-31 3.57775e-32 0)
(1.32961e-32 -1.11871e-31 0)
(-6.14154e-32 -5.45598e-33 0)
(6.41417e-33 6.09172e-32 0)
(8.94545e-32 3.60399e-32 0)
(1.02232e-31 3.543e-33 0)
(1.07098e-31 -5.87771e-33 0)
(1.03521e-31 -4.2799e-33 0)
(9.38072e-32 -3.30738e-32 0)
(1.39636e-32 -3.34209e-32 0)
(5.52821e-34 -6.9871e-33 0)
(-8.79829e-33 -2.97216e-32 0)
(-7.93274e-32 -4.19762e-35 0)
(-9.34378e-33 2.92312e-32 0)
(-4.52983e-33 3.24985e-33 0)
(-4.75589e-34 4.4435e-34 0)
(-6.97947e-35 3.80325e-35 0)
(-6.19758e-36 3.63987e-36 0)
(-6.26296e-37 2.75988e-37 0)
(-4.88398e-38 2.19579e-38 0)
(-3.9987e-39 1.51085e-39 0)
(-2.7963e-40 1.05259e-40 0)
(-1.97738e-41 6.63557e-42 0)
(-1.25759e-42 4.15717e-43 0)
(-7.93818e-44 2.41976e-44 0)
(-4.6403e-45 1.38624e-45 0)
(-2.66681e-46 7.50054e-47 0)
(-1.44499e-47 3.97659e-48 0)
(-7.98008e-49 2.35227e-49 0)
(-4.85314e-49 6.04426e-49 0)
(-5.75146e-48 9.74793e-48 0)
(-5.52263e-47 1.58141e-46 0)
(-3.18512e-46 2.38837e-45 0)
(5.87319e-45 3.63111e-44 0)
(2.2488e-43 5.0714e-43 0)
(5.50079e-42 7.33963e-42 0)
(1.02621e-40 9.64334e-41 0)
(1.70413e-39 1.36244e-39 0)
(2.57643e-38 1.72673e-38 0)
(3.42074e-37 2.41452e-37 0)
(-1.27066e-32 -1.28463e-32 0)
(-1.3553e-31 -1.11926e-31 0)
(-6.64907e-31 -1.16397e-30 0)
(-6.5731e-30 -2.72761e-31 0)
(-2.16895e-30 2.27963e-30 0)
(6.10692e-30 4.53388e-31 0)
(3.69892e-31 -1.46721e-30 0)
(-1.98849e-30 -6.10715e-32 0)
(6.05935e-32 7.88895e-31 0)
(2.38142e-30 4.5682e-31 0)
(2.62598e-30 4.23356e-32 0)
(2.67496e-30 -3.34816e-32 0)
(2.6404e-30 -4.41736e-32 0)
(2.42478e-30 -4.22621e-31 0)
(2.55907e-31 -4.26865e-31 0)
(4.66393e-33 -7.74513e-32 0)
(-2.06281e-31 -3.85947e-31 0)
(-2.16434e-30 -4.2351e-34 0)
(-2.10893e-31 3.80692e-31 0)
(-4.43412e-32 3.61142e-32 0)
)
;

boundaryField
{
    leftWall
    {
        type            fixedValue;
        value           uniform (0 0 0);
    }
    rightWall
    {
        type            fixedValue;
        value           nonuniform 0();
    }
    lowerWall
    {
        type            fixedValue;
        value           uniform (0 0 0);
    }
    atmosphere
    {
        type            pressureInletOutletVelocity;
        value           nonuniform 0();
    }
    defaultFaces
    {
        type            empty;
    }
    procBoundary0to1
    {
        type            processor;
        value           nonuniform List<vector> 
44
(
(3.95539e-43 -2.14793e-40 0)
(4.26758e-42 -2.49741e-39 0)
(4.46902e-41 -2.69521e-38 0)
(4.2344e-40 -2.84574e-37 0)
(3.75195e-39 -2.72138e-36 0)
(2.71556e-38 -2.61017e-35 0)
(1.70913e-37 -2.12492e-34 0)
(4.29893e-37 -1.8628e-33 0)
(-1.96594e-36 -1.17642e-32 0)
(-4.57701e-35 -1.00406e-31 0)
(2.2982e-34 -4.16655e-31 0)
(6.79376e-33 -7.48776e-30 0)
(1.20986e-31 9.14384e-31 0)
(6.79205e-33 8.46065e-30 0)
(2.43019e-34 4.86275e-31 0)
(7.75083e-36 2.51805e-31 0)
(1.91641e-35 1.01485e-30 0)
(3.49759e-35 1.44461e-29 0)
(1.09459e-36 2.79902e-29 0)
(-3.48978e-35 1.53023e-29 0)
(-3.48978e-35 1.53023e-29 0)
(1.51729e-31 1.02051e-31 0)
(1.25271e-32 1.68638e-32 0)
(1.39914e-33 1.38432e-33 0)
(9.77212e-35 1.5058e-34 0)
(8.06353e-36 3.54701e-35 0)
(-2.68399e-38 2.92595e-34 0)
(-6.8001e-36 4.2812e-33 0)
(-1.04035e-34 3.92531e-32 0)
(-9.65797e-34 5.56431e-31 0)
(-1.24093e-32 3.18595e-30 0)
(-1.15412e-32 5.07697e-29 0)
(1.15412e-32 5.07697e-29 0)
(1.2409e-32 3.18594e-30 0)
(9.42018e-34 5.56396e-31 0)
(-7.73945e-34 3.8966e-32 0)
(-2.35786e-32 5.36317e-34 0)
(-4.20246e-31 2.91677e-34 0)
(-2.35854e-32 3.76937e-33 0)
(-8.7798e-34 2.88581e-34 0)
(-2.37737e-35 3.51863e-35 0)
(-1.81031e-37 2.42849e-36 0)
(7.07588e-37 5.12494e-37 0)
(4.48231e-36 2.95463e-36 0)
)
;
    }
    procBoundary0to2
    {
        type            processor;
        value           nonuniform List<vector> 
46
(
(-4.09989e-33 4.79304e-33 0)
(-5.11316e-34 3.84475e-34 0)
(-4.2893e-35 3.6152e-35 0)
(-4.08116e-36 2.6437e-36 0)
(-3.09241e-37 2.07571e-37 0)
(-2.46203e-38 1.39516e-38 0)
(-1.69527e-39 9.61728e-40 0)
(-1.18197e-40 5.96358e-41 0)
(-7.45563e-42 3.70349e-42 0)
(-4.67337e-43 2.12928e-43 0)
(-2.72137e-44 1.2108e-44 0)
(-1.55959e-45 6.48852e-46 0)
(-8.44052e-47 3.41642e-47 0)
(-4.37506e-48 1.71698e-48 0)
(1.80809e-48 1.20123e-49 0)
(4.07701e-47 5.65169e-49 0)
(7.80417e-46 8.59993e-48 0)
(1.46159e-44 1.19197e-46 0)
(2.58757e-43 1.63362e-45 0)
(4.506e-42 1.92943e-44 0)
(7.3063e-41 2.30547e-43 0)
(1.1764e-39 2.15261e-42 0)
(1.72191e-38 2.14259e-41 0)
(2.54756e-37 1.29622e-40 0)
(3.29246e-36 9.59989e-40 0)
(-1.40755e-31 2.72173e-35 0)
(-1.6909e-30 6.0781e-36 0)
(-8.5418e-30 4.20709e-36 0)
(-1.19846e-28 5.09329e-37 0)
(-3.96433e-29 9.03621e-38 0)
(1.13877e-28 1.37053e-38 0)
(4.77633e-30 -2.70436e-39 0)
(-3.73918e-29 -1.31727e-36 0)
(7.33991e-31 -6.12e-35 0)
(4.23723e-29 -1.7441e-33 0)
(4.55643e-29 -3.71857e-32 0)
(4.61169e-29 -5.39187e-31 0)
(4.56171e-29 -3.71857e-32 0)
(4.2906e-29 -1.7441e-33 0)
(3.26783e-30 -6.1208e-35 0)
(5.11334e-32 -1.31743e-36 0)
(-2.65636e-30 3.70119e-39 0)
(-3.95926e-29 3.71803e-39 0)
(-2.70701e-30 2.81236e-39 0)
(-4.09989e-33 4.79304e-33 0)
(-5.54298e-31 2.56804e-40 0)
)
;
    }
}


// ************************************************************************* //
