/*--------------------------------*- C++ -*----------------------------------*\
| =========                 |                                                 |
| \\      /  F ield         | OpenFOAM: The Open Source CFD Toolbox           |
|  \\    /   O peration     | Version:  2.4.0                                 |
|   \\  /    A nd           | Web:      www.OpenFOAM.org                      |
|    \\/     M anipulation  |                                                 |
\*---------------------------------------------------------------------------*/
FoamFile
{
    version     2.0;
    format      ascii;
    class       volVectorField;
    location    "0.85";
    object      U;
}
// * * * * * * * * * * * * * * * * * * * * * * * * * * * * * * * * * * * * * //

dimensions      [0 1 -1 0 0 0 0];

internalField   nonuniform List<vector> 
1935
(
(1.39246e-35 4.53715e-36 0)
(1.10769e-34 2.82805e-35 0)
(5.25484e-34 1.71995e-34 0)
(4.50747e-33 1.23677e-34 0)
(4.08053e-33 -3.29619e-34 0)
(-4.07771e-33 -3.2896e-34 0)
(-4.49048e-33 1.29357e-34 0)
(-3.99491e-34 2.05386e-34 0)
(5.28034e-34 2.29328e-34 0)
(5.03547e-33 3.06446e-34 0)
(8.71366e-33 -1.7132e-34 0)
(6.53446e-34 -4.53295e-34 0)
(-3.42653e-33 1.23675e-34 0)
(4.20844e-33 2.95654e-34 0)
(4.52467e-33 -1.29446e-34 0)
(5.28034e-34 -1.72758e-34 0)
(1.11312e-34 -2.8386e-35 0)
(1.47336e-35 -5.02329e-36 0)
(2.22378e-36 -6.70052e-37 0)
(2.77624e-37 -8.93209e-38 0)
(3.51855e-38 -1.05266e-38 0)
(4.01696e-39 -1.21106e-39 0)
(4.50208e-40 -1.29031e-40 0)
(5.17618e-41 -1.20251e-41 0)
(5.21376e-41 1.2147e-41 0)
(4.545e-40 1.3021e-40 0)
(4.05907e-39 1.22307e-39 0)
(3.55873e-38 1.06422e-38 0)
(2.81182e-37 9.04002e-38 0)
(2.25485e-36 6.79341e-37 0)
(1.49752e-35 5.10183e-36 0)
(1.1325e-34 2.89643e-35 0)
(5.40473e-34 1.7709e-34 0)
(4.62069e-33 1.52629e-34 0)
(4.62069e-33 -1.52629e-34 0)
(5.40473e-34 -1.7709e-34 0)
(1.1325e-34 -2.89643e-35 0)
(1.49752e-35 -5.10183e-36 0)
(2.25485e-36 -6.79343e-37 0)
(2.81174e-37 -9.04143e-38 0)
(3.55389e-38 -1.07394e-38 0)
(3.79835e-39 -1.79218e-39 0)
(-5.22228e-40 -3.21527e-39 0)
(-3.29689e-39 -1.17033e-38 0)
(5.71222e-36 -2.04635e-36 0)
(4.0355e-35 -1.51568e-35 0)
(1.82649e-34 -9.19913e-35 0)
(9.86779e-34 -6.58628e-35 0)
(8.39363e-34 1.759e-34 0)
(-8.381e-34 1.7558e-34 0)
(-9.79534e-34 -6.87347e-35 0)
(-1.3581e-34 -1.09764e-34 0)
(1.83789e-34 -1.22721e-34 0)
(1.17055e-33 -1.63313e-34 0)
(1.87282e-33 9.16654e-35 0)
(2.30355e-34 2.41762e-34 0)
(-6.08746e-34 -6.58621e-35 0)
(8.87042e-34 -1.57848e-34 0)
(9.94118e-34 6.87755e-35 0)
(1.83789e-34 9.23603e-35 0)
(4.06217e-35 1.52262e-35 0)
(6.24495e-36 2.55281e-36 0)
(9.83965e-37 3.24983e-37 0)
(1.3141e-37 4.09211e-38 0)
(1.71842e-38 4.59227e-39 0)
(2.03647e-39 5.04663e-40 0)
(2.33452e-40 5.1704e-41 0)
(2.75271e-41 4.66919e-42 0)
(2.77328e-41 -4.7138e-42 0)
(2.35765e-40 -5.21479e-41 0)
(2.05879e-39 -5.09328e-40 0)
(1.7392e-38 -4.63877e-39 0)
(1.33208e-37 -4.1373e-38 0)
(9.99063e-37 -3.2906e-37 0)
(6.35871e-36 -2.58903e-36 0)
(4.14702e-35 -1.55093e-35 0)
(1.89016e-34 -9.45789e-35 0)
(1.02823e-33 -8.13668e-35 0)
(1.02823e-33 8.13668e-35 0)
(1.89016e-34 9.45789e-35 0)
(4.14702e-35 1.55093e-35 0)
(6.35871e-36 2.58903e-36 0)
(9.99052e-37 3.29047e-37 0)
(1.33133e-37 4.12752e-38 0)
(1.69529e-38 3.95173e-39 0)
(-3.23435e-40 -3.60532e-39 0)
(-8.76793e-39 -2.27251e-38 0)
(-3.11736e-38 -8.88699e-38 0)
(1.75033e-36 -8.99484e-37 0)
(1.0407e-35 -6.21319e-36 0)
(3.68394e-35 -2.97458e-35 0)
(1.5489e-34 -1.91422e-35 0)
(1.26972e-34 5.6391e-35 0)
(-1.26552e-34 5.62358e-35 0)
(-1.52721e-34 -2.04277e-35 0)
(-2.45231e-35 -3.71177e-35 0)
(3.72141e-35 -4.23684e-35 0)
(1.92097e-34 -5.13211e-35 0)
(2.9412e-34 2.95869e-35 0)
(4.94321e-35 7.55328e-35 0)
(-7.7448e-35 -1.91417e-35 0)
(1.39557e-34 -4.88839e-35 0)
(1.57091e-34 2.04485e-35 0)
(3.7214e-35 2.99253e-35 0)
(1.04834e-35 6.2451e-36 0)
(1.84096e-36 1.13107e-36 0)
(3.21589e-37 1.57714e-37 0)
(4.60352e-38 2.08372e-38 0)
(6.34838e-39 2.46269e-39 0)
(7.82889e-40 2.80144e-40 0)
(9.26137e-41 2.97165e-41 0)
(1.12179e-41 2.74748e-42 0)
(1.13045e-41 -2.77504e-42 0)
(9.35717e-41 -2.99846e-41 0)
(7.91943e-40 -2.82889e-40 0)
(6.43053e-39 -2.48933e-39 0)
(4.67234e-38 -2.1087e-38 0)
(3.27134e-37 -1.5989e-37 0)
(1.88046e-36 -1.14938e-36 0)
(1.07573e-35 -6.38141e-36 0)
(3.87207e-35 -3.08937e-35 0)
(1.6564e-34 -2.55207e-35 0)
(1.6564e-34 2.55207e-35 0)
(3.87207e-35 3.08937e-35 0)
(1.07573e-35 6.38141e-36 0)
(1.88045e-36 1.14937e-36 0)
(3.2706e-37 1.59806e-37 0)
(4.62031e-38 2.04517e-38 0)
(3.33049e-39 -2.02526e-39 0)
(-1.62505e-38 -2.71215e-38 0)
(-6.52964e-38 -1.54086e-37 0)
(-2.30048e-37 -6.1267e-37 0)
(3.8174e-37 -3.15496e-37 0)
(1.95828e-36 -1.9675e-36 0)
(5.42062e-36 -8.66707e-36 0)
(1.86702e-35 -5.35156e-36 0)
(1.48954e-35 1.64211e-35 0)
(-1.47965e-35 1.6365e-35 0)
(-1.82017e-35 -5.79277e-36 0)
(-3.0567e-36 -1.10236e-35 0)
(5.50742e-36 -1.26621e-35 0)
(2.41755e-35 -1.48489e-35 0)
(3.59137e-35 8.60605e-36 0)
(7.84623e-36 2.17718e-35 0)
(-7.02647e-36 -5.35049e-36 0)
(1.73197e-35 -1.40128e-35 0)
(1.91456e-35 5.80071e-36 0)
(5.50742e-36 8.72934e-36 0)
(1.97312e-36 1.97544e-36 0)
(3.91999e-37 3.86143e-37 0)
(7.45423e-38 5.72411e-38 0)
(1.13243e-38 7.97268e-39 0)
(1.62849e-39 9.83307e-40 0)
(2.07593e-40 1.15857e-40 0)
(2.51779e-41 1.26461e-41 0)
(3.11868e-42 1.19455e-42 0)
(3.14339e-42 -1.20699e-42 0)
(2.54478e-41 -1.2765e-41 0)
(2.10101e-40 -1.1705e-40 0)
(1.65076e-39 -9.94613e-40 0)
(1.15061e-38 -8.07562e-39 0)
(7.59576e-38 -5.81059e-38 0)
(4.01644e-37 -3.93107e-37 0)
(2.03592e-36 -2.02447e-36 0)
(5.8216e-36 -9.05626e-36 0)
(2.0704e-35 -7.37398e-36 0)
(2.0704e-35 7.37398e-36 0)
(5.8216e-36 9.05626e-36 0)
(2.03592e-36 2.02447e-36 0)
(4.0158e-37 3.93047e-37 0)
(7.54741e-38 5.7601e-38 0)
(8.08189e-39 4.20423e-39 0)
(-1.90214e-38 -2.68998e-38 0)
(-1.15215e-37 -1.71999e-37 0)
(-4.51158e-37 -9.87055e-37 0)
(-1.61494e-36 -4.0162e-36 0)
(5.69598e-38 -1.51995e-37 0)
(3.39229e-37 -4.80437e-37 0)
(6.57109e-37 -1.85055e-36 0)
(1.66431e-36 -1.08891e-36 0)
(1.28269e-36 3.45654e-36 0)
(-1.26121e-36 3.44364e-36 0)
(-1.57131e-36 -1.18887e-36 0)
(-2.44084e-37 -2.36376e-36 0)
(6.71502e-37 -2.73058e-36 0)
(2.33267e-36 -3.10783e-36 0)
(3.34959e-36 1.81064e-36 0)
(1.07543e-36 4.54051e-36 0)
(-2.01665e-37 -1.08252e-36 0)
(1.70367e-36 -2.90725e-36 0)
(1.75344e-36 1.19091e-36 0)
(6.71501e-37 1.84167e-36 0)
(3.35133e-37 4.46833e-37 0)
(7.45295e-38 9.22547e-38 0)
(1.53587e-38 1.43641e-38 0)
(2.45344e-39 2.07897e-39 0)
(3.66276e-40 2.64963e-40 0)
(4.80206e-41 3.20258e-41 0)
(5.9536e-42 3.57237e-42 0)
(7.51664e-43 3.4278e-43 0)
(7.57756e-43 -3.46455e-43 0)
(6.01939e-42 -3.60702e-42 0)
(4.86231e-41 -3.23682e-41 0)
(3.71529e-40 -2.6815e-40 0)
(2.49536e-39 -2.10734e-39 0)
(1.56756e-38 -1.45963e-38 0)
(7.66047e-38 -9.40615e-38 0)
(3.47942e-37 -4.59054e-37 0)
(7.29936e-37 -1.91903e-36 0)
(2.00911e-36 -1.54131e-36 0)
(2.00911e-36 1.5413e-36 0)
(7.2993e-37 1.91902e-36 0)
(3.47896e-37 4.59017e-37 0)
(7.62181e-38 9.3733e-38 0)
(1.27199e-38 1.17968e-38 0)
(-1.87243e-38 -1.96449e-38 0)
(-1.29794e-37 -1.59086e-37 0)
(-7.40785e-37 -1.00339e-36 0)
(-2.96335e-36 -5.89478e-36 0)
(-1.08356e-35 -2.47089e-35 0)
(-1.13116e-37 -5.34248e-37 0)
(1.02699e-37 -3.29806e-37 0)
(9.43119e-38 -5.20159e-37 0)
(1.0805e-37 -2.45227e-37 0)
(6.72816e-38 6.60343e-37 0)
(-5.76581e-38 6.64865e-37 0)
(-7.33765e-38 -2.27094e-37 0)
(-3.58809e-39 -4.62777e-37 0)
(7.16595e-38 -5.36182e-37 0)
(1.60731e-37 -5.99775e-37 0)
(2.15788e-37 3.49827e-37 0)
(1.35354e-37 8.73736e-37 0)
(7.37419e-38 -2.04217e-37 0)
(1.29486e-37 -5.57144e-37 0)
(1.05048e-37 2.27322e-37 0)
(7.16552e-38 3.56678e-37 0)
(5.2063e-38 9.02925e-38 0)
(1.27273e-38 1.95408e-38 0)
(2.79435e-39 3.16315e-39 0)
(4.64906e-40 4.73332e-40 0)
(7.15281e-41 6.19825e-41 0)
(9.60004e-42 7.65806e-42 0)
(1.21225e-42 8.69783e-43 0)
(1.5558e-43 8.4579e-44 0)
(1.56866e-43 -8.55075e-44 0)
(1.226e-42 -8.78443e-43 0)
(9.7244e-42 -7.74255e-42 0)
(7.25955e-41 -6.27571e-41 0)
(4.73265e-40 -4.801e-40 0)
(2.856e-39 -3.21729e-39 0)
(1.31183e-38 -1.99504e-38 0)
(5.43731e-38 -9.29669e-38 0)
(8.14443e-38 -3.72932e-37 0)
(1.43448e-37 -2.97122e-37 0)
(1.43446e-37 2.9712e-37 0)
(8.14161e-38 3.72913e-37 0)
(5.41199e-38 9.27849e-38 0)
(1.09654e-38 1.82996e-38 0)
(-1.38186e-38 -1.10431e-38 0)
(-1.21168e-37 -1.12158e-37 0)
(-7.60599e-37 -8.42752e-37 0)
(-4.42889e-36 -5.44846e-36 0)
(-1.82242e-35 -3.30538e-35 0)
(-6.82659e-35 -1.44108e-34 0)
(-7.54656e-37 -3.20024e-36 0)
(3.9862e-37 -1.47231e-36 0)
(1.89667e-37 -1.08393e-36 0)
(1.21838e-37 -2.81083e-37 0)
(2.6352e-38 6.12059e-38 0)
(1.20386e-38 1.05691e-37 0)
(7.72224e-39 -3.99287e-38 0)
(3.4231e-39 -8.06327e-38 0)
(7.23957e-39 -9.34826e-38 0)
(3.2015e-39 -1.02962e-37 0)
(1.31278e-39 6.01066e-38 0)
(1.69213e-38 1.49591e-37 0)
(2.15452e-38 -3.43291e-38 0)
(5.79863e-39 -9.50293e-38 0)
(-1.40636e-39 3.86379e-38 0)
(7.21418e-39 6.14225e-38 0)
(7.84217e-39 1.61254e-38 0)
(2.05667e-39 3.62429e-39 0)
(4.7403e-40 6.06e-40 0)
(8.13766e-41 9.31708e-41 0)
(1.28276e-41 1.24798e-41 0)
(1.7547e-42 1.57021e-42 0)
(2.24988e-43 1.8109e-43 0)
(2.92729e-44 1.7809e-44 0)
(2.95189e-44 -1.80086e-44 0)
(2.27596e-43 -1.82934e-43 0)
(1.77805e-42 -1.58799e-42 0)
(1.30253e-41 -1.26408e-41 0)
(8.29007e-41 -9.45557e-41 0)
(4.8505e-40 -6.1687e-40 0)
(2.12477e-39 -3.70462e-39 0)
(8.23129e-39 -1.66351e-38 0)
(8.77089e-39 -6.44158e-38 0)
(4.21389e-39 -5.09524e-38 0)
(4.20069e-39 5.09438e-38 0)
(8.6296e-39 6.43348e-38 0)
(6.95121e-39 1.58439e-38 0)
(-8.90468e-39 -3.56103e-39 0)
(-8.62933e-38 -6.31531e-38 0)
(-6.45568e-37 -5.13747e-37 0)
(-4.13421e-36 -3.94716e-36 0)
(-2.47723e-35 -2.6417e-35 0)
(-1.05566e-34 -1.67103e-34 0)
(-4.08677e-34 -7.68473e-34 0)
(-3.93382e-36 -1.83614e-35 0)
(3.16495e-36 -8.32381e-36 0)
(1.29627e-36 -5.9604e-36 0)
(7.93063e-37 -1.40781e-36 0)
(1.85949e-37 -2.80454e-37 0)
(4.29267e-38 -2.98772e-38 0)
(9.26917e-39 -1.35144e-38 0)
(1.86545e-39 -1.41159e-38 0)
(8.69697e-40 -1.54242e-38 0)
(-1.3105e-39 -1.66887e-38 0)
(-2.42731e-39 9.73269e-39 0)
(2.14527e-39 2.41732e-38 0)
(3.97623e-39 -5.46955e-39 0)
(-2.99497e-40 -1.53083e-38 0)
(-1.65512e-39 6.21361e-39 0)
(7.27169e-40 9.96673e-39 0)
(1.13584e-39 2.6878e-39 0)
(3.13133e-40 6.23055e-40 0)
(7.47748e-41 1.06905e-40 0)
(1.31556e-41 1.68063e-41 0)
(2.1143e-42 2.29309e-42 0)
(2.93819e-43 2.92919e-43 0)
(3.81581e-44 3.42144e-44 0)
(5.02322e-45 3.39675e-45 0)
(5.06603e-45 -3.43549e-45 0)
(3.86089e-44 -3.45693e-44 0)
(2.97816e-43 -2.96312e-43 0)
(2.14778e-42 -2.32347e-42 0)
(1.34103e-41 -1.70642e-41 0)
(7.65859e-41 -1.08897e-40 0)
(3.24094e-40 -6.37501e-40 0)
(1.19682e-39 -2.77734e-39 0)
(9.6069e-40 -1.04785e-38 0)
(-8.65156e-40 -8.24731e-39 0)
(-9.22553e-40 8.21485e-39 0)
(3.40287e-40 1.01723e-38 0)
(-4.49242e-39 -2.52229e-40 0)
(-4.94401e-38 -2.76189e-38 0)
(-3.98645e-37 -2.53012e-37 0)
(-3.03491e-36 -2.09334e-36 0)
(-1.99882e-35 -1.66773e-35 0)
(-1.23837e-34 -1.17154e-34 0)
(-5.50547e-34 -7.87818e-34 0)
(-2.21064e-33 -3.90057e-33 0)
(-1.49568e-35 -1.00354e-34 0)
(2.61997e-35 -4.33927e-35 0)
(9.27698e-36 -3.11212e-35 0)
(4.84615e-36 -7.13332e-36 0)
(1.08457e-36 -1.46769e-36 0)
(2.28458e-37 -2.28633e-37 0)
(3.73806e-38 -3.50078e-38 0)
(5.73578e-39 -6.41876e-39 0)
(8.19723e-40 -2.88104e-39 0)
(-2.29023e-40 -2.58605e-39 0)
(-5.25669e-40 1.46726e-39 0)
(2.79364e-40 3.65228e-39 0)
(6.21866e-40 -8.16124e-40 0)
(-1.25776e-40 -2.30692e-39 0)
(-3.40825e-40 9.34903e-40 0)
(7.75407e-41 1.51173e-39 0)
(1.59832e-40 4.17172e-40 0)
(4.55704e-41 9.91393e-41 0)
(1.11685e-41 1.73776e-41 0)
(2.00273e-42 2.78205e-42 0)
(3.26912e-43 3.855e-43 0)
(4.60222e-44 4.98719e-44 0)
(6.04091e-45 5.88879e-45 0)
(8.03123e-46 5.8937e-46 0)
(8.10047e-46 -5.96194e-46 0)
(6.11336e-45 -5.95086e-45 0)
(4.66595e-44 -5.04607e-44 0)
(3.32197e-43 -3.90725e-43 0)
(2.04244e-42 -2.82592e-42 0)
(1.14465e-41 -1.77123e-41 0)
(4.72171e-41 -1.01529e-40 0)
(1.68708e-40 -4.31725e-40 0)
(1.09079e-40 -1.59339e-39 0)
(-2.54387e-40 -1.25496e-39 0)
(-4.75166e-40 1.16431e-39 0)
(-2.30553e-39 7.28104e-40 0)
(-2.23053e-38 -8.25272e-39 0)
(-2.00246e-37 -8.23728e-38 0)
(-1.64057e-36 -7.57588e-37 0)
(-1.28476e-35 -6.49591e-36 0)
(-8.75271e-35 -5.45732e-35 0)
(-5.66174e-34 -4.14074e-34 0)
(-2.64787e-33 -3.0477e-33 0)
(-1.12982e-32 -1.68839e-32 0)
(-1.20252e-35 -4.9232e-34 0)
(2.158e-34 -2.12763e-34 0)
(6.45699e-35 -1.55842e-34 0)
(2.70695e-35 -3.41192e-35 0)
(5.63519e-36 -6.75566e-36 0)
(1.1249e-36 -1.02399e-36 0)
(1.76119e-37 -1.46542e-37 0)
(2.60366e-38 -1.87707e-38 0)
(3.39395e-39 -2.56283e-39 0)
(3.65201e-40 -6.11165e-40 0)
(-3.75618e-41 1.86109e-40 0)
(4.11742e-41 5.23033e-40 0)
(8.85043e-41 -1.16454e-40 0)
(-2.22137e-41 -3.31242e-40 0)
(-5.30048e-41 1.34061e-40 0)
(8.78421e-42 2.18208e-40 0)
(2.16196e-41 6.13304e-41 0)
(6.31398e-42 1.48573e-41 0)
(1.57802e-42 2.64805e-42 0)
(2.87394e-43 4.2995e-43 0)
(4.75169e-44 6.03023e-44 0)
(6.76339e-45 7.87871e-45 0)
(8.95881e-46 9.38252e-46 0)
(1.20131e-46 9.44952e-47 0)
(1.21169e-46 -9.56039e-47 0)
(9.06647e-46 -9.48289e-46 0)
(6.85681e-45 -7.97343e-45 0)
(4.82764e-44 -6.11383e-44 0)
(2.92921e-43 -4.3693e-43 0)
(1.61458e-42 -2.70108e-42 0)
(6.50396e-42 -1.52353e-41 0)
(2.23326e-41 -6.36583e-41 0)
(7.06496e-42 -2.31785e-40 0)
(-1.0755e-40 -1.96647e-40 0)
(-7.58587e-40 -7.80116e-42 0)
(-7.2042e-39 -1.74989e-39 0)
(-6.82118e-38 -2.02111e-38 0)
(-6.20641e-37 -1.97258e-37 0)
(-5.21163e-36 -1.88363e-36 0)
(-4.20955e-35 -1.70964e-35 0)
(-2.98065e-34 -1.57307e-34 0)
(-2.01882e-33 -1.3484e-33 0)
(-1.0018e-32 -1.14457e-32 0)
(-4.54412e-32 -7.37678e-32 0)
(6.11565e-34 -2.78516e-33 0)
(1.93496e-33 -1.01078e-33 0)
(5.01392e-34 -7.06418e-34 0)
(1.71388e-34 -1.46831e-34 0)
(3.24588e-35 -2.7581e-35 0)
(6.08132e-36 -4.01628e-36 0)
(9.09934e-37 -5.54762e-37 0)
(1.30309e-37 -6.82268e-38 0)
(1.65332e-38 -8.06654e-39 0)
(1.9958e-39 -9.14486e-40 0)
(2.15089e-40 -7.15311e-41 0)
(2.72612e-41 4.22802e-41 0)
(1.0927e-41 -1.2139e-41 0)
(-2.12655e-42 -3.2419e-41 0)
(-5.33551e-42 1.3089e-41 0)
(7.43563e-43 2.14122e-41 0)
(2.04649e-42 6.12556e-42 0)
(6.07746e-43 1.52123e-42 0)
(1.54015e-43 2.76619e-43 0)
(2.83703e-44 4.57938e-44 0)
(4.73452e-45 6.52886e-45 0)
(6.79349e-46 8.65695e-46 0)
(9.05792e-47 1.04414e-46 0)
(1.22193e-47 1.06233e-47 0)
(1.2303e-47 -1.07489e-47 0)
(9.1334e-47 -1.05534e-46 0)
(6.84103e-46 -8.76058e-46 0)
(4.74777e-45 -6.61789e-45 0)
(2.80991e-44 -4.6508e-44 0)
(1.47215e-43 -2.8169e-43 0)
(4.98795e-43 -1.55321e-42 0)
(6.01249e-43 -6.26971e-42 0)
(-1.67245e-41 -2.16568e-41 0)
(-2.01843e-40 -6.58562e-42 0)
(-2.09374e-39 1.35915e-40 0)
(-2.13398e-38 1.2245e-39 0)
(-2.06005e-37 1.14625e-38 0)
(-1.92489e-36 9.58948e-38 0)
(-1.66467e-35 6.07017e-37 0)
(-1.40099e-34 -7.78143e-38 0)
(-1.03664e-33 -8.65795e-35 0)
(-7.53568e-33 -1.8587e-33 0)
(-4.01875e-32 -2.51803e-32 0)
(-2.16033e-31 -2.37825e-31 0)
(1.32057e-32 -1.442e-32 0)
(2.35594e-32 -5.78226e-33 0)
(4.80012e-33 -4.22449e-33 0)
(1.18435e-33 -7.66355e-34 0)
(1.95311e-34 -1.36955e-34 0)
(3.27501e-35 -1.88984e-35 0)
(4.58611e-36 -2.53696e-36 0)
(6.24354e-37 -3.03099e-37 0)
(7.64688e-38 -3.50413e-38 0)
(9.00499e-39 -3.76726e-39 0)
(9.85431e-40 -3.88381e-40 0)
(1.03992e-40 -3.37826e-41 0)
(1.09857e-41 -4.61073e-42 0)
(8.01744e-43 -3.16448e-42 0)
(-3.30618e-43 1.11791e-42 0)
(6.22094e-44 1.88186e-42 0)
(1.58235e-43 5.45118e-43 0)
(4.75314e-44 1.36657e-43 0)
(1.22339e-44 2.50731e-44 0)
(2.28291e-45 4.17799e-45 0)
(3.85645e-46 5.99203e-46 0)
(5.59182e-47 7.97916e-47 0)
(7.52557e-48 9.65999e-48 0)
(1.02531e-48 9.85578e-49 0)
(1.0471e-48 -9.91005e-49 0)
(7.81029e-48 -9.67924e-48 0)
(5.93298e-47 -7.95587e-47 0)
(4.26698e-46 -5.9107e-46 0)
(2.77463e-45 -4.02536e-45 0)
(1.81002e-44 -2.27078e-44 0)
(1.16305e-43 -1.0394e-43 0)
(9.50225e-43 -1.24162e-43 0)
(8.90092e-42 3.21952e-42 0)
(9.54441e-41 5.76689e-41 0)
(9.94714e-40 6.50664e-40 0)
(9.95214e-39 6.76931e-39 0)
(9.4184e-38 6.69975e-38 0)
(8.56015e-37 5.98327e-37 0)
(7.22191e-36 4.48034e-36 0)
(5.84331e-35 1.59042e-35 0)
(4.19128e-34 -2.67378e-34 0)
(2.86327e-33 -8.26485e-33 0)
(1.4746e-32 -1.31069e-31 0)
(6.95209e-32 -1.51062e-30 0)
(1.66761e-31 -1.06232e-31 0)
(2.05829e-31 -1.47453e-32 0)
(2.95258e-32 -1.40879e-33 0)
(6.86718e-33 -1.01729e-34 0)
(1.02073e-33 -5.17986e-36 0)
(1.65029e-34 -1.26596e-37 0)
(2.20706e-35 1.35533e-38 0)
(2.93294e-36 2.70187e-39 0)
(3.50043e-37 3.35192e-40 0)
(4.05325e-38 3.46888e-41 0)
(4.36457e-39 3.54518e-42 0)
(4.53514e-40 6.70206e-43 0)
(4.46569e-41 -4.97849e-44 0)
(4.21922e-42 -2.22345e-43 0)
(3.51089e-43 9.10197e-44 0)
(3.79073e-44 1.49883e-43 0)
(1.52496e-44 4.39011e-44 0)
(4.00601e-45 1.11474e-44 0)
(9.98408e-46 2.0685e-45 0)
(1.85712e-46 3.48205e-46 0)
(3.14312e-47 5.03882e-47 0)
(4.57515e-48 6.76194e-48 0)
(6.18283e-49 8.24224e-49 0)
(8.93063e-50 8.44711e-50 0)
(1.55406e-49 -8.59648e-50 0)
(1.61285e-48 -8.39701e-49 0)
(1.81515e-47 -6.93604e-48 0)
(2.11935e-46 -5.23483e-47 0)
(2.51716e-45 -3.70588e-46 0)
(3.0263e-44 -2.32563e-45 0)
(3.59521e-43 -1.41384e-44 0)
(4.20129e-42 -7.84786e-44 0)
(4.75112e-41 -5.47494e-43 0)
(5.20832e-40 -4.54103e-42 0)
(5.46335e-39 -4.82937e-41 0)
(5.52828e-38 -5.01196e-40 0)
(5.29555e-37 -4.85161e-39 0)
(4.89077e-36 -3.99947e-38 0)
(4.1941e-35 -2.15883e-37 0)
(3.4763e-34 1.42566e-36 0)
(2.55336e-33 6.89892e-35 0)
(1.81983e-32 1.39399e-33 0)
(9.75744e-32 1.97728e-32 0)
(5.11062e-31 2.1187e-31 0)
(1.96843e-32 -1.03486e-31 0)
(2.01932e-32 -1.13433e-32 0)
(4.18886e-33 2.52068e-33 0)
(1.05626e-33 6.37729e-34 0)
(1.77575e-34 1.29585e-34 0)
(3.02593e-35 1.86022e-35 0)
(4.28724e-36 2.53615e-36 0)
(5.89068e-37 3.04506e-37 0)
(7.26563e-38 3.52494e-38 0)
(8.60509e-39 3.78719e-39 0)
(9.46584e-40 3.92502e-40 0)
(9.9961e-41 3.85395e-41 0)
(9.985e-42 3.64164e-42 0)
(9.57999e-43 3.12724e-43 0)
(8.55881e-44 3.61856e-44 0)
(8.11115e-45 1.43879e-44 0)
(1.5887e-45 3.72869e-45 0)
(3.38511e-46 9.17821e-46 0)
(7.87005e-47 1.69705e-46 0)
(1.44278e-47 2.85976e-47 0)
(2.43663e-48 4.15141e-48 0)
(3.55591e-49 5.58718e-49 0)
(4.82278e-50 6.8276e-50 0)
(7.07646e-51 6.60528e-51 0)
(1.3283e-50 -1.31979e-50 0)
(1.40605e-49 -1.57061e-49 0)
(1.60099e-48 -1.80487e-48 0)
(1.87647e-47 -2.11984e-47 0)
(2.22237e-46 -2.55783e-46 0)
(2.64366e-45 -3.11071e-45 0)
(3.09557e-44 -3.79192e-44 0)
(3.54754e-43 -4.54224e-43 0)
(3.92896e-42 -5.33081e-42 0)
(4.19684e-41 -6.0421e-41 0)
(4.28759e-40 -6.62234e-40 0)
(4.19163e-39 -6.89835e-39 0)
(3.88047e-38 -6.80668e-38 0)
(3.41233e-37 -6.00972e-37 0)
(2.79413e-36 -4.32196e-36 0)
(2.14374e-35 -1.06544e-35 0)
(1.4741e-34 3.78559e-34 0)
(9.08892e-34 1.01206e-32 0)
(4.42865e-33 1.55605e-31 0)
(1.50712e-32 1.76056e-30 0)
(4.59528e-33 -1.12744e-32 0)
(-1.15349e-34 -1.86067e-33 0)
(1.14886e-34 3.19738e-34 0)
(8.91871e-35 1.08027e-34 0)
(2.09018e-35 2.37669e-35 0)
(4.44561e-36 3.6496e-36 0)
(7.12157e-37 5.16044e-37 0)
(1.0686e-37 6.41332e-38 0)
(1.39895e-38 7.59967e-39 0)
(1.73366e-39 8.34682e-40 0)
(1.97292e-40 8.79631e-41 0)
(2.14025e-41 8.76835e-42 0)
(2.18345e-42 8.40448e-43 0)
(2.13387e-43 7.57723e-44 0)
(1.97017e-44 7.36346e-45 0)
(1.80572e-45 1.47515e-45 0)
(2.21492e-46 3.14361e-46 0)
(3.37913e-47 7.24752e-47 0)
(6.56182e-48 1.32167e-47 0)
(1.13481e-48 2.22234e-48 0)
(1.87295e-49 3.23384e-49 0)
(2.71288e-50 4.36642e-50 0)
(3.54354e-51 5.35834e-51 0)
(-1.36744e-51 5.7157e-52 0)
(-2.65877e-50 -2.65776e-52 0)
(-3.79095e-49 -1.15558e-51 0)
(-5.23778e-48 1.62327e-50 0)
(-7.03373e-47 5.05688e-49 0)
(-9.1607e-46 8.93405e-48 0)
(-1.15878e-44 1.32199e-46 0)
(-1.41765e-43 1.76778e-45 0)
(-1.68199e-42 2.21655e-44 0)
(-1.92132e-41 2.64961e-43 0)
(-2.12488e-40 3.03336e-42 0)
(-2.24679e-39 3.3863e-41 0)
(-2.29782e-38 3.70617e-40 0)
(-2.22159e-37 4.22463e-39 0)
(-2.08003e-36 5.25599e-38 0)
(-1.80262e-35 7.68026e-37 0)
(-1.52143e-34 1.23054e-35 0)
(-1.12884e-33 1.97993e-34 0)
(-8.23841e-33 2.83897e-33 0)
(-4.40768e-32 3.37388e-32 0)
(-2.38289e-31 2.97092e-31 0)
(5.66808e-34 -2.31558e-33 0)
(-1.65028e-34 -3.9442e-34 0)
(-2.48245e-35 2.00475e-35 0)
(3.74094e-36 1.37054e-35 0)
(1.73487e-36 3.66793e-36 0)
(4.74509e-37 6.22999e-37 0)
(8.53256e-38 9.51823e-38 0)
(1.37588e-38 1.25083e-38 0)
(1.8917e-39 1.54926e-39 0)
(2.42819e-40 1.76028e-40 0)
(2.84012e-41 1.90623e-41 0)
(3.1471e-42 1.94157e-42 0)
(3.26743e-43 1.89535e-43 0)
(3.2401e-44 1.75395e-44 0)
(3.04303e-45 1.61997e-45 0)
(2.78477e-46 2.01881e-46 0)
(2.88443e-47 3.10837e-47 0)
(3.50765e-48 6.02864e-48 0)
(5.57786e-49 1.03934e-48 0)
(8.83839e-50 1.70912e-49 0)
(1.40163e-50 2.46971e-50 0)
(2.0041e-51 3.32888e-51 0)
(3.22326e-52 4.37097e-52 0)
(8.24706e-52 4.79659e-52 0)
(1.13609e-50 6.4384e-51 0)
(1.58907e-49 9.32272e-50 0)
(2.16385e-48 1.31623e-48 0)
(2.86704e-47 1.8076e-47 0)
(3.68528e-46 2.41555e-46 0)
(4.59729e-45 3.13257e-45 0)
(5.54176e-44 3.94616e-44 0)
(6.46481e-43 4.80792e-43 0)
(7.24901e-42 5.67863e-42 0)
(7.84186e-41 6.45628e-41 0)
(8.09164e-40 7.10208e-40 0)
(8.02951e-39 7.47091e-39 0)
(7.50756e-38 7.60096e-38 0)
(6.73186e-37 7.334e-37 0)
(5.56108e-36 6.8891e-36 0)
(4.39575e-35 6.0883e-35 0)
(3.03676e-34 5.34711e-34 0)
(1.99169e-33 4.30002e-33 0)
(9.53637e-33 3.40265e-32 0)
(4.13227e-32 2.04614e-31 0)
(8.33653e-35 -2.79062e-34 0)
(-3.69901e-35 -5.44582e-35 0)
(-7.11934e-36 -6.53773e-37 0)
(-4.76732e-37 1.22218e-36 0)
(8.08853e-38 4.06903e-37 0)
(4.24532e-38 7.60099e-38 0)
(9.08508e-39 1.23689e-38 0)
(1.61475e-39 1.70185e-39 0)
(2.35548e-40 2.18098e-40 0)
(3.15434e-41 2.54622e-41 0)
(3.80592e-42 2.8164e-42 0)
(4.32051e-43 2.91962e-43 0)
(4.57231e-44 2.89178e-44 0)
(4.60561e-45 2.71724e-45 0)
(4.39042e-46 2.49418e-46 0)
(4.03993e-47 2.6061e-47 0)
(3.86271e-48 3.19827e-48 0)
(4.01877e-49 5.10408e-49 0)
(5.17712e-50 8.08299e-50 0)
(7.19765e-51 1.27863e-50 0)
(1.06175e-51 1.82103e-51 0)
(1.70009e-52 2.45716e-52 0)
(3.77392e-52 5.88109e-53 0)
(5.30014e-51 4.42076e-52 0)
(7.64578e-50 6.50364e-51 0)
(1.07612e-48 9.40549e-50 0)
(1.47416e-47 1.32675e-48 0)
(1.96576e-46 1.82174e-47 0)
(2.54423e-45 2.43543e-46 0)
(3.19868e-44 3.16071e-45 0)
(3.88924e-43 3.98591e-44 0)
(4.58307e-42 4.86262e-43 0)
(5.19751e-41 5.7526e-42 0)
(5.69961e-40 6.55369e-41 0)
(5.9723e-39 7.23171e-40 0)
(6.04065e-38 7.64944e-39 0)
(5.77222e-37 7.87675e-38 0)
(5.32365e-36 7.81239e-37 0)
(4.54218e-35 7.79689e-36 0)
(3.75209e-34 7.78285e-35 0)
(2.72532e-33 8.26565e-34 0)
(1.92432e-32 8.60935e-33 0)
(9.99406e-32 8.58051e-32 0)
(5.06654e-31 6.62465e-31 0)
(9.55911e-36 -3.97128e-35 0)
(-4.65288e-36 -8.03555e-36 0)
(-9.9689e-37 -6.24768e-37 0)
(-1.19257e-37 5.84066e-38 0)
(-2.40796e-39 3.78019e-38 0)
(3.02438e-39 8.22806e-39 0)
(8.17406e-40 1.46339e-39 0)
(1.60985e-40 2.1302e-40 0)
(2.48791e-41 2.84522e-41 0)
(3.46494e-42 3.42551e-42 0)
(4.30219e-43 3.88144e-43 0)
(4.99192e-44 4.10149e-44 0)
(5.37622e-45 4.12639e-45 0)
(5.49275e-46 3.93249e-46 0)
(5.30303e-47 3.62212e-47 0)
(4.91766e-48 3.47754e-48 0)
(4.562e-49 3.64013e-49 0)
(4.38807e-50 4.71361e-50 0)
(4.8736e-51 6.56494e-51 0)
(5.96281e-52 9.66185e-52 0)
(8.24939e-53 1.33101e-52 0)
(4.61183e-53 1.62321e-53 0)
(5.40479e-52 -1.83123e-53 0)
(7.98513e-51 -3.0952e-52 0)
(1.15368e-49 -4.58366e-51 0)
(1.62574e-48 -6.61612e-50 0)
(2.22995e-47 -9.31347e-49 0)
(2.9778e-46 -1.27606e-47 0)
(3.85992e-45 -1.7019e-46 0)
(4.86106e-44 -2.20313e-45 0)
(5.92126e-43 -2.77024e-44 0)
(6.99222e-42 -3.36819e-43 0)
(7.94739e-41 -3.96625e-42 0)
(8.73829e-40 -4.4849e-41 0)
(9.18226e-39 -4.86982e-40 0)
(9.31995e-38 -4.94586e-39 0)
(8.93864e-37 -4.54458e-38 0)
(8.28443e-36 -3.12958e-37 0)
(7.10376e-35 -5.94841e-38 0)
(5.91189e-34 5.86164e-35 0)
(4.32524e-33 1.50677e-33 0)
(3.09446e-32 2.66655e-32 0)
(1.62615e-31 3.5957e-31 0)
(8.51444e-31 3.6964e-30 0)
(1.13973e-36 -4.4772e-36 0)
(-5.62778e-37 -9.65595e-37 0)
(-1.25811e-37 -1.13849e-37 0)
(-1.97621e-38 -2.32514e-39 0)
(-1.5327e-39 2.789e-39 0)
(1.18005e-40 7.4973e-40 0)
(6.18652e-41 1.46738e-40 0)
(1.44234e-41 2.25812e-41 0)
(2.4098e-42 3.13419e-42 0)
(3.52451e-43 3.88194e-43 0)
(4.52459e-44 4.4954e-44 0)
(5.38172e-45 4.83403e-45 0)
(5.90768e-46 4.93269e-46 0)
(6.12811e-47 4.75938e-47 0)
(5.99254e-48 4.41413e-48 0)
(5.60759e-49 4.10302e-49 0)
(5.14005e-50 3.96105e-50 0)
(4.73661e-51 4.41932e-51 0)
(4.74129e-52 5.42153e-52 0)
(5.15468e-53 7.29646e-53 0)
(6.30166e-54 9.3408e-54 0)
(1.78183e-54 -2.89934e-54 0)
(1.54712e-53 -6.39879e-53 0)
(2.27886e-52 -9.72536e-52 0)
(3.29445e-51 -1.44075e-50 0)
(4.64573e-50 -2.08209e-49 0)
(6.37708e-49 -2.93475e-48 0)
(8.52282e-48 -4.0265e-47 0)
(1.10574e-46 -5.37839e-46 0)
(1.39394e-45 -6.97378e-45 0)
(1.69979e-44 -8.78524e-44 0)
(2.00971e-43 -1.07038e-42 0)
(2.28728e-42 -1.26387e-41 0)
(2.51884e-41 -1.4348e-40 0)
(2.65123e-40 -1.57008e-39 0)
(2.69647e-39 -1.62424e-38 0)
(2.59169e-38 -1.57243e-37 0)
(2.40868e-37 -1.30428e-36 0)
(2.07126e-36 -7.30724e-36 0)
(1.73071e-35 3.80259e-35 0)
(1.27116e-34 2.06907e-33 0)
(9.15487e-34 4.23862e-32 0)
(4.83898e-33 6.03498e-31 0)
(2.57118e-32 6.47746e-30 0)
(1.18644e-37 -5.2339e-37 0)
(-5.80559e-38 -1.16132e-37 0)
(-1.35423e-38 -1.7861e-38 0)
(-2.46518e-39 -1.33669e-39 0)
(-2.55313e-40 1.18147e-40 0)
(-6.63468e-42 5.75792e-41 0)
(3.6473e-42 1.32231e-41 0)
(1.12881e-42 2.1948e-42 0)
(2.08002e-43 3.19633e-43 0)
(3.21315e-44 4.09178e-44 0)
(4.27269e-45 4.85654e-45 0)
(5.21176e-46 5.3226e-46 0)
(5.83137e-47 5.5141e-47 0)
(6.14007e-48 5.38776e-48 0)
(6.07883e-49 5.04012e-49 0)
(5.7418e-50 4.62362e-50 0)
(5.25152e-51 4.26914e-51 0)
(4.74322e-52 4.28707e-52 0)
(4.46416e-53 4.67516e-53 0)
(4.30723e-54 5.66131e-54 0)
(-1.79367e-54 6.02116e-55 0)
(-3.53523e-53 -1.4439e-54 0)
(-5.3682e-52 -2.37146e-53 0)
(-7.95104e-51 -3.5943e-52 0)
(-1.14878e-49 -5.3194e-51 0)
(-1.61885e-48 -7.67913e-50 0)
(-2.2205e-47 -1.08114e-48 0)
(-2.96519e-46 -1.48149e-47 0)
(-3.84358e-45 -1.97617e-46 0)
(-4.84048e-44 -2.55855e-45 0)
(-5.89617e-43 -3.21766e-44 0)
(-6.96256e-42 -3.9129e-43 0)
(-7.91363e-41 -4.60894e-42 0)
(-8.7011e-40 -5.21425e-41 0)
(-9.14307e-39 -5.66892e-40 0)
(-9.28007e-38 -5.77788e-39 0)
(-8.90021e-37 -5.36811e-38 0)
(-8.24871e-36 -3.86518e-37 0)
(-7.07295e-35 -6.15017e-37 0)
(-5.88625e-34 5.65145e-35 0)
(-4.30639e-33 1.53603e-33 0)
(-3.08125e-32 2.76164e-32 0)
(-1.61929e-31 3.74715e-31 0)
(-8.48286e-31 3.87097e-30 0)
(1.22313e-38 -5.38837e-38 0)
(-5.88162e-39 -1.24082e-38 0)
(-1.40569e-39 -2.22032e-39 0)
(-2.86252e-40 -2.25574e-40 0)
(-3.47244e-41 -4.85037e-42 0)
(-2.51934e-42 3.46822e-42 0)
(8.31471e-44 1.04146e-42 0)
(7.40523e-44 1.90226e-43 0)
(1.61614e-44 2.92423e-44 0)
(2.69827e-45 3.87703e-45 0)
(3.75246e-46 4.719e-46 0)
(4.71758e-47 5.27175e-47 0)
(5.39463e-48 5.54397e-48 0)
(5.77507e-49 5.48406e-49 0)
(5.79322e-50 5.17753e-50 0)
(5.52779e-51 4.73636e-51 0)
(5.06855e-52 4.28024e-52 0)
(4.53906e-53 4.03808e-53 0)
(4.11179e-54 4.20337e-54 0)
(2.73172e-55 5.02909e-55 0)
(-1.59246e-54 1.72367e-55 0)
(-2.52348e-53 1.70358e-54 0)
(-3.82263e-52 2.63175e-53 0)
(-5.65579e-51 3.99381e-52 0)
(-8.16239e-50 5.92176e-51 0)
(-1.14881e-48 8.56598e-50 0)
(-1.57369e-47 1.20868e-48 0)
(-2.09837e-46 1.66022e-47 0)
(-2.71568e-45 2.22049e-46 0)
(-3.41396e-44 2.8832e-45 0)
(-4.15058e-43 3.63805e-44 0)
(-4.89046e-42 4.44103e-43 0)
(-5.54531e-41 5.25771e-42 0)
(-6.07997e-40 5.99482e-41 0)
(-6.36953e-39 6.62229e-40 0)
(-6.44083e-38 7.0156e-39 0)
(-6.15273e-37 7.24413e-38 0)
(-5.67253e-36 7.22312e-37 0)
(-4.83763e-35 7.28442e-36 0)
(-3.99411e-34 7.40258e-35 0)
(-2.89921e-33 8.04603e-34 0)
(-2.04595e-32 8.58373e-33 0)
(-1.06175e-31 8.69761e-32 0)
(-5.38298e-31 6.8047e-31 0)
(-7.20957e-35 3.5723e-30 0)
(8.28769e-40 -7.07287e-39 0)
(-3.94668e-40 -1.67458e-39 0)
(-9.60655e-41 -3.42902e-40 0)
(-2.05437e-41 -4.229e-41 0)
(-2.64478e-42 -3.3056e-42 0)
(-2.31802e-43 3.78294e-44 0)
(-3.81145e-45 7.74503e-44 0)
(3.70611e-45 1.76831e-44 0)
(9.38615e-46 3.00382e-45 0)
(1.65606e-46 4.21604e-46 0)
(2.37147e-47 5.33147e-47 0)
(3.03794e-48 6.12169e-48 0)
(3.52023e-49 6.57331e-49 0)
(3.80583e-50 6.60995e-50 0)
(3.8476e-51 6.31515e-51 0)
(3.6943e-52 5.77132e-52 0)
(3.41331e-53 4.8378e-53 0)
(3.4429e-54 4.55593e-54 0)
(3.35964e-55 3.36067e-54 0)
(-1.71351e-55 9.62436e-55 0)
(-4.59676e-55 3.48745e-55 0)
(-6.30421e-54 1.44027e-54 0)
(-9.4987e-53 2.15541e-53 0)
(-1.40101e-51 3.26464e-52 0)
(-2.01513e-50 4.83241e-51 0)
(-2.82553e-49 6.97766e-50 0)
(-3.85459e-48 9.8263e-49 0)
(-5.11587e-47 1.3469e-47 0)
(-6.58712e-46 1.79725e-46 0)
(-8.23245e-45 2.32785e-45 0)
(-9.94423e-44 2.92907e-44 0)
(-1.16287e-42 3.56474e-43 0)
(-1.3076e-41 4.2052e-42 0)
(-1.41935e-40 4.775e-41 0)
(-1.47046e-39 5.24467e-40 0)
(-1.4664e-38 5.50803e-39 0)
(-1.37932e-37 5.59203e-38 0)
(-1.24609e-36 5.3823e-37 0)
(-1.03904e-35 5.03714e-36 0)
(-8.30852e-35 4.42986e-35 0)
(-5.82536e-34 3.86115e-34 0)
(-3.88443e-33 3.07566e-33 0)
(-1.90121e-32 2.40646e-32 0)
(-8.3749e-32 1.43127e-31 0)
(-1.02935e-35 7.06165e-31 0)
(-3.50072e-39 -1.75622e-38 0)
(1.65326e-39 -4.15106e-39 0)
(4.06776e-40 -8.46462e-40 0)
(9.05373e-41 -1.04064e-40 0)
(1.22419e-41 -8.0961e-42 0)
(1.2343e-42 9.67576e-44 0)
(6.04354e-44 1.90178e-43 0)
(-8.67822e-45 4.32896e-44 0)
(-3.01762e-45 7.34055e-45 0)
(-5.79874e-46 1.02884e-45 0)
(-8.63703e-47 1.29963e-46 0)
(-1.13284e-47 1.49086e-47 0)
(-1.33333e-48 1.59963e-48 0)
(-1.45793e-49 1.60708e-49 0)
(-1.48653e-50 1.52776e-50 0)
(-1.43481e-51 1.35805e-51 0)
(-1.29296e-52 6.57713e-53 0)
(-4.62523e-54 9.13514e-54 0)
(1.193e-55 5.09555e-53 0)
(-3.07318e-54 1.56352e-53 0)
(-1.06157e-54 4.38939e-54 0)
(-1.67498e-54 1.20728e-54 0)
(-2.11505e-53 5.62653e-54 0)
(-3.10767e-52 8.27476e-53 0)
(-4.46254e-51 1.2206e-51 0)
(-6.24482e-50 1.75628e-50 0)
(-8.49895e-49 2.46362e-49 0)
(-1.12476e-47 3.36245e-48 0)
(-1.44329e-46 4.46506e-47 0)
(-1.79642e-45 5.75259e-46 0)
(-2.15946e-44 7.19436e-45 0)
(-2.51058e-43 8.69703e-44 0)
(-2.80353e-42 1.01793e-42 0)
(-3.01765e-41 1.14581e-41 0)
(-3.09473e-40 1.24529e-40 0)
(-3.04791e-39 1.29223e-39 0)
(-2.82297e-38 1.2916e-38 0)
(-2.50159e-37 1.21943e-37 0)
(-2.03504e-36 1.10889e-36 0)
(-1.57817e-35 9.36407e-36 0)
(-1.0626e-34 7.65417e-35 0)
(-6.76761e-34 5.57836e-34 0)
(-3.10809e-33 3.89794e-33 0)
(-1.30406e-32 2.03976e-32 0)
(-8.15247e-37 9.0363e-32 0)
(-3.8185e-38 -1.68598e-37 0)
(1.83196e-38 -3.89997e-38 0)
(4.39662e-39 -7.15125e-39 0)
(9.09457e-40 -7.60303e-40 0)
(1.1291e-40 -2.80272e-41 0)
(8.96053e-42 8.60813e-42 0)
(-6.41288e-44 2.89982e-42 0)
(-1.99482e-43 5.45542e-43 0)
(-4.60168e-44 8.50792e-44 0)
(-7.8457e-45 1.13733e-44 0)
(-1.1028e-45 1.392e-45 0)
(-1.39578e-46 1.5611e-46 0)
(-1.60333e-47 1.64654e-47 0)
(-1.72221e-48 1.63167e-48 0)
(-1.73196e-49 1.52994e-49 0)
(-1.65314e-50 1.32783e-50 0)
(-1.46455e-51 2.71591e-52 0)
(-1.30178e-53 8.25804e-53 0)
(7.55773e-54 8.44026e-52 0)
(-5.19079e-53 2.59196e-52 0)
(-1.64896e-53 7.24042e-53 0)
(-4.92971e-54 1.41977e-53 0)
(-4.39303e-54 3.73263e-54 0)
(-5.11372e-53 1.89843e-53 0)
(-7.3033e-52 2.74257e-52 0)
(-1.01929e-50 3.93896e-51 0)
(-1.38309e-49 5.51415e-50 0)
(-1.82409e-48 7.50765e-49 0)
(-2.33158e-47 9.94025e-48 0)
(-2.88892e-46 1.2762e-46 0)
(-3.45496e-45 1.58938e-45 0)
(-3.99248e-44 1.91184e-44 0)
(-4.42776e-43 2.22437e-43 0)
(-4.72674e-42 2.4861e-42 0)
(-4.80176e-41 2.67868e-41 0)
(-4.67432e-40 2.75052e-40 0)
(-4.27093e-39 2.71309e-39 0)
(-3.72001e-38 2.51837e-38 0)
(-2.96485e-37 2.23883e-37 0)
(-2.23864e-36 1.83135e-36 0)
(-1.45969e-35 1.43267e-35 0)
(-8.92192e-35 9.79676e-35 0)
(-3.90294e-34 6.36113e-34 0)
(-1.54881e-33 3.01787e-33 0)
(6.12042e-36 1.28406e-32 0)
(-3.72744e-37 -1.64281e-36 0)
(1.81865e-37 -3.66972e-37 0)
(4.26267e-38 -5.84814e-38 0)
(7.95424e-39 -4.8226e-39 0)
(8.61115e-40 2.28097e-40 0)
(3.51659e-41 1.56413e-40 0)
(-8.92483e-42 3.77004e-41 0)
(-3.13744e-42 6.37179e-42 0)
(-5.96566e-43 9.37421e-43 0)
(-9.35621e-44 1.20758e-43 0)
(-1.25492e-44 1.43964e-44 0)
(-1.53959e-45 1.58288e-45 0)
(-1.72964e-46 1.64392e-46 0)
(-1.82694e-47 1.60813e-47 0)
(-1.81295e-48 1.48515e-48 0)
(-1.71115e-49 1.24547e-49 0)
(-1.47902e-50 -3.55799e-51 0)
(6.3137e-52 6.76536e-52 0)
(1.96345e-52 1.36716e-50 0)
(-8.60371e-52 4.19281e-51 0)
(-2.73263e-52 1.17011e-51 0)
(-7.79713e-53 2.27661e-52 0)
(-1.58325e-53 4.04676e-53 0)
(-1.02055e-53 9.20761e-54 0)
(-1.07322e-52 4.75068e-53 0)
(-1.48881e-51 6.69501e-52 0)
(-2.01468e-50 9.3535e-51 0)
(-2.64875e-49 1.27079e-49 0)
(-3.37326e-48 1.6782e-48 0)
(-4.16187e-47 2.14829e-47 0)
(-4.95249e-46 2.66596e-46 0)
(-5.69005e-45 3.19405e-45 0)
(-6.26722e-44 3.69783e-44 0)
(-6.63759e-43 4.11019e-43 0)
(-6.67831e-42 4.39762e-42 0)
(-6.42925e-41 4.48054e-41 0)
(-5.79277e-40 4.37408e-40 0)
(-4.96524e-39 4.01344e-39 0)
(-3.8733e-38 3.50969e-38 0)
(-2.85584e-37 2.81738e-37 0)
(-1.79771e-36 2.14169e-36 0)
(-1.06211e-35 1.41806e-35 0)
(-4.34896e-35 8.77846e-35 0)
(-1.66851e-34 4.00464e-34 0)
(6.08178e-35 1.62757e-33 0)
(-3.58405e-36 -1.42442e-35 0)
(1.76493e-36 -3.09625e-36 0)
(3.97361e-37 -3.92687e-37 0)
(6.46377e-38 -1.52194e-38 0)
(5.4913e-39 7.10631e-39 0)
(-2.14444e-40 2.08882e-39 0)
(-1.6751e-40 4.21013e-40 0)
(-4.10839e-41 6.56813e-41 0)
(-6.99296e-42 9.19399e-42 0)
(-1.03343e-42 1.14512e-42 0)
(-1.33513e-43 1.33153e-43 0)
(-1.59519e-44 1.43624e-44 0)
(-1.7568e-45 1.4691e-45 0)
(-1.82717e-46 1.41817e-46 0)
(-1.79016e-47 1.28324e-47 0)
(-1.67053e-48 1.00906e-48 0)
(-1.39088e-49 -1.4015e-49 0)
(1.91296e-50 3.81496e-51 0)
(3.91425e-51 2.16476e-49 0)
(-1.39415e-50 6.62011e-50 0)
(-4.4219e-51 1.84464e-50 0)
(-1.26e-51 3.57892e-51 0)
(-2.47102e-52 6.31964e-52 0)
(-4.33165e-53 9.56632e-53 0)
(3.27834e-54 2.93644e-53 0)
(1.46357e-52 2.38315e-52 0)
(2.1358e-51 3.35403e-51 0)
(3.00532e-50 4.62649e-50 0)
(4.1128e-49 6.20476e-49 0)
(5.44065e-48 8.08029e-48 0)
(6.98714e-47 1.02007e-46 0)
(8.63023e-46 1.24654e-45 0)
(1.03284e-44 1.47116e-44 0)
(1.18017e-43 1.67409e-43 0)
(1.30418e-42 1.83062e-42 0)
(1.36074e-41 1.92027e-41 0)
(1.37134e-40 1.92193e-40 0)
(1.2809e-39 1.83268e-39 0)
(1.15615e-38 1.64911e-38 0)
(9.34787e-38 1.40031e-37 0)
(7.33794e-37 1.10018e-36 0)
(4.79008e-36 8.03514e-36 0)
(3.08016e-35 5.19101e-35 0)
(1.31897e-34 3.01812e-34 0)
(5.83565e-34 1.32946e-33 0)
(-3.05091e-35 -1.25869e-34 0)
(1.48185e-35 -2.57842e-35 0)
(3.20476e-36 -2.27423e-36 0)
(4.13651e-37 1.13193e-37 0)
(1.62893e-38 1.04396e-37 0)
(-7.67943e-39 2.35822e-38 0)
(-2.27437e-39 4.26382e-39 0)
(-4.61606e-40 6.26026e-40 0)
(-7.23405e-41 8.40981e-41 0)
(-1.01622e-41 1.01649e-41 0)
(-1.26892e-42 1.15525e-42 0)
(-1.47847e-43 1.22353e-43 0)
(-1.59725e-44 1.23319e-44 0)
(-1.63623e-45 1.17374e-45 0)
(-1.58255e-46 1.02988e-46 0)
(-1.4584e-47 7.08779e-48 0)
(-1.13165e-48 -2.89222e-48 0)
(3.96854e-49 -7.34657e-52 0)
(6.95094e-50 3.3382e-48 0)
(-2.20878e-49 1.01688e-48 0)
(-6.98486e-50 2.82726e-49 0)
(-1.98704e-50 5.46834e-50 0)
(-3.88584e-51 9.63657e-51 0)
(-6.79714e-52 1.44296e-51 0)
(5.11692e-53 2.56249e-52 0)
(2.20501e-51 8.69811e-52 0)
(3.09902e-50 1.21386e-50 0)
(4.20768e-49 1.69858e-49 0)
(5.55281e-48 2.31231e-48 0)
(7.10251e-47 3.06119e-47 0)
(8.80721e-46 3.92991e-46 0)
(1.05417e-44 4.89418e-45 0)
(1.21939e-43 5.88746e-44 0)
(1.35377e-42 6.8506e-43 0)
(1.44702e-41 7.65839e-42 0)
(1.47198e-40 8.25417e-41 0)
(1.43533e-39 8.47975e-40 0)
(1.31381e-38 8.36975e-39 0)
(1.14698e-37 7.77653e-38 0)
(9.16363e-37 6.92213e-37 0)
(6.94147e-36 5.67292e-36 0)
(4.5412e-35 4.44921e-35 0)
(2.78767e-34 3.05329e-34 0)
(1.22432e-33 1.99109e-33 0)
(4.87768e-33 9.49316e-33 0)
(-2.65158e-34 -9.09273e-34 0)
(1.1807e-34 -1.79952e-34 0)
(2.31485e-35 -5.72002e-36 0)
(1.86579e-36 3.11339e-36 0)
(-1.745e-37 1.14262e-36 0)
(-1.17384e-37 2.18716e-37 0)
(-2.60295e-38 3.60476e-38 0)
(-4.7032e-39 4.99676e-39 0)
(-6.92055e-40 6.43702e-40 0)
(-9.32184e-41 7.54334e-41 0)
(-1.12923e-41 8.36834e-42 0)
(-1.28581e-42 8.69483e-43 0)
(-1.36392e-43 8.62735e-44 0)
(-1.37695e-44 8.06941e-45 0)
(-1.3141e-45 6.63021e-46 0)
(-1.19307e-46 2.84803e-47 0)
(-8.01467e-48 -5.01614e-47 0)
(6.94134e-48 -5.452e-49 0)
(1.13452e-48 5.02092e-47 0)
(-3.40868e-48 1.52185e-47 0)
(-1.07345e-48 4.2192e-48 0)
(-3.04671e-49 8.13074e-49 0)
(-5.9399e-50 1.42939e-49 0)
(-1.04652e-50 2.13089e-50 0)
(-6.33507e-52 3.17523e-51 0)
(1.3348e-50 3.87427e-51 0)
(1.89887e-49 5.05321e-50 0)
(2.58562e-48 7.08458e-49 0)
(3.42334e-47 9.67295e-48 0)
(4.39498e-46 1.2851e-46 0)
(5.47345e-45 1.65662e-45 0)
(6.5838e-44 2.07327e-44 0)
(7.66012e-43 2.50842e-43 0)
(8.56121e-42 2.93895e-42 0)
(9.22459e-41 3.31225e-41 0)
(9.47111e-40 3.60528e-40 0)
(9.34129e-39 3.74805e-39 0)
(8.66583e-38 3.75494e-38 0)
(7.69542e-37 3.55568e-37 0)
(6.27492e-36 3.24621e-36 0)
(4.88164e-35 2.75634e-35 0)
(3.29809e-34 2.2698e-34 0)
(2.11025e-33 1.67115e-33 0)
(9.73205e-33 1.18068e-32 0)
(4.1058e-32 6.25962e-32 0)
(-1.86128e-33 -7.39585e-33 0)
(5.69801e-34 -1.2929e-33 0)
(9.16742e-35 3.90309e-35 0)
(-7.20187e-36 3.83029e-35 0)
(-4.6038e-36 1.06578e-35 0)
(-1.3375e-36 1.83207e-36 0)
(-2.45631e-37 2.81859e-37 0)
(-4.00934e-38 3.71936e-38 0)
(-5.55315e-39 4.62081e-39 0)
(-7.1655e-40 5.26188e-40 0)
(-8.413e-41 5.70837e-41 0)
(-9.35009e-42 5.82188e-42 0)
(-9.73049e-43 5.68848e-43 0)
(-9.67528e-44 5.19577e-44 0)
(-9.092e-45 3.66023e-45 0)
(-8.06953e-46 -1.08315e-46 0)
(-3.338e-47 -7.75994e-46 0)
(1.11912e-46 -1.13861e-47 0)
(1.75835e-47 7.32674e-46 0)
(-5.13173e-47 2.20835e-46 0)
(-1.60748e-47 6.10098e-47 0)
(-4.54873e-48 1.17094e-47 0)
(-8.83563e-49 2.05273e-48 0)
(-1.55962e-49 3.0497e-49 0)
(-1.93193e-50 4.29e-50 0)
(5.482e-50 1.89071e-50 0)
(8.13806e-49 1.98359e-49 0)
(1.11116e-47 2.7871e-48 0)
(1.47544e-46 3.8235e-47 0)
(1.90083e-45 5.10686e-46 0)
(2.37726e-44 6.62143e-45 0)
(2.87394e-43 8.34144e-44 0)
(3.36413e-42 1.01646e-42 0)
(3.78736e-41 1.20087e-41 0)
(4.11706e-40 1.36578e-40 0)
(4.27282e-39 1.50305e-39 0)
(4.27032e-38 1.58192e-38 0)
(4.0274e-37 1.61059e-37 0)
(3.65049e-36 1.55543e-36 0)
(3.0565e-35 1.46319e-35 0)
(2.45651e-34 1.2958e-34 0)
(1.73328e-33 1.14188e-33 0)
(1.1639e-32 9.2223e-33 0)
(5.74526e-32 7.33497e-32 0)
(2.54578e-31 4.43121e-31 0)
(-1.47668e-32 -3.88923e-32 0)
(7.61813e-34 -6.60106e-33 0)
(-2.44612e-34 7.80207e-34 0)
(-2.4697e-34 3.02626e-34 0)
(-5.98337e-35 6.87852e-35 0)
(-1.29672e-35 1.06895e-35 0)
(-2.09583e-36 1.52175e-36 0)
(-3.16436e-37 1.8993e-37 0)
(-4.15907e-38 2.25774e-38 0)
(-5.16982e-39 2.48574e-39 0)
(-5.89651e-40 2.6248e-40 0)
(-6.40825e-41 2.61993e-41 0)
(-6.54717e-42 2.51234e-42 0)
(-6.41717e-43 2.16162e-43 0)
(-5.91613e-44 4.97687e-45 0)
(-5.04811e-45 -5.55619e-45 0)
(9.96739e-47 -1.13538e-44 0)
(1.68312e-45 -1.85929e-46 0)
(2.59138e-46 1.04094e-44 0)
(-7.49651e-46 3.11666e-45 0)
(-2.33419e-46 8.57327e-46 0)
(-6.58079e-47 1.63755e-46 0)
(-1.27301e-47 2.86089e-47 0)
(-2.24345e-48 4.23489e-48 0)
(-3.18459e-49 5.82037e-49 0)
(1.86068e-49 8.01369e-50 0)
(3.26544e-48 1.23956e-49 0)
(4.48456e-47 1.63409e-48 0)
(5.98526e-46 2.24746e-47 0)
(7.75363e-45 3.01199e-46 0)
(9.75819e-44 3.91935e-45 0)
(1.18779e-42 4.95744e-44 0)
(1.40149e-41 6.0674e-43 0)
(1.59155e-40 7.20555e-42 0)
(1.74817e-39 8.24644e-41 0)
(1.83498e-38 9.16136e-40 0)
(1.86006e-37 9.80076e-39 0)
(1.78144e-36 1.03329e-37 0)
(1.64811e-35 1.07744e-36 0)
(1.41052e-34 1.18551e-35 0)
(1.17074e-33 1.384e-34 0)
(8.54124e-33 1.75466e-33 0)
(6.08236e-32 2.14942e-32 0)
(3.18011e-31 2.36626e-31 0)
(1.64611e-30 1.97286e-30 0)
(-6.94082e-32 -3.27185e-31 0)
(-5.64651e-32 -3.84587e-32 0)
(-1.18273e-32 7.09016e-33 0)
(-3.02042e-33 1.88161e-33 0)
(-5.13325e-34 3.88777e-34 0)
(-8.82635e-35 5.61092e-35 0)
(-1.25857e-35 7.66926e-36 0)
(-1.73794e-36 9.21882e-37 0)
(-2.15167e-37 1.06788e-37 0)
(-2.55603e-38 1.14783e-38 0)
(-2.81852e-39 1.18998e-39 0)
(-2.98238e-40 1.16761e-40 0)
(-2.98428e-41 1.10028e-41 0)
(-2.88256e-42 7.9914e-43 0)
(-2.5543e-43 -1.24093e-43 0)
(-1.89509e-44 -9.19759e-44 0)
(5.93305e-45 -1.56963e-43 0)
(2.42912e-44 -2.61182e-45 0)
(3.68676e-45 1.42827e-43 0)
(-1.0664e-44 4.24636e-44 0)
(-3.29685e-45 1.16208e-44 0)
(-9.25282e-46 2.20792e-45 0)
(-1.78116e-46 3.84192e-46 0)
(-3.12947e-47 5.66498e-47 0)
(-4.63539e-48 7.7537e-48 0)
(-4.54123e-49 9.33588e-49 0)
(2.54029e-48 -2.66405e-49 0)
(3.59438e-47 -5.31646e-48 0)
(4.8037e-46 -7.31022e-47 0)
(6.23033e-45 -9.76412e-46 0)
(7.85142e-44 -1.26595e-44 0)
(9.57038e-43 -1.59466e-43 0)
(1.13103e-41 -1.94274e-42 0)
(1.28661e-40 -2.29371e-41 0)
(1.41607e-39 -2.60363e-40 0)
(1.48954e-38 -2.8488e-39 0)
(1.51388e-37 -2.94663e-38 0)
(1.45385e-36 -2.85218e-37 0)
(1.34995e-35 -2.36504e-36 0)
(1.15957e-34 -1.32392e-35 0)
(9.67796e-34 6.92347e-35 0)
(7.09765e-33 3.75618e-33 0)
(5.10479e-32 7.69121e-32 0)
(2.69201e-31 1.09469e-30 0)
(1.42824e-30 1.17453e-29 0)
(-5.16729e-31 -6.13274e-31 0)
(-6.21148e-31 -8.51213e-32 0)
(-8.89287e-32 -8.13112e-33 0)
(-2.07044e-32 -5.86928e-34 0)
(-3.0795e-33 -2.98372e-35 0)
(-4.9843e-34 -7.21068e-37 0)
(-6.67088e-35 7.96223e-38 0)
(-8.87126e-36 1.57725e-38 0)
(-1.05935e-36 1.96151e-39 0)
(-1.22724e-37 2.07139e-40 0)
(-1.32205e-38 2.06361e-41 0)
(-1.37421e-39 1.52145e-42 0)
(-1.35392e-40 -6.47586e-43 0)
(-1.30042e-41 -2.69488e-42 0)
(-1.04922e-42 -2.817e-42 0)
(-4.15669e-44 -1.31339e-42 0)
(9.93804e-44 -2.09906e-42 0)
(3.34741e-43 -3.47136e-44 0)
(5.03336e-44 1.90553e-42 0)
(-1.46525e-43 5.61765e-43 0)
(-4.49589e-44 1.52778e-43 0)
(-1.25501e-44 2.88431e-44 0)
(-2.40286e-45 4.99457e-45 0)
(-4.20479e-46 7.33015e-46 0)
(-6.2221e-47 9.99826e-47 0)
(-8.72454e-48 1.2305e-47 0)
(-3.67858e-48 1.05264e-48 0)
(-3.60776e-47 -5.17442e-48 0)
(-4.80398e-46 -7.30935e-47 0)
(-6.23051e-45 -9.76485e-46 0)
(-7.85163e-44 -1.26604e-44 0)
(-9.57062e-43 -1.59477e-43 0)
(-1.13106e-41 -1.94287e-42 0)
(-1.28663e-40 -2.29385e-41 0)
(-1.4161e-39 -2.60378e-40 0)
(-1.48957e-38 -2.84896e-39 0)
(-1.51391e-37 -2.94678e-38 0)
(-1.45387e-36 -2.85232e-37 0)
(-1.34997e-35 -2.36516e-36 0)
(-1.15958e-34 -1.32401e-35 0)
(-9.67804e-34 6.92277e-35 0)
(-7.09769e-33 3.75614e-33 0)
(-5.10481e-32 7.69118e-32 0)
(-2.69202e-31 1.09468e-30 0)
(-1.42824e-30 1.17453e-29 0)
(-3.19436e-32 -3.53254e-31 0)
(-7.59356e-32 -6.03512e-32 0)
(-1.53655e-32 -1.69129e-32 0)
(-3.76249e-33 -2.62212e-33 0)
(-6.16173e-34 -4.31e-34 0)
(-1.02722e-34 -5.77751e-35 0)
(-1.43225e-35 -7.66815e-36 0)
(-1.94322e-36 -9.13044e-37 0)
(-2.37369e-37 -1.05434e-37 0)
(-2.78988e-38 -1.12962e-38 0)
(-3.05311e-39 -1.16617e-39 0)
(-3.22073e-40 -1.19239e-40 0)
(-3.45312e-41 -2.11687e-41 0)
(-5.29174e-42 -3.55517e-41 0)
(1.27978e-42 -3.60348e-41 0)
(7.78705e-43 -1.66595e-41 0)
(1.4263e-42 -2.6837e-41 0)
(4.47261e-42 -4.33915e-43 0)
(6.6611e-43 2.44023e-41 0)
(-1.95808e-42 7.13153e-42 0)
(-5.95395e-43 1.9251e-42 0)
(-1.65118e-43 3.60895e-43 0)
(-3.14094e-44 6.21408e-44 0)
(-5.46935e-45 9.0721e-45 0)
(-8.05369e-46 1.23224e-45 0)
(-1.10369e-46 1.51399e-46 0)
(-1.68799e-47 1.76266e-47 0)
(-4.6435e-47 3.51668e-48 0)
(-5.98793e-46 2.26248e-47 0)
(-7.75485e-45 3.00669e-46 0)
(-9.75961e-44 3.91253e-45 0)
(-1.18796e-42 4.94925e-44 0)
(-1.40167e-41 6.0579e-43 0)
(-1.59175e-40 7.19497e-42 0)
(-1.74837e-39 8.23509e-41 0)
(-1.83517e-38 9.14975e-40 0)
(-1.86023e-37 9.78938e-39 0)
(-1.78159e-36 1.03224e-37 0)
(-1.64822e-35 1.07652e-36 0)
(-1.41061e-34 1.18476e-35 0)
(-1.1708e-33 1.38343e-34 0)
(-8.54158e-33 1.75428e-33 0)
(-6.08252e-32 2.14918e-32 0)
(-3.18018e-31 2.36615e-31 0)
(-1.64612e-30 1.97282e-30 0)
(8.71553e-33 -4.03127e-32 0)
(-1.14406e-32 -9.50628e-33 0)
(-2.56149e-33 -2.88987e-33 0)
(-7.41136e-34 -5.07075e-34 0)
(-1.29612e-34 -8.74381e-35 0)
(-2.28809e-35 -1.23298e-35 0)
(-3.29966e-36 -1.67972e-36 0)
(-4.59609e-37 -2.05256e-37 0)
(-5.71502e-38 -2.34336e-38 0)
(-6.86855e-39 -2.13925e-39 0)
(-8.02148e-40 -1.56946e-40 0)
(-1.01998e-40 -7.19196e-41 0)
(-4.2341e-41 -1.27572e-40 0)
(-2.94631e-41 -4.28394e-40 0)
(1.99557e-41 -4.45284e-40 0)
(1.01778e-41 -2.04685e-40 0)
(1.81138e-41 -3.33346e-40 0)
(5.72206e-41 -5.24078e-42 0)
(8.44283e-42 3.03717e-40 0)
(-2.51215e-41 8.78002e-41 0)
(-7.56759e-42 2.34872e-41 0)
(-2.08238e-42 4.36526e-42 0)
(-3.93291e-43 7.46469e-43 0)
(-6.80919e-44 1.08282e-43 0)
(-9.97342e-45 1.46321e-44 0)
(-1.3582e-45 1.78928e-45 0)
(-1.67981e-46 2.06372e-46 0)
(-3.05244e-47 2.49062e-47 0)
(-1.50253e-46 4.0235e-47 0)
(-1.90875e-45 5.07554e-46 0)
(-2.38651e-44 6.57959e-45 0)
(-2.88465e-43 8.29092e-44 0)
(-3.37606e-42 1.01057e-42 0)
(-3.80014e-41 1.19425e-41 0)
(-4.13012e-40 1.35862e-40 0)
(-4.2856e-39 1.49566e-39 0)
(-4.28208e-38 1.57459e-38 0)
(-4.03771e-37 1.60374e-37 0)
(-3.65881e-36 1.5493e-36 0)
(-3.06285e-35 1.45814e-35 0)
(-2.46077e-34 1.29184e-34 0)
(-1.73595e-33 1.13914e-33 0)
(-1.1652e-32 9.20459e-33 0)
(-5.75118e-32 7.32633e-32 0)
(-2.54697e-31 4.42748e-31 0)
(5.09194e-33 8.41244e-33 0)
(-3.04133e-33 1.45922e-33 0)
(-7.10204e-34 -2.03879e-35 0)
(-1.87491e-34 -3.72654e-35 0)
(-3.14829e-35 -1.06508e-35 0)
(-5.27206e-36 -1.841e-36 0)
(-7.37583e-37 -2.96738e-37 0)
(-9.78008e-38 -3.88556e-38 0)
(-1.14871e-38 3.16011e-39 0)
(-2.02745e-39 5.27857e-39 0)
(-7.52944e-40 1.33928e-39 0)
(-2.8631e-40 -5.18101e-40 0)
(-4.27544e-40 -1.45583e-39 0)
(-3.55789e-40 -5.04563e-39 0)
(2.50467e-40 -5.24499e-39 0)
(1.25156e-40 -2.39214e-39 0)
(2.22473e-40 -3.93791e-39 0)
(7.10428e-40 -6.00224e-41 0)
(1.03486e-40 3.59566e-39 0)
(-3.1339e-40 1.02806e-39 0)
(-9.33036e-41 2.72017e-40 0)
(-2.54315e-41 5.00737e-41 0)
(-4.7611e-42 8.49354e-42 0)
(-8.18568e-43 1.22321e-42 0)
(-1.19123e-43 1.64312e-43 0)
(-1.61378e-44 1.99872e-44 0)
(-1.97716e-45 2.29322e-45 0)
(-2.31019e-46 2.45933e-46 0)
(-6.25562e-47 3.35919e-47 0)
(-4.89409e-46 1.17373e-46 0)
(-6.04547e-45 1.48695e-45 0)
(-7.25085e-44 1.86717e-44 0)
(-8.40816e-43 2.26628e-43 0)
(-9.36981e-42 2.66511e-42 0)
(-1.00584e-40 3.01319e-41 0)
(-1.02967e-39 3.29302e-40 0)
(-1.01119e-38 3.43412e-39 0)
(-9.35364e-38 3.45632e-38 0)
(-8.26219e-37 3.28292e-37 0)
(-6.72006e-36 3.01483e-36 0)
(-5.19103e-35 2.56846e-35 0)
(-3.50339e-34 2.13418e-34 0)
(-2.2187e-33 1.57877e-33 0)
(-1.02948e-32 1.13245e-32 0)
(-4.26598e-32 6.04022e-32 0)
(2.4108e-32 7.95336e-32 0)
(-1.25462e-32 1.61629e-32 0)
(-2.32088e-33 1.95126e-33 0)
(-4.93523e-34 1.69801e-34 0)
(-6.94135e-35 1.24429e-35 0)
(-9.93874e-36 7.99283e-37 0)
(-1.21515e-36 -1.04934e-37 0)
(-1.22441e-37 -1.39899e-38 0)
(-7.93736e-39 8.99765e-38 0)
(-8.78894e-39 6.6554e-38 0)
(-7.12166e-39 1.58869e-38 0)
(-3.08361e-39 -5.53427e-39 0)
(-4.95174e-39 -1.63796e-38 0)
(-4.14018e-39 -5.77897e-38 0)
(2.99316e-39 -6.00493e-38 0)
(1.46277e-39 -2.71014e-38 0)
(2.58785e-39 -4.5255e-38 0)
(8.35353e-39 -6.63099e-40 0)
(1.19564e-39 4.14326e-38 0)
(-3.72114e-39 1.16741e-38 0)
(-1.0945e-39 3.04761e-39 0)
(-2.94894e-40 5.5425e-40 0)
(-5.46696e-41 9.30818e-41 0)
(-9.32224e-42 1.32858e-41 0)
(-1.3468e-42 1.77173e-42 0)
(-1.81367e-43 2.14117e-43 0)
(-2.21012e-44 2.44357e-44 0)
(-2.54105e-45 2.60143e-45 0)
(-2.93088e-46 2.61796e-46 0)
(-2.94019e-46 3.81697e-49 0)
(-3.25065e-45 -3.06355e-46 0)
(-3.83277e-44 -3.67844e-45 0)
(-4.35833e-43 -4.26601e-44 0)
(-4.77742e-42 -4.73196e-43 0)
(-5.01666e-41 -5.12081e-42 0)
(-5.0547e-40 -5.23618e-41 0)
(-4.83714e-39 -5.26793e-40 0)
(-4.41593e-38 -4.89698e-39 0)
(-3.77688e-37 -4.5763e-38 0)
(-3.05882e-36 -3.76742e-37 0)
(-2.26411e-35 -3.27067e-36 0)
(-1.57106e-34 -2.20348e-35 0)
(-9.42852e-34 -1.73933e-34 0)
(-5.22832e-33 -6.47633e-34 0)
(-2.12044e-32 -4.47928e-33 0)
(2.08571e-32 7.32338e-31 0)
(-1.08357e-32 1.01634e-31 0)
(-1.93897e-33 9.69984e-33 0)
(-4.04829e-34 6.98931e-34 0)
(-5.58166e-35 3.79148e-35 0)
(-8.27612e-36 1.50669e-36 0)
(-1.0302e-36 -1.63913e-36 0)
(1.45785e-37 -1.81108e-37 0)
(7.94059e-38 9.69817e-37 0)
(-8.07845e-38 7.14843e-37 0)
(-7.64455e-38 1.6865e-37 0)
(-3.16207e-38 -5.85341e-38 0)
(-5.40769e-38 -1.73356e-37 0)
(-4.52481e-38 -6.20483e-37 0)
(3.52486e-38 -6.44284e-37 0)
(1.65755e-38 -2.87735e-37 0)
(2.88268e-38 -4.87367e-37 0)
(9.43114e-38 -6.83291e-39 0)
(1.30279e-38 4.4749e-37 0)
(-4.3079e-38 1.24285e-37 0)
(-1.24602e-38 3.19072e-38 0)
(-3.30898e-39 5.72408e-39 0)
(-6.05853e-40 9.4989e-40 0)
(-1.02271e-40 1.34207e-40 0)
(-1.46423e-41 1.77462e-41 0)
(-1.95744e-42 2.12904e-42 0)
(-2.36978e-43 2.41507e-43 0)
(-2.7089e-44 2.55781e-44 0)
(-2.9524e-45 2.58239e-45 0)
(-1.12064e-45 2.52137e-46 0)
(-1.01328e-44 8.63203e-47 0)
(-1.19565e-43 7.91076e-46 0)
(-1.36247e-42 9.44677e-45 0)
(-1.5012e-41 1.09295e-43 0)
(-1.58242e-40 1.21382e-42 0)
(-1.60953e-39 1.29794e-41 0)
(-1.55024e-38 1.32116e-40 0)
(-1.44018e-37 1.28921e-39 0)
(-1.24502e-36 1.18152e-38 0)
(-1.04334e-35 1.03314e-37 0)
(-7.86411e-35 8.27893e-37 0)
(-5.87754e-34 6.29775e-36 0)
(-3.64823e-33 4.15377e-35 0)
(-2.4491e-32 2.57545e-34 0)
(-1.06641e-31 1.15508e-33 0)
(-2.08213e-32 7.32458e-31 0)
(1.0816e-32 1.01662e-31 0)
(1.93431e-33 9.69739e-33 0)
(4.0771e-34 7.00132e-34 0)
(5.63359e-35 6.37819e-35 0)
(3.31427e-36 8.24776e-36 0)
(8.49409e-39 -1.64142e-35 0)
(2.84264e-36 -1.71029e-36 0)
(9.98712e-37 1.02682e-35 0)
(-7.81697e-37 7.50297e-36 0)
(-7.20396e-37 1.74829e-36 0)
(-2.33364e-37 -5.66257e-37 0)
(-4.83028e-37 -1.77394e-36 0)
(-4.06694e-37 -6.50647e-36 0)
(4.02159e-37 -6.75137e-36 0)
(1.76223e-37 -2.96925e-36 0)
(2.89465e-37 -5.1343e-36 0)
(9.56197e-37 -6.78812e-38 0)
(1.21239e-37 4.7317e-36 0)
(-4.69254e-37 1.28687e-36 0)
(-1.33207e-37 3.236e-37 0)
(-3.47197e-38 5.70222e-38 0)
(-6.26713e-39 9.32376e-39 0)
(-1.04507e-39 1.30045e-39 0)
(-1.48095e-40 1.70174e-40 0)
(-1.96298e-41 2.02304e-41 0)
(-2.35913e-42 2.27777e-42 0)
(-2.67995e-43 2.39663e-43 0)
(-2.84311e-44 2.40664e-44 0)
(-3.06724e-45 2.34832e-45 0)
(-2.65187e-45 9.1614e-46 0)
(-2.79279e-44 8.65332e-45 0)
(-3.15282e-43 1.02304e-43 0)
(-3.43933e-42 1.16746e-42 0)
(-3.58677e-41 1.28844e-41 0)
(-3.6004e-40 1.36067e-40 0)
(-3.41938e-39 1.38692e-39 0)
(-3.11831e-38 1.33894e-38 0)
(-2.64425e-37 1.24676e-37 0)
(-2.15385e-36 1.07933e-36 0)
(-1.57869e-35 9.02772e-36 0)
(-1.1225e-34 6.71897e-35 0)
(-6.67544e-34 4.83613e-34 0)
(-4.0183e-33 2.66689e-33 0)
(-1.63876e-32 1.40951e-32 0)
(-2.38449e-32 8.05094e-32 0)
(1.23795e-32 1.63802e-32 0)
(2.28261e-33 1.89582e-33 0)
(5.19298e-34 1.76164e-34 0)
(7.34103e-35 2.86738e-34 0)
(-3.33821e-35 7.19036e-35 0)
(-7.66656e-36 -1.58158e-34 0)
(2.76288e-35 -1.62587e-35 0)
(1.04742e-35 9.90156e-35 0)
(-6.04013e-36 7.18378e-35 0)
(-4.68656e-36 1.64167e-35 0)
(5.1703e-37 -5.45548e-36 0)
(-2.29072e-36 -1.66734e-35 0)
(-1.96388e-36 -6.22827e-35 0)
(4.8279e-36 -6.45499e-35 0)
(1.82497e-36 -2.79735e-35 0)
(2.51143e-36 -4.9338e-35 0)
(8.31756e-36 -6.10342e-37 0)
(7.65574e-37 4.56494e-35 0)
(-5.04979e-36 1.21741e-35 0)
(-1.38975e-36 2.98005e-36 0)
(-3.53314e-37 5.14409e-37 0)
(-6.25668e-38 8.25744e-38 0)
(-1.0275e-38 1.13463e-38 0)
(-1.43714e-39 1.46638e-39 0)
(-1.88501e-40 1.72527e-40 0)
(-2.24476e-41 1.92594e-41 0)
(-2.53103e-42 2.01181e-42 0)
(-2.66617e-43 2.00778e-43 0)
(-2.68413e-44 1.90439e-44 0)
(-3.1277e-45 1.90338e-45 0)
(-6.91947e-45 2.22078e-45 0)
(-7.50019e-44 2.43316e-44 0)
(-8.10594e-43 2.75087e-43 0)
(-8.35987e-42 3.00464e-42 0)
(-8.27814e-41 3.138e-41 0)
(-7.72776e-40 3.15511e-40 0)
(-6.89774e-39 3.00194e-39 0)
(-5.68479e-38 2.74214e-38 0)
(-4.46477e-37 2.32674e-37 0)
(-3.10398e-36 1.88904e-36 0)
(-2.0593e-35 1.36412e-35 0)
(-1.08833e-34 9.28802e-35 0)
(-5.6432e-34 4.85464e-34 0)
(-1.60812e-33 2.20726e-33 0)
(-3.572e-33 1.63798e-32 0)
(1.67751e-33 3.01091e-33 0)
(3.77283e-34 -7.5464e-34 0)
(3.21676e-34 -2.98324e-35 0)
(3.00305e-35 2.6148e-33 0)
(-2.90616e-34 6.71013e-34 0)
(-6.16037e-35 -1.52879e-33 0)
(2.2625e-34 -1.53845e-34 0)
(1.02698e-34 9.48029e-34 0)
(6.13854e-37 6.80687e-34 0)
(2.85019e-35 1.52267e-34 0)
(8.07877e-35 -4.57894e-35 0)
(5.16618e-35 -1.52146e-34 0)
(4.22155e-35 -5.90015e-34 0)
(6.07878e-35 -6.10771e-34 0)
(1.73662e-35 -2.58205e-34 0)
(1.14826e-35 -4.70651e-34 0)
(3.3201e-35 -5.3062e-36 0)
(-5.17088e-36 4.37762e-34 0)
(-5.06261e-35 1.12933e-34 0)
(-1.33553e-35 2.67496e-35 0)
(-3.274e-36 4.4902e-36 0)
(-5.66419e-37 7.04665e-37 0)
(-9.12231e-38 9.49858e-38 0)
(-1.25655e-38 1.20911e-38 0)
(-1.62755e-39 1.40419e-39 0)
(-1.91812e-40 1.5512e-40 0)
(-2.14429e-41 1.6057e-41 0)
(-2.24247e-42 1.59052e-42 0)
(-2.24023e-43 1.49774e-43 0)
(-2.13429e-44 1.3605e-44 0)
(-3.00943e-45 1.68424e-45 0)
(-1.21176e-44 6.01031e-45 0)
(-1.28083e-43 6.63639e-44 0)
(-1.30798e-42 7.18054e-43 0)
(-1.27978e-41 7.41399e-42 0)
(-1.17822e-40 7.3511e-41 0)
(-1.03318e-39 6.87263e-40 0)
(-8.33598e-39 6.14362e-39 0)
(-6.36109e-38 5.06893e-38 0)
(-4.2618e-37 3.97729e-37 0)
(-2.67792e-36 2.74492e-36 0)
(-1.30314e-35 1.77725e-35 0)
(-5.93443e-35 8.67881e-35 0)
(-1.19262e-34 3.74321e-34 0)
(-1.00317e-33 1.49247e-33 0)
(-1.32271e-33 -2.35196e-33 0)
(-1.00795e-33 -1.10302e-32 0)
(-9.40442e-34 -9.16615e-34 0)
(-8.47233e-34 2.14607e-32 0)
(-1.77862e-34 5.45709e-33 0)
(-1.22199e-34 -1.26768e-32 0)
(1.30592e-33 -1.26072e-33 0)
(1.01957e-33 7.79755e-33 0)
(1.26384e-33 5.5419e-33 0)
(1.83122e-33 1.1981e-33 0)
(2.36324e-33 -4.01059e-34 0)
(2.03951e-33 -1.2099e-33 0)
(1.69972e-33 -4.80533e-33 0)
(8.69334e-34 -4.96445e-33 0)
(1.63561e-34 -2.05227e-33 0)
(-1.46486e-34 -3.85337e-33 0)
(-6.92402e-34 -3.90655e-35 0)
(-3.03877e-34 3.6038e-33 0)
(-5.21117e-34 9.03339e-34 0)
(-1.27498e-34 2.04545e-34 0)
(-2.97019e-35 3.32255e-35 0)
(-4.97055e-36 5.06125e-36 0)
(-7.81015e-37 6.66748e-37 0)
(-1.05466e-37 8.32819e-38 0)
(-1.3452e-38 9.5268e-39 0)
(-1.56479e-39 1.03951e-39 0)
(-1.7311e-40 1.06518e-40 0)
(-1.79401e-41 1.04635e-41 0)
(-1.77885e-42 9.78442e-43 0)
(-1.67661e-43 8.81023e-44 0)
(-1.53574e-44 7.69619e-45 0)
(-3.14055e-45 1.58996e-45 0)
(-1.94871e-44 1.06823e-44 0)
(-1.96282e-43 1.14058e-43 0)
(-1.90135e-42 1.16614e-42 0)
(-1.72928e-41 1.14247e-41 0)
(-1.49383e-40 1.05345e-40 0)
(-1.18253e-39 9.25354e-40 0)
(-8.80979e-39 7.47976e-39 0)
(-5.71032e-38 5.71344e-38 0)
(-3.43618e-37 3.82134e-37 0)
(-1.5514e-36 2.37509e-36 0)
(-6.33911e-36 1.11012e-35 0)
(-7.32879e-36 4.54617e-35 0)
(-3.54258e-33 -3.44815e-33 0)
(-1.50568e-32 -2.21949e-32 0)
(-2.31945e-32 -9.39399e-32 0)
(-7.04453e-32 -9.19199e-33 0)
(-2.6951e-32 1.81269e-31 0)
(5.12664e-32 4.50772e-32 0)
(7.55305e-33 -1.08226e-31 0)
(-6.74842e-33 -1.02504e-32 0)
(9.11433e-33 6.56076e-32 0)
(3.49311e-32 4.57837e-32 0)
(4.48127e-32 9.48771e-33 0)
(4.98242e-32 -2.74426e-33 0)
(4.65914e-32 -9.37902e-33 0)
(3.91578e-32 -3.9774e-32 0)
(1.23554e-32 -4.1009e-32 0)
(1.35639e-33 -1.61606e-32 0)
(-5.81215e-33 -3.22861e-32 0)
(-2.5641e-32 -2.80484e-34 0)
(-7.12271e-33 3.04214e-32 0)
(-4.89172e-33 7.16228e-33 0)
(-1.07738e-33 1.54295e-33 0)
(-2.31832e-34 2.39879e-34 0)
(-3.71465e-35 3.53501e-35 0)
(-5.64228e-36 4.52747e-36 0)
(-7.43654e-37 5.53619e-37 0)
(-9.30365e-38 6.21899e-38 0)
(-1.06593e-38 6.69028e-39 0)
(-1.16479e-39 6.77152e-40 0)
(-1.19502e-40 6.58571e-41 0)
(-1.17515e-41 6.10434e-42 0)
(-1.09987e-42 5.45593e-43 0)
(-9.91275e-44 4.68606e-44 0)
(-8.79997e-45 4.03882e-45 0)
(-3.1271e-45 1.94665e-45 0)
(-2.42145e-44 1.74597e-44 0)
(-2.30841e-43 1.77101e-43 0)
(-2.06334e-42 1.7217e-42 0)
(-1.74173e-41 1.57357e-41 0)
(-1.33519e-40 1.36829e-40 0)
(-9.49327e-40 1.09398e-39 0)
(-5.68347e-39 8.26547e-39 0)
(-2.96993e-38 5.49016e-38 0)
(-8.60308e-38 3.42976e-37 0)
(7.07895e-38 1.69595e-36 0)
(5.27526e-36 8.27197e-36 0)
(-2.82293e-32 -1.98304e-32 0)
(-1.46483e-31 -1.25697e-31 0)
(-3.63844e-31 -5.58708e-31 0)
(-1.43977e-30 -6.05402e-32 0)
(-4.9763e-31 1.0768e-30 0)
(1.1636e-30 2.63117e-31 0)
(1.65121e-31 -6.48892e-31 0)
(-3.01612e-31 -5.97923e-32 0)
(8.34899e-32 3.88813e-31 0)
(6.18577e-31 2.66886e-31 0)
(7.63383e-31 5.14731e-32 0)
(8.11244e-31 -2.24513e-32 0)
(7.76661e-31 -5.32924e-32 0)
(6.60598e-31 -2.32506e-31 0)
(1.64262e-31 -2.38911e-31 0)
(1.12576e-32 -9.04387e-32 0)
(-1.03204e-31 -1.9027e-31 0)
(-4.86702e-31 -1.3872e-33 0)
(-1.14134e-31 1.80593e-31 0)
(-4.75795e-32 4.04491e-32 0)
(-9.12726e-33 8.09437e-33 0)
(-1.79465e-33 1.19522e-33 0)
(-2.71582e-34 1.67983e-34 0)
(-3.9692e-35 2.07705e-35 0)
(-5.07733e-36 2.46731e-36 0)
(-6.21523e-37 2.71071e-37 0)
(-6.99219e-38 2.86418e-38 0)
(-7.53352e-39 2.85787e-39 0)
(-7.63509e-40 2.74728e-40 0)
(-7.43424e-41 2.52246e-41 0)
(-6.89773e-42 2.237e-42 0)
(-6.17042e-43 1.90854e-43 0)
(-5.30415e-44 1.57904e-44 0)
(-4.57594e-45 1.49862e-45 0)
(-1.67846e-45 2.71804e-45 0)
(-7.86129e-45 2.76647e-44 0)
(-5.91046e-45 2.83e-43 0)
(7.49667e-43 2.78133e-42 0)
(1.60198e-41 2.66571e-41 0)
(2.34554e-40 2.45688e-40 0)
(2.93731e-39 2.2391e-39 0)
(3.2588e-38 1.97266e-38 0)
(3.3162e-37 1.7524e-37 0)
(3.11173e-36 1.50893e-36 0)
(2.69339e-35 1.322e-35 0)
(-1.64955e-31 -1.04855e-31 0)
(-1.06383e-30 -6.93097e-31 0)
(-4.08068e-30 -3.64996e-30 0)
(-2.06159e-29 -5.20508e-31 0)
(-6.83678e-30 7.0642e-30 0)
(1.76686e-29 1.6374e-30 0)
(2.15382e-30 -4.33798e-30 0)
(-5.41398e-30 -3.37413e-31 0)
(5.71035e-31 2.52188e-30 0)
(8.17384e-30 1.65971e-30 0)
(9.71693e-30 2.84473e-31 0)
(1.00675e-29 -1.05695e-31 0)
(9.80244e-30 -2.86454e-31 0)
(8.4894e-30 -1.46389e-30 0)
(1.65967e-30 -1.49889e-30 0)
(6.85296e-32 -4.95421e-31 0)
(-1.23293e-30 -1.23332e-30 0)
(-6.76992e-30 -6.78719e-33 0)
(-1.2998e-30 1.18335e-30 0)
(-3.46184e-31 2.23068e-31 0)
)
;

boundaryField
{
    leftWall
    {
        type            fixedValue;
        value           uniform (0 0 0);
    }
    rightWall
    {
        type            fixedValue;
        value           nonuniform 0();
    }
    lowerWall
    {
        type            fixedValue;
        value           uniform (0 0 0);
    }
    atmosphere
    {
        type            pressureInletOutletVelocity;
        value           nonuniform 0();
    }
    defaultFaces
    {
        type            empty;
    }
    procBoundary0to1
    {
        type            processor;
        value           nonuniform List<vector> 
44
(
(2.51254e-40 -4.16122e-38 0)
(2.12981e-39 -3.20561e-37 0)
(1.3888e-38 -2.24543e-36 0)
(8.28317e-38 -1.50148e-35 0)
(4.43219e-37 -9.44668e-35 0)
(1.97503e-36 -5.67986e-34 0)
(6.58433e-36 -3.13047e-33 0)
(4.80274e-36 -1.67666e-32 0)
(-9.43571e-35 -7.62875e-32 0)
(-7.0853e-34 -3.75723e-31 0)
(1.37122e-33 -1.29082e-30 0)
(2.30794e-32 -1.22077e-29 0)
(2.12504e-31 1.59771e-30 0)
(2.30989e-32 1.40047e-29 0)
(1.68958e-33 1.58275e-30 0)
(9.92249e-35 1.01873e-30 0)
(7.086e-35 3.46655e-30 0)
(1.15467e-34 2.66267e-29 0)
(3.4844e-36 4.88767e-29 0)
(-1.15105e-34 2.80284e-29 0)
(-1.15105e-34 2.80284e-29 0)
(5.38007e-31 6.79171e-31 0)
(8.37109e-32 1.42947e-31 0)
(1.30401e-32 2.03813e-32 0)
(1.55081e-33 3.06996e-33 0)
(1.82433e-34 9.23553e-34 0)
(1.07689e-35 4.72996e-33 0)
(-7.76134e-35 4.05413e-32 0)
(-7.51124e-34 2.78638e-31 0)
(-5.31175e-33 2.21429e-30 0)
(-3.65314e-32 1.04531e-29 0)
(-3.18989e-32 8.85793e-29 0)
(3.18993e-32 8.85793e-29 0)
(3.65216e-32 1.04531e-29 0)
(4.98766e-33 2.21399e-30 0)
(-5.20001e-33 2.76883e-31 0)
(-7.99536e-32 2.90012e-32 0)
(-7.37005e-31 4.68571e-33 0)
(-8.00324e-32 1.20916e-32 0)
(-5.95115e-33 1.81272e-33 0)
(-3.23206e-34 3.02011e-34 0)
(-3.31098e-36 4.07221e-35 0)
(4.58222e-35 2.81822e-35 0)
(2.18716e-34 1.10584e-34 0)
)
;
    }
    procBoundary0to2
    {
        type            processor;
        value           nonuniform List<vector> 
46
(
(-5.69867e-32 4.22631e-32 0)
(-9.84637e-33 5.87622e-33 0)
(-1.38649e-33 8.01016e-34 0)
(-1.91652e-34 9.59701e-35 0)
(-2.3608e-35 1.11709e-35 0)
(-2.80583e-36 1.20299e-36 0)
(-3.08767e-37 1.25253e-37 0)
(-3.26851e-38 1.23231e-38 0)
(-3.26677e-39 1.17142e-39 0)
(-3.14501e-40 1.06426e-40 0)
(-2.89132e-41 9.35504e-42 0)
(-2.56697e-42 7.91542e-43 0)
(-2.1918e-43 6.4935e-44 0)
(-1.7651e-44 5.17314e-45 0)
(4.85696e-45 6.16244e-46 0)
(8.05627e-44 2.22251e-45 0)
(9.96118e-43 2.09503e-44 0)
(1.18864e-41 1.87435e-43 0)
(1.36388e-40 1.58738e-42 0)
(1.5094e-39 1.22715e-41 0)
(1.5972e-38 8.8797e-41 0)
(1.62684e-37 5.54929e-40 0)
(1.57039e-36 3.19043e-39 0)
(1.45722e-35 1.34752e-38 0)
(1.26287e-34 5.04585e-38 0)
(-9.12514e-31 2.38282e-34 0)
(-6.56397e-30 1.02154e-34 0)
(-2.6881e-29 7.35147e-35 0)
(-1.99477e-28 1.69007e-35 0)
(-6.60676e-29 3.58927e-36 0)
(1.80231e-28 7.09534e-37 0)
(1.44093e-29 -6.7363e-37 0)
(-5.72975e-29 -3.98301e-35 0)
(3.37497e-30 -8.16366e-34 0)
(7.4827e-29 -1.16247e-32 0)
(8.50223e-29 -1.24776e-31 0)
(8.71086e-29 -9.41537e-31 0)
(8.53322e-29 -1.24776e-31 0)
(7.67752e-29 -1.16247e-32 0)
(1.07566e-29 -8.16391e-34 0)
(3.71807e-31 -3.98417e-35 0)
(-8.18539e-30 -7.37487e-37 0)
(-6.57037e-29 1.41033e-37 0)
(-8.54931e-30 3.23161e-38 0)
(-5.69867e-32 4.22631e-32 0)
(-2.13931e-30 4.33476e-39 0)
)
;
    }
}


// ************************************************************************* //
