/*--------------------------------*- C++ -*----------------------------------*\
| =========                 |                                                 |
| \\      /  F ield         | OpenFOAM: The Open Source CFD Toolbox           |
|  \\    /   O peration     | Version:  2.4.0                                 |
|   \\  /    A nd           | Web:      www.OpenFOAM.org                      |
|    \\/     M anipulation  |                                                 |
\*---------------------------------------------------------------------------*/
FoamFile
{
    version     2.0;
    format      ascii;
    class       surfaceScalarField;
    location    "0.1";
    object      phi;
}
// * * * * * * * * * * * * * * * * * * * * * * * * * * * * * * * * * * * * * //

dimensions      [0 3 -1 0 0 0 0];

internalField   nonuniform List<scalar> 
3742
(
-1.2136e-39
3.10171e-39
-9.44129e-41
7.92869e-41
-2.71813e-42
4.53237e-42
-1.48249e-43
1.1499e-43
-4.07651e-45
5.0347e-45
-1.72937e-46
1.23679e-46
-4.49848e-48
4.41873e-48
-1.57184e-49
1.03616e-49
-3.84514e-51
3.13914e-51
-1.14677e-52
6.96735e-53
-2.62817e-54
1.83619e-54
-6.85142e-56
3.83641e-56
-1.46675e-57
8.95267e-58
-1.10141e-59
1.75326e-59
1.16888e-57
-7.18835e-62
5.06512e-56
-2.03431e-59
2.40954e-54
-1.01609e-57
9.27446e-53
-4.26675e-56
4.13406e-51
-2.00827e-54
1.39243e-49
-7.54449e-53
5.83475e-48
-3.35151e-51
1.68245e-46
-1.10705e-49
6.65891e-45
-4.65223e-48
1.59183e-43
-1.31852e-46
-5.26605e-45
-5.89768e-36
9.2444e-39
-4.24623e-35
1.10602e-37
-3.36688e-35
4.28147e-36
-7.4646e-33
1.31065e-36
4.95509e-33
-8.50658e-36
2.48325e-33
-1.49017e-36
-2.45829e-33
5.62472e-36
1.26945e-35
6.52799e-38
1.08036e-35
-2.86647e-36
2.5211e-33
-1.49656e-36
4.62975e-35
-3.16683e-37
2.53658e-33
-2.89643e-35
3.28801e-35
-2.35586e-37
2.51436e-33
1.45391e-36
-2.47659e-33
1.46043e-36
2.47865e-33
7.49908e-38
-2.4988e-33
1.42146e-36
-8.65053e-36
8.39395e-41
-1.35535e-35
-1.41827e-36
-1.95083e-36
-3.59025e-38
-4.97699e-38
-3.10171e-39
-3.94425e-39
-7.92869e-41
-1.03691e-40
-4.53237e-42
-5.74661e-42
-1.1499e-43
-1.48429e-43
-5.0347e-45
-6.38035e-45
-1.23679e-46
-1.58463e-46
-4.41873e-48
-5.59494e-48
-1.03616e-49
-1.32086e-49
-3.13914e-51
-3.97036e-51
-6.96735e-53
-8.84856e-53
-1.83619e-54
-2.31955e-54
-3.83641e-56
-4.85804e-56
-8.9527e-58
-1.12898e-57
-1.76609e-59
5.5353e-60
-5.73343e-60
1.30031e-57
-1.92902e-58
6.27314e-56
-8.03142e-57
2.54768e-54
-2.49357e-55
1.12584e-52
-9.75114e-54
3.92963e-51
-2.58525e-52
1.60457e-49
-9.65975e-51
4.73726e-48
-2.20661e-49
1.79857e-46
-8.12091e-48
4.36996e-45
-1.68947e-46
-6.32472e-45
-1.23822e-37
2.04349e-38
-9.06867e-37
1.13934e-37
-2.91239e-35
4.36979e-36
-3.77406e-35
1.33713e-36
1.83941e-35
-8.68095e-36
2.82556e-35
-1.52099e-36
-8.785e-36
5.73985e-36
-9.19888e-36
6.68682e-38
9.69854e-36
-2.92533e-36
1.96166e-35
-1.52577e-36
1.99441e-35
-1.83754e-37
1.99047e-35
-2.09193e-37
1.96156e-35
-1.00691e-37
9.98253e-36
1.48562e-36
2.9112e-37
1.49055e-36
-2.47634e-37
7.68117e-38
-9.65092e-36
1.45062e-36
-9.65213e-36
8.61399e-41
-2.89851e-37
-1.44735e-36
-4.09103e-38
-3.67749e-38
-1.2136e-39
-3.17571e-39
-9.44129e-41
-8.13673e-41
-2.71813e-42
-4.64912e-42
-1.48249e-43
-1.18151e-43
-4.07651e-45
-5.17103e-45
-1.72937e-46
-1.27192e-46
-4.49848e-48
-4.5428e-48
-1.57184e-49
-1.06634e-49
-3.84514e-51
-3.22978e-51
-1.14677e-52
-7.17438e-53
-2.62817e-54
-1.89041e-54
-6.85142e-56
-3.95232e-56
-1.46745e-57
-9.22322e-58
-4.21099e-59
-2.25955e-59
-3.34345e-58
-2.01955e-58
-9.99147e-57
-6.98534e-57
-3.75731e-55
-2.88876e-55
-8.93732e-54
-8.40514e-54
-3.04818e-52
-3.22228e-52
-5.16579e-51
-7.49699e-51
-1.55368e-49
-2.66266e-49
-1.29892e-48
-4.52388e-48
-2.79112e-47
-1.48102e-46
3.6746e-46
-1.47014e-45
-4.3019e-44
-1.19599e-38
1.06006e-37
-2.30658e-38
2.53673e-38
-2.93454e-37
1.15913e-37
-3.77155e-37
2.92328e-38
1.76165e-37
-1.88904e-37
2.7499e-37
-3.33935e-38
-8.06193e-38
1.24749e-37
-8.01412e-38
1.71528e-39
1.02956e-37
-6.37986e-38
2.25172e-37
-3.35875e-38
2.33703e-37
-4.91491e-39
1.92466e-37
-1.44756e-37
1.85897e-37
-2.78414e-39
1.07576e-37
3.24162e-38
6.20185e-39
3.26113e-38
-2.89845e-39
1.97086e-39
-9.8752e-38
3.15888e-38
-9.88494e-38
2.41742e-42
-6.14103e-39
-3.15049e-38
-3.13703e-39
-9.43625e-40
-9.75045e-41
-8.12979e-41
-9.25993e-42
-2.28484e-42
-2.67521e-43
-1.29053e-43
-1.55994e-44
-3.49022e-45
-4.24769e-46
-1.50891e-46
-1.84373e-47
-3.88236e-48
-4.7204e-49
-1.37136e-49
-1.65347e-50
-3.32972e-51
-3.96685e-52
-9.99173e-53
-1.17246e-53
-2.27772e-54
-2.62856e-55
-5.95707e-56
-6.74157e-57
-1.27069e-57
-1.46986e-58
-3.17088e-59
-2.16162e-58
-8.82074e-59
-8.61442e-57
-3.83469e-57
-2.55531e-55
-1.30991e-55
-9.48641e-54
-5.3218e-54
-2.26611e-52
-1.53644e-52
-7.67926e-51
-5.7977e-51
-1.35637e-49
-1.35258e-49
-4.13399e-48
-4.73875e-48
-4.40012e-47
-8.22534e-47
-1.13722e-45
-2.66214e-45
-2.19077e-45
-2.80129e-44
-8.07388e-43
-2.50322e-37
1.75236e-37
-1.50627e-37
1.05068e-37
-7.05603e-39
2.88819e-38
-3.38223e-39
2.81701e-39
1.16219e-39
-1.48324e-38
1.90236e-39
-2.62558e-39
-4.90378e-40
9.81991e-39
-4.05227e-40
1.29987e-40
8.499e-40
-5.02084e-39
2.0786e-39
-2.67187e-39
2.21722e-39
-5.61604e-40
1.3197e-39
-1.83088e-38
1.21702e-39
-3.93434e-40
9.03306e-40
2.52321e-39
9.27607e-41
2.56779e-39
-2.32701e-41
1.53448e-40
-7.58015e-40
2.48839e-39
-7.60272e-40
2.22374e-43
-9.14662e-41
-2.48069e-39
-6.57561e-41
-7.29086e-41
-2.25928e-42
-7.4632e-42
-2.14796e-43
-2.09477e-43
-6.62359e-45
-1.26057e-44
-3.82245e-46
-3.3789e-46
-1.09057e-47
-1.49282e-47
-4.68175e-49
-3.78795e-49
-1.24104e-50
-1.34133e-50
-4.30485e-52
-3.20156e-52
-1.06031e-53
-9.52868e-54
-3.10839e-55
-2.13018e-55
-7.10911e-57
-5.48837e-57
-1.86692e-58
-1.16261e-58
-2.52264e-58
-8.36052e-59
-8.66049e-57
-3.16039e-57
-3.56646e-55
-1.4086e-55
-1.04761e-53
-4.77041e-54
-3.98593e-52
-1.98617e-52
-9.42105e-51
-5.67832e-51
-3.30037e-49
-2.21408e-49
-5.76896e-48
-5.11211e-48
-1.83933e-46
-1.87237e-46
-1.94512e-45
-3.22196e-45
-5.35065e-44
-1.10984e-43
-1.06394e-43
-1.16939e-42
-3.69253e-41
-3.44313e-35
1.74859e-35
-2.92918e-37
1.51382e-37
-2.15262e-37
-1.7728e-38
-2.78131e-38
-4.68277e-40
-7.62809e-40
-3.68291e-40
-7.64912e-41
-5.87448e-41
9.80641e-42
2.13793e-40
1.87072e-41
3.11243e-42
4.41412e-42
-1.09594e-40
3.86064e-41
-5.87772e-41
4.44534e-41
-1.4218e-41
-2.6268e-41
-4.03505e-40
-3.07737e-41
-1.0188e-41
5.23466e-42
5.49857e-41
3.61137e-42
5.6163e-41
1.24916e-43
3.67759e-42
9.31159e-43
5.42658e-41
8.09648e-43
5.67938e-45
-3.5861e-42
-5.40811e-41
-3.58012e-42
-1.74742e-42
-1.2169e-43
-1.7869e-43
-1.23484e-44
-5.35327e-45
-3.76189e-46
-3.18668e-46
-2.22094e-47
-8.94791e-48
-6.24324e-49
-3.90623e-49
-2.68796e-50
-1.02566e-50
-7.00428e-52
-3.59244e-52
-2.40986e-53
-8.79613e-54
-5.82358e-55
-2.5934e-55
-1.68173e-56
-5.90868e-57
-3.79374e-58
-1.51464e-58
-1.14823e-58
-2.20279e-59
-4.59691e-57
-8.81124e-58
-1.57877e-55
-3.3875e-56
-6.37835e-54
-1.48043e-54
-1.85849e-52
-4.9744e-53
-6.95084e-51
-2.03548e-51
-1.64737e-49
-5.83543e-50
-5.68712e-48
-2.24333e-48
-1.0159e-46
-5.29254e-47
-3.20314e-45
-1.92124e-45
-3.59675e-44
-3.51461e-44
-9.83815e-43
-1.2112e-42
-2.34169e-42
-1.49655e-41
-4.69828e-40
-2.36578e-37
3.95521e-37
-1.64217e-37
3.25479e-37
-5.21063e-39
-1.6069e-38
-6.42157e-40
-5.05634e-40
-2.01133e-41
-6.21772e-41
-2.13969e-42
-4.25116e-42
2.81968e-43
1.13015e-41
4.87902e-43
1.5914e-43
2.59091e-45
-5.82384e-42
6.49415e-43
-3.15466e-42
7.66537e-43
-9.78346e-43
-7.75154e-43
-2.94408e-41
-8.69767e-43
-7.66488e-43
9.35548e-45
2.88784e-42
7.28375e-44
2.98348e-42
6.49331e-45
1.9219e-43
1.14838e-43
2.88498e-42
1.12085e-43
3.12481e-46
-7.24127e-44
-2.87471e-42
-7.59524e-44
-9.10415e-44
-2.75683e-45
-9.94223e-45
-2.77177e-46
-2.9422e-46
-8.8538e-48
-1.79187e-47
-5.1632e-49
-4.96292e-49
-1.50283e-50
-2.17304e-50
-6.39373e-52
-5.61676e-52
-1.70941e-53
-1.95195e-53
-5.81878e-55
-4.69593e-55
-1.43269e-56
-1.3646e-56
-4.11928e-58
-3.05202e-58
-1.08798e-58
-2.12656e-59
-3.89948e-57
-5.86344e-58
-1.73334e-55
-2.7961e-56
-5.90945e-54
-1.06794e-54
-2.44869e-52
-4.78493e-53
-7.07328e-51
-1.59472e-51
-2.73521e-49
-6.74042e-50
-6.42136e-48
-1.91417e-48
-2.31811e-46
-7.68225e-47
-4.10687e-45
-1.79429e-45
-1.37824e-43
-6.91192e-44
-1.55254e-42
-1.25368e-42
-4.67783e-41
-4.72e-41
-1.37332e-40
-5.83866e-40
-2.14829e-38
9.36728e-39
5.39617e-35
-1.39776e-38
4.27745e-37
-4.2458e-40
5.58474e-39
-7.2985e-41
5.68889e-41
-2.20956e-42
-1.38492e-44
-2.08456e-43
-6.58548e-44
9.68587e-45
2.45442e-43
2.14646e-44
3.71651e-45
-9.88412e-46
-1.26008e-43
3.339e-44
-6.87408e-44
3.79487e-44
-2.3875e-44
-4.4031e-44
-6.60581e-43
-4.81789e-44
-1.89896e-44
-1.34176e-45
6.22997e-44
2.93941e-45
6.46379e-44
3.15427e-46
4.43599e-45
6.15302e-45
6.23734e-44
6.04053e-45
7.48183e-48
-2.96048e-45
-6.21385e-44
-3.15602e-45
-2.10263e-45
-1.12737e-46
-2.27104e-46
-1.15859e-47
-7.05034e-48
-3.64739e-49
-4.23561e-49
-2.1335e-50
-1.2148e-50
-6.11543e-52
-5.24971e-52
-2.58178e-53
-1.39193e-53
-6.7888e-55
-4.78047e-55
-2.27802e-56
-1.17132e-56
-5.51353e-58
-3.36837e-58
-3.72139e-59
-7.89345e-60
-1.01392e-57
-1.39518e-59
-3.90906e-56
-5.96187e-58
-1.69965e-54
-2.83279e-56
-5.74453e-53
-1.09183e-54
-2.33398e-51
-4.85937e-53
-6.76046e-50
-1.64102e-51
-2.57246e-48
-6.86048e-50
-6.17804e-47
-1.98645e-48
-2.20861e-45
-7.83371e-47
-4.17383e-44
-1.88385e-45
-1.40793e-42
-7.05687e-44
-1.90858e-41
-1.33956e-42
-6.09918e-40
-4.8204e-41
-4.83649e-39
-6.45367e-40
-2.19611e-38
-5.29152e-38
-1.7963e-35
4.95671e-38
1.1111e-37
1.07015e-39
2.41007e-38
6.07565e-41
6.28675e-40
1.07848e-42
5.03322e-41
1.19882e-44
1.32434e-42
-1.07544e-46
8.35281e-44
3.82341e-46
2.04976e-45
-2.23651e-47
-5.0545e-45
7.24618e-46
-2.82615e-45
8.15765e-46
-1.18257e-45
-9.5625e-46
-3.40559e-44
-1.04494e-45
-9.86271e-46
-3.46963e-47
2.50963e-45
6.04993e-47
2.63291e-45
7.00389e-48
1.77883e-46
1.31047e-46
2.54284e-45
1.28597e-46
3.02595e-49
-6.11202e-47
-2.53321e-45
-6.55252e-47
-8.42391e-47
-2.45624e-48
-9.31321e-48
-2.48929e-49
-2.85159e-49
-8.12094e-51
-1.7186e-50
-4.68271e-52
-4.85937e-52
-1.37755e-53
-2.08401e-53
-5.73884e-55
-5.4406e-55
-1.53709e-56
-1.84235e-56
-5.0991e-58
-4.43804e-58
-2.9155e-59
-1.25321e-59
-7.20797e-58
-4.01937e-61
-3.431e-56
-5.08589e-60
-1.31695e-54
-3.64508e-58
-5.88262e-53
-1.28432e-56
-1.97485e-51
-8.76376e-55
-8.30287e-50
-2.61027e-53
-2.38367e-48
-1.7197e-51
-9.48153e-47
-4.23554e-50
-2.25211e-45
-2.73755e-48
-8.54774e-44
-5.39377e-47
-1.5946e-42
-3.4901e-45
-5.86679e-41
-5.22766e-44
-7.84228e-40
-3.49486e-42
-2.89577e-38
-3.70017e-41
-2.26748e-37
-2.70599e-39
-1.94728e-38
-3.16418e-37
1.46108e-37
-1.27107e-37
-6.11213e-38
-4.471e-39
2.14512e-38
-5.92988e-40
5.93037e-40
-1.87659e-41
4.91927e-41
-1.41646e-42
1.2976e-42
-4.21688e-44
7.21815e-44
-2.24492e-45
1.86175e-45
-6.3866e-47
-2.80484e-47
2.81876e-47
-5.78396e-47
3.3643e-47
-2.75471e-47
-3.85463e-47
-7.50065e-46
-4.17191e-47
-2.32939e-47
-1.4126e-48
5.25151e-47
2.00657e-48
5.53632e-47
2.3204e-49
3.92164e-48
4.42902e-48
5.33869e-47
4.34801e-48
6.80623e-51
-2.05354e-48
-5.31777e-47
-2.20037e-48
-1.85886e-48
-8.12547e-50
-2.02182e-49
-8.25846e-51
-6.42017e-51
-2.65683e-52
-3.80834e-52
-1.52036e-53
-1.10547e-53
-4.40811e-55
-4.67269e-55
-1.81079e-56
-1.24257e-56
-4.77468e-58
-4.15307e-58
-1.55686e-59
-1.01273e-59
-1.55935e-60
-2.83227e-61
-5.59631e-59
-8.04768e-62
-2.48952e-57
-2.69606e-60
-1.08009e-55
-2.47512e-58
-4.34256e-54
-7.75047e-57
-1.72773e-52
-6.44036e-55
-6.19991e-51
-1.70745e-53
-2.25672e-49
-1.3364e-51
-7.09521e-48
-2.92758e-50
-2.35722e-46
-2.22018e-48
-6.30823e-45
-3.89097e-47
-1.9092e-43
-2.95091e-45
-4.14058e-42
-4.20595e-44
-1.13808e-40
-3.44888e-42
-1.78769e-39
-7.41071e-41
-4.21667e-38
-6.39069e-39
-2.70612e-37
-3.82334e-35
-1.77148e-37
-3.22883e-37
-2.61408e-38
-2.38966e-37
-2.25257e-38
-3.08922e-38
-6.02887e-40
-8.2916e-40
-4.9149e-41
-6.25284e-41
-1.29477e-42
-1.69031e-42
-7.1803e-44
-9.10808e-44
-1.8544e-45
-2.39182e-45
-8.32945e-47
-1.00388e-46
-3.98073e-48
-1.82535e-48
-1.14227e-48
-8.95542e-49
-3.00036e-47
-8.74941e-49
-9.31084e-49
-3.11606e-50
1.72088e-48
3.98335e-50
1.83411e-48
4.81388e-51
1.28135e-49
8.8653e-50
1.77011e-48
8.69723e-50
2.20104e-52
-4.09467e-50
-1.76326e-48
-4.40027e-50
-6.07449e-50
-1.68619e-51
-6.62779e-51
-1.68524e-52
-2.07757e-52
-5.57076e-54
-1.22286e-53
-3.13689e-55
-3.50213e-55
-9.26988e-57
-1.45957e-56
-3.75194e-58
-3.82461e-58
-1.00257e-59
-1.25538e-59
-7.89614e-61
-3.00797e-61
-2.24239e-59
1.3112e-62
-1.14231e-57
1.16332e-60
-4.91312e-56
5.56158e-59
-2.34522e-54
2.83433e-57
-8.94698e-53
1.21531e-55
-4.01343e-51
5.80642e-54
-1.33536e-49
2.20517e-52
-5.65492e-48
9.91417e-51
-1.60194e-46
3.2754e-49
-6.44889e-45
1.39151e-47
-1.50063e-43
3.8641e-46
-5.80935e-42
1.51321e-44
-1.04769e-40
2.52975e-43
-3.97659e-39
-4.05906e-43
-4.87311e-38
-1.43607e-39
-1.81854e-36
-1.51588e-37
-1.20102e-35
-3.04892e-37
-1.74052e-37
-1.38957e-37
-1.19845e-37
-4.75518e-39
-2.42045e-38
-6.1901e-40
-6.29831e-40
-1.94133e-41
-5.03968e-41
-1.4545e-42
-1.32858e-42
-4.31301e-44
-7.36234e-44
-2.30253e-45
-1.90441e-45
-6.44166e-47
-8.19106e-47
-2.67477e-48
-2.07547e-48
-4.71207e-50
-9.56364e-50
-2.89792e-50
-6.39106e-49
-2.85598e-50
-2.09055e-50
-1.01068e-51
3.45e-50
1.1108e-51
3.69742e-50
1.33677e-52
2.67988e-51
2.50166e-51
3.56429e-50
2.45487e-51
4.64349e-54
-1.15649e-51
-3.55021e-50
-1.24168e-51
-1.27183e-51
-4.69621e-53
-1.36096e-52
-4.6574e-54
-4.38762e-54
-1.52027e-55
-2.53728e-55
-8.44005e-57
-7.40943e-57
-2.46099e-58
-3.0392e-58
-9.78154e-60
-8.06489e-60
-2.56908e-61
-2.60899e-61
1.55371e-62
-5.91838e-63
1.13303e-60
2.01814e-62
5.714e-59
1.1108e-60
2.46241e-57
5.30776e-59
1.16011e-55
2.70892e-57
4.43934e-54
1.16082e-55
1.95913e-52
5.55578e-54
6.54648e-51
2.10807e-52
2.7157e-49
9.4975e-51
7.73648e-48
3.13388e-49
3.03272e-46
1.33477e-47
7.10651e-45
3.70094e-46
2.65495e-43
1.45444e-44
4.8274e-42
2.43503e-43
1.74098e-40
-2.30729e-43
2.14828e-39
-1.36743e-39
7.34225e-38
-1.44834e-37
-1.15254e-35
-1.6646e-38
-1.98989e-35
1.2322e-38
-1.90511e-37
1.88154e-40
-2.97593e-39
-1.95221e-41
-4.07826e-41
-8.95592e-43
-1.41963e-42
-1.02748e-43
-3.65011e-44
-3.26736e-45
-1.94439e-45
-1.98228e-46
-5.35667e-47
-5.64929e-48
-2.29307e-48
-2.48408e-49
-6.09269e-50
-6.06066e-51
-2.86089e-51
-7.63497e-52
-2.09213e-50
-5.7753e-52
-6.8192e-52
-2.11925e-53
9.54088e-52
2.10235e-53
1.03361e-51
2.62272e-54
7.40485e-53
4.77357e-53
9.97166e-52
4.6817e-53
1.25759e-55
-2.20145e-53
-9.93305e-52
-2.36912e-53
-3.51673e-53
-9.22391e-55
-3.73201e-54
-8.97613e-56
-1.18949e-55
-2.99095e-57
-6.77901e-57
-1.63124e-58
-1.95521e-58
-4.82061e-60
-7.87402e-60
-1.88163e-61
-2.06066e-61
1.23497e-62
-6.53632e-63
9.46071e-61
-5.53325e-64
4.53267e-59
-2.10159e-62
2.31048e-57
-1.14693e-60
9.93622e-56
-5.48009e-59
4.74463e-54
-2.79712e-57
1.8097e-52
-1.19853e-55
8.12143e-51
-5.73693e-54
2.70135e-49
-2.17659e-52
1.14455e-47
-9.80767e-51
3.24092e-46
-3.23579e-49
1.30547e-44
-1.37838e-47
3.03604e-43
-3.82021e-46
1.1761e-41
-1.50013e-44
2.11948e-40
-2.48398e-43
8.0499e-39
6.38495e-43
9.8557e-38
1.45823e-39
3.67982e-36
1.53953e-37
1.22294e-35
1.32902e-38
-2.45381e-37
-1.36988e-38
-9.98481e-38
-3.25302e-40
-1.40379e-39
-3.07183e-41
-1.59416e-41
-7.69219e-43
-2.79007e-43
-4.65715e-44
-5.26256e-45
-1.17937e-45
-2.47365e-46
-5.38923e-47
-6.47275e-48
-1.33454e-48
-2.72872e-49
-4.93315e-50
-6.91565e-51
-1.15938e-51
-2.53875e-52
-5.13907e-53
-4.29134e-52
-1.66504e-53
-1.45579e-53
-5.99945e-55
1.81799e-53
5.05437e-55
1.98206e-53
6.29741e-56
1.46204e-54
1.16205e-54
1.91054e-53
1.13993e-54
2.4832e-57
-5.36401e-55
-1.90306e-53
-5.76835e-55
-6.95184e-55
-2.22122e-56
-7.21948e-56
-2.13042e-57
-2.35136e-57
-7.02042e-59
-1.31449e-58
-3.7583e-60
-3.84445e-60
-1.09707e-61
-1.52156e-61
-4.19873e-63
-4.01271e-63
-8.99984e-66
-1.31934e-64
5.28708e-63
-4.01513e-64
2.54651e-61
-2.104e-62
1.23593e-59
-1.14812e-60
5.36742e-58
-5.48604e-59
2.40664e-56
-2.79915e-57
9.32687e-55
-1.19949e-55
3.85595e-53
-5.73896e-54
1.31312e-51
-2.17763e-52
4.98625e-50
-9.80692e-51
1.45933e-48
-3.23606e-49
5.04698e-47
-1.37752e-47
1.22805e-45
-3.8181e-46
3.78445e-44
-1.49716e-44
7.25392e-43
-2.4668e-43
1.83929e-41
8.25109e-43
2.42157e-40
1.47314e-39
2.34843e-39
1.54934e-37
1.22556e-35
-7.90267e-40
-2.47777e-37
8.12167e-40
-1.05183e-37
1.92129e-41
-1.43319e-39
1.71707e-42
-1.53846e-41
4.18815e-44
-1.63587e-43
2.39518e-45
-1.81429e-45
5.84299e-47
-4.56437e-47
2.52762e-48
-9.95832e-49
5.9946e-50
-3.61495e-50
2.10446e-51
-8.49571e-52
4.80225e-53
-2.71698e-53
1.13524e-54
-1.23475e-53
-2.7172e-55
-4.13958e-55
-1.05793e-56
4.34743e-55
9.08707e-57
4.79387e-55
1.16449e-57
3.503e-56
2.10173e-56
4.62419e-55
2.06082e-56
5.79865e-59
-9.68298e-57
-4.60656e-55
-1.04328e-56
-1.66736e-56
-4.11044e-58
-1.70463e-57
-3.86138e-59
-5.4974e-59
-1.2921e-60
-3.01478e-60
-6.78442e-62
-8.71738e-62
-2.00051e-63
-3.37749e-63
-2.40348e-64
-8.78618e-65
-8.73965e-63
-5.26591e-67
-4.76629e-61
1.26012e-64
-2.28301e-59
6.65542e-63
-1.1637e-57
3.63617e-61
-5.00416e-56
1.73708e-59
-2.38949e-54
8.87636e-58
-9.11343e-53
3.80231e-56
-4.08987e-51
1.82258e-54
-1.36031e-49
6.9121e-53
-5.76373e-48
3.12015e-51
-1.63204e-46
1.0292e-49
-6.57438e-45
4.40034e-48
-1.52901e-43
1.2318e-46
-5.92377e-42
5.04856e-45
-1.06768e-40
1.18165e-43
-4.05585e-39
4.98372e-42
-4.96741e-38
1.27002e-40
-1.85509e-36
7.24099e-39
2.9936e-37
-1.41055e-38
-2.10275e-35
1.44977e-38
-2.00784e-37
3.4221e-40
-2.61196e-39
3.14418e-41
-2.62906e-41
7.74951e-43
-1.29295e-43
4.57389e-44
1.00542e-45
1.13559e-45
1.1871e-46
5.06883e-47
3.09106e-48
1.22849e-48
1.1655e-49
4.44341e-50
2.72282e-51
1.03304e-51
8.46272e-53
3.15441e-53
1.65205e-54
6.89177e-55
4.25564e-56
1.81826e-56
8.8971e-57
5.76047e-58
8.72179e-57
3.36309e-59
6.51052e-58
4.49946e-58
8.38352e-57
4.41097e-58
1.06964e-60
-2.07374e-58
-8.35146e-57
-2.23309e-58
-3.10039e-58
-8.71969e-60
-3.09623e-59
-8.03505e-61
-1.01507e-60
-2.66269e-62
-5.45216e-62
-1.36799e-63
-1.59119e-63
-3.99109e-65
-6.04968e-65
-6.58379e-66
-1.53845e-66
-2.70904e-64
2.34643e-66
-1.45637e-62
1.39945e-64
-6.9881e-61
7.3875e-63
-3.4989e-59
4.02854e-61
-1.50986e-57
1.92486e-59
-7.05092e-56
9.81341e-58
-2.70409e-54
4.20539e-56
-1.18008e-52
2.01019e-54
-3.95591e-51
7.6287e-53
-1.61759e-49
3.43191e-51
-4.62836e-48
1.13309e-49
-1.78016e-46
4.82346e-48
-4.19525e-45
1.35064e-46
-1.52668e-43
5.4866e-45
-2.79578e-42
1.25432e-43
-9.69106e-41
4.9356e-42
-1.20427e-39
8.70067e-41
-3.81709e-38
3.42167e-39
4.23191e-38
1.44043e-38
-1.62906e-37
-1.48059e-38
-1.02905e-37
-3.51024e-40
-1.33265e-39
-3.23043e-41
-1.3009e-41
-7.99102e-43
1.46547e-44
-4.72377e-44
3.13772e-45
-1.1766e-45
2.3229e-46
-5.25942e-47
6.47132e-48
-1.2784e-48
2.82375e-49
-4.62993e-50
7.24293e-51
-1.0792e-51
2.53744e-52
-3.29999e-53
6.08798e-54
-7.30232e-55
1.79906e-55
-1.93713e-56
4.20566e-57
-4.00794e-58
2.88877e-58
-9.04504e-60
1.59245e-59
7.48805e-60
1.78744e-58
7.51895e-60
2.29171e-62
-3.53265e-60
-1.78031e-58
-3.81003e-60
-6.56423e-60
-1.51493e-61
-6.42037e-61
-1.36492e-62
-2.08711e-62
-4.57301e-64
-1.09608e-63
-2.30069e-65
-3.16515e-65
-6.72133e-67
-1.17485e-66
1.84529e-68
1.45662e-68
2.31941e-66
2.59871e-66
1.28554e-64
1.52039e-64
6.3145e-63
8.02502e-63
3.25594e-61
4.37836e-61
1.43236e-59
2.09166e-59
6.88469e-58
1.06706e-57
2.67697e-56
4.57171e-56
1.20188e-54
2.18707e-54
4.05336e-53
8.29749e-53
1.70425e-51
3.73662e-51
4.8478e-50
1.23325e-49
1.91519e-48
5.25673e-48
4.39555e-47
1.47133e-46
1.63858e-45
5.98707e-45
2.80044e-44
1.36811e-43
9.8842e-43
5.39563e-42
1.0338e-41
9.50906e-41
3.38086e-40
3.75191e-39
4.64592e-38
1.43866e-38
-1.86167e-37
-1.48341e-38
-4.31551e-39
-3.54094e-40
4.84079e-40
-3.35394e-41
1.70423e-41
-8.43589e-43
1.4719e-42
-5.11814e-44
4.29787e-44
-1.30099e-45
2.37901e-45
-5.95471e-47
6.56317e-47
-1.47931e-48
2.80096e-48
-5.47736e-50
7.29362e-50
-1.30557e-51
2.5554e-51
-4.07709e-53
6.25101e-53
-9.22427e-55
1.86602e-54
-2.49698e-56
4.27397e-56
-5.32518e-58
1.11712e-57
-1.27272e-59
2.40691e-59
-1.08563e-61
3.60422e-60
1.3802e-61
1.138e-62
-6.75074e-62
-3.04105e-60
-7.26728e-62
-1.14467e-61
-2.8693e-63
-1.09184e-62
-2.52674e-64
-3.59257e-64
-8.39338e-66
-1.84512e-65
-4.10609e-67
-5.35617e-67
7.94919e-68
-1.96074e-68
5.26949e-66
-7.71181e-69
2.77974e-64
-4.17765e-67
1.49022e-62
-2.42252e-65
7.13077e-61
-1.28009e-63
3.56007e-59
-6.90978e-62
1.53244e-57
-3.30848e-60
7.13636e-56
-1.6653e-58
2.7314e-54
-7.16075e-57
1.18884e-52
-3.36809e-55
3.98067e-51
-1.28448e-53
1.62383e-49
-5.66132e-52
4.64753e-48
-1.88115e-50
1.78407e-46
-7.79327e-49
4.21676e-45
-2.1864e-47
1.5328e-43
-8.3747e-46
2.82997e-42
-1.60162e-44
9.81217e-41
-2.51382e-43
1.24225e-39
3.99459e-41
3.93578e-38
4.11589e-39
2.8857e-37
-1.8321e-38
9.43967e-38
1.30906e-38
-7.71723e-38
1.8243e-40
2.61951e-38
-2.73853e-41
7.27464e-40
-1.177e-42
6.03581e-41
-1.29247e-43
1.59586e-42
-4.07321e-45
8.84829e-44
-2.44565e-46
2.28861e-45
-6.94475e-48
9.83152e-47
-3.04527e-49
2.44421e-48
-7.98797e-51
8.62582e-50
-2.81198e-52
2.03806e-51
-6.85015e-54
6.12416e-53
-2.03109e-55
1.3658e-54
-4.59997e-57
3.57951e-56
-1.18263e-58
7.50121e-58
-2.48726e-60
1.74961e-59
-5.42746e-62
3.42284e-61
-2.18566e-63
-5.06963e-62
-1.18766e-63
-2.03584e-63
-4.70738e-65
-1.99165e-64
-4.01852e-66
-6.54406e-66
-1.33495e-67
-3.29191e-67
4.67127e-68
-9.52603e-69
3.08397e-66
-3.92519e-69
1.80482e-64
-2.25535e-67
9.54393e-63
-1.30684e-65
5.20841e-61
-7.64525e-64
2.49442e-59
-4.03606e-62
1.27218e-57
-2.20266e-60
5.46958e-56
-1.05243e-58
2.61361e-54
-5.37058e-57
9.9657e-53
-2.30125e-55
4.47644e-51
-1.10123e-53
1.48843e-49
-4.17827e-52
6.31393e-48
-1.88216e-50
1.78721e-46
-6.21097e-49
7.21028e-45
-2.64626e-47
1.6763e-43
-7.36506e-46
6.50727e-42
-2.93631e-44
1.1725e-40
-5.66289e-43
4.46627e-39
-1.07545e-41
5.4701e-38
1.41571e-39
2.05161e-36
1.62855e-37
1.34741e-35
-3.32106e-37
-2.20549e-35
-2.00906e-37
3.81814e-38
-6.51898e-39
2.71698e-38
-8.17253e-40
7.25594e-40
-2.5138e-41
5.90443e-41
-1.85365e-42
1.55507e-42
-5.44484e-44
8.62149e-44
-2.88264e-45
2.22628e-45
-8.01987e-47
9.5677e-47
-3.34087e-48
2.37572e-48
-8.7504e-50
8.38697e-50
-3.02176e-51
1.97972e-51
-7.4214e-53
5.9504e-53
-2.19598e-54
1.32601e-54
-5.04358e-56
3.4759e-56
-1.30772e-57
7.27948e-58
-2.80328e-59
1.69258e-59
-6.4698e-61
3.32033e-61
-1.29444e-62
6.00295e-63
-2.88595e-64
9.17023e-65
-5.79123e-66
-8.00442e-67
-1.60969e-67
-6.4433e-68
-4.8097e-69
-4.45257e-69
-6.07366e-68
-1.57893e-70
-3.51645e-66
-1.31053e-69
-2.05579e-64
-8.2093e-68
-1.08731e-62
-4.75711e-66
-5.92654e-61
-2.78511e-64
-2.83925e-59
-1.47024e-62
-1.44582e-57
-8.03122e-61
-6.21896e-56
-3.83676e-59
-2.96594e-54
-1.96014e-57
-1.13161e-52
-8.39685e-56
-5.07064e-51
-4.02388e-54
-1.68731e-49
-1.52614e-52
-7.13552e-48
-6.88695e-51
-2.02162e-46
-2.27194e-49
-8.12374e-45
-9.71074e-48
-1.89056e-43
-2.72022e-46
-7.30086e-42
-1.11666e-44
-1.31673e-40
-2.6528e-43
-4.97954e-39
-1.15983e-41
-6.10061e-38
-3.49865e-40
-2.26209e-36
-2.25967e-38
-1.15408e-36
-4.57845e-35
4.57901e-35
-4.37511e-37
4.14539e-37
-2.87671e-37
-2.11854e-38
-3.71434e-38
-6.63976e-40
-9.96722e-40
-5.86157e-41
-7.51195e-41
-1.554e-42
-2.03034e-42
-8.63283e-44
-1.09366e-43
-2.2295e-45
-2.87163e-45
-9.58003e-47
-1.21287e-46
-2.37859e-48
-3.0428e-48
-8.39581e-50
-1.06215e-49
-1.98166e-51
-2.5232e-51
-5.95558e-53
-7.52693e-53
-1.32709e-54
-1.68386e-54
-3.47843e-56
-4.39125e-56
-7.28443e-58
-9.21745e-58
-1.69352e-59
-2.1354e-59
-3.32223e-61
-4.19441e-61
-6.95027e-63
-8.73344e-63
-1.27716e-64
-1.6019e-64
-2.45629e-66
-3.02383e-66
-4.28167e-68
-5.43713e-68
-7.89384e-70
-1.68294e-67
7.77363e-71
-9.71341e-66
5.78397e-69
-5.68243e-64
3.63505e-67
-3.00532e-62
2.1064e-65
-1.63942e-60
1.23236e-63
-7.85303e-59
6.50593e-62
-4.00296e-57
3.55083e-60
-1.72144e-55
1.6966e-58
-8.21999e-54
8.65848e-57
-3.1352e-52
3.71006e-55
-1.407e-50
1.77558e-53
-4.67988e-49
6.73672e-52
-1.98287e-47
3.03494e-50
-5.6147e-46
1.00131e-48
-2.26171e-44
4.26364e-47
-5.25995e-43
1.18031e-45
-2.0377e-41
4.61169e-44
-3.67236e-40
7.25699e-43
-1.39489e-38
-7.6404e-42
-1.708e-37
-5.15395e-39
-6.37778e-36
-5.36935e-37
-4.23024e-35
-3.48401e-37
2.35809e-35
-1.84156e-37
4.18979e-37
-6.12045e-39
-2.16386e-38
-7.80647e-40
-6.79984e-40
-2.4231e-41
-5.99769e-41
-1.80016e-42
-1.59366e-42
-5.31153e-44
-8.8505e-44
-2.82318e-45
-2.28952e-45
-7.87535e-47
-9.83526e-47
-3.28863e-48
-2.44509e-48
-8.62868e-50
-8.62853e-50
-2.9846e-51
-2.03866e-51
-7.33924e-53
-6.12576e-53
-2.17422e-54
-1.36613e-54
-4.99821e-56
-3.58029e-56
-1.2971e-57
-7.50269e-58
-2.7825e-59
-1.74413e-59
-6.42659e-61
-3.42336e-61
-1.2846e-62
-7.14544e-63
-2.67084e-64
-1.31044e-64
-4.96865e-66
-2.47804e-66
-9.37537e-68
-4.23844e-68
-7.14334e-70
-7.3051e-70
5.70081e-68
3.25142e-71
3.30926e-66
2.79612e-69
1.93583e-64
1.75753e-67
1.02376e-62
1.01847e-65
5.58436e-61
5.95943e-64
2.67483e-59
3.14621e-62
1.36339e-57
1.71742e-60
5.86282e-56
8.20599e-59
2.79942e-54
4.18864e-57
1.06769e-52
1.79478e-55
4.79134e-51
8.59137e-54
1.59363e-49
3.25954e-52
6.75207e-48
1.46879e-50
1.91191e-46
4.845e-49
7.70148e-45
2.06246e-47
1.79118e-43
5.68501e-46
6.93911e-42
2.18568e-44
1.25073e-40
2.79785e-43
4.75087e-39
-1.32182e-41
5.81898e-38
-3.5889e-39
2.17284e-36
-3.64348e-37
-2.83006e-35
-3.44465e-38
5.49203e-37
2.9667e-38
2.36002e-37
5.78402e-40
2.60133e-39
8.99629e-42
1.50659e-41
-2.733e-43
-1.21882e-42
-7.59601e-44
-4.1604e-44
-2.74274e-45
-2.39975e-45
-1.85244e-46
-6.63811e-47
-5.50092e-48
-2.83109e-48
-2.52359e-49
-7.36382e-50
-6.77115e-51
-2.57711e-51
-2.44068e-52
-6.29864e-53
-6.02846e-54
-1.87872e-54
-1.81353e-55
-4.30002e-56
-4.14608e-57
-1.12015e-57
-1.07638e-58
-2.39503e-59
-2.28157e-60
-5.54189e-61
-5.22113e-62
-1.1049e-62
-1.02643e-63
-2.29852e-64
-2.10024e-65
-4.2668e-66
-3.82831e-67
-8.05014e-68
-7.03145e-69
-1.3897e-69
2.59617e-69
-2.53092e-71
1.70689e-67
-9.35626e-71
9.90367e-66
-5.89936e-69
5.7936e-64
-3.70774e-67
3.06396e-62
-2.14848e-65
1.67138e-60
-1.25713e-63
8.00572e-59
-6.63646e-62
4.08078e-57
-3.62262e-60
1.75481e-55
-1.73081e-58
8.37944e-54
-8.83481e-57
3.19587e-52
-3.78536e-55
1.43427e-50
-1.81206e-53
4.7704e-49
-6.87457e-52
2.02134e-47
-3.09812e-50
5.72348e-46
-1.02228e-48
2.30573e-44
-4.35927e-47
5.36239e-43
-1.21573e-45
2.07767e-41
-4.89055e-44
3.74469e-40
-1.01229e-42
1.42265e-38
-2.83127e-41
1.74238e-37
1.12353e-39
6.50799e-36
1.53355e-37
1.36404e-35
-4.13149e-40
2.4218e-35
3.81748e-40
2.33884e-37
1.08196e-41
3.16057e-39
-8.91466e-44
3.3389e-41
-1.08876e-44
2.7714e-43
-2.14347e-45
1.3174e-45
-7.46453e-47
-7.57943e-47
-4.90628e-48
-2.84702e-48
-1.47616e-49
-1.51144e-49
-6.67458e-51
-4.20593e-51
-1.82381e-52
-1.60283e-52
-6.50265e-54
-4.03245e-54
-1.63321e-55
-1.25194e-55
-4.87018e-57
-2.89708e-57
-1.12893e-58
-7.67425e-59
-2.9099e-60
-1.6414e-60
-6.2351e-62
-3.80841e-62
-1.4184e-63
-7.5409e-64
-2.81085e-65
-1.55846e-65
-5.72274e-67
-2.85774e-67
-1.04887e-68
-5.32058e-69
-2.08206e-70
-9.03351e-71
-9.69296e-70
-2.01824e-72
-6.07132e-68
-3.3256e-71
-3.52239e-66
-2.10398e-69
-2.06038e-64
-1.32234e-67
-1.08956e-62
-7.66236e-66
-5.94296e-61
-4.48336e-64
-2.84644e-59
-2.36679e-62
-1.45078e-57
-1.29193e-60
-6.2383e-56
-6.17254e-59
-2.97857e-54
-3.15066e-57
-1.13597e-52
-1.34993e-55
-5.09757e-51
-6.46202e-54
-1.69544e-49
-2.45157e-52
-7.18324e-48
-1.10482e-50
-2.034e-46
-3.6461e-49
-8.19321e-45
-1.5557e-47
-1.90563e-43
-4.35776e-46
-7.38261e-42
-1.78162e-44
-1.33085e-40
-4.17772e-43
-5.05543e-39
-1.76382e-41
-6.19388e-38
-4.62294e-40
-2.31288e-36
-2.73472e-38
-1.24457e-36
-1.5736e-38
5.59213e-37
1.61715e-38
1.27338e-37
3.79697e-40
1.88206e-39
3.4866e-41
2.23373e-41
8.55905e-43
4.24263e-43
5.04722e-44
7.68946e-45
1.24876e-45
3.04054e-46
5.56837e-47
7.15122e-48
1.3454e-48
2.60638e-49
4.86127e-50
6.02058e-51
1.12706e-51
1.85485e-52
3.43882e-53
4.08229e-54
7.57198e-55
1.08834e-55
2.00444e-56
2.26328e-57
4.16427e-58
5.32434e-59
9.74463e-60
1.0408e-60
1.90149e-61
2.19078e-62
3.98599e-63
4.01064e-64
7.2811e-65
7.62901e-66
1.38041e-66
1.30417e-67
2.35417e-68
2.25788e-69
3.62167e-70
3.59762e-71
-2.79982e-69
1.98663e-72
-1.76407e-67
9.58749e-71
-1.02357e-65
6.06971e-69
-5.98868e-64
3.81489e-67
-3.16721e-62
2.21064e-65
-1.72798e-60
1.29352e-63
-8.2769e-59
6.82877e-62
-4.2198e-57
3.72764e-60
-1.81458e-55
1.78104e-58
-8.66676e-54
9.09126e-57
-3.30535e-52
3.89535e-55
-1.48379e-50
1.86471e-53
-4.93484e-49
7.07445e-52
-2.09168e-47
3.18805e-50
-5.92212e-46
1.05173e-48
-2.38668e-44
4.47999e-47
-5.54995e-43
1.24003e-45
-2.1514e-41
4.84685e-44
-3.87686e-40
7.61524e-43
-1.47385e-38
-8.18868e-42
-1.80465e-37
-5.44234e-39
-6.7479e-36
-5.67311e-37
-4.47454e-35
3.59239e-38
6.38953e-37
-3.69283e-38
3.71372e-37
-8.78492e-40
4.97288e-39
-8.06988e-41
5.24229e-41
-1.99954e-42
5.1672e-43
-1.18002e-43
5.60869e-45
-2.94185e-45
1.81853e-46
-1.31315e-46
4.83646e-48
-3.1934e-48
2.23763e-49
-1.15517e-49
5.96669e-51
-2.69327e-51
2.18962e-52
-8.22739e-53
5.39809e-54
-1.82042e-54
1.64245e-55
-4.82489e-56
3.75269e-57
-1.00661e-57
9.81549e-59
-2.35841e-59
2.08095e-60
-4.61871e-61
4.78644e-62
-9.69368e-63
9.41597e-64
-1.77622e-64
1.93365e-65
-3.37145e-66
3.52793e-67
-5.76496e-68
6.53641e-69
-9.66152e-70
1.10525e-70
1.90249e-69
2.21439e-72
1.20601e-67
2.39292e-71
6.99806e-66
1.51295e-69
4.09474e-64
9.50452e-68
2.16568e-62
5.50685e-66
1.18166e-60
3.22047e-64
5.66033e-59
1.69999e-62
2.88607e-57
9.27385e-61
1.24109e-55
4.43074e-59
5.92828e-54
2.25997e-57
2.26099e-52
9.68333e-56
1.01508e-50
4.63135e-54
3.37598e-49
1.75717e-52
1.43111e-47
7.91007e-51
4.05175e-46
2.60951e-49
1.63311e-44
1.1095e-47
3.79733e-43
3.05908e-46
1.47222e-41
1.17466e-44
2.65256e-40
1.51288e-43
1.00859e-38
-6.96958e-42
1.23462e-37
-1.90639e-39
4.61803e-36
-1.93116e-37
-1.49464e-35
5.09162e-38
7.53422e-35
-5.23871e-38
7.17375e-37
-1.24087e-39
9.87118e-39
-1.15135e-40
1.12005e-40
-2.85679e-42
2.0167e-42
-1.70202e-43
4.23713e-44
-4.26017e-45
2.1559e-45
-1.9186e-46
6.0752e-47
-4.69132e-48
2.67343e-48
-1.71151e-49
7.11798e-50
-4.01601e-51
2.54742e-51
-1.23697e-52
6.32685e-53
-2.75632e-54
1.91621e-54
-7.36481e-56
4.43677e-56
-1.54805e-57
1.16862e-57
-3.65617e-59
2.52051e-59
-7.21633e-61
5.88108e-61
-1.52671e-62
1.18052e-62
-2.82e-64
2.47181e-64
-5.39578e-66
4.61347e-66
-9.3024e-68
8.74856e-68
-1.59061e-69
1.51679e-69
1.89229e-69
2.53184e-71
1.20558e-67
-6.05193e-71
6.99509e-66
-3.85801e-69
4.0914e-64
-2.42344e-67
2.16384e-62
-1.40433e-65
1.18011e-60
-8.21183e-64
5.65298e-59
-4.33575e-62
2.88072e-57
-2.36495e-60
1.23888e-55
-1.13027e-58
5.91375e-54
-5.7641e-57
2.25573e-52
-2.47086e-55
1.0119e-50
-1.1815e-53
3.36608e-49
-4.4854e-52
1.42549e-47
-2.01869e-50
4.03699e-46
-6.66661e-49
1.62515e-44
-2.83737e-47
3.78023e-43
-7.90511e-46
1.46326e-41
-3.148e-44
2.63769e-40
-6.08447e-43
1.00076e-38
-1.15612e-41
1.22568e-37
1.51668e-39
4.56844e-36
1.75069e-37
1.45337e-35
-7.44355e-38
2.52182e-37
6.99156e-38
2.69675e-37
1.51748e-39
3.46353e-38
8.86849e-41
8.79567e-40
1.62769e-42
6.93821e-41
2.72314e-44
1.827e-42
-2.97094e-46
1.0124e-43
-8.55554e-47
2.61901e-45
-3.22626e-48
1.12575e-46
-1.78137e-49
2.79944e-48
-5.1743e-51
9.88373e-50
-2.00909e-52
2.33575e-51
-5.16818e-54
7.02089e-53
-1.61808e-55
1.56604e-54
-3.79297e-57
4.10529e-56
-1.00948e-58
8.60417e-58
-2.1767e-60
2.00059e-59
-5.06621e-62
3.92724e-61
-1.00854e-63
8.19822e-63
-2.08915e-65
1.50362e-64
-3.84499e-67
2.84302e-66
-7.18605e-69
4.86174e-68
-1.03167e-69
8.37309e-70
-5.72059e-68
-2.62504e-71
-3.31972e-66
-2.49967e-69
-1.94323e-64
-1.53108e-67
-1.02786e-62
-8.89697e-66
-5.6109e-61
-5.04721e-64
-2.68793e-59
-2.68992e-62
-1.37123e-57
-1.41395e-60
-5.89716e-56
-6.87733e-59
-2.8186e-54
-3.35079e-57
-1.07506e-52
-1.47677e-55
-4.83008e-51
-6.67265e-54
-1.60653e-49
-2.63749e-52
-6.81632e-48
-1.10625e-50
-1.93e-46
-3.86437e-49
-7.78814e-45
-1.50749e-47
-1.81107e-43
-4.55318e-46
-7.03276e-42
-1.65643e-44
-1.26722e-40
-4.15368e-43
-4.83029e-39
-1.3856e-41
-5.91345e-38
-2.31323e-40
-2.22215e-36
-4.50332e-39
1.85262e-37
-4.90119e-37
-2.56937e-35
-1.19409e-37
-3.35606e-37
-4.83774e-39
2.6342e-38
-6.95505e-40
7.85647e-40
-2.28493e-41
6.77097e-41
-1.77411e-42
1.79145e-42
-5.36955e-44
9.94135e-44
-2.91687e-45
2.56691e-45
-8.25409e-47
1.10267e-46
-3.49152e-48
2.73749e-48
-9.24545e-50
9.66086e-50
-3.22522e-51
2.28006e-51
-7.98158e-53
6.85146e-53
-2.37874e-54
1.52662e-54
-5.49397e-56
4.00101e-56
-1.4321e-57
8.3783e-58
-3.08309e-59
1.94769e-59
-7.14517e-61
3.82064e-61
-1.43226e-62
7.97421e-63
-2.9858e-64
1.46166e-64
-5.5671e-66
2.76318e-66
-1.05278e-67
4.72286e-68
-1.91413e-69
8.13612e-70
-5.50301e-69
-3.99178e-73
-3.16395e-67
-8.39178e-70
-1.77574e-65
-4.89547e-68
-9.42548e-64
-2.86283e-66
-4.89e-62
-1.52467e-64
-2.37188e-60
-8.30036e-63
-1.1369e-58
-4.01466e-61
-5.0063e-57
-2.03702e-59
-2.21552e-55
-8.88102e-58
-8.7737e-54
-4.2045e-56
-3.5823e-52
-1.63564e-54
-1.25857e-50
-7.23329e-53
-4.73872e-49
-2.47635e-51
-1.44775e-47
-1.02429e-49
-5.02745e-46
-3.02843e-48
-1.29531e-44
-1.17496e-46
-4.15511e-43
-2.94464e-45
-8.57894e-42
-1.10631e-43
-2.54719e-40
-2.70883e-42
-3.74618e-39
-1.35624e-40
-9.78769e-38
-6.52171e-39
-3.81941e-37
-5.26914e-35
-2.64531e-35
-4.26772e-37
-4.06604e-37
-3.28793e-37
-3.57206e-38
-4.25205e-38
-8.75706e-40
-1.14135e-39
-6.77397e-41
-8.60875e-41
-1.77682e-42
-2.3273e-42
-9.84817e-44
-1.25418e-43
-2.54373e-45
-3.29363e-45
-1.0941e-46
-1.39151e-46
-2.71765e-48
-3.49138e-48
-9.59975e-50
-1.21898e-49
-2.26661e-51
-2.89603e-51
-6.81563e-53
-8.64036e-53
-1.51917e-54
-1.9331e-54
-3.9835e-56
-5.04177e-56
-8.34409e-58
-1.05836e-57
-1.94049e-59
-2.45211e-59
-3.80747e-61
-4.81675e-61
-7.94917e-63
-1.00296e-62
-1.45739e-64
-1.83965e-64
-2.75578e-66
-3.47192e-66
-4.71108e-68
-6.13898e-68
-8.11361e-70
-1.24228e-67
2.66305e-71
-7.17648e-66
2.49799e-69
-4.0124e-64
1.5317e-67
-2.15138e-62
8.90115e-66
-1.11002e-60
5.05621e-64
-5.45826e-59
2.69428e-62
-2.59614e-57
1.41854e-60
-1.16419e-55
6.89643e-59
-5.09806e-54
3.36696e-57
-2.0678e-52
1.48262e-55
-8.32558e-51
6.71632e-54
-3.01803e-49
2.6511e-52
-1.11602e-47
1.11555e-50
-3.55206e-46
3.88773e-49
-1.20599e-44
1.52044e-47
-3.2796e-43
4.53126e-46
-1.0242e-41
1.58167e-44
-2.2752e-40
2.73074e-43
-6.56994e-39
-5.43204e-42
-1.08212e-37
-2.01443e-39
-2.81465e-36
-2.10988e-37
-1.64438e-35
-3.65123e-37
-3.44023e-37
-2.47895e-37
-1.62634e-37
-7.89088e-39
-3.3346e-38
-9.75845e-40
-8.68162e-40
-2.97885e-41
-6.94738e-41
-2.18335e-42
-1.83144e-42
-6.38879e-44
-1.0148e-43
-3.37152e-45
-2.62487e-45
-9.35864e-47
-1.12791e-46
-3.89081e-48
-2.80443e-48
-1.01755e-49
-9.89912e-50
-3.50915e-51
-2.33913e-51
-8.60929e-53
-7.02991e-53
-2.54501e-54
-1.56792e-54
-5.84058e-56
-4.10969e-56
-1.51327e-57
-8.61278e-58
-3.24194e-59
-2.0024e-59
-7.47839e-61
-3.93055e-61
-1.49328e-62
-8.20452e-63
-3.10157e-64
-1.5047e-64
-5.76496e-66
-2.84488e-66
-1.08696e-67
-4.86469e-68
-1.89538e-69
-8.37782e-70
-9.50109e-70
2.59132e-71
-5.28944e-68
2.4791e-69
-2.51666e-66
1.51883e-67
-1.37917e-64
8.82685e-66
-5.59455e-63
5.00883e-64
-2.98531e-61
2.66981e-62
-9.69407e-60
1.40387e-60
-5.2927e-58
6.82914e-59
-1.18874e-56
3.3288e-57
-7.5287e-55
1.46723e-55
-6.70968e-54
6.63336e-54
-8.30772e-52
2.62209e-52
9.78827e-51
1.10058e-50
-6.67873e-49
3.84323e-49
3.32681e-47
1.49833e-47
-3.34799e-46
4.47749e-46
5.00595e-44
1.55653e-44
-3.99121e-44
2.69882e-43
4.7971e-41
-5.41418e-42
4.67286e-41
-1.98729e-39
2.75918e-38
-2.08204e-37
-1.62213e-35
1.4632e-38
-1.46945e-37
-2.16381e-38
-4.40276e-39
-6.59463e-40
-8.2965e-40
-1.11269e-40
-2.45877e-41
-3.32406e-42
-1.92312e-42
-2.64827e-43
-5.48072e-44
-7.57337e-45
-2.97662e-45
-4.10113e-46
-8.12226e-47
-1.11132e-47
-3.43121e-48
-4.63225e-49
-8.87198e-50
-1.1816e-50
-3.08766e-51
-4.03654e-52
-7.51557e-53
-9.65079e-54
-2.23289e-54
-2.80537e-55
-5.09507e-56
-6.2682e-57
-1.32337e-57
-1.58906e-58
-2.82287e-59
-3.31098e-60
-6.51706e-61
-7.44549e-62
-1.29688e-62
-1.44423e-63
-2.69301e-64
-2.91573e-65
-4.99137e-66
-5.25762e-67
-9.40236e-68
-9.59605e-69
-1.62085e-69
8.6267e-70
-2.80467e-71
6.43438e-68
-1.2681e-71
3.73351e-66
-7.75049e-70
2.18451e-64
-4.88522e-68
1.15526e-62
-2.83081e-66
6.30341e-61
-1.6619e-64
3.01904e-59
-8.76781e-63
1.53937e-57
-4.80481e-61
6.61864e-56
-2.29251e-59
3.16165e-54
-1.17566e-57
1.20556e-52
-5.026e-56
5.41286e-51
-2.41939e-54
1.79974e-49
-9.1491e-53
7.63003e-48
-4.15081e-51
2.15949e-46
-1.36386e-49
8.70503e-45
-5.86594e-48
2.0233e-43
-1.63384e-46
7.84468e-42
-6.74261e-45
1.4128e-40
-1.56816e-43
5.37102e-39
-6.66035e-42
6.57196e-38
-1.68352e-40
2.45596e-36
-9.62742e-39
-3.95986e-37
3.96733e-40
-1.68147e-38
-4.62749e-40
-4.37881e-40
-1.57935e-41
-8.94015e-41
-2.60066e-42
-2.54412e-42
-8.40206e-44
-2.13807e-43
-6.54782e-45
-5.96178e-45
-1.97802e-46
-3.31699e-46
-1.05149e-47
-8.86185e-48
-2.96669e-49
-3.75328e-49
-1.21796e-50
-9.4956e-51
-3.20304e-52
-3.27651e-52
-1.08083e-53
-7.79652e-54
-2.64498e-55
-2.28115e-55
-7.61292e-57
-5.08337e-57
-1.73137e-58
-1.29428e-58
-4.35454e-60
-2.69309e-60
-9.19405e-62
-6.07383e-62
-2.05435e-63
-1.17749e-63
-4.02328e-65
-2.38205e-65
-8.08016e-67
-4.2949e-67
-1.46657e-68
-7.8634e-69
-2.66418e-70
-1.31661e-70
2.80148e-71
-2.39176e-72
2.02362e-69
-1.33099e-71
1.17325e-67
-8.40446e-70
6.78482e-66
-5.28104e-68
3.5895e-64
-3.05988e-66
1.93044e-62
-1.78997e-64
9.26311e-61
-9.4486e-63
4.63931e-59
-5.15626e-61
2.00192e-57
-2.46335e-59
9.35186e-56
-1.25701e-57
3.58614e-54
-5.3853e-56
1.56562e-52
-2.57705e-54
5.24725e-51
-9.77577e-53
2.14659e-49
-4.4038e-51
6.13987e-48
-1.45309e-49
2.36271e-46
-6.19606e-48
5.56525e-45
-1.73354e-46
2.02633e-43
-7.05667e-45
3.70794e-42
-1.61152e-43
1.28596e-40
-6.35762e-42
1.5962e-39
-1.11935e-40
5.06182e-38
-4.41695e-39
-5.45987e-38
3.2378e-41
-3.28104e-40
-3.3244e-41
-9.86384e-42
-1.05423e-42
-2.00795e-42
-1.7836e-43
-6.25055e-44
-5.55553e-45
-5.20312e-45
-4.38971e-46
-1.54243e-46
-1.29071e-47
-8.47499e-48
-6.85262e-49
-2.366e-49
-1.88662e-50
-9.90014e-51
-7.6628e-52
-2.58757e-52
-1.96753e-53
-8.8333e-54
-6.52847e-55
-2.15378e-55
-1.5595e-56
-6.24417e-57
-4.39531e-58
-1.41701e-58
-9.75136e-60
-3.58011e-60
-2.39423e-61
-7.5493e-62
-4.92701e-63
-1.69158e-63
-1.07221e-64
-3.31033e-65
-2.04443e-66
-6.6595e-67
-3.99139e-68
-1.20815e-68
-7.0447e-70
-2.20104e-70
-1.24065e-71
-3.69808e-72
2.29961e-72
-6.84155e-74
1.60823e-70
-4.75241e-73
9.61602e-69
-3.01156e-71
5.72806e-67
-1.88309e-69
3.11743e-65
-1.09533e-67
1.72371e-63
-6.36216e-66
8.48291e-62
-3.37505e-64
4.35984e-60
-1.82364e-62
1.92216e-58
-8.7664e-61
9.19666e-57
-4.41329e-59
3.58491e-55
-1.90509e-57
1.59957e-53
-8.95258e-56
5.41003e-52
-3.42663e-54
2.25612e-50
-1.50676e-52
6.43798e-49
-5.02287e-51
2.51637e-47
-2.0737e-49
5.79398e-46
-5.86583e-48
2.12993e-44
-2.28533e-46
3.64933e-43
-5.2718e-45
1.26442e-41
-1.95446e-43
1.32168e-40
-3.44491e-42
4.21763e-39
-1.23236e-40
-1.44073e-39
2.243e-42
7.55447e-40
-2.28411e-42
1.99664e-41
-7.15002e-44
1.83265e-42
-9.19622e-45
4.76731e-44
-2.82751e-46
2.76522e-45
-1.94882e-47
7.11526e-47
-5.69388e-49
3.09379e-48
-2.77392e-50
7.67689e-50
-7.60779e-52
2.69696e-51
-2.90945e-53
6.36549e-53
-7.44468e-55
1.8892e-54
-2.36183e-56
4.20806e-56
-5.61888e-58
1.08584e-57
-1.52934e-59
2.27137e-59
-3.37547e-61
5.19612e-61
-8.0583e-63
1.01744e-62
-1.64764e-64
2.09186e-64
-3.50285e-66
3.82537e-66
-6.62726e-68
7.13702e-68
-1.26813e-69
1.21672e-69
-2.21787e-71
2.07394e-71
-3.84914e-73
3.29001e-73
-1.16985e-74
-2.14209e-75
-3.44908e-73
-4.90052e-73
-2.02793e-71
-3.10365e-71
-1.1782e-69
-1.93537e-69
-6.30535e-68
-1.12275e-67
-3.38771e-66
-6.50363e-66
-1.64021e-64
-3.44135e-64
-8.15655e-63
-1.85446e-62
-3.5435e-61
-8.89375e-61
-1.63237e-59
-4.46552e-59
-6.29003e-58
-1.92377e-57
-2.68672e-56
-9.0169e-56
-9.03261e-55
-3.44607e-54
-3.58141e-53
-1.51151e-52
-1.02522e-51
-5.03516e-51
-3.77847e-50
-2.07387e-49
-8.85877e-49
-5.86987e-48
-3.03816e-47
-2.28214e-46
-5.42926e-46
-5.28002e-45
-1.72751e-44
-1.95451e-43
-1.95149e-43
-3.47239e-42
-5.54038e-42
-1.24171e-40
-1.48094e-39
7.07218e-41
3.66429e-38
-7.20842e-41
8.35152e-40
-1.95508e-42
7.58765e-41
-2.15978e-43
1.80018e-42
-5.853e-45
1.09006e-43
-3.64312e-46
2.66058e-45
-9.58097e-48
1.21045e-46
-4.31399e-49
2.90749e-48
-1.08258e-50
1.06444e-49
-3.87827e-52
2.46276e-51
-9.19607e-54
7.58085e-53
-2.75746e-55
1.66933e-54
-6.14053e-57
4.44636e-56
-1.58988e-58
9.24884e-58
-3.31151e-60
2.17397e-59
-7.55773e-62
4.24995e-61
-1.46811e-63
8.93895e-63
-2.99582e-65
1.63629e-64
-5.41532e-67
3.1104e-66
-9.97977e-69
5.31607e-68
-1.67561e-70
9.19766e-70
-2.85034e-72
1.46392e-71
-2.78568e-72
1.82758e-74
-1.76194e-70
-1.44313e-71
-1.05332e-68
-9.13676e-70
-6.27456e-67
-5.74133e-68
-3.41434e-65
-3.32606e-66
-1.88805e-63
-1.94581e-64
-9.29029e-62
-1.02696e-62
-4.77557e-60
-5.60498e-61
-2.10514e-58
-2.67732e-59
-1.00747e-56
-1.36646e-57
-3.9266e-55
-5.85345e-56
-1.75265e-53
-2.80187e-54
-5.92702e-52
-1.06277e-52
-2.47292e-50
-4.78952e-51
-7.05591e-49
-1.58034e-49
-2.75973e-47
-6.74257e-48
-6.35402e-46
-1.88663e-46
-2.33794e-44
-7.68641e-45
-4.00609e-43
-1.75587e-43
-1.38984e-41
-6.93621e-42
-1.45342e-40
-1.22219e-40
-4.64677e-39
-4.8337e-39
-5.99085e-38
8.63047e-40
2.75194e-37
-8.89919e-40
7.15716e-39
-2.50865e-41
2.01387e-40
-2.27199e-42
3.62661e-42
-6.19289e-44
1.64134e-43
-3.5891e-45
3.82336e-45
-9.54266e-47
1.71013e-46
-4.19177e-48
4.0853e-48
-1.06812e-49
1.49589e-49
-3.81284e-51
3.45244e-51
-9.20777e-53
1.06343e-52
-2.78331e-54
2.33731e-54
-6.32721e-56
6.22869e-56
-1.66357e-57
1.29367e-57
-3.54437e-59
3.04189e-59
-8.25606e-61
5.93946e-61
-1.64364e-62
1.24951e-62
-3.43617e-64
2.28503e-64
-6.37776e-66
4.34399e-66
-1.20777e-67
7.41858e-68
-2.0862e-69
1.28354e-69
-3.65554e-71
2.04208e-71
-3.42461e-71
3.57547e-73
-2.09004e-69
2.31869e-72
-1.20812e-67
1.46441e-70
-6.96513e-66
9.13811e-69
-3.67431e-64
5.29741e-67
-1.96996e-62
3.07181e-65
-9.4273e-61
1.62398e-63
-4.70694e-59
8.76452e-62
-2.02631e-57
4.1988e-60
-9.43677e-56
2.11267e-58
-3.61217e-54
9.08963e-57
-1.57225e-52
4.27281e-55
-5.26478e-51
1.63048e-53
-2.14767e-49
7.17977e-52
-6.14691e-48
2.38706e-50
-2.35957e-46
9.87558e-49
-5.57663e-45
2.77125e-47
-2.02695e-43
1.05829e-45
-3.74145e-42
2.00656e-44
-1.29704e-40
2.89392e-43
-1.64121e-39
-5.33917e-41
-5.19896e-38
-5.45426e-39
-3.80654e-37
4.10614e-38
2.72733e-37
-4.22072e-38
2.86045e-37
-1.0021e-39
3.69617e-39
-9.20205e-41
3.67547e-41
-2.27654e-42
1.3439e-43
-1.34275e-43
-2.65766e-45
-3.3429e-45
-2.23667e-46
-1.49127e-46
-5.68589e-48
-3.62195e-48
-2.11454e-49
-1.30942e-49
-4.90044e-51
-3.04934e-51
-1.50934e-52
-9.30982e-53
-3.32261e-54
-2.05776e-54
-8.85044e-56
-5.45106e-56
-1.84039e-57
-1.13618e-57
-4.32591e-59
-2.66068e-59
-8.45448e-61
-5.20636e-61
-1.77818e-62
-1.09221e-62
-3.2542e-64
-1.99986e-64
-6.18548e-66
-3.7944e-66
-1.05695e-67
-6.48421e-68
-1.82855e-69
-1.1379e-69
-2.90882e-71
-1.1323e-69
6.40943e-73
-7.00672e-68
7.44907e-71
-4.06514e-66
4.71661e-69
-2.37887e-64
2.964e-67
-1.25795e-62
1.71754e-65
-6.865e-61
1.00481e-63
-3.2878e-59
5.30464e-62
-1.67681e-57
2.895e-60
-7.20923e-56
1.38326e-58
-3.44487e-54
7.0588e-57
-1.31353e-52
3.02468e-55
-5.90014e-51
1.44742e-53
-1.96182e-49
5.49185e-52
-8.32199e-48
2.47387e-50
-2.35561e-46
8.16364e-49
-9.50332e-45
3.47817e-47
-2.20941e-43
9.68034e-46
-8.57663e-42
3.85906e-44
-1.54537e-40
7.43847e-43
-5.88647e-39
1.40736e-41
-7.20949e-38
-1.86768e-39
-2.70389e-36
-2.14709e-37
-1.77587e-35
1.96657e-38
5.91384e-35
-2.0212e-38
4.19471e-37
-4.77057e-40
5.37196e-39
-4.38529e-41
5.27935e-41
-1.08091e-42
1.42289e-43
-6.38135e-44
-5.17498e-45
-1.58444e-45
-3.85197e-46
-7.07331e-47
-9.69771e-48
-1.7144e-48
-3.59929e-49
-6.20136e-50
-8.33232e-51
-1.44179e-51
-2.56673e-52
-4.40366e-53
-5.64681e-54
-9.72059e-55
-1.50438e-55
-2.57572e-56
-3.12673e-57
-5.36284e-58
-7.35032e-59
-1.25607e-59
-1.43597e-60
-2.45568e-61
-3.02039e-62
-5.15201e-63
-5.52579e-64
-9.42654e-65
-1.05036e-65
-1.78852e-66
-1.79435e-67
-3.0545e-68
-3.10426e-69
-5.07805e-70
-4.9393e-71
1.25324e-69
-3.7101e-73
7.92584e-68
2.77727e-71
4.5988e-66
1.75917e-69
2.68855e-64
1.10596e-67
1.42199e-62
6.40867e-66
7.75068e-61
3.75119e-64
3.71315e-59
1.98024e-62
1.89082e-57
1.08141e-60
8.13311e-56
5.16642e-59
3.87882e-54
2.63856e-57
1.47991e-52
1.13038e-55
6.63128e-51
5.41473e-54
2.20664e-49
2.05387e-52
9.33163e-48
9.26373e-51
2.64382e-46
3.05646e-49
1.06239e-44
1.30555e-47
2.4724e-43
3.6573e-46
9.54762e-42
1.4993e-44
1.72194e-40
3.54821e-43
6.51178e-39
1.53473e-41
7.97778e-38
4.44183e-40
2.95804e-36
2.79078e-38
1.37071e-36
-6.12894e-38
-2.96309e-35
6.29969e-38
3.16679e-39
1.49302e-39
1.18954e-40
1.37165e-40
2.31359e-42
3.38968e-42
1.10784e-43
1.99999e-43
2.59905e-45
4.97519e-45
1.16555e-46
2.21996e-46
2.78404e-48
5.38843e-48
1.01959e-49
1.94836e-49
2.35245e-51
4.53503e-51
7.24665e-53
1.38473e-52
1.59232e-54
3.05942e-54
4.24356e-56
8.105e-56
8.81179e-58
1.68877e-57
2.072e-59
3.95484e-59
4.04497e-61
7.73653e-61
8.5096e-63
1.623e-62
1.55594e-64
2.97101e-64
2.95789e-66
5.63685e-66
5.05076e-68
9.63081e-68
8.73839e-70
1.71915e-69
1.38783e-71
3.52944e-69
-1.32518e-72
2.20188e-67
-1.04506e-70
1.27765e-65
-6.61698e-69
7.47449e-64
-4.15846e-67
3.95321e-62
-2.40979e-65
2.15652e-60
-1.40987e-63
1.03303e-58
-7.44334e-62
5.26575e-57
-4.06245e-60
2.26454e-55
-1.94113e-58
1.08134e-53
-9.90634e-57
4.12444e-52
-4.24493e-55
1.85094e-50
-2.03151e-53
6.15658e-49
-7.70804e-52
2.60851e-47
-3.47235e-50
7.38631e-46
-1.1456e-48
2.97526e-44
-4.87665e-47
6.91936e-43
-1.3479e-45
2.68042e-41
-5.23321e-44
4.83045e-40
-7.65833e-43
1.83463e-38
1.73358e-41
2.24619e-37
6.88432e-39
8.38659e-36
7.08869e-37
5.55097e-35
-2.09149e-38
8.04657e-38
2.15007e-38
-1.39197e-37
5.13444e-40
-1.6929e-39
4.71204e-41
-1.52279e-41
1.17001e-42
9.55241e-44
6.89594e-44
5.20299e-45
1.72135e-45
2.8655e-46
7.67394e-47
7.02561e-48
1.86757e-48
2.58887e-49
6.74805e-50
5.98798e-51
1.57394e-51
1.84415e-52
4.80329e-53
4.05734e-54
1.063e-54
1.08094e-55
2.815e-56
2.24682e-57
5.8732e-58
5.28196e-59
1.37506e-59
1.03197e-60
2.69284e-61
2.1707e-62
5.64833e-63
3.97158e-64
1.03488e-64
7.54962e-66
1.96337e-66
1.28981e-67
3.35685e-68
2.23151e-69
5.61828e-70
3.54999e-71
-1.14128e-69
-3.33541e-73
-7.23401e-68
-6.05494e-71
-4.19769e-66
-3.83395e-69
-2.45663e-64
-2.40887e-67
-1.29928e-62
-1.39586e-65
-7.0909e-61
-8.16429e-64
-3.39654e-59
-4.31022e-62
-1.73229e-57
-2.35165e-60
-7.44894e-56
-1.12369e-58
-3.55931e-54
-5.73227e-57
-1.35737e-52
-2.45645e-55
-6.09651e-51
-1.17501e-53
-2.02735e-49
-4.45872e-52
-8.59859e-48
-2.00736e-50
-2.43407e-46
-6.62324e-49
-9.81725e-45
-2.81643e-47
-2.28231e-43
-7.76847e-46
-8.856e-42
-2.98633e-44
-1.5953e-40
-3.89749e-43
-6.07296e-39
1.69892e-41
-7.43272e-38
4.76588e-39
-2.78534e-36
4.8393e-37
3.75461e-35
2.01219e-38
-1.12081e-37
-2.06816e-38
-3.0013e-39
-4.8799e-40
-4.58698e-41
-4.48199e-41
-5.06933e-43
-1.10436e-42
-2.72581e-45
-6.51772e-44
2.48688e-47
-1.61792e-45
2.57058e-48
-7.22221e-47
7.2009e-50
-1.75024e-48
2.59508e-51
-6.33128e-50
6.3472e-53
-1.4719e-51
1.90136e-54
-4.49608e-53
4.35185e-56
-9.92453e-55
1.13437e-57
-2.63011e-56
2.42769e-59
-5.47626e-58
5.61195e-61
-1.28283e-59
1.12029e-62
-2.50816e-61
2.32647e-64
-5.26294e-63
4.324e-66
-9.6304e-65
8.14094e-68
-1.8275e-66
1.40661e-69
-3.12149e-68
2.41653e-71
-5.76913e-70
3.96675e-73
-2.3885e-69
6.38135e-73
-1.49569e-67
4.28022e-71
-8.67835e-66
2.71074e-69
-5.07595e-64
1.70467e-67
-2.68455e-62
9.88085e-66
-1.4641e-60
5.78528e-64
-7.01335e-59
3.05501e-62
-3.57397e-57
1.66887e-60
-1.53701e-55
7.97596e-59
-7.33691e-54
4.07479e-57
-2.79858e-52
1.74644e-55
-1.25542e-50
8.36866e-54
-4.17616e-49
3.17605e-52
-1.76856e-47
1.43302e-50
-5.00854e-46
4.7313e-49
-2.01627e-44
2.02143e-47
-4.68999e-43
5.66391e-46
-1.81543e-41
2.31633e-44
-3.27249e-40
5.38542e-43
-1.24162e-38
2.22236e-41
-1.52065e-37
5.11319e-40
-5.66807e-36
2.69353e-38
9.70126e-37
3.48149e-40
-3.6e-40
-1.02346e-41
-8.77449e-43
-2.3928e-44
-1.35457e-45
-3.60986e-47
-1.57169e-48
-4.02049e-50
-1.43265e-51
-3.47664e-53
-1.05303e-54
-2.40691e-56
-6.35458e-58
-1.36179e-59
-3.1891e-61
-6.38739e-63
-1.34339e-64
-2.50884e-66
-4.78125e-68
-8.31025e-70
-1.56136e-71
-7.41606e-71
-4.59522e-69
-2.66036e-67
-1.53573e-65
-8.11396e-64
-4.35543e-62
-2.08742e-60
-1.04333e-58
-4.49756e-57
-2.0964e-55
-8.03317e-54
-3.49871e-52
-1.17223e-50
-4.78299e-49
-1.36845e-47
-5.25112e-46
-1.23834e-44
-4.49532e-43
-8.24805e-42
-2.85187e-40
-3.55876e-39
-1.12492e-37
)
;

boundaryField
{
    leftWall
    {
        type            calculated;
        value           uniform 0;
    }
    rightWall
    {
        type            calculated;
        value           nonuniform 0();
    }
    lowerWall
    {
        type            calculated;
        value           nonuniform 0();
    }
    atmosphere
    {
        type            calculated;
        value           nonuniform List<scalar> 
45
(
-3.57828e-38
-8.08042e-40
-7.42308e-41
-1.75607e-42
-1.06632e-43
-2.59636e-45
-1.18313e-46
-2.83707e-48
-1.03998e-49
-2.40342e-51
-7.40599e-53
-1.62959e-54
-4.34431e-56
-9.03222e-58
-2.12462e-59
-4.15232e-61
-8.73905e-63
-1.5995e-64
-3.04208e-66
-5.19924e-68
-8.9996e-70
-1.43158e-71
6.36651e-73
5.84797e-71
3.70377e-69
2.32855e-67
1.34975e-65
7.9004e-64
4.17228e-62
2.27836e-60
1.08905e-58
5.56125e-57
2.38413e-55
1.14179e-53
4.33486e-52
1.95449e-50
6.4562e-49
2.75566e-47
7.72168e-46
3.14679e-44
7.20336e-43
2.84621e-41
5.03896e-40
1.99622e-38
2.52716e-37
)
;
    }
    defaultFaces
    {
        type            empty;
        value           nonuniform 0();
    }
    procBoundary2to0
    {
        type            processor;
        value           nonuniform List<scalar> 
46
(
-3.17571e-39
-8.13673e-41
-4.64912e-42
-1.18151e-43
-5.17103e-45
-1.27192e-46
-4.5428e-48
-1.06634e-49
-3.22978e-51
-7.17438e-53
-1.89041e-54
-3.95232e-56
-9.22211e-58
-1.81631e-59
-4.18207e-60
-1.38022e-58
-5.79702e-57
-1.83165e-55
-7.26565e-54
-1.99052e-52
-7.6003e-51
-1.83579e-49
-6.93496e-48
-1.54565e-46
-5.89231e-45
8.95541e-39
1.10559e-37
4.28144e-36
1.31065e-36
-8.50658e-36
-1.49017e-36
5.62472e-36
6.52801e-38
-2.86641e-36
-1.49119e-36
9.8549e-38
2.09033e-37
1.79646e-37
1.45929e-36
1.46049e-36
7.4991e-38
1.42146e-36
8.39393e-41
-1.41827e-36
4.09103e-38
-3.59025e-38
)
;
    }
    procBoundary2to3
    {
        type            processor;
        value           nonuniform List<scalar> 
43
(
5.99594e-42
1.55068e-43
1.64062e-44
1.0317e-45
-3.73763e-44
-1.22569e-41
-1.51326e-39
-1.43446e-37
-3.2274e-37
-1.78703e-37
-1.72659e-36
6.94833e-38
3.49094e-36
2.07057e-39
-1.75987e-36
-3.60518e-38
3.19971e-40
3.71679e-38
1.94651e-36
-2.14561e-36
-6.05042e-36
2.06131e-36
6.17397e-36
-2.19416e-36
-6.40175e-36
4.38118e-36
4.33373e-36
-2.11046e-36
-2.91685e-37
-2.8246e-36
-1.73045e-37
2.32791e-36
4.77934e-38
3.98909e-39
-5.21643e-42
-4.39516e-39
-4.90968e-38
-2.56538e-36
2.80572e-36
7.9561e-36
-2.6426e-36
-5.3769e-36
-1.06233e-37
)
;
    }
}


// ************************************************************************* //
