/*--------------------------------*- C++ -*----------------------------------*\
| =========                 |                                                 |
| \\      /  F ield         | OpenFOAM: The Open Source CFD Toolbox           |
|  \\    /   O peration     | Version:  2.4.0                                 |
|   \\  /    A nd           | Web:      www.OpenFOAM.org                      |
|    \\/     M anipulation  |                                                 |
\*---------------------------------------------------------------------------*/
FoamFile
{
    version     2.0;
    format      ascii;
    class       volVectorField;
    location    "0.1";
    object      U;
}
// * * * * * * * * * * * * * * * * * * * * * * * * * * * * * * * * * * * * * //

dimensions      [0 1 -1 0 0 0 0];

internalField   nonuniform List<vector> 
1915
(
(-2.17883e-35 6.6935e-35 0)
(-1.78383e-36 1.71101e-36 0)
(-4.99917e-38 9.78088e-38 0)
(-2.8036e-39 2.4815e-39 0)
(-7.59051e-41 1.08649e-40 0)
(-3.27462e-42 2.66899e-42 0)
(-8.43953e-44 9.53564e-44 0)
(-2.98054e-45 2.23603e-45 0)
(-7.25079e-47 6.77428e-47 0)
(-2.17767e-48 1.50356e-48 0)
(-4.9745e-50 3.9625e-50 0)
(-1.30293e-51 8.27899e-52 0)
(-2.7851e-53 1.93199e-53 0)
(-6.38259e-55 3.7859e-55 0)
(4.24328e-55 1.05238e-56 0)
(2.22792e-53 9.27863e-56 0)
(9.61538e-52 3.83293e-54 0)
(4.58398e-50 1.14189e-52 0)
(1.75558e-48 4.34563e-51 0)
(7.85418e-47 1.02905e-49 0)
(2.62602e-45 3.59358e-48 0)
(1.10705e-43 6.14277e-47 0)
(3.15719e-42 1.95392e-45 0)
(1.26181e-40 1.9025e-44 0)
(2.96569e-39 5.33672e-43 0)
(-2.88789e-33 3.79841e-37 0)
(-1.11665e-31 2.48266e-38 0)
(-7.13096e-31 1.63676e-38 0)
(-3.62169e-29 3.80673e-40 0)
(-1.20347e-29 1.33077e-39 0)
(3.57274e-29 2.27624e-40 0)
(4.13806e-31 -8.12861e-40 0)
(-1.1886e-29 -1.32206e-39 0)
(4.05632e-32 -3.74062e-37 0)
(1.22613e-29 -3.81034e-35 0)
(1.2523e-29 -2.96283e-33 0)
(1.25603e-29 -1.5715e-31 0)
(1.25247e-29 -2.96283e-33 0)
(1.2298e-29 -3.81038e-35 0)
(2.63334e-31 -3.74712e-37 0)
(9.68664e-34 -1.32349e-39 0)
(-2.25288e-31 -1.82105e-40 0)
(-1.20338e-29 2.35799e-42 0)
(-2.26255e-31 2.12901e-40 0)
(-3.69998e-32 5.37325e-42 0)
(-8.91995e-34 4.55315e-43 0)
(-7.47055e-35 1.15604e-44 0)
(-1.90518e-36 6.5392e-46 0)
(-1.08857e-37 1.64857e-47 0)
(-2.76204e-39 7.1751e-49 0)
(-1.20956e-40 1.75294e-50 0)
(-2.97171e-42 6.23992e-52 0)
(-1.06183e-43 1.45636e-53 0)
(-2.49012e-45 4.40145e-55 0)
(-7.54432e-47 9.73016e-57 0)
(-1.67456e-48 2.55977e-58 0)
(-4.41315e-50 5.2389e-60 0)
(-9.22079e-52 -4.80209e-60 0)
(-2.15169e-53 -2.3658e-58 0)
(-4.1168e-55 -1.2075e-56 0)
(5.19194e-55 -5.31791e-55 0)
(2.47372e-53 -2.57602e-53 0)
(1.19372e-51 -1.03496e-51 0)
(4.82909e-50 -4.76841e-50 0)
(2.13847e-48 -1.73101e-48 0)
(7.41883e-47 -7.59194e-47 0)
(3.04243e-45 -2.45045e-45 0)
(8.89712e-44 -1.02349e-43 0)
(3.40447e-42 -2.8644e-42 0)
(8.14751e-41 -1.14175e-40 0)
(-6.95461e-35 1.99115e-34 0)
(-2.3355e-33 2.38677e-33 0)
(-1.52789e-32 9.23944e-32 0)
(-5.50406e-31 2.82839e-32 0)
(-1.82644e-31 -1.83572e-31 0)
(5.39919e-31 -3.21579e-32 0)
(8.89968e-33 1.21382e-31 0)
(-1.79534e-31 1.40874e-33 0)
(8.60745e-34 -6.18581e-32 0)
(1.87518e-31 -3.22578e-32 0)
(1.93502e-31 -3.87119e-33 0)
(1.9388e-31 -1.57152e-31 0)
(1.92737e-31 -2.12112e-33 0)
(1.88264e-31 3.14135e-32 0)
(5.63093e-33 3.15166e-32 0)
(2.36019e-35 1.6183e-33 0)
(-4.8335e-33 3.06753e-32 0)
(-1.8262e-31 1.81142e-36 0)
(-4.85707e-33 -3.06064e-32 0)
(-7.72828e-34 -7.74777e-34 0)
(-2.17883e-35 -6.6935e-35 0)
(-1.78383e-36 -1.71101e-36 0)
(-4.99917e-38 -9.78088e-38 0)
(-2.8036e-39 -2.4815e-39 0)
(-7.59051e-41 -1.08649e-40 0)
(-3.27462e-42 -2.66899e-42 0)
(-8.43953e-44 -9.53564e-44 0)
(-2.98054e-45 -2.23603e-45 0)
(-7.25079e-47 -6.77428e-47 0)
(-2.17767e-48 -1.50356e-48 0)
(-4.9745e-50 -3.9625e-50 0)
(-1.30293e-51 -8.27899e-52 0)
(-2.78513e-53 -1.93199e-53 0)
(-6.51669e-55 -3.80886e-55 0)
(-1.66247e-55 -1.11653e-55 0)
(-6.32786e-54 -3.63104e-54 0)
(-1.8774e-52 -1.47558e-52 0)
(-7.11023e-51 -4.34619e-51 0)
(-1.66483e-49 -1.62746e-49 0)
(-5.75413e-48 -3.84796e-48 0)
(-9.4583e-47 -1.32538e-46 0)
(-2.92319e-45 -2.31141e-45 0)
(-2.23063e-44 -7.29005e-44 0)
(-5.19823e-43 -7.81497e-43 0)
(7.65714e-42 -2.23125e-41 0)
(-2.03697e-35 2.41872e-34 0)
(-2.11931e-34 7.19299e-35 0)
(-2.36084e-34 1.90585e-33 0)
(-5.46378e-33 5.71314e-34 0)
(-1.86185e-33 -3.7631e-33 0)
(5.28357e-33 -6.65151e-34 0)
(5.76742e-35 2.48455e-33 0)
(-1.62357e-33 3.42745e-35 0)
(6.69597e-35 -1.27067e-33 0)
(1.93279e-33 -6.68363e-34 0)
(2.44081e-33 -9.42306e-35 0)
(2.0985e-33 -2.73682e-33 0)
(1.63984e-33 -5.17952e-35 0)
(1.97091e-33 6.46217e-34 0)
(1.18584e-34 6.49489e-34 0)
(1.8765e-36 3.92952e-35 0)
(-5.81742e-35 6.29097e-34 0)
(-1.85992e-33 4.74851e-38 0)
(-6.00667e-35 -6.2745e-34 0)
(-5.92129e-35 -1.88259e-35 0)
(-1.71891e-36 -1.597e-36 0)
(-1.74958e-37 -4.48956e-38 0)
(-4.90108e-39 -2.51945e-39 0)
(-2.95093e-40 -6.821e-41 0)
(-7.9012e-42 -2.94205e-42 0)
(-3.49261e-43 -7.58165e-44 0)
(-8.85494e-45 -2.67728e-45 0)
(-3.13677e-46 -6.51263e-47 0)
(-7.48222e-48 -1.9559e-48 0)
(-2.22754e-49 -4.46775e-50 0)
(-4.97729e-51 -1.1702e-51 0)
(-1.28265e-52 -2.50138e-53 0)
(-2.67908e-54 -5.83793e-55 0)
(-1.75894e-55 -1.06725e-55 0)
(-4.0227e-54 -4.24654e-54 0)
(-1.63299e-52 -1.47113e-52 0)
(-4.79998e-51 -6.08639e-51 0)
(-1.79458e-49 -1.77037e-49 0)
(-4.22209e-48 -6.79094e-48 0)
(-1.44935e-46 -1.57937e-46 0)
(-2.4896e-45 -5.61349e-45 0)
(-7.78065e-44 -9.5314e-44 0)
(-7.76846e-43 -3.12314e-42 0)
(-2.13118e-41 -3.09442e-41 0)
(-2.12403e-41 -9.06039e-40 0)
(-2.02239e-33 2.04575e-33 0)
(-2.83971e-33 4.75497e-34 0)
(-8.59692e-35 5.95558e-34 0)
(-5.10829e-35 5.95299e-35 0)
(-1.46115e-35 -3.13452e-34 0)
(3.71852e-35 -5.54821e-35 0)
(-2.34905e-37 2.07539e-34 0)
(-9.28989e-36 2.74132e-36 0)
(1.41901e-36 -1.06108e-34 0)
(1.50889e-35 -5.64573e-35 0)
(2.52845e-35 -1.18332e-35 0)
(1.77814e-35 -3.87019e-34 0)
(7.85168e-36 -8.28661e-36 0)
(1.57869e-35 5.33254e-35 0)
(1.75835e-36 5.42641e-35 0)
(4.3378e-38 3.23611e-36 0)
(-4.95363e-37 5.25895e-35 0)
(-1.42279e-35 4.68287e-39 0)
(-5.3921e-37 -5.24272e-35 0)
(-1.23737e-36 -1.53758e-36 0)
(-3.98322e-38 -1.5741e-37 0)
(-4.05064e-39 -4.4112e-39 0)
(-1.21431e-40 -2.65531e-40 0)
(-7.22154e-42 -7.10904e-42 0)
(-2.02965e-43 -3.1418e-43 0)
(-8.86066e-45 -7.9649e-45 0)
(-2.3289e-46 -2.82118e-46 0)
(-8.16144e-48 -6.72905e-48 0)
(-2.00045e-49 -2.0032e-49 0)
(-5.90292e-51 -4.47586e-51 0)
(-1.34635e-52 -1.1534e-52 0)
(-3.44748e-54 -2.40768e-54 0)
(-1.78721e-55 -1.00484e-55 0)
(-4.7211e-54 -1.79679e-54 0)
(-1.63495e-52 -7.85062e-53 0)
(-6.76379e-51 -2.67967e-51 0)
(-1.96718e-49 -1.08758e-49 0)
(-7.54531e-48 -3.1386e-48 0)
(-1.75443e-46 -1.18324e-46 0)
(-6.235e-45 -2.76094e-45 0)
(-1.05818e-43 -9.66488e-44 0)
(-3.46678e-42 -1.67972e-42 0)
(-3.4314e-41 -5.4326e-41 0)
(-1.00496e-39 -5.73575e-40 0)
(-1.06157e-39 -1.65174e-38 0)
(-1.64726e-31 9.42809e-32 0)
(-1.70417e-31 1.79188e-33 0)
(-3.65433e-33 2.77132e-35 0)
(-5.268e-34 1.26126e-36 0)
(-1.34256e-35 -6.63141e-36 0)
(-1.39078e-36 -1.17799e-36 0)
(-9.49365e-38 4.37483e-36 0)
(2.8541e-37 6.38083e-38 0)
(7.79462e-38 -2.24197e-36 0)
(7.79091e-39 -1.20176e-36 0)
(7.42076e-37 -2.86202e-37 0)
(1.21359e-37 -8.08585e-36 0)
(-6.31573e-37 -2.03705e-37 0)
(3.38427e-38 1.12557e-36 0)
(6.78323e-38 1.14896e-36 0)
(2.31287e-39 7.53071e-38 0)
(1.13431e-40 1.11009e-36 0)
(1.79728e-38 1.15973e-40 0)
(-2.24673e-39 -1.10632e-36 0)
(-6.74074e-38 -3.57883e-38 0)
(-2.13067e-39 -3.64629e-39 0)
(-2.32961e-40 -1.09321e-40 0)
(-6.88709e-42 -6.49895e-42 0)
(-4.19764e-43 -1.82638e-43 0)
(-1.16176e-44 -7.9716e-45 0)
(-5.08945e-46 -2.09507e-46 0)
(-1.31476e-47 -7.34119e-48 0)
(-4.57086e-49 -1.7993e-49 0)
(-1.09919e-50 -5.30909e-51 0)
(-3.19511e-52 -1.21087e-52 0)
(-7.13883e-54 -3.09892e-54 0)
(-2.29906e-55 -1.01235e-55 0)
(-2.00036e-54 -1.70372e-54 0)
(-8.72873e-53 -6.64045e-53 0)
(-2.97923e-51 -2.96127e-51 0)
(-1.2091e-49 -1.00266e-49 0)
(-3.48891e-48 -4.17739e-48 0)
(-1.3152e-46 -1.194e-46 0)
(-3.06824e-45 -4.65967e-45 0)
(-1.07395e-43 -1.07559e-43 0)
(-1.86583e-42 -3.94393e-42 0)
(-6.035e-41 -6.78503e-41 0)
(-6.3826e-40 -2.34072e-39 0)
(-1.84708e-38 -2.46619e-38 0)
(-2.70128e-38 -7.80331e-37 0)
(-1.49459e-33 9.79751e-32 0)
(-3.10057e-33 1.47496e-33 0)
(-8.90868e-35 -4.10284e-34 0)
(-1.21214e-35 -1.13667e-35 0)
(-3.51441e-37 -1.31632e-36 0)
(-3.92285e-38 -8.97266e-38 0)
(-2.33162e-39 2.38836e-37 0)
(7.8084e-39 3.35812e-39 0)
(1.66832e-39 -1.23068e-37 0)
(-1.618e-39 -6.66539e-38 0)
(1.42318e-38 -2.06225e-38 0)
(6.56905e-40 -6.21798e-37 0)
(-1.5713e-38 -1.61518e-38 0)
(-1.1808e-39 6.10283e-38 0)
(1.36252e-39 6.30445e-38 0)
(5.2235e-41 4.05548e-39 0)
(7.38872e-41 6.09658e-38 0)
(2.15665e-39 6.58827e-42 0)
(2.04281e-41 -6.0749e-38 0)
(-1.42693e-39 -1.92108e-39 0)
(-4.83256e-41 -2.09849e-40 0)
(-5.2215e-42 -6.20316e-42 0)
(-1.62222e-43 -3.77909e-43 0)
(-9.74889e-45 -1.04581e-44 0)
(-2.79803e-46 -4.58054e-46 0)
(-1.20978e-47 -1.18321e-47 0)
(-3.20995e-49 -4.11304e-49 0)
(-1.10315e-50 -9.89043e-51 0)
(-2.70492e-52 -2.87476e-52 0)
(-7.78517e-54 -6.42206e-54 0)
(-2.1587e-55 -1.6968e-55 0)
(-1.89736e-54 -3.74127e-55 0)
(-7.38438e-53 -1.7311e-53 0)
(-3.29289e-51 -6.64618e-52 0)
(-1.11489e-49 -2.89864e-50 0)
(-4.6447e-48 -9.73211e-49 0)
(-1.32742e-46 -3.97483e-47 0)
(-5.17996e-45 -1.13989e-45 0)
(-1.19545e-43 -4.37516e-44 0)
(-4.38301e-42 -1.03457e-42 0)
(-7.53863e-41 -3.75165e-41 0)
(-2.60163e-39 -6.90604e-40 0)
(-2.7554e-38 -2.3797e-38 0)
(-8.8104e-37 -2.98293e-37 0)
(-1.78642e-36 -9.35858e-36 0)
(4.46568e-34 2.92863e-31 0)
(-2.64623e-34 5.5489e-33 0)
(-6.86819e-36 6.3515e-35 0)
(-1.37859e-36 4.55081e-37 0)
(-3.90273e-38 -2.54706e-38 0)
(-3.88997e-39 -2.01363e-39 0)
(-1.58961e-40 5.05092e-39 0)
(3.47094e-40 7.61254e-41 0)
(6.98209e-41 -2.6107e-39 0)
(-8.90192e-41 -1.42365e-39 0)
(7.37566e-40 -4.90274e-40 0)
(-4.7325e-43 -1.3536e-38 0)
(-8.54759e-40 -3.88996e-40 0)
(-8.10397e-41 1.29137e-39 0)
(5.49782e-41 1.33923e-39 0)
(2.11524e-42 9.19721e-41 0)
(4.01142e-42 1.29226e-39 0)
(1.15501e-40 1.5507e-43 0)
(1.82664e-42 -1.28739e-39 0)
(-5.93292e-41 -4.35959e-41 0)
(-1.97137e-42 -4.70415e-42 0)
(-2.18356e-43 -1.46127e-43 0)
(-6.68145e-45 -8.77754e-45 0)
(-4.03009e-46 -2.51898e-46 0)
(-1.13895e-47 -1.08889e-47 0)
(-4.88715e-49 -2.88899e-49 0)
(-1.27541e-50 -9.9274e-51 0)
(-4.32064e-52 -2.43406e-52 0)
(-1.04057e-53 -7.00447e-54 0)
(-3.03446e-55 -1.64222e-55 0)
(-4.19375e-55 -2.89233e-55 0)
(-1.92744e-53 -1.22792e-53 0)
(-7.39998e-52 -5.86089e-52 0)
(-3.22729e-50 -2.23816e-50 0)
(-1.08351e-48 -1.0036e-48 0)
(-4.42504e-47 -3.34408e-47 0)
(-1.26886e-45 -1.41484e-45 0)
(-4.8697e-44 -4.01679e-44 0)
(-1.15129e-42 -1.61408e-42 0)
(-4.17475e-41 -3.76862e-41 0)
(-7.68951e-40 -1.45408e-39 0)
(-2.65779e-38 -2.63638e-38 0)
(-3.44132e-37 -9.9478e-37 0)
(-1.15025e-35 -1.23015e-35 0)
(-8.24385e-35 -4.54243e-34 0)
(-1.97093e-33 1.93511e-31 0)
(9.43135e-34 3.68184e-33 0)
(1.96266e-35 5.70038e-35 0)
(1.15939e-36 7.72583e-37 0)
(2.07069e-38 2.51717e-38 0)
(2.40951e-40 5.9248e-40 0)
(-8.09884e-42 2.45726e-40 0)
(6.00997e-42 4.07691e-42 0)
(1.4164e-42 -1.08546e-40 0)
(-1.8508e-42 -5.97826e-41 0)
(1.59253e-41 -2.4948e-41 0)
(-8.04255e-44 -7.19375e-40 0)
(-1.84932e-41 -2.08007e-41 0)
(-1.80311e-42 5.30611e-41 0)
(1.12919e-42 5.56623e-41 0)
(4.59115e-44 3.7568e-42 0)
(9.01277e-44 5.37599e-41 0)
(2.45525e-42 6.38779e-45 0)
(4.25363e-44 -5.35565e-41 0)
(-1.2297e-42 -1.77905e-42 0)
(-4.30223e-44 -1.96757e-43 0)
(-4.68614e-45 -6.01959e-45 0)
(-1.48897e-46 -3.62915e-46 0)
(-8.83871e-48 -1.02554e-47 0)
(-2.56709e-49 -4.39955e-49 0)
(-1.08579e-50 -1.14808e-50 0)
(-2.88892e-52 -3.88884e-52 0)
(-9.66221e-54 -9.36512e-54 0)
(-2.41974e-55 -2.6449e-55 0)
(-3.24314e-55 -6.11874e-57 0)
(-1.3676e-53 -1.18474e-56 0)
(-6.5274e-52 -5.86539e-55 0)
(-2.49269e-50 -2.52282e-53 0)
(-1.11768e-48 -1.18022e-51 0)
(-3.72405e-47 -4.50497e-50 0)
(-1.57546e-45 -1.97235e-48 0)
(-4.47235e-44 -6.56591e-47 0)
(-1.79691e-42 -2.69973e-45 0)
(-4.19467e-41 -7.64366e-44 0)
(-1.61831e-39 -2.96734e-42 0)
(-2.93541e-38 -6.87971e-41 0)
(-1.11018e-36 -2.54398e-39 0)
(-1.41222e-35 -4.5464e-38 0)
(-5.48335e-34 -1.62549e-36 0)
(-3.85588e-33 -1.96782e-35 0)
(-3.75273e-33 -9.41821e-32 0)
(-2.39318e-33 -1.28408e-33 0)
(-7.56619e-35 4.6309e-34 0)
(-1.11801e-35 1.27942e-35 0)
(-3.37762e-37 1.061e-36 0)
(-2.67358e-38 2.79868e-38 0)
(-7.76588e-40 1.55681e-39 0)
(-4.24727e-41 4.0157e-41 0)
(-1.13125e-42 -5.30223e-43 0)
(-1.09241e-43 -1.20586e-42 0)
(6.56741e-43 -5.71823e-43 0)
(-3.28016e-45 -1.55523e-41 0)
(-7.45419e-43 -4.83027e-43 0)
(-6.49076e-44 1.09686e-42 0)
(3.74701e-44 1.15594e-42 0)
(1.50434e-45 8.19202e-44 0)
(3.00266e-45 1.11464e-42 0)
(8.3024e-44 1.42226e-46 0)
(1.42917e-45 -1.11027e-42 0)
(-4.13158e-44 -3.88301e-44 0)
(-1.42271e-45 -4.22293e-45 0)
(-1.55534e-46 -1.34156e-46 0)
(-4.87338e-48 -7.95984e-48 0)
(-2.87086e-49 -2.31159e-49 0)
(-8.21931e-51 -9.77509e-51 0)
(-3.42737e-52 -2.60064e-52 0)
(-8.97919e-54 -8.69692e-54 0)
(-2.9486e-55 -2.12181e-55 0)
(-7.53603e-57 -5.95362e-57 0)
(-2.27518e-56 -2.55506e-57 0)
(-1.06424e-54 -9.79063e-56 0)
(-4.72906e-53 -7.27955e-54 0)
(-2.05061e-51 -2.51929e-52 0)
(-8.22966e-50 -1.7732e-50 0)
(-3.27354e-48 -5.18247e-49 0)
(-1.1715e-46 -3.51388e-47 0)
(-4.26616e-45 -8.48373e-46 0)
(-1.33547e-43 -5.63766e-44 0)
(-4.44498e-42 -1.08754e-42 0)
(-1.18082e-40 -7.23491e-41 0)
(-3.59023e-39 -1.05933e-39 0)
(-7.68339e-38 -7.28753e-38 0)
(-2.13369e-36 -7.53034e-37 0)
(-3.25893e-35 -5.67699e-35 0)
(-7.86431e-34 -4.00545e-34 0)
(-1.82994e-31 -1.27106e-33 0)
(-1.8918e-31 -3.49142e-35 0)
(-4.05642e-33 -1.73575e-37 0)
(-5.85109e-34 3.51881e-39 0)
(-1.49217e-35 5.82964e-40 0)
(-1.18341e-36 1.53482e-41 0)
(-3.11069e-38 8.66504e-43 0)
(-1.72456e-39 1.96264e-44 0)
(-4.4541e-41 -7.50626e-44 0)
(-1.91617e-42 -4.23186e-44 0)
(-3.37065e-44 -2.26437e-44 0)
(-1.74802e-45 -6.34129e-43 0)
(-1.56464e-44 -1.96561e-44 0)
(-1.34787e-45 3.64124e-44 0)
(7.42622e-46 3.88042e-44 0)
(3.1079e-47 2.7089e-45 0)
(6.24229e-47 3.7451e-44 0)
(1.65952e-45 4.65232e-48 0)
(2.97766e-47 -3.7306e-44 0)
(-8.25101e-46 -1.28418e-45 0)
(-2.95806e-47 -1.4017e-46 0)
(-3.17103e-48 -4.39124e-48 0)
(-1.02283e-49 -2.58561e-49 0)
(-5.91995e-51 -7.40185e-51 0)
(-1.72953e-52 -3.08584e-52 0)
(-7.09908e-54 -8.08385e-54 0)
(-1.88468e-55 -2.6542e-55 0)
(-6.2644e-57 -6.36689e-57 0)
(-9.07258e-57 -1.58416e-58 0)
(-4.26476e-55 8.18372e-58 0)
(-2.1761e-53 3.97252e-56 0)
(-9.32533e-52 1.93824e-54 0)
(-4.46196e-50 8.46732e-53 0)
(-1.69319e-48 3.83367e-51 0)
(-7.62612e-47 1.49779e-49 0)
(-2.51745e-45 6.29919e-48 0)
(-1.0732e-43 2.166e-46 0)
(-3.00419e-42 8.46501e-45 0)
(-1.22255e-40 2.47868e-43 0)
(-2.79248e-39 8.66827e-42 0)
(-1.10045e-37 1.51688e-40 0)
(-1.92492e-36 -1.55161e-39 0)
(-7.5314e-35 -8.462e-37 0)
(-8.7121e-34 -8.11415e-35 0)
(-3.4451e-32 -5.43927e-33 0)
(-3.30371e-33 -2.5518e-33 0)
(-2.61833e-33 -5.29205e-34 0)
(-8.06881e-35 -4.85931e-34 0)
(-1.16737e-35 -1.30138e-35 0)
(-3.49614e-37 -1.06122e-36 0)
(-2.74571e-38 -2.79566e-38 0)
(-7.94211e-40 -1.55038e-39 0)
(-4.35229e-41 -4.00377e-41 0)
(-1.2001e-42 -1.72244e-42 0)
(-5.10865e-44 -4.35858e-44 0)
(-8.66749e-46 -2.0064e-45 0)
(-4.84952e-47 -1.33494e-44 0)
(-5.14379e-46 -4.3673e-46 0)
(-4.03488e-47 7.24305e-46 0)
(2.0718e-47 7.76017e-46 0)
(8.57493e-49 5.62647e-47 0)
(1.73898e-48 7.48059e-46 0)
(4.68517e-47 9.75452e-50 0)
(8.30195e-49 -7.45101e-46 0)
(-2.32932e-47 -2.67019e-47 0)
(-8.24495e-49 -2.85794e-48 0)
(-8.76689e-50 -9.21675e-50 0)
(-2.79355e-51 -5.33195e-51 0)
(-1.5934e-52 -1.55758e-52 0)
(-4.59493e-54 -6.3919e-54 0)
(-1.85146e-55 -1.69678e-55 0)
(-4.84477e-57 -5.49195e-57 0)
(-1.45251e-58 -1.24321e-58 0)
(4.47035e-58 4.41373e-58 0)
(2.15603e-56 2.42861e-56 0)
(1.08829e-54 1.16047e-54 0)
(4.67401e-53 5.92268e-53 0)
(2.20658e-51 2.53796e-51 0)
(8.40204e-50 1.21469e-49 0)
(3.72128e-48 4.60898e-48 0)
(1.23434e-46 2.07649e-46 0)
(5.15138e-45 6.85173e-45 0)
(1.45117e-43 2.91824e-43 0)
(5.74546e-42 8.09087e-42 0)
(1.32287e-40 3.17883e-40 0)
(5.02453e-39 5.30751e-39 0)
(8.874e-38 -7.20787e-39 0)
(3.29283e-36 -3.01442e-35 0)
(3.84341e-35 -3.19013e-33 0)
(1.38768e-33 -2.53742e-31 0)
(-5.58639e-34 -1.07892e-31 0)
(2.35317e-34 -2.05706e-33 0)
(4.01832e-36 -3.64028e-35 0)
(-3.63727e-37 -5.77932e-37 0)
(-1.54594e-38 -2.63455e-38 0)
(-1.936e-39 -7.1408e-40 0)
(-5.97179e-41 -3.84171e-41 0)
(-3.74525e-42 -1.05958e-42 0)
(-1.05017e-43 -4.51995e-44 0)
(-4.71161e-45 -1.203e-45 0)
(-1.13303e-46 -5.74346e-47 0)
(-4.41534e-48 -4.42497e-46 0)
(-1.04144e-47 -1.44108e-47 0)
(-8.03221e-49 2.02061e-47 0)
(3.91591e-49 2.18878e-47 0)
(1.67557e-50 1.56716e-48 0)
(3.41864e-50 2.11164e-47 0)
(8.93004e-49 2.66153e-51 0)
(1.63406e-50 -2.10346e-47 0)
(-4.43937e-49 -7.44263e-49 0)
(-1.62275e-50 -7.9015e-50 0)
(-1.68845e-51 -2.51735e-51 0)
(-5.50161e-53 -1.43519e-52 0)
(-3.07835e-54 -4.13824e-54 0)
(-9.00656e-56 -1.6671e-55 0)
(-3.56693e-57 -4.36217e-57 0)
(-8.78402e-59 -1.38266e-58 0)
(3.27713e-58 -3.39819e-60 0)
(1.80482e-56 -5.85791e-60 0)
(8.62349e-55 -3.15e-58 0)
(4.4015e-53 -1.50504e-56 0)
(1.88594e-51 -7.68139e-55 0)
(9.0271e-50 -3.29123e-53 0)
(3.42477e-48 -1.57526e-51 0)
(1.54321e-46 -5.97617e-50 0)
(5.09262e-45 -2.69252e-48 0)
(2.17218e-43 -8.88111e-47 0)
(6.07776e-42 -3.78007e-45 0)
(2.47488e-40 -1.04234e-43 0)
(5.64953e-39 -4.01369e-42 0)
(2.22789e-37 -5.27043e-41 0)
(3.89396e-36 2.22873e-39 0)
(1.52462e-34 6.35071e-37 0)
(1.76185e-33 6.46006e-35 0)
(6.97128e-32 5.02273e-33 0)
(5.18482e-34 -1.08151e-31 0)
(-2.60342e-34 -2.05419e-33 0)
(-5.73587e-36 -2.78179e-35 0)
(-5.82596e-37 -3.02157e-37 0)
(-1.40582e-38 -4.29024e-39 0)
(-8.82691e-40 -7.36144e-41 0)
(-2.18856e-41 -3.54295e-42 0)
(-1.02179e-42 -9.63867e-44 0)
(-2.49849e-44 -4.28504e-45 0)
(-9.36363e-46 -1.11801e-46 0)
(-2.18232e-47 -4.30349e-48 0)
(-6.95845e-49 -8.98606e-48 0)
(-3.02337e-49 -3.05049e-49 0)
(-2.10707e-50 3.83113e-49 0)
(9.41769e-51 4.17567e-49 0)
(3.99604e-52 3.08087e-50 0)
(8.23567e-52 4.02492e-49 0)
(2.17473e-50 5.23589e-53 0)
(3.94009e-52 -4.00917e-49 0)
(-1.08127e-50 -1.46488e-50 0)
(-3.9135e-52 -1.52183e-51 0)
(-4.00874e-53 -4.95776e-53 0)
(-1.29266e-54 -2.77277e-54 0)
(-7.09476e-56 -8.11158e-56 0)
(-2.05136e-57 -3.21192e-57 0)
(-7.95204e-59 -8.47311e-59 0)
(-2.0332e-60 -2.78821e-60 0)
(1.8584e-60 -8.54259e-60 0)
(1.00835e-58 -4.47666e-58 0)
(4.84534e-57 -2.44357e-56 0)
(2.35215e-55 -1.16756e-54 0)
(1.01901e-53 -5.95939e-53 0)
(4.5726e-52 -2.55352e-51 0)
(1.76587e-50 -1.22228e-49 0)
(7.31298e-49 -4.63733e-48 0)
(2.4774e-47 -2.08957e-46 0)
(9.43725e-46 -6.89403e-45 0)
(2.74015e-44 -2.93675e-43 0)
(9.52893e-43 -8.1398e-42 0)
(2.29001e-41 -3.19714e-40 0)
(7.12168e-40 -5.30773e-39 0)
(1.33774e-38 1.155e-38 0)
(3.43875e-37 3.08336e-35 0)
(4.35964e-36 3.25771e-33 0)
(4.12549e-35 2.58888e-31 0)
(-3.07841e-35 -3.83164e-33 0)
(1.54344e-35 -1.00539e-34 0)
(3.40597e-37 -2.47596e-36 0)
(3.25832e-38 -4.18637e-38 0)
(7.68046e-40 -1.73075e-39 0)
(4.54356e-41 -3.99519e-41 0)
(1.08694e-42 -1.79519e-42 0)
(4.79706e-44 -4.32954e-44 0)
(1.12438e-45 -1.60354e-45 0)
(3.997e-47 -3.74386e-47 0)
(9.05807e-49 -1.17515e-48 0)
(2.69534e-50 -2.74654e-49 0)
(-4.90311e-51 -9.11175e-51 0)
(-3.74625e-52 9.20894e-51 0)
(1.69138e-52 1.01613e-50 0)
(7.36398e-54 7.42197e-52 0)
(1.52543e-53 9.8019e-51 0)
(3.92974e-52 1.22874e-54 0)
(7.30666e-54 -9.76452e-51 0)
(-1.95383e-52 -3.53266e-52 0)
(-7.25767e-54 -3.61315e-53 0)
(-7.26195e-55 -1.16488e-54 0)
(-2.38165e-56 -6.39057e-56 0)
(-1.28038e-57 -1.84755e-57 0)
(-3.73806e-59 -7.16059e-59 0)
(-1.47604e-60 -1.86345e-60 0)
(-3.19234e-60 -5.89251e-62 0)
(-1.66561e-58 -1.22074e-61 0)
(-9.0912e-57 -6.37898e-60 0)
(-4.34347e-55 -3.40838e-58 0)
(-2.21687e-53 -1.63343e-56 0)
(-9.49809e-52 -8.11771e-55 0)
(-4.54622e-50 -3.49842e-53 0)
(-1.72467e-48 -1.61923e-51 0)
(-7.77144e-47 -6.19938e-50 0)
(-2.56447e-45 -2.67638e-48 0)
(-1.09387e-43 -8.94095e-47 0)
(-3.06058e-42 -3.59485e-45 0)
(-1.24636e-40 -9.9679e-44 0)
(-2.84523e-39 -3.37279e-42 0)
(-1.12214e-37 -1.56423e-41 0)
(-1.96159e-36 6.25587e-39 0)
(-7.68168e-35 9.56743e-37 0)
(-8.88022e-34 8.57693e-35 0)
(-3.51441e-32 5.58791e-33 0)
(-5.49521e-34 -1.14264e-31 0)
(2.75544e-34 -2.16932e-33 0)
(6.05036e-36 -2.84524e-35 0)
(5.96522e-37 -2.90137e-37 0)
(1.41849e-38 -1.79946e-39 0)
(8.67309e-40 7.99469e-43 0)
(2.10954e-41 8.10201e-43 0)
(9.61521e-43 2.18054e-44 0)
(2.30179e-44 8.23436e-46 0)
(8.43596e-46 1.91048e-47 0)
(1.94655e-47 5.88821e-49 0)
(5.9965e-49 8.19362e-51 0)
(1.30439e-50 1.78534e-52 0)
(3.42305e-52 1.72832e-52 0)
(1.08627e-53 1.83913e-52 0)
(3.26087e-55 1.37506e-53 0)
(3.27139e-55 1.77125e-52 0)
(8.41234e-54 2.2614e-56 0)
(1.55262e-55 -1.76447e-52 0)
(-4.18316e-54 -6.55141e-54 0)
(-1.5425e-55 -6.54544e-55 0)
(-1.51154e-56 -2.14624e-56 0)
(-4.91359e-58 -1.15332e-57 0)
(-2.58252e-59 -3.36662e-59 0)
(-7.458e-61 -1.28057e-60 0)
(-2.94041e-62 -3.26099e-62 0)
(-9.84754e-62 4.75612e-62 0)
(-5.16339e-60 2.84142e-60 0)
(-2.77713e-58 1.50003e-58 0)
(-1.32956e-56 8.1877e-57 0)
(-6.6631e-55 3.91198e-55 0)
(-2.86604e-53 1.9967e-53 0)
(-1.34087e-51 8.55524e-52 0)
(-5.11817e-50 4.09506e-50 0)
(-2.24093e-48 1.55363e-48 0)
(-7.45963e-47 7.00094e-47 0)
(-3.06732e-45 2.31043e-45 0)
(-8.68311e-44 9.85544e-44 0)
(-3.37084e-42 2.75791e-42 0)
(-7.81151e-41 1.12321e-40 0)
(-2.88722e-39 2.56565e-39 0)
(-5.14164e-38 1.01293e-37 0)
(-1.83092e-36 1.78397e-36 0)
(-2.156e-35 7.04915e-35 0)
(-7.19848e-34 8.72285e-34 0)
(5.61155e-34 -1.14012e-31 0)
(-2.81375e-34 -2.1636e-33 0)
(-6.20525e-36 -2.79138e-35 0)
(-6.12833e-37 -2.77215e-37 0)
(-1.46256e-38 -9.90742e-40 0)
(-8.9566e-40 2.08975e-41 0)
(-2.1856e-41 1.75157e-42 0)
(-9.97606e-43 4.48999e-44 0)
(-2.39518e-44 1.69173e-45 0)
(-8.78955e-46 3.96537e-47 0)
(-2.03346e-47 1.23744e-48 0)
(-6.27156e-49 2.74577e-50 0)
(-1.38149e-50 7.39835e-52 0)
(-3.6865e-52 1.91677e-53 0)
(-7.607e-54 4.30349e-54 0)
(-1.77787e-55 2.99181e-55 0)
(2.10154e-57 3.79176e-54 0)
(1.43342e-55 4.68814e-58 0)
(2.70183e-57 -3.77751e-54 0)
(-7.1318e-56 -1.39232e-55 0)
(-2.68584e-57 -1.36238e-56 0)
(-2.56666e-58 -4.42786e-58 0)
(-8.44807e-60 -2.32622e-59 0)
(-4.34263e-61 -6.71683e-61 0)
(-1.26096e-62 -2.49544e-62 0)
(-4.45496e-64 -5.89812e-64 0)
(8.03913e-64 3.07491e-63 0)
(4.42468e-62 1.78603e-61 0)
(2.45271e-60 9.41951e-60 0)
(1.20196e-58 5.05893e-58 0)
(6.20394e-57 2.41867e-56 0)
(2.72009e-55 1.2104e-54 0)
(1.31004e-53 5.20007e-53 0)
(5.06858e-52 2.42949e-51 0)
(2.28378e-50 9.26484e-50 0)
(7.64462e-49 4.05125e-48 0)
(3.23378e-47 1.34793e-46 0)
(9.0927e-46 5.53611e-45 0)
(3.62902e-44 1.56768e-43 0)
(8.17476e-43 6.08023e-42 0)
(3.10094e-41 1.41175e-40 0)
(5.12932e-40 5.21741e-39 0)
(1.86855e-38 9.36344e-38 0)
(1.82113e-37 3.34815e-36 0)
(6.38467e-36 4.09624e-35 0)
(5.61323e-34 -2.25239e-33 0)
(-2.81888e-34 -5.70866e-35 0)
(-6.24167e-36 -8.44705e-37 0)
(-6.36033e-37 -3.52031e-39 0)
(-1.54154e-38 1.30699e-39 0)
(-9.69976e-40 4.68147e-41 0)
(-2.41408e-41 3.26125e-42 0)
(-1.12891e-42 9.47513e-44 0)
(-2.76938e-44 4.40194e-45 0)
(-1.03931e-45 1.16649e-46 0)
(-2.4584e-47 4.23836e-48 0)
(-7.74468e-49 1.03921e-49 0)
(-1.74418e-50 3.14254e-51 0)
(-4.74897e-52 7.15906e-53 0)
(-1.01008e-53 1.93047e-54 0)
(-2.42465e-55 4.44696e-56 0)
(-4.74012e-57 6.55453e-56 0)
(2.63146e-57 2.57376e-59 0)
(4.93507e-59 -6.4402e-56 0)
(-1.36057e-57 -2.42428e-57 0)
(-5.0979e-59 -2.31339e-58 0)
(-4.75254e-60 -7.61292e-60 0)
(-1.55246e-61 -3.91168e-61 0)
(-7.78198e-63 -1.13569e-62 0)
(-1.93431e-64 -3.9893e-64 0)
(1.73743e-63 9.04151e-64 0)
(1.00614e-61 5.30053e-62 0)
(5.29858e-60 3.10241e-60 0)
(2.84153e-58 1.63761e-58 0)
(1.35662e-56 8.94263e-57 0)
(6.77919e-55 4.27195e-55 0)
(2.90873e-53 2.18169e-53 0)
(1.35704e-51 9.34576e-52 0)
(5.1696e-50 4.47674e-50 0)
(2.25744e-48 1.69795e-48 0)
(7.50607e-47 7.6585e-47 0)
(3.07897e-45 2.52657e-45 0)
(8.71919e-44 1.07904e-43 0)
(3.37808e-42 3.01837e-42 0)
(7.85256e-41 1.23121e-40 0)
(2.8987e-39 2.81122e-39 0)
(5.20689e-38 1.1122e-37 0)
(1.85379e-36 1.95842e-36 0)
(2.2275e-35 7.76181e-35 0)
(7.42187e-34 9.6163e-34 0)
(-6.06067e-34 -1.7651e-33 0)
(2.5021e-34 -3.60421e-35 0)
(4.0549e-36 1.12912e-35 0)
(-5.11489e-37 3.71293e-37 0)
(-2.04254e-38 3.04566e-38 0)
(-2.43593e-39 8.80667e-40 0)
(-7.44944e-41 4.80778e-41 0)
(-4.62115e-42 1.32158e-42 0)
(-1.29126e-43 5.60428e-44 0)
(-5.76513e-45 1.45732e-45 0)
(-1.49821e-46 5.09073e-47 0)
(-5.33263e-48 1.24505e-48 0)
(-1.29195e-49 3.71262e-50 0)
(-3.85797e-51 8.50733e-52 0)
(-8.70972e-53 2.2177e-53 0)
(-2.24979e-54 4.74942e-55 0)
(-4.72771e-56 1.22339e-56 0)
(-1.03397e-57 2.19844e-58 0)
(-2.02234e-59 -1.22394e-57 0)
(-2.22296e-59 -4.59257e-59 0)
(-8.38766e-61 -4.28185e-60 0)
(-7.55658e-62 -1.39868e-61 0)
(-2.4874e-63 -7.00963e-63 0)
(-1.05532e-64 -2.01706e-64 0)
(1.01285e-63 -2.41978e-65 0)
(5.88884e-62 -1.07057e-63 0)
(3.44668e-60 -6.20207e-62 0)
(1.81929e-58 -3.62519e-60 0)
(9.93457e-57 -1.91385e-58 0)
(4.74566e-55 -1.04338e-56 0)
(2.42355e-53 -4.98592e-55 0)
(1.03814e-51 -2.54106e-53 0)
(4.9727e-50 -1.0891e-51 0)
(1.88595e-48 -5.20358e-50 0)
(8.50616e-47 -1.97514e-48 0)
(2.80597e-45 -8.88022e-47 0)
(1.19832e-43 -2.93252e-45 0)
(3.35153e-42 -1.24722e-43 0)
(1.36697e-40 -3.49019e-42 0)
(3.11924e-39 -1.41194e-40 0)
(1.23274e-37 -3.15685e-39 0)
(2.15412e-36 -1.16645e-37 0)
(8.45961e-35 -1.09639e-36 0)
(9.77882e-34 1.12028e-35 0)
(3.88714e-32 5.26572e-33 0)
(-2.65956e-33 -1.17028e-31 0)
(-3.79107e-33 -1.62934e-33 0)
(-1.112e-34 5.54001e-34 0)
(-1.54206e-35 1.53274e-35 0)
(-4.53264e-37 1.27207e-36 0)
(-3.5001e-38 3.35581e-38 0)
(-1.00308e-39 1.86139e-39 0)
(-5.44962e-41 4.80666e-41 0)
(-1.49448e-42 2.0656e-42 0)
(-6.32486e-44 5.12888e-44 0)
(-1.64233e-45 1.81055e-45 0)
(-5.7293e-47 4.27364e-47 0)
(-1.39979e-48 1.28447e-48 0)
(-4.16987e-50 2.86232e-50 0)
(-9.54766e-52 7.50283e-52 0)
(-2.48683e-53 1.57127e-53 0)
(-5.32172e-55 3.65333e-55 0)
(-1.23206e-56 7.16665e-57 0)
(-2.45928e-58 1.29908e-58 0)
(-5.49607e-60 1.99222e-60 0)
(-1.09431e-61 -1.61343e-62 0)
(-3.05409e-63 -1.35331e-63 0)
(-7.24801e-65 -9.43284e-65 0)
(-2.09407e-65 -3.86609e-66 0)
(-1.15877e-63 -6.05079e-65 0)
(-6.71427e-62 -3.79649e-63 0)
(-3.92591e-60 -2.19995e-61 0)
(-2.07268e-58 -1.28733e-59 0)
(-1.13041e-56 -6.79599e-58 0)
(-5.40174e-55 -3.70997e-56 0)
(-2.75425e-53 -1.77256e-54 0)
(-1.18039e-51 -9.04868e-53 0)
(-5.64282e-50 -3.87699e-51 0)
(-2.14155e-48 -1.85611e-49 0)
(-9.63475e-47 -7.04157e-48 0)
(-3.18098e-45 -3.17369e-46 0)
(-1.35415e-43 -1.04708e-44 0)
(-3.79125e-42 -4.46342e-43 0)
(-1.53999e-40 -1.24036e-41 0)
(-3.51811e-39 -4.92464e-40 0)
(-1.38289e-37 -9.06369e-39 0)
(-2.41924e-36 -1.15438e-37 0)
(-9.43003e-35 3.16474e-35 0)
(-1.09065e-33 3.50322e-33 0)
(-4.28469e-32 2.85505e-31 0)
(-2.17458e-31 1.28445e-31 0)
(-2.27745e-31 2.45329e-33 0)
(-4.88402e-33 3.23235e-35 0)
(-7.03514e-34 3.30939e-37 0)
(-1.7938e-35 2.10449e-39 0)
(-1.42171e-36 3.81166e-43 0)
(-3.73653e-38 -8.65325e-43 0)
(-2.07078e-39 -2.3495e-44 0)
(-5.34781e-41 -8.88306e-46 0)
(-2.29872e-42 -2.06322e-47 0)
(-5.7086e-44 -6.35767e-49 0)
(-2.01548e-45 -1.39966e-50 0)
(-4.75789e-47 -3.72811e-52 0)
(-1.43011e-48 -7.75223e-54 0)
(-3.18709e-50 -1.82207e-55 0)
(-8.35433e-52 -3.56088e-57 0)
(-1.74966e-53 -7.45498e-59 0)
(-4.06787e-55 -1.37042e-60 0)
(-7.98039e-57 -3.63973e-61 0)
(-1.66579e-58 -1.32801e-62 0)
(-3.05369e-60 -1.13923e-63 0)
(-5.77449e-62 -3.71528e-65 0)
(-9.88118e-64 -1.75814e-66 0)
(-6.79566e-65 4.58754e-67 0)
(-3.20088e-63 3.22267e-65 0)
(-1.85467e-61 2.02492e-63 0)
(-1.08517e-59 1.17337e-61 0)
(-5.72884e-58 6.86299e-60 0)
(-3.12702e-56 3.62321e-58 0)
(-1.49405e-54 1.97683e-56 0)
(-7.62571e-53 9.44587e-55 0)
(-3.26735e-51 4.81868e-53 0)
(-1.56393e-49 2.06495e-51 0)
(-5.93322e-48 9.87755e-50 0)
(-2.67354e-46 3.74815e-48 0)
(-8.82257e-45 1.68749e-46 0)
(-3.76319e-43 5.56791e-45 0)
(-1.05293e-41 2.36784e-43 0)
(-4.28771e-40 6.53339e-42 0)
(-9.78784e-39 2.51488e-40 0)
(-3.86003e-37 3.33894e-39 0)
(-6.74696e-36 -1.34855e-37 0)
(-2.64187e-34 -3.91975e-35 0)
(-3.05332e-33 -3.99086e-33 0)
(-1.20825e-31 -3.1041e-31 0)
(-3.29435e-33 3.72344e-31 0)
(-3.47278e-33 6.49247e-33 0)
(-1.04154e-34 -4.89506e-34 0)
(-1.47261e-35 -1.46596e-35 0)
(-4.36662e-37 -1.26703e-36 0)
(-3.39868e-38 -3.35357e-38 0)
(-9.78312e-40 -1.8621e-39 0)
(-5.33684e-41 -4.80892e-41 0)
(-1.4674e-42 -2.06648e-42 0)
(-6.2257e-44 -5.13094e-44 0)
(-1.6194e-45 -1.81118e-45 0)
(-5.65869e-47 -4.27504e-47 0)
(-1.38425e-48 -1.28484e-48 0)
(-4.12847e-50 -2.86309e-50 0)
(-9.46156e-52 -7.50465e-52 0)
(-2.46659e-53 -1.57163e-53 0)
(-5.28217e-55 -3.65388e-55 0)
(-1.22382e-56 -7.16802e-57 0)
(-2.4442e-58 -1.49623e-58 0)
(-5.09295e-60 -2.74283e-60 0)
(-9.47178e-62 -5.18677e-62 0)
(-1.79032e-63 -8.86834e-64 0)
(-3.06924e-65 -1.52768e-65 0)
(1.68176e-65 1.2188e-66 0)
(1.09047e-63 9.25916e-65 0)
(6.31866e-62 5.81954e-63 0)
(3.69686e-60 3.37226e-61 0)
(1.95152e-58 1.97314e-59 0)
(1.06516e-56 1.04166e-57 0)
(5.08892e-55 5.68587e-56 0)
(2.59727e-53 2.71667e-54 0)
(1.11279e-51 1.38663e-52 0)
(5.32614e-50 5.94138e-51 0)
(2.02055e-48 2.84395e-49 0)
(9.10435e-47 1.07897e-47 0)
(3.00432e-45 4.86192e-46 0)
(1.28144e-43 1.60403e-44 0)
(3.58544e-42 6.8331e-43 0)
(1.46004e-40 1.89378e-41 0)
(3.33307e-39 7.43717e-40 0)
(1.31448e-37 1.23217e-38 0)
(2.29789e-36 -3.0025e-38 0)
(8.99802e-35 -7.20249e-35 0)
(1.04026e-33 -7.59621e-33 0)
(4.11637e-32 -6.02476e-31 0)
(-1.23425e-33 1.32492e-31 0)
(5.65178e-34 2.54911e-33 0)
(1.10559e-35 2.25436e-35 0)
(1.78621e-37 -1.45143e-38 0)
(-3.88278e-39 -2.72716e-38 0)
(-1.42563e-39 -8.55467e-40 0)
(-4.97774e-41 -4.78398e-41 0)
(-3.496e-42 -1.31874e-42 0)
(-1.02072e-43 -5.5967e-44 0)
(-4.77478e-45 -1.4557e-45 0)
(-1.26892e-46 -5.08578e-47 0)
(-4.62698e-48 -1.24399e-48 0)
(-1.13649e-49 -3.70978e-50 0)
(-3.44401e-51 -8.50151e-52 0)
(-7.84836e-53 -2.21621e-53 0)
(-2.04738e-54 -4.74583e-55 0)
(-4.33212e-56 -1.09954e-56 0)
(-9.94585e-58 -2.19597e-58 0)
(-1.9536e-59 -4.57576e-60 0)
(-4.00636e-61 -8.50998e-62 0)
(-7.30076e-63 -1.60857e-63 0)
(-1.35112e-64 -2.78234e-65 0)
(-1.46236e-66 -4.87646e-67 0)
(5.18887e-65 -5.1714e-67 0)
(3.26347e-63 -3.22512e-65 0)
(1.89099e-61 -2.02679e-63 0)
(1.1064e-59 -1.17439e-61 0)
(5.84061e-58 -6.87092e-60 0)
(3.18798e-56 -3.62706e-58 0)
(1.5231e-54 -1.97967e-56 0)
(7.77395e-53 -9.45816e-55 0)
(3.3307e-51 -4.82724e-53 0)
(1.59427e-49 -2.06824e-51 0)
(6.04803e-48 -9.89933e-50 0)
(2.72535e-46 -3.75561e-48 0)
(8.99319e-45 -1.69227e-46 0)
(3.83619e-43 -5.58477e-45 0)
(1.07333e-41 -2.3823e-43 0)
(4.37117e-40 -6.66957e-42 0)
(9.97846e-39 -2.72048e-40 0)
(3.93575e-37 -6.28391e-39 0)
(6.87988e-36 -2.55225e-37 0)
(2.69447e-34 -5.42373e-36 0)
(3.11485e-33 -2.66433e-34 0)
(1.23292e-31 -8.25169e-33 0)
(-1.52279e-35 1.33142e-31 0)
(7.20313e-36 2.54381e-33 0)
(2.11713e-37 3.35932e-35 0)
(-1.56033e-39 3.39637e-37 0)
(-1.71199e-40 9.69435e-40 0)
(-4.02761e-41 -4.23493e-41 0)
(-1.35731e-42 -3.9469e-42 0)
(-9.25555e-44 -1.13767e-43 0)
(-2.74097e-45 -5.12808e-45 0)
(-1.26224e-46 -1.33416e-46 0)
(-3.41924e-48 -4.75619e-48 0)
(-1.23224e-49 -1.15263e-49 0)
(-3.07979e-51 -3.44514e-51 0)
(-9.2458e-53 -7.77955e-53 0)
(-2.13743e-54 -2.01084e-54 0)
(-5.5336e-56 -4.22665e-56 0)
(-1.18405e-57 -9.64009e-58 0)
(-2.70152e-59 -1.88398e-59 0)
(-5.35047e-61 -3.84455e-61 0)
(-1.09155e-62 -6.97789e-63 0)
(-2.00037e-64 -1.28651e-64 0)
(-3.68982e-66 -2.16646e-66 0)
(-3.54248e-67 -5.85277e-68 0)
(-1.84728e-65 -1.50194e-66 0)
(-1.16078e-63 -9.50572e-65 0)
(-6.72559e-62 -5.97453e-63 0)
(-3.93471e-60 -3.46205e-61 0)
(-2.07696e-58 -2.0258e-59 0)
(-1.13355e-56 -1.06944e-57 0)
(-5.41539e-55 -5.83797e-56 0)
(-2.76375e-53 -2.78928e-54 0)
(-1.18405e-51 -1.42383e-52 0)
(-5.66698e-50 -6.10057e-51 0)
(-2.14976e-48 -2.92051e-49 0)
(-9.68623e-47 -1.10797e-47 0)
(-3.19625e-45 -4.99349e-46 0)
(-1.36327e-43 -1.64761e-44 0)
(-3.81439e-42 -7.02502e-43 0)
(-1.55326e-40 -1.9566e-41 0)
(-3.54605e-39 -7.83334e-40 0)
(-1.39849e-37 -1.55613e-38 0)
(-2.44511e-36 -3.55765e-37 0)
(-9.57485e-35 2.96696e-35 0)
(-1.10731e-33 3.57583e-33 0)
(-4.38167e-32 3.02611e-31 0)
(-6.13037e-34 1.31659e-31 0)
(3.07391e-34 2.50341e-33 0)
(6.71345e-36 3.46121e-35 0)
(6.61549e-37 3.80898e-37 0)
(1.56674e-38 5.01126e-39 0)
(9.57142e-40 7.07789e-41 0)
(2.31987e-41 2.31126e-42 0)
(1.05636e-42 5.23278e-44 0)
(2.52092e-44 1.86638e-45 0)
(9.22985e-46 4.2652e-47 0)
(2.12378e-47 1.29728e-48 0)
(6.5361e-49 2.82425e-50 0)
(1.43259e-50 7.43446e-52 0)
(3.81428e-52 1.52764e-53 0)
(7.90276e-54 3.54732e-55 0)
(1.85657e-55 6.84499e-57 0)
(3.6173e-57 1.42153e-58 0)
(7.60335e-59 2.56652e-60 0)
(1.38787e-60 4.81391e-62 0)
(2.63627e-62 8.1088e-64 0)
(4.49501e-64 1.38328e-65 0)
(7.75857e-66 2.1703e-67 0)
(-7.24059e-67 1.49741e-68 0)
(-5.36579e-65 7.84277e-67 0)
(-3.37277e-63 4.96531e-65 0)
(-1.9544e-61 3.12093e-63 0)
(-1.14366e-59 1.80851e-61 0)
(-6.03743e-58 1.05829e-59 0)
(-3.29594e-56 5.58691e-58 0)
(-1.5747e-54 3.04999e-56 0)
(-8.03881e-53 1.45725e-54 0)
(-3.44414e-51 7.43918e-53 0)
(-1.64894e-49 3.18741e-51 0)
(-6.25521e-48 1.526e-49 0)
(-2.81948e-46 5.78924e-48 0)
(-9.30318e-45 2.60928e-46 0)
(-3.96971e-43 8.6078e-45 0)
(-1.11058e-41 3.66782e-43 0)
(-4.52469e-40 1.01619e-41 0)
(-1.03274e-38 3.98861e-40 0)
(-4.07547e-37 6.54581e-39 0)
(-7.12262e-36 -2.48675e-38 0)
(-2.79148e-34 -3.96459e-35 0)
(-3.22609e-33 -4.16599e-33 0)
(-1.27841e-31 -3.29469e-31 0)
(1.39951e-33 9.32097e-33 0)
(-7.0174e-34 2.44554e-34 0)
(-1.55325e-35 6.00284e-36 0)
(-1.53084e-36 1.01142e-37 0)
(-3.66005e-38 4.14434e-39 0)
(-2.23734e-39 9.516e-41 0)
(-5.465e-41 4.25025e-42 0)
(-2.49075e-42 1.01996e-43 0)
(-5.98337e-44 3.75819e-45 0)
(-2.19299e-45 8.72723e-47 0)
(-5.07488e-47 2.7055e-48 0)
(-1.5636e-48 5.98535e-50 0)
(-3.44406e-50 1.6052e-51 0)
(-9.18055e-52 3.35652e-53 0)
(-1.91024e-53 7.94262e-55 0)
(-4.49297e-55 1.56156e-56 0)
(-8.78621e-57 3.30618e-58 0)
(-1.84899e-58 6.08845e-60 0)
(-3.38563e-60 1.16495e-61 0)
(-6.43843e-62 2.00353e-63 0)
(-1.10071e-63 3.48923e-65 0)
(-1.90419e-65 5.59338e-67 0)
(2.75983e-67 2.78974e-68 0)
(3.66769e-65 1.28471e-66 0)
(2.3058e-63 8.13313e-65 0)
(1.3362e-61 5.11161e-63 0)
(7.81975e-60 2.96205e-61 0)
(4.12828e-58 1.73313e-59 0)
(2.25391e-56 9.14959e-58 0)
(1.07689e-54 4.99427e-56 0)
(5.49804e-53 2.38625e-54 0)
(2.35564e-51 1.21798e-52 0)
(1.12792e-49 5.21877e-51 0)
(4.27881e-48 2.49805e-49 0)
(1.92884e-46 9.47744e-48 0)
(6.36442e-45 4.27054e-46 0)
(2.71605e-43 1.40885e-44 0)
(7.59827e-42 6.00001e-43 0)
(3.09607e-40 1.6598e-41 0)
(7.06609e-39 6.4709e-40 0)
(2.78888e-37 9.8879e-39 0)
(4.87329e-36 -1.51844e-37 0)
(1.9103e-34 -7.77999e-35 0)
(2.20702e-33 -8.07661e-33 0)
(8.74907e-32 -6.36139e-31 0)
(1.98458e-33 4.09387e-31 0)
(-9.95617e-34 7.76966e-33 0)
(-2.19179e-35 1.01312e-34 0)
(-2.18405e-36 1.03015e-36 0)
(-5.22618e-38 7.0065e-39 0)
(-3.22679e-39 2.58757e-41 0)
(-7.91082e-41 -3.25843e-43 0)
(-3.63869e-42 2.37521e-45 0)
(-8.78726e-44 1.07062e-45 0)
(-3.24869e-45 4.14889e-47 0)
(-7.56541e-47 2.01971e-48 0)
(-2.35048e-48 5.66375e-50 0)
(-5.21359e-50 1.93921e-51 0)
(-1.40112e-51 4.74181e-53 0)
(-2.93719e-53 1.32392e-54 0)
(-6.96428e-55 2.92914e-56 0)
(-1.37254e-56 7.02297e-58 0)
(-2.91164e-58 1.42312e-59 0)
(-5.37437e-60 3.00788e-61 0)
(-1.03028e-61 5.60975e-63 0)
(-1.77586e-63 1.06164e-64 0)
(-3.09769e-65 1.8258e-66 0)
(8.185e-68 1.98893e-68 0)
(3.66729e-65 -7.68313e-67 0)
(2.30497e-63 -4.86819e-65 0)
(1.33563e-61 -3.06053e-63 0)
(7.81333e-60 -1.77367e-61 0)
(4.12478e-58 -1.03815e-59 0)
(2.25093e-56 -5.48102e-58 0)
(1.07549e-54 -2.99297e-56 0)
(5.4878e-53 -1.43009e-54 0)
(2.35144e-51 -7.30277e-53 0)
(1.12514e-49 -3.1291e-51 0)
(4.26887e-48 -1.49861e-49 0)
(1.92277e-46 -5.68546e-48 0)
(6.34578e-45 -2.56354e-46 0)
(2.70533e-43 -8.45713e-45 0)
(7.57067e-42 -3.60571e-43 0)
(3.08088e-40 -9.99647e-42 0)
(7.0344e-39 -3.93598e-40 0)
(2.7718e-37 -6.62311e-39 0)
(4.84611e-36 1.44077e-39 0)
(1.89535e-34 3.666e-35 0)
(2.19115e-33 3.90917e-33 0)
(8.65434e-32 3.13594e-31 0)
(-2.77601e-33 4.06662e-31 0)
(1.33022e-33 7.71131e-33 0)
(2.77831e-35 1.11708e-34 0)
(1.69148e-36 1.38694e-36 0)
(3.10821e-38 3.65139e-38 0)
(5.33094e-40 8.88499e-40 0)
(-4.16809e-42 4.68502e-41 0)
(-1.60247e-42 1.30865e-42 0)
(-5.93015e-44 5.66222e-44 0)
(-3.36333e-45 1.49457e-45 0)
(-9.66974e-47 5.29536e-47 0)
(-3.80502e-48 1.3087e-48 0)
(-9.73124e-50 3.94126e-50 0)
(-3.0711e-51 9.10039e-52 0)
(-7.17529e-53 2.38949e-53 0)
(-1.91944e-54 5.14635e-55 0)
(-4.13141e-56 1.19891e-56 0)
(-9.64839e-58 2.40525e-58 0)
(-1.91908e-59 5.03339e-60 0)
(-3.98452e-61 9.3949e-62 0)
(-7.3313e-63 1.78178e-63 0)
(-1.36971e-64 3.09065e-65 0)
(-2.60617e-66 5.26483e-67 0)
(-1.74324e-65 -5.37695e-67 0)
(-1.0937e-63 -3.45742e-65 0)
(-6.33866e-62 -2.16927e-63 0)
(-3.71102e-60 -1.25687e-61 0)
(-1.95934e-58 -7.33966e-60 0)
(-1.07023e-56 -3.87555e-58 0)
(-5.11385e-55 -2.11059e-56 0)
(-2.61226e-53 -1.00902e-54 0)
(-1.11931e-51 -5.13617e-53 0)
(-5.36275e-50 -2.20303e-51 0)
(-2.03451e-48 -1.05108e-49 0)
(-9.17821e-47 -3.99405e-48 0)
(-3.02864e-45 -1.79279e-46 0)
(-1.29367e-43 -5.92945e-45 0)
(-3.61935e-42 -2.51734e-43 0)
(-1.47653e-40 -7.06279e-42 0)
(-3.37006e-39 -2.85741e-40 0)
(-1.3323e-37 -6.50719e-39 0)
(-2.32813e-36 -2.50931e-37 0)
(-9.14924e-35 -3.93005e-36 0)
(-1.0571e-33 -1.31188e-34 0)
(-4.21045e-32 4.32333e-35 0)
(-7.28132e-33 -1.35315e-31 0)
(-2.23846e-33 -1.89172e-33 0)
(-8.08666e-35 6.35722e-34 0)
(-1.30987e-35 1.75941e-35 0)
(-4.1034e-37 1.46075e-36 0)
(-3.34714e-38 3.85383e-38 0)
(-9.8783e-40 2.1379e-39 0)
(-5.51184e-41 5.52096e-41 0)
(-1.53714e-42 2.37275e-42 0)
(-6.60826e-44 5.89173e-44 0)
(-1.73464e-45 2.07996e-45 0)
(-6.11395e-47 4.90968e-47 0)
(-1.50513e-48 1.4757e-48 0)
(-4.51632e-50 3.28852e-50 0)
(-1.03988e-51 8.62027e-52 0)
(-2.72311e-53 1.80532e-53 0)
(-5.85235e-55 4.19739e-55 0)
(-1.36058e-56 8.23448e-57 0)
(-2.72501e-58 1.71885e-58 0)
(-5.69331e-60 3.15088e-60 0)
(-1.06122e-61 5.95707e-62 0)
(-2.01001e-63 1.01826e-63 0)
(-3.48537e-65 1.75427e-65 0)
(-2.32517e-66 -2.87904e-68 0)
(-1.04562e-64 -1.93687e-65 0)
(-6.0409e-63 -1.13481e-63 0)
(-3.38868e-61 -6.63096e-62 0)
(-1.79686e-59 -3.55223e-60 0)
(-9.31835e-58 -1.92931e-58 0)
(-4.51381e-56 -9.40718e-57 0)
(-2.16311e-54 -4.75106e-55 0)
(-9.50762e-53 -2.09486e-53 0)
(-4.20822e-51 -9.83855e-52 0)
(-1.66207e-49 -3.88878e-50 0)
(-6.79184e-48 -1.69765e-48 0)
(-2.37665e-46 -5.94512e-47 0)
(-8.96654e-45 -2.40988e-45 0)
(-2.72235e-43 -7.35827e-44 0)
(-9.49277e-42 -2.76299e-42 0)
(-2.421e-40 -7.17167e-41 0)
(-7.82854e-39 -2.45646e-39 0)
(-1.58804e-37 -4.8082e-38 0)
(-4.7887e-36 -1.0619e-36 0)
(-6.79747e-35 3.40058e-35 0)
(-1.83313e-33 3.95472e-33 0)
(-2.52793e-31 -2.82163e-31 0)
(-2.60288e-31 -5.35067e-33 0)
(-5.58093e-33 -6.72613e-35 0)
(-8.05353e-34 -6.39857e-37 0)
(-2.05397e-35 4.23628e-40 0)
(-1.62928e-36 1.21313e-40 0)
(-4.28293e-38 7.44203e-42 0)
(-2.37471e-39 1.84491e-43 0)
(-6.13362e-41 6.81703e-45 0)
(-2.63728e-42 1.57794e-46 0)
(-6.55013e-44 4.85957e-48 0)
(-2.31307e-45 1.06947e-49 0)
(-5.4609e-47 2.849e-51 0)
(-1.64166e-48 5.92315e-53 0)
(-3.65882e-50 1.39236e-54 0)
(-9.59194e-52 2.7208e-56 0)
(-2.00899e-53 5.72279e-58 0)
(-4.67118e-55 1.0472e-59 0)
(-9.16447e-57 1.99056e-61 0)
(-1.91302e-58 3.4011e-63 0)
(-3.50693e-60 5.88413e-65 0)
(-6.63025e-62 9.36497e-67 0)
(-1.13396e-63 1.51169e-68 0)
(-5.84422e-65 2.01761e-68 0)
(-2.35449e-63 1.25923e-66 0)
(-1.37037e-61 7.83712e-65 0)
(-7.65641e-60 4.5295e-63 0)
(-4.10214e-58 2.61993e-61 0)
(-2.11501e-56 1.38094e-59 0)
(-1.03903e-54 7.43535e-58 0)
(-4.93867e-53 3.55174e-56 0)
(-2.21187e-51 1.78333e-54 0)
(-9.68098e-50 7.65216e-53 0)
(-3.91957e-48 3.5907e-51 0)
(-1.57791e-46 1.36707e-49 0)
(-5.70426e-45 6.01155e-48 0)
(-2.11064e-43 1.99464e-46 0)
(-6.68825e-42 8.22909e-45 0)
(-2.27556e-40 2.27417e-43 0)
(-6.14255e-39 8.17129e-42 0)
(-1.92793e-37 6.90482e-41 0)
(-4.22641e-36 -1.03746e-38 0)
(-1.23384e-34 -1.86487e-36 0)
(-1.97845e-33 -1.74745e-34 0)
(-5.26916e-32 -1.2197e-32 0)
(-2.4118e-33 -1.45642e-31 0)
(-4.68012e-33 -3.42386e-33 0)
(-1.34851e-34 -7.0359e-34 0)
(-1.84169e-35 -1.82579e-35 0)
(-5.37363e-37 -1.46225e-36 0)
(-4.12309e-38 -3.84651e-38 0)
(-1.17718e-39 -2.13268e-39 0)
(-6.37422e-41 -5.50784e-41 0)
(-1.7441e-42 -2.36789e-42 0)
(-7.36629e-44 -5.88047e-44 0)
(-1.90989e-45 -2.07649e-45 0)
(-6.65358e-47 -4.90205e-47 0)
(-1.62389e-48 -1.47366e-48 0)
(-4.8327e-50 -3.28429e-50 0)
(-1.10566e-51 -8.61033e-52 0)
(-2.87774e-53 -1.80338e-53 0)
(-6.15453e-55 -4.1933e-55 0)
(-1.42414e-56 -8.227e-57 0)
(-2.84132e-58 -1.71742e-58 0)
(-5.9144e-60 -3.14845e-60 0)
(-1.099e-61 -5.95287e-62 0)
(-2.07536e-63 -1.01759e-63 0)
(-3.58718e-65 -1.75243e-65 0)
(-9.42917e-67 5.5451e-67 0)
(-1.75114e-65 5.26474e-65 0)
(-1.00988e-63 3.22705e-63 0)
(-4.78722e-62 1.87558e-61 0)
(-2.63095e-60 1.06493e-59 0)
(-1.06034e-58 5.67617e-58 0)
(-5.69245e-57 2.98686e-56 0)
(-1.82599e-55 1.45273e-54 0)
(-1.00976e-53 7.08757e-53 0)
(-2.20796e-52 3.12297e-51 0)
(-1.44025e-50 1.41348e-49 0)
(-1.15922e-49 5.58438e-48 0)
(-1.60205e-47 2.34724e-46 0)
(2.06142e-46 8.19028e-45 0)
(-1.31785e-44 3.19883e-43 0)
(6.59358e-43 9.55107e-42 0)
(-7.16229e-42 3.33153e-40 0)
(9.79487e-40 5.82391e-39 0)
(-1.75472e-39 -1.06849e-37 0)
(9.33515e-37 -4.16067e-35 0)
(-2.58865e-38 -4.37839e-33 0)
(5.35952e-34 -3.42662e-31 0)
(6.93781e-34 -2.81596e-33 0)
(-4.09579e-34 -8.57904e-35 0)
(-1.07074e-35 -1.60186e-35 0)
(-2.10166e-36 -4.77056e-37 0)
(-5.95601e-38 -3.6998e-38 0)
(-5.0045e-39 -1.05736e-39 0)
(-1.39342e-40 -5.72561e-41 0)
(-7.7587e-42 -1.56652e-42 0)
(-2.0708e-43 -6.61533e-44 0)
(-8.77556e-45 -1.71507e-45 0)
(-2.21848e-46 -5.97453e-47 0)
(-7.65822e-48 -1.4581e-48 0)
(-1.82121e-49 -4.33931e-50 0)
(-5.33026e-51 -9.92766e-52 0)
(-1.18726e-52 -2.58397e-53 0)
(-3.0236e-54 -5.52629e-55 0)
(-6.28918e-56 -1.27883e-56 0)
(-1.41867e-57 -2.55146e-58 0)
(-2.74956e-59 -5.31133e-60 0)
(-5.56306e-61 -9.86971e-62 0)
(-1.00285e-62 -1.86392e-63 0)
(-1.83623e-64 -3.22138e-65 0)
(-2.76499e-66 -5.55047e-67 0)
(1.9521e-65 4.69869e-69 0)
(1.23025e-63 8.51699e-67 0)
(7.12871e-62 5.05855e-65 0)
(4.17177e-60 2.92609e-63 0)
(2.20218e-58 1.59736e-61 0)
(1.20231e-56 8.52961e-60 0)
(5.74377e-55 4.26924e-58 0)
(2.93253e-53 2.09948e-56 0)
(1.25624e-51 9.59972e-55 0)
(6.01537e-50 4.33123e-53 0)
(2.28146e-48 1.8004e-51 0)
(1.02855e-46 7.40972e-50 0)
(3.39285e-45 2.78153e-48 0)
(1.44808e-43 1.0343e-46 0)
(4.04966e-42 3.45709e-45 0)
(1.65032e-40 1.11374e-43 0)
(3.7649e-39 2.74611e-42 0)
(1.48605e-37 1.60583e-43 0)
(2.59554e-36 -9.98906e-39 0)
(1.01728e-34 -1.27918e-36 0)
(1.17477e-33 -1.14649e-34 0)
(4.65283e-32 -7.39382e-33 0)
(1.64363e-35 -3.55111e-34 0)
(-8.73041e-36 -9.22137e-36 0)
(-2.57758e-37 -1.8853e-36 0)
(-4.90051e-38 -5.35469e-38 0)
(-1.50843e-39 -4.50293e-39 0)
(-1.23538e-40 -1.25381e-40 0)
(-3.64329e-42 -6.97949e-42 0)
(-1.98704e-43 -1.86267e-43 0)
(-5.53176e-45 -7.89238e-45 0)
(-2.30552e-46 -1.99508e-46 0)
(-6.01646e-48 -6.88652e-48 0)
(-2.04941e-49 -1.63762e-49 0)
(-4.99286e-51 -4.79277e-51 0)
(-1.44589e-52 -1.06751e-52 0)
(-3.28007e-54 -2.7186e-54 0)
(-8.28334e-56 -5.6547e-56 0)
(-1.74666e-57 -1.27555e-57 0)
(-3.91364e-59 -2.47218e-59 0)
(-7.66042e-61 -5.0019e-61 0)
(-1.54147e-62 -9.01691e-63 0)
(-2.79758e-64 -1.65108e-64 0)
(-5.09886e-66 -2.76419e-66 0)
(-7.58814e-68 -5.02024e-68 0)
(6.20024e-67 -2.78356e-67 0)
(3.86855e-65 -1.75773e-65 0)
(2.24016e-63 -1.10482e-63 0)
(1.29544e-61 -6.40152e-62 0)
(6.84248e-60 -3.74611e-60 0)
(3.68115e-58 -1.97739e-58 0)
(1.7624e-56 -1.07957e-56 0)
(8.83487e-55 -5.1572e-55 0)
(3.80005e-53 -2.63307e-53 0)
(1.77845e-51 -1.12792e-51 0)
(6.78766e-50 -5.4011e-50 0)
(2.97309e-48 -2.04848e-48 0)
(9.89462e-47 -9.23562e-47 0)
(4.07047e-45 -3.04664e-45 0)
(1.15187e-43 -1.30044e-43 0)
(4.47401e-42 -3.6372e-42 0)
(1.03622e-40 -1.48252e-40 0)
(3.8322e-39 -3.38426e-39 0)
(6.81885e-38 -1.33742e-37 0)
(2.42957e-36 -2.35386e-36 0)
(2.8574e-35 -9.31108e-35 0)
(9.54602e-34 -1.15158e-33 0)
(1.25749e-36 -7.75051e-36 0)
(-6.28599e-37 -2.28131e-37 0)
(-1.7112e-38 -4.39846e-38 0)
(-3.36474e-39 -1.35531e-39 0)
(-9.96188e-41 -1.11028e-40 0)
(-8.28856e-42 -3.27459e-42 0)
(-2.37742e-43 -1.7858e-43 0)
(-1.29582e-44 -4.97153e-45 0)
(-3.51931e-46 -2.07199e-46 0)
(-1.4514e-47 -5.40706e-48 0)
(-3.69776e-49 -1.84186e-49 0)
(-1.23859e-50 -4.48727e-51 0)
(-2.94556e-52 -1.29952e-52 0)
(-8.35233e-54 -2.94807e-54 0)
(-1.84848e-55 -7.44524e-56 0)
(-4.55676e-57 -1.56997e-57 0)
(-9.36556e-59 -3.51789e-59 0)
(-2.04365e-60 -6.88601e-61 0)
(-3.89479e-62 -1.3857e-62 0)
(-7.61818e-64 -2.51496e-64 0)
(-1.34454e-65 -4.58408e-66 0)
(-2.37827e-67 -7.7062e-68 0)
(-3.14991e-69 -1.41176e-69 0)
(4.7816e-68 -8.87242e-69 0)
(3.07591e-66 -5.59568e-67 0)
(1.837e-64 -3.48342e-65 0)
(1.09421e-62 -2.01719e-63 0)
(5.94569e-61 -1.16653e-61 0)
(3.28858e-59 -6.16176e-60 0)
(1.61478e-57 -3.31501e-58 0)
(8.30681e-56 -1.58717e-56 0)
(3.65042e-54 -7.95665e-55 0)
(1.7498e-52 -3.42248e-53 0)
(6.78813e-51 -1.60179e-51 0)
(3.03902e-49 -6.11381e-50 0)
(1.02042e-47 -2.67803e-48 0)
(4.28011e-46 -8.91344e-47 0)
(1.20767e-44 -3.66697e-45 0)
(4.76689e-43 -1.03783e-43 0)
(1.07772e-41 -4.03134e-42 0)
(4.02928e-40 -9.34046e-41 0)
(6.68531e-39 -3.45604e-39 0)
(2.38908e-37 -6.16943e-38 0)
(2.32824e-36 -2.207e-36 0)
(7.95924e-35 -2.66641e-35 0)
(8.67165e-38 6.70011e-37 0)
(-4.31498e-38 1.52687e-38 0)
(-1.21528e-39 6.53017e-40 0)
(-1.73498e-40 6.43981e-42 0)
(-5.124e-42 -1.25522e-42 0)
(-3.67992e-43 -5.39753e-44 0)
(-1.05349e-44 -4.31041e-45 0)
(-5.24564e-46 -1.34302e-46 0)
(-1.42258e-47 -6.44589e-48 0)
(-5.51102e-49 -1.7693e-49 0)
(-1.4012e-50 -6.4369e-51 0)
(-4.48125e-52 -1.60601e-52 0)
(-1.06231e-53 -4.79757e-54 0)
(-2.90647e-55 -1.09837e-55 0)
(-6.40293e-57 -2.80658e-57 0)
(-1.53386e-58 -5.91702e-59 0)
(-3.1335e-60 -1.32549e-60 0)
(-6.67742e-62 -2.57692e-62 0)
(-1.26303e-63 -5.14262e-64 0)
(-2.42079e-65 -9.22344e-66 0)
(-4.23429e-67 -1.65769e-67 0)
(-7.35587e-69 -2.74277e-69 0)
(-1.20473e-70 -6.46436e-71 0)
(-1.0675e-70 -1.38329e-69 0)
(-6.59254e-69 -9.03265e-68 0)
(-3.873e-67 -5.80295e-66 0)
(-2.24973e-65 -3.46543e-64 0)
(-1.20222e-63 -2.06427e-62 0)
(-6.45986e-62 -1.12161e-60 0)
(-3.12125e-60 -6.20413e-59 0)
(-1.55307e-58 -3.04626e-57 0)
(-6.72736e-57 -1.56725e-55 0)
(-3.10333e-55 -6.88703e-54 0)
(-1.1907e-53 -3.30179e-52 0)
(-5.09945e-52 -1.28087e-50 0)
(-1.70344e-50 -5.73572e-49 0)
(-6.78596e-49 -1.92593e-47 0)
(-1.92347e-47 -8.08071e-46 0)
(-7.14673e-46 -2.28022e-44 0)
(-1.64921e-44 -9.00411e-43 0)
(-5.73622e-43 -2.0361e-41 0)
(-9.97184e-42 -7.61691e-40 0)
(-3.25568e-40 -1.26469e-38 0)
(-3.46489e-39 -4.52444e-37 0)
(-1.04148e-37 -4.42692e-36 0)
(2.73989e-36 1.56326e-35 0)
(-1.36623e-36 4.15606e-37 0)
(-3.38861e-38 3.88956e-38 0)
(-4.08823e-39 1.02235e-39 0)
(-1.06787e-40 6.09287e-41 0)
(-6.89825e-42 1.58945e-42 0)
(-1.77919e-43 7.10746e-44 0)
(-8.17631e-45 1.79098e-45 0)
(-2.02914e-46 6.46463e-47 0)
(-7.35953e-48 1.55061e-48 0)
(-1.73379e-49 4.72059e-50 0)
(-5.23967e-51 1.0687e-51 0)
(-1.16245e-52 2.823e-53 0)
(-3.0252e-54 6e-55 0)
(-6.28808e-56 1.40198e-56 0)
(-1.44002e-57 2.78735e-58 0)
(-2.79442e-59 5.83973e-60 0)
(-5.71562e-61 1.08321e-61 0)
(-1.03277e-62 2.05443e-63 0)
(-1.9064e-64 3.54804e-65 0)
(-3.20087e-66 6.13326e-67 0)
(-5.37237e-68 9.84263e-69 0)
(-1.63948e-69 1.84174e-71 0)
(-5.24678e-68 -9.19205e-69 0)
(-3.36982e-66 -5.79443e-67 0)
(-2.01221e-64 -3.59624e-65 0)
(-1.19861e-62 -2.07635e-63 0)
(-6.51195e-61 -1.19706e-61 0)
(-3.60212e-59 -6.30483e-60 0)
(-1.76847e-57 -3.38151e-58 0)
(-9.09894e-56 -1.61465e-56 0)
(-3.99791e-54 -8.06937e-55 0)
(-1.91686e-52 -3.46279e-53 0)
(-7.43511e-51 -1.61567e-51 0)
(-3.32989e-49 -6.15577e-50 0)
(-1.11793e-47 -2.68828e-48 0)
(-4.69146e-46 -8.93995e-47 0)
(-1.32358e-44 -3.66735e-45 0)
(-5.22797e-43 -1.0387e-43 0)
(-1.18189e-41 -4.02446e-42 0)
(-4.42289e-40 -9.35819e-41 0)
(-7.33889e-39 -3.45614e-39 0)
(-2.62615e-37 -6.22874e-38 0)
(-2.56042e-36 -2.22718e-36 0)
(-8.76956e-35 -2.75318e-35 0)
(3.36043e-35 7.75122e-34 0)
(-1.6841e-35 1.7607e-35 0)
(-4.4427e-37 1.59852e-36 0)
(-4.29948e-38 3.78256e-38 0)
(-1.13493e-39 2.29143e-39 0)
(-6.79383e-41 5.5826e-41 0)
(-1.77409e-42 2.54108e-42 0)
(-7.94161e-44 6.09528e-44 0)
(-2.00232e-45 2.23241e-45 0)
(-7.23227e-47 5.15958e-47 0)
(-1.7356e-48 1.58874e-48 0)
(-5.2864e-50 3.49556e-50 0)
(-1.19732e-51 9.31295e-52 0)
(-3.16395e-53 1.9359e-53 0)
(-6.72713e-55 4.55124e-55 0)
(-1.57234e-56 8.89267e-57 0)
(-3.12697e-58 1.87063e-58 0)
(-6.55263e-60 3.4228e-60 0)
(-1.21572e-61 6.50681e-62 0)
(-2.30607e-63 1.11173e-63 0)
(-3.98324e-65 1.92352e-65 0)
(-6.88761e-67 3.06073e-67 0)
(-2.12686e-68 3.75974e-70 0)
(-6.43907e-67 -3.02236e-67 0)
(-3.99518e-65 -1.91377e-65 0)
(-2.30663e-63 -1.20302e-63 0)
(-1.3298e-61 -6.97001e-62 0)
(-7.00377e-60 -4.07936e-60 0)
(-3.75629e-58 -2.15314e-58 0)
(-1.79354e-56 -1.17574e-56 0)
(-8.96313e-55 -5.61621e-55 0)
(-3.84615e-53 -2.86813e-53 0)
(-1.79448e-51 -1.22855e-51 0)
(-6.8366e-50 -5.88487e-50 0)
(-2.98549e-48 -2.2319e-48 0)
(-9.92744e-47 -1.0067e-46 0)
(-4.07224e-45 -3.32097e-45 0)
(-1.15322e-43 -1.41837e-43 0)
(-4.46777e-42 -3.96748e-42 0)
(-1.03849e-40 -1.61849e-40 0)
(-3.83317e-39 -3.69558e-39 0)
(-6.88384e-38 -1.46227e-37 0)
(-2.45046e-36 -2.57521e-36 0)
(-2.94273e-35 -1.02084e-34 0)
(-9.80388e-34 -1.26529e-33 0)
(1.59964e-33 5.16357e-33 0)
(-8.02089e-34 1.36845e-34 0)
(-1.77185e-35 2.74741e-36 0)
(-1.74568e-36 4.04368e-38 0)
(-4.16722e-38 1.25059e-39 0)
(-2.54598e-39 2.66822e-41 0)
(-6.21018e-41 1.14939e-42 0)
(-2.82868e-42 2.7208e-44 0)
(-6.78647e-44 9.95719e-46 0)
(-2.48587e-45 2.29079e-47 0)
(-5.74591e-47 7.0615e-49 0)
(-1.76935e-48 1.54836e-50 0)
(-3.89315e-50 4.12859e-52 0)
(-1.03722e-51 8.55852e-54 0)
(-2.15615e-53 2.01316e-55 0)
(-5.0689e-55 3.9247e-57 0)
(-9.90419e-57 8.25826e-59 0)
(-2.08333e-58 1.5083e-60 0)
(-3.81194e-60 2.86754e-62 0)
(-7.2462e-62 4.89203e-64 0)
(-1.23803e-63 8.46353e-66 0)
(-2.14243e-65 1.3461e-67 0)
(-6.77491e-67 7.33989e-69 0)
(-2.13155e-65 3.52274e-67 0)
(-1.33963e-63 2.22979e-65 0)
(-7.76191e-62 1.40022e-63 0)
(-4.54295e-60 8.11319e-62 0)
(-2.39794e-58 4.74226e-60 0)
(-1.30944e-56 2.50359e-58 0)
(-6.25508e-55 1.36488e-56 0)
(-3.19438e-53 6.52231e-55 0)
(-1.36833e-51 3.32405e-53 0)
(-6.55427e-50 1.4247e-51 0)
(-2.48578e-48 6.80695e-50 0)
(-1.12115e-46 2.58376e-48 0)
(-3.69841e-45 1.16164e-46 0)
(-1.57943e-43 3.8361e-45 0)
(-4.41745e-42 1.63149e-43 0)
(-1.80169e-40 4.56552e-42 0)
(-4.11125e-39 1.84686e-40 0)
(-1.62476e-37 4.1286e-39 0)
(-2.83915e-36 1.52473e-37 0)
(-1.11496e-34 1.42302e-36 0)
(-1.28883e-33 -1.56189e-35 0)
(-5.123e-32 -6.94924e-33 0)
(7.66127e-34 3.19157e-31 0)
(-3.84152e-34 6.03602e-33 0)
(-8.43409e-36 7.7016e-35 0)
(-8.31987e-37 7.52732e-37 0)
(-1.97849e-38 1.64955e-39 0)
(-1.21004e-39 -8.40346e-41 0)
(-2.94334e-41 -5.97614e-42 0)
(-1.34175e-42 -1.4991e-43 0)
(-3.2122e-44 -5.5589e-45 0)
(-1.17735e-45 -1.2866e-46 0)
(-2.71675e-47 -3.9633e-48 0)
(-8.3695e-49 -8.71856e-50 0)
(-1.83906e-50 -2.32279e-51 0)
(-4.90116e-52 -4.82742e-53 0)
(-1.01772e-53 -1.13485e-54 0)
(-2.39301e-55 -2.21695e-56 0)
(-4.67149e-57 -4.66314e-58 0)
(-9.82728e-59 -8.53088e-60 0)
(-1.7968e-60 -1.62158e-61 0)
(-3.4156e-62 -2.7701e-63 0)
(-5.83203e-64 -4.79236e-65 0)
(-1.00839e-65 -7.62334e-67 0)
(2.20563e-67 6.49167e-69 0)
(2.41217e-65 1.25524e-66 0)
(1.51535e-63 7.94868e-65 0)
(8.78089e-62 4.99609e-63 0)
(5.13427e-60 2.89515e-61 0)
(2.71064e-58 1.69415e-59 0)
(1.47834e-56 8.94383e-58 0)
(7.06436e-55 4.88253e-56 0)
(3.60198e-53 2.33284e-54 0)
(1.54371e-51 1.19089e-52 0)
(7.37961e-50 5.10256e-51 0)
(2.80069e-48 2.44285e-49 0)
(1.26001e-46 9.26768e-48 0)
(4.16004e-45 4.17699e-46 0)
(1.77092e-43 1.37811e-44 0)
(4.95811e-42 5.87442e-43 0)
(2.01394e-40 1.63247e-41 0)
(4.60085e-39 6.481e-40 0)
(1.80846e-37 1.19237e-38 0)
(3.16374e-36 1.51237e-37 0)
(1.23317e-34 -4.17276e-35 0)
(1.42624e-33 -4.6178e-33 0)
(5.6029e-32 -3.76284e-31 0)
(-2.38766e-33 1.58943e-31 0)
(1.19722e-33 3.01618e-33 0)
(2.63973e-35 3.8911e-35 0)
(2.60215e-36 3.86554e-37 0)
(6.20469e-38 1.42104e-39 0)
(3.79224e-39 -2.76416e-41 0)
(9.24241e-41 -2.33643e-42 0)
(4.21095e-42 -5.93671e-44 0)
(1.00963e-43 -2.20837e-45 0)
(3.69892e-45 -5.11522e-47 0)
(8.5454e-47 -1.57572e-48 0)
(2.63172e-48 -3.46729e-50 0)
(5.78822e-50 -9.23679e-52 0)
(1.54222e-51 -1.92008e-53 0)
(3.20481e-53 -4.51353e-55 0)
(7.53446e-55 -8.81875e-57 0)
(1.47174e-56 -1.85486e-58 0)
(3.09578e-58 -3.39379e-60 0)
(5.66307e-60 -6.45089e-62 0)
(1.07648e-61 -1.1021e-63 0)
(1.8388e-63 -1.90665e-65 0)
(3.18276e-65 -3.03568e-67 0)
(1.5641e-66 -1.44981e-68 0)
(6.69897e-65 -6.55902e-67 0)
(4.2098e-63 -4.15239e-65 0)
(2.43953e-61 -2.60943e-63 0)
(1.4274e-59 -1.51215e-61 0)
(7.53573e-58 -8.84639e-60 0)
(4.11334e-56 -4.67047e-58 0)
(1.96536e-54 -2.54884e-56 0)
(1.00313e-52 -1.21792e-54 0)
(4.29819e-51 -6.21484e-53 0)
(2.05734e-49 -2.66319e-51 0)
(7.80532e-48 -1.27435e-49 0)
(3.51709e-46 -4.83542e-48 0)
(1.16065e-44 -2.17787e-46 0)
(4.95055e-43 -7.18522e-45 0)
(1.38517e-41 -3.05705e-43 0)
(5.64044e-40 -8.43223e-42 0)
(1.28757e-38 -3.24552e-40 0)
(5.07754e-37 -4.2666e-39 0)
(8.87463e-36 1.7996e-37 0)
(3.47473e-34 5.13131e-35 0)
(4.01538e-33 5.22006e-33 0)
(1.58881e-31 4.05864e-31 0)
(-8.14775e-34 -1.57469e-31 0)
(4.08537e-34 -2.94784e-33 0)
(9.07901e-36 -3.6344e-35 0)
(8.9382e-37 -3.36626e-37 0)
(2.14181e-38 9.69676e-40 0)
(1.30745e-39 8.37292e-41 0)
(3.19788e-41 4.8517e-42 0)
(1.45555e-42 1.19447e-43 0)
(3.49936e-44 4.40865e-45 0)
(1.28104e-45 1.01918e-46 0)
(2.96584e-47 3.13955e-48 0)
(9.1285e-49 6.90352e-50 0)
(2.01114e-50 1.83944e-51 0)
(5.35623e-52 3.82167e-53 0)
(1.11458e-53 8.98492e-55 0)
(2.61961e-55 1.75478e-56 0)
(5.12266e-57 3.69124e-58 0)
(1.07737e-58 6.75151e-60 0)
(1.97259e-60 1.2834e-61 0)
(3.74943e-62 2.19206e-63 0)
(6.40931e-64 3.79239e-65 0)
(1.10835e-65 6.03062e-67 0)
(-1.70892e-67 -1.40993e-68 0)
(-2.19967e-65 -1.59933e-66 0)
(-1.38309e-63 -1.01271e-64 0)
(-8.01504e-62 -6.36453e-63 0)
(-4.69146e-60 -3.68818e-61 0)
(-2.47673e-58 -2.15787e-59 0)
(-1.35253e-56 -1.13923e-57 0)
(-6.46197e-55 -6.21794e-56 0)
(-3.30008e-53 -2.97104e-54 0)
(-1.41384e-51 -1.51631e-52 0)
(-6.772e-50 -6.49738e-51 0)
(-2.56875e-48 -3.10965e-49 0)
(-1.15846e-46 -1.17985e-47 0)
(-3.82196e-45 -5.31546e-46 0)
(-1.63192e-43 -1.75369e-44 0)
(-4.56459e-42 -7.46677e-43 0)
(-1.8612e-40 -2.06554e-41 0)
(-4.24689e-39 -8.04777e-40 0)
(-1.67767e-37 -1.22601e-38 0)
(-2.93085e-36 1.94148e-37 0)
(-1.15027e-34 9.72507e-35 0)
(-1.32866e-33 1.00774e-32 0)
(-5.2772e-32 7.92038e-31 0)
(7.83915e-34 -2.03262e-33 0)
(-3.93079e-34 -5.60495e-35 0)
(-8.62809e-36 -1.8892e-37 0)
(-8.5034e-37 8.00838e-39 0)
(-2.02145e-38 1.09174e-39 0)
(-1.23591e-39 2.85514e-41 0)
(-3.00554e-41 1.33207e-42 0)
(-1.37e-42 3.2166e-44 0)
(-3.27937e-44 1.17814e-45 0)
(-1.20202e-45 2.73027e-47 0)
(-2.77348e-47 8.40139e-49 0)
(-8.54516e-49 1.85224e-50 0)
(-1.87763e-50 4.93232e-52 0)
(-5.00463e-52 1.02697e-53 0)
(-1.03924e-53 2.41358e-55 0)
(-2.44398e-55 4.72212e-57 0)
(-4.77131e-57 9.9315e-59 0)
(-1.00388e-58 1.81918e-60 0)
(-1.83565e-60 3.45809e-62 0)
(-3.49002e-62 5.91353e-64 0)
(-5.95977e-64 1.02321e-65 0)
(-1.03228e-65 1.63028e-67 0)
(-8.82838e-67 6.9015e-69 0)
(-4.55098e-65 2.92677e-67 0)
(-2.85962e-63 1.8534e-65 0)
(-1.65703e-61 1.16617e-63 0)
(-9.69352e-60 6.75911e-62 0)
(-5.11737e-58 3.96011e-60 0)
(-2.79261e-56 2.09082e-58 0)
(-1.3343e-54 1.14308e-56 0)
(-6.80843e-53 5.46122e-55 0)
(-2.91732e-51 2.79281e-53 0)
(-1.3959e-49 1.19635e-51 0)
(-5.2962e-48 5.73971e-50 0)
(-2.3855e-46 2.1766e-48 0)
(-7.87296e-45 9.83579e-47 0)
(-3.35641e-43 3.24391e-45 0)
(-9.39265e-42 1.38891e-43 0)
(-3.82235e-40 3.89104e-42 0)
(-8.72732e-39 1.60327e-40 0)
(-3.4389e-37 3.84932e-39 0)
(-6.01239e-36 1.72479e-37 0)
(-2.35152e-34 5.59723e-36 0)
(-2.71847e-33 3.65872e-34 0)
(-1.07375e-31 1.82085e-32 0)
(1.35725e-35 -3.86097e-34 0)
(-6.81024e-36 -8.71879e-36 0)
(-1.82186e-37 -8.00952e-37 0)
(-1.66039e-38 -1.8948e-38 0)
(-4.39124e-40 -1.15056e-39 0)
(-2.5639e-41 -2.80147e-41 0)
(-6.71384e-43 -1.2766e-42 0)
(-2.97738e-44 -3.06121e-44 0)
(-7.53744e-46 -1.12214e-45 0)
(-2.71716e-47 -2.5933e-47 0)
(-6.55283e-49 -7.99108e-49 0)
(-1.9998e-50 -1.75833e-50 0)
(-4.5542e-52 -4.68752e-52 0)
(-1.20843e-53 -9.74578e-54 0)
(-2.58434e-55 -2.29247e-55 0)
(-6.07282e-57 -4.48036e-57 0)
(-1.21503e-58 -9.42945e-59 0)
(-2.56151e-60 -1.72587e-60 0)
(-4.78173e-62 -3.2824e-62 0)
(-9.12815e-64 -5.60999e-64 0)
(-1.5865e-65 -9.71059e-66 0)
(-2.76375e-67 -1.54468e-67 0)
(-2.68938e-68 6.86948e-69 0)
(-1.41356e-66 6.30997e-67 0)
(-8.78412e-65 3.99637e-65 0)
(-5.07949e-63 2.51251e-63 0)
(-2.93211e-61 1.45638e-61 0)
(-1.54669e-59 8.52454e-60 0)
(-8.30506e-58 4.5019e-58 0)
(-3.97143e-56 2.45835e-56 0)
(-1.98679e-54 1.17509e-54 0)
(-8.53711e-53 6.0006e-53 0)
(-3.98655e-51 2.57248e-51 0)
(-1.52045e-49 1.23199e-49 0)
(-6.64363e-48 4.67732e-48 0)
(-2.21043e-46 2.10889e-46 0)
(-9.06915e-45 6.96625e-45 0)
(-2.5673e-43 2.97336e-43 0)
(-9.94273e-42 8.33171e-42 0)
(-2.30585e-40 3.39539e-40 0)
(-8.50086e-39 7.77244e-39 0)
(-1.51704e-37 3.07107e-37 0)
(-5.3876e-36 5.43705e-36 0)
(-6.37355e-35 2.15393e-34 0)
(-2.12124e-33 2.72681e-33 0)
)
;

boundaryField
{
    leftWall
    {
        type            fixedValue;
        value           uniform (0 0 0);
    }
    rightWall
    {
        type            fixedValue;
        value           nonuniform 0();
    }
    lowerWall
    {
        type            fixedValue;
        value           nonuniform 0();
    }
    atmosphere
    {
        type            pressureInletOutletVelocity;
        value           nonuniform List<vector> 
45
(
(0 -3.86097e-34 0)
(0 -8.71879e-36 0)
(0 -8.00952e-37 0)
(0 -1.8948e-38 0)
(0 -1.15056e-39 0)
(0 -2.80147e-41 0)
(0 -1.2766e-42 0)
(0 -3.06121e-44 0)
(0 -1.12214e-45 0)
(0 -2.5933e-47 0)
(0 -7.99108e-49 0)
(0 -1.75833e-50 0)
(0 -4.68752e-52 0)
(0 -9.74578e-54 0)
(0 -2.29247e-55 0)
(0 -4.48036e-57 0)
(0 -9.42945e-59 0)
(0 -1.72587e-60 0)
(0 -3.2824e-62 0)
(0 -5.60999e-64 0)
(0 -9.71059e-66 0)
(0 -1.54468e-67 0)
(-2.68938e-68 6.86948e-69 0)
(-1.41356e-66 6.30997e-67 0)
(-8.78412e-65 3.99637e-65 0)
(-5.07949e-63 2.51251e-63 0)
(-2.93211e-61 1.45638e-61 0)
(-1.54669e-59 8.52454e-60 0)
(-8.30506e-58 4.5019e-58 0)
(-3.97143e-56 2.45835e-56 0)
(-1.98679e-54 1.17509e-54 0)
(-8.53711e-53 6.0006e-53 0)
(-3.98655e-51 2.57248e-51 0)
(-1.52045e-49 1.23199e-49 0)
(-6.64363e-48 4.67732e-48 0)
(-2.21043e-46 2.10889e-46 0)
(-9.06915e-45 6.96625e-45 0)
(-2.5673e-43 2.97336e-43 0)
(-9.94273e-42 8.33171e-42 0)
(-2.30585e-40 3.39539e-40 0)
(-8.50086e-39 7.77244e-39 0)
(-1.51704e-37 3.07107e-37 0)
(-5.3876e-36 5.43705e-36 0)
(-6.37355e-35 2.15393e-34 0)
(-2.12124e-33 2.72681e-33 0)
)
;
    }
    defaultFaces
    {
        type            empty;
    }
    procBoundary2to0
    {
        type            processor;
        value           nonuniform List<vector> 
46
(
(-1.71891e-36 1.597e-36 0)
(-1.74958e-37 4.48956e-38 0)
(-4.90108e-39 2.51945e-39 0)
(-2.95093e-40 6.821e-41 0)
(-7.9012e-42 2.94205e-42 0)
(-3.49261e-43 7.58165e-44 0)
(-8.85494e-45 2.67728e-45 0)
(-3.13677e-46 6.51263e-47 0)
(-7.48222e-48 1.9559e-48 0)
(-2.22754e-49 4.46775e-50 0)
(-4.97729e-51 1.1702e-51 0)
(-1.28265e-52 2.50137e-53 0)
(-2.67653e-54 5.8146e-55 0)
(-6.35997e-56 1.33697e-56 0)
(-9.4142e-56 7.97255e-56 0)
(-3.72763e-54 2.88574e-54 0)
(-1.02028e-52 1.21267e-52 0)
(-3.63016e-51 3.83853e-51 0)
(-6.59129e-50 1.52447e-49 0)
(-1.8493e-48 4.19264e-48 0)
(6.05436e-48 1.60421e-46 0)
(8.75548e-46 3.90021e-45 0)
(6.79015e-44 1.47703e-43 0)
(2.81368e-42 3.3165e-42 0)
(8.09237e-41 1.26623e-40 0)
(-7.01745e-35 -1.93638e-34 0)
(-2.33486e-33 -2.3859e-33 0)
(-1.52789e-32 -9.23936e-32 0)
(-5.50406e-31 -2.82839e-32 0)
(-1.82644e-31 1.83572e-31 0)
(5.39919e-31 3.21579e-32 0)
(8.89968e-33 -1.21382e-31 0)
(-1.79534e-31 -1.40875e-33 0)
(8.59004e-34 6.18577e-32 0)
(1.87498e-31 3.22179e-32 0)
(1.92708e-31 8.36141e-34 0)
(1.9388e-31 -2.73508e-33 0)
(1.93532e-31 -9.13933e-34 0)
(1.88284e-31 -3.14534e-32 0)
(5.63267e-33 -3.1517e-32 0)
(2.36465e-35 -1.61831e-33 0)
(-4.8335e-33 -3.06753e-32 0)
(-1.8262e-31 -1.81141e-36 0)
(-4.85707e-33 3.06064e-32 0)
(-7.72828e-34 7.74777e-34 0)
(-7.72828e-34 7.74777e-34 0)
)
;
    }
    procBoundary2to3
    {
        type            processor;
        value           nonuniform List<vector> 
43
(
(1.13496e-37 5.139e-43 0)
(2.93048e-39 -2.67062e-39 0)
(3.11006e-40 -9.30201e-41 0)
(4.12795e-41 -9.35202e-40 0)
(3.35599e-40 -1.72067e-38 0)
(-2.11058e-37 -8.15422e-37 0)
(-2.76063e-35 -1.01432e-35 0)
(-2.70377e-33 -4.93582e-34 0)
(-1.76835e-31 -6.54094e-34 0)
(-2.6846e-33 -3.28107e-32 0)
(9.14798e-34 -2.05627e-31 0)
(-3.80787e-35 -1.35544e-29 0)
(-1.90698e-33 2.66366e-31 0)
(-1.03741e-36 1.38254e-29 0)
(9.61407e-34 2.1093e-31 0)
(1.96003e-35 3.39807e-32 0)
(-1.69755e-37 1.36005e-33 0)
(-2.02604e-35 3.76092e-32 0)
(-1.06354e-33 1.97618e-31 0)
(1.17186e-33 1.53663e-29 0)
(3.3052e-33 -1.64622e-29 0)
(-1.12608e-33 -3.20757e-29 0)
(-3.37282e-33 -3.13803e-31 0)
(1.1987e-33 1.63165e-29 0)
(3.4973e-33 -1.74871e-29 0)
(-2.3934e-33 -3.39621e-29 0)
(-2.36763e-33 1.69652e-29 0)
(1.11231e-33 -7.71744e-32 0)
(-3.83238e-33 2.50112e-31 0)
(-2.5242e-31 -5.3716e-31 0)
(-3.89707e-33 -1.83177e-29 0)
(-1.31245e-33 -2.79469e-31 0)
(-2.62932e-35 -4.49051e-32 0)
(-2.11067e-36 -8.86896e-34 0)
(2.8273e-39 -1.51403e-34 0)
(2.32662e-36 -9.12985e-34 0)
(2.67606e-35 -4.94945e-32 0)
(1.40168e-33 -2.60813e-31 0)
(-1.53238e-33 -2.02509e-29 0)
(-4.34615e-33 2.15239e-29 0)
(1.44371e-33 4.21496e-29 0)
(2.93715e-33 6.88735e-31 0)
(5.78402e-35 1.05708e-31 0)
)
;
    }
}


// ************************************************************************* //
