/*--------------------------------*- C++ -*----------------------------------*\
| =========                 |                                                 |
| \\      /  F ield         | OpenFOAM: The Open Source CFD Toolbox           |
|  \\    /   O peration     | Version:  2.4.0                                 |
|   \\  /    A nd           | Web:      www.OpenFOAM.org                      |
|    \\/     M anipulation  |                                                 |
\*---------------------------------------------------------------------------*/
FoamFile
{
    version     2.0;
    format      ascii;
    class       surfaceScalarField;
    location    "0.5";
    object      phi;
}
// * * * * * * * * * * * * * * * * * * * * * * * * * * * * * * * * * * * * * //

dimensions      [0 3 -1 0 0 0 0];

internalField   nonuniform List<scalar> 
3742
(
-5.35421e-37
4.31513e-37
-7.05528e-38
4.09431e-38
-6.98583e-39
4.26641e-39
-7.2623e-40
3.62983e-40
-6.39233e-41
3.18778e-41
-5.65536e-42
2.47461e-42
-4.48788e-43
1.92206e-43
-3.51174e-44
1.37152e-44
-2.54311e-45
9.64828e-46
-1.80072e-46
6.3727e-47
-1.20193e-47
4.12151e-48
-7.81729e-49
2.53622e-49
-4.84167e-50
1.52376e-50
-1.69572e-51
8.74813e-52
2.13948e-50
-1.71776e-53
3.62795e-49
-1.13012e-51
5.93521e-48
-1.89249e-50
9.26642e-47
-3.05075e-49
1.40859e-45
-4.83088e-48
2.02272e-44
-7.32086e-47
2.83785e-43
-1.09075e-45
3.70115e-42
-1.53633e-44
4.75339e-41
-2.13394e-43
5.52553e-40
-2.75035e-42
-3.52564e-41
-1.44904e-34
1.15887e-36
-7.62888e-34
9.17359e-36
-6.31203e-34
7.76165e-35
-2.90915e-32
1.64926e-35
1.89836e-32
-1.51465e-34
9.60976e-33
-3.12704e-35
-9.15907e-33
9.6535e-35
2.5516e-34
4.87756e-36
2.42724e-34
-5.28338e-35
1.0306e-32
-3.18688e-35
8.81961e-34
-8.82427e-36
1.05902e-32
-1.15763e-34
6.48153e-34
-1.6325e-36
1.01714e-32
2.84941e-35
-9.45485e-33
2.91659e-35
9.51311e-33
6.38619e-36
-9.87462e-33
2.57925e-35
-1.75817e-34
4.56108e-38
-2.43221e-34
-2.53107e-35
-4.73773e-35
-2.95431e-36
-4.76698e-36
-4.31513e-37
-6.09622e-37
-4.09431e-38
-5.71199e-38
-4.26641e-39
-5.81287e-39
-3.62983e-40
-4.9562e-40
-3.18778e-41
-4.3162e-41
-2.47461e-42
-3.35485e-42
-1.92206e-43
-2.59344e-43
-1.37152e-44
-1.85071e-44
-9.64828e-46
-1.2978e-45
-6.3727e-47
-8.56727e-47
-4.12151e-48
-5.52792e-48
-2.53622e-49
-3.39883e-49
-1.52401e-50
-2.0254e-50
-9.13398e-52
1.28225e-51
-5.71585e-52
4.38728e-50
-7.44011e-51
7.47658e-49
-1.03495e-49
1.2041e-47
-1.35334e-48
1.85824e-46
-1.74805e-47
2.69921e-45
-2.09987e-46
3.77981e-44
-2.55045e-45
4.91772e-43
-2.86112e-44
6.21793e-42
-3.37065e-43
7.13394e-41
-3.66194e-42
-4.31774e-41
-1.45193e-35
1.53895e-36
-7.31922e-35
1.02498e-35
-5.45264e-34
8.50115e-35
-6.45225e-34
1.79116e-35
2.82658e-34
-1.65766e-34
4.75751e-34
-3.43231e-35
-1.09625e-34
1.0557e-34
-1.365e-34
5.41311e-36
1.85598e-34
-5.78528e-35
3.81869e-34
-3.48327e-35
4.08665e-34
-7.00869e-36
4.08383e-34
-4.06694e-36
3.85523e-34
9.85985e-37
2.06802e-34
3.13968e-35
2.39579e-35
3.19952e-35
-1.79977e-35
7.09698e-36
-1.78074e-34
2.82395e-35
-1.7861e-34
5.1211e-38
-2.33439e-35
-2.77019e-35
-4.74008e-36
-3.28197e-36
-5.35421e-37
-4.81177e-37
-7.05528e-38
-4.59582e-38
-6.98583e-39
-4.80053e-39
-7.2623e-40
-4.09992e-40
-6.39233e-41
-3.60717e-41
-5.65536e-42
-2.80732e-42
-4.48788e-43
-2.18365e-43
-3.51174e-44
-1.56105e-44
-2.54311e-45
-1.09947e-45
-1.80072e-46
-7.27221e-47
-1.20193e-47
-4.70796e-48
-7.81736e-49
-2.90037e-49
-4.85328e-50
-1.74642e-50
-3.57711e-51
-1.36751e-51
-8.67294e-51
-5.3744e-51
-1.01791e-49
-7.3672e-50
-1.16346e-48
-9.89811e-49
-1.15287e-47
-1.22564e-47
-1.06539e-46
-1.47726e-46
-7.05153e-46
-1.5832e-45
-3.14423e-45
-1.66854e-44
2.98679e-44
-1.45468e-43
7.58319e-43
-1.27946e-42
1.1747e-41
-7.7671e-42
-5.12085e-41
-1.81897e-36
1.9784e-36
-5.00339e-36
1.72801e-36
-2.45746e-35
8.77524e-36
-2.83746e-35
1.65048e-36
1.13702e-35
-1.61976e-35
2.00934e-35
-3.46157e-36
-3.80987e-36
1.0233e-35
-4.59349e-36
6.07083e-37
9.06014e-36
-5.69482e-36
1.84572e-35
-3.52958e-36
2.02815e-35
-8.04773e-37
1.95452e-35
-2.69585e-36
1.80602e-35
1.10555e-37
1.01971e-35
3.12434e-36
1.57978e-36
3.20201e-36
-8.97696e-37
8.09086e-37
-8.124e-36
2.77393e-36
-8.19292e-36
6.4962e-39
-1.50554e-36
-2.70956e-36
-5.29015e-37
-3.72706e-37
-6.8981e-38
-5.71904e-38
-1.04434e-38
-5.81236e-39
-1.10136e-39
-6.23676e-40
-1.21046e-40
-5.51406e-41
-1.10026e-41
-4.94018e-42
-1.00055e-42
-3.93009e-43
-8.08393e-44
-3.0974e-44
-6.4213e-45
-2.24796e-45
-4.69872e-46
-1.59911e-46
-3.35518e-47
-1.06938e-47
-2.25273e-48
-6.97732e-49
-1.47218e-49
-4.33569e-50
-9.7179e-51
-2.83502e-51
-8.32238e-51
-3.38798e-51
-1.03755e-49
-4.7851e-50
-1.27996e-48
-6.66102e-49
-1.52652e-47
-9.0042e-48
-1.62758e-46
-1.12416e-46
-1.68345e-45
-1.3678e-45
-1.45586e-44
-1.48535e-44
-1.23372e-43
-1.58727e-43
-7.36476e-43
-1.41185e-42
-4.36036e-42
-1.26119e-41
-6.96927e-42
-7.77418e-41
-4.96667e-40
-4.35417e-36
3.1329e-36
-3.21268e-36
2.17871e-36
-1.18919e-36
1.55318e-36
-9.5741e-37
2.50132e-37
2.78532e-37
-2.04981e-36
5.62349e-37
-4.42285e-37
-6.13533e-38
1.2938e-36
-4.29732e-38
7.77679e-38
3.43215e-37
-7.23516e-37
6.76762e-37
-4.5575e-37
7.71731e-37
-1.20985e-37
6.98821e-37
-4.53568e-37
6.24569e-37
1.16952e-39
3.83799e-37
3.95735e-37
8.0548e-38
4.0975e-37
-2.84259e-38
1.06946e-37
-2.68045e-37
3.53288e-37
-2.73793e-37
9.79697e-40
-7.45413e-38
-3.44003e-37
-3.95074e-38
-4.89042e-38
-5.75556e-39
-8.20183e-39
-9.31415e-40
-8.72078e-40
-1.03088e-40
-9.8186e-41
-1.16603e-41
-8.93653e-42
-1.08855e-42
-8.21417e-43
-1.00663e-43
-6.64746e-44
-8.27076e-45
-5.3142e-45
-6.64355e-46
-3.89611e-46
-4.91704e-47
-2.79421e-47
-3.53922e-48
-1.87971e-48
-2.39591e-49
-1.2321e-49
-1.61822e-50
-7.80132e-51
-7.44319e-51
-2.44749e-51
-8.98374e-50
-3.04138e-50
-1.20807e-48
-4.52788e-49
-1.50316e-47
-6.35523e-48
-1.81324e-46
-8.68459e-47
-1.9572e-45
-1.09675e-45
-2.05966e-44
-1.35578e-44
-1.81668e-43
-1.49773e-43
-1.58364e-42
-1.64018e-42
-9.82669e-42
-1.49949e-41
-6.17573e-41
-1.39286e-40
-1.28552e-40
-8.97631e-40
-6.06749e-39
-1.31443e-34
6.84725e-35
-5.29257e-36
3.05127e-36
-3.98969e-36
-8.99244e-38
-7.25229e-37
-2.08177e-38
-8.14727e-38
-1.73524e-37
-1.46659e-38
-3.72056e-38
6.14403e-39
1.04741e-37
1.37804e-38
6.63306e-39
1.0656e-38
-5.90897e-38
1.88556e-38
-3.78963e-38
2.43979e-38
-1.11529e-38
1.49878e-38
-3.94715e-38
1.07738e-38
-4.70577e-40
1.10338e-38
3.23754e-38
4.57857e-39
3.3768e-38
9.09298e-41
9.30555e-39
-3.53708e-39
2.88652e-38
-4.08114e-39
9.30719e-41
-4.04586e-39
-2.80179e-38
-3.50986e-39
-4.23728e-39
-5.45336e-40
-7.44306e-40
-9.40482e-41
-8.25896e-41
-1.07411e-41
-9.55694e-42
-1.24998e-42
-8.9309e-43
-1.18851e-43
-8.34807e-44
-1.11627e-44
-6.87029e-45
-9.27416e-46
-5.55379e-46
-7.51689e-47
-4.11803e-47
-5.60097e-48
-2.97653e-48
-4.05262e-49
-2.01829e-49
-2.77879e-50
-1.33466e-50
-5.65737e-51
-1.54733e-51
-5.70377e-50
-1.1569e-50
-7.95681e-49
-1.77541e-49
-1.07781e-47
-2.66145e-48
-1.35352e-46
-3.76906e-47
-1.65045e-45
-5.20141e-46
-1.80951e-44
-6.66791e-45
-1.93793e-43
-8.37606e-44
-1.75749e-42
-9.49704e-43
-1.57837e-41
-1.06808e-41
-1.03794e-40
-1.02367e-40
-6.93695e-40
-9.91298e-40
-1.89408e-39
-6.94783e-39
-4.87313e-38
-4.01912e-36
6.75347e-36
-3.21426e-36
5.9885e-36
-4.34359e-37
-3.18902e-38
-7.92387e-38
-3.2244e-38
-1.0413e-38
-2.213e-38
-2.89596e-39
-4.09322e-39
6.79702e-40
9.63595e-39
1.41797e-39
6.12912e-40
2.90098e-40
-5.49324e-39
3.54415e-40
-3.57055e-39
6.69161e-40
-1.18547e-39
-1.00047e-40
-4.49546e-39
-3.42893e-40
-1.63099e-40
2.16692e-40
2.99064e-39
2.61241e-40
3.1515e-39
7.80113e-41
8.8546e-40
2.45528e-40
2.68704e-39
2.04296e-40
9.5296e-42
-2.22464e-40
-2.60248e-39
-2.5294e-40
-4.0147e-40
-4.13577e-41
-7.40176e-41
-7.37815e-42
-8.43166e-42
-8.66515e-43
-1.00233e-42
-1.02699e-43
-9.53437e-44
-9.9372e-45
-9.04927e-45
-9.44242e-46
-7.53043e-46
-7.93609e-47
-6.14205e-47
-6.48333e-48
-4.58535e-48
-4.86915e-49
-3.33166e-49
-3.55708e-50
-2.26981e-50
-4.78882e-51
-1.79222e-51
-3.65877e-50
-4.99013e-51
-5.43934e-49
-7.96979e-50
-7.66571e-48
-1.23884e-48
-1.04985e-46
-1.87692e-47
-1.33362e-45
-2.68705e-46
-1.65227e-44
-3.76094e-45
-1.84264e-43
-4.89115e-44
-2.02311e-42
-6.26739e-43
-1.88779e-41
-7.24991e-42
-1.77209e-40
-8.40477e-41
-1.23909e-39
-8.30175e-40
-9.1603e-39
-8.47953e-39
-3.27258e-38
-6.2598e-38
-4.97337e-37
-5.17405e-38
2.01319e-34
-3.25659e-37
7.49317e-36
-4.92238e-38
4.4508e-37
-1.17601e-38
2.02452e-38
-1.5977e-39
-4.74778e-40
-3.84289e-40
-2.3983e-40
5.01989e-41
7.15227e-40
1.23908e-40
4.68469e-41
8.10468e-42
-4.0698e-40
2.88474e-43
-2.68204e-40
2.14729e-41
-9.70026e-41
-5.03945e-41
-3.64955e-40
-6.80378e-41
-1.82369e-41
-2.53978e-42
2.20954e-40
1.80401e-41
2.34694e-40
8.53523e-42
6.79846e-41
3.54298e-41
1.99166e-40
3.212e-41
7.72629e-43
-1.51296e-41
-1.92479e-40
-1.98573e-41
-3.07413e-41
-3.3232e-42
-5.83295e-42
-6.09192e-43
-6.82232e-43
-7.27503e-44
-8.2566e-44
-8.75453e-45
-7.9917e-45
-8.56577e-46
-7.67299e-46
-8.2137e-47
-6.45912e-47
-6.95274e-48
-5.30928e-48
-5.71107e-49
-3.99467e-49
-4.31259e-50
-2.91817e-50
-3.94482e-51
-2.01897e-51
-1.31695e-50
-5.13414e-52
-2.00303e-49
-6.44254e-51
-3.00879e-48
-1.05367e-49
-4.27969e-47
-1.6593e-48
-5.92092e-46
-2.52741e-47
-7.64041e-45
-3.67959e-46
-9.62715e-44
-5.16825e-45
-1.10376e-42
-6.87927e-44
-1.24804e-41
-8.81005e-43
-1.22846e-40
-1.05568e-41
-1.22085e-39
-1.21372e-40
-9.66148e-39
-1.27683e-39
-8.163e-38
-1.27828e-38
-4.4089e-37
-1.09474e-37
-8.27592e-37
-1.01337e-36
-6.16673e-35
7.45701e-37
2.35579e-36
6.85112e-38
5.92292e-37
5.67048e-39
6.27557e-38
1.29048e-40
8.11235e-39
-5.12449e-41
7.54123e-40
-2.407e-42
1.34927e-40
7.75624e-42
1.04319e-41
2.2021e-43
-3.13792e-41
-3.80442e-43
-2.12663e-41
9.4284e-43
-8.46496e-42
-4.38438e-42
-3.32024e-41
-5.57025e-42
-2.16221e-42
-6.01533e-43
1.72179e-41
1.16221e-42
1.84708e-41
6.38008e-43
5.42465e-42
2.72171e-42
1.56516e-41
2.49204e-42
6.42295e-44
-9.70236e-43
-1.51042e-41
-1.34462e-42
-2.44743e-42
-2.30784e-43
-4.76516e-43
-4.30446e-44
-5.6626e-44
-5.22914e-45
-6.95786e-45
-6.36385e-46
-6.81015e-46
-6.29879e-47
-6.5984e-47
-6.08596e-48
-5.59485e-48
-5.19188e-49
-4.62414e-49
-4.28876e-50
-3.49477e-50
-3.59326e-51
-2.56312e-51
-5.98274e-51
-2.16676e-52
-9.3715e-50
-7.45163e-52
-1.46117e-48
-1.28703e-50
-2.21854e-47
-2.15591e-49
-3.18894e-46
-3.54923e-48
-4.47322e-45
-5.5169e-47
-5.84959e-44
-8.47966e-46
-7.51124e-43
-1.2097e-44
-8.76434e-42
-1.72755e-43
-1.01917e-40
-2.22885e-42
-1.02794e-39
-2.95376e-41
-1.0707e-38
-3.39382e-40
-8.7782e-38
-4.23826e-39
-8.16448e-37
-4.29928e-38
-4.63558e-36
-5.13258e-37
-4.00591e-36
-5.35903e-36
2.35028e-36
-2.52869e-36
-7.8062e-37
-3.65299e-37
3.72963e-37
-7.14105e-38
4.96348e-38
-8.40205e-39
7.24138e-39
-1.09844e-39
6.98752e-40
-1.10249e-40
7.57237e-41
-1.08359e-41
6.39017e-42
-9.94609e-43
-1.64149e-42
-1.0225e-43
-1.42544e-42
6.57158e-44
-6.23516e-43
-3.47212e-43
-2.4678e-42
-4.32211e-43
-1.86846e-43
-5.55967e-44
1.16505e-42
7.89092e-44
1.26024e-42
4.59831e-44
3.77514e-43
1.97176e-43
1.06499e-42
1.80966e-43
4.62258e-45
-6.6326e-44
-1.02621e-42
-9.37776e-44
-1.70066e-43
-1.63032e-44
-3.3678e-44
-3.08357e-45
-4.07056e-45
-3.78544e-46
-5.05782e-46
-4.64752e-47
-5.008e-47
-4.63346e-48
-4.88873e-48
-4.50134e-49
-4.17756e-49
-3.85801e-50
-3.47026e-50
-3.20757e-51
-2.63642e-51
-4.5269e-52
-1.94696e-52
-3.60529e-51
-2.96702e-53
-5.91347e-50
-2.99611e-52
-9.45428e-49
-5.4019e-51
-1.44757e-47
-9.22943e-50
-2.14792e-46
-1.56866e-48
-3.02435e-45
-2.48261e-47
-4.12841e-44
-3.95582e-46
-5.27055e-43
-5.75596e-45
-6.54491e-42
-8.67114e-44
-7.41202e-41
-1.18404e-42
-8.23899e-40
-1.82846e-41
-7.93053e-39
-2.76047e-40
-7.59702e-38
-5.23516e-39
-5.40498e-37
-9.48889e-38
-3.75599e-36
-1.70664e-36
-2.2565e-35
-1.46072e-34
-2.77973e-36
-5.70295e-36
-6.94098e-37
-4.4024e-36
-4.5362e-37
-7.96282e-37
-5.27785e-38
-8.21335e-38
-7.27982e-39
-1.02138e-38
-6.94321e-40
-9.64664e-40
-7.08245e-41
-9.67967e-41
-6.04653e-42
-8.27347e-42
-6.78953e-43
-7.14708e-43
-1.43876e-43
-5.02217e-44
-5.06297e-44
-2.74737e-44
-1.9226e-43
-2.90472e-44
-1.65358e-44
-3.95237e-45
8.01404e-44
4.87124e-45
8.75368e-44
2.94443e-45
2.65002e-44
1.25155e-44
7.39147e-44
1.14821e-44
3.32564e-46
-4.11995e-45
-7.11531e-44
-5.88741e-45
-1.19249e-44
-1.0402e-45
-2.39572e-45
-1.98732e-46
-2.92617e-46
-2.46761e-47
-3.66825e-47
-3.05093e-48
-3.65904e-48
-3.06538e-49
-3.59146e-49
-2.99231e-50
-3.0837e-50
-2.58135e-51
-2.56988e-51
-2.77903e-52
-1.95307e-52
-1.15066e-51
-5.27965e-54
-1.96978e-50
1.67207e-52
-3.28573e-49
2.98828e-51
-5.34648e-48
5.17752e-50
-8.29165e-47
8.611e-49
-1.257e-45
1.39765e-47
-1.79438e-44
2.15878e-46
-2.51741e-43
3.26034e-45
-3.26145e-42
4.6119e-44
-4.20274e-41
6.3617e-43
-4.8341e-40
7.78787e-42
-5.67173e-39
8.50881e-41
-5.54501e-38
4.38543e-40
-5.80256e-37
-9.74545e-39
-4.16408e-36
-4.91783e-37
-3.48395e-35
-1.20597e-35
-2.15112e-34
-5.14288e-36
-2.99168e-36
-2.77956e-36
-2.28589e-36
-3.94412e-37
-5.87041e-37
-7.58558e-38
-6.27079e-38
-8.8205e-39
-8.25875e-39
-1.14161e-39
-7.825e-40
-1.14319e-40
-7.99408e-41
-1.17814e-41
-6.83748e-42
-1.04183e-42
-6.05873e-43
-9.16201e-44
-5.29648e-44
-6.87e-45
-6.80244e-45
-2.13039e-45
-1.33403e-44
-1.96747e-45
-1.25032e-45
-2.74839e-46
4.99652e-45
3.02186e-46
5.5063e-45
1.8708e-46
1.69044e-45
7.91707e-46
4.64224e-45
7.2603e-46
2.16748e-47
-2.58437e-46
-4.46418e-45
-3.71085e-46
-7.60113e-46
-6.61764e-47
-1.54257e-46
-1.27442e-47
-1.90595e-47
-1.59386e-48
-2.40589e-48
-1.98085e-49
-2.41874e-49
-1.99995e-50
-2.38523e-50
-1.95841e-51
-2.05868e-51
-1.6863e-52
-1.72075e-52
-3.13757e-54
-1.2728e-53
1.92962e-52
7.09437e-54
3.34887e-51
1.48488e-52
5.55389e-50
2.64155e-51
8.96945e-49
4.58179e-50
1.38119e-47
7.62715e-49
2.07375e-46
1.23958e-47
2.93441e-45
1.91655e-46
4.06389e-44
2.89926e-45
5.2065e-43
4.10633e-44
6.587e-42
5.67956e-43
7.46551e-41
6.97707e-42
8.51317e-40
7.70662e-41
8.15124e-39
4.21932e-40
8.10281e-38
-7.9211e-39
5.61666e-37
-4.24157e-37
4.14396e-36
-1.05684e-35
-1.91929e-34
-4.35751e-37
-7.47533e-35
9.11423e-38
-3.39425e-36
-3.96085e-39
-2.46005e-37
-5.03552e-39
-1.55266e-38
-8.29526e-40
-1.25281e-39
-1.36175e-40
-1.03486e-40
-1.52934e-41
-1.01002e-41
-1.72147e-42
-8.79819e-43
-1.60673e-43
-7.8714e-44
-1.47605e-44
-6.64871e-45
-1.18101e-45
-7.07932e-46
-1.92486e-46
-9.38311e-46
-1.24997e-46
-9.43561e-47
-1.75855e-47
3.10626e-46
1.73598e-47
3.4577e-46
1.10174e-47
1.07054e-46
4.62718e-47
2.9141e-46
4.23985e-47
1.39407e-48
-1.5002e-47
-2.80037e-46
-2.16516e-47
-4.81155e-47
-3.90616e-48
-9.84523e-48
-7.56803e-49
-1.22546e-48
-9.54019e-50
-1.55495e-49
-1.19073e-50
-1.57113e-50
-1.20854e-51
-1.55425e-51
-1.18305e-52
-1.34565e-52
-3.14575e-54
-1.12908e-53
1.30881e-52
-1.3041e-54
2.34642e-51
-8.39768e-54
4.07484e-50
-1.53528e-52
6.79737e-49
-2.7301e-51
1.10609e-47
-4.73592e-50
1.71516e-46
-7.88428e-49
2.60002e-45
-1.28153e-47
3.71049e-44
-1.98151e-46
5.20469e-43
-2.99783e-45
6.73944e-42
-4.24554e-44
8.68133e-41
-5.87012e-43
9.97646e-40
-7.19843e-42
1.16971e-38
-7.90209e-41
1.14186e-37
-4.11882e-40
1.19349e-36
8.93971e-39
8.54464e-36
4.5808e-37
7.13598e-35
1.13393e-35
2.0514e-34
1.78702e-37
-4.15326e-36
-2.20877e-37
-2.04798e-36
-2.51956e-38
-1.35464e-37
-4.24731e-39
-7.17863e-39
-4.30241e-40
-4.00815e-40
-5.03826e-41
-2.47638e-41
-4.65606e-42
-2.05252e-42
-4.51035e-43
-1.69581e-43
-3.79333e-44
-1.49009e-44
-3.20299e-45
-1.20765e-45
-2.44079e-46
-1.06719e-46
-2.44819e-47
-6.34711e-47
-8.50505e-48
-6.61239e-48
-1.15303e-48
1.79414e-47
9.84818e-49
2.01766e-47
6.3981e-49
6.31333e-48
2.67837e-48
1.69917e-47
2.45296e-48
8.33743e-50
-8.6497e-49
-1.63166e-47
-1.25222e-48
-2.8368e-48
-2.27562e-49
-5.839e-49
-4.42901e-50
-7.32734e-50
-5.61198e-51
-9.33587e-51
-7.02479e-52
-9.48389e-52
-7.15315e-53
-9.40761e-53
-7.01187e-54
-8.1738e-54
-1.57882e-55
-7.09868e-55
8.24915e-54
-5.27689e-55
1.46846e-52
-8.97132e-54
2.52911e-51
-1.65104e-52
4.1859e-50
-2.93452e-51
6.74229e-49
-5.08727e-50
1.03576e-47
-8.46422e-49
1.54984e-46
-1.37472e-47
2.18665e-45
-2.12412e-46
3.01447e-44
-3.21028e-45
3.84769e-43
-4.5417e-44
4.83587e-42
-6.26701e-43
5.45373e-41
-7.65781e-42
6.15397e-40
-8.31635e-41
5.84988e-39
-4.0366e-40
5.69937e-38
1.04947e-38
3.89895e-37
5.08544e-37
2.71599e-36
1.23934e-35
2.20406e-34
-1.31293e-38
-4.19233e-36
1.48262e-38
-2.13536e-36
1.58112e-39
-1.35145e-37
1.97356e-40
-6.59538e-39
1.45856e-41
-2.77905e-40
9.72677e-43
-1.10118e-41
3.45179e-44
-5.17512e-43
-1.69809e-45
-2.99423e-44
-5.01033e-46
-2.19474e-45
-6.91758e-47
-1.63235e-46
-6.9883e-48
-1.30548e-47
-9.92109e-49
-4.40982e-48
-4.63886e-49
-4.64003e-49
-6.59218e-50
1.02213e-48
5.28983e-50
1.16317e-48
3.50822e-50
3.66556e-49
1.46078e-49
9.79638e-49
1.33697e-49
4.88907e-51
-4.69607e-50
-9.40254e-49
-6.82443e-50
-1.64702e-49
-1.25105e-50
-3.40551e-50
-2.44331e-51
-4.29667e-51
-3.11337e-52
-5.49005e-52
-3.90648e-53
-5.59627e-53
-4.00145e-54
-5.56e-54
-5.79096e-55
-4.83664e-55
-3.54965e-54
-3.52904e-56
-6.48398e-53
1.00806e-55
-1.15504e-51
1.96646e-54
-2.00623e-50
3.63234e-53
-3.34742e-49
6.47544e-52
-5.44868e-48
1.12678e-50
-8.4518e-47
1.88131e-49
-1.28177e-45
3.06986e-48
-1.83005e-44
4.76524e-47
-2.5686e-43
7.25728e-46
-3.32823e-42
1.03911e-44
-4.29107e-41
1.47904e-43
-4.93606e-40
1.97017e-42
-5.79504e-39
2.76321e-41
-5.66532e-38
3.85485e-40
-5.93262e-37
6.40306e-39
-4.25604e-36
1.07593e-37
-3.56287e-35
1.82824e-36
2.36997e-35
-1.99592e-37
-7.89347e-35
2.30166e-37
-3.53848e-36
2.51368e-38
-2.09295e-37
3.80469e-39
-9.36618e-39
3.5091e-40
-2.8868e-40
3.68622e-41
-3.45997e-42
3.08627e-42
5.20474e-43
2.71285e-43
6.23157e-44
2.08378e-44
5.64307e-45
1.61542e-45
4.29397e-46
1.14371e-46
3.17756e-47
8.00074e-48
1.97929e-48
5.03164e-49
1.22658e-49
3.03721e-50
6.47485e-50
4.88398e-51
6.39455e-50
2.01332e-51
2.01645e-50
7.84907e-51
5.33349e-50
7.17466e-51
2.71045e-52
-2.51332e-51
-5.11622e-50
-3.66184e-51
-9.04478e-51
-6.75233e-52
-1.87614e-51
-1.32185e-52
-2.38108e-52
-1.69065e-53
-3.04916e-53
-2.12426e-54
-3.11951e-54
-2.18929e-55
-3.10314e-55
-4.86331e-56
-2.65955e-56
-5.13553e-55
7.126e-57
-9.38068e-54
1.82718e-55
-1.66138e-52
3.45003e-54
-2.86509e-51
6.34792e-53
-4.74821e-50
1.12761e-51
-7.66128e-49
1.95348e-50
-1.17892e-47
3.24839e-49
-1.76815e-46
5.27242e-48
-2.50016e-45
8.14468e-47
-3.45785e-44
1.23143e-45
-4.42678e-43
1.7491e-44
-5.59026e-42
2.44808e-43
-6.33111e-41
3.15344e-42
-7.19839e-40
4.06825e-41
-6.88635e-39
4.67919e-40
-6.80262e-38
5.60677e-39
-4.70443e-37
5.67893e-38
-3.3977e-36
6.34889e-37
4.93682e-36
2.21183e-37
-2.80914e-36
-2.56046e-37
-1.95882e-36
-2.86948e-38
-1.14025e-37
-4.43525e-39
-4.688e-39
-4.19114e-40
-5.19418e-41
-4.50449e-41
1.09562e-41
-3.86581e-42
1.80605e-42
-3.47838e-43
1.77962e-43
-2.73792e-44
1.65308e-44
-2.17223e-45
1.34211e-45
-1.5749e-46
1.06672e-46
-1.12983e-47
7.79298e-48
-7.59902e-49
5.55584e-49
-5.01657e-50
4.03216e-50
-2.98529e-51
5.83238e-51
-9.41243e-53
1.2355e-51
3.90143e-52
2.86374e-51
3.66349e-52
1.52092e-53
-1.28211e-52
-2.73737e-51
-1.87323e-52
-4.87011e-52
-3.47763e-53
-1.0124e-52
-6.81927e-54
-1.29003e-53
-8.75701e-55
-1.65407e-54
-1.10139e-55
-1.69608e-55
-1.13084e-56
-1.68593e-56
-1.19416e-57
-1.03331e-57
-1.56127e-57
8.66435e-57
-2.59564e-56
1.71139e-55
-4.42822e-55
3.23113e-54
-7.25359e-54
5.95101e-53
-1.13636e-52
1.05813e-51
-1.69263e-51
1.83535e-50
-2.38439e-50
3.05552e-49
-3.13277e-49
4.96702e-48
-3.80452e-48
7.68391e-47
-4.08067e-47
1.16409e-45
-3.74318e-46
1.65645e-44
-2.11877e-45
2.32473e-43
4.30081e-45
3.00192e-42
5.03232e-43
3.88901e-41
8.77076e-42
4.49196e-40
1.40735e-40
5.42532e-39
1.25871e-39
5.54724e-38
1.20609e-38
6.29083e-37
4.96686e-36
2.14546e-37
-2.91723e-36
-2.6562e-37
-3.12013e-37
-3.10503e-38
2.84338e-38
-5.2676e-39
6.26865e-39
-5.38044e-40
1.06646e-39
-6.30649e-41
1.13228e-40
-5.84002e-42
1.21471e-41
-5.65212e-43
1.0826e-42
-4.75242e-44
9.65146e-44
-4.00826e-45
7.69403e-45
-3.07493e-46
6.04241e-46
-2.32382e-47
4.38706e-47
-1.63856e-48
3.11308e-48
-1.12928e-49
2.08282e-49
-7.36508e-51
1.37285e-50
-4.64074e-52
8.97335e-52
-8.38891e-54
1.96698e-52
1.67273e-53
3.71128e-54
-6.51513e-54
-1.39641e-52
-9.40683e-54
-2.50494e-53
-1.7541e-54
-5.21552e-54
-3.44215e-55
-6.67488e-55
-4.43174e-56
-8.56586e-56
-5.51405e-57
-8.80526e-57
6.51254e-58
-8.90341e-58
2.36867e-56
-3.58892e-58
4.46635e-55
-5.6167e-57
8.18826e-54
-1.08761e-55
1.45056e-52
-2.04398e-54
2.5028e-51
-3.74383e-53
4.15118e-50
-6.62108e-52
6.70583e-49
-1.14068e-50
1.03358e-47
-1.88679e-49
1.55347e-46
-3.04087e-48
2.20288e-45
-4.6661e-47
3.05744e-44
-6.98477e-46
3.9329e-43
-9.81026e-45
4.99471e-42
-1.34196e-43
5.70185e-41
-1.65035e-42
6.54043e-40
-1.87005e-41
6.33968e-39
-1.3725e-40
6.33917e-38
3.95586e-40
4.46983e-37
5.26856e-38
3.25724e-36
1.30053e-36
2.08855e-35
-4.52434e-37
1.56129e-36
2.75585e-38
-1.08766e-36
-1.52645e-38
4.83161e-37
-7.72811e-39
6.57142e-38
-1.1632e-39
9.66632e-39
-1.81671e-40
9.40805e-40
-1.99517e-41
9.69686e-41
-2.21004e-42
8.30576e-42
-2.04221e-43
7.23981e-43
-1.86281e-44
5.63244e-44
-1.51702e-45
4.35456e-45
-1.20683e-46
3.10903e-46
-8.86778e-48
2.1805e-47
-6.33744e-49
1.44003e-48
-4.26487e-50
9.29438e-50
-2.78752e-51
5.71914e-51
-1.72677e-52
3.50205e-52
-9.61956e-54
1.97985e-53
-9.19453e-55
-5.8903e-54
-4.87918e-55
-1.20134e-54
-8.69221e-56
-2.59558e-55
-1.67953e-56
-3.35617e-56
-2.1399e-57
-4.32042e-57
1.65126e-58
-4.50341e-58
8.70575e-57
-1.53926e-58
1.70521e-55
-2.25327e-57
3.22857e-54
-4.48843e-56
5.96306e-53
-8.74153e-55
1.06377e-51
-1.65032e-53
1.8509e-50
-3.03936e-52
3.0934e-49
-5.40361e-51
5.04605e-48
-9.37106e-50
7.84308e-47
-1.55972e-48
1.19273e-45
-2.53449e-47
1.70719e-44
-3.91843e-46
2.40486e-43
-5.92912e-45
3.12597e-42
-8.41074e-44
4.05048e-41
-1.16993e-42
4.67865e-40
-1.46771e-41
5.533e-39
-1.74278e-40
5.43977e-38
-1.45885e-39
5.76288e-37
-2.2418e-39
4.16828e-36
3.81937e-37
3.56764e-35
1.11217e-35
2.15655e-34
-5.58807e-36
-7.6399e-35
-4.00065e-36
1.16658e-36
-5.49414e-37
5.73383e-37
-1.02733e-37
6.5245e-38
-1.16903e-38
8.87711e-39
-1.48736e-39
8.43021e-40
-1.47168e-40
8.61045e-41
-1.50257e-41
7.33623e-42
-1.31907e-42
6.38089e-43
-1.1546e-43
4.95227e-44
-9.13487e-45
3.82371e-45
-7.0981e-46
2.72554e-46
-5.12536e-47
1.90954e-47
-3.61117e-48
1.25951e-48
-2.404e-49
8.12135e-50
-1.55773e-50
4.99047e-51
-9.63828e-52
2.99475e-52
-5.79808e-53
1.72251e-53
-3.37375e-54
6.29786e-55
-2.10702e-55
-8.69573e-57
-1.43423e-56
-9.9571e-57
-1.34034e-57
-1.49693e-57
-1.66622e-58
-2.0328e-58
-7.54197e-58
-2.27777e-59
-1.47709e-56
-3.25099e-59
-2.87674e-55
-6.24505e-58
-5.43346e-54
-1.24786e-56
-1.00064e-52
-2.43504e-55
-1.78001e-51
-4.60584e-54
-3.08626e-50
-8.50155e-53
-5.14067e-49
-1.51472e-51
-8.3491e-48
-2.63384e-50
-1.29242e-46
-4.39466e-49
-1.95451e-45
-7.16492e-48
-2.78352e-44
-1.11135e-46
-3.8923e-43
-1.69087e-45
-5.02732e-42
-2.41949e-44
-6.44818e-41
-3.44237e-43
-7.38654e-40
-4.59481e-42
-8.60519e-39
-6.4863e-41
-8.36447e-38
-9.21594e-40
-8.64678e-37
-1.57035e-38
-6.14907e-36
-2.72367e-37
-5.00966e-35
-4.73318e-36
-6.32904e-35
-1.74274e-34
1.71384e-34
-7.80277e-36
7.27168e-36
-5.38783e-36
-6.12021e-38
-9.71533e-37
-4.1541e-38
-1.00062e-37
-8.0412e-39
-1.24144e-38
-8.22132e-40
-1.17094e-39
-8.61624e-41
-1.17371e-40
-7.38799e-42
-1.002e-41
-6.43446e-43
-8.64986e-43
-4.99327e-44
-6.71883e-44
-3.85338e-45
-5.16459e-45
-2.7453e-46
-3.68055e-46
-1.92242e-47
-2.57072e-47
-1.26746e-48
-1.69442e-48
-8.16932e-50
-1.09006e-49
-5.01809e-51
-6.69203e-51
-3.00674e-52
-4.00395e-52
-1.73085e-53
-2.30324e-53
-9.87296e-55
-1.29198e-54
-5.55551e-56
-7.01174e-56
-3.38665e-57
-3.73341e-57
-2.20479e-58
-2.75042e-58
-1.67272e-59
-1.67715e-57
6.93669e-60
-3.33125e-56
1.7454e-58
-6.49601e-55
3.5846e-57
-1.22837e-53
7.15318e-56
-2.26531e-52
1.39326e-54
-4.03509e-51
2.63055e-53
-7.00765e-50
4.84504e-52
-1.16905e-48
8.61458e-51
-1.90247e-47
1.4941e-49
-2.95037e-46
2.48694e-48
-4.47304e-45
4.04141e-47
-6.38433e-44
6.24744e-46
-8.95688e-43
9.44737e-45
-1.16003e-41
1.33664e-43
-1.49468e-40
1.8426e-42
-1.71816e-39
2.23746e-41
-2.01529e-38
2.37024e-40
-1.96817e-37
8.87687e-40
-2.05836e-36
-4.04826e-38
-1.47459e-35
-1.75593e-36
-1.23248e-34
-4.21842e-35
-7.47499e-34
-5.8578e-36
9.23176e-35
-3.68841e-36
7.59369e-36
-5.13969e-37
-8.37058e-38
-9.72932e-38
-4.69531e-38
-1.1178e-38
-8.96941e-39
-1.43296e-39
-9.20359e-40
-1.42547e-40
-9.66296e-41
-1.46158e-41
-8.31616e-42
-1.28723e-42
-7.258e-43
-1.12972e-43
-5.64757e-44
-8.95705e-45
-4.36576e-45
-6.97247e-46
-3.11654e-46
-5.04224e-47
-2.18541e-47
-3.55725e-48
-1.44307e-48
-2.37077e-49
-9.31189e-50
-1.53772e-50
-5.72697e-51
-9.52314e-52
-3.43501e-52
-5.73713e-53
-1.9793e-53
-3.32381e-54
-1.11249e-54
-1.87449e-55
-6.04534e-56
-1.02208e-56
-3.219e-57
-5.42443e-58
-1.67298e-58
-9.90311e-61
-8.4727e-60
5.56112e-58
3.47703e-60
1.11412e-56
8.24229e-59
2.17277e-55
1.69238e-57
4.10898e-54
3.37776e-56
7.5786e-53
6.58019e-55
1.35013e-51
1.24258e-53
2.3452e-50
2.28907e-52
3.91319e-49
4.0707e-51
6.37002e-48
7.06154e-50
9.8817e-47
1.17559e-48
1.49877e-45
1.91073e-47
2.14012e-44
2.9537e-46
3.00422e-43
4.46481e-45
3.89332e-42
6.30305e-44
5.02066e-41
8.62185e-43
5.7767e-40
1.01625e-41
6.78388e-39
9.54063e-41
6.63437e-38
-1.68695e-40
6.94964e-37
-3.71576e-38
4.98782e-36
-1.29887e-36
4.17581e-35
-2.99142e-35
-5.17449e-34
-7.39746e-37
9.25177e-36
3.60583e-37
4.73926e-36
2.31203e-38
2.44365e-37
-1.80475e-39
6.62328e-39
-6.01218e-40
-5.76934e-40
-1.21795e-40
-9.79142e-41
-1.48434e-41
-1.17862e-41
-1.75582e-42
-1.07917e-42
-1.68837e-43
-9.69066e-44
-1.58578e-44
-7.7349e-45
-1.31867e-45
-6.0738e-46
-1.06652e-46
-4.408e-47
-7.93814e-48
-3.12661e-48
-5.7337e-49
-2.08951e-49
-3.89238e-50
-1.36039e-50
-2.56322e-51
-8.4436e-52
-1.60671e-52
-5.10067e-53
-9.77589e-54
-2.96033e-54
-5.70868e-55
-1.67286e-55
-3.23959e-56
-9.13342e-57
-1.77439e-57
-4.86495e-58
-9.07692e-59
-2.51926e-59
7.61458e-59
-1.65072e-60
1.66488e-57
-8.10071e-60
3.32747e-56
-1.6891e-58
6.48935e-55
-3.46752e-57
1.22723e-53
-6.92144e-56
2.26352e-52
-1.34856e-54
4.03246e-51
-2.54698e-53
7.0044e-50
-4.69295e-52
1.16873e-48
-8.34736e-51
1.90245e-47
-1.44845e-49
2.95112e-46
-2.41211e-48
4.47579e-45
-3.92248e-47
6.39062e-44
-6.06877e-46
8.97024e-43
-9.19423e-45
1.16237e-41
-1.30686e-43
1.49877e-40
-1.82745e-42
1.72416e-39
-2.32741e-41
2.02449e-38
-2.8938e-40
1.97934e-37
-2.903e-39
2.07326e-36
-2.26599e-38
1.48757e-35
1.03537e-37
1.24605e-34
7.02231e-36
1.70549e-34
-5.99494e-38
9.34714e-35
5.34879e-38
4.4271e-36
6.02047e-39
2.74514e-37
4.31202e-40
1.29449e-38
2.95581e-42
4.65242e-40
-5.57114e-42
1.02324e-41
-9.37041e-43
-4.37015e-43
-1.29859e-43
-8.43212e-44
-1.3623e-44
-9.48623e-45
-1.35603e-45
-8.43093e-46
-1.17628e-46
-7.12453e-47
-9.81191e-48
-5.44833e-48
-7.48988e-49
-4.02957e-49
-5.51582e-50
-2.78292e-50
-3.80783e-51
-1.86178e-51
-2.54115e-52
-1.18148e-52
-1.6119e-53
-7.27118e-54
-9.90249e-55
-4.28589e-55
-5.8333e-56
-2.45344e-56
-3.33421e-57
-1.35387e-57
-1.83895e-58
-7.26889e-59
-1.12158e-59
-3.78677e-60
-2.91743e-59
-3.2501e-61
-5.88944e-58
-2.88102e-60
-1.17681e-56
-6.03472e-59
-2.29501e-55
-1.23885e-57
-4.34017e-54
-2.4728e-56
-8.00509e-53
-4.81789e-55
-1.42614e-51
-9.09927e-54
-2.47732e-50
-1.67658e-52
-4.13386e-49
-2.9821e-51
-6.72972e-48
-5.17458e-50
-1.04406e-46
-8.61735e-49
-1.58373e-45
-1.40139e-47
-2.26177e-44
-2.16866e-46
-3.1756e-43
-3.28803e-45
-4.1164e-42
-4.68648e-44
-5.30992e-41
-6.613e-43
-6.11191e-40
-8.68179e-42
-7.18087e-39
-1.17771e-40
-7.02705e-38
-1.53859e-39
-7.36585e-37
-2.33266e-38
-5.29146e-36
-3.55568e-37
-4.43291e-35
-5.7498e-36
-7.25628e-35
-2.02476e-37
9.50002e-36
2.32133e-37
3.01364e-36
2.45516e-38
2.06559e-37
3.64696e-39
1.10237e-38
3.27585e-40
5.80385e-40
3.36365e-41
3.10478e-41
2.7391e-42
2.07604e-42
2.3453e-43
1.43404e-43
1.74845e-44
1.08059e-44
1.31643e-45
7.62491e-46
9.02436e-47
5.39512e-47
6.12818e-48
3.57296e-48
3.8838e-49
2.32873e-49
2.41569e-50
1.43955e-50
1.42318e-51
8.70971e-52
8.19257e-53
5.04734e-53
4.50887e-54
2.85704e-54
2.41983e-55
1.55931e-55
1.24924e-56
8.30839e-57
6.28371e-58
4.28803e-58
3.035e-59
2.161e-59
-2.40988e-60
1.07583e-60
-8.10362e-59
4.38812e-61
-1.66681e-57
8.37328e-60
-3.33156e-56
1.75918e-58
-6.49888e-55
3.61134e-57
-1.22932e-53
7.20824e-56
-2.26797e-52
1.40437e-54
-4.0414e-51
2.65223e-53
-7.02203e-50
4.88651e-52
-1.172e-48
8.69091e-51
-1.90843e-47
1.50789e-49
-2.9613e-46
2.51076e-48
-4.4931e-45
4.08195e-47
-6.41751e-44
6.31258e-46
-9.01271e-43
9.55116e-45
-1.16831e-41
1.35193e-43
-1.50749e-40
1.8649e-42
-1.73494e-39
2.26517e-41
-2.03923e-38
2.39931e-40
-1.99478e-37
8.85635e-40
-2.09322e-36
-4.16195e-38
-1.50312e-35
-1.80167e-36
-1.26459e-34
-4.33856e-35
-7.72324e-34
5.8295e-37
1.07686e-35
-6.7577e-37
7.15317e-36
-7.65108e-38
4.43869e-37
-1.17547e-38
2.13617e-38
-1.10855e-39
8.93305e-40
-1.1819e-40
3.70055e-41
-1.00821e-41
2.07847e-42
-8.99594e-43
1.5056e-43
-7.0291e-44
1.32522e-44
-5.53078e-45
1.09746e-45
-3.9791e-46
9.01511e-47
-2.83144e-47
6.79316e-48
-1.88687e-48
4.97436e-49
-1.23328e-49
3.40977e-50
-7.65861e-51
2.26749e-51
-4.64745e-52
1.43185e-52
-2.70422e-53
8.77562e-54
-1.53552e-54
5.15442e-55
-8.41221e-56
2.9415e-56
-4.4965e-57
1.61869e-57
-2.32773e-58
8.66572e-59
-9.13146e-60
4.49813e-60
5.50346e-59
3.39431e-61
1.14299e-57
2.4353e-60
2.28469e-56
5.09096e-59
4.45685e-55
1.04429e-57
8.4306e-54
2.08283e-56
1.55535e-52
4.05451e-55
2.7715e-51
7.65084e-54
4.81536e-50
1.40826e-52
8.03645e-49
2.50237e-51
1.30851e-47
4.3369e-50
2.03016e-46
7.21377e-49
3.07985e-45
1.17123e-47
4.39807e-44
1.80885e-46
6.17513e-43
2.73091e-45
8.00221e-42
3.85216e-44
1.03216e-40
5.26533e-43
1.18727e-39
6.22084e-42
1.39478e-38
5.91895e-41
1.36328e-37
-5.77325e-41
1.42973e-36
-2.10755e-38
1.02561e-35
-7.44201e-37
8.63027e-35
-1.70625e-35
-2.9188e-34
7.249e-37
2.80307e-34
-8.57112e-37
1.23785e-35
-9.57002e-38
7.77453e-37
-1.51169e-38
3.98871e-38
-1.45257e-39
2.14289e-39
-1.60095e-40
1.32693e-40
-1.40478e-41
1.12956e-41
-1.29527e-42
9.6711e-43
-1.04289e-43
8.72271e-44
-8.46594e-45
7.11022e-45
-6.27281e-46
5.70747e-46
-4.59687e-47
4.22177e-47
-3.15093e-48
3.04403e-48
-2.11732e-49
2.06267e-49
-1.35046e-50
1.35909e-50
-8.41144e-52
8.52313e-52
-5.01958e-53
5.19572e-53
-2.92116e-54
3.03968e-54
-1.63899e-55
1.72965e-55
-8.96649e-57
9.49942e-57
-4.74889e-58
5.07942e-58
-2.16198e-59
2.63099e-59
6.03738e-59
1.07664e-60
1.26535e-57
-5.38398e-60
2.52779e-56
-1.14466e-58
4.92771e-55
-2.34875e-57
9.31512e-54
-4.68607e-56
1.71722e-52
-9.12504e-55
3.05771e-51
-1.72255e-53
5.30799e-50
-3.17186e-52
8.85147e-49
-5.63875e-51
1.43973e-47
-9.77723e-50
2.23171e-46
-1.62725e-48
3.38136e-45
-2.64381e-47
4.82361e-44
-4.08756e-46
6.76179e-43
-6.18436e-45
8.75182e-42
-8.77552e-44
1.12641e-40
-1.22133e-42
1.29382e-39
-1.53618e-41
1.51504e-38
-1.83731e-40
1.47812e-37
-1.58774e-39
1.54131e-36
-4.20784e-39
1.10237e-35
3.54335e-37
9.15013e-35
1.08018e-35
2.15358e-34
-1.43484e-36
4.35456e-36
1.09124e-36
4.89266e-36
1.03636e-37
9.04702e-37
9.77525e-39
9.01916e-38
4.27073e-40
1.1425e-38
-2.11157e-41
1.0717e-39
-6.95033e-42
1.09193e-40
-1.12042e-42
9.3374e-42
-1.24267e-43
8.1478e-43
-1.27684e-44
6.34805e-44
-1.12536e-45
4.91547e-45
-9.49971e-47
3.51411e-46
-7.29799e-48
2.4676e-47
-5.40516e-49
1.63132e-48
-3.74312e-50
1.0538e-49
-2.50591e-51
6.48712e-51
-1.59244e-52
3.8943e-52
-9.8029e-54
2.24565e-53
-5.78194e-55
1.26227e-54
-3.3097e-56
6.85295e-56
-1.82663e-57
3.62785e-57
-9.90181e-59
1.86222e-58
-2.64982e-59
9.16904e-60
-4.40687e-58
-2.96477e-60
-8.81304e-57
-7.1547e-59
-1.72129e-55
-1.46244e-57
-3.26007e-54
-2.90713e-56
-6.02303e-53
-5.63579e-55
-1.0748e-51
-1.05994e-53
-1.87059e-50
-1.94219e-52
-3.12718e-49
-3.43979e-51
-5.10232e-48
-5.93151e-50
-7.93241e-47
-9.83522e-49
-1.20654e-45
-1.58775e-47
-1.72724e-44
-2.44619e-46
-2.43349e-43
-3.67391e-45
-3.16331e-42
-5.20389e-44
-4.09966e-41
-7.20838e-43
-4.73454e-40
-9.2078e-42
-5.60203e-39
-1.15062e-40
-5.50498e-38
-1.24216e-39
-5.84554e-37
-1.24734e-38
-4.22872e-36
-7.39033e-38
-3.65751e-35
-1.65918e-38
1.15509e-35
-8.2293e-36
-9.34024e-35
-2.50447e-36
-5.43256e-36
-3.9345e-37
2.62952e-37
-8.15687e-38
5.76555e-38
-9.99761e-39
9.72727e-39
-1.34452e-39
9.68829e-40
-1.38147e-40
1.00505e-40
-1.45202e-41
8.58901e-42
-1.3025e-42
7.46754e-43
-1.16013e-43
5.78945e-44
-9.30638e-45
4.46436e-45
-7.31551e-46
3.17871e-46
-5.33327e-47
2.22471e-47
-3.78875e-48
1.4661e-48
-2.54005e-49
9.44572e-50
-1.65607e-50
5.80005e-51
-1.03025e-51
3.4743e-52
-6.23163e-53
1.99931e-53
-3.62314e-54
1.12176e-54
-2.0494e-55
6.07958e-56
-1.12003e-56
3.21346e-57
-5.96528e-58
1.64712e-58
-3.98418e-59
8.215e-60
-1.86245e-58
-1.18065e-61
-3.65816e-57
-1.0704e-59
-7.0609e-56
-2.15739e-58
-1.3229e-54
-4.23199e-57
-2.41239e-53
-8.06392e-56
-4.25573e-52
-1.49609e-54
-7.29823e-51
-2.68821e-53
-1.20527e-49
-4.69621e-52
-1.93311e-48
-7.91488e-51
-2.9664e-47
-1.29502e-49
-4.41993e-46
-2.03369e-48
-6.24001e-45
-3.09704e-47
-8.56652e-44
-4.49856e-46
-1.09728e-42
-6.35414e-45
-1.37368e-41
-8.579e-44
-1.56243e-40
-1.1697e-42
-1.75768e-39
-1.65507e-41
-1.70119e-38
-2.77155e-40
-1.65766e-37
-5.36526e-39
-1.18165e-36
-1.10335e-37
-8.3615e-36
-2.00417e-36
-2.81027e-35
-2.01507e-34
-1.00945e-34
-7.54975e-36
-7.18876e-36
-6.031e-36
-9.78251e-37
-1.09183e-36
-8.75163e-38
-1.1267e-37
-1.03482e-38
-1.40201e-38
-9.46934e-40
-1.32471e-39
-9.56796e-41
-1.33027e-40
-8.14564e-42
-1.13709e-41
-7.10036e-43
-9.82781e-43
-5.5234e-44
-7.64084e-44
-4.27496e-45
-5.87832e-45
-3.05325e-46
-4.19212e-46
-2.14311e-47
-2.9299e-47
-1.41578e-48
-1.93221e-48
-9.1421e-50
-1.24366e-49
-5.62459e-51
-7.63829e-51
-3.37529e-52
-4.57196e-52
-1.94544e-53
-2.63083e-53
-1.09315e-54
-1.47514e-54
-5.93237e-56
-7.99307e-56
-3.13952e-57
-4.22452e-57
-1.61097e-58
-2.59449e-58
-7.92586e-60
-8.90294e-58
2.64691e-60
-1.74757e-56
6.36497e-59
-3.3842e-55
1.30194e-57
-6.36381e-54
2.58992e-56
-1.1648e-52
5.02488e-55
-2.06353e-51
9.45776e-54
-3.55393e-50
1.7346e-52
-5.89836e-49
3.07478e-51
-9.5079e-48
5.3077e-50
-1.46774e-46
8.80924e-49
-2.20031e-45
1.42378e-47
-3.12941e-44
2.19517e-46
-4.32958e-43
3.29735e-45
-5.59843e-42
4.65202e-44
-7.08304e-41
6.34208e-43
-8.15949e-40
7.6116e-42
-9.33143e-39
7.62046e-41
-9.20991e-38
1.38861e-40
-9.28628e-37
-1.90657e-38
-6.9223e-36
-7.30679e-37
-5.47287e-35
-1.71844e-35
-2.99552e-34
-6.22378e-36
-5.75605e-36
-4.82578e-36
-3.2638e-36
-6.55111e-37
-8.19239e-37
-1.21572e-37
-8.70479e-38
-1.37488e-38
-1.14201e-38
-1.7418e-39
-1.08061e-39
-1.71797e-40
-1.10346e-40
-1.75001e-41
-9.43483e-42
-1.53354e-42
-8.22642e-43
-1.34048e-43
-6.40442e-44
-1.05934e-44
-4.95542e-45
-8.22395e-46
-3.54048e-46
-5.93373e-47
-2.48472e-47
-4.17804e-48
-1.64185e-48
-2.77983e-49
-1.06014e-49
-1.80041e-50
-6.52371e-51
-1.11356e-51
-3.91492e-52
-6.70093e-53
-2.25686e-53
-3.8782e-54
-1.26821e-54
-2.18467e-55
-6.88349e-56
-1.18954e-56
-3.64318e-57
-6.3103e-58
-1.8697e-58
-3.37101e-59
-9.22556e-60
-2.61529e-59
2.51527e-60
-4.72352e-58
6.21875e-59
-8.80288e-57
1.27147e-57
-1.59968e-55
2.52824e-56
-2.79973e-54
4.9026e-55
-4.7776e-53
9.22369e-54
-7.79514e-52
1.69067e-52
-1.24181e-50
2.99565e-51
-1.87031e-49
5.16767e-50
-2.76186e-48
8.57328e-49
-3.78457e-47
1.38457e-47
-5.13643e-46
2.13387e-46
-6.256e-45
3.20219e-45
-7.72842e-44
4.51572e-44
-8.01126e-43
6.14648e-43
-8.93648e-42
7.36346e-42
-7.12901e-41
7.30994e-41
-7.30726e-40
1.10959e-40
-3.20159e-39
-1.91963e-38
-4.10953e-38
-7.25964e-37
6.67766e-39
-1.70302e-35
-2.9635e-34
1.88757e-38
-2.57498e-36
-5.91327e-37
-3.64932e-37
-8.67571e-38
-9.38048e-38
-1.94032e-38
-1.10364e-38
-2.31581e-39
-1.48753e-39
-3.12075e-40
-1.47451e-40
-3.16357e-41
-1.5315e-41
-3.30876e-42
-1.34367e-42
-2.94114e-43
-1.18571e-43
-2.60368e-44
-9.38313e-45
-2.07297e-45
-7.32574e-46
-1.61918e-46
-5.29329e-47
-1.17236e-47
-3.74085e-48
-8.27551e-49
-2.49225e-49
-5.51179e-50
-1.61822e-50
-3.57087e-51
-1.00202e-51
-2.20729e-52
-6.04039e-53
-1.32672e-53
-3.4992e-54
-7.66517e-55
-1.97369e-55
-4.30861e-56
-1.07547e-56
-2.33995e-57
-5.70994e-58
-1.22278e-58
-2.9401e-59
2.48965e-59
-1.51776e-60
6.41802e-58
-9.69922e-61
1.28335e-56
-1.89239e-59
2.50326e-55
-3.89627e-58
4.73455e-54
-7.79911e-57
8.73364e-53
-1.5246e-55
1.55599e-51
-2.88775e-54
2.70303e-50
-5.34005e-53
4.51013e-49
-9.52632e-52
7.34191e-48
-1.65966e-50
1.13876e-46
-2.77219e-49
1.72705e-45
-4.52892e-48
2.46526e-44
-7.03027e-47
3.45989e-43
-1.07185e-45
4.48112e-42
-1.53351e-44
5.77617e-41
-2.18325e-43
6.63909e-40
-2.89634e-42
7.79067e-39
-4.03678e-41
7.60599e-38
-5.52863e-40
7.95793e-37
-8.98965e-39
5.69673e-36
-1.47267e-37
4.76291e-35
-2.47264e-36
-3.17193e-35
2.17938e-38
-3.94725e-37
-4.62203e-38
-5.39364e-38
-7.49233e-39
-1.48564e-38
-1.7803e-39
-1.77945e-39
-2.24001e-40
-2.5077e-40
-3.09438e-41
-2.54053e-41
-3.22646e-42
-2.70171e-42
-3.42246e-43
-2.40274e-43
-3.09383e-44
-2.14596e-44
-2.76438e-45
-1.71106e-45
-2.22512e-46
-1.34402e-46
-1.74947e-47
-9.74889e-48
-1.27625e-48
-6.90862e-49
-9.05237e-50
-4.60974e-50
-6.06147e-51
-2.99522e-51
-3.94116e-52
-1.85463e-52
-2.44563e-53
-1.11731e-53
-1.47395e-54
-6.46536e-55
-8.53986e-56
-3.64099e-56
-4.80995e-57
-1.98022e-57
-2.61753e-58
-1.04898e-58
-1.36402e-59
-5.39012e-60
3.99649e-60
-3.29787e-61
9.62933e-59
-1.30683e-60
1.91651e-57
-2.7178e-59
3.71876e-56
-5.57682e-58
6.99742e-55
-1.11266e-56
1.28293e-53
-2.16676e-55
2.27225e-52
-4.09004e-54
3.91866e-51
-7.53143e-53
6.49377e-50
-1.33874e-51
1.0477e-48
-2.32123e-50
1.61185e-47
-3.86251e-49
2.41697e-46
-6.27515e-48
3.41613e-45
-9.70006e-47
4.72277e-44
-1.4682e-45
6.04156e-43
-2.08673e-44
7.62401e-42
-2.92453e-43
8.62321e-41
-3.76948e-42
9.79286e-40
-4.87216e-41
9.34822e-39
-5.60901e-40
9.21875e-38
-6.74479e-39
6.355e-37
-6.85069e-38
4.5836e-36
-7.7136e-37
-6.03291e-36
3.91096e-39
-2.6924e-38
-4.9396e-39
-4.10353e-39
-8.0373e-40
-1.23268e-39
-2.00222e-40
-1.57714e-40
-2.5541e-41
-2.31487e-41
-3.59911e-42
-2.43774e-42
-3.79155e-43
-2.65439e-43
-4.063e-44
-2.41731e-44
-3.69608e-45
-2.19185e-45
-3.31973e-46
-1.77488e-46
-2.68114e-47
-1.40869e-47
-2.11291e-48
-1.0327e-48
-1.54344e-49
-7.37308e-50
-1.0953e-50
-4.95692e-51
-7.33348e-52
-3.23856e-52
-4.76473e-53
-2.01632e-53
-2.9534e-54
-1.21971e-54
-1.77714e-55
-7.08637e-56
-1.02772e-56
-4.00294e-57
-5.77554e-58
-2.1835e-58
-3.13525e-59
-1.15927e-59
-1.61415e-60
-5.97154e-61
7.98947e-61
-4.10278e-62
1.81141e-59
-2.40115e-61
3.61106e-58
-4.99908e-60
7.01613e-57
-1.02226e-58
1.32131e-55
-2.03239e-57
2.42324e-54
-3.9409e-56
4.29029e-53
-7.40699e-55
7.39063e-52
-1.35662e-53
1.22218e-50
-2.39865e-52
1.96576e-49
-4.13063e-51
3.0104e-48
-6.82767e-50
4.48707e-47
-1.09939e-48
6.28836e-46
-1.68501e-47
8.60264e-45
-2.52001e-46
1.08406e-43
-3.54164e-45
1.34361e-42
-4.88e-44
1.47913e-41
-6.18962e-43
1.62892e-40
-7.7861e-42
1.47902e-39
-8.70628e-41
1.38981e-38
-9.91334e-40
8.77426e-38
-9.38308e-39
6.07647e-37
-9.45324e-38
-6.44296e-37
9.99352e-40
6.12514e-38
-1.12272e-39
7.95614e-39
-1.71719e-40
1.20181e-39
-3.6279e-41
1.1145e-40
-4.32121e-42
1.13861e-41
-5.62136e-43
9.36917e-43
-5.65744e-44
7.96933e-44
-5.78409e-45
5.92985e-45
-5.09807e-46
4.39315e-46
-4.43745e-47
2.96374e-47
-3.50125e-48
1.95622e-48
-2.69694e-49
1.20193e-49
-1.93465e-50
7.1605e-51
-1.34895e-51
4.01712e-52
-8.90003e-53
2.17132e-53
-5.70096e-54
1.10971e-54
-3.49054e-55
5.4214e-56
-2.07555e-56
2.49297e-57
-1.18769e-57
1.07768e-58
-6.60672e-59
4.27691e-60
-3.55353e-60
1.5063e-61
-1.85908e-61
3.76488e-63
-6.85649e-63
-9.97907e-63
5.33609e-62
-2.15485e-61
1.08402e-60
-4.51123e-60
2.12259e-59
-9.22091e-59
4.018e-58
-1.83256e-57
7.38283e-57
-3.55236e-56
1.30529e-55
-6.67553e-55
2.23604e-54
-1.22255e-53
3.66066e-53
-2.16178e-52
5.79607e-52
-3.72349e-51
8.67958e-51
-6.15742e-50
1.25492e-49
-9.92066e-49
1.68721e-48
-1.522e-47
2.18722e-47
-2.27892e-46
2.55774e-46
-3.20849e-45
2.88133e-45
-4.43017e-44
2.7484e-44
-5.63677e-43
2.51791e-43
-7.11662e-42
1.63847e-42
-8.00514e-41
9.87627e-42
-9.17782e-40
8.97504e-42
-8.7933e-39
-9.53678e-41
-8.96014e-38
-6.23399e-37
8.15561e-39
7.76748e-37
-9.24547e-39
9.11873e-38
-1.25362e-39
1.25967e-38
-2.21823e-40
1.09068e-39
-2.32585e-41
1.10666e-40
-2.66679e-42
9.10415e-42
-2.41656e-43
8.04551e-43
-2.24241e-44
6.20565e-44
-1.8137e-45
4.86565e-45
-1.45885e-46
3.47169e-46
-1.07076e-47
2.45948e-47
-7.71442e-49
1.62679e-48
-5.19946e-50
1.05745e-49
-3.42067e-51
6.5191e-51
-2.13661e-52
3.93167e-52
-1.30001e-53
2.27132e-53
-7.58053e-55
1.28132e-54
-4.30436e-56
6.96967e-56
-2.35707e-57
3.70051e-57
-1.25748e-58
1.90317e-58
-6.50011e-60
9.55656e-60
-3.68421e-61
4.63957e-61
-8.77165e-61
-3.11777e-62
-1.76572e-59
-1.15087e-60
-3.51961e-58
-2.42107e-59
-6.84013e-57
-4.97119e-58
-1.28855e-55
-9.92508e-57
-2.36409e-54
-1.93442e-55
-4.18743e-53
-3.6548e-54
-7.21768e-52
-6.73763e-53
-1.19435e-50
-1.19909e-51
-1.92262e-49
-2.08224e-50
-2.94704e-48
-3.47036e-49
-4.3979e-47
-5.64955e-48
-6.17137e-46
-8.75153e-47
-8.45707e-45
-1.32831e-45
-1.06769e-43
-1.89332e-44
-1.32664e-42
-2.6639e-43
-1.46446e-41
-3.44772e-42
-1.61885e-40
-4.48373e-41
-1.47607e-39
-5.19892e-40
-1.39486e-38
-6.32432e-39
-8.8613e-38
-6.52098e-38
-6.18038e-37
-7.48733e-37
-5.98842e-36
6.07333e-38
4.51259e-36
-7.17023e-38
5.51571e-37
-9.47368e-39
4.6097e-38
-1.50646e-39
2.86173e-39
-1.50505e-40
1.92158e-40
-1.63145e-41
1.25563e-41
-1.43069e-42
9.74517e-43
-1.28779e-43
7.13725e-44
-1.02063e-44
5.4856e-45
-8.06553e-46
3.8778e-46
-5.8442e-47
2.73655e-47
-4.16483e-48
1.8039e-48
-2.78375e-49
1.17032e-49
-1.81878e-50
7.19891e-51
-1.12992e-51
4.33534e-52
-6.84506e-53
2.50035e-53
-3.97794e-54
1.40886e-54
-2.25286e-55
7.65356e-56
-1.23127e-56
4.05973e-57
-6.5599e-58
2.08578e-58
-3.38789e-59
1.04655e-59
-1.90054e-60
5.12205e-61
-4.1577e-60
6.5983e-62
-8.32882e-59
8.96317e-61
-1.65594e-57
1.8742e-59
-3.21153e-56
3.83096e-58
-6.0411e-55
7.61386e-57
-1.10743e-53
1.47597e-55
-1.96164e-52
2.77371e-54
-3.38412e-51
5.07994e-53
-5.61192e-50
8.98293e-52
-9.06324e-49
1.5473e-50
-1.39652e-47
2.55881e-49
-2.09814e-46
4.12269e-48
-2.97387e-45
6.32391e-47
-4.12509e-44
9.46205e-46
-5.30251e-43
1.32832e-44
-6.72814e-42
1.81615e-43
-7.67234e-41
2.23345e-42
-8.7893e-40
2.5348e-41
-8.5054e-39
1.88253e-40
-8.4902e-38
-4.45248e-40
-5.97319e-37
-6.88247e-38
-4.34653e-36
-1.70919e-36
-2.75062e-35
6.48913e-37
4.67992e-36
-7.50781e-37
5.15708e-36
-8.4336e-38
3.03484e-37
-1.2882e-38
1.34049e-38
-1.20606e-39
3.84734e-40
-1.27658e-40
1.94995e-42
-1.0803e-41
-1.00762e-42
-9.56251e-43
-1.06959e-43
-7.40931e-44
-9.19029e-45
-5.78185e-45
-6.72736e-46
-4.12441e-46
-4.80485e-47
-2.91037e-47
-3.18634e-48
-1.92303e-48
-2.07365e-49
-1.24647e-49
-1.27928e-50
-7.67557e-51
-7.72008e-52
-4.61943e-52
-4.46231e-53
-2.66572e-53
-2.51869e-54
-1.50139e-54
-1.37074e-55
-8.15865e-56
-7.28163e-57
-4.32628e-57
-3.74678e-58
-2.22363e-58
-1.88229e-59
-1.24822e-59
-9.04542e-61
-2.85668e-59
2.76045e-61
-5.76384e-58
6.89381e-60
-1.15287e-56
1.44875e-58
-2.25095e-55
2.97308e-57
-4.26173e-54
5.93232e-56
-7.87117e-53
1.15534e-54
-1.40414e-51
2.18113e-53
-2.4431e-50
4.01679e-52
-4.08307e-49
7.14111e-51
-6.6603e-48
1.23836e-49
-1.03519e-46
2.06102e-48
-1.57422e-45
3.34886e-47
-2.25318e-44
5.1771e-46
-3.17388e-43
7.83288e-45
-4.12546e-42
1.11102e-43
-5.34533e-41
1.54521e-42
-6.17409e-40
1.93826e-41
-7.30105e-39
2.30116e-40
-7.17767e-38
1.92618e-39
-7.60325e-37
2.96562e-39
-5.49903e-36
-5.03852e-37
-4.70573e-35
-1.46712e-35
-2.84431e-34
2.79412e-37
2.18479e-34
-3.22097e-37
7.132e-36
-3.52343e-38
4.11695e-37
-5.3537e-39
1.78114e-38
-4.95452e-40
4.71655e-40
-5.22618e-41
-1.57471e-42
-4.39333e-42
-1.73562e-42
-3.87806e-43
-1.73007e-43
-2.99154e-44
-1.46339e-44
-2.32901e-45
-1.06557e-45
-1.65602e-46
-7.59549e-47
-1.16625e-47
-5.03013e-48
-7.68686e-49
-3.27098e-49
-4.97391e-50
-2.01624e-50
-3.05675e-51
-1.216e-51
-1.8369e-52
-7.02395e-53
-1.05825e-53
-3.96251e-54
-5.95236e-55
-2.1553e-55
-3.22994e-56
-1.14441e-56
-1.71068e-57
-5.88581e-58
-8.76884e-59
-2.95576e-59
-2.14972e-60
-1.43812e-60
4.70596e-59
2.89083e-62
9.70277e-58
2.10495e-60
1.9368e-56
4.43357e-59
3.77235e-55
9.10903e-58
7.12495e-54
1.81967e-56
1.31212e-52
3.54863e-55
2.33405e-51
6.70813e-54
4.04677e-50
1.23732e-52
6.74037e-49
2.20305e-51
1.09468e-47
3.82759e-50
1.69447e-46
6.38166e-49
2.56241e-45
1.03942e-47
3.64907e-44
1.61082e-46
5.10227e-43
2.4476e-45
6.58967e-42
3.49766e-44
8.45126e-41
4.96326e-43
9.68017e-40
6.59445e-42
1.12756e-38
9.21043e-41
1.09587e-37
1.28202e-39
1.13262e-36
2.12652e-38
8.05302e-36
3.58984e-37
6.55897e-35
6.14258e-36
8.10015e-35
-9.4095e-37
-1.05292e-34
1.0874e-36
4.49541e-37
1.21315e-37
3.71095e-38
1.8517e-38
2.24798e-39
1.72908e-39
1.42159e-40
1.82936e-40
8.83606e-42
1.54594e-41
6.61314e-43
1.36782e-42
4.76828e-44
1.05886e-43
3.64213e-45
8.25931e-45
2.56847e-46
5.88771e-46
1.81095e-47
4.15301e-47
1.19304e-48
2.74264e-48
7.73758e-50
1.77707e-49
4.75782e-51
1.09381e-50
2.86454e-52
6.58075e-52
1.6516e-53
3.79608e-53
9.30413e-55
2.13737e-54
5.05314e-56
1.16106e-55
2.67982e-57
6.15497e-57
1.37652e-58
3.16406e-58
6.9045e-60
2.09688e-59
3.16289e-61
1.08335e-58
-4.32985e-61
2.20999e-57
-9.67935e-60
4.41582e-56
-2.03377e-58
8.61084e-55
-4.17374e-57
1.62822e-53
-8.32824e-56
3.00257e-52
-1.62198e-54
5.34807e-51
-3.06211e-53
9.2873e-50
-5.63922e-52
1.54924e-48
-1.00254e-50
2.52096e-47
-1.73849e-49
3.90915e-46
-2.89324e-48
5.92587e-45
-4.70056e-47
8.4568e-44
-7.26437e-46
1.18623e-42
-1.09798e-44
1.53602e-41
-1.55195e-43
1.97859e-40
-2.13369e-42
2.27377e-39
-2.5684e-41
2.66591e-38
-2.63302e-40
2.60244e-37
-6.14522e-40
2.72008e-36
5.97299e-38
1.94741e-35
2.37005e-36
1.62635e-34
5.60749e-35
9.85975e-34
-3.65572e-37
1.2885e-36
4.24057e-37
-2.16542e-36
4.86926e-38
-1.14445e-37
7.4805e-39
-4.2299e-39
7.07354e-40
-8.24143e-42
7.51497e-41
1.19506e-41
6.39649e-42
1.55349e-42
5.67757e-43
1.31845e-43
4.416e-44
1.06646e-44
3.45343e-45
7.67019e-46
2.47017e-46
5.44667e-47
1.74608e-47
3.60296e-48
1.15608e-48
2.34199e-49
7.50411e-50
1.44335e-50
4.62831e-51
8.70404e-52
2.7888e-52
5.02732e-53
1.6114e-53
2.83599e-54
9.08496e-55
1.5425e-55
4.94207e-56
8.19013e-57
2.62292e-57
4.21219e-58
1.34829e-58
2.11525e-59
5.29423e-60
1.0196e-60
-3.07763e-59
-2.32024e-61
-6.39588e-58
-6.05817e-60
-1.27899e-56
-1.27271e-58
-2.4962e-55
-2.61058e-57
-4.72406e-54
-5.20655e-56
-8.72026e-53
-1.01344e-54
-1.55471e-51
-1.91221e-53
-2.70305e-50
-3.51928e-52
-4.51403e-49
-6.25269e-51
-7.3558e-48
-1.08346e-49
-1.1421e-46
-1.80183e-48
-1.73439e-45
-2.92468e-47
-2.47894e-44
-4.51579e-46
-3.48519e-43
-6.81568e-45
-4.52132e-42
-9.61343e-44
-5.84236e-41
-1.31473e-42
-6.72966e-40
-1.55851e-41
-7.92686e-39
-1.50553e-40
-7.76208e-38
3.92454e-41
-8.17622e-37
4.94394e-38
-5.88131e-36
1.77956e-36
-4.99415e-35
4.10913e-35
7.08403e-34
2.79949e-37
-1.7068e-36
-3.22913e-37
-2.11009e-37
-3.51243e-38
-1.4053e-38
-5.30666e-39
-6.50962e-40
-4.88636e-40
-1.68804e-41
-5.13388e-41
2.39712e-43
-4.29985e-42
8.90259e-44
-3.7854e-43
8.78433e-45
-2.91257e-44
7.45821e-46
-2.26334e-45
5.51515e-47
-1.60643e-46
3.96911e-48
-1.12983e-47
2.66166e-49
-7.43727e-49
1.74494e-50
-4.80783e-50
1.08584e-51
-2.95194e-51
6.59231e-53
-1.77269e-52
3.83598e-54
-1.02058e-53
2.17587e-55
-5.7376e-55
1.19042e-56
-3.11192e-56
6.3496e-58
-1.64761e-57
3.28107e-59
-8.46959e-59
1.65437e-60
-7.87106e-60
8.76069e-62
-7.66811e-59
1.51556e-61
-1.57077e-57
3.19391e-60
-3.13765e-56
6.72484e-59
-6.11635e-55
1.38347e-57
-1.15616e-53
2.76751e-56
-2.13126e-52
5.40498e-55
-3.79478e-51
1.02332e-53
-6.58712e-50
1.89067e-52
-1.09839e-48
3.37239e-51
-1.78645e-47
5.8705e-50
-2.76898e-46
9.80849e-49
-4.19505e-45
1.60118e-47
-5.98385e-44
2.48762e-46
-8.38735e-43
3.78924e-45
-1.08546e-41
5.42723e-44
-1.39685e-40
7.70262e-43
-1.60422e-39
1.01709e-41
-1.87821e-38
1.38749e-40
-1.83207e-37
1.81587e-39
-1.91012e-36
2.7405e-38
-1.36586e-35
4.11552e-37
-1.13389e-34
6.54365e-36
8.02361e-35
2.07857e-38
-2.49797e-38
-3.26104e-39
-4.90575e-40
-4.76348e-41
-4.98354e-42
-4.27332e-43
-3.76438e-44
-2.93863e-45
-2.29143e-46
-1.64374e-47
-1.16146e-48
-7.71137e-50
-5.01055e-51
-3.09915e-52
-1.87086e-53
-1.08419e-54
-6.12708e-56
-3.34319e-57
-1.77913e-58
-9.20325e-60
-1.00283e-60
-1.13406e-59
-2.31238e-58
-4.59491e-57
-8.90402e-56
-1.67327e-54
-3.06344e-53
-5.41837e-52
-9.32967e-51
-1.54378e-49
-2.4863e-48
-3.81887e-47
-5.71444e-46
-8.06166e-45
-1.11164e-43
-1.41881e-42
-1.78434e-41
-2.01201e-40
-2.27408e-39
-2.1612e-38
-2.11787e-37
-1.45164e-36
-1.04138e-35
)
;

boundaryField
{
    leftWall
    {
        type            calculated;
        value           uniform 0;
    }
    rightWall
    {
        type            calculated;
        value           nonuniform 0();
    }
    lowerWall
    {
        type            calculated;
        value           nonuniform 0();
    }
    atmosphere
    {
        type            calculated;
        value           nonuniform List<scalar> 
45
(
-6.81559e-37
-7.78471e-38
-1.07802e-38
-9.26216e-40
-9.38805e-41
-7.6765e-42
-6.76591e-43
-5.19495e-44
-4.06411e-45
-2.89091e-46
-2.04478e-47
-1.34977e-48
-8.76444e-50
-5.39617e-51
-3.25221e-52
-1.87729e-53
-1.05862e-54
-5.75579e-56
-3.05552e-57
-1.57117e-58
-7.88908e-60
-3.74924e-61
2.0975e-61
4.9306e-60
1.03777e-58
2.13356e-57
4.26538e-56
8.32437e-55
1.57502e-53
2.90765e-52
5.18275e-51
9.01365e-50
1.50487e-48
2.45391e-47
3.80897e-46
5.79199e-45
8.27644e-44
1.16707e-42
1.51603e-41
1.97854e-40
2.31225e-39
2.83807e-38
2.98841e-37
3.48483e-36
2.87759e-35
)
;
    }
    defaultFaces
    {
        type            empty;
        value           nonuniform 0();
    }
    procBoundary2to0
    {
        type            processor;
        value           nonuniform List<scalar> 
46
(
-4.81177e-37
-4.59582e-38
-4.80053e-39
-4.09992e-40
-3.60717e-41
-2.80732e-42
-2.18365e-43
-1.56105e-44
-1.09947e-45
-7.27221e-47
-4.70796e-48
-2.90035e-49
-1.7442e-50
-1.0304e-51
-4.17032e-52
-5.17481e-51
-7.27244e-50
-9.63815e-49
-1.26732e-47
-1.5578e-46
-1.94495e-45
-2.25759e-44
-2.74899e-43
-3.09508e-42
-3.73637e-41
1.13144e-36
9.1651e-36
7.76101e-35
1.64917e-35
-1.51465e-34
-3.12704e-35
9.6535e-35
4.87815e-36
-5.28138e-35
-3.14144e-35
-1.02767e-36
3.98304e-36
6.1641e-36
2.89486e-35
2.91858e-35
6.38678e-36
2.57925e-35
4.56095e-38
-2.53107e-35
4.74008e-36
-2.95431e-36
)
;
    }
    procBoundary2to3
    {
        type            processor;
        value           nonuniform List<scalar> 
43
(
6.43414e-39
8.06272e-40
1.35327e-40
1.18787e-41
-1.29443e-40
-5.19799e-39
-1.42229e-37
-2.93847e-36
-6.40689e-36
-5.78537e-36
-3.05609e-35
3.56472e-36
6.23456e-35
2.32167e-36
-3.11347e-35
-2.9178e-36
1.06392e-38
2.79832e-36
3.12484e-35
-4.3649e-35
-1.07687e-34
3.64907e-35
1.08895e-34
-3.87391e-35
-1.10569e-34
7.5463e-35
7.98819e-35
-3.22437e-35
-1.08542e-35
-5.1201e-35
-3.6569e-36
4.14487e-35
3.93035e-36
5.20892e-37
-8.05529e-41
-5.30252e-37
-3.73375e-36
-4.1216e-35
5.71466e-35
1.42091e-34
-4.37111e-35
-9.8999e-35
-8.93361e-36
)
;
    }
}


// ************************************************************************* //
