/*--------------------------------*- C++ -*----------------------------------*\
| =========                 |                                                 |
| \\      /  F ield         | OpenFOAM: The Open Source CFD Toolbox           |
|  \\    /   O peration     | Version:  2.4.0                                 |
|   \\  /    A nd           | Web:      www.OpenFOAM.org                      |
|    \\/     M anipulation  |                                                 |
\*---------------------------------------------------------------------------*/
FoamFile
{
    version     2.0;
    format      ascii;
    class       surfaceScalarField;
    location    "0.45";
    object      phi;
}
// * * * * * * * * * * * * * * * * * * * * * * * * * * * * * * * * * * * * * //

dimensions      [0 3 -1 0 0 0 0];

internalField   nonuniform List<scalar> 
3781
(
1.75937e-39
2.79661e-41
1.05428e-38
1.99649e-40
1.45813e-38
1.9685e-39
4.51559e-37
1.61758e-39
1.97303e-41
-3.81556e-39
-4.51382e-37
-3.81316e-39
-1.26618e-38
1.64746e-39
1.78015e-39
2.19585e-39
2.3542e-38
2.37043e-39
4.67919e-37
3.64366e-39
4.64021e-37
-1.96607e-39
-4.24496e-37
-5.43314e-39
1.24812e-38
1.61757e-39
4.53495e-37
3.58604e-39
1.47585e-38
-1.64771e-39
1.05636e-38
-1.97117e-39
1.76197e-39
-1.99893e-40
1.57599e-40
-2.74893e-41
1.81918e-41
-2.42148e-42
1.53956e-42
-2.41653e-43
1.43976e-43
-1.93156e-44
1.122e-44
-1.61608e-45
9.09537e-46
-1.17939e-46
1.29839e-46
-8.1023e-48
9.13863e-46
8.14088e-48
1.12801e-44
1.18483e-46
1.44815e-43
1.62418e-45
1.54986e-42
1.94248e-44
1.83245e-41
2.4315e-43
1.58993e-40
2.43916e-42
1.7786e-39
2.77114e-41
1.07027e-38
2.0207e-40
1.63598e-38
1.9962e-39
4.6226e-37
1.81963e-39
1.63598e-38
-1.81963e-39
1.07027e-38
-1.9962e-39
1.7786e-39
-2.0207e-40
1.58993e-40
-2.77114e-41
1.83245e-41
-2.43916e-42
1.54986e-42
-2.4316e-43
1.44781e-43
-1.95315e-44
1.10885e-44
-2.52194e-45
-2.70905e-46
-8.05846e-45
-4.16823e-44
3.33645e-40
-2.88157e-41
2.02844e-39
-2.58319e-40
1.71706e-38
-2.47442e-39
2.94468e-38
-2.01645e-39
4.27126e-42
4.78563e-39
-2.94088e-38
4.78277e-39
-1.68019e-38
-2.05276e-39
3.38949e-40
-2.76662e-39
1.89027e-38
-2.99455e-39
4.6956e-38
-4.56087e-39
3.18439e-38
2.47154e-39
-9.87482e-39
6.80208e-39
2.40133e-39
-2.01645e-39
2.98191e-38
-4.49084e-39
1.72086e-38
2.05303e-39
2.033e-39
2.47758e-39
3.35031e-40
2.58782e-40
3.37492e-41
3.34549e-41
3.92041e-42
2.87448e-42
3.51081e-43
2.73938e-43
3.31727e-44
2.13311e-44
2.67134e-45
1.73234e-45
2.18853e-46
1.23929e-46
3.19262e-47
8.3549e-48
2.19926e-46
-8.3935e-48
2.6861e-45
-1.24481e-46
3.33743e-44
-1.74069e-45
3.53532e-43
-2.14461e-44
3.95088e-42
-2.75545e-43
3.40667e-41
-2.89406e-42
3.38595e-40
-3.37072e-41
2.06276e-39
-2.61379e-40
1.75092e-38
-2.50812e-39
3.15092e-38
-2.27781e-39
1.75092e-38
2.27781e-39
2.06276e-39
2.50812e-39
3.38595e-40
2.61379e-40
3.40667e-41
3.37072e-41
3.95087e-42
2.89405e-42
3.53482e-43
2.7545e-43
3.29361e-44
2.04166e-44
2.63485e-46
-7.00524e-45
-1.4885e-44
-7.8207e-44
-4.17397e-43
5.97611e-41
-6.22843e-42
2.56665e-40
-5.41267e-41
1.59212e-39
-4.37486e-40
2.62327e-39
-3.41875e-40
9.87069e-43
8.41449e-40
-2.6154e-39
8.40785e-40
-1.52554e-39
-3.49813e-40
6.0608e-41
-4.98981e-40
1.79704e-39
-5.46541e-40
4.27589e-39
-7.94629e-40
2.94643e-39
4.36812e-40
-7.0699e-40
1.18332e-39
3.24145e-40
-3.41874e-40
2.69064e-39
-7.79351e-40
1.59997e-39
3.49879e-40
2.57677e-40
4.38222e-40
5.97076e-41
5.42305e-41
6.87449e-42
7.27496e-42
9.01088e-43
6.69769e-43
8.60336e-44
6.52623e-44
8.59006e-45
5.28078e-45
7.16153e-46
4.35863e-46
6.0425e-47
3.19615e-47
8.99336e-48
2.17949e-48
6.07319e-47
-2.18985e-48
7.20305e-46
-3.21082e-47
8.64563e-45
-4.38042e-46
8.6689e-44
-5.31039e-45
9.08953e-43
-6.56659e-44
6.95182e-42
-6.74609e-43
6.05213e-41
-7.33488e-42
2.63633e-40
-5.48341e-41
1.65264e-39
-4.44816e-40
2.8868e-39
-3.96703e-40
1.65264e-39
3.96703e-40
2.63633e-40
4.44816e-40
6.05213e-41
5.48341e-41
6.95181e-42
7.33487e-42
9.08893e-43
6.7453e-43
8.61664e-44
6.48011e-44
4.05284e-45
-4.16441e-45
-2.49272e-44
-8.09733e-44
-1.62228e-43
-7.41383e-43
-4.02427e-42
7.38094e-42
-1.51282e-42
2.41418e-41
-1.09287e-41
1.12169e-40
-8.3208e-41
1.77273e-40
-6.41501e-41
1.46105e-43
1.5997e-40
-1.76181e-40
1.59817e-40
-1.03872e-40
-6.58912e-41
7.48477e-42
-9.56887e-41
1.30061e-40
-1.05151e-40
2.9691e-40
-1.50679e-40
2.09694e-40
8.30271e-41
-3.25363e-41
2.24116e-40
3.25669e-41
-6.4146e-41
1.85687e-40
-1.47326e-40
1.13258e-40
6.5907e-41
2.42875e-41
8.33525e-41
7.35215e-42
1.09165e-41
9.44966e-43
1.59243e-42
1.32749e-43
1.54218e-43
1.33407e-44
1.57731e-44
1.37459e-45
1.31803e-45
1.17957e-46
1.11782e-46
1.01384e-47
8.35824e-48
1.53659e-48
5.78512e-49
1.01915e-47
-5.81325e-49
1.18666e-46
-8.39767e-48
1.3839e-45
-1.12361e-46
1.34484e-44
-1.32576e-45
1.34004e-43
-1.58764e-44
9.56911e-43
-1.55423e-43
7.47132e-42
-1.60687e-42
2.5097e-41
-1.10547e-41
1.19638e-40
-8.47881e-41
2.02355e-40
-7.51994e-41
1.19638e-40
7.51994e-41
2.5097e-41
8.47881e-41
7.47131e-42
1.10547e-41
9.56858e-43
1.60682e-42
1.33421e-43
1.54772e-43
8.38618e-45
8.71278e-45
-4.36436e-44
-7.81206e-44
-2.54708e-43
-6.92396e-43
-1.63662e-42
-6.42203e-42
-3.57448e-41
9.17761e-43
-1.67103e-42
2.18431e-42
-1.92256e-42
5.84899e-42
-1.12684e-41
8.3036e-42
-8.37765e-42
2.15446e-44
2.11408e-41
-8.1521e-42
2.11227e-41
-4.79735e-42
-8.60022e-42
9.3906e-43
-1.2786e-41
7.25184e-42
-1.4112e-41
1.50841e-41
-1.98478e-41
1.15222e-41
1.09851e-41
7.85135e-43
2.94873e-41
3.24144e-42
-8.34016e-42
9.36695e-42
-1.9349e-41
5.99492e-42
8.60267e-42
2.19598e-42
1.10357e-41
9.19789e-43
1.54087e-42
1.28365e-43
2.36286e-43
1.92914e-44
2.39427e-44
2.01308e-45
2.5236e-45
2.13813e-46
2.16936e-46
1.87434e-47
1.8738e-47
1.63835e-48
1.42666e-48
2.51536e-49
9.98443e-50
1.64711e-48
-1.0034e-49
1.88593e-47
-1.43355e-48
2.15315e-46
-1.88378e-47
2.03018e-45
-2.18255e-46
1.94863e-44
-2.5409e-45
1.30161e-43
-2.41406e-44
9.3703e-43
-2.3859e-43
2.30462e-42
-1.56225e-42
6.7823e-42
-1.12477e-41
1.06044e-41
-9.90219e-42
6.7823e-42
9.90219e-42
2.30462e-42
1.12476e-41
9.36985e-43
1.56222e-42
1.29673e-43
2.38197e-43
1.41404e-44
1.91017e-44
-4.48979e-44
-5.35615e-44
-4.24191e-43
-6.32863e-43
-2.44452e-42
-5.62522e-42
-1.60402e-41
-5.35879e-41
-3.08471e-40
1.92436e-45
-1.32252e-41
2.81328e-43
-3.61574e-42
2.24959e-43
-3.75684e-42
1.74933e-43
-1.42064e-42
4.9821e-45
2.74418e-42
-1.41108e-43
2.78847e-42
-7.49656e-44
-1.13187e-42
1.03614e-43
-1.70087e-42
2.963e-43
-1.88078e-42
4.53765e-43
-2.62171e-42
4.63497e-43
1.45266e-42
3.39096e-43
3.89151e-42
3.0694e-43
-1.0938e-42
2.77502e-43
-2.54998e-42
2.08918e-43
1.13162e-42
1.90991e-43
1.46017e-42
1.01252e-43
2.10721e-43
1.50386e-44
3.3923e-44
2.36014e-45
3.54839e-45
2.54101e-46
3.84751e-46
2.75752e-47
3.37661e-47
2.4636e-48
2.96461e-48
2.18186e-49
2.28663e-49
3.39097e-50
1.61507e-50
2.19376e-49
-1.62321e-50
2.47921e-48
-2.29787e-49
2.7775e-47
-2.98075e-48
2.56345e-46
-3.39773e-47
2.38521e-45
-3.87484e-46
1.52647e-44
-3.57916e-45
1.03353e-43
-3.42735e-44
2.03614e-43
-2.13879e-43
2.94622e-43
-1.49048e-42
3.62501e-43
-1.30765e-42
2.9462e-43
1.30765e-42
2.03586e-43
1.49046e-42
1.02993e-43
2.13682e-43
1.12571e-44
3.16982e-44
-4.20242e-44
-2.98499e-44
-3.95098e-43
-3.76883e-43
-3.63953e-42
-4.33635e-42
-2.1456e-41
-3.95217e-41
-1.43704e-40
-3.88013e-40
-2.34686e-39
-8.05319e-43
-1.06791e-40
9.32062e-43
-2.87403e-41
3.23689e-43
-2.02508e-41
1.27148e-43
-2.90514e-42
2.28132e-44
-1.25102e-43
3.11359e-44
2.72538e-43
1.82736e-44
-1.33301e-43
1.14791e-44
-1.95813e-43
3.54527e-45
-2.16576e-43
-1.91234e-44
-2.9874e-43
4.9632e-45
1.65854e-43
5.13083e-44
4.43057e-43
3.07909e-44
-1.23651e-43
-1.23984e-44
-2.89947e-43
-2.97614e-45
1.28292e-43
1.79535e-44
1.66801e-43
1.11571e-44
2.49226e-44
1.72182e-45
4.14951e-45
2.79215e-46
4.46495e-46
3.07215e-47
4.94234e-47
3.39212e-48
4.41898e-48
3.07242e-49
3.92973e-49
2.74953e-50
3.06814e-50
4.31065e-51
2.18378e-51
2.76475e-50
-2.19495e-51
3.09225e-49
-3.08346e-50
3.41728e-48
-3.95156e-49
3.10011e-47
-4.4473e-48
2.82296e-46
-4.97853e-47
1.74909e-45
-4.50516e-46
1.1405e-44
-4.19445e-45
1.93893e-44
-2.53188e-44
6.3974e-45
-1.70495e-43
-6.16409e-45
-1.48966e-43
6.38094e-45
1.4896e-43
1.91732e-44
1.70412e-43
8.62882e-45
2.4123e-44
-2.95001e-44
-1.16275e-44
-3.52027e-43
-2.08497e-43
-3.19516e-42
-2.40151e-42
-3.01963e-41
-2.84016e-41
-1.83445e-40
-2.67892e-40
-1.27093e-39
-2.76391e-39
-1.78763e-38
-4.80313e-42
-8.55684e-40
9.53727e-42
-2.17127e-40
3.0665e-42
-1.5091e-40
1.3477e-42
-2.03804e-41
1.94472e-43
-3.09838e-42
3.49198e-44
-2.83492e-43
6.19437e-45
-4.82647e-44
1.51932e-45
-2.4846e-44
-8.64802e-46
-2.45636e-44
-4.87877e-45
-3.33431e-44
-1.45321e-45
1.85148e-44
5.78373e-45
4.93904e-44
2.9954e-45
-1.37214e-44
-3.07344e-45
-3.22905e-44
-1.41422e-45
1.42673e-44
1.68354e-45
1.86297e-44
1.13586e-45
2.84539e-45
1.80548e-46
4.87064e-46
2.99386e-47
5.34748e-47
3.35602e-48
6.0198e-48
3.7547e-49
5.45628e-49
3.44283e-50
4.90202e-50
3.10727e-51
3.86126e-51
4.91101e-52
2.76451e-52
3.12469e-51
-2.77878e-52
3.46541e-50
-3.88077e-51
3.78311e-49
-4.92966e-50
3.38732e-48
-5.49191e-49
3.02792e-47
-6.06492e-48
1.83523e-46
-5.39708e-47
1.16237e-45
-4.92531e-46
1.83337e-45
-2.89276e-45
-4.66142e-46
-1.90623e-44
-2.59325e-45
-1.66151e-44
-5.71429e-46
1.65895e-44
4.40316e-46
1.87042e-44
-1.6938e-44
-2.3628e-45
-2.06303e-43
-6.98492e-44
-2.36925e-42
-9.43771e-43
-2.19937e-41
-1.10923e-41
-2.13606e-40
-1.35411e-40
-1.35159e-39
-1.34798e-39
-9.64696e-39
-1.48327e-38
-1.07916e-37
8.03032e-42
-5.76421e-39
1.02794e-40
-1.59919e-39
2.9353e-41
-1.17557e-39
1.19381e-41
-1.51205e-40
1.651e-42
-2.23452e-41
2.50784e-43
-2.1864e-42
2.65536e-44
-2.28769e-43
2.92164e-45
-2.14506e-44
1.05796e-46
-4.14711e-45
-5.83556e-46
-3.53221e-45
-2.22922e-46
1.88695e-45
5.966e-46
5.0481e-45
2.91608e-46
-1.39591e-45
-3.78938e-46
-3.29783e-45
-1.86244e-46
1.45432e-45
1.60896e-46
1.90856e-45
1.12888e-46
2.97978e-46
1.8292e-47
5.20432e-47
3.08403e-48
5.81688e-48
3.50419e-49
6.63295e-49
3.96085e-50
6.0857e-50
3.66512e-51
5.51258e-51
3.32943e-52
4.37737e-52
5.29326e-53
3.14943e-53
3.34827e-52
-3.16584e-53
3.68946e-51
-4.39972e-52
3.99126e-50
-5.54408e-51
3.53747e-49
-6.12608e-50
3.11988e-48
-6.68369e-49
1.86015e-47
-5.87222e-48
1.15602e-46
-5.2646e-47
1.75838e-46
-3.03142e-46
-9.53151e-47
-1.95504e-45
-3.81124e-46
-1.70503e-45
-7.33578e-46
1.6006e-45
-8.36983e-45
4.75583e-46
-1.1289e-43
-2.17867e-44
-1.31262e-42
-3.00336e-43
-1.54755e-41
-4.14245e-42
-1.47908e-40
-5.0142e-41
-1.49946e-39
-6.47224e-40
-9.95495e-39
-6.948e-39
-7.55495e-38
-8.57445e-38
-7.25888e-37
8.10868e-40
-4.11283e-38
1.22818e-39
-9.30256e-39
2.68146e-40
-6.44163e-39
9.01191e-41
-7.94952e-40
1.18105e-41
-1.10103e-40
1.71297e-42
-1.03955e-41
1.74763e-43
-1.04151e-42
1.83268e-44
-8.62333e-44
1.57355e-45
-7.50738e-45
7.6765e-47
-9.20769e-46
-1.31331e-47
1.73766e-46
5.698e-47
5.65079e-46
2.69814e-47
-1.56632e-46
-3.77298e-47
-3.70638e-46
-1.89227e-47
1.63246e-46
1.47185e-47
2.14952e-46
1.0521e-47
3.40683e-47
1.73371e-48
6.04067e-48
2.95932e-49
6.83785e-49
3.40337e-50
7.87201e-50
3.87839e-51
7.28566e-51
3.61858e-52
6.63892e-52
3.30492e-53
5.30165e-53
5.28287e-54
3.82726e-54
3.32368e-53
-3.84733e-54
3.64264e-52
-5.32893e-53
3.90812e-51
-6.67724e-52
3.43539e-50
-7.33467e-51
2.99288e-49
-7.93329e-50
1.76106e-48
-6.90447e-49
1.07352e-47
-6.1129e-48
1.53808e-47
-3.46882e-47
-2.24603e-47
-2.20576e-46
-2.17486e-46
-1.9576e-46
-2.70844e-45
1.15446e-46
-3.63881e-44
-9.28418e-46
-4.8897e-43
-1.74118e-44
-5.80059e-42
-2.42683e-43
-7.01691e-41
-3.52973e-42
-6.96563e-40
-4.79402e-41
-7.35721e-39
-7.6692e-40
-5.22648e-38
-1.20274e-38
-4.15409e-37
-2.08107e-37
-2.76044e-36
2.87089e-38
-3.18835e-37
2.47732e-38
-9.55856e-38
4.49973e-39
-7.51393e-38
1.26626e-39
-8.17026e-39
1.53013e-40
-1.08575e-39
2.11412e-41
-9.66301e-41
2.06974e-42
-9.43438e-42
2.11687e-43
-7.53207e-43
1.79136e-44
-6.22348e-44
1.5177e-45
-4.55182e-45
1.12456e-46
-3.1869e-46
1.40113e-47
1.04214e-47
3.18332e-48
-1.04055e-47
-3.71174e-48
-2.13298e-47
-1.89418e-48
9.34147e-48
1.41423e-48
1.23445e-47
1.02001e-48
1.98772e-48
1.69822e-49
3.59873e-49
2.92148e-50
4.13708e-50
3.38469e-51
4.83224e-51
3.87536e-52
4.52632e-52
3.63254e-53
4.16636e-53
3.32616e-54
3.3567e-54
5.32653e-55
2.43932e-55
3.33738e-54
-2.45167e-55
3.64118e-53
-3.373e-54
3.87448e-52
-4.18829e-53
3.35831e-51
-4.55231e-52
2.84643e-50
-4.86085e-51
1.53242e-49
-4.15989e-50
7.05539e-49
-3.60886e-49
-4.06029e-48
-1.96482e-48
-9.20199e-47
-1.16388e-47
-1.38307e-45
5.80913e-48
-2.07094e-44
2.79925e-46
-2.84493e-43
4.04799e-45
-3.93e-42
5.92177e-44
-4.7811e-41
7.74332e-43
-6.03602e-40
9.22328e-42
-6.22264e-39
5.93527e-41
-7.06134e-38
-8.65949e-40
-5.33288e-37
-5.61087e-38
-4.91942e-36
-1.54072e-36
-3.04283e-35
7.35069e-37
-4.31806e-37
5.07581e-37
-3.45786e-37
6.37784e-38
-8.24826e-38
1.15192e-38
-7.93409e-39
1.21425e-39
-9.92666e-40
1.47773e-40
-8.66433e-41
1.36281e-41
-8.40439e-42
1.32247e-42
-6.68154e-43
1.08576e-43
-5.51206e-44
8.99641e-45
-4.00653e-45
6.66774e-46
-2.9164e-46
4.92127e-47
-1.75746e-47
3.44994e-48
-1.82822e-48
2.07028e-50
-1.3587e-48
-8.7392e-50
5.57268e-49
7.52192e-50
7.44161e-49
5.39858e-50
1.21006e-49
9.09143e-51
2.19954e-50
1.58219e-51
2.54403e-51
1.85158e-52
2.97651e-52
2.1379e-53
2.79674e-53
2.0191e-54
2.57463e-54
1.85975e-55
2.07639e-55
3.00875e-56
1.50769e-56
1.89687e-55
-1.51076e-56
2.0858e-54
-2.07722e-55
2.25815e-53
-2.56903e-54
2.06452e-52
-2.77433e-53
1.9585e-51
-2.91875e-52
1.55457e-50
-2.41548e-51
1.63291e-49
-1.94267e-50
1.84756e-48
-7.30569e-50
2.8092e-47
1.02941e-49
4.22722e-46
1.35661e-47
6.21827e-45
2.2919e-46
8.45779e-44
3.43753e-45
1.13678e-42
5.0609e-44
1.36843e-41
6.66476e-43
1.66208e-40
8.08833e-42
1.69509e-39
5.77542e-41
1.81351e-38
-5.2778e-40
1.36075e-37
-4.25292e-38
1.12858e-36
-1.2049e-36
-2.43819e-35
2.50837e-35
-1.28107e-35
9.01361e-37
-4.57584e-37
6.84947e-37
3.9399e-38
1.20013e-37
6.18874e-39
1.14343e-38
9.4492e-40
1.36141e-39
8.62037e-41
1.19561e-40
8.48617e-42
1.1412e-41
6.76641e-43
9.10485e-43
5.58143e-44
7.44889e-44
4.0527e-45
5.41841e-45
2.95619e-46
3.93512e-46
1.98405e-47
2.62956e-47
1.27409e-48
1.72003e-48
1.14681e-50
1.01461e-49
3.52212e-50
1.05238e-50
4.05644e-50
3.31602e-51
6.63834e-51
5.20236e-52
1.216e-51
8.83093e-53
1.41865e-52
1.03068e-53
1.67035e-53
1.18804e-54
1.57951e-54
1.12331e-55
1.46029e-55
1.03897e-56
1.18275e-56
2.67309e-57
8.58275e-58
3.12657e-56
-9.21087e-58
5.32514e-55
-1.30738e-56
9.41414e-54
-1.71465e-55
1.65863e-52
-2.08438e-54
2.95443e-51
-2.65223e-53
5.1251e-50
-3.26453e-52
8.78457e-49
-4.61006e-51
1.44002e-47
-6.65311e-50
2.31125e-46
-1.07413e-48
3.49531e-45
-1.69877e-47
5.18667e-44
-2.72437e-46
7.11292e-43
-4.09456e-45
9.67945e-42
-6.02129e-44
1.17793e-40
-7.85772e-43
1.45678e-39
-9.25404e-42
1.50925e-38
-5.31071e-41
1.66365e-37
1.1586e-39
1.2841e-36
6.59265e-38
1.13577e-35
1.79103e-36
3.54471e-35
8.04754e-37
-3.1847e-37
4.28151e-37
-2.17191e-37
5.57046e-38
5.71916e-38
1.03392e-38
7.37556e-39
1.11226e-39
1.05488e-39
1.37482e-40
9.54848e-41
1.28175e-41
9.38099e-42
1.25441e-42
7.50165e-43
1.03649e-43
6.20016e-44
8.63341e-45
4.51476e-45
6.42651e-46
3.29873e-46
4.73117e-47
2.2077e-47
3.21337e-48
1.45792e-48
2.13298e-49
8.65976e-50
1.31022e-50
7.1449e-51
1.02218e-51
2.5199e-51
1.9693e-52
3.82678e-52
2.82493e-53
6.80463e-53
4.63228e-54
7.91411e-54
5.38228e-55
9.29366e-55
6.19562e-56
8.79644e-56
5.87047e-57
8.12577e-57
5.42572e-58
6.58263e-58
1.17781e-58
4.55399e-59
1.15674e-57
-9.89469e-59
1.79113e-56
-1.742e-57
2.89654e-55
-3.05703e-56
4.72077e-54
-5.38504e-55
7.85329e-53
-9.75108e-54
1.29453e-51
-1.74603e-52
2.09145e-50
-3.13998e-51
3.29338e-49
-5.46904e-50
4.92466e-48
-9.39769e-49
7.13829e-47
-1.53862e-47
9.57763e-46
-2.46995e-46
1.24925e-44
-3.7102e-45
1.44982e-43
-5.44127e-44
1.66e-42
-7.06397e-43
1.52532e-41
-8.13582e-42
1.46453e-40
-3.93159e-41
7.01412e-40
1.33733e-39
5.30374e-39
6.74728e-38
-6.39211e-38
1.79197e-36
3.48093e-35
6.83152e-38
-2.5474e-37
-2.01295e-38
-2.25888e-38
-1.55993e-40
4.24469e-39
5.80775e-40
6.92974e-40
9.31664e-41
1.06678e-40
1.50799e-41
1.03945e-41
1.58969e-42
1.05711e-42
1.71304e-43
8.80085e-44
1.49842e-44
7.4375e-45
1.30744e-45
5.55664e-46
1.00401e-46
4.12457e-47
7.58362e-48
2.80939e-48
5.24583e-49
1.87888e-49
3.54162e-50
1.15992e-50
2.22867e-51
8.06739e-52
1.4856e-52
1.54048e-52
1.56474e-53
2.10846e-53
1.76011e-54
3.58371e-54
2.5349e-55
4.1416e-55
2.84174e-56
4.85023e-56
3.21178e-57
4.59871e-57
3.01637e-58
4.25087e-58
7.9108e-60
3.45985e-59
-4.19288e-58
4.72772e-60
-8.80335e-57
4.61627e-59
-1.77901e-55
1.00279e-57
-3.50724e-54
2.11612e-56
-6.66336e-53
4.30145e-55
-1.23606e-51
8.50064e-54
-2.19629e-50
1.61525e-52
-3.81708e-49
2.99351e-51
-6.2969e-48
5.30533e-50
-1.01995e-46
9.1999e-49
-1.54639e-45
1.5113e-47
-2.32033e-44
2.44154e-46
-3.18652e-43
3.68167e-45
-4.40036e-42
5.51813e-44
-5.35104e-41
7.56244e-43
-6.7533e-40
1.06122e-41
-6.95846e-39
1.34829e-40
-7.89421e-38
1.91577e-39
-5.95815e-37
2.53415e-38
-5.4964e-36
3.86464e-37
4.55355e-36
4.14981e-39
-4.11739e-38
-2.8951e-39
-3.65624e-39
-2.20645e-40
2.20856e-40
1.82205e-41
5.8803e-41
5.3208e-42
1.15143e-41
1.06103e-42
1.24139e-42
1.22753e-43
1.37786e-43
1.3988e-44
1.20861e-44
1.2756e-45
1.06699e-45
1.14394e-46
8.20927e-47
9.00005e-48
6.2431e-48
6.913e-49
4.32716e-49
4.85826e-50
2.9367e-50
3.31898e-51
1.85253e-51
2.11766e-52
1.19372e-52
1.36942e-53
1.23987e-53
1.14025e-54
1.33391e-54
1.0715e-55
1.96454e-55
1.34631e-56
2.18703e-56
1.44199e-57
2.51082e-57
1.59126e-58
2.36629e-58
1.50144e-59
2.17806e-59
4.51592e-60
1.96641e-60
6.73862e-59
4.67294e-60
1.39451e-57
9.95717e-59
2.79946e-56
2.1223e-57
5.47805e-55
4.4165e-56
1.0336e-53
8.89484e-55
1.90021e-52
1.74888e-53
3.34783e-51
3.31271e-52
5.7498e-50
6.12996e-51
9.37962e-49
1.0856e-49
1.49464e-47
1.88188e-48
2.23171e-46
3.09182e-47
3.27164e-45
4.99465e-46
4.39695e-44
7.53451e-45
5.86615e-43
1.12897e-43
6.90814e-42
1.54643e-42
8.2599e-41
2.16203e-41
8.08873e-40
2.718e-40
8.38213e-39
3.77338e-39
5.81402e-38
4.77165e-38
4.50862e-37
6.98943e-37
7.83704e-36
4.10077e-40
-3.23186e-39
-4.1527e-40
-3.25938e-40
-3.94026e-41
2.5297e-42
-1.73513e-42
3.30951e-42
1.75526e-43
8.11414e-43
6.9013e-44
9.58406e-44
9.39784e-45
1.12744e-44
1.18226e-45
1.03258e-45
1.13963e-46
9.38377e-47
1.06523e-47
7.40411e-48
8.62076e-49
5.73026e-49
6.7699e-50
4.03702e-50
4.8362e-51
2.77233e-51
3.34773e-52
1.7731e-52
2.16056e-53
1.12854e-53
1.3782e-54
9.24872e-55
9.74557e-56
8.32337e-56
7.58794e-57
1.05192e-56
7.76309e-58
1.11442e-57
7.58403e-59
1.24515e-58
8.01107e-60
1.16326e-59
2.60042e-60
1.06613e-60
4.12244e-59
1.30701e-61
8.7737e-58
1.00985e-60
1.82551e-56
2.20417e-59
3.6781e-55
4.70302e-58
7.23135e-54
9.80117e-57
1.37073e-52
1.97685e-55
2.53598e-51
3.89448e-54
4.49574e-50
7.39061e-53
7.78916e-49
1.37102e-51
1.28153e-47
2.43373e-50
2.06753e-46
4.23337e-49
3.12433e-45
6.98234e-48
4.66317e-44
1.1374e-46
6.37693e-43
1.74921e-45
8.74142e-42
2.77577e-44
1.05705e-40
4.49106e-43
1.31977e-39
9.07422e-42
1.3493e-38
2.19874e-40
1.50518e-37
6.14117e-39
1.12318e-36
1.61033e-37
1.00468e-35
3.65747e-36
6.456e-35
2.94064e-41
-3.51103e-40
-3.20711e-41
-3.59561e-41
-3.40404e-42
-1.88108e-42
-2.59159e-43
8.42701e-44
-1.667e-45
5.19007e-44
3.48593e-45
7.19428e-45
5.70477e-46
9.35238e-46
7.82775e-47
9.04558e-47
7.9289e-48
8.56671e-48
7.65816e-49
6.95069e-49
6.35514e-50
5.49855e-50
5.08084e-51
3.93711e-51
3.68545e-52
2.73873e-52
2.58027e-53
1.77138e-53
1.68303e-54
1.12382e-54
1.07332e-55
7.89453e-56
7.11988e-57
5.97796e-57
5.01559e-58
6.10162e-58
4.39746e-59
5.88406e-59
3.92502e-60
6.20625e-60
5.27759e-61
5.66142e-61
3.24779e-60
3.88098e-62
7.05668e-59
-2.79474e-61
1.5052e-57
-6.36712e-60
3.13442e-56
-1.39666e-58
6.32033e-55
-2.97524e-57
1.24382e-53
-6.18847e-56
2.35983e-52
-1.24591e-54
4.371e-51
-2.44888e-53
7.75697e-50
-4.63741e-52
1.34587e-48
-8.57856e-51
2.21706e-47
-1.51879e-49
3.58335e-46
-2.63147e-48
5.42306e-45
-4.31966e-47
8.11348e-44
-6.96116e-46
1.11159e-42
-1.042e-44
1.52881e-41
-1.52134e-43
1.85309e-40
-1.8962e-42
2.32513e-39
-1.88326e-41
2.38479e-38
5.68831e-41
2.68255e-37
9.40345e-39
2.01173e-36
3.53145e-37
1.83189e-35
8.86913e-36
1.67599e-34
2.615e-42
-2.61201e-41
-2.85907e-42
-2.85421e-42
-3.18374e-43
-2.34148e-43
-3.39783e-44
-4.94427e-45
-1.65049e-45
2.52546e-45
9.51649e-47
4.29999e-46
2.96732e-47
6.1534e-47
4.88865e-48
6.27089e-48
5.35648e-49
6.14845e-49
5.43945e-50
5.1203e-50
4.66072e-51
4.12638e-51
3.81442e-52
3.0013e-52
2.81435e-53
2.11195e-53
1.99615e-54
1.38074e-54
1.31545e-55
8.79067e-56
8.41336e-57
5.80892e-57
5.3694e-58
4.01332e-58
3.51763e-59
3.49191e-59
2.67123e-60
3.06443e-60
2.13064e-61
3.02161e-61
2.34436e-62
2.6245e-62
9.9541e-62
-1.03976e-62
2.15095e-60
-2.94289e-61
4.58926e-59
-6.61219e-60
9.55996e-58
-1.45037e-58
1.92834e-56
-3.08969e-57
3.79644e-55
-6.42663e-56
7.20555e-54
-1.29387e-54
1.3353e-52
-2.54319e-53
2.37073e-51
-4.81603e-52
4.11579e-50
-8.90907e-51
6.78354e-49
-1.57732e-49
1.09723e-47
-2.7329e-48
1.66159e-46
-4.48621e-47
2.4884e-45
-7.22984e-46
3.41185e-44
-1.08236e-44
4.69888e-43
-1.58101e-43
5.70108e-42
-1.97418e-42
7.16775e-41
-1.97704e-41
7.36107e-40
5.09341e-41
8.30774e-39
9.4927e-39
6.24225e-38
3.58977e-37
5.72393e-37
9.02986e-36
1.70814e-34
1.80842e-43
-2.25591e-42
-1.96334e-43
-2.50463e-43
-2.30897e-44
-2.81907e-44
-2.83927e-45
-1.50989e-45
-1.81518e-46
5.80263e-47
-2.52416e-48
2.1658e-47
1.19486e-48
3.78822e-48
2.5834e-49
4.18454e-49
3.09617e-50
4.31968e-50
3.30626e-51
3.71545e-51
2.92507e-52
3.06585e-52
2.4471e-53
2.26846e-53
1.83622e-54
1.61717e-54
1.31853e-55
1.06821e-55
8.77945e-57
6.83624e-57
5.64565e-58
4.35824e-58
3.54872e-59
2.8243e-59
2.24212e-60
2.13106e-60
1.55402e-61
1.67947e-61
5.1876e-63
1.51101e-62
-1.41531e-61
1.33691e-63
-3.2026e-60
1.33876e-63
-7.03251e-59
2.8401e-62
-1.50013e-57
6.39145e-61
-3.12392e-56
1.4062e-59
-6.29926e-55
3.00445e-58
-1.23969e-53
6.27191e-57
-2.35205e-52
1.26708e-55
-4.35665e-51
2.50143e-54
-7.73165e-50
4.75628e-53
-1.3415e-48
8.84613e-52
-2.20992e-47
1.57401e-50
-3.57189e-46
2.74722e-49
-5.40581e-45
4.5471e-48
-8.08794e-44
7.45719e-47
-1.10811e-42
1.16191e-45
-1.52409e-41
1.909e-44
-1.84741e-40
3.35127e-43
-2.31815e-39
7.66737e-42
-2.37769e-38
2.08999e-40
-2.6749e-37
6.18909e-39
-2.00609e-36
1.66979e-37
-1.82737e-35
3.82855e-36
6.80093e-35
1.36537e-44
-1.57244e-43
-1.45836e-44
-1.8175e-44
-1.76434e-45
-2.37535e-45
-2.45256e-46
-1.60143e-46
-1.84597e-47
-3.56043e-48
-9.37012e-49
8.01137e-49
1.19376e-50
1.9778e-49
1.13281e-50
2.41538e-50
1.63511e-51
2.6361e-51
1.90264e-52
2.34677e-52
1.76287e-53
1.98257e-53
1.52042e-54
1.49333e-54
1.1648e-55
1.07846e-55
8.49071e-57
7.20119e-57
5.71769e-58
4.63955e-58
3.70221e-59
2.91536e-59
2.30969e-60
1.81645e-60
1.42631e-61
1.25998e-61
9.0767e-63
2.12625e-62
-3.24833e-63
2.79612e-63
-8.8752e-62
7.66521e-64
-1.99496e-60
7.35136e-63
-4.37761e-59
1.68345e-61
-9.33181e-58
3.78018e-60
-1.94173e-56
8.29259e-59
-3.9124e-55
1.76674e-57
-7.69224e-54
3.67541e-56
-1.45813e-52
7.40077e-55
-2.69773e-51
1.45497e-53
-4.78252e-50
2.75584e-52
-8.28608e-49
5.09942e-51
-1.36327e-47
9.03105e-50
-2.19937e-46
1.56555e-48
-3.3234e-45
2.57219e-47
-4.96009e-44
4.1554e-46
-6.78233e-43
6.26935e-45
-9.29638e-42
9.39747e-44
-1.12396e-40
1.28879e-42
-1.40313e-39
1.80791e-41
-1.43407e-38
2.29525e-40
-1.59956e-37
3.24901e-39
-1.19307e-36
4.2673e-38
-1.0676e-35
6.46216e-37
-9.63123e-36
7.54932e-36
6.96767e-35
6.99208e-46
-4.59002e-44
-7.41229e-46
-5.38247e-45
-9.24442e-47
-7.94167e-46
-1.35685e-47
-6.11278e-47
-1.09654e-48
-3.28968e-48
-6.96824e-50
4.52771e-51
-1.57457e-51
3.40089e-50
3.64322e-52
5.05315e-51
6.6139e-53
6.02742e-52
8.33882e-54
5.61993e-53
8.03719e-55
4.8949e-54
7.10258e-56
3.76365e-55
5.53317e-57
2.75888e-56
4.08093e-58
1.86272e-57
2.77346e-59
1.20445e-58
1.80736e-60
7.30052e-60
1.14218e-61
1.21882e-61
8.17183e-63
2.43569e-62
-2.74766e-65
3.09184e-61
-1.16128e-63
5.14043e-62
-1.29273e-62
1.01768e-62
-2.8738e-61
4.55103e-63
-6.28782e-60
7.74418e-62
-1.33659e-58
1.73439e-60
-2.77121e-57
3.80101e-59
-5.56411e-56
8.09036e-58
-1.089e-54
1.68109e-56
-2.05521e-53
3.38124e-55
-3.7801e-52
6.63794e-54
-6.66402e-51
1.2556e-52
-1.14567e-49
2.31927e-51
-1.87138e-48
4.10079e-50
-2.98761e-47
7.09276e-49
-4.47174e-46
1.163e-47
-6.57656e-45
1.87309e-46
-8.87639e-44
2.81766e-45
-1.19062e-42
4.20009e-44
-1.41283e-41
5.71046e-43
-1.70452e-40
7.84167e-42
-1.69269e-39
9.4569e-41
-1.77847e-38
1.20269e-39
-1.26376e-37
1.2611e-38
-9.91547e-37
1.49645e-37
-8.81554e-37
1.19916e-36
1.06392e-35
-2.58798e-45
-4.73917e-43
2.73429e-45
-5.47872e-44
3.42609e-46
-7.18823e-45
5.09948e-47
-4.87136e-46
4.186e-48
-1.15093e-47
2.78247e-49
2.32832e-48
8.01762e-51
5.86465e-49
-1.11824e-51
7.19258e-50
-2.24813e-52
7.86792e-51
-2.91766e-53
7.01281e-52
-2.84794e-54
5.92991e-53
-2.53617e-55
4.46931e-54
-1.98543e-56
3.22939e-55
-1.46942e-57
2.15684e-56
-1.00109e-58
1.37859e-57
-6.51415e-60
8.13698e-59
-3.64797e-61
-2.95662e-60
8.52495e-63
2.41909e-61
-1.28744e-62
7.61562e-60
-1.65766e-62
1.26236e-60
-4.87493e-63
2.47306e-61
-4.61637e-62
2.99456e-62
-1.00077e-60
1.49053e-62
-2.1309e-59
2.55073e-61
-4.42393e-58
5.57021e-60
-8.89093e-57
1.18291e-58
-1.74084e-55
2.45058e-57
-3.28506e-54
4.91422e-56
-6.03725e-53
9.6086e-55
-1.06267e-51
1.8104e-53
-1.82234e-50
3.32597e-52
-2.96581e-49
5.85041e-51
-4.71127e-48
1.00446e-49
-7.00298e-47
1.63566e-48
-1.02088e-45
2.60748e-47
-1.36088e-44
3.88536e-46
-1.79792e-43
5.70632e-45
-2.08579e-42
7.65115e-44
-2.45138e-41
1.02604e-42
-2.33222e-40
1.20686e-41
-2.34859e-39
1.46509e-40
-1.54223e-38
1.44624e-39
-1.16369e-37
1.55856e-38
-1.03101e-37
1.10015e-37
8.75193e-37
-4.12974e-44
-6.85168e-42
4.40885e-44
-7.62311e-43
5.3379e-45
-8.62528e-44
7.41465e-46
-4.67926e-45
5.58012e-47
1.63505e-46
2.81761e-48
6.4486e-47
-3.82717e-50
1.13811e-47
-3.45949e-50
1.26063e-48
-4.98015e-51
1.30387e-49
-5.79108e-52
1.12266e-50
-5.36354e-53
9.27211e-52
-4.62541e-54
6.8646e-53
-3.54323e-55
4.89638e-54
-2.58289e-56
3.23464e-55
-1.73924e-57
2.04324e-56
-1.12165e-58
1.17745e-57
-5.96174e-60
-1.16199e-58
4.06869e-61
3.23474e-60
-3.13782e-61
1.82111e-58
-4.14761e-61
3.00763e-59
-7.16082e-62
5.90659e-60
-1.78399e-62
7.02601e-61
-1.03986e-61
8.618e-62
-2.17854e-60
4.68214e-62
-4.51492e-59
8.49502e-61
-9.05805e-58
1.80506e-59
-1.76908e-56
3.74318e-58
-3.32984e-55
7.51151e-57
-6.09719e-54
1.46888e-55
-1.06934e-52
2.76676e-54
-1.82428e-51
5.07759e-53
-2.95397e-50
8.91669e-52
-4.65788e-49
1.52678e-50
-6.87446e-48
2.47717e-49
-9.91482e-47
3.92888e-48
-1.30815e-45
5.81516e-47
-1.70085e-44
8.46512e-46
-1.94245e-43
1.12137e-44
-2.22644e-42
1.48051e-43
-2.06446e-41
1.7008e-42
-1.99636e-40
2.00358e-41
-1.25565e-39
1.87584e-40
-8.92722e-39
1.91074e-39
-7.84236e-39
1.20655e-38
9.33669e-38
-5.52943e-43
-8.06983e-41
5.99565e-43
-8.83552e-42
7.06164e-44
-7.52288e-43
8.74579e-45
-1.94482e-44
5.65697e-46
7.11582e-45
9.50602e-48
1.25611e-45
-3.45587e-48
1.82239e-46
-7.68328e-49
1.86827e-47
-9.27375e-50
1.83913e-48
-9.94081e-51
1.53546e-49
-8.8135e-52
1.23983e-50
-7.38474e-53
9.0307e-52
-5.5472e-54
6.36232e-53
-3.98689e-55
4.16117e-54
-2.65619e-56
2.58731e-55
-1.69806e-57
1.42544e-56
-8.13824e-59
-3.50523e-57
1.39198e-59
3.23026e-59
-7.53488e-60
4.26676e-57
-1.02197e-59
7.01158e-58
-1.75436e-60
1.37975e-58
-3.24682e-61
1.63749e-59
-4.92652e-62
1.97201e-60
-2.28593e-61
1.92911e-61
-4.64984e-60
1.17284e-61
-9.33663e-59
2.12946e-60
-1.82442e-57
4.42161e-59
-3.4341e-56
8.89896e-58
-6.28497e-55
1.74261e-56
-1.10096e-53
3.29225e-55
-1.87477e-52
6.04514e-54
-3.02692e-51
1.06503e-52
-4.75542e-50
1.82213e-51
-6.98035e-49
2.9676e-50
-1.00046e-47
4.69244e-49
-1.3076e-46
6.97991e-48
-1.68302e-45
1.00907e-46
-1.89094e-44
1.34673e-45
-2.1332e-43
1.75299e-44
-1.92053e-42
2.03997e-43
-1.81478e-41
2.33387e-42
-1.07834e-40
2.24427e-41
-7.5372e-40
2.1504e-40
-5.07207e-40
1.48747e-39
1.02078e-38
-7.9474e-42
-1.07232e-39
8.68213e-42
-1.10342e-40
9.69263e-43
-6.01043e-42
1.03971e-43
2.20487e-43
5.1289e-45
1.53248e-43
-2.73664e-46
2.14453e-44
-8.85577e-47
2.8032e-45
-1.46989e-47
2.71793e-46
-1.61457e-48
2.5792e-47
-1.64246e-49
2.09522e-48
-1.4087e-50
1.65926e-49
-1.15387e-51
1.18896e-50
-8.51828e-53
8.27639e-52
-6.04528e-54
5.35073e-53
-3.98471e-55
3.25195e-54
-2.52352e-56
1.65372e-55
-1.00615e-57
-8.84257e-56
3.8786e-58
2.20572e-58
-1.77164e-58
9.64512e-56
-2.43976e-58
1.57789e-56
-4.17656e-59
3.10978e-57
-7.73349e-60
3.68345e-58
-9.22744e-61
4.44214e-59
-9.29419e-62
4.24793e-60
3.39089e-61
5.28048e-61
7.51902e-60
2.93804e-60
1.55484e-58
6.17035e-59
3.15228e-57
1.27694e-57
6.09815e-56
2.5583e-56
1.15963e-54
4.99183e-55
2.08333e-53
9.38748e-54
3.69527e-52
1.71863e-52
6.10302e-51
3.01345e-51
1.00267e-49
5.14576e-50
1.50052e-48
8.33741e-49
2.26268e-47
1.31818e-47
3.00164e-46
1.94891e-46
4.10258e-45
2.82651e-45
4.65078e-44
3.74192e-44
5.65199e-43
4.9183e-43
5.09666e-42
5.65114e-42
5.3088e-41
6.62107e-41
3.14598e-40
6.2084e-40
2.52064e-39
6.28234e-39
3.97911e-38
-9.12032e-41
-1.01986e-38
9.92763e-41
-1.03347e-39
1.05924e-41
-1.86599e-42
8.42382e-43
9.09478e-42
1.10712e-44
2.35215e-42
-9.86021e-45
2.81499e-43
-1.66718e-45
3.33808e-44
-2.31723e-46
3.07098e-45
-2.36119e-47
2.80032e-46
-2.28964e-48
2.21481e-47
-1.90496e-49
1.71743e-48
-1.52601e-50
1.21173e-49
-1.10854e-51
8.33213e-51
-7.77149e-53
5.32244e-52
-5.07246e-54
3.07413e-53
-3.17834e-55
1.20029e-54
-7.04316e-57
-2.10359e-54
1.00458e-56
-2.94454e-57
-4.10161e-57
2.13847e-54
-5.7085e-57
3.47672e-55
-9.73235e-58
6.85846e-56
-1.80466e-58
8.09844e-57
-2.14949e-59
9.77525e-58
-2.21319e-60
9.32678e-59
6.68762e-60
9.47433e-60
1.436e-58
1.77495e-59
2.88122e-57
3.61887e-58
5.62731e-56
7.49416e-57
1.05921e-54
1.50255e-55
1.93975e-53
2.93754e-54
3.40236e-52
5.53442e-53
5.80605e-51
1.0168e-51
9.4037e-50
1.78877e-50
1.48354e-48
3.07192e-49
2.19043e-47
5.0042e-48
3.16173e-46
7.98201e-47
4.17436e-45
1.19031e-45
5.43427e-44
1.75004e-44
6.2129e-43
2.34992e-43
7.13487e-42
3.15743e-42
6.62721e-41
3.72451e-41
6.42652e-40
4.53835e-40
4.05169e-39
4.50776e-39
2.88893e-38
4.88966e-38
3.49024e-37
-1.25363e-39
-1.26258e-37
1.26902e-39
-1.13404e-38
1.21338e-40
6.19286e-40
5.63515e-42
1.73093e-40
-4.89566e-43
3.43587e-41
-2.04421e-43
3.71819e-42
-2.80635e-44
4.13962e-43
-3.54721e-45
3.63692e-44
-3.42696e-46
3.21541e-45
-3.20901e-47
2.47623e-46
-2.59994e-48
1.88478e-47
-2.04375e-49
1.30713e-48
-1.46103e-50
8.87677e-50
-1.01219e-51
5.57631e-51
-6.5321e-53
2.92375e-52
-4.0363e-54
4.06823e-54
3.0305e-56
-4.59614e-53
2.37772e-55
-1.29981e-55
-9.20982e-56
4.54631e-53
-1.28789e-55
7.35265e-54
-2.18768e-56
1.45089e-54
-4.06089e-57
1.70856e-55
-4.83099e-58
2.06364e-56
-5.3907e-59
1.96643e-57
6.28994e-59
1.88927e-58
1.41869e-57
1.32529e-58
2.85258e-56
2.50525e-57
5.58654e-55
5.20528e-56
1.05442e-53
1.04735e-54
1.93839e-52
2.05717e-53
3.41285e-51
3.89307e-52
5.85516e-50
7.19582e-51
9.53263e-49
1.27307e-49
1.51522e-47
2.20386e-48
2.2534e-46
3.61639e-47
3.28787e-45
5.83147e-46
4.38597e-44
8.78072e-45
5.80214e-43
1.31112e-43
6.73787e-42
1.78501e-42
7.93509e-41
2.45772e-41
7.56055e-40
2.97092e-40
7.63824e-39
3.79727e-39
5.02495e-38
4.00346e-38
3.80894e-37
4.79508e-37
3.87899e-36
-1.31285e-38
-8.44113e-37
9.34468e-39
-7.57899e-38
7.38837e-40
1.16588e-38
-4.24105e-41
1.99685e-39
-1.48699e-41
3.12818e-40
-3.07691e-42
3.06944e-41
-3.60397e-43
3.13679e-42
-4.13832e-44
2.61992e-43
-3.79106e-45
2.21983e-44
-3.41138e-46
1.66176e-45
-2.69049e-47
1.23556e-46
-2.07067e-48
8.42624e-48
-1.45749e-49
5.64296e-49
-9.97428e-51
3.42981e-50
-6.36211e-52
1.00674e-51
-3.83356e-53
-2.12497e-52
3.71276e-54
-9.77513e-52
5.44184e-54
-3.60622e-54
-2.03444e-54
9.50177e-52
-2.85139e-54
1.52498e-52
-4.81759e-55
3.00789e-53
-8.94627e-56
3.52685e-54
-1.06158e-56
4.25928e-55
-1.23657e-57
4.04919e-56
2.85925e-58
3.78991e-57
8.39628e-57
4.88304e-58
1.68766e-55
3.88625e-57
3.30263e-54
8.03799e-56
6.2324e-53
1.61911e-54
1.14635e-51
3.18471e-53
2.02118e-50
6.03476e-52
3.47577e-49
1.11736e-50
5.67987e-48
1.97985e-49
9.07358e-47
3.43474e-48
1.35928e-45
5.64676e-47
2.00147e-44
9.13216e-46
2.70574e-43
1.37916e-44
3.6368e-42
2.072e-43
4.32813e-41
2.85311e-42
5.24005e-40
4.04599e-41
5.23106e-39
5.27503e-40
5.5255e-38
7.85191e-39
3.95933e-37
1.12334e-37
3.11961e-36
1.82054e-36
2.2873e-35
-2.09592e-37
-1.65441e-36
6.34328e-38
-6.86071e-37
8.83701e-40
1.70325e-37
-1.6986e-39
2.21557e-38
-2.76346e-40
3.18384e-39
-4.51123e-41
2.88618e-40
-4.77015e-42
2.8385e-41
-5.15359e-43
2.27115e-42
-4.51423e-44
1.87805e-43
-3.94383e-45
1.36803e-44
-3.03106e-46
9.99886e-46
-2.29119e-47
6.69138e-47
-1.58582e-48
4.42184e-48
-1.07208e-49
2.51351e-49
-6.73017e-51
-6.52594e-51
-3.88842e-52
-5.73761e-51
1.03982e-52
-1.95048e-50
1.16896e-52
-7.56316e-53
-4.31537e-53
1.8878e-50
-6.04768e-53
3.01141e-51
-1.01718e-53
5.93167e-52
-1.88875e-54
6.92952e-53
-2.23605e-55
8.36439e-54
-2.63235e-56
7.9368e-55
3.79162e-58
7.41381e-56
6.01154e-56
5.89717e-57
1.21648e-54
-2.08906e-57
2.39314e-53
-5.32296e-56
4.53874e-52
-1.07164e-54
8.40324e-51
-2.10469e-53
1.49065e-49
-3.98257e-52
2.585e-48
-7.36003e-51
4.25619e-47
-1.30185e-49
6.87471e-46
-2.25273e-48
1.03979e-44
-3.69287e-47
1.55437e-43
-5.93595e-46
2.12794e-42
-8.83948e-45
2.92346e-41
-1.27056e-43
3.54002e-40
-1.49556e-42
4.43487e-39
-1.09581e-41
4.54215e-38
2.40472e-40
5.0963e-37
1.44015e-38
3.81192e-36
4.8173e-37
3.45228e-35
1.17508e-35
2.17544e-34
-2.54739e-36
-3.74239e-35
-1.18874e-36
-2.11951e-36
-1.57803e-37
7.98211e-38
-2.97454e-38
1.71517e-38
-3.23539e-39
2.82222e-39
-4.03251e-40
2.61165e-40
-3.78081e-41
2.58339e-41
-3.71642e-42
2.0621e-42
-3.08085e-43
1.70127e-43
-2.57298e-44
1.23528e-44
-1.91929e-45
9.00833e-46
-1.41546e-46
6.00485e-47
-9.62889e-48
3.88669e-48
-6.41701e-49
-2.00387e-49
-3.90204e-50
-4.38947e-49
-1.84503e-51
-1.29251e-49
2.53714e-51
-3.83478e-49
2.461e-51
-1.51094e-51
-9.02044e-52
3.70331e-49
-1.26216e-51
5.85137e-50
-2.10825e-52
1.14989e-50
-3.91118e-53
1.33539e-51
-4.61212e-54
1.6095e-52
-5.45432e-55
1.52186e-53
-4.92916e-56
1.42069e-54
4.84363e-56
1.14698e-55
1.07326e-54
5.95481e-58
2.11364e-53
-1.75333e-55
4.01136e-52
-3.54343e-54
7.43318e-51
-6.96619e-53
1.31958e-49
-1.31938e-51
2.29072e-48
-2.44125e-50
3.77502e-47
-4.32289e-49
6.10545e-46
-7.49229e-48
9.24415e-45
-1.23024e-46
1.38424e-43
-1.98395e-45
1.89745e-42
-2.97403e-44
2.61288e-41
-4.36319e-43
3.16895e-40
-5.53137e-42
3.98373e-39
-5.91237e-41
4.08861e-38
-4.43224e-41
4.61427e-37
1.99048e-38
3.46253e-36
8.10963e-37
3.17576e-35
2.07332e-35
3.96475e-34
-7.64032e-35
-3.90261e-35
-2.62196e-36
-2.51828e-36
-2.07135e-36
-3.28507e-37
-3.63284e-37
-2.72236e-38
-3.46281e-38
-3.09731e-39
-4.12574e-39
-2.63652e-40
-3.62468e-40
-2.53566e-41
-3.46112e-41
-2.01268e-42
-2.76214e-42
-1.66065e-43
-2.26036e-43
-1.20659e-44
-1.64454e-44
-8.80844e-46
-1.19455e-45
-6.05167e-47
-7.98573e-47
-5.41985e-48
-5.25918e-48
-8.43894e-48
-3.01716e-49
-8.35951e-48
-7.61419e-51
-2.37883e-48
5.19388e-50
-7.06024e-48
4.88511e-50
-2.74285e-50
-1.79032e-50
6.82e-48
-2.50036e-50
1.06993e-48
-4.15344e-51
2.09465e-49
-7.69301e-52
2.42047e-50
-9.04135e-53
2.91119e-51
-1.0688e-53
2.74449e-52
-1.01657e-54
2.55986e-53
-1.47005e-55
2.07075e-54
-1.08125e-54
1.60369e-55
-2.11371e-53
-4.16274e-56
-4.01138e-52
-1.07125e-54
-7.43321e-51
-2.10546e-53
-1.31959e-49
-3.984e-52
-2.29073e-48
-7.36253e-51
-3.77503e-47
-1.30228e-49
-6.10547e-46
-2.25342e-48
-9.24418e-45
-3.69397e-47
-1.38424e-43
-5.93756e-46
-1.89745e-42
-8.84181e-45
-2.61288e-41
-1.27087e-43
-3.16895e-40
-1.49596e-42
-3.98374e-39
-1.09627e-41
-4.08861e-38
2.4042e-40
-4.61427e-37
1.4401e-38
-3.46253e-36
4.81726e-37
-3.17576e-35
1.17508e-35
2.17544e-34
-2.14491e-36
-2.00257e-36
-1.64755e-36
-1.11676e-36
-2.04451e-37
-2.73176e-37
-3.6566e-38
-2.66626e-38
-3.82514e-39
-3.35048e-39
-4.62786e-40
-2.94132e-40
-4.25003e-41
-2.8579e-41
-4.11063e-42
-2.27906e-42
-3.36634e-43
-1.87972e-43
-2.78379e-44
-1.35397e-44
-2.06084e-45
-9.7878e-46
-1.51512e-46
-9.3156e-47
-1.10685e-47
-3.16309e-47
-7.41424e-49
-1.50103e-46
4.12253e-49
-1.52554e-46
2.31528e-49
-4.30224e-47
1.03884e-48
-1.29308e-46
9.58281e-49
-4.89723e-49
-3.51895e-49
1.24987e-46
-4.89841e-49
1.93689e-47
-8.06437e-50
3.77292e-48
-1.48968e-50
4.32406e-49
-1.74096e-51
5.18308e-50
-2.0545e-52
4.86054e-51
-1.94295e-53
4.52406e-52
-1.85542e-54
3.64822e-53
-1.36175e-54
2.87115e-54
-2.39437e-53
2.8497e-55
-4.53894e-52
1.62914e-54
-8.40356e-51
3.177e-53
-1.49071e-49
6.02042e-52
-2.58509e-48
1.11483e-50
-4.25633e-47
1.97552e-49
-6.87492e-46
3.42769e-48
-1.03982e-44
5.63555e-47
-1.55441e-43
9.11548e-46
-2.128e-42
1.37673e-44
-2.92352e-41
2.06876e-43
-3.54009e-40
2.84882e-42
-4.43493e-39
4.041e-41
-4.5422e-38
5.26916e-40
-5.09634e-37
7.84631e-39
-3.81195e-36
1.12277e-37
-3.45229e-35
1.82017e-36
2.28702e-35
2.0508e-38
-6.095e-37
-1.99318e-37
-8.43265e-38
-2.64283e-38
-2.44456e-38
-5.72137e-39
-2.75332e-39
-6.28077e-40
-3.6437e-40
-8.07855e-41
-3.40155e-41
-7.60064e-42
-3.39967e-42
-7.53887e-43
-2.80256e-43
-6.25007e-44
-1.90632e-44
-5.2555e-45
1.04799e-45
-4.04823e-46
2.50088e-46
-3.9689e-47
-4.53619e-46
-1.77553e-47
-4.55409e-46
-1.30395e-48
-2.52508e-45
8.3319e-48
-2.57008e-45
4.26492e-48
-7.1953e-46
1.90488e-47
-2.18175e-45
1.75782e-47
-8.07565e-48
-6.47287e-48
2.11003e-45
-8.98732e-48
3.24215e-46
-1.46953e-48
6.26799e-47
-2.7042e-49
7.13464e-48
-3.14554e-50
8.51403e-49
-3.70396e-51
7.9484e-50
-3.49259e-52
7.3802e-51
-3.22514e-53
5.93615e-52
-2.77405e-54
4.66106e-53
-3.51563e-54
3.37625e-54
-6.25086e-53
1.25298e-54
-1.14934e-51
2.01252e-53
-2.02629e-50
3.80823e-52
-3.48407e-49
7.04622e-51
-5.69297e-48
1.24735e-49
-9.09301e-47
2.16182e-48
-1.36209e-45
3.54922e-47
-2.0052e-44
5.73085e-46
-2.71059e-43
8.63257e-45
-3.64242e-42
1.29109e-43
-4.33458e-41
1.75809e-42
-5.24616e-40
2.42568e-41
-5.23699e-39
2.93213e-40
-5.52951e-38
3.75854e-39
-3.96227e-37
3.96256e-38
-3.12035e-36
4.76575e-37
3.8559e-36
2.90857e-38
1.65801e-36
-3.94357e-38
1.8077e-37
-5.09553e-39
1.16952e-38
-9.38493e-40
4.88568e-40
-9.80519e-41
3.57461e-42
-1.1719e-41
-1.55431e-42
-1.0686e-42
-4.0018e-43
-1.01e-43
-3.48148e-44
-8.35234e-45
7.30344e-44
-1.18533e-45
4.72591e-44
-3.33263e-46
6.4325e-45
-2.06958e-46
-6.80662e-45
-2.92222e-46
-7.50339e-45
-2.1508e-47
-4.28608e-44
1.52691e-46
-4.36283e-44
7.71208e-47
-1.20444e-44
3.4821e-46
-3.71334e-44
3.21608e-46
-1.32428e-46
-1.19048e-46
3.59445e-44
-1.64532e-46
5.43292e-45
-2.65838e-47
1.04077e-45
-4.8663e-48
1.17093e-46
-5.61557e-49
1.38876e-47
-6.58882e-50
1.28643e-48
-6.18089e-51
1.18965e-49
-5.69336e-52
9.52055e-51
-4.58838e-53
7.45628e-52
-4.23341e-54
5.30335e-53
-1.25111e-53
3.63732e-54
-2.24064e-52
-1.86637e-55
-3.93196e-51
-6.85353e-54
-6.70299e-50
-8.68244e-53
-1.08826e-48
-1.25064e-51
-1.71685e-47
-7.93102e-51
-2.54808e-46
-8.56704e-50
-3.68346e-45
2.8326e-48
-4.90993e-44
3.94831e-47
-6.41693e-43
1.74436e-45
-7.46234e-42
1.85474e-44
-8.64076e-41
5.36183e-43
-8.27741e-40
4.41242e-42
-8.15225e-39
1.17485e-40
-5.4439e-38
7.35188e-40
-3.95143e-37
2.06606e-38
9.34965e-38
2.51019e-37
2.59171e-36
-2.86475e-37
1.95774e-36
-2.93833e-38
1.06877e-37
-4.32164e-39
4.41499e-39
-3.76353e-40
1.33023e-40
-3.82489e-41
2.63863e-42
-3.02204e-42
-2.18633e-42
-2.38116e-43
-1.43155e-43
-1.95638e-44
1.14887e-42
-9.88317e-45
7.20832e-43
-4.81834e-45
9.64852e-44
-3.37364e-45
-1.06993e-43
-4.8681e-45
-1.13184e-43
-3.42766e-46
-6.51471e-43
2.56682e-45
-6.62845e-43
1.28255e-45
-1.81292e-43
5.83137e-45
-5.6516e-43
5.38837e-45
-1.94766e-45
-2.00748e-45
5.47511e-43
-2.76381e-45
8.18969e-44
-4.42703e-46
1.54724e-44
-8.04493e-47
1.72388e-45
-9.22236e-48
2.02796e-46
-1.07726e-48
1.86594e-47
-1.00622e-49
1.71741e-48
-9.24591e-51
1.36872e-49
-7.42829e-52
1.06925e-50
-5.85403e-53
7.58838e-52
-1.46767e-53
5.22449e-53
-1.8733e-52
8.73519e-55
-3.22709e-51
-4.59226e-53
-5.31252e-50
-8.1366e-52
-8.51158e-49
-1.40919e-50
-1.2877e-47
-2.30389e-49
-1.89968e-46
-3.72344e-48
-2.60416e-45
-5.58025e-47
-3.4988e-44
-8.37701e-46
-4.25517e-43
-1.13234e-44
-5.13035e-42
-1.57324e-43
-5.34649e-41
-1.86909e-42
-5.66344e-40
-2.40047e-41
-4.73161e-39
-2.38002e-40
-4.25042e-38
-2.80867e-39
-2.40764e-37
-1.94443e-38
-1.95833e-37
2.30711e-37
8.87042e-35
-2.62778e-37
3.58001e-36
-2.65221e-38
1.89744e-37
-3.87273e-39
7.56663e-39
-3.34201e-40
2.44406e-40
-3.41544e-41
1.16452e-41
-2.47055e-42
-3.27866e-41
8.7096e-44
-1.99465e-42
-3.0645e-44
1.81104e-41
-1.4319e-43
1.13024e-41
-7.73716e-44
1.51067e-42
-5.60913e-44
-1.44557e-42
-8.22168e-44
-1.70649e-42
-4.98098e-45
-1.02161e-41
4.38195e-44
-1.03942e-41
2.13678e-44
-2.7862e-42
9.83776e-44
-8.89484e-42
9.09575e-44
-2.89723e-44
-3.45007e-44
8.62807e-42
-4.70708e-44
1.26086e-42
-7.41559e-45
2.34454e-43
-1.33525e-45
2.56777e-44
-1.51319e-46
2.98981e-45
-1.75646e-47
2.71934e-46
-1.62805e-48
2.48595e-47
-1.48972e-49
1.96606e-48
-1.19084e-50
1.52901e-49
-9.30813e-52
1.07968e-50
-1.38988e-52
7.43223e-52
-1.30597e-51
5.06849e-53
-2.26101e-50
5.8863e-53
-3.7353e-49
9.92931e-52
-6.04399e-48
1.72362e-50
-9.1821e-47
2.84222e-49
-1.37467e-45
4.5967e-48
-1.8937e-44
6.96512e-47
-2.60379e-43
1.04262e-45
-3.18469e-42
1.43061e-44
-3.99221e-41
1.96819e-43
-4.18717e-40
2.3905e-42
-4.76762e-39
2.99907e-41
-4.01335e-38
3.08523e-40
-4.20966e-37
3.46813e-39
-2.41876e-36
2.61643e-38
2.38143e-37
-2.30609e-37
2.60241e-36
2.6266e-37
1.9591e-36
2.65103e-38
1.06904e-37
3.87559e-39
4.39271e-39
3.28455e-40
8.27132e-40
2.66253e-41
1.5198e-40
5.34876e-42
-4.33874e-40
4.87066e-42
-2.60015e-41
-1.6154e-43
2.4286e-40
-2.05194e-42
1.51017e-40
-1.06127e-42
1.96873e-41
-7.31206e-43
-2.09083e-41
-1.13599e-42
-2.26557e-41
-1.94863e-44
-1.36614e-40
6.69609e-43
-1.38891e-40
3.13115e-43
-3.67752e-41
1.43919e-42
-1.19128e-40
1.32821e-42
-3.67549e-43
-5.30566e-43
1.15695e-40
-7.12371e-43
1.66852e-41
-1.10914e-43
3.02392e-42
-1.97057e-44
3.26325e-43
-2.21166e-45
3.74469e-44
-2.54655e-46
3.37108e-45
-2.34497e-47
3.05602e-46
-2.13563e-48
2.40128e-47
-1.70032e-49
1.85864e-48
-1.32019e-50
1.30749e-49
-9.45005e-52
8.97694e-51
-2.32056e-52
5.78177e-52
-2.89268e-51
9.80565e-53
-4.73497e-50
1.10669e-51
-7.57619e-49
1.91557e-50
-1.14016e-47
3.15429e-49
-1.68185e-46
5.09489e-48
-2.28979e-45
7.707e-47
-3.08375e-44
1.15205e-45
-3.71496e-43
1.57746e-44
-4.51267e-42
2.16688e-43
-4.63732e-41
2.62459e-42
-5.00454e-40
3.287e-41
-4.09285e-39
3.36806e-40
-3.8475e-38
3.77657e-39
-2.12049e-37
2.82785e-38
2.55761e-37
-2.49865e-37
1.79196e-36
2.84985e-37
1.96416e-37
2.92496e-38
1.09082e-38
4.36811e-39
-1.63307e-41
2.9644e-40
1.01123e-38
-6.67223e-41
2.1579e-39
4.45617e-41
-6.31944e-39
7.17719e-41
-3.67433e-40
-5.01873e-43
3.52317e-39
-2.70054e-41
2.17621e-39
-1.08655e-41
2.81632e-40
-6.26247e-42
-2.40207e-40
-1.31408e-41
-3.08374e-40
2.41385e-42
-1.97012e-39
1.09061e-41
-2.00256e-39
4.50212e-42
-5.13876e-40
2.02942e-41
-1.72696e-39
1.85836e-41
-4.86932e-42
-8.77961e-42
1.68032e-39
-1.12639e-41
2.33812e-40
-1.70964e-42
4.12266e-41
-2.98887e-43
4.3322e-42
-3.2973e-44
4.88864e-43
-3.75726e-45
4.32486e-44
-3.42026e-46
3.87891e-45
-3.09339e-47
3.01305e-46
-2.44401e-48
2.31555e-47
-1.88875e-49
1.61639e-48
-1.33184e-50
1.10435e-49
-9.42911e-52
7.03524e-51
-5.7773e-52
4.45094e-52
-8.48472e-51
1.75342e-52
-1.35041e-49
2.57556e-51
-2.01704e-48
4.20679e-50
-2.94785e-47
6.72042e-49
-3.95744e-46
1.00688e-47
-5.24167e-45
1.48254e-46
-6.15069e-44
2.00453e-45
-7.24777e-43
2.69409e-44
-7.06036e-42
3.20695e-43
-7.17173e-41
3.88187e-42
-5.1432e-40
3.87673e-41
-4.19124e-39
4.09316e-40
-1.42615e-38
2.9357e-39
2.31089e-38
-2.22128e-38
2.87167e-37
2.46837e-38
2.23922e-38
3.70146e-39
-5.40776e-38
1.34461e-39
-1.08968e-38
-7.5793e-40
1.1331e-37
-1.06804e-39
2.41836e-38
4.87175e-40
-7.14264e-38
8.54982e-40
-4.12805e-39
1.08363e-40
3.97255e-38
-1.13849e-40
2.4417e-38
1.19175e-40
3.02785e-39
1.84331e-40
-3.20121e-39
7.63679e-41
-3.44187e-39
1.65227e-40
-2.21304e-38
1.60837e-40
-2.24662e-38
4.38012e-41
-5.6652e-39
1.53355e-40
-1.94357e-38
1.30956e-40
-4.99172e-41
-1.33107e-40
1.89458e-38
-1.50589e-40
2.58956e-39
-2.23877e-41
4.34539e-40
-3.81149e-42
4.45476e-41
-4.14036e-43
4.89479e-42
-4.64979e-44
4.25909e-43
-4.18971e-45
3.76446e-44
-3.75772e-46
2.89454e-45
-2.95011e-47
2.20628e-46
-2.26915e-48
1.53088e-47
-1.59408e-49
1.04126e-48
-1.09028e-50
6.61138e-50
-7.48027e-52
4.09611e-51
-8.72961e-52
2.65604e-52
-1.31081e-50
4.47156e-52
-1.94277e-49
7.05767e-51
-2.80765e-48
1.12172e-49
-3.7297e-47
1.66836e-48
-4.85953e-46
2.43423e-47
-5.61358e-45
3.24768e-46
-6.44619e-44
4.29608e-45
-6.11545e-43
4.99003e-44
-5.93307e-42
5.87582e-43
-4.01047e-41
5.60071e-42
-2.94638e-40
5.65625e-41
-7.40098e-40
3.72465e-40
2.82062e-39
-9.7109e-39
9.10036e-39
-5.90112e-39
-9.77417e-38
-2.91735e-39
-7.71314e-37
-2.4977e-39
-1.55238e-37
-4.86311e-39
1.50473e-36
-4.01748e-39
3.16789e-37
4.5824e-39
-9.52985e-37
8.92233e-39
-5.21304e-38
5.91533e-39
5.26399e-37
7.63972e-39
3.19932e-37
1.16903e-38
3.87786e-38
1.24769e-38
-2.91213e-38
1.02866e-38
-4.11846e-38
7.3454e-39
-2.90643e-37
2.9238e-39
-2.94902e-37
7.20648e-41
-7.03324e-38
-2.09407e-39
-2.5739e-37
-2.41089e-39
-5.68246e-40
-2.53631e-39
2.51581e-37
-2.23807e-39
3.22848e-38
-3.16692e-40
5.17967e-39
-5.22401e-41
5.0867e-40
-5.51924e-42
5.44607e-41
-6.09341e-43
4.61491e-42
-5.3953e-44
4.01511e-43
-4.78684e-45
3.03557e-44
-3.71496e-46
2.28974e-45
-2.83662e-47
1.57085e-46
-1.9772e-48
1.06065e-47
-1.34511e-49
6.68128e-49
-8.56037e-51
4.11603e-50
-6.19679e-52
2.40485e-51
-1.454e-51
1.79885e-52
-2.10042e-50
7.05999e-52
-3.01771e-49
1.10187e-50
-3.97646e-48
1.62688e-49
-5.12931e-47
2.34774e-48
-5.84031e-46
3.10011e-47
-6.59386e-45
4.03471e-46
-6.09096e-44
4.61464e-45
-5.73836e-43
5.29809e-44
-3.66205e-42
4.92669e-43
-2.53214e-41
4.77807e-42
-4.66623e-41
3.02617e-41
2.16672e-40
-8.14877e-38
-9.649e-38
-1.61253e-37
-7.98718e-37
-5.39007e-37
-6.34813e-36
-6.15671e-37
-1.29856e-36
2.07709e-37
1.2369e-35
3.96902e-37
2.58673e-36
-5.01894e-38
-7.85889e-36
-3.73376e-38
-4.25378e-37
2.28931e-37
4.32582e-36
4.28519e-37
2.60869e-36
4.95329e-37
2.90467e-37
5.05276e-37
-3.6577e-37
4.60653e-37
-3.36427e-37
2.65288e-37
-2.375e-36
5.27343e-38
-2.40479e-36
-1.82845e-38
-5.56674e-37
-1.85384e-37
-2.10925e-36
-1.88879e-37
-3.92867e-39
-4.85003e-38
2.06731e-36
-2.61662e-38
2.57515e-37
-3.4938e-39
3.76099e-38
-5.41246e-40
3.53539e-39
-5.55375e-41
3.60387e-40
-5.96298e-42
2.9702e-41
-5.19048e-43
2.5194e-42
-4.53723e-44
1.87437e-43
-3.48567e-45
1.39463e-44
-2.63965e-46
9.47976e-46
-1.82913e-47
6.3532e-47
-1.23889e-48
3.98169e-48
-7.85522e-50
2.44363e-49
-4.85815e-51
1.42282e-50
-3.99186e-52
8.13397e-52
-1.70044e-51
1.19262e-52
-2.39769e-50
1.1889e-51
-3.12831e-49
1.75201e-50
-3.97656e-48
2.52762e-49
-4.45216e-47
3.34029e-48
-4.90033e-46
4.3538e-47
-4.36997e-45
5.0106e-46
-3.89579e-44
5.8142e-45
-2.19405e-43
5.58575e-44
-1.17716e-42
5.71195e-43
3.55966e-42
4.35731e-42
4.12815e-41
-1.16345e-36
-9.2429e-37
-3.42488e-36
-7.72912e-36
-1.86371e-35
-7.11366e-35
-2.17943e-35
-1.57815e-35
8.91405e-36
1.39029e-34
1.55e-35
2.82484e-35
-3.13337e-36
-8.89944e-35
-3.67853e-36
-4.16164e-36
6.78444e-36
4.83258e-35
1.35582e-35
2.84859e-35
1.48921e-35
2.93818e-36
1.49876e-35
-2.22386e-36
1.39752e-35
-3.08443e-36
7.6816e-36
-2.6151e-35
1.11395e-36
-2.6454e-35
-6.31782e-37
-5.36818e-36
-6.18074e-36
-2.36118e-35
-6.22591e-36
-3.40926e-38
-1.06027e-36
2.32257e-35
-3.76621e-37
2.4924e-36
-4.51646e-38
-6.56977e-39
-6.42726e-40
-6.7176e-41
-5.69332e-42
-4.89914e-43
-3.70066e-44
-2.77311e-45
-1.89968e-46
-1.27701e-47
-8.03107e-49
-4.93176e-50
-2.88065e-51
-2.51721e-52
-1.04386e-51
-8.93059e-51
-3.48566e-50
1.16434e-48
3.71699e-47
8.08805e-46
1.39977e-44
2.15944e-43
3.04014e-42
3.81119e-41
-1.07289e-35
-5.59154e-35
-4.56254e-34
-5.45366e-34
2.42293e-34
4.03114e-34
-9.67993e-35
-1.17866e-34
1.54542e-34
3.17225e-34
3.3775e-34
3.38718e-34
3.21281e-34
1.71056e-34
1.82577e-35
-1.39152e-35
-1.49212e-34
-1.49578e-34
-1.7832e-35
)
;

boundaryField
{
    leftWall
    {
        type            calculated;
        value           uniform 0;
    }
    rightWall
    {
        type            calculated;
        value           nonuniform 0();
    }
    lowerWall
    {
        type            calculated;
        value           uniform 0;
    }
    atmosphere
    {
        type            calculated;
        value           nonuniform 0();
    }
    defaultFaces
    {
        type            empty;
        value           nonuniform 0();
    }
    procBoundary0to1
    {
        type            processor;
        value           nonuniform List<scalar> 
44
(
-9.21481e-46
-1.26569e-44
-1.3685e-43
-1.38777e-42
-1.36955e-41
-1.23629e-40
-1.10394e-39
-8.46488e-39
-6.70951e-38
-3.72375e-37
-4.4351e-36
1.43694e-36
1.06428e-35
3.59085e-37
-4.95608e-36
4.00974e-37
9.06315e-36
1.6556e-35
5.1768e-37
-1.65158e-35
-1.46455e-34
9.62482e-36
8.80992e-37
1.03073e-37
7.86619e-39
8.37241e-40
2.25798e-39
2.4894e-38
3.30169e-37
2.70778e-36
3.04093e-35
2.80089e-35
-2.80089e-35
-3.04093e-35
-2.71012e-36
-4.02317e-37
-1.68692e-36
-3.47096e-36
-1.66218e-36
-7.21599e-38
-2.33969e-39
-4.08726e-41
7.47038e-41
4.62939e-40
)
;
    }
    procBoundary0to2
    {
        type            processor;
        value           nonuniform List<scalar> 
46
(
3.48679e-37
3.07674e-38
3.05802e-39
2.4325e-40
2.02829e-41
1.47535e-42
1.08413e-43
7.2558e-45
4.81667e-46
2.98492e-47
1.8182e-48
1.04966e-49
5.93089e-51
3.27524e-52
1.27213e-52
1.68412e-51
2.52772e-50
3.55653e-49
4.9951e-48
6.50312e-47
8.67561e-46
1.06371e-44
1.3845e-43
1.64294e-42
2.12116e-41
-8.36212e-37
-7.0227e-36
-6.55065e-35
-1.46279e-35
1.2806e-34
2.59563e-35
-8.2023e-35
-3.78471e-36
4.44857e-35
2.60648e-35
5.79124e-37
-3.32614e-36
-4.89063e-36
-2.41564e-35
-2.43279e-35
-4.87676e-36
-2.17421e-35
-3.06864e-38
2.13926e-35
-3.50438e-36
2.2648e-36
)
;
    }
}


// ************************************************************************* //
