/*--------------------------------*- C++ -*----------------------------------*\
| =========                 |                                                 |
| \\      /  F ield         | OpenFOAM: The Open Source CFD Toolbox           |
|  \\    /   O peration     | Version:  2.4.0                                 |
|   \\  /    A nd           | Web:      www.OpenFOAM.org                      |
|    \\/     M anipulation  |                                                 |
\*---------------------------------------------------------------------------*/
FoamFile
{
    version     2.0;
    format      ascii;
    class       volVectorField;
    location    "0.25";
    object      U;
}
// * * * * * * * * * * * * * * * * * * * * * * * * * * * * * * * * * * * * * //

dimensions      [0 1 -1 0 0 0 0];

internalField   nonuniform List<vector> 
1915
(
(-7.22049e-34 1.14622e-33 0)
(-7.61461e-35 6.35862e-35 0)
(-4.49431e-36 4.91433e-36 0)
(-3.48831e-37 2.56805e-37 0)
(-1.90379e-38 1.61588e-38 0)
(-1.20586e-39 7.89341e-40 0)
(-6.06737e-41 4.27345e-41 0)
(-3.30481e-42 1.94441e-42 0)
(-1.53587e-43 9.33864e-44 0)
(-7.41754e-45 3.95925e-45 0)
(-3.19499e-46 1.72003e-46 0)
(-1.39518e-47 6.80887e-48 0)
(-5.59101e-49 2.71131e-49 0)
(-2.1941e-50 1.00537e-50 0)
(1.09386e-50 5.1073e-52 0)
(3.18652e-49 2.92736e-51 0)
(8.05634e-48 6.13225e-50 0)
(2.03685e-46 1.11113e-48 0)
(4.72152e-45 2.10725e-47 0)
(1.11195e-43 3.19754e-46 0)
(2.33517e-42 5.37214e-45 0)
(5.10794e-41 6.28488e-44 0)
(9.54997e-40 9.07831e-43 0)
(1.93587e-38 6.61125e-42 0)
(3.13723e-37 7.61814e-41 0)
(-3.93814e-32 6.51141e-36 0)
(-6.85863e-31 9.66816e-37 0)
(-3.82358e-30 6.61367e-37 0)
(-8.20872e-29 5.19615e-38 0)
(-2.71962e-29 1.33663e-38 0)
(7.94382e-29 2.02453e-39 0)
(2.174e-30 -2.77586e-39 0)
(-2.62831e-29 -1.41667e-37 0)
(2.7518e-31 -1.12715e-35 0)
(2.84129e-29 -4.93754e-34 0)
(2.9831e-29 -1.6266e-32 0)
(3.00575e-29 -3.62855e-31 0)
(2.98474e-29 -1.6266e-32 0)
(2.86339e-29 -4.93757e-34 0)
(1.43881e-30 -1.1275e-35 0)
(1.37507e-32 -1.41694e-37 0)
(-1.19785e-30 5.10321e-40 0)
(-2.71825e-29 3.18364e-40 0)
(-1.21153e-30 1.16048e-39 0)
(-2.25822e-31 7.00609e-41 0)
(-1.23771e-32 7.42866e-42 0)
(-1.29591e-33 4.03954e-43 0)
(-7.12433e-35 3.03314e-44 0)
(-5.49307e-36 1.5573e-45 0)
(-2.87071e-37 9.62285e-47 0)
(-1.8073e-38 4.63517e-48 0)
(-8.8328e-40 2.47854e-49 0)
(-4.78409e-41 1.1152e-50 0)
(-2.17755e-42 5.30735e-52 0)
(-1.04612e-43 2.2299e-53 0)
(-4.43632e-45 9.60739e-55 0)
(-1.92762e-46 6.62921e-57 0)
(-7.63195e-48 -8.63824e-55 0)
(-3.03917e-49 -2.28566e-53 0)
(-1.06188e-50 -6.04697e-52 0)
(1.82506e-50 -1.50796e-50 0)
(5.03297e-49 -3.80518e-49 0)
(1.31176e-47 -8.93326e-48 0)
(3.15371e-46 -2.14821e-46 0)
(7.48211e-45 -4.71653e-45 0)
(1.59999e-43 -1.0769e-43 0)
(3.46617e-42 -2.1841e-42 0)
(6.51531e-41 -4.70516e-41 0)
(1.28891e-39 -8.64057e-40 0)
(2.08173e-38 -1.74421e-38 0)
(-2.27694e-33 3.25464e-33 0)
(-3.50088e-32 3.18621e-32 0)
(-1.9329e-31 5.14103e-31 0)
(-2.94596e-30 1.38239e-31 0)
(-9.73742e-31 -1.01331e-30 0)
(2.81183e-30 -1.89743e-31 0)
(1.09766e-31 6.61344e-31 0)
(-9.2716e-31 1.80478e-32 0)
(1.43968e-32 -3.46315e-31 0)
(1.03549e-30 -1.91193e-31 0)
(1.10934e-30 -2.8844e-32 0)
(1.11859e-30 -3.62918e-31 0)
(1.1057e-30 -4.81974e-33 0)
(1.04643e-30 1.80154e-31 0)
(7.28845e-32 1.81724e-31 0)
(8.02235e-34 2.18148e-32 0)
(-6.05128e-32 1.7029e-31 0)
(-9.72944e-31 6.87754e-35 0)
(-6.13109e-32 -1.69069e-31 0)
(-1.15024e-32 -1.02997e-32 0)
(-7.22049e-34 -1.14622e-33 0)
(-7.61461e-35 -6.35862e-35 0)
(-4.49431e-36 -4.91433e-36 0)
(-3.48831e-37 -2.56805e-37 0)
(-1.90379e-38 -1.61588e-38 0)
(-1.20586e-39 -7.89341e-40 0)
(-6.06737e-41 -4.27345e-41 0)
(-3.30481e-42 -1.94441e-42 0)
(-1.53587e-43 -9.33864e-44 0)
(-7.41754e-45 -3.95925e-45 0)
(-3.19499e-46 -1.72003e-46 0)
(-1.39518e-47 -6.80887e-48 0)
(-5.59126e-49 -2.71138e-49 0)
(-2.26118e-50 -1.02062e-50 0)
(-5.79002e-51 -4.01908e-51 0)
(-1.03445e-49 -7.57072e-50 0)
(-1.85206e-48 -1.59301e-48 0)
(-3.45652e-47 -2.90322e-47 0)
(-5.08776e-46 -5.53256e-46 0)
(-8.2135e-45 -8.54584e-45 0)
(-8.61702e-44 -1.45642e-43 0)
(-1.07428e-42 -1.79288e-42 0)
(-2.35917e-42 -2.69691e-41 0)
(4.83135e-41 -2.3817e-40 0)
(2.68771e-39 -3.21497e-39 0)
(-4.09088e-34 1.65198e-33 0)
(-3.58307e-33 2.03729e-33 0)
(-6.17096e-33 2.55424e-32 0)
(-6.83439e-32 6.56444e-33 0)
(-2.32925e-32 -4.99635e-32 0)
(6.3755e-32 -9.53466e-33 0)
(2.36642e-33 3.2485e-32 0)
(-1.90899e-32 1.04087e-33 0)
(1.33777e-33 -1.71493e-32 0)
(2.52359e-32 -9.6325e-33 0)
(3.00751e-32 -1.66171e-33 0)
(2.88216e-32 -1.49305e-32 0)
(2.55847e-32 -2.69074e-34 0)
(2.5957e-32 8.96719e-33 0)
(2.79918e-33 9.07179e-33 0)
(8.04375e-35 1.26333e-33 0)
(-1.68712e-33 8.41015e-33 0)
(-2.32106e-32 4.34398e-36 0)
(-1.76775e-33 -8.33823e-33 0)
(-1.03673e-33 -5.9589e-34 0)
(-7.16256e-35 -6.72445e-35 0)
(-9.07448e-36 -4.01348e-36 0)
(-5.57356e-37 -3.12428e-37 0)
(-4.61063e-38 -1.70541e-38 0)
(-2.56184e-39 -1.07967e-39 0)
(-1.66662e-40 -5.43034e-41 0)
(-8.44712e-42 -2.95662e-42 0)
(-4.65128e-43 -1.37365e-43 0)
(-2.16433e-44 -6.63242e-45 0)
(-1.04806e-45 -2.85625e-46 0)
(-4.50286e-47 -1.24707e-47 0)
(-1.96215e-48 -4.99704e-49 0)
(-7.84048e-50 -2.01232e-50 0)
(-7.13934e-51 -3.76237e-51 0)
(-8.33927e-50 -6.96949e-50 0)
(-1.74717e-48 -1.44413e-48 0)
(-3.16684e-47 -3.05767e-47 0)
(-5.99798e-46 -5.56124e-46 0)
(-9.14712e-45 -1.06778e-44 0)
(-1.53719e-43 -1.63796e-43 0)
(-1.82258e-42 -2.8096e-42 0)
(-2.63415e-41 -3.36663e-41 0)
(-1.97692e-40 -5.02043e-40 0)
(-2.25918e-39 -3.85095e-39 0)
(-2.22718e-39 -4.61639e-38 0)
(-1.03534e-32 1.08945e-32 0)
(-1.56573e-32 3.11323e-33 0)
(-1.21591e-33 5.164e-33 0)
(-1.29875e-33 8.43013e-34 0)
(-4.22704e-34 -5.20548e-33 0)
(1.0003e-33 -9.96975e-34 0)
(2.00248e-35 3.39108e-33 0)
(-2.22941e-34 1.07279e-34 0)
(6.14471e-35 -1.79199e-33 0)
(4.58056e-34 -1.01953e-33 0)
(6.45591e-34 -2.29137e-34 0)
(5.73097e-34 -2.38549e-33 0)
(4.12286e-34 -7.92067e-35 0)
(4.85696e-34 9.28719e-34 0)
(8.24595e-35 9.50558e-34 0)
(3.97613e-36 1.34268e-34 0)
(-3.25001e-35 8.80405e-34 0)
(-4.07197e-34 5.44742e-37 0)
(-3.6497e-35 -8.71686e-34 0)
(-4.63985e-35 -6.28231e-35 0)
(-3.53434e-36 -8.13322e-36 0)
(-4.66922e-37 -5.01019e-37 0)
(-3.01852e-38 -4.14529e-38 0)
(-2.53298e-39 -2.3027e-39 0)
(-1.45228e-40 -1.49725e-40 0)
(-9.52038e-42 -7.58621e-42 0)
(-4.92675e-43 -4.17579e-43 0)
(-2.72654e-44 -1.94261e-44 0)
(-1.28713e-45 -9.40491e-46 0)
(-6.2557e-47 -4.04e-47 0)
(-2.71533e-48 -1.7602e-48 0)
(-1.18794e-49 -7.02347e-50 0)
(-8.11889e-51 -4.4095e-51 0)
(-7.76876e-50 -3.72647e-50 0)
(-1.60609e-48 -8.55985e-49 0)
(-3.39978e-47 -1.77272e-47 0)
(-6.1812e-46 -3.74952e-46 0)
(-1.1864e-44 -6.84379e-45 0)
(-1.81876e-43 -1.31702e-43 0)
(-3.11804e-42 -2.04305e-42 0)
(-3.7316e-41 -3.52895e-41 0)
(-5.56106e-40 -4.33831e-40 0)
(-4.25841e-39 -6.55157e-39 0)
(-5.11576e-38 -5.3021e-38 0)
(-6.13421e-38 -6.39935e-37 0)
(-3.6283e-31 2.14495e-31 0)
(-3.93202e-31 9.82766e-33 0)
(-1.9853e-32 4.42392e-34 0)
(-3.30106e-33 3.91958e-35 0)
(-1.91513e-34 -2.42389e-34 0)
(-2.74942e-35 -4.68264e-35 0)
(-3.88763e-36 1.5714e-34 0)
(1.12203e-35 5.34638e-36 0)
(4.36029e-36 -8.34271e-35 0)
(3.3201e-36 -4.80628e-35 0)
(1.75041e-35 -1.21387e-35 0)
(8.98949e-36 -1.13417e-34 0)
(-5.69782e-36 -4.58431e-36 0)
(4.7337e-36 4.32316e-35 0)
(3.62393e-36 4.44672e-35 0)
(2.84066e-37 6.74677e-36 0)
(-1.56423e-37 4.09493e-35 0)
(-1.59505e-36 2.95789e-38 0)
(-4.4417e-37 -4.04976e-35 0)
(-3.24882e-36 -3.15055e-36 0)
(-2.52558e-37 -4.19894e-37 0)
(-3.57377e-38 -2.71739e-38 0)
(-2.34308e-39 -2.27906e-39 0)
(-2.02007e-40 -1.30622e-40 0)
(-1.16683e-41 -8.55815e-42 0)
(-7.73543e-43 -4.42741e-43 0)
(-4.0132e-44 -2.44936e-44 0)
(-2.2284e-45 -1.15602e-45 0)
(-1.05104e-46 -5.6173e-47 0)
(-5.10241e-48 -2.43785e-48 0)
(-2.20809e-49 -1.06552e-49 0)
(-1.14081e-50 -5.34369e-51 0)
(-4.1774e-50 -2.69239e-50 0)
(-9.53268e-49 -6.16918e-49 0)
(-1.97375e-47 -1.43502e-47 0)
(-4.17381e-46 -2.98425e-46 0)
(-7.61566e-45 -6.39922e-45 0)
(-1.4651e-43 -1.17475e-43 0)
(-2.27153e-42 -2.30555e-42 0)
(-3.92213e-41 -3.60758e-41 0)
(-4.81914e-40 -6.41703e-40 0)
(-7.28447e-39 -8.0073e-39 0)
(-5.93979e-38 -1.26651e-37 0)
(-7.31641e-37 -1.05564e-36 0)
(-1.3362e-36 -1.37023e-35 0)
(-7.53457e-33 2.3328e-31 0)
(-1.69335e-32 8.80649e-33 0)
(-1.14725e-33 -2.11287e-33 0)
(-1.86549e-34 -1.47048e-34 0)
(-1.1851e-35 -3.40721e-35 0)
(-2.29564e-36 -4.32471e-36 0)
(-2.39509e-37 1.12507e-35 0)
(7.42033e-37 3.7843e-37 0)
(1.95923e-37 -6.01557e-36 0)
(-1.15454e-37 -3.50393e-36 0)
(5.23169e-37 -1.06737e-36 0)
(1.06884e-37 -1.0722e-35 0)
(-5.81487e-37 -5.15361e-37 0)
(-6.52543e-38 3.08532e-36 0)
(1.38134e-37 3.20896e-36 0)
(1.31892e-38 4.89872e-37 0)
(1.50397e-38 2.95492e-36 0)
(1.77533e-37 2.30418e-39 0)
(1.63024e-39 -2.92021e-36 0)
(-1.43632e-37 -2.27907e-37 0)
(-1.17478e-38 -3.22347e-38 0)
(-1.69253e-39 -2.11277e-39 0)
(-1.14612e-40 -1.81962e-40 0)
(-9.96081e-42 -1.05059e-41 0)
(-5.87613e-43 -6.96085e-43 0)
(-3.91269e-44 -3.61024e-44 0)
(-2.0586e-45 -2.00398e-45 0)
(-1.14599e-46 -9.44987e-47 0)
(-5.45596e-48 -4.5866e-48 0)
(-2.65282e-49 -1.98404e-49 0)
(-1.27339e-50 -8.93921e-51 0)
(-3.03249e-50 -8.01382e-51 0)
(-6.87599e-49 -1.91431e-49 0)
(-1.59914e-47 -4.40747e-48 0)
(-3.32481e-46 -1.02251e-46 0)
(-7.1278e-45 -2.13375e-45 0)
(-1.30806e-43 -4.57947e-44 0)
(-2.56634e-42 -8.50617e-43 0)
(-4.0136e-41 -1.68027e-41 0)
(-7.13732e-40 -2.70177e-40 0)
(-8.90714e-39 -4.88384e-39 0)
(-1.41269e-37 -6.46876e-38 0)
(-1.19965e-36 -1.05509e-36 0)
(-1.6233e-35 -9.98639e-36 0)
(-4.36237e-35 -1.32003e-34 0)
(2.0306e-33 6.57994e-31 0)
(-1.54716e-33 2.98636e-32 0)
(-1.0247e-34 8.0752e-34 0)
(-2.39163e-35 1.32596e-35 0)
(-1.57294e-36 -1.35737e-36 0)
(-2.5335e-37 -2.05219e-37 0)
(-2.1238e-38 4.98917e-37 0)
(4.76849e-38 1.75202e-38 0)
(1.1422e-38 -2.68294e-37 0)
(-1.1833e-38 -1.57909e-37 0)
(3.09997e-38 -5.30841e-38 0)
(-1.57921e-42 -5.07397e-37 0)
(-4.67434e-38 -2.72532e-38 0)
(-1.00422e-38 1.37184e-37 0)
(7.43197e-39 1.43524e-37 0)
(7.63273e-40 2.28855e-38 0)
(1.34634e-39 1.31698e-37 0)
(1.55258e-38 1.1284e-40 0)
(5.64529e-40 -1.30049e-37 0)
(-8.3142e-39 -1.06359e-38 0)
(-6.83101e-40 -1.52801e-39 0)
(-1.01115e-40 -1.03403e-40 0)
(-6.88921e-42 -8.976e-42 0)
(-6.05487e-43 -5.29272e-43 0)
(-3.58327e-44 -3.52216e-44 0)
(-2.39453e-45 -1.85256e-45 0)
(-1.26018e-46 -1.03095e-46 0)
(-7.01045e-48 -4.90722e-48 0)
(-3.33094e-49 -2.38514e-49 0)
(-1.64809e-50 -1.05343e-50 0)
(-9.27979e-51 -4.6127e-51 0)
(-2.14162e-49 -1.04964e-49 0)
(-4.92972e-48 -2.6501e-48 0)
(-1.14344e-46 -6.13667e-47 0)
(-2.38551e-45 -1.4449e-45 0)
(-5.11833e-44 -3.03419e-44 0)
(-9.5032e-43 -6.64038e-43 0)
(-1.8765e-41 -1.24226e-41 0)
(-3.0158e-40 -2.52102e-40 0)
(-5.45221e-39 -4.08794e-39 0)
(-7.24025e-38 -7.69055e-38 0)
(-1.1934e-36 -1.02975e-36 0)
(-1.198e-35 -1.79543e-35 0)
(-1.79787e-34 -1.73296e-34 0)
(-1.09479e-33 -2.6506e-33 0)
(-1.06118e-32 4.35946e-31 0)
(4.7787e-33 1.99858e-32 0)
(2.34947e-34 7.38168e-34 0)
(1.72881e-35 2.36731e-35 0)
(5.51014e-37 1.14804e-36 0)
(-8.30027e-39 5.05549e-38 0)
(-2.54522e-39 3.34361e-38 0)
(1.79364e-39 1.25887e-39 0)
(4.6838e-40 -1.55703e-38 0)
(-5.3116e-40 -9.26339e-39 0)
(1.36905e-39 -3.5795e-39 0)
(-5.46135e-41 -3.56041e-38 0)
(-2.13914e-39 -2.06795e-39 0)
(-4.86492e-40 7.88541e-39 0)
(3.05196e-40 8.33711e-39 0)
(3.30289e-41 1.33506e-39 0)
(6.27862e-41 7.65179e-39 0)
(6.97539e-40 6.79106e-42 0)
(2.88057e-41 -7.55318e-39 0)
(-3.49715e-40 -6.19527e-40 0)
(-2.96772e-41 -9.13511e-41 0)
(-4.4234e-42 -6.21894e-42 0)
(-3.07983e-43 -5.45895e-43 0)
(-2.71554e-44 -3.22909e-44 0)
(-1.63008e-45 -2.15657e-45 0)
(-1.0908e-46 -1.1346e-46 0)
(-5.79336e-48 -6.30975e-48 0)
(-3.22363e-49 -2.99727e-49 0)
(-1.55749e-50 -1.45208e-50 0)
(-5.40941e-51 -6.57094e-52 0)
(-1.17648e-49 -7.72501e-52 0)
(-2.96955e-48 -1.99168e-50 0)
(-6.87514e-47 -4.97763e-49 0)
(-1.61838e-45 -1.2424e-47 0)
(-3.39752e-44 -2.8457e-46 0)
(-7.43292e-43 -6.60973e-45 0)
(-1.38991e-41 -1.3692e-43 0)
(-2.81934e-40 -2.94854e-42 0)
(-4.56914e-39 -5.41803e-41 0)
(-8.59497e-38 -1.07842e-39 0)
(-1.15319e-36 -1.70668e-38 0)
(-2.02785e-35 -3.1396e-37 0)
(-2.06283e-34 -4.07994e-36 0)
(-3.50515e-33 -6.94504e-35 0)
(-2.16958e-32 -6.45128e-34 0)
(-1.97315e-32 -1.95158e-31 0)
(-1.30649e-32 -5.90328e-33 0)
(-9.61955e-34 2.52264e-33 0)
(-1.69012e-34 1.71152e-34 0)
(-1.12667e-35 1.86392e-35 0)
(-1.16056e-36 1.05939e-36 0)
(-7.04548e-38 8.13534e-38 0)
(-5.29796e-39 4.27355e-39 0)
(-2.74725e-40 -3.9452e-40 0)
(-4.45691e-41 -3.81349e-40 0)
(7.96838e-41 -1.65309e-40 0)
(-3.51011e-42 -1.60688e-39 0)
(-1.20262e-40 -1.00208e-40 0)
(-2.59151e-41 3.308e-40 0)
(1.48541e-41 3.52065e-40 0)
(1.62951e-42 5.80614e-41 0)
(3.17968e-42 3.22399e-40 0)
(3.51611e-41 3.03733e-43 0)
(1.49088e-42 -3.18077e-40 0)
(-1.73143e-41 -2.69334e-41 0)
(-1.47391e-42 -3.99767e-42 0)
(-2.22108e-43 -2.78098e-43 0)
(-1.55163e-44 -2.44889e-44 0)
(-1.37282e-45 -1.46931e-45 0)
(-8.25048e-47 -9.82627e-47 0)
(-5.51762e-48 -5.21726e-48 0)
(-2.92757e-49 -2.90204e-49 0)
(-1.62418e-50 -1.38633e-50 0)
(-8.17197e-52 -6.78413e-52 0)
(-1.20616e-51 -2.46772e-52 0)
(-3.0678e-50 -5.92894e-51 0)
(-7.66335e-49 -1.67318e-49 0)
(-1.87111e-47 -4.18746e-48 0)
(-4.29958e-46 -1.11395e-46 0)
(-9.71532e-45 -2.53212e-45 0)
(-2.02988e-43 -6.34929e-44 0)
(-4.21879e-42 -1.29e-42 0)
(-7.88011e-41 -3.0546e-41 0)
(-1.49594e-39 -5.41927e-40 0)
(-2.4323e-38 -1.21905e-38 0)
(-4.18464e-37 -1.82667e-37 0)
(-5.64173e-36 -3.97776e-36 0)
(-8.66301e-35 -4.85777e-35 0)
(-8.4191e-34 -1.06818e-33 0)
(-1.03771e-32 -9.84295e-33 0)
(-4.03848e-31 -6.37645e-33 0)
(-4.36093e-31 -4.18219e-34 0)
(-2.20088e-32 -9.72789e-36 0)
(-3.66625e-33 -5.0786e-38 0)
(-2.10332e-34 2.42705e-38 0)
(-2.10668e-35 1.5683e-39 0)
(-1.1824e-36 1.72268e-40 0)
(-8.91306e-38 7.68707e-42 0)
(-4.705e-39 -3.226e-41 0)
(-2.93463e-40 -1.97026e-41 0)
(-1.08976e-41 -9.27196e-42 0)
(-9.17879e-43 -9.1973e-41 0)
(-5.08837e-42 -5.99719e-42 0)
(-1.06686e-42 1.62185e-41 0)
(5.80127e-43 1.74382e-41 0)
(6.55837e-44 2.88617e-42 0)
(1.29154e-43 1.59741e-41 0)
(1.39567e-42 1.53069e-44 0)
(6.08376e-44 -1.57571e-41 0)
(-6.84594e-43 -1.33825e-42 0)
(-5.96426e-44 -2.00793e-43 0)
(-8.99921e-45 -1.40147e-44 0)
(-6.38282e-46 -1.23837e-45 0)
(-5.64661e-47 -7.43877e-47 0)
(-3.42614e-48 -4.9718e-48 0)
(-2.28897e-49 -2.63716e-49 0)
(-1.22142e-50 -1.46243e-50 0)
(-6.90804e-52 -6.96568e-52 0)
(-4.46563e-52 -3.09236e-53 0)
(-1.12429e-50 7.35044e-53 0)
(-3.0327e-49 2.02291e-51 0)
(-7.61537e-48 5.36163e-50 0)
(-1.92329e-46 1.34047e-48 0)
(-4.42699e-45 3.31272e-47 0)
(-1.04394e-43 7.6038e-46 0)
(-2.17367e-42 1.74402e-44 0)
(-4.77624e-41 3.62349e-43 0)
(-8.82311e-40 7.6261e-42 0)
(-1.80592e-38 1.36734e-40 0)
(-2.87068e-37 2.35683e-39 0)
(-5.49353e-36 1.76359e-38 0)
(-7.11019e-35 -6.85119e-37 0)
(-1.28221e-33 -5.8193e-35 0)
(-1.15228e-32 -2.38549e-33 0)
(-1.89371e-31 -6.82638e-32 0)
(-1.71675e-32 -1.34585e-32 0)
(-1.43591e-32 -3.31858e-33 0)
(-1.03333e-33 -2.79423e-33 0)
(-1.77942e-34 -1.77154e-34 0)
(-1.17416e-35 -1.86926e-35 0)
(-1.19886e-36 -1.05761e-36 0)
(-7.2399e-38 -7.9866e-38 0)
(-5.52838e-39 -4.2155e-39 0)
(-3.05204e-40 -2.63104e-40 0)
(-1.91991e-41 -1.36415e-41 0)
(-7.95272e-43 -1.09034e-42 0)
(-5.89889e-44 -3.93448e-42 0)
(-2.46332e-43 -2.68916e-43 0)
(-4.87058e-44 6.38005e-43 0)
(2.49775e-44 6.91048e-43 0)
(2.84955e-45 1.16816e-43 0)
(5.65934e-45 6.32115e-43 0)
(6.09734e-44 6.29689e-46 0)
(2.66915e-45 -6.23311e-43 0)
(-2.988e-44 -5.41698e-44 0)
(-2.61137e-45 -8.1374e-45 0)
(-3.95168e-46 -5.76621e-46 0)
(-2.80855e-47 -5.09445e-47 0)
(-2.48231e-48 -3.08957e-48 0)
(-1.50623e-49 -2.06287e-49 0)
(-1.00315e-50 -1.10039e-50 0)
(-5.34247e-52 -6.09139e-52 0)
(-2.8062e-53 -2.77489e-53 0)
(3.83785e-53 3.80132e-53 0)
(1.07571e-51 1.13293e-51 0)
(2.88099e-50 3.075e-50 0)
(7.20734e-49 8.29775e-49 0)
(1.80357e-47 2.08386e-47 0)
(4.13466e-46 5.26422e-46 0)
(9.6351e-45 1.21173e-44 0)
(1.9974e-43 2.85743e-43 0)
(4.31997e-42 5.94187e-42 0)
(7.94163e-41 1.29907e-40 0)
(1.58991e-39 2.34154e-39 0)
(2.51355e-38 4.39328e-38 0)
(4.65384e-37 4.20603e-37 0)
(5.98353e-36 -6.13129e-36 0)
(1.02121e-34 -8.56149e-34 0)
(9.06606e-34 -3.95465e-32 0)
(1.32507e-32 -1.34453e-30 0)
(-3.12134e-33 -2.42755e-31 0)
(1.00746e-33 -1.11849e-32 0)
(3.2348e-35 -4.76218e-34 0)
(-7.6152e-36 -1.80741e-35 0)
(-7.43317e-37 -1.20286e-36 0)
(-1.07821e-37 -6.60219e-38 0)
(-7.22919e-39 -4.88646e-39 0)
(-6.16382e-40 -2.68675e-40 0)
(-3.56082e-41 -1.69201e-41 0)
(-2.34662e-42 -8.89441e-43 0)
(-1.14372e-43 -6.56791e-44 0)
(-6.97363e-45 -1.93748e-43 0)
(-9.9174e-45 -1.36198e-44 0)
(-1.8811e-45 2.75633e-44 0)
(9.14607e-46 3.01597e-44 0)
(1.0682e-46 5.11504e-45 0)
(2.13513e-46 2.75987e-44 0)
(2.26205e-45 2.77025e-47 0)
(1.00774e-46 -2.7212e-44 0)
(-1.108e-45 -2.37228e-45 0)
(-9.85372e-47 -3.57389e-46 0)
(-1.48777e-47 -2.53766e-47 0)
(-1.06887e-48 -2.23995e-48 0)
(-9.42351e-50 -1.35848e-49 0)
(-5.75389e-51 -9.04207e-51 0)
(-3.82094e-52 -4.81447e-52 0)
(-1.9408e-53 -2.65328e-53 0)
(2.82044e-53 -1.28114e-54 0)
(8.42995e-52 -5.81114e-55 0)
(2.28792e-50 -1.49738e-53 0)
(6.1738e-49 -4.06301e-52 0)
(1.5503e-47 -1.09656e-50 0)
(3.91632e-46 -2.75351e-49 0)
(9.01381e-45 -6.95707e-48 0)
(2.12614e-43 -1.60101e-46 0)
(4.42619e-42 -3.77546e-45 0)
(9.72855e-41 -7.84195e-44 0)
(1.79653e-39 -1.70937e-42 0)
(3.67822e-38 -3.0343e-41 0)
(5.84347e-37 -5.37695e-40 0)
(1.11854e-35 -2.7653e-39 0)
(1.44633e-34 2.40575e-37 0)
(2.60863e-33 1.9119e-35 0)
(2.34074e-32 8.3689e-34 0)
(3.84704e-31 2.75638e-32 0)
(2.62413e-33 -2.44162e-31 0)
(-1.33525e-33 -1.11543e-32 0)
(-7.18646e-35 -3.6272e-34 0)
(-9.6179e-36 -9.46046e-36 0)
(-5.24229e-37 -2.77272e-37 0)
(-4.52948e-38 -9.70956e-39 0)
(-2.41208e-39 -6.08429e-40 0)
(-1.64739e-40 -3.29843e-41 0)
(-8.31881e-42 -2.13504e-42 0)
(-4.81067e-43 -1.11231e-43 0)
(-2.2437e-44 -6.85846e-45 0)
(-1.16487e-45 -7.89794e-45 0)
(-4.62404e-46 -5.70793e-46 0)
(-7.87192e-47 1.01507e-45 0)
(3.53747e-47 1.11994e-45 0)
(4.17277e-48 1.92972e-46 0)
(8.41178e-48 1.02393e-45 0)
(8.88767e-47 1.05403e-48 0)
(3.97226e-48 -1.00936e-45 0)
(-4.35309e-47 -8.95323e-47 0)
(-3.88383e-48 -1.34575e-47 0)
(-5.85368e-49 -9.65903e-49 0)
(-4.21097e-50 -8.50448e-50 0)
(-3.69907e-51 -5.19008e-51 0)
(-2.25695e-52 -3.44476e-52 0)
(-1.49163e-53 -1.83991e-53 0)
(-7.66864e-55 -1.05518e-54 0)
(7.71156e-55 -1.40933e-54 0)
(2.31655e-53 -3.965e-53 0)
(6.24941e-52 -1.13984e-51 0)
(1.66434e-50 -3.0936e-50 0)
(4.15259e-49 -8.34861e-49 0)
(1.03181e-47 -2.09663e-47 0)
(2.3587e-46 -5.297e-46 0)
(5.44558e-45 -1.21926e-44 0)
(1.12545e-43 -2.87552e-43 0)
(2.40327e-42 -5.97913e-42 0)
(4.40342e-41 -1.30731e-40 0)
(8.65466e-40 -2.35529e-39 0)
(1.36319e-38 -4.41344e-38 0)
(2.45221e-37 -4.17553e-37 0)
(3.13838e-36 6.49882e-36 0)
(5.08452e-35 8.77924e-34 0)
(4.46881e-34 4.04564e-32 0)
(5.71586e-33 1.37369e-30 0)
(-1.66035e-34 -2.01054e-32 0)
(8.3695e-35 -1.26944e-33 0)
(4.48563e-36 -5.93298e-35 0)
(5.1642e-37 -2.05992e-36 0)
(2.57108e-38 -1.01839e-37 0)
(1.86736e-39 -4.46414e-39 0)
(8.60509e-41 -2.74369e-40 0)
(4.81481e-42 -1.33002e-41 0)
(1.99663e-43 -7.48311e-43 0)
(9.00728e-45 -3.46907e-44 0)
(3.3352e-46 -1.75933e-45 0)
(1.10097e-47 -4.051e-46 0)
(-1.48775e-47 -2.80356e-47 0)
(-2.74793e-48 3.93539e-47 0)
(1.21832e-48 4.39833e-47 0)
(1.46222e-49 7.60304e-48 0)
(2.96479e-49 4.02342e-47 0)
(3.09261e-48 4.15051e-50 0)
(1.40092e-49 -3.96612e-47 0)
(-1.51444e-48 -3.52931e-48 0)
(-1.36963e-49 -5.29544e-49 0)
(-2.05469e-50 -3.80569e-50 0)
(-1.48953e-51 -3.33866e-51 0)
(-1.30287e-52 -2.036e-52 0)
(-7.98024e-54 -1.34489e-53 0)
(-5.41673e-55 -7.16574e-55 0)
(-5.31865e-55 -4.11033e-56 0)
(-1.46758e-53 -6.13796e-56 0)
(-4.21837e-52 -1.72531e-54 0)
(-1.14477e-50 -4.9146e-53 0)
(-3.08913e-49 -1.32696e-51 0)
(-7.75699e-48 -3.54123e-50 0)
(-1.95966e-46 -8.84483e-49 0)
(-4.51045e-45 -2.20351e-47 0)
(-1.06402e-43 -5.04251e-46 0)
(-2.21524e-42 -1.16758e-44 0)
(-4.86992e-41 -2.40936e-43 0)
(-8.99442e-40 -5.11167e-42 0)
(-1.84209e-38 -8.90961e-41 0)
(-2.92731e-37 -1.44866e-39 0)
(-5.60603e-36 -2.18816e-39 0)
(-7.25284e-35 9.72191e-37 0)
(-1.30905e-33 6.31503e-35 0)
(-1.17576e-32 2.49291e-33 0)
(-1.93386e-31 7.02291e-32 0)
(-2.79655e-33 -2.57841e-31 0)
(1.41163e-33 -1.17629e-32 0)
(7.51305e-35 -3.66917e-34 0)
(9.41475e-36 -8.78349e-36 0)
(4.92464e-37 -1.47607e-37 0)
(4.00407e-38 -1.18452e-39 0)
(2.02986e-39 8.57621e-41 0)
(1.31262e-40 5.8693e-42 0)
(6.30655e-42 3.52665e-43 0)
(3.46935e-43 1.62354e-44 0)
(1.56386e-44 7.91391e-46 0)
(7.58481e-46 2.12755e-47 0)
(3.13964e-47 5.26532e-49 0)
(1.29545e-48 1.42156e-48 0)
(9.82827e-50 1.534e-48 0)
(7.42466e-51 2.68088e-49 0)
(1.07461e-50 1.40021e-48 0)
(1.10955e-49 1.46757e-51 0)
(5.04232e-51 -1.38008e-48 0)
(-5.43342e-50 -1.24475e-49 0)
(-4.93005e-51 -1.85893e-50 0)
(-7.36093e-52 -1.34628e-51 0)
(-5.34033e-53 -1.17603e-52 0)
(-4.64583e-54 -7.19909e-54 0)
(-2.84204e-55 -4.73505e-55 0)
(-1.98415e-56 -2.47763e-56 0)
(-3.89208e-56 1.34955e-56 0)
(-1.10005e-54 4.54154e-55 0)
(-3.13692e-53 1.32299e-53 0)
(-8.47443e-52 3.80344e-52 0)
(-2.26463e-50 1.03226e-50 0)
(-5.65966e-49 2.78576e-49 0)
(-1.41253e-47 6.996e-48 0)
(-3.23495e-46 1.76759e-46 0)
(-7.51296e-45 4.06896e-45 0)
(-1.55596e-43 9.59995e-44 0)
(-3.35006e-42 1.99908e-42 0)
(-6.15308e-41 4.3956e-41 0)
(-1.22404e-39 8.12254e-40 0)
(-1.93367e-38 1.66504e-38 0)
(-3.54569e-37 2.65492e-37 0)
(-4.55619e-36 5.1209e-36 0)
(-7.64477e-35 6.80302e-35 0)
(-6.77633e-34 1.26907e-33 0)
(-9.49941e-33 1.27672e-32 0)
(2.94535e-33 -2.56426e-31 0)
(-1.48682e-33 -1.16824e-32 0)
(-8.00009e-35 -3.57441e-34 0)
(-1.01017e-35 -8.2791e-36 0)
(-5.33521e-37 -1.04793e-37 0)
(-4.37096e-38 1.09697e-39 0)
(-2.23647e-39 2.42165e-40 0)
(-1.45703e-40 1.38078e-41 0)
(-7.06242e-42 8.13915e-43 0)
(-3.91331e-43 3.81534e-44 0)
(-1.77875e-44 1.91029e-45 0)
(-8.68785e-46 8.25991e-47 0)
(-3.69468e-47 3.70038e-48 0)
(-1.62871e-48 2.00299e-49 0)
(-6.32282e-50 6.11737e-50 0)
(-2.42953e-51 9.87832e-51 0)
(2.55214e-52 5.02471e-50 0)
(3.6232e-51 5.28999e-53 0)
(1.66467e-52 -4.95173e-50 0)
(-1.77593e-51 -4.48076e-51 0)
(-1.62892e-52 -6.66006e-52 0)
(-2.41652e-53 -4.82704e-53 0)
(-1.76275e-54 -4.1938e-54 0)
(-1.5249e-55 -2.56382e-55 0)
(-9.34504e-57 -1.67615e-56 0)
(-5.99191e-58 -8.19974e-58 0)
(2.42361e-58 2.16163e-57 0)
(8.03941e-57 6.69941e-56 0)
(2.32341e-55 1.94147e-54 0)
(6.33179e-54 5.53288e-53 0)
(1.71601e-52 1.49387e-51 0)
(4.3212e-51 3.98998e-50 0)
(1.09501e-49 9.96801e-49 0)
(2.52187e-48 2.48698e-47 0)
(5.95486e-47 5.69545e-46 0)
(1.23596e-45 1.32268e-44 0)
(2.70977e-44 2.74061e-43 0)
(4.95685e-43 5.90303e-42 0)
(1.00553e-41 1.08577e-40 0)
(1.56249e-40 2.1628e-39 0)
(2.9233e-39 3.4309e-38 0)
(3.59455e-38 6.32271e-37 0)
(6.15976e-37 8.26124e-36 0)
(4.9084e-36 1.41097e-34 0)
(7.296e-35 1.3255e-33 0)
(2.94864e-33 -1.18968e-32 0)
(-1.50098e-33 -7.2425e-34 0)
(-8.17868e-35 -2.24426e-35 0)
(-1.10158e-35 -2.04678e-37 0)
(-6.05343e-37 7.26546e-38 0)
(-5.24918e-38 6.04552e-39 0)
(-2.8103e-39 5.6355e-40 0)
(-1.92375e-40 3.36814e-41 0)
(-9.74906e-42 2.27018e-42 0)
(-5.64598e-43 1.19242e-43 0)
(-2.67656e-44 6.68781e-45 0)
(-1.36092e-45 3.17882e-46 0)
(-6.01624e-47 1.55729e-47 0)
(-2.74792e-48 6.80059e-49 0)
(-1.13282e-49 3.16034e-50 0)
(-4.71517e-51 1.51821e-51 0)
(-1.70313e-52 1.6904e-51 0)
(1.1306e-52 3.5327e-54 0)
(5.27964e-54 -1.61861e-51 0)
(-5.8797e-53 -1.48053e-52 0)
(-5.41034e-54 -2.18657e-53 0)
(-7.97183e-55 -1.59339e-54 0)
(-5.81701e-56 -1.37661e-55 0)
(-4.9973e-57 -8.43162e-57 0)
(-2.66862e-58 -5.33219e-58 0)
(1.18276e-57 4.62117e-58 0)
(3.64229e-56 1.52778e-56 0)
(1.05459e-54 4.67013e-55 0)
(3.00285e-53 1.36067e-53 0)
(8.10139e-52 3.91448e-52 0)
(2.16222e-50 1.06277e-50 0)
(5.39854e-49 2.87058e-49 0)
(1.34616e-47 7.21189e-48 0)
(3.08181e-46 1.82417e-46 0)
(7.15474e-45 4.20114e-45 0)
(1.4826e-43 9.92633e-44 0)
(3.19349e-42 2.06816e-42 0)
(5.87803e-41 4.55646e-41 0)
(1.17122e-39 8.42544e-40 0)
(1.85949e-38 1.73191e-38 0)
(3.42145e-37 2.76438e-37 0)
(4.44294e-36 5.35495e-36 0)
(7.4958e-35 7.13241e-35 0)
(6.77959e-34 1.34041e-33 0)
(9.51885e-33 1.35782e-32 0)
(-3.18528e-33 -8.91604e-33 0)
(9.2719e-34 -4.26985e-34 0)
(2.18329e-35 1.45014e-34 0)
(-1.13201e-35 1.17562e-35 0)
(-1.01377e-36 1.31368e-36 0)
(-1.39381e-37 8.02205e-38 0)
(-9.20175e-39 6.12293e-39 0)
(-7.73865e-40 3.36978e-40 0)
(-4.44157e-41 2.10714e-41 0)
(-2.90697e-42 1.06371e-42 0)
(-1.49926e-43 5.74681e-44 0)
(-8.28197e-45 2.67409e-45 0)
(-3.8937e-46 1.28455e-46 0)
(-1.88956e-47 5.53433e-48 0)
(-8.17109e-49 2.40837e-49 0)
(-3.56639e-50 9.65682e-51 0)
(-1.42764e-51 4.39311e-52 0)
(-5.32256e-53 1.4455e-53 0)
(-1.94973e-54 -5.30523e-53 0)
(-1.88645e-54 -4.89865e-54 0)
(-1.70614e-55 -7.207e-55 0)
(-2.46412e-56 -5.25617e-56 0)
(-1.80049e-57 -4.51193e-57 0)
(-1.36724e-58 -2.76515e-58 0)
(5.36191e-58 -3.89618e-59 0)
(1.69674e-56 -6.84861e-58 0)
(5.18596e-55 -2.12497e-56 0)
(1.51086e-53 -6.48345e-55 0)
(4.34625e-52 -1.88695e-53 0)
(1.17989e-50 -5.41696e-52 0)
(3.18668e-49 -1.46898e-50 0)
(8.00516e-48 -3.95749e-49 0)
(2.02462e-46 -9.93028e-48 0)
(4.66211e-45 -2.5036e-46 0)
(1.10141e-43 -5.75815e-45 0)
(2.29431e-42 -1.35478e-43 0)
(5.05365e-41 -2.81782e-42 0)
(9.33983e-40 -6.16736e-41 0)
(1.91802e-38 -1.13322e-39 0)
(3.05053e-37 -2.27636e-38 0)
(5.86488e-36 -3.39133e-37 0)
(7.59682e-35 -5.37431e-36 0)
(1.37943e-33 -1.4396e-35 0)
(1.24159e-32 1.22854e-33 0)
(2.06422e-31 6.35571e-32 0)
(-1.34265e-32 -2.47475e-31 0)
(-2.0824e-32 -7.83567e-33 0)
(-1.43564e-33 3.00025e-33 0)
(-2.38104e-34 2.04668e-34 0)
(-1.53907e-35 2.23516e-35 0)
(-1.54438e-36 1.2713e-36 0)
(-9.22768e-38 9.613e-38 0)
(-6.98304e-39 5.07389e-39 0)
(-3.8312e-40 3.15006e-40 0)
(-2.39138e-41 1.54613e-41 0)
(-1.20563e-42 8.30076e-43 0)
(-6.50674e-44 3.78523e-44 0)
(-3.02502e-45 1.80796e-45 0)
(-1.45198e-46 7.67168e-47 0)
(-6.25138e-48 3.32014e-48 0)
(-2.71805e-49 1.31445e-49 0)
(-1.08833e-50 5.22144e-51 0)
(-4.33972e-52 1.9338e-52 0)
(-1.62229e-53 5.46197e-54 0)
(-6.54849e-55 9.46071e-56 0)
(-2.61724e-56 -1.37403e-56 0)
(-1.47408e-57 -1.3481e-57 0)
(-7.95109e-59 -1.29708e-58 0)
(-2.76873e-59 -1.0201e-59 0)
(-7.20548e-58 -6.66764e-59 0)
(-2.23831e-56 -2.14226e-57 0)
(-6.83149e-55 -6.66162e-56 0)
(-1.98864e-53 -2.0353e-54 0)
(-5.71093e-52 -5.92872e-53 0)
(-1.54898e-50 -1.70472e-51 0)
(-4.17467e-49 -4.6271e-50 0)
(-1.04767e-47 -1.24896e-48 0)
(-2.64258e-46 -3.13686e-47 0)
(-6.0784e-45 -7.92725e-46 0)
(-1.43099e-43 -1.82493e-44 0)
(-2.97712e-42 -4.30588e-43 0)
(-6.52715e-41 -8.9585e-42 0)
(-1.20454e-39 -1.96303e-40 0)
(-2.45777e-38 -3.56516e-39 0)
(-3.90189e-37 -6.88047e-38 0)
(-7.43223e-36 -7.97859e-37 0)
(-9.60294e-35 -1.02109e-37 0)
(-1.71857e-33 8.3534e-34 0)
(-1.53996e-32 4.12932e-32 0)
(-2.49286e-31 1.45648e-30 0)
(-4.73682e-31 2.95364e-31 0)
(-5.28053e-31 1.36565e-32 0)
(-2.66708e-32 4.29581e-34 0)
(-4.43115e-33 1.03516e-35 0)
(-2.54056e-34 1.76699e-37 0)
(-2.54105e-35 1.53466e-39 0)
(-1.42542e-36 -9.26415e-41 0)
(-1.0737e-37 -6.53127e-42 0)
(-5.66643e-39 -3.94409e-43 0)
(-3.51991e-40 -1.81903e-44 0)
(-1.72862e-41 -8.87684e-46 0)
(-9.28519e-43 -3.75887e-47 0)
(-4.23594e-44 -1.64558e-48 0)
(-2.02391e-45 -6.51084e-50 0)
(-8.5906e-47 -2.60629e-51 0)
(-3.71865e-48 -9.66121e-53 0)
(-1.47253e-49 -3.52252e-54 0)
(-5.84835e-51 -1.24376e-55 0)
(-2.16696e-52 -5.50179e-56 0)
(-7.97015e-54 -4.85245e-57 0)
(-2.77223e-55 -6.84852e-58 0)
(-9.51942e-57 -4.99131e-59 0)
(-3.14041e-58 -4.18214e-60 0)
(-6.66939e-59 8.73005e-61 0)
(-1.8326e-57 3.7333e-59 0)
(-5.69713e-56 1.20908e-57 0)
(-1.74031e-54 3.75847e-56 0)
(-5.06874e-53 1.14761e-54 0)
(-1.45712e-51 3.34167e-53 0)
(-3.95438e-50 9.6016e-52 0)
(-1.06707e-48 2.6051e-50 0)
(-2.67951e-47 7.02562e-49 0)
(-6.76906e-46 1.7638e-47 0)
(-1.55798e-44 4.45246e-46 0)
(-3.67504e-43 1.02448e-44 0)
(-7.6509e-42 2.41333e-43 0)
(-1.68174e-40 5.01278e-42 0)
(-3.10576e-39 1.09149e-40 0)
(-6.35943e-38 1.94017e-39 0)
(-1.0104e-36 3.44885e-38 0)
(-1.9344e-35 1.91057e-37 0)
(-2.50173e-34 -1.45105e-35 0)
(-4.5133e-33 -1.1769e-33 0)
(-4.05112e-32 -5.16467e-32 0)
(-6.66009e-31 -1.70285e-30 0)
(-1.68581e-32 8.30211e-31 0)
(-1.90919e-32 3.4622e-32 0)
(-1.34165e-33 -2.1532e-33 0)
(-2.26286e-34 -1.84026e-34 0)
(-1.47656e-35 -2.1967e-35 0)
(-1.49346e-36 -1.26622e-36 0)
(-8.96757e-38 -9.61733e-38 0)
(-6.81456e-39 -5.07998e-39 0)
(-3.74981e-40 -3.15409e-40 0)
(-2.34654e-41 -1.54802e-41 0)
(-1.18534e-42 -8.31004e-43 0)
(-6.40817e-44 -3.78917e-44 0)
(-2.98332e-45 -1.80968e-45 0)
(-1.43373e-46 -7.67851e-47 0)
(-6.17915e-48 -3.32287e-48 0)
(-2.68913e-49 -1.31546e-49 0)
(-1.07761e-50 -5.22352e-51 0)
(-4.3012e-52 -1.93509e-52 0)
(-1.60901e-53 -7.11639e-54 0)
(-5.94483e-55 -2.47497e-55 0)
(-2.08366e-56 -8.49808e-57 0)
(-7.17829e-58 -2.78805e-58 0)
(-2.30858e-59 -8.93875e-60 0)
(1.84374e-59 2.82195e-60 0)
(6.21809e-58 1.02612e-58 0)
(1.93333e-56 3.32344e-57 0)
(5.90544e-55 1.0334e-55 0)
(1.71989e-53 3.15692e-54 0)
(4.94402e-52 9.19524e-53 0)
(1.34167e-50 2.64357e-51 0)
(3.62038e-49 7.17481e-50 0)
(9.09087e-48 1.93628e-48 0)
(2.2966e-46 4.86271e-47 0)
(5.28593e-45 1.22858e-45 0)
(1.24694e-43 2.82796e-44 0)
(2.59608e-42 6.66986e-43 0)
(5.7071e-41 1.38686e-41 0)
(1.05408e-39 3.03205e-40 0)
(2.15879e-38 5.45867e-39 0)
(3.43076e-37 1.02014e-37 0)
(6.57016e-36 9.44518e-37 0)
(8.50099e-35 -1.63958e-35 0)
(1.53429e-33 -2.0971e-33 0)
(1.37829e-32 -9.60374e-32 0)
(2.26656e-31 -3.24314e-30 0)
(-6.68532e-33 3.16297e-31 0)
(2.69363e-33 1.48408e-32 0)
(1.18525e-34 3.20408e-34 0)
(8.64849e-37 -1.53938e-37 0)
(-3.66011e-37 -1.07529e-36 0)
(-8.65484e-38 -7.60247e-38 0)
(-6.49464e-39 -6.0563e-39 0)
(-5.98399e-40 -3.35984e-40 0)
(-3.59212e-41 -2.1054e-41 0)
(-2.43876e-42 -1.06333e-42 0)
(-1.28702e-43 -5.74548e-44 0)
(-7.25076e-45 -2.67364e-45 0)
(-3.45696e-46 -1.28437e-46 0)
(-1.69832e-47 -5.53365e-48 0)
(-7.41384e-49 -2.40753e-49 0)
(-3.26317e-50 -9.64549e-51 0)
(-1.31551e-51 -3.8492e-52 0)
(-5.27563e-53 -1.4397e-53 0)
(-1.97641e-54 -5.31864e-55 0)
(-7.30447e-56 -1.864e-56 0)
(-2.55548e-57 -6.42125e-58 0)
(-8.77067e-59 -2.11701e-59 0)
(-1.14452e-60 -7.16303e-61 0)
(5.72429e-59 -1.10034e-60 0)
(1.85672e-57 -3.5667e-59 0)
(5.77293e-56 -1.15497e-57 0)
(1.76344e-54 -3.59101e-56 0)
(5.136e-53 -1.09692e-54 0)
(1.47647e-51 -3.1948e-53 0)
(4.00685e-50 -9.18424e-52 0)
(1.08127e-48 -2.49251e-50 0)
(2.71517e-47 -6.72628e-49 0)
(6.85961e-46 -1.68915e-47 0)
(1.57887e-44 -4.26766e-46 0)
(3.72474e-43 -9.82408e-45 0)
(7.75485e-42 -2.31787e-43 0)
(1.7049e-40 -4.82758e-42 0)
(3.1489e-39 -1.06216e-40 0)
(6.44958e-38 -1.96804e-39 0)
(1.02494e-36 -4.0686e-38 0)
(1.96307e-35 -6.71433e-37 0)
(2.53981e-34 -1.40284e-35 0)
(4.58489e-33 -2.41203e-34 0)
(4.11825e-32 -5.92448e-33 0)
(6.77606e-31 -1.08924e-31 0)
(-3.30825e-34 3.08206e-31 0)
(1.54546e-34 1.42688e-32 0)
(9.50985e-36 4.48254e-34 0)
(4.44768e-37 1.05292e-35 0)
(5.41543e-39 1.15287e-37 0)
(-2.77541e-39 -3.7281e-39 0)
(-2.59409e-40 -6.00103e-40 0)
(-2.71765e-41 -3.73662e-41 0)
(-1.74374e-42 -2.50592e-42 0)
(-1.23473e-43 -1.30098e-43 0)
(-6.75286e-45 -7.21752e-45 0)
(-3.88526e-46 -3.40122e-46 0)
(-1.89483e-47 -1.65444e-47 0)
(-9.42814e-49 -7.16581e-49 0)
(-4.18006e-50 -3.13278e-50 0)
(-1.85561e-51 -1.25591e-51 0)
(-7.56359e-53 -5.01209e-53 0)
(-3.05166e-54 -1.86986e-54 0)
(-1.1524e-55 -6.88523e-56 0)
(-4.27778e-57 -2.40104e-57 0)
(-1.50526e-58 -8.2216e-59 0)
(-5.20325e-60 -2.69289e-60 0)
(-7.87643e-61 -1.78331e-61 0)
(-2.0394e-59 -3.15961e-60 0)
(-6.60184e-58 -1.04369e-58 0)
(-2.05244e-56 -3.38028e-57 0)
(-6.26892e-55 -1.05113e-55 0)
(-1.82565e-53 -3.21134e-54 0)
(-5.24779e-52 -9.35423e-53 0)
(-1.42404e-50 -2.68957e-51 0)
(-3.84254e-49 -7.30005e-50 0)
(-9.64846e-48 -1.97035e-48 0)
(-2.43743e-46 -4.94859e-47 0)
(-5.61005e-45 -1.2505e-45 0)
(-1.32342e-43 -2.87875e-44 0)
(-2.75538e-42 -6.79235e-43 0)
(-6.05761e-41 -1.41358e-41 0)
(-1.11892e-39 -3.10107e-40 0)
(-2.29182e-38 -5.66399e-39 0)
(-3.64283e-37 -1.11546e-37 0)
(-6.97758e-36 -1.45933e-36 0)
(-9.03146e-35 -1.18382e-35 0)
(-1.63046e-33 7.355e-34 0)
(-1.46567e-32 4.11527e-32 0)
(-2.41064e-31 1.5248e-30 0)
(-3.00935e-33 3.00852e-31 0)
(1.51881e-33 1.37955e-32 0)
(7.97388e-35 4.56895e-34 0)
(9.94109e-36 1.19389e-35 0)
(5.14678e-37 3.16008e-37 0)
(4.15942e-38 8.71346e-39 0)
(2.08873e-39 3.68323e-40 0)
(1.34179e-40 1.54305e-41 0)
(6.38854e-42 7.93789e-43 0)
(3.49035e-43 3.46361e-44 0)
(1.5596e-44 1.62841e-45 0)
(7.51158e-46 6.67915e-47 0)
(3.14087e-47 2.83061e-48 0)
(1.36342e-48 1.08313e-49 0)
(5.33667e-50 4.18723e-51 0)
(2.11885e-51 1.49633e-52 0)
(7.77645e-53 5.32734e-54 0)
(2.85318e-54 1.78104e-55 0)
(9.83964e-56 5.8793e-57 0)
(3.36122e-57 1.84182e-58 0)
(1.09163e-58 5.66364e-60 0)
(3.43979e-60 1.67813e-61 0)
(-1.66307e-60 5.27707e-62 0)
(-5.85161e-59 1.64452e-60 0)
(-1.89538e-57 5.43657e-59 0)
(-5.89384e-56 1.76089e-57 0)
(-1.80071e-54 5.47588e-56 0)
(-5.24518e-53 1.67306e-54 0)
(-1.50816e-51 4.87361e-53 0)
(-4.09336e-50 1.40137e-51 0)
(-1.10487e-48 3.80376e-50 0)
(-2.77477e-47 1.02674e-48 0)
(-7.01211e-46 2.57876e-47 0)
(-1.61415e-44 6.51689e-46 0)
(-3.80925e-43 1.50021e-44 0)
(-7.93157e-42 3.53932e-43 0)
(-1.74448e-40 7.35937e-42 0)
(-3.22225e-39 1.60906e-40 0)
(-6.60343e-38 2.89274e-39 0)
(-1.04942e-36 5.37923e-38 0)
(-2.01151e-35 4.76107e-37 0)
(-2.60236e-34 -1.01336e-35 0)
(-4.70355e-33 -1.18211e-33 0)
(-4.22449e-32 -5.36409e-32 0)
(-6.96832e-31 -1.7993e-30 0)
(7.5219e-33 4.89059e-32 0)
(-3.79717e-33 3.08713e-33 0)
(-2.05856e-34 1.43536e-34 0)
(-2.5894e-35 4.94708e-36 0)
(-1.37003e-36 2.39776e-37 0)
(-1.11819e-37 1.03366e-38 0)
(-5.71897e-39 6.24685e-40 0)
(-3.71311e-40 2.98874e-41 0)
(-1.79723e-41 1.66067e-42 0)
(-9.92732e-43 7.59902e-44 0)
(-4.50372e-44 3.74469e-45 0)
(-2.1933e-45 1.60542e-46 0)
(-9.30229e-47 7.13233e-48 0)
(-4.08295e-48 2.86174e-49 0)
(-1.61972e-49 1.16272e-50 0)
(-6.50183e-51 4.3727e-52 0)
(-2.41685e-52 1.6415e-53 0)
(-8.96398e-54 5.79829e-55 0)
(-3.12914e-55 2.02616e-56 0)
(-1.08036e-56 6.73718e-58 0)
(-3.54971e-58 2.20376e-59 0)
(-1.14371e-59 6.93524e-61 0)
(8.53024e-61 1.00909e-61 0)
(3.99495e-59 2.72969e-60 0)
(1.2944e-57 9.02188e-59 0)
(4.0254e-56 2.92179e-57 0)
(1.22997e-54 9.08515e-56 0)
(3.58301e-53 2.7754e-54 0)
(1.03033e-51 8.084e-53 0)
(2.79664e-50 2.32409e-51 0)
(7.54928e-49 6.30772e-50 0)
(1.89603e-47 1.70228e-48 0)
(4.7918e-46 4.27502e-47 0)
(1.10308e-44 1.08009e-45 0)
(2.60333e-43 2.48612e-44 0)
(5.42061e-42 5.86325e-43 0)
(1.19228e-40 1.21884e-41 0)
(2.20213e-39 2.66217e-40 0)
(4.51303e-38 4.77164e-39 0)
(7.17102e-37 8.76721e-38 0)
(1.37456e-35 6.97085e-37 0)
(1.77771e-34 -2.22016e-35 0)
(3.21333e-33 -2.2345e-33 0)
(2.88431e-32 -1.00697e-31 0)
(4.76046e-31 -3.38278e-30 0)
(1.01745e-32 9.20201e-31 0)
(-5.1506e-33 4.19311e-32 0)
(-2.76115e-34 1.30107e-33 0)
(-3.54562e-35 3.1176e-35 0)
(-1.88715e-36 5.65334e-37 0)
(-1.57177e-37 8.25971e-39 0)
(-8.13807e-39 1.37258e-40 0)
(-5.38553e-40 7.65852e-42 0)
(-2.64579e-41 7.91379e-43 0)
(-1.48836e-42 5.36688e-44 0)
(-6.86124e-44 3.62328e-45 0)
(-3.40095e-45 1.93273e-46 0)
(-1.46637e-46 1.03647e-47 0)
(-6.54788e-48 4.81538e-49 0)
(-2.64096e-49 2.23158e-50 0)
(-1.07811e-50 9.36157e-52 0)
(-4.07413e-52 3.88439e-53 0)
(-1.53619e-53 1.49612e-54 0)
(-5.45065e-55 5.66509e-56 0)
(-1.91256e-56 2.02289e-57 0)
(-6.3859e-58 7.07338e-59 0)
(-2.09326e-59 2.35557e-60 0)
(5.99176e-61 3.09462e-62 0)
(4.16078e-59 -1.56648e-60 0)
(1.3478e-57 -5.18817e-59 0)
(4.19004e-56 -1.68094e-57 0)
(1.27961e-54 -5.22854e-56 0)
(3.72632e-53 -1.59801e-54 0)
(1.0709e-51 -4.65618e-53 0)
(2.90575e-50 -1.33933e-51 0)
(7.83834e-49 -3.63632e-50 0)
(1.96793e-47 -9.81946e-49 0)
(4.96937e-46 -2.46691e-47 0)
(1.14356e-44 -6.23727e-46 0)
(2.69609e-43 -1.43624e-44 0)
(5.61189e-42 -3.39059e-43 0)
(1.23272e-40 -7.05396e-42 0)
(2.27615e-39 -1.54506e-40 0)
(4.6565e-38 -2.7916e-39 0)
(7.39722e-37 -5.2856e-38 0)
(1.41436e-35 -5.32777e-37 0)
(1.82893e-34 5.63146e-36 0)
(3.29274e-33 9.50973e-34 0)
(2.95487e-32 4.49315e-32 0)
(4.83792e-31 1.56234e-30 0)
(-1.5058e-32 9.0589e-31 0)
(6.81786e-33 4.11903e-32 0)
(3.38453e-34 1.42261e-33 0)
(2.64441e-35 4.18934e-35 0)
(9.26771e-37 1.78999e-36 0)
(1.03588e-38 8.3791e-38 0)
(-1.85108e-39 5.91273e-39 0)
(-3.24059e-40 3.26845e-40 0)
(-2.37084e-41 2.07848e-41 0)
(-1.83438e-42 1.06626e-42 0)
(-1.04069e-43 5.84481e-44 0)
(-6.20338e-45 2.75188e-45 0)
(-3.07181e-46 1.33564e-46 0)
(-1.55733e-47 5.80407e-48 0)
(-6.95934e-49 2.5445e-49 0)
(-3.12523e-50 1.02608e-50 0)
(-1.28012e-51 4.11879e-52 0)
(-5.20579e-53 1.54843e-53 0)
(-1.97291e-54 5.74641e-55 0)
(-7.36661e-56 2.02194e-56 0)
(-2.59985e-57 6.98691e-58 0)
(-8.99903e-59 2.30861e-59 0)
(-3.5045e-60 7.10715e-61 0)
(-1.77272e-59 -1.21366e-60 0)
(-5.71441e-58 -4.08505e-59 0)
(-1.77792e-56 -1.32108e-57 0)
(-5.43602e-55 -4.10412e-56 0)
(-1.58435e-53 -1.25176e-54 0)
(-4.55942e-52 -3.64301e-53 0)
(-1.23826e-50 -1.04545e-51 0)
(-3.34559e-49 -2.83536e-50 0)
(-8.40767e-48 -7.63592e-49 0)
(-2.12722e-46 -1.91654e-47 0)
(-4.90022e-45 -4.83028e-46 0)
(-1.1581e-43 -1.11148e-44 0)
(-2.41324e-42 -2.61432e-43 0)
(-5.31774e-41 -5.44257e-42 0)
(-9.83055e-40 -1.19154e-40 0)
(-2.01978e-38 -2.1974e-39 0)
(-3.21264e-37 -4.44966e-38 0)
(-6.18121e-36 -6.88829e-37 0)
(-8.00384e-35 -1.22007e-35 0)
(-1.45579e-33 -1.12779e-34 0)
(-1.30922e-32 -8.49992e-34 0)
(-2.18868e-31 3.11323e-32 0)
(-3.83478e-32 -2.88436e-31 0)
(-1.2364e-32 -9.24074e-33 0)
(-1.02144e-33 3.43025e-33 0)
(-1.94661e-34 2.34405e-34 0)
(-1.35084e-35 2.56296e-35 0)
(-1.43447e-36 1.45819e-36 0)
(-8.86581e-38 1.10295e-37 0)
(-6.89891e-39 5.82242e-39 0)
(-3.8588e-40 3.61539e-40 0)
(-2.44848e-41 1.77472e-41 0)
(-1.24985e-42 9.5291e-43 0)
(-6.81867e-44 4.34572e-44 0)
(-3.19758e-45 2.07584e-45 0)
(-1.54659e-46 8.80895e-47 0)
(-6.70121e-48 3.81257e-48 0)
(-2.93026e-49 1.50948e-49 0)
(-1.17903e-50 5.99457e-51 0)
(-4.72335e-52 2.22092e-52 0)
(-1.77262e-53 8.16656e-54 0)
(-6.56794e-55 2.83941e-55 0)
(-2.30774e-56 9.73291e-57 0)
(-7.96412e-58 3.18422e-58 0)
(-2.63986e-59 1.02143e-59 0)
(-4.56809e-60 -1.21926e-61 0)
(-1.18613e-58 -1.42447e-59 0)
(-3.65229e-57 -4.48709e-58 0)
(-1.09662e-55 -1.37784e-56 0)
(-3.16622e-54 -4.07358e-55 0)
(-8.92426e-53 -1.17543e-53 0)
(-2.4038e-51 -3.25046e-52 0)
(-6.33802e-50 -8.78137e-51 0)
(-1.58253e-48 -2.25969e-49 0)
(-3.88753e-47 -5.68984e-48 0)
(-8.9214e-46 -1.35361e-46 0)
(-2.03241e-44 -3.15873e-45 0)
(-4.23604e-43 -6.88885e-44 0)
(-8.9035e-42 -1.47881e-42 0)
(-1.65635e-40 -2.92262e-41 0)
(-3.19472e-39 -5.707e-40 0)
(-5.16243e-38 -1.00034e-38 0)
(-9.08894e-37 -1.71379e-37 0)
(-1.21423e-35 -2.37929e-36 0)
(-1.92858e-34 -2.4441e-35 0)
(-1.84032e-33 1.98586e-34 0)
(-2.37646e-32 1.74119e-32 0)
(-5.59953e-31 -6.30707e-31 0)
(-5.98996e-31 -2.86612e-32 0)
(-3.02244e-32 -8.504e-34 0)
(-5.0388e-33 -1.86963e-35 0)
(-2.89133e-34 -1.20003e-37 0)
(-2.89715e-35 9.55063e-39 0)
(-1.62633e-36 1.01861e-39 0)
(-1.22629e-37 5.34241e-41 0)
(-6.47513e-39 3.01361e-42 0)
(-4.02485e-40 1.36995e-43 0)
(-1.97738e-41 6.66038e-45 0)
(-1.06261e-42 2.81689e-46 0)
(-4.84917e-44 1.23284e-47 0)
(-2.31767e-45 4.8761e-49 0)
(-9.83986e-47 1.95181e-50 0)
(-4.26049e-48 7.23417e-52 0)
(-1.68742e-49 2.67578e-53 0)
(-6.70316e-51 9.31456e-55 0)
(-2.48409e-52 3.20745e-56 0)
(-9.13617e-54 1.05105e-57 0)
(-3.17714e-55 3.38829e-59 0)
(-1.08922e-56 1.04754e-60 0)
(-3.57418e-58 3.42797e-62 0)
(-4.49018e-59 8.71507e-62 0)
(-1.06984e-57 2.83663e-60 0)
(-3.30716e-56 9.12674e-59 0)
(-9.95692e-55 2.82388e-57 0)
(-2.88877e-53 8.56386e-56 0)
(-8.16626e-52 2.48193e-54 0)
(-2.21259e-50 7.07622e-53 0)
(-5.85257e-49 1.91088e-51 0)
(-1.47195e-47 5.10713e-50 0)
(-3.62862e-46 1.27622e-48 0)
(-8.40337e-45 3.1871e-47 0)
(-1.92199e-43 7.30058e-46 0)
(-4.05292e-42 1.6967e-44 0)
(-8.55887e-41 3.50693e-43 0)
(-1.61683e-39 7.47923e-42 0)
(-3.13798e-38 1.30407e-40 0)
(-5.1772e-37 2.11743e-39 0)
(-9.20542e-36 1.31694e-39 0)
(-1.26744e-34 -1.56404e-36 0)
(-2.05765e-33 -1.01082e-34 0)
(-2.08402e-32 -4.05136e-33 0)
(-2.91076e-31 -1.17831e-31 0)
(-1.23223e-32 -3.36413e-31 0)
(-2.5501e-32 -1.90154e-32 0)
(-1.73196e-33 -4.28179e-33 0)
(-2.83859e-34 -2.53715e-34 0)
(-1.82162e-35 -2.58339e-35 0)
(-1.81772e-36 -1.45334e-36 0)
(-1.08205e-37 -1.09592e-37 0)
(-8.16446e-39 -5.7843e-39 0)
(-4.46956e-40 -3.5937e-40 0)
(-2.78488e-41 -1.76483e-41 0)
(-1.40201e-42 -9.48102e-43 0)
(-7.55756e-44 -4.32538e-44 0)
(-3.51004e-45 -2.06694e-45 0)
(-1.68335e-46 -8.77374e-47 0)
(-7.24216e-48 -3.79848e-48 0)
(-3.14681e-49 -1.50426e-49 0)
(-1.2593e-50 -5.97525e-51 0)
(-5.02028e-52 -2.21419e-52 0)
(-1.87599e-53 -8.14339e-54 0)
(-6.92392e-55 -2.83182e-55 0)
(-2.4244e-56 -9.70844e-57 0)
(-8.34018e-58 -3.17665e-58 0)
(-2.74657e-59 -1.016e-59 0)
(-1.45459e-60 1.19539e-60 0)
(-1.73088e-59 4.97218e-59 0)
(-5.18014e-58 1.5982e-57 0)
(-1.46156e-56 4.95337e-56 0)
(-4.11849e-55 1.50022e-54 0)
(-1.07186e-53 4.35976e-53 0)
(-2.83499e-52 1.24107e-51 0)
(-6.71677e-51 3.36516e-50 0)
(-1.66716e-49 8.97618e-49 0)
(-3.52084e-48 2.25633e-47 0)
(-8.22757e-47 5.62025e-46 0)
(-1.49209e-45 1.29827e-44 0)
(-3.32383e-44 3.00785e-43 0)
(-4.79164e-43 6.29812e-42 0)
(-1.05931e-41 1.34385e-40 0)
(-9.79808e-41 2.43577e-39 0)
(-2.50692e-39 4.29035e-38 0)
(-1.97264e-39 3.22762e-37 0)
(-3.95711e-37 -1.36562e-35 0)
(6.62051e-36 -1.2214e-33 0)
(-4.46263e-35 -5.48394e-32 0)
(1.95908e-33 -1.82802e-30 0)
(3.60124e-33 -1.50737e-32 0)
(-2.60027e-33 -1.10824e-33 0)
(-1.71778e-34 -2.39203e-34 0)
(-3.76828e-35 -1.59461e-35 0)
(-2.46189e-36 -1.621e-36 0)
(-2.65664e-37 -9.67958e-38 0)
(-1.59403e-38 -7.30603e-39 0)
(-1.23654e-39 -3.99867e-40 0)
(-6.77683e-41 -2.49035e-41 0)
(-4.26159e-42 -1.25334e-42 0)
(-2.13895e-43 -6.75417e-44 0)
(-1.15372e-44 -3.13624e-45 0)
(-5.32783e-46 -1.50383e-46 0)
(-2.54483e-47 -6.46898e-48 0)
(-1.0866e-48 -2.81061e-49 0)
(-4.6892e-50 -1.12468e-50 0)
(-1.8599e-51 -4.48343e-52 0)
(-7.35047e-53 -1.67532e-53 0)
(-2.71957e-54 -6.18331e-55 0)
(-9.93787e-56 -2.16508e-56 0)
(-3.4425e-57 -7.44828e-58 0)
(-1.17121e-58 -2.45131e-59 0)
(-3.15342e-60 -7.88239e-61 0)
(2.16289e-59 3.75004e-62 0)
(7.0449e-58 2.02357e-60 0)
(2.19067e-56 6.42281e-59 0)
(6.69322e-55 1.9738e-57 0)
(1.94957e-53 5.89102e-56 0)
(5.60577e-52 1.69788e-54 0)
(1.52137e-50 4.75073e-53 0)
(4.10649e-49 1.27819e-51 0)
(1.03118e-47 3.33922e-50 0)
(2.60584e-46 8.33611e-49 0)
(5.99734e-45 2.02334e-47 0)
(1.41525e-43 4.64814e-46 0)
(2.94595e-42 1.04109e-44 0)
(6.47863e-41 2.16793e-43 0)
(1.19616e-39 4.37818e-42 0)
(2.45074e-38 7.57787e-41 0)
(3.89231e-37 9.89914e-40 0)
(7.45709e-36 -1.08586e-38 0)
(9.63867e-35 -1.57271e-36 0)
(1.74029e-33 -8.68977e-35 0)
(1.56079e-32 -3.36436e-33 0)
(2.56809e-31 -9.34151e-32 0)
(2.09783e-34 -2.15378e-33 0)
(-1.20359e-34 -1.42133e-34 0)
(-8.77042e-36 -3.34552e-35 0)
(-1.97557e-36 -2.20413e-36 0)
(-1.3724e-37 -2.38696e-37 0)
(-1.48933e-38 -1.43281e-38 0)
(-9.26869e-40 -1.11093e-39 0)
(-7.20791e-41 -6.08645e-41 0)
(-4.04383e-42 -3.82578e-42 0)
(-2.54729e-43 -1.91969e-43 0)
(-1.29887e-44 -1.03517e-44 0)
(-7.0156e-46 -4.77948e-46 0)
(-3.27559e-47 -2.28253e-47 0)
(-1.56636e-48 -9.74472e-49 0)
(-6.74026e-50 -4.20485e-50 0)
(-2.91136e-51 -1.66764e-51 0)
(-1.1611e-52 -6.59019e-53 0)
(-4.59171e-54 -2.43814e-54 0)
(-1.70536e-55 -8.90909e-56 0)
(-6.23401e-57 -3.08602e-57 0)
(-2.16496e-58 -1.05008e-58 0)
(-7.36588e-60 -3.417e-60 0)
(-1.89155e-61 -1.2596e-61 0)
(1.66942e-60 -5.90031e-61 0)
(5.4009e-59 -1.93963e-59 0)
(1.6727e-57 -6.28248e-58 0)
(5.07642e-56 -1.95358e-56 0)
(1.47236e-54 -5.96902e-55 0)
(4.19982e-53 -1.73867e-53 0)
(1.13472e-51 -4.99969e-52 0)
(3.03304e-50 -1.35697e-50 0)
(7.58045e-49 -3.66315e-49 0)
(1.89234e-47 -9.19947e-48 0)
(4.33365e-46 -2.32516e-46 0)
(1.00667e-44 -5.3523e-45 0)
(2.08449e-43 -1.26336e-43 0)
(4.48881e-42 -2.63054e-42 0)
(8.24157e-41 -5.78748e-41 0)
(1.63969e-39 -1.06927e-39 0)
(2.58849e-38 -2.19356e-38 0)
(4.74639e-37 -3.49676e-37 0)
(6.0914e-36 -6.75122e-36 0)
(1.02191e-34 -8.96648e-35 0)
(9.03873e-34 -1.67466e-33 0)
(1.26729e-32 -1.68455e-32 0)
(2.08269e-35 -1.04606e-34 0)
(-1.05415e-35 -7.61595e-36 0)
(-7.32538e-37 -1.76144e-36 0)
(-1.73071e-37 -1.22839e-37 0)
(-1.19123e-38 -1.3348e-38 0)
(-1.31702e-39 -8.30933e-40 0)
(-8.17046e-41 -6.46044e-41 0)
(-6.39257e-42 -3.6242e-42 0)
(-3.57367e-43 -2.28262e-43 0)
(-2.25024e-44 -1.16385e-44 0)
(-1.14177e-45 -6.28595e-46 0)
(-6.14224e-47 -2.93484e-47 0)
(-2.84995e-48 -1.40341e-48 0)
(-1.35434e-49 -6.03903e-50 0)
(-5.78521e-51 -2.60852e-51 0)
(-2.47967e-52 -1.04034e-52 0)
(-9.80811e-54 -4.11427e-54 0)
(-3.84507e-55 -1.52808e-55 0)
(-1.41529e-56 -5.58619e-57 0)
(-5.12494e-58 -1.94006e-58 0)
(-1.76282e-59 -6.60236e-60 0)
(-5.93708e-61 -2.15196e-61 0)
(-1.25659e-62 -8.19856e-63 0)
(2.18854e-61 -4.60938e-62 0)
(7.14071e-60 -1.51123e-60 0)
(2.2333e-58 -4.86705e-59 0)
(6.84184e-57 -1.50743e-57 0)
(2.00171e-55 -4.57512e-56 0)
(5.75737e-54 -1.32706e-54 0)
(1.56678e-52 -3.7856e-53 0)
(4.21686e-51 -1.02289e-51 0)
(1.05934e-49 -2.73434e-50 0)
(2.65776e-48 -6.83466e-49 0)
(6.09932e-47 -1.70633e-47 0)
(1.42023e-45 -3.90824e-46 0)
(2.933e-44 -9.07966e-45 0)
(6.30697e-43 -1.88049e-43 0)
(1.14549e-41 -4.05024e-42 0)
(2.26201e-40 -7.4392e-41 0)
(3.47738e-39 -1.4808e-39 0)
(6.26511e-38 -2.34146e-38 0)
(7.56681e-37 -4.30667e-37 0)
(1.22996e-35 -5.58693e-36 0)
(9.48508e-35 -9.50543e-35 0)
(1.31912e-33 -8.80156e-34 0)
(3.04311e-36 1.03955e-35 0)
(-1.51017e-36 5.83276e-37 0)
(-1.04501e-37 2.85177e-38 0)
(-1.91139e-38 3.26414e-41 0)
(-1.26024e-39 -2.45042e-40 0)
(-1.24987e-40 -2.25042e-41 0)
(-7.50647e-42 -2.33542e-42 0)
(-5.51858e-43 -1.50268e-43 0)
(-3.01069e-44 -1.0652e-44 0)
(-1.81939e-45 -5.83005e-46 0)
(-9.05452e-47 -3.35117e-47 0)
(-4.72881e-48 -1.63125e-48 0)
(-2.15912e-49 -8.08942e-50 0)
(-1.00303e-50 -3.57217e-51 0)
(-4.22551e-52 -1.57747e-52 0)
(-1.77843e-53 -6.39383e-54 0)
(-6.94819e-55 -2.56261e-55 0)
(-2.68271e-56 -9.61098e-57 0)
(-9.76421e-58 -3.54021e-58 0)
(-3.48945e-59 -1.23596e-59 0)
(-1.18781e-60 -4.22109e-61 0)
(-3.9551e-62 -1.37924e-62 0)
(-1.27739e-63 -7.92157e-64 0)
(-4.93156e-64 -1.21799e-62 0)
(-1.4315e-62 -4.04991e-61 0)
(-4.34479e-61 -1.3178e-59 0)
(-1.28895e-59 -4.12156e-58 0)
(-3.6603e-58 -1.26276e-56 0)
(-1.01882e-56 -3.69466e-55 0)
(-2.69476e-55 -1.0628e-53 0)
(-7.01968e-54 -2.89256e-52 0)
(-1.71977e-52 -7.78666e-51 0)
(-4.18158e-51 -1.95645e-49 0)
(-9.42078e-50 -4.90996e-48 0)
(-2.13238e-48 -1.12707e-46 0)
(-4.37384e-47 -2.6255e-45 0)
(-9.18971e-46 -5.42407e-44 0)
(-1.69008e-44 -1.16707e-42 0)
(-3.28395e-43 -2.12088e-41 0)
(-5.27034e-42 -4.19197e-40 0)
(-9.40212e-41 -6.45139e-39 0)
(-1.24066e-39 -1.16433e-37 0)
(-1.98513e-38 -1.4109e-36 0)
(-1.77544e-37 -2.30285e-35 0)
(-2.28525e-36 -1.79799e-34 0)
(4.35642e-35 2.05779e-34 0)
(-2.17298e-35 1.33666e-35 0)
(-1.35347e-36 1.60674e-36 0)
(-2.03812e-37 9.03117e-38 0)
(-1.19353e-38 7.29641e-39 0)
(-1.04642e-39 3.87851e-40 0)
(-5.68495e-41 2.51456e-41 0)
(-3.80935e-42 1.24811e-42 0)
(-1.91058e-43 6.89065e-44 0)
(-1.07049e-44 3.17761e-45 0)
(-4.9584e-46 1.54671e-46 0)
(-2.42796e-47 6.63105e-48 0)
(-1.04155e-48 2.90892e-49 0)
(-4.5733e-50 1.16227e-50 0)
(-1.82352e-51 4.66286e-52 0)
(-7.29896e-53 1.74151e-53 0)
(-2.71503e-54 6.45527e-55 0)
(-1.00187e-55 2.26037e-56 0)
(-3.48854e-57 7.79919e-58 0)
(-1.19635e-58 2.56754e-59 0)
(-3.91161e-60 8.2927e-61 0)
(-1.25611e-61 2.56941e-62 0)
(-1.07744e-62 -5.15674e-64 0)
(-2.30225e-61 -4.41095e-62 0)
(-7.48696e-60 -1.45069e-60 0)
(-2.3414e-58 -4.66295e-59 0)
(-7.17321e-57 -1.44157e-57 0)
(-2.0986e-55 -4.36715e-56 0)
(-6.03671e-54 -1.26464e-54 0)
(-1.64285e-52 -3.60151e-53 0)
(-4.42257e-51 -9.71812e-52 0)
(-1.11113e-49 -2.59406e-50 0)
(-2.78871e-48 -6.47778e-49 0)
(-6.40106e-47 -1.61545e-47 0)
(-1.49133e-45 -3.69885e-46 0)
(-3.08079e-44 -8.58791e-45 0)
(-6.63033e-43 -1.77983e-43 0)
(-1.20481e-41 -3.8339e-42 0)
(-2.38212e-40 -7.05835e-41 0)
(-3.66496e-39 -1.40682e-39 0)
(-6.61549e-38 -2.2367e-38 0)
(-8.00104e-37 -4.12819e-37 0)
(-1.30429e-35 -5.42194e-36 0)
(-1.00844e-34 -9.28746e-35 0)
(-1.40801e-33 -8.81778e-34 0)
(4.24388e-34 4.50341e-33 0)
(-2.14162e-34 2.56582e-34 0)
(-1.36868e-35 2.80426e-35 0)
(-1.74535e-36 1.43078e-36 0)
(-9.96198e-38 1.12987e-37 0)
(-8.16667e-39 5.71334e-39 0)
(-4.36306e-40 3.68401e-40 0)
(-2.84004e-41 1.77476e-41 0)
(-1.41309e-42 9.76757e-43 0)
(-7.82025e-44 4.41458e-44 0)
(-3.61358e-45 2.143e-45 0)
(-1.7625e-46 9.05725e-47 0)
(-7.57031e-48 3.96334e-48 0)
(-3.32702e-49 1.56712e-49 0)
(-1.33164e-50 6.27244e-51 0)
(-5.35127e-52 2.32438e-52 0)
(-2.00185e-53 8.59714e-54 0)
(-7.43163e-55 2.99234e-55 0)
(-2.60613e-56 1.03039e-56 0)
(-9.00489e-58 3.37622e-58 0)
(-2.96854e-59 1.0884e-59 0)
(-9.61471e-61 3.35959e-61 0)
(-7.88315e-62 -7.27439e-63 0)
(-1.61168e-60 -5.98504e-61 0)
(-5.17723e-59 -1.97985e-59 0)
(-1.60045e-57 -6.41428e-58 0)
(-4.84816e-56 -1.99487e-56 0)
(-1.40383e-54 -6.09713e-55 0)
(-3.99756e-53 -1.77636e-53 0)
(-1.07858e-51 -5.11034e-52 0)
(-2.87879e-50 -1.3874e-50 0)
(-7.18795e-49 -3.74755e-49 0)
(-1.79235e-47 -9.41508e-48 0)
(-4.10329e-46 -2.38162e-46 0)
(-9.52562e-45 -5.48512e-45 0)
(-1.97376e-43 -1.29618e-43 0)
(-4.25081e-42 -2.70082e-42 0)
(-7.82281e-41 -5.9516e-41 0)
(-1.55831e-39 -1.1007e-39 0)
(-2.47315e-38 -2.26335e-38 0)
(-4.5486e-37 -3.61376e-37 0)
(-5.90241e-36 -7.00428e-36 0)
(-9.95192e-35 -9.33579e-35 0)
(-8.9897e-34 -1.7561e-33 0)
(-1.26163e-32 -1.7814e-32 0)
(8.49732e-33 2.68385e-32 0)
(-4.28923e-33 1.70761e-33 0)
(-2.31538e-34 7.04725e-35 0)
(-2.90618e-35 2.15987e-36 0)
(-1.5323e-36 7.85429e-38 0)
(-1.2473e-37 2.81899e-39 0)
(-6.3574e-39 1.50747e-40 0)
(-4.11578e-40 6.85645e-42 0)
(-1.98536e-41 3.70883e-43 0)
(-1.09345e-42 1.6589e-44 0)
(-4.94417e-44 8.03427e-46 0)
(-2.40081e-45 3.37732e-47 0)
(-1.01496e-46 1.47574e-48 0)
(-4.44216e-48 5.81115e-50 0)
(-1.75677e-49 2.32263e-51 0)
(-7.03233e-51 8.57836e-53 0)
(-2.60629e-52 3.16837e-54 0)
(-9.64044e-54 1.09975e-55 0)
(-3.35572e-55 3.78162e-57 0)
(-1.15555e-56 1.2362e-58 0)
(-3.78648e-58 3.97976e-60 0)
(-1.22262e-59 1.23476e-61 0)
(-1.04899e-60 2.82066e-62 0)
(-2.2219e-59 8.38386e-61 0)
(-7.1947e-58 2.76918e-59 0)
(-2.23758e-56 8.95848e-58 0)
(-6.83872e-55 2.78345e-56 0)
(-1.99237e-53 8.49251e-55 0)
(-5.73134e-52 2.47166e-53 0)
(-1.5559e-50 7.09548e-52 0)
(-4.2022e-49 1.92417e-50 0)
(-1.05562e-47 5.1837e-49 0)
(-2.66978e-46 1.30071e-47 0)
(-6.1477e-45 3.27924e-46 0)
(-1.45236e-43 7.54202e-45 0)
(-3.02535e-42 1.77443e-43 0)
(-6.6638e-41 3.6906e-42 0)
(-1.23155e-39 8.07722e-41 0)
(-2.52905e-38 1.48407e-39 0)
(-4.02233e-37 2.98065e-38 0)
(-7.73298e-36 4.43846e-37 0)
(-1.00165e-34 7.02281e-36 0)
(-1.8187e-33 1.81796e-35 0)
(-1.63695e-32 -1.63374e-33 0)
(-2.72127e-31 -8.39011e-32 0)
(3.90211e-33 7.09059e-31 0)
(-1.96958e-33 3.20389e-32 0)
(-1.04829e-34 9.65676e-34 0)
(-1.31568e-35 2.19258e-35 0)
(-6.8867e-37 2.35836e-37 0)
(-5.6058e-38 -5.2375e-39 0)
(-2.84414e-39 -7.79833e-40 0)
(-1.84087e-40 -4.22862e-41 0)
(-8.85162e-42 -2.40713e-42 0)
(-4.87324e-43 -1.09559e-43 0)
(-2.19832e-44 -5.32846e-45 0)
(-1.06699e-45 -2.2526e-46 0)
(-4.50264e-47 -9.85754e-48 0)
(-1.96969e-48 -3.89717e-49 0)
(-7.77848e-50 -1.55972e-50 0)
(-3.11212e-51 -5.77889e-52 0)
(-1.15205e-52 -2.13717e-53 0)
(-4.25913e-54 -7.43739e-55 0)
(-1.48109e-55 -2.56064e-56 0)
(-5.09757e-57 -8.38881e-58 0)
(-1.66894e-58 -2.70389e-59 0)
(-5.35178e-60 -8.33505e-61 0)
(7.15457e-61 5.16579e-62 0)
(2.91235e-59 2.63714e-60 0)
(9.42613e-58 8.72117e-59 0)
(2.92938e-56 2.82474e-57 0)
(8.94069e-55 8.78409e-56 0)
(2.60262e-53 2.68379e-54 0)
(7.47413e-52 7.81782e-53 0)
(2.02721e-50 2.24791e-51 0)
(5.4635e-49 6.1015e-50 0)
(1.37111e-47 1.64692e-48 0)
(3.45836e-46 4.13638e-47 0)
(7.95481e-45 1.0453e-45 0)
(1.87271e-43 2.40635e-44 0)
(3.89607e-42 5.67755e-43 0)
(8.54166e-41 1.1812e-41 0)
(1.57628e-39 2.58816e-40 0)
(3.21617e-38 4.70029e-39 0)
(5.10581e-37 9.07022e-38 0)
(9.72494e-36 1.05157e-36 0)
(1.25649e-34 1.22764e-37 0)
(2.24848e-33 -1.10156e-33 0)
(2.01469e-32 -5.4445e-32 0)
(3.26099e-31 -1.9201e-30 0)
(-1.25317e-32 3.57323e-31 0)
(6.32544e-33 1.62764e-32 0)
(3.40066e-34 4.97985e-34 0)
(4.26998e-35 1.15509e-35 0)
(2.24697e-36 1.50856e-37 0)
(1.82942e-37 -1.13105e-39 0)
(9.31313e-39 -2.98921e-40 0)
(6.02952e-40 -1.68282e-41 0)
(2.90606e-41 -9.67173e-43 0)
(1.60043e-42 -4.41292e-44 0)
(7.23197e-44 -2.14757e-45 0)
(3.51135e-45 -9.08318e-47 0)
(1.48371e-46 -3.97535e-48 0)
(6.49283e-48 -1.57211e-49 0)
(2.56672e-49 -6.29243e-51 0)
(1.02729e-50 -2.33192e-52 0)
(3.806e-52 -8.6247e-54 0)
(1.40757e-53 -3.00195e-55 0)
(4.89814e-55 -1.03363e-56 0)
(1.6864e-56 -3.38673e-58 0)
(5.52451e-58 -1.0917e-59 0)
(1.78723e-59 -3.38647e-61 0)
(2.80701e-60 -5.20052e-62 0)
(7.46187e-59 -1.43147e-60 0)
(2.41597e-57 -4.73078e-59 0)
(7.51215e-56 -1.53181e-57 0)
(2.29477e-54 -4.76253e-56 0)
(6.68373e-53 -1.45456e-54 0)
(1.92139e-51 -4.23618e-53 0)
(5.21438e-50 -1.21752e-51 0)
(1.40707e-48 -3.30394e-50 0)
(3.53328e-47 -8.91309e-49 0)
(8.92566e-46 -2.23802e-47 0)
(2.05433e-44 -5.65163e-46 0)
(4.84566e-43 -1.3006e-44 0)
(1.00877e-41 -3.06505e-43 0)
(2.21722e-40 -6.36691e-42 0)
(4.09444e-39 -1.38677e-40 0)
(8.38298e-38 -2.46247e-39 0)
(1.33178e-36 -4.36128e-38 0)
(2.54924e-35 -2.26285e-37 0)
(3.2963e-34 1.94052e-35 0)
(5.94528e-33 1.5444e-33 0)
(5.33472e-32 6.76214e-32 0)
(8.76768e-31 2.22726e-30 0)
(-4.51127e-33 -3.37334e-31 0)
(2.27715e-33 -1.48537e-32 0)
(1.24516e-34 -4.2568e-34 0)
(1.56463e-35 -8.93904e-36 0)
(8.306e-37 -1.69956e-38 0)
(6.76483e-38 6.97775e-39 0)
(3.46285e-39 6.50767e-40 0)
(2.2429e-40 3.34456e-41 0)
(1.08513e-41 1.87642e-42 0)
(5.97909e-43 8.50796e-44 0)
(2.7093e-44 4.13392e-45 0)
(1.31617e-45 1.74631e-46 0)
(5.57313e-47 7.64051e-48 0)
(2.44021e-48 3.01931e-49 0)
(9.66236e-50 1.20821e-50 0)
(3.8694e-51 4.47497e-52 0)
(1.43546e-52 1.65473e-53 0)
(5.31172e-54 5.7569e-55 0)
(1.85041e-55 1.98182e-56 0)
(6.37429e-57 6.49109e-58 0)
(2.09006e-58 2.09197e-59 0)
(6.71957e-60 6.43588e-61 0)
(-4.9871e-61 -8.08255e-62 0)
(-2.33793e-59 -3.43961e-60 0)
(-7.57687e-58 -1.13724e-58 0)
(-2.35669e-56 -3.68275e-57 0)
(-7.20291e-55 -1.14508e-55 0)
(-2.09863e-53 -3.49776e-54 0)
(-6.03676e-52 -1.01875e-52 0)
(-1.63887e-50 -2.92848e-51 0)
(-4.42573e-49 -7.94759e-50 0)
(-1.11175e-47 -2.14448e-48 0)
(-2.81107e-46 -5.38517e-47 0)
(-6.47242e-45 -1.36027e-45 0)
(-1.52848e-43 -3.13076e-44 0)
(-3.18323e-42 -7.38137e-43 0)
(-7.00728e-41 -1.5342e-41 0)
(-1.29453e-39 -3.34921e-40 0)
(-2.65592e-38 -5.99871e-39 0)
(-4.22115e-37 -1.09923e-37 0)
(-8.10391e-36 -8.57093e-37 0)
(-1.04837e-34 2.89279e-35 0)
(-1.89964e-33 2.85085e-33 0)
(-1.70598e-32 1.27891e-31 0)
(-2.8286e-31 4.27497e-30 0)
(3.96936e-33 -1.01683e-32 0)
(-2.00378e-33 -6.69097e-34 0)
(-1.06512e-34 -1.42753e-35 0)
(-1.33338e-35 1.34184e-39 0)
(-6.96868e-37 4.67337e-38 0)
(-5.66502e-38 2.95299e-39 0)
(-2.87096e-39 2.06147e-40 0)
(-1.85695e-40 1.0149e-41 0)
(-8.92228e-42 5.61902e-43 0)
(-4.9104e-43 2.55058e-44 0)
(-2.21401e-44 1.23927e-45 0)
(-1.07442e-45 5.25034e-47 0)
(-4.53269e-47 2.29891e-48 0)
(-1.98273e-48 9.10662e-50 0)
(-7.82874e-50 3.64718e-51 0)
(-3.1323e-51 1.35351e-52 0)
(-1.15945e-52 5.00924e-54 0)
(-4.28681e-54 1.74562e-55 0)
(-1.49075e-55 6.01445e-57 0)
(-5.13137e-57 1.9727e-58 0)
(-1.68015e-58 6.36307e-60 0)
(-5.45996e-60 1.9731e-61 0)
(-1.72956e-60 2.14407e-62 0)
(-5.16424e-59 5.31167e-61 0)
(-1.67186e-57 1.75788e-59 0)
(-5.19748e-56 5.70421e-58 0)
(-1.58727e-54 1.77628e-56 0)
(-4.62223e-53 5.43836e-55 0)
(-1.32837e-51 1.58641e-53 0)
(-3.60434e-50 4.57244e-52 0)
(-9.72273e-49 1.24288e-50 0)
(-2.44103e-47 3.3642e-49 0)
(-6.16395e-46 8.46185e-48 0)
(-1.41845e-44 2.14562e-46 0)
(-3.34413e-43 4.94717e-45 0)
(-6.96073e-42 1.17256e-43 0)
(-1.52898e-40 2.44768e-42 0)
(-2.82314e-39 5.42978e-41 0)
(-5.77539e-38 1.01921e-39 0)
(-9.17446e-37 2.19879e-38 0)
(-1.75413e-35 4.1363e-37 0)
(-2.26819e-34 1.10214e-35 0)
(-4.08353e-33 2.98132e-34 0)
(-3.66426e-32 9.52556e-33 0)
(-5.99991e-31 2.32225e-31 0)
(1.60612e-34 -2.19837e-33 0)
(-8.13503e-35 -1.23827e-34 0)
(-5.23768e-36 -1.37655e-35 0)
(-6.28215e-37 -7.03363e-37 0)
(-3.54238e-38 -5.57871e-38 0)
(-2.81684e-39 -2.81934e-39 0)
(-1.49089e-40 -1.81972e-40 0)
(-9.56188e-42 -8.76034e-42 0)
(-4.73215e-43 -4.82396e-43 0)
(-2.60041e-44 -2.17949e-44 0)
(-1.19856e-45 -1.05852e-45 0)
(-5.82893e-47 -4.47341e-47 0)
(-2.50212e-48 -1.95843e-48 0)
(-1.09909e-49 -7.74444e-50 0)
(-4.40226e-51 -3.10119e-51 0)
(-1.77081e-52 -1.14945e-52 0)
(-6.63523e-54 -4.25344e-54 0)
(-2.46803e-55 -1.4809e-55 0)
(-8.67475e-57 -5.10172e-57 0)
(-3.00505e-58 -1.67223e-58 0)
(-9.93379e-60 -5.39329e-60 0)
(-3.25621e-61 -1.65713e-61 0)
(-1.28124e-61 3.34277e-62 0)
(-3.87875e-60 1.32057e-60 0)
(-1.24733e-58 4.36914e-59 0)
(-3.85842e-57 1.41607e-57 0)
(-1.16931e-55 4.40671e-56 0)
(-3.38753e-54 1.34738e-54 0)
(-9.64828e-53 3.92817e-53 0)
(-2.6039e-51 1.13046e-51 0)
(-6.94901e-50 3.07147e-50 0)
(-1.73496e-48 8.2987e-49 0)
(-4.32361e-47 2.08685e-47 0)
(-9.89243e-46 5.27976e-46 0)
(-2.29356e-44 1.21739e-44 0)
(-4.74567e-43 2.87683e-43 0)
(-1.01974e-41 6.00344e-42 0)
(-1.8713e-40 1.3226e-40 0)
(-3.71356e-39 2.45133e-39 0)
(-5.86113e-38 5.03762e-38 0)
(-1.07139e-36 8.07447e-37 0)
(-1.37516e-35 1.56476e-35 0)
(-2.29817e-34 2.10859e-34 0)
(-2.03384e-33 3.9783e-33 0)
(-2.83917e-32 4.15669e-32 0)
)
;

boundaryField
{
    leftWall
    {
        type            fixedValue;
        value           uniform (0 0 0);
    }
    rightWall
    {
        type            fixedValue;
        value           nonuniform 0();
    }
    lowerWall
    {
        type            fixedValue;
        value           nonuniform 0();
    }
    atmosphere
    {
        type            pressureInletOutletVelocity;
        value           nonuniform List<vector> 
45
(
(0 -2.19837e-33 0)
(0 -1.23827e-34 0)
(0 -1.37655e-35 0)
(0 -7.03363e-37 0)
(0 -5.57871e-38 0)
(0 -2.81934e-39 0)
(0 -1.81972e-40 0)
(0 -8.76034e-42 0)
(0 -4.82396e-43 0)
(0 -2.17949e-44 0)
(0 -1.05852e-45 0)
(0 -4.47341e-47 0)
(0 -1.95843e-48 0)
(0 -7.74444e-50 0)
(0 -3.10119e-51 0)
(0 -1.14945e-52 0)
(0 -4.25344e-54 0)
(0 -1.4809e-55 0)
(0 -5.10172e-57 0)
(0 -1.67223e-58 0)
(0 -5.39329e-60 0)
(0 -1.65713e-61 0)
(-1.28124e-61 3.34277e-62 0)
(-3.87875e-60 1.32057e-60 0)
(-1.24733e-58 4.36914e-59 0)
(-3.85842e-57 1.41607e-57 0)
(-1.16931e-55 4.40671e-56 0)
(-3.38753e-54 1.34738e-54 0)
(-9.64828e-53 3.92817e-53 0)
(-2.6039e-51 1.13046e-51 0)
(-6.94901e-50 3.07147e-50 0)
(-1.73496e-48 8.2987e-49 0)
(-4.32361e-47 2.08685e-47 0)
(-9.89243e-46 5.27976e-46 0)
(-2.29356e-44 1.21739e-44 0)
(-4.74567e-43 2.87683e-43 0)
(-1.01974e-41 6.00344e-42 0)
(-1.8713e-40 1.3226e-40 0)
(-3.71356e-39 2.45133e-39 0)
(-5.86113e-38 5.03762e-38 0)
(-1.07139e-36 8.07447e-37 0)
(-1.37516e-35 1.56476e-35 0)
(-2.29817e-34 2.10859e-34 0)
(-2.03384e-33 3.9783e-33 0)
(-2.83917e-32 4.15669e-32 0)
)
;
    }
    defaultFaces
    {
        type            empty;
    }
    procBoundary2to0
    {
        type            processor;
        value           nonuniform List<vector> 
46
(
(-7.16256e-35 6.72445e-35 0)
(-9.07448e-36 4.01348e-36 0)
(-5.57356e-37 3.12428e-37 0)
(-4.61063e-38 1.70541e-38 0)
(-2.56184e-39 1.07967e-39 0)
(-1.66662e-40 5.43034e-41 0)
(-8.44712e-42 2.95662e-42 0)
(-4.65128e-43 1.37365e-43 0)
(-2.16433e-44 6.63242e-45 0)
(-1.04806e-45 2.85625e-46 0)
(-4.50286e-47 1.24707e-47 0)
(-1.96215e-48 4.99699e-49 0)
(-7.82357e-50 1.99977e-50 0)
(-3.24878e-51 8.69468e-52 0)
(-2.70121e-51 2.8944e-51 0)
(-4.93133e-50 6.18283e-50 0)
(-7.27953e-49 1.36146e-48 0)
(-1.02265e-47 2.6692e-47 0)
(-3.86525e-47 5.51482e-46 0)
(1.53687e-45 9.84293e-45 0)
(9.05254e-44 1.9404e-43 0)
(2.46345e-42 3.2055e-42 0)
(5.78754e-41 6.18902e-41 0)
(1.20521e-39 9.74793e-40 0)
(2.07464e-38 1.87241e-38 0)
(-2.28512e-33 -3.17913e-33 0)
(-3.49952e-32 -3.18452e-32 0)
(-1.93289e-31 -5.1409e-31 0)
(-2.94596e-30 -1.38238e-31 0)
(-9.73742e-31 1.01331e-30 0)
(2.81183e-30 1.89743e-31 0)
(1.09766e-31 -6.61344e-31 0)
(-9.27162e-31 -1.80481e-32 0)
(1.43665e-32 3.46302e-31 0)
(1.03522e-30 1.90657e-31 0)
(1.10489e-30 1.16458e-32 0)
(1.11859e-30 -1.4864e-32 0)
(1.11015e-30 -1.23785e-32 0)
(1.04671e-30 -1.8069e-31 0)
(7.29148e-32 -1.81737e-31 0)
(8.03921e-34 -2.1815e-32 0)
(-6.05127e-32 -1.7029e-31 0)
(-9.72944e-31 -6.87752e-35 0)
(-6.13109e-32 1.69069e-31 0)
(-1.15024e-32 1.02997e-32 0)
(-1.15024e-32 1.02997e-32 0)
)
;
    }
    procBoundary2to3
    {
        type            processor;
        value           nonuniform List<vector> 
43
(
(5.89342e-36 6.92439e-41 0)
(3.75391e-37 -2.81783e-37 0)
(5.00823e-38 -2.09079e-38 0)
(5.53731e-39 -5.19845e-38 0)
(-2.4461e-38 -7.11568e-37 0)
(-6.33183e-36 -1.5444e-35 0)
(-3.588e-34 -1.60562e-34 0)
(-1.49041e-32 -3.31592e-33 0)
(-4.09314e-31 -8.98427e-33 0)
(-1.46637e-32 -1.96616e-31 0)
(4.60085e-33 -1.09602e-30 0)
(-3.50405e-34 -3.05084e-29 0)
(-1.00741e-32 6.14662e-31 0)
(-1.46779e-34 3.11483e-29 0)
(5.06579e-33 1.12549e-30 0)
(2.45989e-34 2.04248e-31 0)
(-1.8237e-36 1.84658e-32 0)
(-2.48325e-34 2.1905e-31 0)
(-5.41295e-33 1.02061e-30 0)
(6.52126e-33 3.36877e-29 0)
(1.74424e-32 -3.79797e-29 0)
(-5.93753e-33 -7.30056e-29 0)
(-1.77505e-32 -1.74168e-30 0)
(6.3163e-33 3.54752e-29 0)
(1.82555e-32 -4.02126e-29 0)
(-1.24694e-32 -7.66301e-29 0)
(-1.26765e-32 3.65953e-29 0)
(5.22191e-33 3.31243e-31 0)
(-2.08053e-32 5.11648e-31 0)
(-5.80447e-31 -2.06096e-30 0)
(-2.14758e-32 -4.14255e-29 0)
(-7.24132e-33 -1.49811e-30 0)
(-3.3706e-34 -2.69803e-31 0)
(-3.22883e-35 -1.22599e-32 0)
(6.34594e-38 -2.50389e-33 0)
(3.44824e-35 -1.22842e-32 0)
(3.28972e-34 -2.87559e-31 0)
(7.13587e-33 -1.3473e-30 0)
(-8.53049e-33 -4.44048e-29 0)
(-2.29595e-32 4.96682e-29 0)
(7.41157e-33 9.61155e-29 0)
(1.57101e-32 3.7187e-30 0)
(7.38568e-34 6.58893e-31 0)
)
;
    }
}


// ************************************************************************* //
