/*--------------------------------*- C++ -*----------------------------------*\
| =========                 |                                                 |
| \\      /  F ield         | OpenFOAM: The Open Source CFD Toolbox           |
|  \\    /   O peration     | Version:  2.4.0                                 |
|   \\  /    A nd           | Web:      www.OpenFOAM.org                      |
|    \\/     M anipulation  |                                                 |
\*---------------------------------------------------------------------------*/
FoamFile
{
    version     2.0;
    format      ascii;
    class       volVectorField;
    location    "0.6";
    object      U;
}
// * * * * * * * * * * * * * * * * * * * * * * * * * * * * * * * * * * * * * //

dimensions      [0 1 -1 0 0 0 0];

internalField   nonuniform List<vector> 
1915
(
(-1.74049e-32 1.58535e-32 0)
(-2.56375e-33 1.71975e-33 0)
(-2.86138e-34 1.9579e-34 0)
(-3.30559e-35 1.87844e-35 0)
(-3.27068e-36 1.8132e-36 0)
(-3.2151e-37 1.57846e-37 0)
(-2.861e-38 1.35409e-38 0)
(-2.48996e-39 1.08085e-39 0)
(-2.01889e-40 8.4267e-41 0)
(-1.59187e-41 6.21945e-42 0)
(-1.18876e-42 4.4692e-43 0)
(-8.62007e-44 3.07244e-44 0)
(-5.98004e-45 2.05517e-45 0)
(-3.93175e-46 1.32733e-46 0)
(1.33209e-46 1.23193e-47 0)
(2.49669e-45 4.9885e-47 0)
(3.77098e-44 5.84359e-46 0)
(5.52089e-43 6.40736e-45 0)
(7.73863e-42 6.74505e-44 0)
(1.05216e-40 6.36269e-43 0)
(1.35777e-39 5.77097e-42 0)
(1.7022e-38 4.36853e-41 0)
(1.99744e-37 3.21432e-40 0)
(2.28867e-36 1.61987e-39 0)
(2.39726e-35 8.27414e-39 0)
(-3.97616e-31 8.97933e-35 0)
(-3.5721e-30 2.84565e-35 0)
(-1.6256e-29 2.00104e-35 0)
(-1.60431e-28 3.44753e-36 0)
(-5.30466e-29 6.36205e-37 0)
(1.48946e-28 1.09738e-37 0)
(8.91223e-30 -5.23253e-38 0)
(-4.82852e-29 -8.49249e-36 0)
(1.68765e-30 -2.52705e-34 0)
(5.828e-29 -4.95957e-33 0)
(6.44015e-29 -7.28894e-32 0)
(6.55538e-29 -7.37987e-31 0)
(6.45418e-29 -7.28894e-32 0)
(5.93771e-29 -4.95958e-33 0)
(6.34809e-30 -2.5272e-34 0)
(1.52135e-31 -8.49378e-36 0)
(-5.0082e-30 -4.90221e-38 0)
(-5.28967e-29 2.82218e-38 0)
(-5.15812e-30 8.0254e-39 0)
(-1.16665e-30 9.43481e-40 0)
(-1.31201e-31 1.17779e-40 0)
(-1.86934e-32 1.14499e-41 0)
(-1.97218e-33 1.15223e-42 0)
(-2.22552e-34 1.01916e-43 0)
(-2.13327e-35 9.09646e-45 0)
(-2.06151e-36 7.46222e-46 0)
(-1.79742e-37 6.0666e-47 0)
(-1.54421e-38 4.63347e-48 0)
(-1.23423e-39 3.47357e-49 0)
(-9.63339e-41 2.47677e-50 0)
(-7.11712e-42 1.44728e-51 0)
(-5.11855e-43 -4.33876e-51 0)
(-3.52148e-44 -6.91789e-50 0)
(-2.35591e-45 -1.04645e-48 0)
(-1.3195e-46 -1.55394e-47 0)
(3.30351e-46 -2.24463e-46 0)
(5.45167e-45 -3.19133e-45 0)
(8.30668e-44 -4.40281e-44 0)
(1.20001e-42 -5.99152e-43 0)
(1.65668e-41 -7.87037e-42 0)
(2.16026e-40 -1.02071e-40 0)
(2.7033e-39 -1.26548e-39 0)
(3.16071e-38 -1.54883e-38 0)
(3.56546e-37 -1.78385e-37 0)
(3.6806e-36 -2.03118e-36 0)
(-5.22806e-32 4.1686e-32 0)
(-4.20394e-31 3.10014e-31 0)
(-1.82275e-30 2.22234e-30 0)
(-1.24911e-29 4.25626e-31 0)
(-4.12386e-30 -4.32379e-30 0)
(1.1196e-29 -9.24741e-31 0)
(9.89529e-31 2.72782e-30 0)
(-3.56358e-30 1.60751e-31 0)
(2.06259e-31 -1.51903e-30 0)
(4.71455e-30 -9.40432e-31 0)
(5.41232e-30 -2.03818e-31 0)
(5.5367e-30 -7.39634e-31 0)
(5.40976e-30 4.27538e-32 0)
(4.83908e-30 8.3734e-31 0)
(7.18862e-31 8.56394e-31 0)
(2.02695e-32 2.17346e-31 0)
(-5.58932e-31 7.41031e-31 0)
(-4.10388e-30 1.93651e-33 0)
(-5.78902e-31 -7.23023e-31 0)
(-1.36956e-31 -9.97618e-32 0)
(-1.74049e-32 -1.58535e-32 0)
(-2.56375e-33 -1.71975e-33 0)
(-2.86138e-34 -1.9579e-34 0)
(-3.30559e-35 -1.87844e-35 0)
(-3.27068e-36 -1.8132e-36 0)
(-3.2151e-37 -1.57846e-37 0)
(-2.861e-38 -1.35409e-38 0)
(-2.48996e-39 -1.08085e-39 0)
(-2.01889e-40 -8.4267e-41 0)
(-1.59187e-41 -6.21945e-42 0)
(-1.18876e-42 -4.4692e-43 0)
(-8.62008e-44 -3.07244e-44 0)
(-5.9812e-45 -2.05555e-45 0)
(-4.10363e-46 -1.37919e-46 0)
(-1.15014e-46 -8.05514e-47 0)
(-1.03172e-45 -9.00261e-46 0)
(-1.09575e-44 -1.07985e-44 0)
(-1.10044e-43 -1.20934e-43 0)
(-9.56685e-43 -1.30573e-42 0)
(-7.52128e-42 -1.2845e-41 0)
(-3.94195e-41 -1.22732e-40 0)
(-7.01473e-41 -1.0285e-39 0)
(3.05673e-39 -8.64101e-39 0)
(5.25303e-38 -6.10273e-38 0)
(6.67457e-37 -4.86526e-37 0)
(-9.05442e-33 1.31399e-32 0)
(-5.37426e-32 4.28158e-32 0)
(-1.21416e-31 2.50385e-31 0)
(-6.41411e-31 4.18915e-32 0)
(-2.19686e-31 -4.82496e-31 0)
(5.50706e-31 -1.07297e-31 0)
(5.39258e-32 3.0101e-31 0)
(-1.53502e-31 2.08473e-32 0)
(2.57649e-32 -1.71001e-31 0)
(2.59875e-31 -1.09555e-31 0)
(3.18283e-31 -2.65222e-32 0)
(3.23561e-31 -6.5925e-32 0)
(2.99762e-31 6.16147e-33 0)
(2.71557e-31 9.57491e-32 0)
(5.35328e-32 9.84739e-32 0)
(2.80523e-33 2.86943e-32 0)
(-3.43464e-32 8.32383e-32 0)
(-2.16869e-31 2.83342e-34 0)
(-3.712e-32 -8.07467e-32 0)
(-1.61319e-32 -1.31163e-32 0)
(-2.37211e-33 -2.17579e-33 0)
(-4.03678e-34 -2.5084e-34 0)
(-4.81825e-35 -2.92796e-35 0)
(-5.89639e-36 -2.90219e-36 0)
(-6.0406e-37 -2.85077e-37 0)
(-6.11213e-38 -2.53381e-38 0)
(-5.54819e-39 -2.20248e-39 0)
(-4.90813e-40 -1.78391e-40 0)
(-4.0276e-41 -1.4053e-41 0)
(-3.20676e-42 -1.04862e-42 0)
(-2.41239e-43 -7.59875e-44 0)
(-1.75958e-44 -5.26929e-45 0)
(-1.23216e-45 -3.5889e-46 0)
(-1.61623e-46 -7.7325e-47 0)
(-9.78937e-46 -7.16472e-46 0)
(-1.15777e-44 -8.90826e-45 0)
(-1.2791e-43 -1.06915e-43 0)
(-1.35567e-42 -1.19372e-42 0)
(-1.29377e-41 -1.28231e-41 0)
(-1.18366e-40 -1.24335e-40 0)
(-9.13038e-40 -1.16127e-39 0)
(-6.7749e-39 -9.19449e-39 0)
(-3.53042e-38 -7.05585e-38 0)
(-1.77663e-37 -3.87149e-37 0)
(-1.38411e-37 -2.08879e-36 0)
(-4.11986e-32 4.55515e-32 0)
(-7.23938e-32 2.15166e-32 0)
(-1.60994e-32 4.75041e-32 0)
(-2.51425e-32 7.39384e-33 0)
(-8.9005e-33 -6.90315e-32 0)
(1.81492e-32 -1.55407e-32 0)
(1.64841e-33 4.29945e-32 0)
(-3.11537e-33 3.02502e-33 0)
(2.25035e-33 -2.45886e-32 0)
(1.06648e-32 -1.60481e-32 0)
(1.4327e-32 -4.48499e-33 0)
(1.44245e-32 -1.26652e-32 0)
(1.21507e-32 4.78118e-34 0)
(1.14589e-32 1.37471e-32 0)
(3.04683e-33 1.42931e-32 0)
(2.65309e-34 4.31502e-33 0)
(-1.42587e-33 1.20072e-32 0)
(-8.35078e-33 4.88279e-35 0)
(-1.68871e-33 -1.15982e-32 0)
(-1.33802e-33 -1.95657e-33 0)
(-2.22281e-34 -3.54535e-34 0)
(-4.09294e-35 -4.29668e-35 0)
(-5.14579e-36 -5.27861e-36 0)
(-6.50662e-37 -5.40839e-37 0)
(-6.85482e-38 -5.4668e-38 0)
(-7.06687e-39 -4.95728e-39 0)
(-6.52691e-40 -4.38095e-40 0)
(-5.84544e-41 -3.59201e-41 0)
(-4.85304e-42 -2.85785e-42 0)
(-3.8978e-43 -2.14859e-43 0)
(-2.95668e-44 -1.5663e-44 0)
(-2.17487e-45 -1.09319e-45 0)
(-2.12754e-46 -1.05392e-46 0)
(-8.07648e-46 -4.38395e-46 0)
(-9.92649e-45 -5.73991e-45 0)
(-1.19022e-43 -7.19852e-44 0)
(-1.32733e-42 -8.70829e-43 0)
(-1.42388e-41 -9.82442e-42 0)
(-1.37793e-40 -1.06817e-40 0)
(-1.28415e-39 -1.05294e-39 0)
(-1.01345e-38 -1.00159e-38 0)
(-7.7582e-38 -8.14403e-38 0)
(-4.24583e-37 -6.4101e-37 0)
(-2.30314e-36 -3.65535e-36 0)
(-3.39368e-36 -1.99277e-35 0)
(-6.69777e-31 4.23404e-31 0)
(-7.94641e-31 4.46613e-32 0)
(-8.64807e-32 6.56101e-33 0)
(-1.80082e-32 6.86404e-34 0)
(-2.23612e-33 -6.3691e-33 0)
(-3.91871e-34 -1.45823e-33 0)
(-9.32492e-35 3.93286e-33 0)
(3.44442e-34 2.9176e-34 0)
(2.19484e-34 -2.27244e-33 0)
(2.66353e-34 -1.51307e-33 0)
(5.40879e-34 -4.64283e-34 0)
(4.979e-34 -1.23212e-33 0)
(2.34955e-34 2.79097e-35 0)
(3.1985e-34 1.27532e-33 0)
(1.77225e-34 1.33593e-33 0)
(2.70399e-35 4.25695e-34 0)
(-2.38101e-35 1.11083e-33 0)
(-1.42674e-34 5.27133e-36 0)
(-5.07296e-35 -1.06844e-33 0)
(-1.25733e-34 -1.92092e-34 0)
(-2.25226e-35 -3.65045e-35 0)
(-4.4624e-36 -4.6213e-36 0)
(-5.81324e-37 -5.84747e-37 0)
(-7.58289e-38 -6.15593e-38 0)
(-8.15555e-39 -6.3383e-39 0)
(-8.55357e-40 -5.84791e-40 0)
(-8.0019e-41 -5.23222e-41 0)
(-7.24128e-42 -4.34057e-42 0)
(-6.06106e-43 -3.48382e-43 0)
(-4.89969e-44 -2.64115e-44 0)
(-3.7383e-45 -1.93907e-45 0)
(-3.10783e-46 -1.53783e-46 0)
(-5.04668e-46 -2.68106e-46 0)
(-6.42177e-45 -3.57064e-45 0)
(-8.047e-44 -4.76464e-44 0)
(-9.72729e-43 -6.02977e-43 0)
(-1.09635e-41 -7.37747e-42 0)
(-1.19078e-40 -8.42839e-41 0)
(-1.17234e-39 -9.31511e-40 0)
(-1.11423e-38 -9.35485e-39 0)
(-9.06267e-38 -9.12493e-38 0)
(-7.17246e-37 -7.64034e-37 0)
(-4.18916e-36 -6.25731e-36 0)
(-2.43944e-35 -3.73665e-35 0)
(-5.35721e-35 -2.15775e-34 0)
(-2.95606e-32 4.95569e-31 0)
(-7.39184e-32 4.59641e-32 0)
(-1.10644e-32 -6.75451e-33 0)
(-2.30504e-33 -1.29394e-33 0)
(-2.93786e-34 -8.85639e-34 0)
(-1.07316e-34 -1.76771e-34 0)
(-1.7215e-35 3.99638e-34 0)
(4.73177e-35 2.98079e-35 0)
(1.80762e-35 -2.33797e-34 0)
(-1.62716e-36 -1.57979e-34 0)
(1.80629e-35 -5.41956e-35 0)
(1.2457e-35 -1.55444e-34 0)
(-1.05765e-35 -1.90796e-36 0)
(1.48313e-36 1.30506e-34 0)
(1.04555e-35 1.38166e-34 0)
(2.2983e-36 4.49561e-35 0)
(1.89946e-36 1.14499e-34 0)
(8.67585e-36 6.01073e-37 0)
(-3.96697e-37 -1.09798e-34 0)
(-1.00646e-35 -2.01888e-35 0)
(-1.90936e-36 -4.02831e-36 0)
(-3.94243e-37 -5.25117e-37 0)
(-5.29086e-38 -6.83863e-38 0)
(-7.04665e-39 -7.34523e-39 0)
(-7.71919e-40 -7.69266e-40 0)
(-8.20255e-41 -7.18896e-41 0)
(-7.76684e-42 -6.49944e-42 0)
(-7.09125e-43 -5.43613e-43 0)
(-5.9849e-44 -4.39164e-44 0)
(-4.86982e-45 -3.34708e-45 0)
(-3.93563e-46 -2.5259e-46 0)
(-3.18367e-46 -1.07567e-46 0)
(-4.009e-45 -1.30744e-45 0)
(-5.34465e-44 -1.81369e-44 0)
(-6.75889e-43 -2.43939e-43 0)
(-8.26282e-42 -3.1204e-42 0)
(-9.4305e-41 -3.86367e-41 0)
(-1.0412e-39 -4.49049e-40 0)
(-1.04454e-38 -5.05682e-39 0)
(-1.01875e-37 -5.226e-38 0)
(-8.5551e-37 -5.25339e-37 0)
(-7.0956e-36 -4.62282e-36 0)
(-4.44673e-35 -3.96225e-35 0)
(-2.88902e-34 -2.57299e-34 0)
(-8.87524e-34 -1.54902e-33 0)
(5.11449e-33 1.26157e-30 0)
(-7.73953e-33 1.28117e-31 0)
(-1.25482e-33 7.8894e-33 0)
(-3.55596e-34 2.96068e-34 0)
(-4.95604e-35 -6.54614e-35 0)
(-1.55495e-35 -1.56202e-35 0)
(-2.28587e-36 3.29432e-35 0)
(4.70104e-36 2.51675e-36 0)
(1.56055e-36 -1.94934e-35 0)
(-9.61483e-37 -1.33675e-35 0)
(7.51358e-37 -4.96274e-36 0)
(3.127e-38 -1.41986e-35 0)
(-2.16332e-36 -4.27761e-37 0)
(-8.0312e-37 1.08597e-35 0)
(7.37246e-37 1.15919e-35 0)
(2.00722e-37 3.88466e-36 0)
(3.11094e-37 9.55432e-36 0)
(1.48192e-36 5.49945e-38 0)
(1.09485e-37 -9.13503e-36 0)
(-8.56384e-37 -1.7389e-36 0)
(-1.66901e-37 -3.57798e-37 0)
(-3.55767e-38 -4.79247e-38 0)
(-4.86596e-39 -6.36629e-39 0)
(-6.59269e-40 -6.96265e-40 0)
(-7.31492e-41 -7.38738e-41 0)
(-7.85537e-42 -6.98753e-42 0)
(-7.50144e-43 -6.37372e-43 0)
(-6.89519e-44 -5.37542e-44 0)
(-5.85226e-45 -4.37006e-45 0)
(-4.84925e-46 -3.37291e-46 0)
(-1.39089e-46 -6.10513e-47 0)
(-1.48276e-45 -5.46997e-46 0)
(-2.05359e-44 -7.96169e-45 0)
(-2.75994e-43 -1.11553e-43 0)
(-3.52721e-42 -1.51648e-42 0)
(-4.36296e-41 -1.96178e-41 0)
(-5.06463e-40 -2.46274e-40 0)
(-5.69676e-39 -2.90388e-39 0)
(-5.88208e-38 -3.3322e-38 0)
(-5.91984e-37 -3.51147e-37 0)
(-5.24993e-36 -3.63132e-36 0)
(-4.62035e-35 -3.28923e-35 0)
(-3.2827e-34 -2.9673e-34 0)
(-2.43701e-33 -2.02934e-33 0)
(-1.14926e-32 -1.39103e-32 0)
(-4.29757e-32 8.41478e-31 0)
(1.64334e-32 8.73375e-32 0)
(1.77649e-33 7.28777e-33 0)
(1.59153e-34 5.22001e-34 0)
(3.32061e-36 3.89535e-35 0)
(-2.37723e-36 2.74607e-36 0)
(-4.65629e-37 3.27853e-36 0)
(3.26625e-37 2.60556e-37 0)
(1.14411e-37 -1.68864e-36 0)
(-9.14431e-38 -1.17493e-36 0)
(4.31091e-38 -4.7574e-37 0)
(-2.34712e-38 -1.42631e-36 0)
(-2.01042e-37 -7.35926e-38 0)
(-8.53143e-38 9.36146e-37 0)
(5.13544e-38 1.0094e-36 0)
(1.55608e-38 3.43279e-37 0)
(2.78264e-38 8.30329e-37 0)
(1.30331e-37 5.07772e-39 0)
(1.21282e-38 -7.92267e-37 0)
(-6.47765e-38 -1.5326e-37 0)
(-1.29597e-38 -3.2391e-38 0)
(-2.82026e-39 -4.41632e-39 0)
(-3.92682e-40 -5.96509e-40 0)
(-5.3894e-41 -6.607e-41 0)
(-6.05265e-42 -7.08402e-42 0)
(-6.55687e-43 -6.75759e-43 0)
(-6.31352e-44 -6.2056e-44 0)
(-5.83875e-45 -5.26283e-45 0)
(-5.01015e-46 -4.29764e-46 0)
(-8.23746e-47 -3.44479e-47 0)
(-6.26554e-46 -2.45759e-47 0)
(-9.09624e-45 -3.41328e-46 0)
(-1.2734e-43 -5.06829e-45 0)
(-1.72946e-42 -7.31546e-44 0)
(-2.23481e-41 -1.01051e-42 0)
(-2.80202e-40 -1.35589e-41 0)
(-3.29909e-39 -1.72376e-40 0)
(-3.7801e-38 -2.13255e-39 0)
(-3.97801e-37 -2.46068e-38 0)
(-4.11482e-36 -2.78249e-37 0)
(-3.74852e-35 -2.86025e-36 0)
(-3.45485e-34 -2.93639e-35 0)
(-2.55336e-33 -2.60323e-34 0)
(-2.08711e-32 -2.35621e-33 0)
(-1.03959e-31 -1.52426e-32 0)
(-7.94289e-32 -3.13766e-31 0)
(-5.81005e-32 -1.71365e-32 0)
(-9.16037e-33 1.09045e-32 0)
(-2.06629e-33 1.69311e-33 0)
(-2.74025e-34 2.68008e-34 0)
(-4.00751e-35 2.94503e-35 0)
(-4.55603e-36 3.53963e-36 0)
(-4.94189e-37 3.36049e-37 0)
(-4.28799e-38 -9.87184e-38 0)
(-1.23468e-38 -8.8191e-38 0)
(3.36333e-39 -3.91062e-38 0)
(-2.52581e-39 -1.19134e-37 0)
(-1.72557e-38 -7.84945e-39 0)
(-7.35399e-39 7.11196e-38 0)
(3.76401e-39 7.73437e-38 0)
(1.2026e-39 2.68044e-38 0)
(2.25619e-39 6.34281e-38 0)
(1.04494e-38 4.1088e-40 0)
(1.03614e-39 -6.03976e-38 0)
(-4.95518e-39 -1.19446e-38 0)
(-1.0053e-39 -2.57207e-39 0)
(-2.22401e-40 -3.56818e-40 0)
(-3.13383e-41 -4.88106e-41 0)
(-4.34548e-42 -5.47176e-42 0)
(-4.92198e-43 -5.9181e-43 0)
(-5.36792e-44 -5.69229e-44 0)
(-5.19861e-45 -5.25911e-45 0)
(-4.82986e-46 -4.48589e-46 0)
(-4.33587e-47 -3.71255e-47 0)
(-3.47476e-47 -8.62046e-48 0)
(-4.80044e-46 -9.32642e-47 0)
(-7.08648e-45 -1.46286e-45 0)
(-1.01434e-43 -2.20785e-44 0)
(-1.39306e-42 -3.25755e-43 0)
(-1.85097e-41 -4.57445e-42 0)
(-2.33993e-40 -6.30008e-41 0)
(-2.8596e-39 -8.14919e-40 0)
(-3.28046e-38 -1.0421e-38 0)
(-3.64363e-37 -1.22644e-37 0)
(-3.70889e-36 -1.45603e-36 0)
(-3.67812e-35 -1.54627e-35 0)
(-3.17156e-34 -1.73854e-34 0)
(-2.68708e-33 -1.66661e-33 0)
(-1.67089e-32 -1.77812e-32 0)
(-9.96229e-32 -1.30814e-31 0)
(-7.51653e-31 -2.37122e-32 0)
(-8.77775e-31 -3.52836e-33 0)
(-9.51583e-32 -2.26302e-34 0)
(-1.97435e-32 -7.72753e-36 0)
(-2.2812e-33 5.30235e-37 0)
(-3.15648e-34 1.02138e-37 0)
(-3.35532e-35 2.98782e-38 0)
(-3.73293e-36 2.5309e-39 0)
(-3.57891e-37 -9.82972e-39 0)
(-3.48868e-38 -7.0525e-39 0)
(-2.67721e-39 -3.27957e-39 0)
(-4.47299e-40 -1.02506e-38 0)
(-1.31316e-39 -8.23935e-40 0)
(-5.45951e-40 5.42121e-39 0)
(2.57129e-40 5.95395e-39 0)
(8.53936e-41 2.08655e-39 0)
(1.62975e-40 4.87721e-39 0)
(7.43489e-40 3.28579e-41 0)
(7.59008e-41 -4.63754e-39 0)
(-3.4751e-40 -9.28519e-40 0)
(-7.16585e-41 -2.03073e-40 0)
(-1.60457e-41 -2.85037e-41 0)
(-2.28797e-42 -3.93894e-42 0)
(-3.19897e-43 -4.45318e-43 0)
(-3.65343e-44 -4.84876e-44 0)
(-4.00757e-45 -4.69069e-45 0)
(-3.90362e-46 -4.35273e-46 0)
(-3.69515e-47 -3.72538e-47 0)
(-1.21946e-47 -2.85221e-48 0)
(-1.44747e-46 3.2206e-48 0)
(-2.24226e-45 5.46633e-47 0)
(-3.35224e-44 8.40295e-46 0)
(-4.87635e-43 1.24501e-44 0)
(-6.78705e-42 1.78974e-43 0)
(-9.19711e-41 2.46419e-42 0)
(-1.18005e-39 3.28398e-41 0)
(-1.47885e-38 4.13216e-40 0)
(-1.72492e-37 4.95696e-39 0)
(-1.98267e-36 5.25123e-38 0)
(-2.05605e-35 4.4655e-37 0)
(-2.14544e-34 5.29338e-37 0)
(-1.88745e-33 -8.76538e-35 0)
(-1.74324e-32 -2.66977e-33 0)
(-1.09923e-31 -4.93947e-32 0)
(-7.99101e-31 -6.35899e-31 0)
(-6.796e-32 -5.40414e-32 0)
(-6.39888e-32 -1.77075e-32 0)
(-9.94749e-33 -1.31552e-32 0)
(-2.20499e-33 -1.80175e-33 0)
(-2.88888e-34 -2.71274e-34 0)
(-4.17622e-35 -2.94762e-35 0)
(-4.71217e-36 -3.30006e-36 0)
(-5.39724e-37 -3.168e-37 0)
(-5.3581e-38 -3.10408e-38 0)
(-5.28161e-39 -3.14143e-39 0)
(-4.40082e-40 -4.72714e-40 0)
(-5.43055e-41 -8.01284e-40 0)
(-9.9229e-41 -7.305e-41 0)
(-3.96631e-41 3.78752e-40 0)
(1.74777e-41 4.19788e-40 0)
(5.96567e-42 1.49083e-40 0)
(1.14962e-41 3.43287e-40 0)
(5.1946e-41 2.40271e-42 0)
(5.37655e-42 -3.25951e-40 0)
(-2.41579e-41 -6.62751e-41 0)
(-5.03256e-42 -1.4664e-41 0)
(-1.13792e-42 -2.08251e-42 0)
(-1.63613e-43 -2.90153e-43 0)
(-2.30241e-44 -3.30743e-44 0)
(-2.64507e-45 -3.62207e-45 0)
(-2.91398e-46 -3.52393e-46 0)
(-2.84874e-47 -3.28267e-47 0)
(-2.55241e-48 -2.73108e-48 0)
(1.60974e-48 1.30088e-48 0)
(2.91543e-47 2.5243e-47 0)
(4.4999e-46 4.02779e-46 0)
(6.68613e-45 6.25201e-45 0)
(9.65284e-44 9.34865e-44 0)
(1.33338e-42 1.36006e-42 0)
(1.78936e-41 1.89248e-41 0)
(2.27411e-40 2.56107e-40 0)
(2.81284e-39 3.26881e-39 0)
(3.2407e-38 4.02663e-38 0)
(3.65567e-37 4.4354e-37 0)
(3.72863e-36 4.25447e-36 0)
(3.77748e-35 1.9016e-35 0)
(3.2447e-34 -4.0511e-34 0)
(2.83694e-33 -1.70994e-32 0)
(1.71756e-32 -3.61469e-31 0)
(1.08205e-31 -5.57742e-30 0)
(-1.36135e-32 -4.67812e-31 0)
(1.5609e-33 -4.90812e-32 0)
(-1.05436e-34 -4.75733e-33 0)
(-1.59382e-34 -4.07487e-34 0)
(-2.92603e-35 -4.33657e-35 0)
(-5.37054e-36 -4.37321e-36 0)
(-6.8068e-37 -4.79205e-37 0)
(-8.51807e-38 -4.70007e-38 0)
(-8.94161e-39 -4.63097e-39 0)
(-9.16507e-40 -4.43275e-40 0)
(-8.1931e-41 -5.38918e-41 0)
(-8.38843e-42 -6.27454e-41 0)
(-7.20569e-42 -6.33369e-42 0)
(-2.70215e-42 2.61422e-41 0)
(1.11324e-42 2.92704e-41 0)
(3.91022e-43 1.04878e-41 0)
(7.58943e-43 2.39236e-41 0)
(3.39149e-42 1.72019e-43 0)
(3.55448e-43 -2.26921e-41 0)
(-1.57348e-42 -4.65925e-42 0)
(-3.31695e-43 -1.04067e-42 0)
(-7.55669e-44 -1.49014e-43 0)
(-1.09565e-44 -2.08951e-44 0)
(-1.5501e-45 -2.39584e-45 0)
(-1.79108e-46 -2.63504e-46 0)
(-1.98021e-47 -2.57378e-47 0)
(-1.87633e-48 -2.40467e-48 0)
(9.65345e-49 -2.08421e-49 0)
(1.88856e-47 -3.80517e-50 0)
(3.0131e-46 -3.46568e-49 0)
(4.67597e-45 -5.50793e-48 0)
(6.99013e-44 -8.55546e-47 0)
(1.01675e-42 -1.27991e-45 0)
(1.41483e-41 -1.86324e-44 0)
(1.91686e-40 -2.59284e-43 0)
(2.45841e-39 -3.50752e-42 0)
(3.07979e-38 -4.46091e-41 0)
(3.58962e-37 -5.432e-40 0)
(4.12336e-36 -5.73423e-39 0)
(4.27083e-35 -4.6658e-38 0)
(4.45163e-34 8.66171e-38 0)
(3.90864e-33 1.44838e-35 0)
(3.60369e-32 4.2888e-34 0)
(2.2653e-31 8.40453e-33 0)
(1.64246e-30 1.23442e-31 0)
(9.19046e-33 -4.7364e-31 0)
(-4.94427e-33 -4.89438e-32 0)
(-6.34416e-34 -3.67626e-33 0)
(-1.26426e-34 -2.23895e-34 0)
(-1.47173e-35 -1.38966e-35 0)
(-1.95597e-36 -9.67209e-37 0)
(-2.06714e-37 -8.88668e-38 0)
(-2.25415e-38 -8.42383e-39 0)
(-2.15439e-39 -8.35654e-40 0)
(-2.04462e-40 -7.80421e-41 0)
(-1.75909e-41 -7.99444e-42 0)
(-1.56588e-42 -4.76512e-42 0)
(-5.65985e-43 -5.10562e-43 0)
(-1.84807e-43 1.69016e-42 0)
(6.93618e-44 1.91233e-42 0)
(2.50552e-44 6.92134e-43 0)
(4.9017e-44 1.56176e-42 0)
(2.17397e-43 1.15302e-44 0)
(2.29739e-44 -1.47984e-42 0)
(-1.00729e-43 -3.07345e-43 0)
(-2.14096e-44 -6.91499e-44 0)
(-4.90674e-45 -9.98386e-45 0)
(-7.1578e-46 -1.40741e-45 0)
(-1.01678e-46 -1.62302e-46 0)
(-1.17975e-47 -1.79174e-47 0)
(-1.30778e-48 -1.75716e-48 0)
(-1.23449e-49 -1.69795e-49 0)
(7.69752e-50 -1.05439e-49 0)
(1.45625e-48 -1.54342e-48 0)
(2.30771e-47 -2.54077e-47 0)
(3.55319e-46 -4.05152e-46 0)
(5.27011e-45 -6.28953e-45 0)
(7.59162e-44 -9.40558e-44 0)
(1.04642e-42 -1.36851e-42 0)
(1.40027e-41 -1.90439e-41 0)
(1.77492e-40 -2.57746e-40 0)
(2.18698e-39 -3.28964e-39 0)
(2.51111e-38 -4.05152e-38 0)
(2.81698e-37 -4.45782e-37 0)
(2.86007e-36 -4.25909e-36 0)
(2.87175e-35 -1.84131e-35 0)
(2.45005e-34 4.26732e-34 0)
(2.10487e-33 1.76302e-32 0)
(1.25843e-32 3.71304e-31 0)
(7.5105e-32 5.71652e-30 0)
(-6.72674e-34 -8.11376e-32 0)
(3.39221e-34 -1.18837e-32 0)
(4.18126e-35 -1.11739e-33 0)
(5.5879e-36 -7.87108e-35 0)
(4.25846e-37 -5.64504e-36 0)
(2.14388e-38 -4.09083e-37 0)
(-6.5718e-40 -3.5277e-38 0)
(-3.65889e-40 -3.02132e-39 0)
(-5.81636e-41 -2.70222e-40 0)
(-7.4485e-42 -2.27622e-41 0)
(-7.77706e-43 -1.95533e-42 0)
(-8.10604e-44 -4.37646e-43 0)
(-3.53881e-44 -4.57543e-44 0)
(-1.15921e-44 1.06741e-43 0)
(4.12787e-45 1.22607e-43 0)
(1.52836e-45 4.47124e-44 0)
(3.01008e-45 1.0015e-43 0)
(1.32384e-44 7.53729e-46 0)
(1.41159e-45 -9.48256e-44 0)
(-6.12706e-45 -1.98515e-44 0)
(-1.31432e-45 -4.49233e-45 0)
(-3.02629e-46 -6.52525e-46 0)
(-4.44163e-47 -9.23554e-47 0)
(-6.33073e-48 -1.06946e-47 0)
(-7.37617e-49 -1.18379e-48 0)
(-8.38654e-50 -1.16416e-49 0)
(-4.12166e-50 -1.1496e-50 0)
(-5.608e-49 -1.09455e-50 0)
(-9.22609e-48 -1.68246e-49 0)
(-1.47114e-46 -2.75349e-48 0)
(-2.28377e-45 -4.36358e-47 0)
(-3.41525e-44 -6.72444e-46 0)
(-4.96987e-43 -9.98259e-45 0)
(-6.91906e-42 -1.43932e-43 0)
(-9.37998e-41 -1.98473e-42 0)
(-1.20381e-39 -2.65229e-41 0)
(-1.50938e-38 -3.33455e-40 0)
(-1.76089e-37 -3.98901e-39 0)
(-2.0252e-36 -4.12933e-38 0)
(-2.10046e-35 -3.20161e-37 0)
(-2.19328e-34 8.56382e-37 0)
(-1.92953e-33 1.0331e-34 0)
(-1.78345e-32 2.84879e-33 0)
(-1.1241e-31 5.14783e-32 0)
(-8.17666e-31 6.56012e-31 0)
(-9.97753e-33 -4.9954e-31 0)
(5.12229e-33 -5.14032e-32 0)
(6.32703e-34 -3.64671e-33 0)
(1.10087e-34 -1.97478e-34 0)
(1.14743e-35 -8.05309e-36 0)
(1.33682e-36 -2.2249e-37 0)
(1.25652e-37 2.24316e-39 0)
(1.22097e-38 9.16909e-40 0)
(1.04956e-39 1.0231e-40 0)
(9.00661e-41 8.76211e-42 0)
(7.12383e-42 6.99245e-43 0)
(5.53656e-43 3.35572e-44 0)
(3.87779e-44 1.42139e-45 0)
(2.22601e-45 6.75569e-45 0)
(4.41437e-46 7.49379e-45 0)
(1.04428e-46 2.74814e-45 0)
(1.81379e-46 6.10199e-45 0)
(7.8914e-46 4.67998e-47 0)
(8.4704e-47 -5.77317e-45 0)
(-3.6491e-46 -1.21939e-45 0)
(-7.88167e-47 -2.77192e-46 0)
(-1.82126e-47 -4.05061e-47 0)
(-2.68526e-48 -5.75219e-48 0)
(-3.83667e-49 -6.6877e-49 0)
(-4.48454e-50 -7.4191e-50 0)
(-5.32278e-51 -7.2171e-51 0)
(-6.2685e-51 1.02873e-51 0)
(-9.71793e-50 2.98091e-50 0)
(-1.59082e-48 5.05028e-49 0)
(-2.5217e-47 8.32174e-48 0)
(-3.88745e-46 1.32728e-46 0)
(-5.77334e-45 2.06102e-45 0)
(-8.32996e-44 3.08312e-44 0)
(-1.15012e-42 4.48815e-43 0)
(-1.54238e-41 6.25107e-42 0)
(-1.95942e-40 8.47885e-41 0)
(-2.42165e-39 1.08904e-39 0)
(-2.78907e-38 1.3674e-38 0)
(-3.14278e-37 1.60045e-37 0)
(-3.20487e-36 1.85427e-36 0)
(-3.24079e-35 1.95894e-35 0)
(-2.78331e-34 2.12057e-34 0)
(-2.42179e-33 2.01306e-33 0)
(-1.46415e-32 2.03014e-32 0)
(-9.03826e-32 1.48223e-31 0)
(1.12961e-32 -4.93337e-31 0)
(-5.80675e-33 -5.05264e-32 0)
(-7.40865e-34 -3.49987e-33 0)
(-1.32724e-34 -1.81518e-34 0)
(-1.42769e-35 -6.047e-36 0)
(-1.71621e-36 -1.40956e-38 0)
(-1.66725e-37 2.48408e-38 0)
(-1.67287e-38 3.07858e-39 0)
(-1.48625e-39 3.07723e-40 0)
(-1.3166e-40 2.6654e-41 0)
(-1.07541e-41 2.22576e-42 0)
(-8.62683e-43 1.72709e-43 0)
(-6.52987e-44 1.306e-44 0)
(-4.84843e-45 1.33994e-45 0)
(-3.24773e-46 5.13078e-46 0)
(-1.79778e-47 1.69349e-46 0)
(8.85857e-48 3.6418e-46 0)
(4.50047e-47 2.84888e-48 0)
(4.8699e-48 -3.44082e-46 0)
(-2.08416e-47 -7.31603e-47 0)
(-4.53494e-48 -1.6688e-47 0)
(-1.05076e-48 -2.44966e-48 0)
(-1.55625e-49 -3.48708e-49 0)
(-2.2279e-50 -4.06597e-50 0)
(-2.61047e-51 -4.51606e-51 0)
(-2.93838e-52 -4.14854e-52 0)
(-7.92343e-53 5.12291e-52 0)
(-8.39658e-52 9.5964e-51 0)
(-1.34754e-50 1.61513e-49 0)
(-2.09505e-49 2.64642e-48 0)
(-3.15106e-48 4.19753e-47 0)
(-4.55163e-47 6.47585e-46 0)
(-6.33683e-46 9.62669e-45 0)
(-8.40458e-45 1.39062e-43 0)
(-1.06901e-43 1.92289e-42 0)
(-1.27876e-42 2.58343e-41 0)
(-1.45566e-41 3.28972e-40 0)
(-1.52295e-40 4.0781e-39 0)
(-1.49295e-39 4.71812e-38 0)
(-1.28038e-38 5.35286e-37 0)
(-9.80568e-38 5.52864e-36 0)
(-5.6164e-37 5.7092e-35 0)
(-1.95582e-36 5.10667e-34 0)
(5.04488e-36 4.66244e-33 0)
(1.40433e-34 3.05475e-32 0)
(1.13367e-32 -4.82364e-32 0)
(-6.08797e-33 -6.79496e-33 0)
(-8.06648e-34 -4.45831e-34 0)
(-1.61595e-34 -8.66904e-36 0)
(-1.8959e-35 3.4165e-36 0)
(-2.51562e-36 5.99502e-37 0)
(-2.65847e-37 8.28159e-38 0)
(-2.88995e-38 8.98508e-39 0)
(-2.75619e-39 9.31789e-40 0)
(-2.60553e-40 8.62934e-41 0)
(-2.25735e-41 7.71571e-42 0)
(-1.91097e-42 6.39806e-43 0)
(-1.5175e-43 5.1263e-44 0)
(-1.17166e-44 3.904e-45 0)
(-8.59173e-46 3.09861e-46 0)
(-6.10038e-47 2.93866e-47 0)
(-3.60744e-48 2.21578e-47 0)
(2.24151e-48 2.52128e-49 0)
(2.56114e-49 -1.96596e-47 0)
(-1.16479e-48 -4.21095e-48 0)
(-2.5476e-49 -9.63098e-49 0)
(-5.91301e-50 -1.42008e-49 0)
(-8.78744e-51 -2.02541e-50 0)
(-1.25872e-51 -2.36798e-51 0)
(-1.32084e-52 -2.589e-52 0)
(2.63879e-52 5.76063e-53 0)
(4.85433e-51 1.49227e-51 0)
(8.16975e-50 2.60591e-50 0)
(1.33878e-48 4.41309e-49 0)
(2.12395e-47 7.28477e-48 0)
(3.27803e-46 1.16402e-46 0)
(4.87559e-45 1.81144e-45 0)
(7.04831e-44 2.71571e-44 0)
(9.75553e-43 3.96394e-43 0)
(1.31229e-41 5.53572e-42 0)
(1.67357e-40 7.53434e-41 0)
(2.07814e-39 9.70978e-40 0)
(2.40798e-38 1.22483e-38 0)
(2.733e-37 1.44026e-37 0)
(2.81396e-36 1.68087e-36 0)
(2.87644e-35 1.7905e-35 0)
(2.50823e-34 1.96572e-34 0)
(2.21357e-33 1.89841e-33 0)
(1.3678e-32 1.95835e-32 0)
(8.52309e-32 1.46252e-31 0)
(-1.21914e-32 -3.33936e-32 0)
(-2.42957e-34 -3.58903e-33 0)
(-4.42749e-34 1.32038e-33 0)
(-2.50294e-34 2.58144e-34 0)
(-4.18179e-35 4.3898e-35 0)
(-7.26077e-36 5.15875e-36 0)
(-8.97563e-37 5.96807e-37 0)
(-1.10323e-37 5.92053e-38 0)
(-1.1454e-38 5.76941e-39 0)
(-1.16058e-39 5.11838e-40 0)
(-1.05975e-40 4.42454e-41 0)
(-9.37945e-42 3.57574e-42 0)
(-7.71835e-43 2.80567e-43 0)
(-6.14596e-44 2.08921e-44 0)
(-4.6296e-45 1.51072e-45 0)
(-3.37626e-46 1.04983e-46 0)
(-2.35108e-47 8.18161e-48 0)
(-1.45567e-48 4.63883e-49 0)
(-8.87238e-50 -1.06999e-48 0)
(-6.92476e-50 -2.34857e-49 0)
(-1.42078e-50 -5.4106e-50 0)
(-3.23343e-51 -8.01443e-51 0)
(-4.7973e-52 -1.14504e-51 0)
(-6.37036e-53 -1.34667e-52 0)
(8.44311e-53 -2.43078e-53 0)
(1.65177e-51 -1.72916e-52 0)
(2.88093e-50 -3.05423e-51 0)
(4.87811e-49 -5.30724e-50 0)
(8.05119e-48 -8.95769e-49 0)
(1.28627e-46 -1.473e-47 0)
(2.00132e-45 -2.34454e-46 0)
(2.99975e-44 -3.63181e-45 0)
(4.37755e-43 -5.41976e-44 0)
(6.11153e-42 -7.866e-43 0)
(8.31499e-41 -1.09225e-41 0)
(1.07085e-39 -1.47512e-40 0)
(1.34902e-38 -1.88423e-39 0)
(1.5808e-37 -2.33939e-38 0)
(1.82991e-36 -2.67248e-37 0)
(1.90895e-35 -2.90844e-36 0)
(2.01228e-34 -2.58256e-35 0)
(1.78431e-33 -1.71074e-34 0)
(1.67443e-32 5.1447e-34 0)
(1.06751e-31 3.12816e-32 0)
(8.00062e-31 5.48081e-31 0)
(-5.12432e-32 -4.17023e-31 0)
(-9.22249e-32 -2.60495e-32 0)
(-1.39649e-32 1.26715e-32 0)
(-3.00692e-33 2.01072e-33 0)
(-3.85463e-34 3.21695e-34 0)
(-5.4708e-35 3.55004e-35 0)
(-6.09521e-36 3.99548e-36 0)
(-6.91229e-37 3.83841e-37 0)
(-6.81401e-38 3.67354e-38 0)
(-6.62617e-39 3.19319e-39 0)
(-5.8739e-40 2.72352e-40 0)
(-5.07601e-41 2.16951e-41 0)
(-4.10136e-42 1.68449e-42 0)
(-3.21758e-43 1.24069e-43 0)
(-2.39544e-44 8.88775e-45 0)
(-1.73037e-45 6.09843e-46 0)
(-1.19731e-46 4.07521e-47 0)
(-8.03733e-48 2.6177e-48 0)
(-5.20209e-49 1.04608e-49 0)
(-3.61061e-50 -2.8997e-51 0)
(-2.73067e-51 -2.35693e-51 0)
(-2.88725e-52 -4.03292e-52 0)
(-3.27681e-53 -6.06343e-53 0)
(-1.35498e-53 -8.45589e-54 0)
(-1.7458e-52 -2.38512e-53 0)
(-3.10247e-51 -4.22299e-52 0)
(-5.39188e-50 -7.53483e-51 0)
(-9.10138e-49 -1.31191e-49 0)
(-1.49678e-47 -2.21863e-48 0)
(-2.38252e-46 -3.6565e-47 0)
(-3.69091e-45 -5.83305e-46 0)
(-5.50802e-44 -9.05955e-45 0)
(-7.99472e-43 -1.35548e-43 0)
(-1.1102e-41 -1.97351e-42 0)
(-1.50014e-40 -2.74844e-41 0)
(-1.91919e-39 -3.725e-40 0)
(-2.39591e-38 -4.76788e-39 0)
(-2.78392e-37 -5.91798e-38 0)
(-3.18243e-36 -6.66621e-37 0)
(-3.28317e-35 -6.88048e-36 0)
(-3.39711e-34 -4.75728e-35 0)
(-2.96657e-33 8.3363e-35 0)
(-2.69966e-32 1.39594e-32 0)
(-1.68227e-31 3.33065e-31 0)
(-1.18224e-30 5.50353e-30 0)
(-8.57538e-31 5.91893e-31 0)
(-1.07461e-30 6.26291e-32 0)
(-1.16999e-31 4.50918e-33 0)
(-2.41885e-32 2.46578e-34 0)
(-2.79054e-33 1.0168e-35 0)
(-3.85007e-34 2.87672e-37 0)
(-4.08571e-35 -2.01582e-39 0)
(-4.54004e-36 -1.08582e-39 0)
(-4.35297e-37 -1.22817e-40 0)
(-4.16971e-38 -1.05532e-41 0)
(-3.63022e-39 -8.47248e-43 0)
(-3.10114e-40 -6.31402e-44 0)
(-2.47382e-41 -4.57218e-45 0)
(-1.92311e-42 -3.15557e-46 0)
(-1.41797e-43 -2.12048e-47 0)
(-1.01669e-44 -1.3695e-48 0)
(-6.98158e-46 -8.30239e-50 0)
(-4.66164e-47 -5.22993e-51 0)
(-3.0003e-48 -3.43204e-51 0)
(-1.88089e-49 -6.97208e-52 0)
(-1.14342e-50 -1.56936e-52 0)
(-6.82167e-52 -2.32594e-53 0)
(-4.10538e-53 -3.28035e-54 0)
(-2.28364e-53 3.95095e-55 0)
(-3.75362e-52 1.46757e-53 0)
(-6.69318e-51 2.69483e-52 0)
(-1.16479e-49 4.80475e-51 0)
(-1.96879e-48 8.35701e-50 0)
(-3.2428e-47 1.41181e-48 0)
(-5.16981e-46 2.32398e-47 0)
(-8.02359e-45 3.70285e-46 0)
(-1.19957e-43 5.7428e-45 0)
(-1.74504e-42 8.57985e-44 0)
(-2.42858e-41 1.24687e-42 0)
(-3.29088e-40 1.7328e-41 0)
(-4.2214e-39 2.3399e-40 0)
(-5.28963e-38 2.97366e-39 0)
(-6.16688e-37 3.62021e-38 0)
(-7.08626e-36 3.84476e-37 0)
(-7.34244e-35 3.21605e-36 0)
(-7.65717e-34 -1.95932e-36 0)
(-6.72694e-33 -8.613e-34 0)
(-6.20673e-32 -2.6207e-32 0)
(-3.90471e-31 -5.16821e-31 0)
(-2.83412e-30 -7.61227e-30 0)
(-6.5237e-32 1.5701e-30 0)
(-8.50402e-32 1.46708e-31 0)
(-1.30312e-32 -3.96443e-33 0)
(-2.84128e-33 -1.53021e-33 0)
(-3.67732e-34 -3.00978e-34 0)
(-5.26107e-35 -3.4818e-35 0)
(-5.89432e-36 -3.98574e-36 0)
(-6.7145e-37 -3.84716e-37 0)
(-6.64141e-38 -3.68656e-38 0)
(-6.47627e-39 -3.20499e-39 0)
(-5.7538e-40 -2.73315e-40 0)
(-4.98158e-41 -2.17672e-41 0)
(-4.03139e-42 -1.68973e-42 0)
(-3.16699e-43 -1.24431e-43 0)
(-2.36053e-44 -8.91203e-45 0)
(-1.7069e-45 -6.11389e-46 0)
(-1.18216e-46 -4.07885e-47 0)
(-7.9489e-48 -2.62325e-48 0)
(-5.15173e-49 -1.64353e-49 0)
(-3.24674e-50 -9.9867e-51 0)
(-1.98189e-51 -5.95708e-52 0)
(-1.18009e-52 -3.49085e-53 0)
(-6.48719e-54 -1.95598e-54 0)
(6.39996e-54 1.8402e-54 0)
(1.24386e-52 3.68156e-53 0)
(2.21946e-51 6.74644e-52 0)
(3.8631e-50 1.20368e-50 0)
(6.53089e-49 2.09522e-49 0)
(1.07596e-47 3.54238e-48 0)
(1.7158e-46 5.83638e-47 0)
(2.66383e-45 9.30765e-46 0)
(3.98402e-44 1.44508e-44 0)
(5.7983e-43 2.16128e-43 0)
(8.07354e-42 3.14512e-42 0)
(1.0947e-40 4.37722e-41 0)
(1.4052e-39 5.92466e-40 0)
(1.76232e-38 7.55964e-39 0)
(2.05655e-37 9.29852e-38 0)
(2.36605e-36 1.01805e-36 0)
(2.45493e-35 9.55398e-36 0)
(2.56461e-34 3.5217e-35 0)
(2.25744e-33 -1.16132e-33 0)
(2.08765e-32 -4.4341e-32 0)
(1.31671e-31 -9.17614e-31 0)
(9.57986e-31 -1.39309e-29 0)
(-2.73221e-32 6.74166e-31 0)
(7.5245e-33 7.33682e-32 0)
(5.85848e-34 3.86372e-33 0)
(-6.65733e-35 3.58099e-35 0)
(-2.19798e-35 -3.04086e-35 0)
(-4.90454e-36 -4.64105e-36 0)
(-6.70757e-37 -5.80254e-37 0)
(-8.7928e-38 -5.88009e-38 0)
(-9.4934e-39 -5.76707e-39 0)
(-9.89956e-40 -5.12492e-40 0)
(-9.22742e-41 -4.43182e-41 0)
(-8.30056e-42 -3.58166e-42 0)
(-6.91763e-43 -2.81008e-43 0)
(-5.56625e-44 -2.09219e-44 0)
(-4.22913e-45 -1.51139e-45 0)
(-3.10694e-46 -1.04587e-46 0)
(-2.17983e-47 -7.02734e-48 0)
(-1.4816e-48 -4.55155e-49 0)
(-9.688e-50 -2.86691e-50 0)
(-6.14954e-51 -1.74922e-51 0)
(-3.77474e-52 -1.04136e-52 0)
(-2.24893e-53 -6.04376e-54 0)
(-2.24769e-55 -3.79847e-55 0)
(2.02401e-53 -6.90735e-55 0)
(3.72145e-52 -1.25932e-53 0)
(6.6392e-51 -2.30714e-52 0)
(1.15557e-49 -4.11663e-51 0)
(1.95354e-48 -7.16641e-50 0)
(3.21835e-47 -1.21177e-48 0)
(5.13198e-46 -1.9968e-47 0)
(7.96706e-45 -3.18501e-46 0)
(1.19147e-43 -4.94612e-45 0)
(1.7339e-42 -7.39977e-44 0)
(2.41402e-41 -1.07736e-42 0)
(3.27279e-40 -1.50094e-41 0)
(4.20041e-39 -2.03706e-40 0)
(5.26695e-38 -2.62062e-39 0)
(6.14492e-37 -3.30542e-38 0)
(7.06792e-36 -3.92064e-37 0)
(7.33102e-35 -4.70141e-36 0)
(7.65612e-34 -5.41479e-35 0)
(6.73603e-33 -6.85756e-34 0)
(6.22786e-32 -8.51708e-33 0)
(3.9261e-31 -1.10224e-31 0)
(2.85802e-30 -1.10737e-30 0)
(-3.20517e-33 6.27442e-31 0)
(1.38737e-33 6.67856e-32 0)
(1.92792e-34 4.77234e-33 0)
(1.60823e-35 2.49187e-34 0)
(2.30408e-37 7.31431e-36 0)
(-2.43655e-37 -2.04845e-37 0)
(-4.73775e-38 -7.17737e-38 0)
(-7.36812e-39 -8.83407e-39 0)
(-8.72829e-40 -9.43405e-40 0)
(-9.68347e-41 -8.77433e-41 0)
(-9.43537e-42 -7.83795e-42 0)
(-8.77045e-43 -6.48644e-43 0)
(-7.50392e-44 -5.18771e-44 0)
(-6.16315e-45 -3.92146e-45 0)
(-4.76479e-46 -2.86857e-46 0)
(-3.55007e-47 -2.00526e-47 0)
(-2.52152e-48 -1.35869e-48 0)
(-1.73141e-49 -8.86023e-50 0)
(-1.14245e-50 -5.61083e-51 0)
(-7.30729e-52 -3.43692e-52 0)
(-4.51596e-53 -2.04903e-53 0)
(-2.73185e-54 -1.19184e-54 0)
(-5.39805e-55 -1.68434e-55 0)
(-7.16948e-54 -1.95146e-54 0)
(-1.31178e-52 -3.65398e-53 0)
(-2.34026e-51 -6.69565e-52 0)
(-4.07339e-50 -1.19484e-50 0)
(-6.88655e-49 -2.08026e-49 0)
(-1.13459e-47 -3.51787e-48 0)
(-1.80938e-46 -5.79747e-47 0)
(-2.80927e-45 -9.248e-46 0)
(-4.20186e-44 -1.43627e-44 0)
(-6.11593e-43 -2.14883e-43 0)
(-8.51683e-42 -3.12847e-42 0)
(-1.15498e-40 -4.35712e-41 0)
(-1.48285e-39 -5.90691e-40 0)
(-1.86013e-38 -7.56938e-39 0)
(-2.17133e-37 -9.43119e-38 0)
(-2.49899e-36 -1.07609e-36 0)
(-2.59405e-35 -1.15685e-35 0)
(-2.71144e-34 -9.54167e-35 0)
(-2.38842e-33 -3.94477e-34 0)
(-2.2105e-32 1.03064e-32 0)
(-1.3957e-31 3.09109e-31 0)
(-1.01624e-30 5.53453e-30 0)
(-9.86413e-33 6.00655e-31 0)
(5.05175e-33 6.29547e-32 0)
(5.97987e-34 4.7773e-33 0)
(1.01223e-34 2.84083e-34 0)
(1.01751e-35 1.53168e-35 0)
(1.14616e-36 7.96901e-37 0)
(1.03478e-37 4.75826e-38 0)
(9.65745e-39 3.10939e-39 0)
(7.92976e-40 2.26534e-40 0)
(6.49208e-41 1.61647e-41 0)
(4.87237e-42 1.14957e-42 0)
(3.587e-43 7.70734e-44 0)
(2.47284e-44 5.00072e-45 0)
(1.65956e-45 3.0578e-46 0)
(1.05524e-46 1.79041e-47 0)
(6.50548e-48 9.85343e-49 0)
(3.82336e-49 5.11515e-50 0)
(2.17171e-50 2.44667e-51 0)
(1.17826e-51 1.05333e-52 0)
(6.15075e-53 3.75202e-54 0)
(3.05466e-54 7.9568e-56 0)
(8.89158e-56 -2.72639e-58 0)
(-1.06873e-54 5.20968e-56 0)
(-2.01696e-53 1.01225e-54 0)
(-3.69596e-52 1.89914e-53 0)
(-6.59527e-51 3.4802e-52 0)
(-1.14823e-49 6.21062e-51 0)
(-1.94166e-48 1.08133e-49 0)
(-3.19972e-47 1.82865e-48 0)
(-5.10378e-46 3.01369e-47 0)
(-7.926e-45 4.80743e-46 0)
(-1.18572e-43 7.46626e-45 0)
(-1.72622e-42 1.11701e-43 0)
(-2.40422e-41 1.62608e-42 0)
(-3.26107e-40 2.26376e-41 0)
(-4.18714e-39 3.06478e-40 0)
(-5.25351e-38 3.90911e-39 0)
(-6.13226e-37 4.79899e-38 0)
(-7.05912e-36 5.21186e-37 0)
(-7.32613e-35 4.74475e-36 0)
(-7.66038e-34 1.21536e-35 0)
(-6.74468e-33 -7.5705e-34 0)
(-6.24987e-32 -2.63169e-32 0)
(-3.94465e-31 -5.33284e-31 0)
(-2.88803e-30 -7.97372e-30 0)
(3.00813e-32 1.97324e-31 0)
(-1.54643e-32 2.88815e-32 0)
(-2.00072e-33 2.69463e-33 0)
(-3.55432e-34 1.87303e-34 0)
(-3.81093e-35 1.29872e-35 0)
(-4.53173e-36 9.01096e-37 0)
(-4.36466e-37 7.41432e-38 0)
(-4.33037e-38 6.12363e-39 0)
(-3.80851e-39 5.31773e-40 0)
(-3.33686e-40 4.3491e-41 0)
(-2.69748e-41 3.51892e-42 0)
(-2.1411e-42 2.68695e-43 0)
(-1.60171e-43 2.00401e-44 0)
(-1.16961e-44 1.42559e-45 0)
(-8.15058e-46 9.87768e-47 0)
(-5.53349e-47 6.57928e-48 0)
(-3.61353e-48 4.26708e-49 0)
(-2.29855e-49 2.67475e-50 0)
(-1.41387e-50 1.63353e-51 0)
(-8.4767e-52 9.67909e-53 0)
(-4.93285e-53 5.59335e-54 0)
(-2.76237e-54 3.19035e-55 0)
(5.85145e-55 1.07141e-55 0)
(1.38728e-53 1.72858e-54 0)
(2.54359e-52 3.24056e-53 0)
(4.53885e-51 5.93709e-52 0)
(7.90186e-50 1.05928e-50 0)
(1.33614e-48 1.84388e-49 0)
(2.2017e-47 3.11746e-48 0)
(3.51154e-46 5.13632e-47 0)
(5.45263e-45 8.19124e-46 0)
(8.1558e-44 1.27175e-44 0)
(1.18713e-42 1.90206e-43 0)
(1.65301e-41 2.76787e-42 0)
(2.24149e-40 3.85196e-41 0)
(2.87703e-39 5.21268e-40 0)
(3.60823e-38 6.64647e-39 0)
(4.2096e-37 8.15618e-38 0)
(4.84295e-36 8.85653e-37 0)
(5.02224e-35 8.05535e-36 0)
(5.24699e-34 2.02228e-35 0)
(4.61451e-33 -1.31021e-33 0)
(4.27209e-32 -4.56292e-32 0)
(2.69252e-31 -9.33457e-31 0)
(1.97152e-30 -1.41728e-29 0)
(3.67992e-32 1.76592e-30 0)
(-1.92077e-32 1.80844e-31 0)
(-2.42571e-33 1.27822e-32 0)
(-4.45651e-34 6.98626e-34 0)
(-4.88045e-35 3.08488e-35 0)
(-6.03848e-36 1.22148e-36 0)
(-6.01458e-37 5.7531e-38 0)
(-6.20333e-38 4.34123e-39 0)
(-5.65147e-39 4.66549e-40 0)
(-5.13398e-40 4.8612e-41 0)
(-4.29332e-41 4.83798e-42 0)
(-3.52369e-42 4.35536e-43 0)
(-2.72111e-43 3.72113e-44 0)
(-2.04938e-44 2.96215e-45 0)
(-1.471e-45 2.25962e-46 0)
(-1.02764e-46 1.63479e-47 0)
(-6.89773e-48 1.1401e-48 0)
(-4.50554e-49 7.61892e-50 0)
(-2.84316e-50 4.92725e-51 0)
(-1.74719e-51 3.07344e-52 0)
(-1.04129e-52 1.86072e-53 0)
(-6.00644e-54 1.08904e-54 0)
(4.97318e-55 1.50271e-56 0)
(1.5715e-53 -9.0545e-55 0)
(2.88115e-52 -1.70584e-53 0)
(5.13772e-51 -3.12737e-52 0)
(8.9378e-50 -5.58347e-51 0)
(1.51018e-48 -9.726e-50 0)
(2.48641e-47 -1.64558e-48 0)
(3.96236e-46 -2.71343e-47 0)
(6.14674e-45 -4.33082e-46 0)
(9.18548e-44 -6.73019e-45 0)
(1.33549e-42 -1.00752e-43 0)
(1.85761e-41 -1.46784e-42 0)
(2.51545e-40 -2.04536e-41 0)
(3.22467e-39 -2.7737e-40 0)
(4.03706e-38 -3.55009e-39 0)
(4.70297e-37 -4.3997e-38 0)
(5.39742e-36 -4.91672e-37 0)
(5.58719e-35 -4.93068e-36 0)
(5.81562e-34 -2.88774e-35 0)
(5.1025e-33 2.47838e-34 0)
(4.69141e-32 1.49025e-32 0)
(2.94501e-31 3.38788e-31 0)
(2.11867e-30 5.57982e-30 0)
(-6.18342e-32 1.70836e-30 0)
(2.427e-32 1.73782e-31 0)
(2.71116e-33 1.36174e-32 0)
(2.85902e-34 9.08118e-34 0)
(1.36299e-35 6.87445e-35 0)
(-1.02915e-36 5.74992e-36 0)
(-3.28869e-37 5.83715e-37 0)
(-5.74833e-38 5.66265e-38 0)
(-7.10415e-39 5.56233e-39 0)
(-8.06902e-40 5.00854e-40 0)
(-7.95223e-41 4.39412e-41 0)
(-7.45276e-42 3.59733e-42 0)
(-6.4031e-43 2.85436e-43 0)
(-5.27789e-44 2.14579e-44 0)
(-4.08777e-45 1.56324e-45 0)
(-3.05117e-46 1.08972e-46 0)
(-2.16919e-47 7.36971e-48 0)
(-1.49107e-48 4.80085e-49 0)
(-9.84459e-50 3.03874e-50 0)
(-6.30133e-51 1.86133e-51 0)
(-3.89588e-52 1.10958e-52 0)
(-2.34189e-53 6.42059e-54 0)
(-1.6308e-54 3.16275e-55 0)
(-5.09642e-54 -8.65403e-55 0)
(-9.20966e-53 -1.65807e-53 0)
(-1.64561e-51 -3.03323e-52 0)
(-2.86931e-50 -5.40355e-51 0)
(-4.85954e-49 -9.38992e-50 0)
(-8.02208e-48 -1.58498e-48 0)
(-1.28187e-46 -2.60653e-47 0)
(-1.99475e-45 -4.14955e-46 0)
(-2.99034e-44 -6.42903e-45 0)
(-4.36416e-43 -9.59749e-44 0)
(-6.09332e-42 -1.39342e-42 0)
(-8.2903e-41 -1.93611e-41 0)
(-1.06765e-39 -2.61686e-40 0)
(-1.34492e-38 -3.34842e-39 0)
(-1.57572e-37 -4.17196e-38 0)
(-1.82396e-36 -4.81287e-37 0)
(-1.9019e-35 -5.37415e-36 0)
(-2.00563e-34 -5.1722e-35 0)
(-1.77723e-33 -4.47842e-34 0)
(-1.67272e-32 -2.08539e-33 0)
(-1.067e-31 5.00424e-33 0)
(-8.11345e-31 3.41873e-31 0)
(-1.52745e-31 -4.9585e-31 0)
(-5.77892e-32 -3.22783e-32 0)
(-9.77475e-33 1.42791e-32 0)
(-2.34358e-33 2.2862e-33 0)
(-3.2394e-34 3.67336e-34 0)
(-4.88002e-35 4.05937e-35 0)
(-5.65733e-36 4.57269e-36 0)
(-6.61759e-37 4.39501e-37 0)
(-6.67375e-38 4.20784e-38 0)
(-6.61031e-39 3.65866e-39 0)
(-5.94563e-40 3.12131e-40 0)
(-5.20078e-41 2.48688e-41 0)
(-4.24462e-42 1.93127e-42 0)
(-3.35878e-43 1.42267e-43 0)
(-2.51903e-44 1.01928e-44 0)
(-1.83138e-45 6.99448e-46 0)
(-1.27436e-46 4.66755e-47 0)
(-8.60479e-48 3.00254e-48 0)
(-5.59754e-49 1.87973e-49 0)
(-3.53853e-50 1.13953e-50 0)
(-2.16499e-51 6.73067e-52 0)
(-1.28933e-52 3.86227e-53 0)
(-7.59766e-54 2.14763e-54 0)
(-3.05803e-54 -1.5788e-55 0)
(-4.79258e-53 -5.10871e-54 0)
(-8.47378e-52 -9.25516e-53 0)
(-1.46102e-50 -1.63204e-51 0)
(-2.44781e-49 -2.80258e-50 0)
(-3.99093e-48 -4.68044e-49 0)
(-6.30325e-47 -7.59639e-48 0)
(-9.67183e-46 -1.19595e-46 0)
(-1.43164e-44 -1.82543e-45 0)
(-2.05553e-43 -2.69383e-44 0)
(-2.83036e-42 -3.84324e-43 0)
(-3.77593e-41 -5.27804e-42 0)
(-4.78877e-40 -6.98458e-41 0)
(-5.88462e-39 -8.8417e-40 0)
(-6.77852e-38 -1.07412e-38 0)
(-7.58843e-37 -1.23508e-37 0)
(-7.76662e-36 -1.35198e-36 0)
(-7.79214e-35 -1.36233e-35 0)
(-6.76537e-34 -1.25881e-34 0)
(-5.82572e-33 -9.39517e-34 0)
(-3.63308e-32 -4.60785e-33 0)
(-2.20204e-31 1.88877e-32 0)
(-1.04904e-30 -1.1942e-30 0)
(-1.20237e-30 -1.2108e-31 0)
(-1.30222e-31 -8.07648e-33 0)
(-2.70465e-32 -3.94239e-34 0)
(-3.12652e-33 -9.53672e-36 0)
(-4.32947e-34 4.10619e-37 0)
(-4.6043e-35 9.83164e-38 0)
(-5.12784e-36 1.02854e-38 0)
(-4.92428e-37 9.45324e-40 0)
(-4.72398e-38 7.69311e-41 0)
(-4.1175e-39 6.07222e-42 0)
(-3.5211e-40 4.49947e-43 0)
(-2.81126e-41 3.25099e-44 0)
(-2.18716e-42 2.24095e-45 0)
(-1.61374e-43 1.50494e-46 0)
(-1.15778e-44 9.72173e-48 0)
(-7.95466e-46 6.11801e-49 0)
(-5.31402e-47 3.72341e-50 0)
(-3.4217e-48 2.20901e-51 0)
(-2.14398e-49 1.27221e-52 0)
(-1.30073e-50 7.14944e-54 0)
(-7.68833e-52 3.91412e-55 0)
(-4.47173e-53 2.66614e-56 0)
(-1.31585e-53 1.11374e-55 0)
(-1.94749e-52 2.0602e-54 0)
(-3.45318e-51 3.75793e-53 0)
(-5.97278e-50 6.67533e-52 0)
(-1.00415e-48 1.15639e-50 0)
(-1.64308e-47 1.94578e-49 0)
(-2.6054e-46 3.18873e-48 0)
(-4.01442e-45 5.05861e-47 0)
(-5.96998e-44 7.80603e-46 0)
(-8.61387e-43 1.16064e-44 0)
(-1.19276e-41 1.67673e-43 0)
(-1.60083e-40 2.3171e-42 0)
(-2.04439e-39 3.10385e-41 0)
(-2.53164e-38 3.908e-40 0)
(-2.94239e-37 4.66588e-39 0)
(-3.32917e-36 4.74602e-38 0)
(-3.44909e-35 3.33325e-37 0)
(-3.51989e-34 -2.41461e-36 0)
(-3.11611e-33 -1.59094e-34 0)
(-2.78495e-32 -4.18367e-33 0)
(-1.8214e-31 -7.52968e-32 0)
(-1.25427e-30 -9.7009e-31 0)
(-4.94811e-32 -6.77473e-31 0)
(-1.10828e-31 -8.55845e-32 0)
(-1.66044e-32 -2.22457e-32 0)
(-3.54897e-33 -2.68723e-33 0)
(-4.52285e-34 -3.79334e-34 0)
(-6.39296e-35 -4.04794e-35 0)
(-7.10131e-36 -4.50623e-36 0)
(-8.03605e-37 -4.32066e-37 0)
(-7.90866e-38 -4.13822e-38 0)
(-7.68101e-39 -3.60166e-39 0)
(-6.80204e-40 -3.07622e-40 0)
(-5.87332e-41 -2.45343e-41 0)
(-4.74235e-42 -1.90708e-42 0)
(-3.71837e-43 -1.40599e-43 0)
(-2.76693e-44 -1.00807e-44 0)
(-1.99791e-45 -6.92207e-46 0)
(-1.38196e-46 -4.62196e-47 0)
(-9.28206e-48 -2.97479e-48 0)
(-6.00981e-49 -1.86326e-49 0)
(-3.78316e-50 -1.13005e-50 0)
(-2.3059e-51 -6.67736e-52 0)
(-1.36846e-52 -3.83294e-53 0)
(-7.9088e-54 -2.09975e-54 0)
(-7.98701e-55 7.7964e-55 0)
(-6.29774e-54 1.67641e-53 0)
(-1.08016e-52 3.06255e-52 0)
(-1.80408e-51 5.44783e-51 0)
(-2.93399e-50 9.45026e-50 0)
(-4.60996e-49 1.59292e-48 0)
(-7.04543e-48 2.61474e-47 0)
(-1.03427e-46 4.15716e-46 0)
(-1.47618e-45 6.42789e-45 0)
(-2.00602e-44 9.58443e-44 0)
(-2.6533e-43 1.38824e-42 0)
(-3.29381e-42 1.92621e-41 0)
(-3.99879e-41 2.59198e-40 0)
(-4.44149e-40 3.29391e-39 0)
(-4.89148e-39 4.00536e-38 0)
(-4.68308e-38 4.30407e-37 0)
(-4.62121e-37 3.74179e-36 0)
(-3.51462e-36 4.32335e-36 0)
(-3.12418e-35 -7.8915e-34 0)
(-1.4901e-34 -2.54499e-32 0)
(-1.48634e-33 -5.13669e-31 0)
(-1.81225e-33 -7.72289e-30 0)
(1.33291e-32 -6.28618e-32 0)
(-1.43249e-32 -1.06723e-32 0)
(-2.28335e-33 -2.86151e-33 0)
(-5.98397e-34 -3.8657e-34 0)
(-8.08202e-35 -5.61457e-35 0)
(-1.21861e-35 -6.28117e-36 0)
(-1.39591e-36 -7.11556e-37 0)
(-1.62449e-37 -6.99781e-38 0)
(-1.62551e-38 -6.78793e-39 0)
(-1.60109e-39 -6.00445e-40 0)
(-1.43107e-40 -5.17938e-41 0)
(-1.24497e-41 -4.17855e-42 0)
(-1.01037e-42 -3.27396e-43 0)
(-7.95282e-44 -2.43478e-44 0)
(-5.93288e-45 -1.75718e-45 0)
(-4.29107e-46 -1.21492e-46 0)
(-2.97063e-47 -8.15716e-48 0)
(-1.9957e-48 -5.27982e-49 0)
(-1.29172e-49 -3.32277e-50 0)
(-8.12499e-51 -2.02483e-51 0)
(-4.94654e-52 -1.20143e-52 0)
(-2.92895e-53 -6.92498e-54 0)
(-1.26595e-54 -3.84697e-55 0)
(7.79993e-54 6.49927e-56 0)
(1.44644e-52 1.60197e-54 0)
(2.58091e-51 2.90606e-53 0)
(4.49275e-50 5.13156e-52 0)
(7.59583e-49 8.82868e-51 0)
(1.25148e-47 1.47613e-49 0)
(1.99566e-46 2.40045e-48 0)
(3.09824e-45 3.7821e-47 0)
(4.63309e-44 5.78455e-46 0)
(6.74208e-43 8.53699e-45 0)
(9.38485e-42 1.22028e-43 0)
(1.27215e-40 1.67221e-42 0)
(1.6321e-39 2.20863e-41 0)
(2.04587e-38 2.74513e-40 0)
(2.38531e-37 3.1768e-39 0)
(2.74202e-36 3.02492e-38 0)
(2.84089e-35 1.41471e-37 0)
(2.96391e-34 -4.03906e-36 0)
(2.60287e-33 -1.67411e-34 0)
(2.40253e-32 -4.04001e-33 0)
(1.51001e-31 -7.06601e-32 0)
(1.09629e-30 -8.8411e-31 0)
(1.83044e-33 -1.08473e-32 0)
(-1.24879e-33 -1.78303e-33 0)
(-2.20514e-34 -5.16357e-34 0)
(-6.24606e-35 -7.14121e-35 0)
(-8.92565e-36 -1.08795e-35 0)
(-1.38598e-36 -1.24903e-36 0)
(-1.6349e-37 -1.45285e-37 0)
(-1.93379e-38 -1.4524e-38 0)
(-1.9685e-39 -1.42895e-39 0)
(-1.95938e-40 -1.27602e-40 0)
(-1.77074e-41 -1.10915e-41 0)
(-1.55178e-42 -8.9953e-43 0)
(-1.26891e-43 -7.07613e-44 0)
(-1.00412e-44 -5.27621e-45 0)
(-7.53117e-46 -3.81446e-46 0)
(-5.46875e-47 -2.6397e-47 0)
(-3.80079e-48 -1.7728e-48 0)
(-2.56106e-49 -1.14713e-49 0)
(-1.66246e-50 -7.21376e-51 0)
(-1.04806e-51 -4.39085e-52 0)
(-6.39429e-53 -2.60138e-53 0)
(-3.79143e-54 -1.49775e-54 0)
(-1.42706e-55 -1.02972e-55 0)
(1.40855e-54 -3.70273e-55 0)
(2.59173e-53 -6.86166e-54 0)
(4.60338e-52 -1.25755e-52 0)
(7.97259e-51 -2.24447e-51 0)
(1.34093e-49 -3.90848e-50 0)
(2.19618e-48 -6.61062e-49 0)
(3.48113e-47 -1.08966e-47 0)
(5.36611e-46 -1.73849e-46 0)
(7.96793e-45 -2.70058e-45 0)
(1.14941e-43 -4.04107e-44 0)
(1.58643e-42 -5.88512e-43 0)
(2.1267e-41 -8.19919e-42 0)
(2.70006e-40 -1.11265e-40 0)
(3.33485e-39 -1.42951e-39 0)
(3.83689e-38 -1.79589e-38 0)
(4.31893e-37 -2.10252e-37 0)
(4.39683e-36 -2.43768e-36 0)
(4.43872e-35 -2.57599e-35 0)
(3.80175e-34 -2.79125e-34 0)
(3.30046e-33 -2.65075e-33 0)
(1.98739e-32 -2.67658e-32 0)
(1.22486e-31 -1.95489e-31 0)
(2.65518e-34 -1.02791e-33 0)
(-1.4176e-34 -1.84348e-34 0)
(-2.51025e-35 -5.46247e-35 0)
(-7.56176e-36 -7.89872e-36 0)
(-1.10002e-36 -1.23231e-36 0)
(-1.74746e-37 -1.45539e-37 0)
(-2.088e-38 -1.72103e-38 0)
(-2.4991e-39 -1.75128e-39 0)
(-2.5647e-40 -1.74229e-40 0)
(-2.56968e-41 -1.57399e-41 0)
(-2.33355e-42 -1.37891e-42 0)
(-2.05239e-43 -1.12728e-43 0)
(-1.68272e-44 -8.91867e-45 0)
(-1.3339e-45 -6.68823e-46 0)
(-1.00161e-46 -4.85606e-47 0)
(-7.27675e-48 -3.37466e-48 0)
(-5.05781e-49 -2.27376e-49 0)
(-3.40672e-50 -1.47589e-50 0)
(-2.20989e-51 -9.30404e-52 0)
(-1.39172e-52 -5.67636e-53 0)
(-8.48026e-54 -3.36923e-54 0)
(-5.01766e-55 -1.94376e-55 0)
(-1.32825e-56 -1.44865e-56 0)
(2.90805e-55 -6.91436e-56 0)
(5.33812e-54 -1.28083e-54 0)
(9.48506e-53 -2.33667e-53 0)
(1.64265e-51 -4.15086e-52 0)
(2.76141e-50 -7.19007e-51 0)
(4.51777e-49 -1.20954e-49 0)
(7.14873e-48 -1.9814e-48 0)
(1.09922e-46 -3.14142e-47 0)
(1.62661e-45 -4.8437e-46 0)
(2.33592e-44 -7.19436e-45 0)
(3.20504e-43 -1.03816e-43 0)
(4.26456e-42 -1.43345e-42 0)
(5.36146e-41 -1.9225e-41 0)
(6.54219e-40 -2.44234e-40 0)
(7.40507e-39 -3.01918e-39 0)
(8.17168e-38 -3.47949e-38 0)
(8.08724e-37 -3.92924e-37 0)
(7.90091e-36 -4.03025e-36 0)
(6.43348e-35 -4.12749e-35 0)
(5.31605e-34 -3.6445e-34 0)
(2.9333e-33 -3.28678e-33 0)
(1.7421e-32 -2.11427e-32 0)
(7.22478e-35 1.20176e-34 0)
(-3.5856e-35 1.64984e-35 0)
(-6.18816e-36 9.7024e-37 0)
(-1.55408e-36 -7.49285e-38 0)
(-2.11162e-37 -4.14024e-38 0)
(-3.09166e-38 -6.99285e-39 0)
(-3.52546e-39 -1.03375e-39 0)
(-4.02691e-40 -1.20338e-40 0)
(-4.0021e-41 -1.3234e-41 0)
(-3.88837e-42 -1.28515e-42 0)
(-3.44932e-43 -1.19233e-43 0)
(-2.96719e-44 -1.0195e-44 0)
(-2.3893e-45 -8.36866e-46 0)
(-1.86207e-46 -6.46795e-47 0)
(-1.37815e-47 -4.81642e-48 0)
(-9.87666e-49 -3.41907e-49 0)
(-6.7832e-50 -2.34574e-50 0)
(-4.51738e-51 -1.54634e-51 0)
(-2.90064e-52 -9.87852e-53 0)
(-1.80912e-53 -6.09634e-54 0)
(-1.09263e-54 -3.65451e-55 0)
(-6.42034e-56 -2.13178e-56 0)
(-3.56942e-57 -2.63346e-57 0)
(1.59924e-57 -2.75159e-56 0)
(3.29792e-56 -5.135e-55 0)
(5.86662e-55 -9.37627e-54 0)
(1.01502e-53 -1.6665e-52 0)
(1.70167e-52 -2.88713e-51 0)
(2.77001e-51 -4.85547e-50 0)
(4.35105e-50 -7.94755e-49 0)
(6.62083e-49 -1.25828e-47 0)
(9.66481e-48 -1.93602e-46 0)
(1.36325e-46 -2.86701e-45 0)
(1.82863e-45 -4.12077e-44 0)
(2.36378e-44 -5.65958e-43 0)
(2.86553e-43 -7.53944e-42 0)
(3.33899e-42 -9.49186e-41 0)
(3.5608e-41 -1.16021e-39 0)
(3.64355e-40 -1.3161e-38 0)
(3.25053e-39 -1.45669e-37 0)
(2.78577e-38 -1.44829e-36 0)
(1.85124e-37 -1.42489e-35 0)
(1.2039e-36 -1.17513e-34 0)
(4.04508e-36 -9.8662e-34 0)
(1.74356e-35 -5.60968e-33 0)
(5.19144e-34 1.93687e-33 0)
(-2.60828e-34 3.065e-34 0)
(-4.08179e-35 5.18507e-35 0)
(-8.41327e-36 5.64071e-36 0)
(-1.00563e-36 6.54601e-37 0)
(-1.28881e-37 6.32822e-38 0)
(-1.31998e-38 6.23144e-39 0)
(-1.36361e-39 5.48781e-40 0)
(-1.24143e-40 4.77953e-41 0)
(-1.11242e-41 3.85079e-42 0)
(-9.1699e-43 3.03245e-43 0)
(-7.36958e-44 2.25272e-44 0)
(-5.57208e-45 1.62915e-45 0)
(-4.09461e-46 1.12477e-46 0)
(-2.868e-47 7.55317e-48 0)
(-1.95161e-48 4.87955e-49 0)
(-1.2763e-49 3.06754e-50 0)
(-8.11504e-51 1.86489e-51 0)
(-4.98627e-52 1.10437e-52 0)
(-2.98244e-53 6.34821e-54 0)
(-1.73071e-54 3.55877e-55 0)
(-9.86644e-56 1.92676e-56 0)
(-2.01687e-56 -1.95059e-57 0)
(-2.76784e-55 -5.70835e-56 0)
(-5.04866e-54 -1.0671e-54 0)
(-8.9733e-53 -1.94611e-53 0)
(-1.55463e-51 -3.45638e-52 0)
(-2.61466e-50 -5.98685e-51 0)
(-4.28014e-49 -1.00729e-49 0)
(-6.77719e-48 -1.65069e-48 0)
(-1.04294e-46 -2.61879e-47 0)
(-1.54475e-45 -4.04155e-46 0)
(-2.22088e-44 -6.01081e-45 0)
(-3.05107e-43 -8.68825e-44 0)
(-4.06612e-42 -1.20236e-42 0)
(-5.12103e-41 -1.61703e-41 0)
(-6.2628e-40 -2.06188e-40 0)
(-7.10665e-39 -2.56021e-39 0)
(-7.86788e-38 -2.96866e-38 0)
(-7.8154e-37 -3.37732e-37 0)
(-7.67243e-36 -3.50246e-36 0)
(-6.2826e-35 -3.63478e-35 0)
(-5.2281e-34 -3.27629e-34 0)
(-2.90854e-33 -3.0131e-33 0)
(-1.74185e-32 -1.9957e-32 0)
(3.6563e-33 2.09859e-32 0)
(-1.88077e-33 2.95363e-33 0)
(-2.88797e-34 4.35151e-34 0)
(-5.33069e-35 4.23284e-35 0)
(-6.05953e-36 4.57472e-36 0)
(-7.32993e-37 4.19161e-37 0)
(-7.24354e-38 4.02803e-38 0)
(-7.24384e-39 3.4726e-39 0)
(-6.44518e-40 2.99609e-40 0)
(-5.66266e-41 2.38948e-41 0)
(-4.59755e-42 1.87286e-42 0)
(-3.6476e-43 1.38383e-43 0)
(-2.72924e-44 9.98452e-45 0)
(-1.98784e-45 6.87539e-46 0)
(-1.38205e-46 4.61371e-47 0)
(-9.3454e-48 2.97826e-48 0)
(-6.07895e-49 1.87314e-49 0)
(-3.8476e-50 1.13933e-50 0)
(-2.35497e-51 6.75606e-52 0)
(-1.40395e-52 3.88913e-53 0)
(-8.12429e-54 2.18463e-54 0)
(-4.61761e-55 1.18658e-55 0)
(-8.8398e-56 -9.55808e-57 0)
(-1.18181e-54 -3.06457e-55 0)
(-2.15255e-53 -5.76227e-54 0)
(-3.82243e-52 -1.05735e-52 0)
(-6.61982e-51 -1.88955e-51 0)
(-1.1136e-49 -3.29522e-50 0)
(-1.82455e-48 -5.58207e-49 0)
(-2.89402e-47 -9.21783e-48 0)
(-4.46534e-46 -1.47349e-46 0)
(-6.63944e-45 -2.29414e-45 0)
(-9.59436e-44 -3.44116e-44 0)
(-1.32733e-42 -5.02606e-43 0)
(-1.78445e-41 -7.02378e-42 0)
(-2.27416e-40 -9.56788e-41 0)
(-2.82152e-39 -1.23418e-39 0)
(-3.26607e-38 -1.5587e-38 0)
(-3.70235e-37 -1.83526e-37 0)
(-3.80633e-36 -2.14581e-36 0)
(-3.88404e-35 -2.2909e-35 0)
(-3.37944e-34 -2.5232e-34 0)
(-2.97584e-33 -2.44661e-33 0)
(-1.83356e-32 -2.53478e-32 0)
(-1.14057e-31 -1.90149e-31 0)
(3.3302e-32 1.06545e-31 0)
(-1.71037e-32 1.56361e-32 0)
(-2.19262e-33 1.35799e-33 0)
(-3.86522e-34 8.60778e-35 0)
(-4.10771e-35 4.77204e-36 0)
(-4.83857e-36 2.47527e-37 0)
(-4.61306e-37 1.4648e-38 0)
(-4.52903e-38 9.60944e-40 0)
(-3.9402e-39 7.2724e-41 0)
(-3.41479e-40 5.46937e-42 0)
(-2.72999e-41 4.17658e-43 0)
(-2.14315e-42 3.0315e-44 0)
(-1.5855e-43 2.16226e-45 0)
(-1.14512e-44 1.47213e-46 0)
(-7.89248e-46 9.79088e-48 0)
(-5.30033e-47 6.26232e-49 0)
(-3.42392e-48 3.90829e-50 0)
(-2.15476e-49 2.35864e-51 0)
(-1.31138e-50 1.38911e-52 0)
(-7.78018e-52 7.94201e-54 0)
(-4.48084e-53 4.43503e-55 0)
(-2.53648e-54 2.58505e-56 0)
(-4.92486e-55 3.56055e-56 0)
(-6.66824e-54 6.58956e-55 0)
(-1.22183e-52 1.23416e-53 0)
(-2.18269e-51 2.25769e-52 0)
(-3.80481e-50 4.02186e-51 0)
(-6.44234e-49 6.98871e-50 0)
(-1.06327e-47 1.17952e-48 0)
(-1.69866e-46 1.9395e-47 0)
(-2.64291e-45 3.08689e-46 0)
(-3.96134e-44 4.78141e-45 0)
(-5.78065e-43 7.13478e-44 0)
(-8.07019e-42 1.03542e-42 0)
(-1.09795e-40 1.4376e-41 0)
(-1.41395e-39 1.94129e-40 0)
(-1.78116e-38 2.47935e-39 0)
(-2.08711e-37 3.0777e-38 0)
(-2.41585e-36 3.5151e-37 0)
(-2.52008e-35 3.82397e-36 0)
(-2.65625e-34 3.39277e-35 0)
(-2.35516e-33 2.24119e-34 0)
(-2.20982e-32 -6.9251e-34 0)
(-1.4087e-31 -4.13905e-32 0)
(-1.05549e-30 -7.23625e-31 0)
(1.39882e-32 1.33017e-30 0)
(-7.17903e-33 1.33473e-31 0)
(-8.88531e-34 9.0481e-33 0)
(-1.55476e-34 4.5885e-34 0)
(-1.62849e-35 1.43178e-35 0)
(-1.90912e-36 -4.97723e-38 0)
(-1.80557e-37 -6.69262e-38 0)
(-1.76609e-38 -7.66246e-39 0)
(-1.52841e-39 -7.21161e-40 0)
(-1.32056e-40 -5.90441e-41 0)
(-1.05174e-41 -4.66754e-42 0)
(-8.23551e-43 -3.4583e-43 0)
(-6.07492e-44 -2.49786e-44 0)
(-4.3781e-45 -1.72092e-45 0)
(-3.01045e-46 -1.1552e-46 0)
(-2.01796e-47 -7.45893e-48 0)
(-1.30103e-48 -4.69214e-49 0)
(-8.1744e-50 -2.85447e-50 0)
(-4.96667e-51 -1.69289e-51 0)
(-2.94238e-52 -9.7462e-53 0)
(-1.69194e-53 -5.47507e-54 0)
(-9.14949e-55 -2.95123e-55 0)
(6.15003e-55 6.8791e-56 0)
(1.24905e-53 1.6292e-54 0)
(2.28579e-52 3.05798e-53 0)
(4.07247e-51 5.60365e-52 0)
(7.07762e-50 9.9998e-51 0)
(1.19466e-48 1.74101e-49 0)
(1.96463e-47 2.94417e-48 0)
(3.12713e-46 4.85196e-47 0)
(4.84424e-45 7.73962e-46 0)
(7.22886e-44 1.20198e-44 0)
(1.04919e-42 1.79822e-43 0)
(1.4569e-41 2.61784e-42 0)
(1.96848e-40 3.64536e-41 0)
(2.51816e-39 4.93991e-40 0)
(3.14336e-38 6.32202e-39 0)
(3.65205e-37 7.84576e-38 0)
(4.17426e-36 8.83707e-37 0)
(4.30579e-35 9.12247e-36 0)
(4.45437e-34 6.31819e-35 0)
(3.88906e-33 -1.06341e-34 0)
(3.53817e-32 -1.83925e-32 0)
(2.2042e-31 -4.39235e-31 0)
(1.54844e-30 -7.25878e-30 0)
(-4.79897e-32 6.86065e-31 0)
(2.46392e-32 7.01929e-32 0)
(3.1307e-33 4.86476e-33 0)
(5.51322e-34 2.53783e-34 0)
(5.84076e-35 8.88636e-36 0)
(6.87576e-36 9.48865e-38 0)
(6.54506e-37 -2.38282e-38 0)
(6.42233e-38 -3.06287e-39 0)
(5.58181e-39 -2.9639e-40 0)
(4.83506e-40 -2.44704e-41 0)
(3.86266e-41 -1.94004e-42 0)
(3.03096e-42 -1.43931e-43 0)
(2.24104e-43 -1.04029e-44 0)
(1.61791e-44 -7.1711e-46 0)
(1.11458e-45 -4.81573e-47 0)
(7.48238e-47 -3.11071e-48 0)
(4.83152e-48 -1.9575e-49 0)
(3.03956e-49 -1.19124e-50 0)
(1.84921e-50 -7.06685e-52 0)
(1.09675e-51 -4.06963e-53 0)
(6.31473e-53 -2.28695e-54 0)
(3.62294e-54 -1.27656e-55 0)
(1.64551e-54 -5.70497e-56 0)
(2.72305e-53 -9.68081e-55 0)
(4.9859e-52 -1.81443e-53 0)
(8.89344e-51 -3.32274e-52 0)
(1.54761e-49 -5.92553e-51 0)
(2.61572e-48 -1.03089e-49 0)
(4.30807e-47 -1.74196e-48 0)
(6.86761e-46 -2.86817e-47 0)
(1.06576e-44 -4.57101e-46 0)
(1.59321e-43 -7.09117e-45 0)
(2.3174e-42 -1.0597e-43 0)
(3.22469e-41 -1.54045e-42 0)
(4.36892e-40 -2.14127e-41 0)
(5.60321e-39 -2.89205e-40 0)
(7.01941e-38 -3.67452e-39 0)
(8.18141e-37 -4.46807e-38 0)
(9.39784e-36 -4.71907e-37 0)
(9.73391e-35 -3.85432e-36 0)
(1.01459e-33 6.20075e-36 0)
(8.90835e-33 1.16391e-33 0)
(8.21325e-32 3.46053e-32 0)
(5.16288e-31 6.78849e-31 0)
(3.74333e-30 9.97332e-30 0)
(-1.9163e-32 -5.86005e-31 0)
(9.84454e-33 -5.47826e-32 0)
(1.2976e-33 -3.39732e-33 0)
(2.30487e-34 -1.51244e-34 0)
(2.4787e-35 -1.84474e-36 0)
(2.93373e-36 3.80127e-37 0)
(2.81587e-37 6.12397e-38 0)
(2.77426e-38 6.0166e-39 0)
(2.42416e-39 5.42104e-40 0)
(2.10656e-40 4.3777e-41 0)
(1.68933e-41 3.44389e-42 0)
(1.32901e-42 2.54602e-43 0)
(9.85481e-44 1.83681e-44 0)
(7.12989e-45 1.26427e-45 0)
(4.92298e-46 8.4806e-47 0)
(3.31085e-47 5.47193e-48 0)
(2.14186e-48 3.4402e-49 0)
(1.34955e-49 2.09164e-50 0)
(8.22322e-51 1.23987e-51 0)
(4.88372e-52 7.13465e-53 0)
(2.81537e-53 4.00615e-54 0)
(1.56255e-54 2.13057e-55 0)
(-3.18737e-55 -1.05419e-55 0)
(-7.60506e-54 -2.2501e-54 0)
(-1.39513e-52 -4.22075e-53 0)
(-2.49084e-51 -7.7311e-52 0)
(-4.33898e-50 -1.37902e-50 0)
(-7.34129e-49 -2.39976e-49 0)
(-1.21055e-47 -4.05608e-48 0)
(-1.93209e-46 -6.68047e-47 0)
(-3.00258e-45 -1.065e-45 0)
(-4.49483e-44 -1.65278e-44 0)
(-6.54909e-43 -2.47084e-43 0)
(-9.12819e-42 -3.5936e-42 0)
(-1.23935e-40 -4.99826e-41 0)
(-1.59265e-39 -6.75869e-40 0)
(-2.00073e-38 -8.60951e-39 0)
(-2.33765e-37 -1.05466e-37 0)
(-2.69546e-36 -1.14101e-36 0)
(-2.80056e-35 -1.02583e-35 0)
(-2.93574e-34 -2.18892e-35 0)
(-2.58847e-33 1.79164e-33 0)
(-2.40999e-32 6.07788e-32 0)
(-1.52478e-31 1.23096e-30 0)
(-1.13021e-30 1.8482e-29 0)
(1.39198e-32 -3.76645e-32 0)
(-7.14956e-33 -5.61246e-33 0)
(-8.77869e-34 -3.46078e-34 0)
(-1.52386e-34 -1.01761e-35 0)
(-1.58489e-35 1.20813e-36 0)
(-1.84756e-36 2.07853e-37 0)
(-1.73816e-37 2.46573e-38 0)
(-1.69348e-38 2.2833e-39 0)
(-1.46011e-39 2.02397e-40 0)
(-1.25803e-40 1.63304e-41 0)
(-9.99263e-42 1.28671e-42 0)
(-7.80864e-43 9.54417e-44 0)
(-5.74881e-44 6.90405e-45 0)
(-4.13675e-45 4.76637e-46 0)
(-2.84038e-46 3.20492e-47 0)
(-1.90175e-47 2.07311e-48 0)
(-1.22477e-48 1.30609e-49 0)
(-7.68849e-50 7.958e-51 0)
(-4.6676e-51 4.72599e-52 0)
(-2.76334e-52 2.72453e-53 0)
(-1.58845e-53 1.5325e-54 0)
(-9.45159e-55 8.44289e-56 0)
(-1.09115e-54 1.47478e-56 0)
(-1.95465e-53 1.98601e-55 0)
(-3.57864e-52 3.74241e-54 0)
(-6.38111e-51 6.8995e-53 0)
(-1.11002e-49 1.23882e-51 0)
(-1.87542e-48 2.17143e-50 0)
(-3.08753e-47 3.69707e-49 0)
(-4.91993e-46 6.13926e-48 0)
(-7.63153e-45 9.86795e-47 0)
(-1.14033e-43 1.54604e-45 0)
(-1.65776e-42 2.33332e-44 0)
(-2.30562e-41 3.43343e-43 0)
(-3.1217e-40 4.83585e-42 0)
(-4.0013e-39 6.66661e-41 0)
(-5.00851e-38 8.76676e-40 0)
(-5.83362e-37 1.15767e-38 0)
(-6.69361e-36 1.51536e-37 0)
(-6.92729e-35 2.22746e-36 0)
(-7.20866e-34 3.62784e-35 0)
(-6.32276e-33 6.75216e-34 0)
(-5.81212e-32 1.20376e-32 0)
(-3.64741e-31 1.89802e-31 0)
(-2.62466e-30 2.23013e-30 0)
(1.22003e-33 -9.83708e-33 0)
(-6.34648e-34 -1.3561e-33 0)
(-9.6579e-35 -2.02031e-34 0)
(-1.67479e-35 -1.96907e-35 0)
(-1.84345e-36 -2.13781e-36 0)
(-2.1424e-37 -1.95662e-37 0)
(-2.06139e-38 -1.87782e-38 0)
(-2.0101e-39 -1.61415e-39 0)
(-1.75558e-40 -1.38957e-40 0)
(-1.51766e-41 -1.10544e-41 0)
(-1.21665e-42 -8.6486e-43 0)
(-9.54912e-44 -6.37842e-44 0)
(-7.08235e-45 -4.59583e-45 0)
(-5.12051e-46 -3.16045e-46 0)
(-3.53824e-47 -2.11867e-47 0)
(-2.38037e-48 -1.36633e-48 0)
(-1.54176e-49 -8.58703e-50 0)
(-9.72413e-51 -5.21946e-51 0)
(-5.93432e-52 -3.09344e-52 0)
(-3.52949e-53 -1.7799e-53 0)
(-2.03891e-54 -9.99336e-55 0)
(-1.24325e-55 -5.25842e-56 0)
(-1.92565e-55 3.84221e-56 0)
(-3.47248e-54 7.9705e-55 0)
(-6.32544e-53 1.4979e-53 0)
(-1.12202e-51 2.74955e-52 0)
(-1.94053e-50 4.91566e-51 0)
(-3.25928e-49 8.57537e-50 0)
(-5.32993e-48 1.45328e-48 0)
(-8.4356e-47 2.40057e-47 0)
(-1.29811e-45 3.83911e-46 0)
(-1.92427e-44 5.97889e-45 0)
(-2.77035e-43 8.97295e-44 0)
(-3.81626e-42 1.31085e-42 0)
(-5.10369e-41 1.83311e-41 0)
(-6.46455e-40 2.49745e-40 0)
(-7.96003e-39 3.22475e-39 0)
(-9.1309e-38 4.07322e-38 0)
(-1.02353e-36 4.80546e-37 0)
(-1.03762e-35 5.62268e-36 0)
(-1.04129e-34 6.03607e-35 0)
(-8.86375e-34 6.67236e-34 0)
(-7.63538e-33 6.56126e-33 0)
(-4.56161e-32 6.81682e-32 0)
(-2.79546e-31 5.19522e-31 0)
)
;

boundaryField
{
    leftWall
    {
        type            fixedValue;
        value           uniform (0 0 0);
    }
    rightWall
    {
        type            fixedValue;
        value           nonuniform 0();
    }
    lowerWall
    {
        type            fixedValue;
        value           nonuniform 0();
    }
    atmosphere
    {
        type            pressureInletOutletVelocity;
        value           nonuniform List<vector> 
45
(
(0 -9.83708e-33 0)
(0 -1.3561e-33 0)
(0 -2.02031e-34 0)
(0 -1.96907e-35 0)
(0 -2.13781e-36 0)
(0 -1.95662e-37 0)
(0 -1.87782e-38 0)
(0 -1.61415e-39 0)
(0 -1.38957e-40 0)
(0 -1.10544e-41 0)
(0 -8.6486e-43 0)
(0 -6.37842e-44 0)
(0 -4.59583e-45 0)
(0 -3.16045e-46 0)
(0 -2.11867e-47 0)
(0 -1.36633e-48 0)
(0 -8.58703e-50 0)
(0 -5.21946e-51 0)
(0 -3.09344e-52 0)
(0 -1.7799e-53 0)
(0 -9.99336e-55 0)
(0 -5.25842e-56 0)
(-1.92565e-55 3.84221e-56 0)
(-3.47248e-54 7.9705e-55 0)
(-6.32544e-53 1.4979e-53 0)
(-1.12202e-51 2.74955e-52 0)
(-1.94053e-50 4.91566e-51 0)
(-3.25928e-49 8.57537e-50 0)
(-5.32993e-48 1.45328e-48 0)
(-8.4356e-47 2.40057e-47 0)
(-1.29811e-45 3.83911e-46 0)
(-1.92427e-44 5.97889e-45 0)
(-2.77035e-43 8.97295e-44 0)
(-3.81626e-42 1.31085e-42 0)
(-5.10369e-41 1.83311e-41 0)
(-6.46455e-40 2.49745e-40 0)
(-7.96003e-39 3.22475e-39 0)
(-9.1309e-38 4.07322e-38 0)
(-1.02353e-36 4.80546e-37 0)
(-1.03762e-35 5.62268e-36 0)
(-1.04129e-34 6.03607e-35 0)
(-8.86375e-34 6.67236e-34 0)
(-7.63538e-33 6.56126e-33 0)
(-4.56161e-32 6.81682e-32 0)
(-2.79546e-31 5.19522e-31 0)
)
;
    }
    defaultFaces
    {
        type            empty;
    }
    procBoundary2to0
    {
        type            processor;
        value           nonuniform List<vector> 
46
(
(-2.37211e-33 2.17579e-33 0)
(-4.03678e-34 2.5084e-34 0)
(-4.81825e-35 2.92796e-35 0)
(-5.89639e-36 2.90219e-36 0)
(-6.0406e-37 2.85077e-37 0)
(-6.11213e-38 2.53381e-38 0)
(-5.54819e-39 2.20248e-39 0)
(-4.90813e-40 1.78391e-40 0)
(-4.0276e-41 1.4053e-41 0)
(-3.20676e-42 1.04862e-42 0)
(-2.41239e-43 7.59875e-44 0)
(-1.75954e-44 5.26903e-45 0)
(-1.22643e-45 3.55206e-46 0)
(-8.62378e-47 2.7151e-47 0)
(-3.9903e-47 5.72249e-47 0)
(-3.05204e-46 7.21744e-46 0)
(-1.61171e-45 9.10684e-45 0)
(8.77576e-45 1.09328e-43 0)
(5.00192e-43 1.29236e-42 0)
(1.02295e-41 1.4478e-41 0)
(1.68183e-40 1.62765e-40 0)
(2.35229e-39 1.73251e-39 0)
(2.98506e-38 1.8987e-38 0)
(3.47637e-37 1.96461e-37 0)
(3.67442e-36 2.12518e-36 0)
(-5.2349e-32 -4.09149e-32 0)
(-4.20157e-31 -3.09741e-31 0)
(-1.8227e-30 -2.22214e-30 0)
(-1.24911e-29 -4.25592e-31 0)
(-4.12385e-30 4.3238e-30 0)
(1.1196e-29 9.24741e-31 0)
(9.89524e-31 -2.72782e-30 0)
(-3.56363e-30 -1.60764e-31 0)
(2.05823e-31 1.51872e-30 0)
(4.71182e-30 9.34648e-31 0)
(5.39269e-30 1.21794e-31 0)
(5.5367e-30 -6.40383e-32 0)
(5.42939e-30 -1.24778e-31 0)
(4.84181e-30 -8.43124e-31 0)
(7.19297e-31 -8.56704e-31 0)
(2.03169e-32 -2.17359e-31 0)
(-5.58927e-31 -7.41032e-31 0)
(-4.10388e-30 -1.9365e-33 0)
(-5.78902e-31 7.23023e-31 0)
(-1.36956e-31 9.97618e-32 0)
(-1.36956e-31 9.97618e-32 0)
)
;
    }
    procBoundary2to3
    {
        type            processor;
        value           nonuniform List<vector> 
43
(
(2.48426e-34 6.54718e-39 0)
(3.70165e-35 -2.1242e-35 0)
(6.66468e-36 -3.47781e-36 0)
(8.63215e-37 -2.9911e-36 0)
(-2.58848e-36 -2.46614e-35 0)
(-1.434e-34 -2.78037e-34 0)
(-3.6448e-33 -2.25559e-33 0)
(-6.73694e-32 -2.25683e-32 0)
(-8.35834e-31 -9.36547e-32 0)
(-6.53317e-32 -9.8576e-31 0)
(1.53699e-32 -4.62659e-30 0)
(-2.64612e-33 -5.88371e-29 0)
(-3.90381e-32 1.24898e-30 0)
(-1.71598e-33 6.01974e-29 0)
(1.94736e-32 4.76129e-30 0)
(2.08803e-33 1.03219e-30 0)
(-5.56895e-36 1.88242e-31 0)
(-2.01398e-33 1.03672e-30 0)
(-1.91933e-32 4.05036e-30 0)
(2.79416e-32 6.11995e-29 0)
(6.73985e-32 -7.70939e-29 0)
(-2.28278e-32 -1.4415e-28 0)
(-6.80734e-32 -7.89484e-30 0)
(2.42375e-32 6.29441e-29 0)
(6.88283e-32 -8.11236e-29 0)
(-4.69322e-32 -1.48723e-28 0)
(-5.05289e-32 6.41901e-29 0)
(1.41852e-32 2.2688e-30 0)
(-9.18797e-32 6.48758e-31 0)
(-1.17291e-30 -7.38762e-30 0)
(-9.70035e-32 -8.08377e-29 0)
(-3.13133e-32 -6.4076e-30 0)
(-3.02529e-33 -1.36307e-30 0)
(-3.6341e-34 -1.29751e-31 0)
(2.71464e-37 -3.35889e-32 0)
(3.63484e-34 -1.23227e-31 0)
(2.68762e-33 -1.35081e-30 0)
(2.53195e-32 -5.34761e-30 0)
(-3.65887e-32 -8.06948e-29 0)
(-8.8965e-32 1.00923e-28 0)
(2.69681e-32 1.90597e-28 0)
(6.23537e-32 1.60886e-29 0)
(6.5542e-33 3.56199e-30 0)
)
;
    }
}


// ************************************************************************* //
