/*--------------------------------*- C++ -*----------------------------------*\
| =========                 |                                                 |
| \\      /  F ield         | OpenFOAM: The Open Source CFD Toolbox           |
|  \\    /   O peration     | Version:  2.4.0                                 |
|   \\  /    A nd           | Web:      www.OpenFOAM.org                      |
|    \\/     M anipulation  |                                                 |
\*---------------------------------------------------------------------------*/
FoamFile
{
    version     2.0;
    format      ascii;
    class       surfaceScalarField;
    location    "0.25";
    object      phi;
}
// * * * * * * * * * * * * * * * * * * * * * * * * * * * * * * * * * * * * * //

dimensions      [0 3 -1 0 0 0 0];

internalField   nonuniform List<scalar> 
3781
(
6.47553e-40
5.7999e-42
4.39179e-39
5.26172e-41
5.91648e-39
8.5959e-40
3.1232e-37
7.64878e-40
3.72583e-42
-1.68312e-39
-3.12279e-37
-1.6828e-39
-5.23239e-39
7.70911e-40
6.50419e-40
9.17949e-40
9.70259e-39
9.6518e-40
3.18887e-37
1.63624e-39
3.17396e-37
-8.59269e-40
-3.01324e-37
-2.448e-39
5.07947e-39
7.64878e-40
3.13007e-37
1.62447e-39
5.95737e-39
-7.70935e-40
4.39563e-39
-8.59936e-40
6.46892e-40
-5.26479e-41
3.71909e-41
-5.71312e-42
3.52872e-42
-3.20544e-43
1.97148e-43
-2.46111e-44
1.44362e-44
-1.29632e-45
7.57704e-46
-8.13134e-47
4.63956e-47
-3.99093e-48
4.52561e-48
-2.05891e-49
4.651e-47
2.06363e-49
7.59843e-46
4.00031e-48
1.44802e-44
8.15192e-47
1.97859e-43
1.30009e-45
3.54239e-42
2.46884e-44
3.73736e-41
3.21758e-43
6.50222e-40
5.73642e-42
4.42926e-39
5.29436e-41
6.56668e-39
8.65326e-40
3.16749e-37
8.17821e-40
6.56668e-39
-8.17821e-40
4.42926e-39
-8.65326e-40
6.50222e-40
-5.29436e-41
3.73736e-41
-5.73642e-42
3.54239e-42
-3.21758e-43
1.97859e-43
-2.46885e-44
1.448e-44
-1.30053e-45
7.58753e-46
-8.6435e-47
3.48258e-47
-7.35526e-47
-4.64568e-46
6.64325e-41
-5.72965e-42
4.79357e-40
-6.05036e-41
6.62957e-39
-9.7476e-40
1.20674e-38
-8.65354e-40
4.25613e-43
1.90729e-39
-1.20626e-38
1.90694e-39
-6.55881e-39
-8.72012e-40
6.68447e-41
-1.04162e-39
7.04727e-39
-1.09618e-39
1.87638e-38
-1.85311e-39
1.26175e-38
9.74409e-40
-4.88728e-39
2.77265e-39
5.50532e-40
-8.65354e-40
1.21385e-38
-1.84011e-39
6.63432e-39
8.72038e-40
4.79799e-40
9.75138e-40
6.64431e-41
6.05498e-41
4.31931e-42
6.3092e-42
4.01627e-43
3.50744e-43
2.39633e-44
2.6248e-44
1.74548e-45
1.36888e-45
9.55162e-47
8.45526e-47
5.85474e-48
4.11724e-48
5.88128e-49
2.10378e-49
5.86965e-48
-2.10854e-49
9.57942e-47
-4.12676e-48
1.75102e-45
-8.47629e-47
2.40529e-44
-1.37278e-45
4.03277e-43
-2.63284e-44
4.34152e-42
-3.52028e-43
6.68206e-41
-6.33407e-42
4.83714e-40
-6.08741e-41
6.69639e-39
-9.81093e-40
1.25511e-38
-9.26226e-40
6.69639e-39
9.26226e-40
4.83714e-40
9.81093e-40
6.68206e-41
6.08741e-41
4.34152e-42
6.33407e-42
4.03277e-43
3.52028e-43
2.40527e-44
2.63281e-44
1.7484e-45
1.36681e-45
7.71473e-47
1.73043e-47
-1.94486e-46
-9.58808e-46
-6.48599e-45
9.01381e-42
-6.82236e-43
3.86036e-41
-7.19378e-42
3.56757e-40
-9.82864e-41
6.30711e-40
-8.52813e-41
7.54502e-44
1.91565e-40
-6.29977e-40
1.9152e-40
-3.47119e-40
-8.60831e-41
9.04988e-42
-1.06242e-40
3.87119e-40
-1.12727e-40
9.96513e-40
-1.85129e-40
6.78947e-40
9.8241e-41
-2.25644e-40
2.76846e-40
4.83108e-41
-8.52812e-41
6.40414e-40
-1.83567e-40
3.5749e-40
8.60865e-41
3.86792e-41
9.83353e-41
8.97891e-42
7.19959e-42
6.58206e-43
7.56748e-43
7.09946e-44
4.53229e-44
4.45493e-45
3.40618e-45
3.44549e-46
1.85716e-46
1.93076e-47
1.15259e-47
1.21616e-48
5.78356e-49
1.23489e-49
2.96743e-50
1.21933e-48
-2.97433e-50
1.93659e-47
-5.79729e-49
3.457e-46
-1.15555e-47
4.47302e-45
-1.86264e-46
7.13197e-44
-3.41713e-45
6.62314e-43
-4.5497e-44
9.04541e-42
-7.59968e-43
3.92657e-41
-7.24149e-42
3.65802e-40
-9.90463e-41
6.69972e-40
-9.25225e-41
3.65802e-40
9.25225e-41
3.92657e-41
9.90463e-41
9.04541e-42
7.24149e-42
6.62314e-43
7.59968e-43
7.13195e-44
4.54967e-44
4.47015e-45
3.41233e-45
3.0586e-46
1.05972e-46
-2.65424e-46
-9.01307e-46
-3.11107e-45
-1.32626e-44
-9.03454e-44
7.27173e-43
-1.19922e-43
2.29955e-42
-1.07341e-42
1.46616e-41
-1.40841e-41
2.50603e-41
-1.21679e-41
7.08743e-45
2.74581e-41
-2.49946e-41
2.74503e-41
-1.38798e-41
-1.23017e-41
7.29814e-43
-1.52831e-41
1.63039e-41
-1.62379e-41
4.04512e-41
-2.65118e-41
2.8141e-41
1.40756e-41
-7.31093e-42
3.96259e-41
3.08776e-42
-1.21678e-41
2.58482e-41
-2.62513e-41
1.47272e-41
1.23023e-41
2.30655e-42
1.4092e-41
7.23168e-43
1.07361e-42
5.85962e-44
1.26059e-43
6.64853e-45
7.85701e-45
4.38752e-46
6.22758e-46
3.46043e-47
3.4723e-47
1.99914e-48
2.20884e-48
1.27272e-49
1.12073e-49
1.31853e-50
5.812e-51
1.27612e-49
-5.82563e-51
2.00536e-48
-1.12343e-49
3.47246e-47
-2.21465e-48
4.40623e-46
-3.4829e-47
6.68112e-45
-6.24854e-46
5.90001e-44
-7.88951e-45
7.29374e-43
-1.26647e-43
2.35843e-42
-1.08084e-42
1.53909e-41
-1.42101e-41
2.74182e-41
-1.32486e-41
1.53909e-41
1.32486e-41
2.35843e-42
1.42101e-41
7.29374e-43
1.08084e-42
5.89999e-44
1.26647e-43
6.67775e-45
7.88579e-45
4.01524e-46
5.69102e-46
-5.13742e-46
-9.05966e-46
-3.95014e-45
-1.07851e-44
-4.36721e-44
-1.5868e-43
-1.10305e-42
6.98925e-44
-9.30409e-44
1.56134e-43
-1.11671e-43
4.30288e-43
-1.2093e-42
6.45389e-43
-1.02643e-42
7.70192e-46
2.33637e-42
-6.38641e-43
2.33569e-42
-3.54683e-43
-1.03841e-42
7.03095e-44
-1.31013e-42
5.2325e-43
-1.397e-42
1.14584e-42
-2.25045e-42
8.76697e-43
1.19921e-42
1.69678e-44
3.36211e-42
2.32103e-43
-1.02564e-42
7.21564e-43
-2.22562e-42
4.36936e-43
1.03847e-42
1.56623e-43
1.20084e-42
6.95907e-44
9.81475e-44
5.94952e-45
1.19928e-44
7.19017e-46
7.83879e-46
4.86587e-47
6.33505e-47
3.93831e-48
3.6397e-48
2.30574e-49
2.33963e-49
1.48503e-50
1.21061e-50
1.54867e-51
6.31388e-52
1.48905e-50
-6.32896e-52
2.31305e-49
-1.21358e-50
3.95234e-48
-2.34594e-49
4.88744e-47
-3.65114e-48
7.22723e-46
-6.35723e-47
5.99421e-45
-7.87283e-46
7.02606e-44
-1.20524e-44
1.61846e-43
-9.88676e-44
5.0048e-43
-1.21204e-42
8.07155e-43
-1.1245e-42
5.0048e-43
1.1245e-42
1.61846e-43
1.21204e-42
7.02605e-44
9.88674e-44
5.99149e-45
1.20502e-44
6.77375e-46
7.4431e-46
-4.79986e-46
-5.82888e-46
-7.54618e-45
-1.11056e-44
-5.50138e-44
-1.28916e-43
-6.23278e-43
-1.95019e-42
-1.39033e-41
1.26734e-45
-1.07039e-42
1.35854e-44
-1.77635e-43
7.48985e-45
-2.31116e-43
2.9775e-45
-1.10051e-43
9.76295e-47
2.28422e-43
-2.05615e-45
2.29498e-43
-8.8615e-46
-1.01878e-43
5.32376e-45
-1.29075e-43
1.1787e-44
-1.37751e-43
1.45416e-44
-2.21083e-43
1.82174e-44
1.17849e-43
1.97105e-44
3.30183e-43
1.56827e-44
-1.00516e-43
8.39031e-45
-2.1845e-43
7.16146e-45
1.01878e-43
9.94932e-45
1.18027e-43
5.26482e-45
9.86979e-45
4.73757e-46
1.2709e-45
5.89306e-47
8.49606e-47
4.10893e-48
7.03878e-48
3.36934e-49
4.09877e-49
2.01038e-50
2.66459e-50
1.30386e-51
1.38855e-51
1.37652e-52
7.27265e-53
1.30744e-51
-7.29007e-53
2.01688e-50
-1.39199e-51
3.38165e-49
-2.67186e-50
4.12773e-48
-4.11189e-49
5.92473e-47
-7.06403e-48
4.77527e-46
-8.53437e-47
5.3196e-45
-1.27753e-45
1.03635e-44
-9.94766e-45
1.19443e-44
-1.19212e-43
1.29567e-44
-1.10463e-43
1.19443e-44
1.10463e-43
1.03634e-44
1.19212e-43
5.31753e-45
9.94652e-45
4.46143e-46
1.25707e-45
-4.66555e-46
-3.08596e-46
-6.18001e-45
-5.96611e-45
-8.93409e-44
-1.03838e-43
-6.63474e-43
-1.22862e-42
-7.62532e-42
-1.89567e-41
-1.41725e-40
-4.78809e-44
-1.15465e-41
4.87768e-44
-2.0422e-42
1.16137e-44
-1.47671e-42
3.89208e-45
-1.27467e-43
4.84432e-46
2.32921e-45
1.58181e-45
1.66709e-44
8.85895e-46
-7.90032e-45
4.34948e-46
-9.9979e-45
-6.38675e-47
-1.06871e-44
-1.45494e-45
-1.70169e-44
-2.7492e-46
9.08943e-45
2.27101e-45
2.54063e-44
1.20702e-45
-7.70345e-45
-1.00283e-45
-1.68e-44
-3.67679e-46
7.81575e-45
7.38387e-46
9.10445e-45
4.29554e-46
7.91809e-46
3.95297e-47
1.0455e-46
5.04533e-48
7.19315e-48
3.56774e-49
6.03511e-49
2.95987e-50
3.58079e-50
1.78062e-51
2.34317e-51
1.16041e-52
1.2359e-52
1.23007e-53
6.49259e-54
1.16361e-52
-6.50829e-54
1.78643e-51
-1.239e-52
2.97083e-50
-2.34966e-51
3.58438e-49
-3.59247e-50
5.07313e-48
-6.0573e-49
3.98567e-47
-7.2266e-48
4.34239e-46
-1.05117e-46
7.72812e-46
-7.98394e-46
2.16299e-47
-9.20174e-45
-7.04118e-46
-8.50181e-45
2.15608e-47
8.50178e-45
7.7156e-46
9.20124e-45
4.10337e-46
7.87756e-46
-3.24537e-46
-8.75245e-47
-6.21315e-45
-3.77455e-45
-7.40269e-44
-5.80268e-44
-1.09993e-42
-1.03931e-42
-8.3606e-42
-1.25937e-41
-9.99584e-41
-2.04073e-40
-1.61356e-39
-5.00083e-43
-1.36472e-40
6.87325e-43
-2.11619e-41
1.51191e-43
-1.46664e-41
6.45321e-44
-1.17307e-42
5.66853e-45
-1.42799e-43
8.44721e-46
-7.99904e-45
1.32076e-46
-1.40386e-45
3.45354e-47
-8.58623e-46
-2.75505e-47
-8.74327e-46
-1.61021e-46
-1.38376e-45
-5.85693e-47
7.39386e-46
1.73619e-46
2.06533e-45
8.2939e-47
-6.25232e-46
-1.07748e-46
-1.36524e-45
-4.71894e-47
6.34753e-46
4.99446e-47
7.40685e-46
3.01748e-47
6.54452e-47
2.85314e-48
8.85436e-48
3.69106e-49
6.17673e-49
2.65776e-50
5.24217e-50
2.21974e-51
3.13701e-51
1.35108e-52
2.06243e-52
8.8326e-54
1.09267e-53
9.4306e-55
5.74504e-55
8.85715e-54
-5.75894e-55
1.35553e-52
-1.09542e-53
2.22807e-51
-2.06818e-52
2.67039e-50
-3.14733e-51
3.7119e-49
-5.2617e-50
2.87748e-48
-6.20603e-49
3.0517e-47
-8.90363e-48
5.24241e-47
-6.601e-47
-1.99225e-47
-7.48916e-46
-8.87474e-47
-6.91245e-46
-2.05381e-47
6.91097e-46
4.12408e-47
7.45993e-46
-1.84133e-46
3.27348e-48
-3.29558e-45
-1.1344e-45
-5.68974e-44
-2.26406e-44
-6.9015e-43
-3.53152e-43
-1.04455e-41
-6.44834e-42
-8.27533e-41
-8.17908e-41
-1.00906e-39
-1.38438e-39
-1.24708e-38
-1.46268e-42
-1.17493e-39
9.4296e-42
-2.30822e-40
2.04205e-42
-1.77235e-40
8.45358e-43
-1.33692e-41
7.13568e-44
-1.59023e-42
8.67314e-45
-9.95714e-44
5.92295e-46
-8.01425e-45
4.9801e-47
-5.03774e-46
2.03977e-49
-9.01117e-47
-1.28353e-47
-9.87452e-47
-5.1796e-48
5.19873e-47
1.27673e-47
1.45199e-46
5.88136e-48
-4.38388e-47
-8.65222e-48
-9.59507e-47
-3.92063e-48
4.45358e-47
3.51939e-48
5.21624e-47
2.15777e-48
4.72477e-48
2.06648e-49
6.47444e-49
2.70256e-50
4.59855e-50
1.96343e-51
3.9274e-51
1.6475e-52
2.37793e-52
1.00797e-53
1.56769e-53
6.59633e-55
8.36564e-55
7.05856e-56
4.4005e-56
6.61468e-55
-4.41118e-56
1.0113e-53
-8.38673e-55
1.65372e-52
-1.57209e-53
1.97285e-51
-2.38583e-52
2.71801e-50
-3.94224e-51
2.08444e-49
-4.62076e-50
2.18279e-48
-6.51135e-49
3.69812e-48
-4.76687e-48
-1.98658e-48
-5.27652e-47
-7.61682e-48
-4.86462e-47
-7.78805e-48
4.76409e-47
-1.02502e-46
3.27274e-47
-2.07715e-45
-4.34636e-46
-3.23507e-44
-8.0951e-45
-5.75085e-43
-1.6543e-43
-7.13006e-42
-2.62924e-42
-1.13111e-40
-5.06086e-41
-9.34759e-40
-6.74244e-40
-1.22239e-38
-1.26536e-38
-1.3099e-37
8.82261e-41
-1.28494e-38
1.65391e-40
-1.78134e-39
2.46469e-41
-1.22722e-39
8.30787e-42
-8.96196e-41
6.75248e-43
-9.7341e-42
7.84972e-44
-5.91554e-43
5.21175e-45
-4.53884e-44
4.16288e-46
-2.50469e-45
2.39741e-47
-1.61842e-46
6.77856e-49
-1.58676e-47
-2.72356e-49
3.82974e-48
8.31366e-49
1.18464e-47
3.7746e-49
-3.57912e-48
-5.73893e-49
-7.83979e-48
-2.6286e-49
3.63646e-48
2.24925e-49
4.26583e-48
1.38954e-49
3.90822e-49
1.35382e-50
5.41132e-50
1.78101e-51
3.87747e-51
1.30917e-52
3.32564e-52
1.10126e-53
2.02412e-53
6.78728e-55
1.33545e-54
4.44344e-56
7.14288e-56
4.77412e-57
3.75225e-57
4.4558e-56
-3.76134e-57
6.8097e-55
-7.16089e-56
1.10542e-53
-1.3392e-54
1.31543e-52
-2.03088e-53
1.79112e-51
-3.33831e-52
1.36525e-50
-3.89647e-51
1.40465e-49
-5.4428e-50
2.33505e-49
-3.9443e-49
-2.1081e-49
-4.3177e-48
-2.00708e-48
-4.01098e-48
-3.26289e-47
3.05975e-48
-5.97338e-46
-1.47001e-47
-1.17944e-44
-4.21027e-46
-1.86664e-43
-7.81642e-45
-3.37391e-42
-1.63685e-43
-4.34821e-41
-2.74046e-42
-7.11094e-40
-5.9748e-41
-6.40214e-39
-1.11253e-39
-8.63387e-38
-2.9251e-38
-5.80837e-37
6.22428e-39
-1.19389e-37
4.99777e-39
-2.9761e-38
6.28216e-40
-2.51634e-38
1.81395e-40
-1.60794e-39
1.36406e-41
-1.69854e-40
1.53406e-42
-9.64966e-42
9.7399e-44
-7.29162e-43
7.65469e-45
-3.85868e-44
4.31673e-46
-2.39782e-45
2.72573e-47
-1.18243e-46
1.36891e-48
-6.16629e-48
1.32908e-49
1.82803e-49
2.96297e-50
-1.55952e-49
-4.00082e-50
-3.12448e-49
-1.84606e-50
1.44494e-49
1.55469e-50
1.69915e-49
9.62988e-51
1.58242e-50
9.43724e-52
2.22365e-51
1.2444e-52
1.61506e-52
9.17747e-54
1.39719e-53
7.71253e-55
8.58638e-55
4.75675e-56
5.69199e-56
3.10456e-57
3.06374e-57
3.32947e-58
1.61271e-58
3.10883e-57
-1.61648e-58
4.7598e-56
-3.07107e-57
7.70535e-55
-5.70678e-56
9.12275e-54
-8.61144e-55
1.22485e-52
-1.40147e-53
8.8466e-52
-1.62008e-52
8.03967e-51
-2.22875e-51
-2.30509e-50
-1.57705e-50
-9.3962e-49
-1.66954e-49
-1.95085e-47
-4.22497e-50
-4.27629e-46
2.85031e-48
-7.96919e-45
5.64363e-47
-1.62651e-43
1.20784e-45
-2.62241e-42
2.20208e-44
-4.98159e-41
4.05777e-43
-6.61091e-40
4.22669e-42
-1.17173e-38
-4.23301e-41
-1.11192e-37
-6.97645e-39
-1.74898e-36
-3.26698e-37
-1.10547e-35
2.73086e-37
-1.60893e-37
1.75778e-37
-1.22928e-37
1.32209e-38
-2.67973e-38
2.0046e-39
-1.58284e-39
1.33984e-40
-1.60863e-40
1.29575e-41
-9.04668e-42
7.86102e-43
-6.82079e-43
5.83608e-44
-3.59992e-44
3.2256e-45
-2.23652e-45
1.99113e-46
-1.09845e-46
1.00733e-47
-5.89299e-48
5.42047e-49
-2.48903e-49
2.60975e-50
-1.89604e-50
-2.71764e-52
-1.39359e-50
-6.26828e-52
6.17733e-51
5.70401e-52
7.2991e-51
3.53007e-52
6.84259e-52
3.50009e-53
9.58818e-53
4.64466e-54
6.98481e-54
3.45498e-55
6.01336e-55
2.91267e-56
3.69516e-56
1.80623e-57
2.43504e-57
1.17987e-58
1.30756e-58
1.27298e-59
6.83898e-60
1.19385e-58
-6.84244e-60
1.84331e-57
-1.30693e-58
3.01215e-56
-2.43003e-57
3.71114e-55
-3.67309e-56
5.30893e-54
-5.93818e-55
5.13069e-53
-6.75294e-54
7.54521e-52
-8.93239e-53
9.76455e-51
-5.11619e-52
2.11275e-49
-2.91563e-51
4.43232e-48
9.64971e-50
9.47391e-47
2.40898e-48
1.77104e-45
5.02832e-47
3.48848e-44
1.08081e-45
5.6636e-43
1.97836e-44
1.0255e-41
3.67939e-43
1.37756e-40
4.05746e-42
2.28205e-39
-2.37253e-41
2.21387e-38
-5.60442e-39
3.13192e-37
-2.68617e-37
-9.23566e-36
1.59002e-35
-8.21457e-36
3.26236e-37
-1.67546e-37
2.44738e-37
1.78273e-38
3.69455e-38
1.37208e-39
2.20527e-39
1.57823e-40
2.12015e-40
9.04972e-42
1.21161e-41
6.86321e-43
8.94123e-43
3.62472e-44
4.76243e-44
2.25089e-45
2.92341e-45
1.10488e-46
1.44239e-46
5.93253e-48
7.69065e-48
2.71286e-49
3.51685e-49
1.26946e-50
1.66629e-50
4.8453e-53
6.84125e-52
2.55012e-52
5.25907e-53
2.73763e-52
1.486e-53
2.59231e-53
1.4061e-54
3.64217e-54
1.81455e-55
2.67499e-55
1.3446e-56
2.30528e-56
1.12513e-57
1.4236e-57
6.96355e-59
9.37487e-59
4.53352e-60
5.0455e-60
8.74662e-61
2.62904e-61
1.634e-59
-2.78809e-61
4.13377e-58
-5.51772e-60
1.09097e-56
-1.07968e-58
2.7912e-55
-1.83422e-57
7.26712e-54
-3.47303e-56
1.79888e-52
-5.83151e-55
4.4588e-51
-1.20788e-53
1.03028e-49
-2.3764e-52
2.3848e-48
-5.56856e-51
5.02531e-47
-1.22381e-49
1.07742e-45
-2.84573e-48
2.03031e-44
-5.9486e-47
4.01619e-43
-1.28093e-45
6.59581e-42
-2.33041e-44
1.20128e-40
-4.27988e-43
1.64295e-39
-4.18911e-42
2.74761e-38
6.29715e-41
2.76086e-37
8.3845e-39
3.99205e-36
3.88442e-37
1.31444e-35
3.00121e-37
-1.17949e-37
1.46735e-37
-7.66826e-38
1.1546e-38
2.1667e-38
1.8079e-39
1.51843e-39
1.23328e-40
1.67703e-40
1.21145e-41
9.59692e-42
7.42569e-43
7.27085e-43
5.55866e-44
3.84971e-44
3.09092e-45
2.39253e-45
1.91769e-46
1.17684e-46
9.74103e-48
6.32323e-48
5.23868e-49
2.88835e-49
2.44625e-50
1.37948e-50
1.16961e-51
5.67111e-52
4.96545e-53
3.43353e-53
2.96162e-54
1.15639e-53
5.65296e-55
1.04634e-54
5.14113e-56
1.42403e-55
6.46829e-57
1.04233e-56
4.79235e-58
8.90747e-58
3.99125e-59
5.4911e-59
2.47361e-60
3.59233e-60
1.60075e-61
1.92758e-61
1.77204e-62
9.57351e-63
1.66497e-61
-2.36763e-62
2.50814e-60
-6.16637e-61
3.05552e-59
-1.64448e-59
1.28025e-58
-4.28406e-58
-1.16697e-56
-1.15404e-56
-4.51022e-55
-2.99156e-55
-1.85776e-53
-7.86071e-54
-4.50777e-52
-1.94991e-52
-1.48698e-50
-4.85609e-51
-3.06875e-49
-1.11855e-49
-9.12539e-48
-2.60095e-48
-1.62737e-46
-5.44009e-47
-4.46741e-45
-1.168e-45
-6.72179e-44
-2.12461e-44
-1.73204e-42
-3.86439e-43
-2.09535e-41
-3.62511e-42
-5.15213e-40
6.89117e-41
-4.30368e-39
8.15326e-39
-9.96109e-38
3.73138e-37
1.24899e-35
2.08052e-38
-9.6277e-38
-1.06333e-38
-4.83247e-39
-2.84436e-40
9.71974e-40
7.38389e-41
8.39959e-41
7.77194e-42
9.8038e-42
1.06923e-42
6.08402e-43
7.32958e-44
4.71916e-44
6.11845e-45
2.61917e-45
3.56935e-46
1.65167e-46
2.32423e-47
8.37906e-48
1.20876e-48
4.54871e-49
6.6557e-50
2.12299e-50
3.14355e-51
1.02233e-51
1.52165e-52
4.34597e-53
6.56776e-54
2.23565e-54
3.14851e-55
4.46672e-55
2.84787e-56
3.86343e-56
2.16423e-57
5.08882e-57
2.41585e-58
3.72236e-58
1.74357e-59
3.16224e-59
1.4219e-60
1.95204e-60
8.73639e-62
1.27209e-61
4.56879e-64
6.83623e-63
-1.59841e-61
7.11253e-64
-4.89856e-60
1.1266e-62
-1.42966e-58
3.54498e-61
-4.1135e-57
1.09134e-59
-1.11878e-55
3.19644e-58
-3.0207e-54
9.21582e-57
-7.60622e-53
2.50592e-55
-1.92193e-51
6.76866e-54
-4.44055e-50
1.7004e-52
-1.04705e-48
4.29697e-51
-2.1921e-47
9.88871e-50
-4.81095e-46
2.33297e-48
-8.96188e-45
4.85572e-47
-1.82798e-43
1.06789e-45
-2.94566e-42
1.97551e-44
-5.59151e-41
4.07369e-43
-7.4149e-40
6.66347e-42
-1.31309e-38
1.36787e-40
-1.24479e-37
2.24311e-39
-1.95639e-36
5.29279e-38
9.18498e-37
8.36466e-40
-1.38105e-38
-6.8026e-40
-6.75016e-40
-3.22205e-41
4.14554e-41
1.68658e-42
5.30833e-42
2.94514e-43
8.41343e-43
4.85109e-44
5.73177e-44
3.6119e-45
4.92522e-45
3.14252e-46
2.8567e-46
1.91021e-47
1.88582e-47
1.26765e-48
9.78261e-49
6.76248e-50
5.43017e-50
3.76546e-51
2.56267e-51
1.80925e-52
1.24743e-52
8.82536e-54
5.38537e-54
3.86323e-55
2.47677e-55
1.78661e-56
2.25787e-56
1.24303e-57
1.64249e-57
8.37878e-59
1.89917e-58
8.42465e-60
1.35361e-59
5.93346e-61
1.12466e-60
4.74125e-62
6.89714e-62
2.91505e-63
4.45265e-63
5.62549e-64
2.60725e-64
1.17888e-62
7.69371e-64
3.59023e-61
2.45023e-62
1.04669e-59
7.61879e-61
2.99722e-58
2.32696e-59
8.13927e-57
6.77711e-58
2.18224e-55
1.94771e-56
5.4807e-54
5.28536e-55
1.37055e-52
1.42573e-53
3.15296e-51
3.57992e-52
7.32173e-50
9.03971e-51
1.52218e-48
2.08061e-49
3.26615e-47
4.9052e-48
6.01529e-46
1.0214e-46
1.18595e-44
2.24434e-45
1.87449e-43
4.15301e-44
3.3735e-42
8.54126e-43
4.31781e-41
1.38864e-41
6.99555e-40
2.80008e-40
6.18364e-39
4.36867e-39
8.23869e-38
9.81373e-38
1.57169e-36
7.25263e-41
-6.77678e-40
-7.38744e-41
-3.8112e-41
-4.01663e-42
7.43157e-43
-1.46628e-43
1.97101e-43
5.49276e-45
3.83186e-44
2.36297e-45
2.84237e-45
2.06815e-46
2.55687e-46
2.01451e-47
1.54823e-47
1.28787e-48
1.04333e-48
8.91987e-50
5.5565e-50
4.86901e-51
3.12077e-51
2.76513e-52
1.49871e-52
1.34334e-53
7.35082e-54
6.61229e-55
3.21822e-55
2.91161e-56
1.4547e-56
1.31026e-57
1.0034e-57
7.00966e-59
6.47644e-59
3.92251e-60
6.65165e-60
3.19201e-61
4.61998e-61
2.09917e-62
3.75238e-62
1.60387e-63
2.28897e-63
3.82037e-64
1.46659e-64
9.27006e-63
1.36915e-65
2.88269e-61
1.95143e-64
8.80315e-60
6.30982e-63
2.56663e-58
1.9627e-61
7.37395e-57
5.99977e-60
2.00408e-55
1.74826e-58
5.40216e-54
5.03024e-57
1.35937e-52
1.36586e-55
3.42782e-51
3.68988e-54
7.91412e-50
9.2717e-53
1.8611e-48
2.34578e-51
3.89302e-47
5.40486e-50
8.51313e-46
1.27879e-48
1.58411e-44
2.67889e-47
3.21511e-43
6.02075e-46
5.17322e-42
1.21062e-44
9.75026e-41
3.14966e-43
1.29002e-39
9.56312e-42
2.26004e-38
4.12845e-40
2.13374e-37
1.77606e-38
3.29252e-36
6.96089e-37
2.13606e-35
3.37589e-42
-6.11253e-41
-3.548e-42
-3.42659e-42
-2.15024e-43
-1.34827e-43
-1.22743e-44
2.53367e-45
-1.10317e-46
1.83205e-45
8.12763e-47
1.58998e-46
8.34973e-48
1.60512e-47
8.78292e-49
1.02087e-48
5.88128e-50
7.1789e-50
4.17987e-51
3.91082e-51
2.33816e-52
2.23972e-52
1.34499e-53
1.08757e-53
6.63336e-55
5.38183e-55
3.28941e-56
2.37047e-56
1.46324e-57
1.05835e-57
6.5535e-59
5.6436e-59
3.19555e-60
3.06832e-60
1.62813e-61
2.52424e-61
1.14181e-62
1.63753e-62
7.06832e-64
1.2617e-63
6.70452e-65
7.55665e-65
5.3163e-64
3.83562e-66
1.71263e-62
-3.13103e-65
5.33113e-61
-1.04322e-63
1.62905e-59
-3.37759e-62
4.75154e-58
-1.05007e-60
1.36616e-56
-3.2067e-59
3.71452e-55
-9.33864e-58
1.0022e-53
-2.6836e-56
2.52307e-52
-7.28211e-55
6.36951e-51
-1.96412e-53
1.47133e-49
-4.93165e-52
3.46506e-48
-1.24505e-50
7.25221e-47
-2.86514e-49
1.58894e-45
-6.74904e-48
2.95853e-44
-1.40134e-46
6.02042e-43
-3.04506e-45
9.69419e-42
-5.3605e-44
1.83404e-40
-9.1506e-43
2.42885e-39
-2.08634e-42
4.28062e-38
5.93093e-40
4.04806e-37
4.21005e-38
6.31801e-36
1.81515e-36
5.92126e-35
2.38658e-43
-2.93409e-42
-2.49772e-43
-1.77921e-43
-1.56174e-44
-1.08124e-44
-1.32475e-45
-1.81607e-46
-4.60483e-47
6.12356e-47
1.28767e-48
6.34842e-48
2.98028e-49
6.99244e-49
3.95874e-50
4.67029e-50
2.87445e-51
3.37647e-51
2.15844e-52
1.88668e-52
1.24332e-53
1.09501e-53
7.31003e-55
5.39967e-55
3.65291e-56
2.692e-56
1.82846e-57
1.1979e-57
8.18112e-59
5.34542e-59
3.65104e-60
2.59671e-60
1.64946e-61
1.2935e-61
7.66835e-63
9.0883e-63
4.48482e-64
5.53971e-64
2.51741e-65
4.0456e-65
2.17139e-66
2.35164e-66
1.66988e-65
-8.09929e-67
5.38051e-64
-3.27749e-65
1.67511e-62
-1.0836e-63
5.11994e-61
-3.50836e-62
1.4936e-59
-1.09074e-60
4.29561e-58
-3.33096e-59
1.16816e-56
-9.70066e-58
3.15286e-55
-2.78768e-56
7.93881e-54
-7.56464e-55
2.00503e-52
-2.04036e-53
4.6324e-51
-5.12313e-52
1.09155e-49
-1.29342e-50
2.28504e-48
-2.97647e-49
5.01004e-47
-7.01149e-48
9.33055e-46
-1.45591e-46
1.90054e-44
-3.16431e-45
3.06106e-43
-5.57551e-44
5.7992e-42
-9.55442e-43
7.68236e-41
-2.47887e-42
1.35687e-39
5.98311e-40
1.28382e-38
4.28643e-38
2.01198e-37
1.85053e-36
6.0417e-35
1.07825e-44
-2.00761e-43
-1.12473e-44
-1.22157e-44
-7.48149e-46
-1.08744e-45
-7.1466e-47
-4.02113e-47
-3.04899e-48
8.3442e-49
-3.6644e-50
2.19118e-49
7.82745e-51
3.11048e-50
1.40768e-51
2.25351e-51
1.11232e-52
1.72347e-52
8.74456e-54
9.91694e-54
5.19178e-55
5.88367e-55
3.10655e-56
2.94008e-56
1.57693e-57
1.47959e-57
7.96069e-59
6.62356e-59
3.59444e-60
2.9549e-60
1.60657e-61
1.33333e-61
7.05079e-63
6.11853e-63
3.13817e-64
3.57703e-64
1.64337e-65
1.98446e-65
3.9083e-67
1.32726e-66
-1.58875e-65
7.91226e-68
-5.27435e-64
1.30214e-67
-1.70883e-62
4.30994e-66
-5.3194e-61
1.42563e-64
-1.62549e-59
4.62213e-63
-4.74121e-58
1.43825e-61
-1.36321e-56
4.39974e-60
-3.70655e-55
1.28256e-58
-1.00007e-53
3.69362e-57
-2.51773e-52
1.0034e-55
-6.35619e-51
2.7138e-54
-1.46827e-49
6.82271e-53
-3.45795e-48
1.72876e-51
-7.2374e-47
3.98606e-50
-1.58575e-45
9.45367e-49
-2.95263e-44
1.98623e-47
-6.0087e-43
4.51218e-46
-9.67539e-42
9.37963e-45
-1.83061e-40
2.63382e-43
-2.42432e-39
9.01154e-42
-4.27312e-38
4.16022e-40
-4.04102e-37
1.85423e-38
-6.30847e-36
7.33022e-37
2.26208e-35
6.21903e-46
-9.1874e-45
-6.42595e-46
-5.88708e-46
-4.35374e-47
-5.95593e-47
-4.76444e-48
-2.63075e-48
-2.33664e-49
-4.22976e-50
-9.33977e-51
5.28215e-51
-4.55926e-53
1.09597e-51
4.1262e-53
8.7071e-53
4.06284e-54
7.0036e-54
3.54422e-55
4.16091e-55
2.20665e-56
2.51507e-56
1.36223e-57
1.27749e-57
7.04335e-59
6.48569e-59
3.59937e-60
2.93067e-60
1.63787e-61
1.31112e-61
7.33731e-63
5.74739e-63
3.14723e-64
2.51943e-64
1.35121e-65
1.32318e-65
6.3066e-67
2.17053e-66
-2.39097e-67
1.83543e-67
-9.19427e-66
3.78588e-68
-3.04188e-64
5.59843e-67
-9.85051e-63
1.91232e-65
-3.06535e-61
6.3208e-64
-9.3616e-60
2.04651e-62
-2.7296e-58
6.36248e-61
-7.84269e-57
1.94308e-59
-2.13158e-55
5.65876e-58
-5.74622e-54
1.62628e-56
-1.44601e-52
4.41314e-55
-3.6465e-51
1.19047e-53
-8.41924e-50
2.98929e-52
-1.98e-48
7.54852e-51
-4.14176e-47
1.73747e-49
-9.05755e-46
4.09637e-48
-1.68537e-44
8.53044e-47
-3.4208e-43
1.87465e-45
-5.50369e-42
3.47052e-44
-1.03737e-40
7.14738e-43
-1.37223e-39
1.16827e-41
-2.4043e-38
2.38491e-40
-2.26916e-37
3.86165e-39
-3.503e-36
8.98833e-38
-3.29918e-36
1.52862e-36
2.44091e-35
2.2601e-47
-2.03698e-45
-2.32781e-47
-1.31218e-46
-1.64227e-48
-1.50821e-47
-1.88133e-49
-7.4026e-49
-9.872e-51
-2.91942e-50
-4.79208e-52
-1.4954e-52
-1.06788e-53
1.37164e-52
8.58723e-55
1.31881e-53
1.13468e-55
1.16416e-54
1.0915e-56
7.20682e-56
7.09856e-58
4.47651e-57
4.49273e-59
2.31002e-58
2.36453e-60
1.1849e-59
1.22082e-61
5.38881e-61
5.60579e-63
2.40709e-62
2.52153e-64
9.90551e-64
1.08737e-65
-1.51395e-65
5.55307e-67
1.58288e-66
-2.12887e-68
5.52824e-65
-7.19271e-68
5.21806e-66
-7.76957e-67
7.38855e-67
-2.55076e-65
2.80923e-67
-8.23675e-64
7.78184e-66
-2.55924e-62
2.56975e-64
-7.78646e-61
8.31459e-63
-2.2659e-59
2.58389e-61
-6.47743e-58
7.88457e-60
-1.75615e-56
2.29513e-58
-4.70192e-55
6.58912e-57
-1.17947e-53
1.78711e-55
-2.94689e-52
4.81443e-54
-6.77593e-51
1.20818e-52
-1.57329e-49
3.04565e-51
-3.27291e-48
7.00531e-50
-7.0296e-47
1.64783e-48
-1.29796e-45
3.42824e-47
-2.56596e-44
7.50751e-46
-4.08082e-43
1.38577e-44
-7.38507e-42
2.82434e-43
-9.58267e-41
4.49598e-42
-1.56751e-39
8.59331e-41
-1.42552e-38
1.13636e-39
-1.91245e-37
2.08576e-38
-1.78488e-37
2.07037e-37
3.24758e-36
-7.75234e-47
-2.73976e-44
7.97617e-47
-1.75288e-45
5.62483e-48
-1.75874e-46
6.44382e-49
-7.68554e-48
3.37625e-50
-1.04029e-49
1.62582e-51
1.73386e-50
3.51064e-53
3.40664e-51
-3.0974e-54
2.6811e-52
-3.99323e-55
2.14526e-53
-3.81446e-56
1.27134e-54
-2.47388e-57
7.67103e-56
-1.56255e-58
3.89209e-57
-8.21283e-60
1.97434e-58
-4.23484e-61
8.916e-60
-1.9426e-62
3.95472e-61
-8.70002e-64
1.58976e-62
-3.18961e-65
-1.39034e-63
2.34927e-66
2.2518e-65
-1.65364e-66
2.01708e-63
-1.94439e-66
1.89302e-64
-2.81512e-67
2.6834e-65
-3.01103e-66
1.98671e-66
-9.72059e-65
8.37696e-67
-3.04381e-63
2.22739e-65
-9.32849e-62
7.19083e-64
-2.7332e-60
2.23343e-62
-7.86243e-59
6.79619e-61
-2.14355e-57
1.9763e-59
-5.76783e-56
5.65043e-58
-1.45247e-54
1.53005e-56
-3.64097e-53
4.09748e-55
-8.38398e-52
1.0258e-53
-1.94854e-50
2.56406e-52
-4.04414e-49
5.87702e-51
-8.66465e-48
1.36576e-49
-1.58602e-46
2.82683e-48
-3.11071e-45
6.08229e-47
-4.84523e-44
1.11383e-45
-8.61827e-43
2.21026e-44
-1.06688e-41
3.46846e-43
-1.69028e-40
6.33568e-42
-1.38518e-39
8.06882e-41
-1.81228e-38
1.35481e-39
-1.68989e-38
1.20406e-38
1.67218e-37
-1.8409e-45
-5.95997e-43
1.90232e-45
-3.62639e-44
1.28654e-46
-3.16447e-45
1.38944e-47
-1.14024e-46
6.72426e-49
3.28108e-48
2.49612e-50
7.06264e-49
-5.84083e-53
9.72981e-50
-1.3885e-52
6.98731e-51
-1.30463e-53
5.31685e-52
-1.1167e-54
3.05055e-53
-6.89364e-56
1.80634e-54
-4.23223e-57
9.01375e-56
-2.18069e-58
4.53158e-57
-1.11157e-59
2.02694e-58
-5.04881e-61
8.92453e-60
-2.2493e-62
3.52994e-61
-7.76356e-64
-5.64517e-62
1.03134e-64
4.77714e-64
-6.0578e-65
7.01724e-62
-7.17893e-65
6.56452e-63
-7.09028e-66
9.39191e-64
-1.1295e-66
6.88758e-65
-6.24104e-66
5.85638e-66
-1.93379e-64
2.84186e-66
-5.92015e-63
8.10092e-65
-1.7348e-61
2.53317e-63
-4.97935e-60
7.75824e-62
-1.3569e-58
2.26993e-60
-3.63761e-57
6.52551e-59
-9.14957e-56
1.77582e-57
-2.28054e-54
4.77569e-56
-5.2404e-53
1.19967e-54
-1.2077e-51
3.00634e-53
-2.49819e-50
6.89879e-52
-5.28656e-49
1.60368e-50
-9.62569e-48
3.31157e-49
-1.85356e-46
7.10379e-48
-2.86188e-45
1.29011e-46
-4.94941e-44
2.53871e-45
-6.02902e-43
3.9031e-44
-9.13377e-42
6.99769e-43
-7.24437e-41
8.46317e-42
-8.8442e-40
1.36717e-40
-8.20175e-40
1.0631e-39
1.45894e-38
-3.23942e-44
-8.90914e-42
3.37783e-44
-5.3969e-43
2.24285e-45
-3.31064e-44
2.12937e-46
-5.70617e-46
8.98973e-48
1.83629e-46
8.76678e-50
1.91455e-47
-2.51689e-50
2.1142e-48
-4.37145e-51
1.4138e-49
-3.4301e-52
1.02307e-50
-2.68613e-53
5.72012e-52
-1.5918e-54
3.32163e-53
-9.51195e-56
1.63858e-54
-4.82437e-57
8.17212e-56
-2.43396e-58
3.63715e-57
-1.09851e-59
1.58535e-58
-4.87605e-61
6.08665e-60
-1.46346e-62
-2.19059e-60
4.31175e-63
7.33647e-63
-2.19197e-63
2.41948e-60
-2.6182e-63
2.24744e-61
-2.57279e-64
3.24392e-62
-3.44363e-65
2.37346e-63
-2.99957e-66
2.00757e-64
-1.44232e-65
1.24263e-65
-4.3836e-64
6.49663e-66
-1.29345e-62
1.79681e-64
-3.7363e-61
5.51047e-63
-1.02425e-59
1.62034e-61
-2.76053e-58
4.65929e-60
-6.97576e-57
1.27503e-58
-1.74576e-55
3.42329e-57
-4.0228e-54
8.65666e-56
-9.29301e-53
2.15961e-54
-1.92245e-51
4.9981e-53
-4.06887e-50
1.15156e-51
-7.37711e-49
2.40626e-50
-1.41648e-47
5.07974e-49
-2.16142e-46
9.39133e-48
-3.7116e-45
1.79668e-46
-4.40344e-44
2.84432e-45
-6.59292e-43
4.84731e-44
-4.93495e-42
6.1852e-43
-5.99929e-41
9.07024e-42
-4.712e-41
8.03855e-41
9.01351e-40
-7.08192e-43
-1.81921e-40
7.41178e-43
-1.0208e-41
4.62692e-44
-3.82104e-43
3.84753e-45
9.07372e-45
1.29226e-46
5.68416e-45
-4.8589e-48
4.88833e-46
-9.57582e-49
4.91576e-47
-1.23808e-49
3.12005e-48
-8.91198e-51
2.19171e-49
-6.65918e-52
1.19296e-50
-3.82483e-53
6.82892e-52
-2.24442e-54
3.31457e-53
-1.12e-55
1.63985e-54
-5.60065e-57
7.22001e-56
-2.50394e-58
3.09912e-57
-1.1057e-59
1.13312e-58
-2.65014e-61
-7.4725e-59
1.59611e-61
1.08915e-61
-7.58179e-62
7.87457e-59
-9.09349e-62
7.29018e-60
-8.92039e-63
1.06091e-60
-1.20332e-63
7.76224e-62
-8.91912e-65
6.61559e-63
-6.58196e-66
4.04901e-64
2.40428e-65
3.45976e-65
7.84876e-64
2.81733e-64
2.35907e-62
8.76316e-63
7.10102e-61
2.67973e-61
1.97422e-59
7.83568e-60
5.56677e-58
2.24853e-58
1.41913e-56
6.11631e-57
3.73669e-55
1.64134e-55
8.62968e-54
4.12231e-54
2.11387e-52
1.03036e-52
4.34669e-51
2.3648e-51
9.85895e-50
5.47965e-50
1.75841e-48
1.13231e-48
3.67026e-47
2.41932e-47
5.43906e-46
4.39989e-46
1.03497e-44
8.61525e-45
1.17477e-43
1.32769e-43
1.99977e-42
2.36575e-42
1.41482e-41
2.87152e-41
2.02129e-40
4.60498e-40
3.59734e-39
-1.02775e-41
-2.10123e-39
1.07908e-41
-1.1816e-40
6.53816e-43
1.70402e-42
3.78086e-44
5.64659e-43
3.7186e-46
1.13157e-43
-2.42861e-46
8.45581e-45
-2.51299e-47
7.64557e-46
-2.65176e-48
4.64246e-47
-1.77846e-49
3.13558e-48
-1.26539e-50
1.6725e-49
-7.0838e-52
9.4059e-51
-4.07742e-53
4.52149e-52
-2.01189e-54
2.21973e-53
-9.98165e-56
9.71979e-55
-4.44166e-57
4.00222e-56
-1.95356e-58
1.22908e-57
-1.56402e-60
-2.52726e-57
5.80382e-60
-1.27354e-61
-2.60462e-60
2.55953e-57
-3.1328e-60
2.34938e-58
-3.05632e-61
3.44559e-59
-4.15416e-62
2.51196e-60
-3.07429e-63
2.1553e-61
-2.34557e-64
1.31797e-62
6.17984e-64
9.21606e-64
1.93868e-62
2.3219e-63
5.67819e-61
7.06619e-62
1.62912e-59
2.14851e-60
4.43727e-58
6.24318e-59
1.18917e-56
1.78381e-57
2.98979e-55
4.82728e-56
7.4506e-54
1.29206e-54
1.71146e-52
3.23315e-53
3.94413e-51
8.07859e-52
8.15676e-50
1.85123e-50
1.72649e-48
4.30164e-49
3.14342e-47
8.9045e-48
6.0566e-46
1.91645e-46
9.35381e-45
3.51209e-45
1.61945e-43
6.97553e-44
1.97431e-42
1.09675e-42
2.99646e-41
2.00748e-41
2.38028e-40
2.56897e-40
2.91259e-39
4.33094e-39
3.89132e-38
-2.15865e-40
-4.1145e-38
2.1965e-40
-2.01794e-39
1.19301e-41
1.28204e-40
4.09743e-43
1.61725e-41
-1.85572e-44
2.55868e-42
-7.33617e-45
1.74129e-43
-6.36207e-46
1.49642e-44
-6.17291e-47
8.67734e-46
-3.93785e-48
5.72909e-47
-2.72425e-49
2.97175e-48
-1.48574e-50
1.64977e-49
-8.43325e-52
7.78563e-51
-4.0951e-53
3.79044e-52
-2.0154e-54
1.63499e-53
-8.8721e-56
6.32241e-55
-3.87371e-57
1.35384e-56
5.09904e-59
-7.74765e-56
1.92668e-58
-4.03053e-59
-8.45026e-59
7.74928e-56
-1.01758e-58
7.08867e-57
-9.90811e-60
1.04667e-57
-1.35643e-60
7.62733e-59
-1.00458e-61
6.58819e-60
-8.06203e-63
4.03545e-61
9.59015e-63
2.70747e-62
3.09674e-61
2.84903e-62
9.07408e-60
8.42183e-61
2.61064e-58
2.5703e-59
7.11746e-57
7.48257e-58
1.91558e-55
2.14895e-56
4.82397e-54
5.82906e-55
1.20966e-52
1.5711e-53
2.78555e-51
3.94324e-52
6.47721e-50
9.94703e-51
1.3444e-48
2.28831e-49
2.88254e-47
5.38779e-48
5.27668e-46
1.12114e-46
1.03607e-44
2.45849e-45
1.61393e-43
4.53923e-44
2.87553e-42
9.26981e-43
3.56014e-41
1.47633e-41
5.65546e-40
2.83089e-40
4.63442e-39
3.74911e-39
6.08917e-38
6.92135e-38
6.90021e-37
-2.60825e-39
-3.13677e-37
2.13306e-39
-1.58007e-38
1.02299e-40
2.76491e-39
-4.34206e-42
2.44753e-40
-8.46194e-43
2.89149e-41
-1.42975e-43
1.80385e-42
-1.07289e-44
1.40509e-43
-9.38357e-46
7.81981e-45
-5.72124e-47
4.94293e-46
-3.80579e-48
2.51197e-47
-2.03368e-49
1.36576e-48
-1.13398e-50
6.38167e-50
-5.45454e-52
3.07719e-51
-2.66391e-53
1.30309e-52
-1.16678e-54
3.14621e-54
-5.03728e-56
-2.30837e-55
4.70895e-57
-2.39492e-54
6.38256e-57
-2.17674e-57
-2.74495e-57
2.36961e-54
-3.3053e-57
2.14496e-55
-3.19578e-58
3.18754e-56
-4.40369e-59
2.31064e-57
-3.2521e-60
2.00716e-58
-2.70493e-61
1.22713e-59
6.37362e-62
8.03666e-61
2.44582e-60
8.9216e-62
7.11448e-59
1.44999e-60
2.03219e-57
4.42244e-59
5.50559e-56
1.2881e-57
1.47311e-54
3.70319e-56
3.69322e-53
1.00505e-54
9.2233e-52
2.71239e-53
2.12014e-50
6.81178e-52
4.92189e-49
1.72108e-50
1.02403e-47
3.96198e-49
2.19997e-46
9.34819e-48
4.06541e-45
1.94702e-46
8.04443e-44
4.28418e-45
1.28206e-42
7.93985e-44
2.32488e-41
1.64289e-42
3.03081e-40
2.72041e-41
4.97565e-39
5.72747e-40
4.56636e-38
1.00516e-38
6.14364e-37
2.51032e-37
4.72369e-36
-6.25167e-38
-6.16079e-37
3.15358e-38
-2.3039e-37
8.40532e-40
6.55895e-38
-2.27035e-40
4.59711e-39
-2.36947e-41
5.08215e-40
-3.25557e-42
2.90939e-41
-2.22912e-43
2.20529e-42
-1.86061e-44
1.16794e-43
-1.08505e-45
7.26073e-45
-7.06561e-47
3.5721e-46
-3.67411e-48
1.91969e-47
-2.02313e-49
8.76899e-49
-9.55498e-51
4.19101e-50
-4.62752e-52
1.70758e-51
-1.9968e-53
3.03159e-54
-8.4653e-55
-9.85984e-54
1.69872e-55
-6.70938e-53
1.93909e-55
-6.61405e-56
-8.29069e-56
6.62464e-53
-9.98203e-56
5.9757e-54
-9.63056e-57
8.92275e-55
-1.33488e-57
6.46223e-56
-9.86037e-59
5.64396e-57
-8.29978e-60
3.4548e-58
4.89671e-61
2.27185e-59
3.05819e-59
1.18421e-60
8.92795e-58
-7.8467e-61
2.56626e-56
-2.59584e-59
6.97613e-55
-7.55819e-58
1.88161e-53
-2.17069e-56
4.73589e-52
-5.88822e-55
1.19513e-50
-1.58701e-53
2.75995e-49
-3.98316e-52
6.49686e-48
-1.00467e-50
1.35932e-46
-2.31067e-49
2.97654e-45
-5.43476e-48
5.53991e-44
-1.12599e-46
1.12651e-42
-2.42764e-45
1.81292e-41
-4.14201e-44
3.42651e-40
-6.13226e-43
4.53393e-39
6.19746e-42
7.97925e-38
9.26366e-40
7.53287e-37
5.57854e-38
1.17258e-35
2.34224e-36
7.50993e-35
-9.50822e-37
-2.37004e-35
-4.0557e-37
-7.65279e-37
-3.27581e-38
4.61607e-38
-5.22167e-39
3.97854e-39
-3.60058e-40
4.76666e-40
-3.56561e-41
2.74944e-41
-2.19699e-42
2.08911e-42
-1.65145e-43
1.10366e-43
-9.21048e-45
6.85343e-45
-5.72871e-46
3.36396e-46
-2.91557e-47
1.80599e-47
-1.57058e-48
8.22944e-49
-7.34402e-50
3.90869e-50
-3.52163e-51
-4.39155e-52
-1.49265e-52
-2.05243e-51
-5.76539e-54
-3.63233e-52
5.99845e-54
-1.92927e-51
5.96143e-54
-1.99255e-54
-2.53815e-54
1.90182e-51
-3.05119e-54
1.69313e-52
-2.91718e-55
2.54e-53
-4.06467e-56
1.82591e-54
-2.98862e-57
1.6016e-55
-2.53787e-58
9.76827e-57
-1.4656e-59
6.45148e-58
2.74516e-59
3.42751e-59
8.30144e-58
-1.16038e-60
2.38763e-56
-9.26884e-59
6.49262e-55
-2.70201e-57
1.75235e-53
-7.76584e-56
4.41204e-52
-2.10739e-54
1.1143e-50
-5.68514e-53
2.57421e-49
-1.4275e-51
6.06579e-48
-3.60485e-50
1.26961e-46
-8.29575e-49
2.78377e-45
-1.95502e-47
5.18322e-44
-4.06109e-46
1.05587e-42
-8.84541e-45
1.69998e-41
-1.57067e-43
3.22128e-40
-2.78182e-42
4.26462e-39
-1.44345e-41
7.53546e-38
1.23768e-39
7.12036e-37
9.85054e-38
1.11696e-35
4.31305e-36
1.4206e-34
-4.84056e-35
-2.46531e-35
-9.47767e-37
-9.11681e-37
-7.41871e-37
-9.79439e-38
-1.12078e-37
-5.19508e-39
-6.69159e-39
-4.94197e-40
-6.43607e-40
-2.74757e-41
-3.67877e-41
-2.06453e-42
-2.71546e-42
-1.0893e-43
-1.44655e-43
-6.77e-45
-8.88105e-45
-3.32526e-46
-4.38229e-46
-1.787e-47
-2.33683e-47
-8.31508e-49
-1.06872e-48
-4.53331e-50
-5.08176e-50
-5.55314e-50
-2.07843e-51
-5.43611e-50
-6.96047e-53
-9.32849e-51
1.7086e-52
-4.93144e-50
1.66291e-52
-5.0896e-53
-7.07623e-53
4.86108e-50
-8.50214e-53
4.31239e-51
-8.10929e-54
6.48145e-52
-1.13453e-54
4.65226e-53
-8.3395e-56
4.09561e-54
-7.11861e-57
2.49939e-55
-4.388e-58
1.65859e-56
-5.69407e-59
8.85706e-58
-8.3172e-58
4.77944e-59
-2.38764e-56
-2.36482e-59
-6.49263e-55
-7.55829e-58
-1.75235e-53
-2.17102e-56
-4.41204e-52
-5.8891e-55
-1.1143e-50
-1.58724e-53
-2.57421e-49
-3.98371e-52
-6.06579e-48
-1.00479e-50
-1.26961e-46
-2.31096e-49
-2.78378e-45
-5.43536e-48
-5.18322e-44
-1.12611e-46
-1.05587e-42
-2.42787e-45
-1.69998e-41
-4.14245e-44
-3.22128e-40
-6.13295e-43
-4.26462e-39
6.19627e-42
-7.53546e-38
9.26352e-40
-7.12036e-37
5.57852e-38
-1.11696e-35
2.34224e-36
7.50993e-35
-7.94717e-37
-7.4947e-37
-5.73267e-37
-3.83764e-37
-4.243e-38
-8.56564e-38
-6.35778e-39
-5.1059e-39
-4.21619e-40
-5.19659e-40
-4.05277e-41
-2.93388e-41
-2.44862e-42
-2.21243e-42
-1.81186e-43
-1.17042e-43
-9.98946e-45
-7.27008e-45
-6.15384e-46
-3.56187e-46
-3.1088e-47
-1.91059e-47
-1.66597e-48
-1.24476e-48
-8.14356e-50
-2.05146e-49
-3.85524e-51
-1.44813e-48
2.15494e-51
-1.45807e-48
6.60924e-52
-2.46723e-49
5.01026e-51
-1.32639e-48
4.78036e-51
-1.33557e-51
-2.03664e-51
1.30776e-48
-2.44111e-51
1.14078e-49
-2.30093e-52
1.71847e-50
-3.23053e-53
1.22069e-51
-2.35843e-54
1.07738e-52
-2.02064e-55
6.53559e-54
-1.23888e-56
4.34964e-55
-8.39548e-58
2.31624e-56
-9.35974e-58
1.27776e-57
-2.56652e-56
1.04927e-58
-6.97621e-55
1.28908e-57
-1.88163e-53
3.69794e-56
-4.73594e-52
1.00364e-54
-1.19514e-50
2.70882e-53
-2.75998e-49
6.80283e-52
-6.49692e-48
1.71902e-50
-1.35933e-46
3.95719e-49
-2.97657e-45
9.33825e-48
-5.53995e-44
1.94489e-46
-1.12652e-42
4.28028e-45
-1.81293e-41
7.93218e-44
-3.42653e-40
1.6417e-42
-4.53395e-39
2.71828e-41
-7.97927e-38
5.72484e-40
-7.53289e-37
1.00475e-38
-1.17258e-35
2.50997e-37
4.72324e-36
2.19652e-38
-2.33071e-37
-5.92652e-38
-1.83344e-38
-4.46618e-39
-4.56366e-39
-8.52184e-40
-3.12703e-40
-5.78211e-41
-3.27509e-41
-5.96025e-42
-1.97878e-42
-3.6328e-43
-1.51393e-43
-2.75627e-44
-8.33646e-45
-1.52146e-45
-4.602e-46
-9.46864e-47
9.22446e-48
-4.85753e-48
1.18972e-48
-3.12402e-49
-9.26847e-48
-1.13999e-49
-3.80052e-48
-4.5894e-51
-3.3334e-47
5.88803e-50
-3.35934e-47
1.69451e-50
-5.66543e-48
1.27492e-49
-3.05715e-47
1.21651e-49
-3.0524e-50
-5.1856e-50
3.01446e-47
-6.21176e-50
2.62011e-48
-5.83909e-51
3.93641e-49
-8.21e-52
2.78961e-50
-5.98819e-53
2.46452e-51
-5.14787e-54
1.49463e-52
-3.15909e-55
9.97818e-54
-2.0727e-56
5.32219e-55
-1.18009e-57
2.94593e-56
-2.0966e-57
1.43228e-57
-5.51635e-56
8.00861e-58
-1.47575e-54
2.10852e-56
-3.69979e-53
5.7201e-55
-9.23845e-52
1.54379e-53
-2.12363e-50
3.87501e-52
-4.92914e-49
9.79019e-51
-1.02556e-47
2.2519e-49
-2.20278e-46
5.31203e-48
-4.07081e-45
1.10487e-46
-8.05287e-44
2.42841e-45
-1.28351e-42
4.47972e-44
-2.32669e-41
9.17493e-43
-3.03352e-40
1.45913e-41
-4.97795e-39
2.80845e-40
-4.56912e-38
3.7123e-39
-6.14432e-37
6.88753e-38
6.85476e-37
6.79424e-39
6.28455e-37
-8.03433e-39
3.89808e-38
-5.86186e-40
1.59707e-39
-8.78349e-41
4.30454e-41
-5.73948e-42
2.85481e-43
-5.36215e-43
-5.31932e-44
-3.20054e-44
-1.07815e-44
-2.29678e-45
-6.41212e-46
-1.268e-46
1.52574e-45
-1.29264e-47
8.92045e-46
-2.98672e-48
6.75586e-47
-1.64044e-48
-1.89056e-46
-2.83235e-48
-9.0242e-47
-1.1291e-49
-8.37047e-46
1.58682e-48
-8.43908e-46
4.49026e-49
-1.3949e-46
3.43148e-48
-7.69539e-46
3.27665e-48
-7.3981e-49
-1.40093e-48
7.59053e-46
-1.6728e-48
6.45233e-47
-1.5479e-49
9.68167e-48
-2.17909e-50
6.76149e-49
-1.57376e-51
5.97455e-50
-1.35555e-52
3.59023e-51
-8.27116e-54
2.39948e-52
-5.43972e-55
1.27303e-53
-2.90357e-56
7.05907e-55
-1.91342e-57
3.36267e-56
-8.9086e-57
1.49311e-57
-2.34873e-55
-3.30595e-57
-5.91051e-54
-9.08986e-56
-1.46074e-52
-2.21109e-54
-3.36937e-51
-5.60713e-53
-7.69515e-50
-1.23383e-51
-1.60528e-48
-2.95469e-50
-3.36381e-47
-5.7549e-49
-6.21894e-46
-1.3115e-47
-1.18474e-44
-2.18254e-46
-1.87707e-43
-4.82184e-45
-3.20938e-42
-6.44031e-44
-4.08409e-41
-1.43824e-42
-6.11777e-40
-1.34848e-41
-5.24289e-39
-3.33417e-40
-6.2891e-38
-1.24783e-39
-4.78333e-38
9.56322e-38
9.62674e-37
-1.02763e-37
6.91853e-37
-5.95617e-39
2.17079e-38
-7.01464e-40
5.20398e-40
-3.81557e-41
8.62914e-42
-3.02757e-42
7.10317e-44
-1.56733e-43
-6.6311e-44
-9.76815e-45
-2.60687e-45
-5.11625e-46
3.18649e-44
-1.50252e-46
1.82053e-44
-6.17674e-47
1.33121e-45
-3.60255e-47
-4.4289e-45
-6.36749e-47
-1.86924e-45
-2.42813e-48
-1.70561e-44
3.63665e-47
-1.71885e-44
1.02469e-47
-2.82999e-45
7.85233e-47
-1.56803e-44
7.49883e-47
-1.48065e-47
-3.21136e-47
1.54696e-44
-3.83165e-47
1.31008e-45
-3.53398e-48
1.94553e-46
-4.9618e-49
1.35362e-47
-3.57686e-50
1.19218e-48
-3.08351e-51
7.15337e-50
-1.88177e-52
4.7838e-51
-1.24134e-53
2.53984e-52
-6.63657e-55
1.41255e-53
-3.69648e-56
6.74677e-55
-1.45185e-56
3.24868e-56
-3.2166e-55
-3.16564e-57
-8.02821e-54
-1.23653e-55
-1.85648e-52
-3.10493e-54
-4.30413e-51
-7.84386e-53
-9.03564e-50
-1.80439e-51
-1.93502e-48
-4.25783e-50
-3.62591e-47
-8.85983e-49
-7.12734e-46
-1.94928e-47
-1.16197e-44
-3.59886e-46
-2.08074e-43
-7.38231e-45
-2.82985e-42
-1.17352e-43
-4.57377e-41
-2.25326e-42
-4.79812e-40
-2.92339e-41
-6.90351e-39
-5.29273e-40
-4.642e-38
-4.81638e-39
-7.908e-38
9.10049e-38
5.67843e-35
-9.77388e-38
1.31081e-36
-5.61294e-39
4.01013e-38
-6.59179e-40
9.2977e-40
-3.5648e-41
1.431e-41
-2.83034e-42
3.32474e-43
-1.41324e-43
-1.43533e-42
-2.74141e-45
-5.1214e-44
-1.03123e-45
7.51239e-43
-3.07327e-45
4.27613e-43
-1.45595e-45
3.22911e-44
-9.41174e-46
-7.84168e-44
-1.6509e-45
-4.08031e-44
-5.72201e-47
-4.00675e-43
9.18996e-46
-4.0396e-43
2.52484e-46
-6.46691e-44
1.97436e-45
-3.69523e-43
1.88702e-45
-3.292e-46
-8.14654e-46
3.64747e-43
-9.67295e-46
2.99564e-44
-8.73181e-47
4.41838e-45
-1.22339e-47
3.01067e-46
-8.69523e-49
2.64311e-47
-7.49267e-50
1.56442e-48
-4.53178e-51
1.04487e-49
-2.99143e-52
5.49941e-51
-1.59087e-53
3.05836e-52
-8.82159e-55
1.45315e-53
-2.09191e-55
7.04112e-55
-4.22829e-54
3.53391e-56
-1.06707e-52
1.31298e-55
-2.47368e-51
3.27337e-54
-5.82252e-50
8.26679e-53
-1.22477e-48
1.91038e-51
-2.67874e-47
4.50099e-50
-5.02522e-46
9.42507e-49
-1.01855e-44
2.06598e-47
-1.6599e-43
3.84919e-46
-3.11638e-42
7.83677e-45
-4.22577e-41
1.26296e-43
-7.39344e-40
2.39068e-42
-7.70096e-39
3.16984e-41
-1.28942e-37
5.59047e-40
-8.57569e-37
5.29769e-39
8.28129e-38
-9.09934e-38
9.64862e-37
9.77266e-38
6.92009e-37
5.61208e-39
2.1725e-38
6.59179e-40
5.18129e-40
3.54825e-41
4.69984e-41
2.61761e-42
7.49563e-42
2.28881e-43
-2.46852e-41
1.4054e-43
-8.72785e-43
-1.06691e-44
1.31358e-41
-6.0872e-44
7.4664e-42
-2.85648e-44
5.35538e-43
-1.67001e-44
-1.71905e-42
-3.10614e-44
-7.3149e-43
-3.25537e-46
-7.00262e-42
1.86245e-44
-7.05527e-42
5.01647e-45
-1.12389e-42
3.91519e-44
-6.45742e-42
3.73958e-44
-5.54937e-45
-1.65218e-44
6.37636e-42
-1.95327e-44
5.21568e-43
-1.75565e-45
7.50399e-44
-2.43592e-46
5.07977e-45
-1.72544e-47
4.41236e-46
-1.482e-48
2.60224e-47
-8.95397e-50
1.73207e-48
-5.91415e-51
9.11037e-50
-3.14864e-52
5.0697e-51
-1.73898e-53
2.41286e-52
-8.43699e-55
1.17253e-53
-3.4978e-55
5.1534e-55
-7.73167e-54
1.61398e-55
-1.78216e-52
3.5045e-54
-4.1334e-51
8.84145e-53
-8.64226e-50
2.042e-51
-1.85367e-48
4.80663e-50
-3.45374e-47
1.00583e-48
-6.81385e-46
2.2023e-47
-1.10158e-44
4.09979e-46
-1.98746e-43
8.33534e-45
-2.6684e-42
1.34188e-43
-4.37689e-41
2.53542e-42
-4.49942e-40
3.3568e-41
-6.66613e-39
5.90406e-40
-4.35166e-38
5.58037e-39
8.6757e-38
-9.54168e-38
6.71634e-37
1.02524e-37
4.18062e-38
5.94055e-39
1.83608e-39
7.02018e-40
-2.10543e-41
3.45767e-41
8.51643e-40
-1.61176e-42
1.6381e-40
2.10084e-42
-5.47984e-40
3.07286e-42
-1.85603e-41
-2.06858e-43
2.90861e-40
-1.28733e-42
1.64573e-40
-5.13109e-43
1.22022e-41
-2.97597e-43
-2.50565e-41
-6.49272e-43
-1.45744e-41
5.42816e-44
-1.54441e-40
4.46872e-43
-1.55668e-40
1.10283e-43
-2.37869e-41
8.68791e-43
-1.43033e-40
8.28408e-43
-1.12098e-43
-3.98986e-43
1.41346e-40
-4.6322e-43
1.10539e-41
-4.03749e-44
1.56454e-42
-5.56055e-45
1.02696e-43
-3.85859e-46
8.84791e-45
-3.30179e-47
5.11363e-46
-1.9681e-48
3.38881e-47
-1.29769e-49
1.7588e-48
-6.84887e-51
9.764e-50
-3.78077e-52
4.60639e-51
-1.79811e-53
2.23591e-52
-9.10246e-55
9.67473e-54
-1.12418e-54
4.31913e-55
-2.51114e-53
2.9003e-55
-5.8385e-52
6.82357e-54
-1.21801e-50
1.56851e-52
-2.60892e-49
3.6412e-51
-4.81307e-48
7.57669e-50
-9.42312e-47
1.62764e-48
-1.48679e-45
3.00837e-47
-2.63163e-44
5.95203e-46
-3.33884e-43
9.4888e-45
-5.23992e-42
1.72025e-43
-4.62368e-41
2.24377e-42
-6.08509e-40
3.68172e-41
-1.99987e-39
3.38257e-40
4.54613e-39
-4.91744e-39
9.59481e-38
5.26829e-39
5.03482e-39
4.02627e-40
-5.52134e-39
1.00983e-40
-1.5124e-39
-4.55727e-41
1.2054e-38
-6.50142e-41
2.32679e-39
2.9803e-41
-7.8064e-39
4.824e-41
-2.65695e-40
1.44466e-42
4.14166e-39
-1.21433e-41
2.33871e-39
1.69557e-42
1.60367e-40
6.30764e-42
-5.18929e-40
-1.6187e-43
-2.15278e-40
6.4665e-42
-2.19714e-39
8.13306e-42
-2.2123e-39
1.47594e-42
-3.35578e-40
9.91633e-42
-2.03449e-39
9.22421e-42
-1.47827e-42
-7.31084e-42
2.01194e-39
-7.99961e-42
1.56555e-40
-6.91966e-43
2.09512e-41
-9.30397e-44
1.35712e-42
-6.41357e-45
1.14042e-43
-5.43078e-46
6.53976e-45
-3.22673e-47
4.28833e-46
-2.12041e-48
2.21892e-47
-1.11886e-49
1.22787e-48
-6.18094e-51
5.79482e-50
-2.94552e-52
2.81555e-51
-1.42524e-53
1.22161e-52
-6.86012e-55
5.33705e-54
-1.54143e-54
2.49874e-55
-3.48785e-53
9.03306e-55
-7.24592e-52
2.06065e-53
-1.53124e-50
4.79141e-52
-2.80867e-49
9.94624e-51
-5.39347e-48
2.13245e-49
-8.43632e-47
3.90435e-48
-1.4505e-45
7.66519e-47
-1.81218e-44
1.19441e-45
-2.7123e-43
2.12754e-44
-2.30232e-42
2.63555e-43
-2.75978e-41
4.18451e-42
-6.78214e-41
3.43337e-41
4.50532e-40
-1.04933e-39
3.6209e-39
-1.85454e-40
-9.18443e-39
6.25472e-41
-1.28648e-37
1.32642e-40
-3.31223e-38
-5.34522e-40
2.53238e-37
-5.83142e-40
4.84131e-38
4.36128e-40
-1.64418e-37
8.00186e-40
-5.22203e-39
3.43813e-40
8.68628e-38
3.94054e-40
4.86903e-38
7.31806e-40
3.4302e-39
8.01669e-40
-5.72715e-39
6.28444e-40
-3.86748e-39
4.82125e-40
-4.58204e-38
2.07527e-40
-4.61512e-38
6.97099e-42
-6.53774e-39
-9.01412e-41
-4.26949e-38
-1.04986e-40
-2.66241e-41
-1.90131e-40
4.22698e-38
-1.80266e-40
3.05716e-39
-1.48427e-41
3.96344e-40
-1.96056e-42
2.4476e-41
-1.31032e-43
2.0265e-42
-1.10009e-44
1.12758e-43
-6.4056e-46
7.33471e-45
-4.18915e-47
3.72055e-46
-2.1809e-48
2.04852e-47
-1.20139e-49
9.53759e-49
-5.67389e-51
4.61845e-50
-2.74059e-52
1.98507e-51
-1.18644e-53
8.65019e-53
-6.37465e-55
3.45203e-54
-2.86443e-54
1.92536e-55
-5.91609e-53
1.27335e-54
-1.25134e-51
2.92224e-53
-2.28856e-50
6.04433e-52
-4.38318e-49
1.27904e-50
-6.78689e-48
2.32937e-49
-1.15767e-46
4.48648e-48
-1.41226e-45
6.93215e-47
-2.07948e-44
1.19954e-45
-1.66999e-43
1.46372e-44
-1.9384e-42
2.21984e-43
-3.66054e-42
1.76765e-42
2.16127e-41
-7.92965e-39
-9.20748e-39
-1.47408e-38
-9.43791e-38
-6.5193e-38
-1.30045e-36
-7.88778e-38
-3.3543e-37
3.0389e-38
2.55731e-36
5.25935e-38
4.88074e-37
-1.04467e-38
-1.66246e-36
-8.37296e-39
-5.32132e-38
2.62113e-38
8.77577e-37
4.96446e-38
4.90206e-37
5.60469e-38
3.01265e-38
5.74282e-38
-1.15568e-37
5.34079e-38
-4.13548e-38
2.9786e-38
-4.61968e-37
4.50894e-39
-4.64574e-37
-1.46494e-39
-6.47728e-38
-2.26372e-38
-4.30517e-37
-2.28433e-38
-2.26566e-40
-4.26782e-39
4.2678e-37
-2.57076e-39
3.05242e-38
-2.06002e-40
3.49294e-39
-2.55932e-41
2.09198e-40
-1.68447e-42
1.63985e-41
-1.37886e-43
8.96976e-43
-7.96709e-45
5.69693e-44
-5.15515e-46
2.86791e-45
-2.67688e-47
1.56357e-46
-1.47001e-48
7.26555e-48
-6.94877e-50
3.50922e-49
-3.3605e-51
1.51077e-50
-1.45905e-52
6.59449e-52
-6.36033e-54
2.64074e-53
-4.02791e-55
1.06024e-54
-3.07502e-54
1.4057e-55
-6.42294e-53
2.34113e-54
-1.1698e-51
4.85708e-53
-2.20892e-50
1.03125e-51
-3.39394e-49
1.88241e-50
-5.66135e-48
3.63612e-49
-6.79155e-47
5.63267e-48
-9.61931e-46
9.80135e-47
-7.30488e-45
1.21275e-45
-7.66563e-44
1.88399e-44
2.6388e-45
1.67718e-43
2.37114e-42
-1.74979e-37
-1.55895e-37
-4.77915e-37
-1.56105e-36
-3.83329e-36
-2.5e-35
-4.71695e-36
-6.70957e-36
2.08325e-36
4.9271e-35
3.40422e-36
9.23437e-36
-8.61046e-37
-3.21514e-35
-9.14855e-37
-8.84571e-37
1.35963e-36
1.68419e-35
2.71654e-36
9.27856e-36
2.90879e-36
5.665e-37
2.92453e-36
-7.99122e-37
2.78469e-36
-6.11298e-37
1.48899e-36
-8.79122e-36
1.49155e-37
-8.84202e-36
-8.26675e-38
-1.06944e-36
-1.28184e-36
-8.28079e-36
-1.28599e-36
-3.3883e-39
-1.44387e-37
8.22091e-36
-5.70629e-38
5.04893e-37
-4.15479e-39
-4.95888e-40
-3.10688e-41
-2.50565e-42
-1.40475e-43
-9.01537e-45
-4.58841e-46
-2.50611e-47
-1.16825e-48
-5.62771e-50
-2.41928e-51
-1.05048e-52
-4.19517e-54
-3.06331e-55
-2.67793e-54
-4.0017e-53
-5.63984e-52
-2.5165e-51
7.71348e-50
4.73976e-48
1.3149e-46
3.1065e-45
6.50293e-44
1.13016e-42
-1.91935e-36
-1.1753e-35
-1.61622e-34
-2.01803e-34
9.46326e-35
1.50416e-34
-4.20831e-35
-4.69946e-35
5.40373e-35
1.10182e-34
1.14474e-34
1.14745e-34
1.11044e-34
5.76429e-35
3.79536e-36
-3.07406e-36
-5.32068e-35
-5.32479e-35
-3.74875e-36
)
;

boundaryField
{
    leftWall
    {
        type            calculated;
        value           uniform 0;
    }
    rightWall
    {
        type            calculated;
        value           nonuniform 0();
    }
    lowerWall
    {
        type            calculated;
        value           uniform 0;
    }
    atmosphere
    {
        type            calculated;
        value           nonuniform 0();
    }
    defaultFaces
    {
        type            empty;
        value           nonuniform 0();
    }
    procBoundary0to1
    {
        type            processor;
        value           nonuniform List<scalar> 
44
(
-8.19007e-48
-1.81133e-46
-2.8259e-45
-3.97483e-44
-5.6939e-43
-6.98911e-42
-9.2107e-41
-9.34209e-40
-1.1398e-38
-8.0865e-38
-1.64548e-36
4.45503e-37
3.88284e-36
5.64567e-38
-1.84086e-36
7.6937e-38
3.10086e-36
5.95434e-36
1.89664e-37
-5.94544e-36
-5.15163e-35
3.2977e-36
1.78408e-37
1.68958e-38
8.21109e-40
6.47616e-41
1.88087e-40
2.63859e-39
5.54033e-38
5.58635e-37
1.0759e-35
1.02533e-35
-1.02533e-35
-1.0759e-35
-5.58902e-37
-6.95746e-38
-5.68983e-37
-1.22363e-36
-5.66353e-37
-1.41718e-38
-2.6714e-40
-2.61093e-42
2.73758e-42
2.04029e-41
)
;
    }
    procBoundary0to2
    {
        type            processor;
        value           nonuniform List<scalar> 
46
(
5.62308e-38
3.13251e-39
2.42203e-40
1.26904e-41
7.98816e-43
3.90937e-44
2.11729e-45
9.64678e-47
4.63479e-48
1.96704e-49
8.54835e-51
3.38673e-52
1.34907e-53
5.06172e-55
1.57791e-55
3.00072e-54
6.59307e-53
1.28837e-51
2.65317e-50
4.7093e-49
9.24057e-48
1.51453e-46
2.91001e-45
4.54774e-44
8.71189e-43
-1.47016e-37
-1.47564e-36
-2.38224e-35
-6.40582e-36
4.69557e-35
8.79254e-36
-3.06461e-35
-8.36338e-37
1.60468e-35
8.81199e-36
-2.14098e-37
-1.16763e-36
-1.32736e-36
-8.39591e-36
-8.42205e-36
-1.0109e-36
-7.89107e-36
-3.18697e-39
7.83452e-36
-6.29369e-37
4.7728e-37
)
;
    }
}


// ************************************************************************* //
