/*--------------------------------*- C++ -*----------------------------------*\
| =========                 |                                                 |
| \\      /  F ield         | OpenFOAM: The Open Source CFD Toolbox           |
|  \\    /   O peration     | Version:  2.4.0                                 |
|   \\  /    A nd           | Web:      www.OpenFOAM.org                      |
|    \\/     M anipulation  |                                                 |
\*---------------------------------------------------------------------------*/
FoamFile
{
    version     2.0;
    format      ascii;
    class       volVectorField;
    location    "0.25";
    object      U;
}
// * * * * * * * * * * * * * * * * * * * * * * * * * * * * * * * * * * * * * //

dimensions      [0 1 -1 0 0 0 0];

internalField   nonuniform List<vector> 
1935
(
(9.93424e-37 2.36333e-37 0)
(1.74874e-35 2.30713e-36 0)
(1.07852e-34 3.77447e-35 0)
(2.28167e-33 3.35826e-35 0)
(2.19044e-33 -7.3894e-35 0)
(-2.19033e-33 -7.38804e-35 0)
(-2.2806e-33 3.38418e-35 0)
(-8.93902e-35 4.02989e-35 0)
(1.07953e-34 4.23746e-35 0)
(2.38962e-33 7.1833e-35 0)
(4.49056e-33 -3.7731e-35 0)
(1.26403e-34 -1.07477e-34 0)
(-2.06402e-33 3.35826e-35 0)
(2.20899e-33 7.13272e-35 0)
(2.28273e-33 -3.38428e-35 0)
(1.07953e-34 -3.77594e-35 0)
(1.7496e-35 -2.30869e-36 0)
(9.65935e-37 -2.45598e-37 0)
(9.54728e-38 -1.36627e-38 0)
(5.23486e-39 -1.03625e-39 0)
(3.91635e-40 -5.41862e-41 0)
(2.03648e-41 -3.37381e-42 0)
(1.25959e-42 -1.64679e-43 0)
(6.45118e-44 -8.45598e-45 0)
(6.46464e-44 8.4752e-45 0)
(1.26272e-42 1.65062e-43 0)
(2.04228e-41 3.38227e-42 0)
(3.92833e-40 5.4342e-41 0)
(5.25396e-39 1.03946e-39 0)
(9.5844e-38 1.37135e-38 0)
(9.70776e-37 2.4658e-37 0)
(1.75862e-35 2.32131e-36 0)
(1.08822e-34 3.79913e-35 0)
(2.29925e-33 3.59038e-35 0)
(2.29925e-33 -3.59038e-35 0)
(1.08822e-34 -3.79913e-35 0)
(1.75862e-35 -2.32131e-36 0)
(9.70776e-37 -2.4658e-37 0)
(9.5844e-38 -1.37135e-38 0)
(5.25396e-39 -1.03946e-39 0)
(3.92833e-40 -5.43426e-41 0)
(2.04187e-41 -3.38898e-42 0)
(1.23567e-42 -2.58891e-43 0)
(-2.4176e-43 -6.26846e-43 0)
(1.1327e-37 -1.11171e-37 0)
(1.78268e-36 -1.17165e-36 0)
(1.18979e-35 -1.91947e-35 0)
(1.77306e-34 -1.70765e-35 0)
(1.6709e-34 3.75722e-35 0)
(-1.67078e-34 3.75655e-35 0)
(-1.77183e-34 -1.72055e-35 0)
(-1.00017e-35 -2.04895e-35 0)
(1.19094e-35 -2.1546e-35 0)
(1.89216e-34 -3.6523e-35 0)
(3.46292e-34 1.9188e-35 0)
(1.38043e-35 5.46486e-35 0)
(-1.53285e-34 -1.70765e-35 0)
(1.68996e-34 -3.62711e-35 0)
(1.7743e-34 1.7206e-35 0)
(1.19094e-35 1.9202e-35 0)
(1.7838e-36 1.17255e-36 0)
(1.12445e-37 1.22309e-37 0)
(1.08256e-38 6.74533e-39 0)
(6.3665e-40 5.0514e-40 0)
(4.72476e-41 2.62116e-41 0)
(2.56727e-42 1.61907e-42 0)
(1.58708e-43 7.85541e-44 0)
(8.38345e-45 4.01284e-45 0)
(8.4014e-45 -4.02188e-45 0)
(1.59115e-43 -7.87351e-44 0)
(2.5748e-42 -1.62308e-42 0)
(4.73983e-41 -2.6286e-41 0)
(6.39058e-40 -5.0668e-40 0)
(1.08702e-38 -6.76992e-39 0)
(1.13034e-37 -1.22788e-37 0)
(1.79399e-36 -1.17878e-36 0)
(1.20109e-35 -1.93175e-35 0)
(1.791e-34 -1.82552e-35 0)
(1.791e-34 1.82552e-35 0)
(1.20109e-35 1.93175e-35 0)
(1.79399e-36 1.17878e-36 0)
(1.13034e-37 1.22788e-37 0)
(1.08702e-38 6.76992e-39 0)
(6.39058e-40 5.06679e-40 0)
(4.73933e-41 2.62772e-41 0)
(2.50503e-42 1.52371e-42 0)
(-3.03294e-43 -1.32838e-42 0)
(-5.24722e-42 -9.39855e-42 0)
(1.80001e-38 -1.24749e-38 0)
(2.39249e-37 -1.34017e-37 0)
(8.62476e-37 -1.84063e-36 0)
(9.31916e-36 -1.59791e-36 0)
(8.68099e-36 3.58726e-36 0)
(-8.67883e-36 3.58644e-36 0)
(-9.30036e-36 -1.61257e-36 0)
(-6.06228e-37 -1.98859e-36 0)
(8.64506e-37 -2.10963e-36 0)
(1.01837e-35 -3.46711e-36 0)
(1.82563e-35 1.83981e-36 0)
(1.1205e-36 5.18516e-36 0)
(-7.56025e-36 -1.59791e-36 0)
(8.93901e-36 -3.43854e-36 0)
(9.33805e-36 1.61263e-36 0)
(8.64506e-37 1.84152e-36 0)
(2.39376e-37 1.3412e-37 0)
(1.68765e-38 1.38438e-38 0)
(1.90832e-39 8.2374e-40 0)
(1.17826e-40 6.12936e-41 0)
(9.31516e-42 3.32885e-42 0)
(5.1808e-43 2.05582e-43 0)
(3.29483e-44 1.02961e-44 0)
(1.76024e-45 5.27135e-46 0)
(1.76406e-45 -5.28359e-46 0)
(3.30348e-44 -1.03205e-44 0)
(5.19658e-43 -2.06109e-43 0)
(9.34642e-42 -3.3386e-42 0)
(1.18311e-40 -6.14889e-41 0)
(1.91711e-39 -8.26862e-40 0)
(1.69849e-38 -1.39017e-38 0)
(2.41166e-37 -1.34882e-37 0)
(8.79456e-37 -1.85453e-36 0)
(9.56031e-36 -1.73279e-36 0)
(9.56031e-36 1.73279e-36 0)
(8.79456e-37 1.85453e-36 0)
(2.41166e-37 1.34882e-37 0)
(1.69849e-38 1.39017e-38 0)
(1.91711e-39 8.26862e-40 0)
(1.18304e-40 6.14816e-41 0)
(9.27136e-42 3.2187e-42 0)
(-5.42287e-43 -1.15029e-42 0)
(-7.03277e-42 -1.93627e-41 0)
(-8.17554e-41 -1.30569e-40 0)
(1.61818e-39 -2.24772e-39 0)
(1.91349e-38 -2.12256e-38 0)
(4.64929e-38 -2.80391e-37 0)
(3.7194e-37 -2.42464e-37 0)
(3.43266e-37 5.46729e-37 0)
(-3.43064e-37 5.46575e-37 0)
(-3.70267e-37 -2.45105e-37 0)
(-2.58544e-38 -3.04124e-37 0)
(4.66829e-38 -3.23027e-37 0)
(4.18622e-37 -5.27993e-37 0)
(7.35831e-37 2.80236e-37 0)
(6.72965e-38 7.89193e-37 0)
(-2.75946e-37 -2.42464e-37 0)
(3.64069e-37 -5.22854e-37 0)
(3.73623e-37 2.45117e-37 0)
(4.66829e-38 2.80557e-37 0)
(1.91447e-38 2.12478e-38 0)
(1.49414e-39 2.4869e-39 0)
(1.78157e-40 1.54329e-40 0)
(1.15877e-41 1.2212e-41 0)
(9.33977e-43 6.78915e-43 0)
(5.36099e-44 4.31466e-44 0)
(3.44432e-45 2.1848e-45 0)
(1.87943e-46 1.13239e-46 0)
(1.88359e-46 -1.13504e-46 0)
(3.45361e-45 -2.19006e-45 0)
(5.37783e-44 -4.32598e-44 0)
(9.37242e-43 -6.8098e-43 0)
(1.16379e-41 -1.22529e-41 0)
(1.79037e-40 -1.54965e-40 0)
(1.50479e-39 -2.49843e-39 0)
(1.93111e-38 -2.13899e-38 0)
(4.7997e-38 -2.82888e-37 0)
(3.91251e-37 -2.63854e-37 0)
(3.91251e-37 2.63854e-37 0)
(4.7997e-38 2.82888e-37 0)
(1.93111e-38 2.13899e-38 0)
(1.50479e-39 2.49843e-39 0)
(1.79032e-40 1.54958e-40 0)
(1.15472e-41 1.21567e-41 0)
(-8.79035e-44 -9.31825e-43 0)
(-1.4574e-41 -1.83e-41 0)
(-9.81607e-41 -2.66844e-40 0)
(-1.14822e-39 -1.81909e-39 0)
(1.53655e-40 -3.40206e-40 0)
(1.84104e-39 -1.93868e-39 0)
(2.61494e-39 -2.35454e-38 0)
(9.66525e-39 -2.01189e-38 0)
(8.7538e-39 4.58178e-38 0)
(-8.73182e-39 4.58028e-38 0)
(-9.49462e-39 -2.03664e-38 0)
(-6.27827e-40 -2.56864e-38 0)
(2.63442e-39 -2.73877e-38 0)
(1.22988e-38 -4.41332e-38 0)
(2.04027e-38 2.3517e-38 0)
(4.61771e-39 6.59358e-38 0)
(-4.13346e-39 -2.01178e-38 0)
(1.07575e-38 -4.36499e-38 0)
(9.83548e-39 2.03676e-38 0)
(2.63442e-39 2.35487e-38 0)
(1.83552e-39 1.92081e-39 0)
(1.50558e-40 2.33456e-40 0)
(1.92379e-41 1.52255e-41 0)
(1.28247e-42 1.22718e-42 0)
(1.06218e-43 7.04094e-44 0)
(6.17871e-45 4.52034e-45 0)
(4.01746e-46 2.33733e-46 0)
(2.20744e-47 1.21845e-47 0)
(2.21237e-47 -1.22136e-47 0)
(4.02841e-46 -2.34307e-46 0)
(6.19848e-45 -4.53253e-45 0)
(1.06599e-43 -7.06303e-44 0)
(1.28825e-42 -1.23147e-42 0)
(1.93379e-41 -1.52914e-41 0)
(1.51734e-40 -2.34612e-40 0)
(1.85347e-39 -1.9348e-39 0)
(2.76553e-39 -2.37668e-38 0)
(1.15179e-38 -2.20525e-38 0)
(1.15179e-38 2.20525e-38 0)
(2.76553e-39 2.37668e-38 0)
(1.85347e-39 1.9348e-39 0)
(1.51729e-40 2.34609e-40 0)
(1.92649e-41 1.52174e-41 0)
(6.69549e-44 1.24579e-43 0)
(-1.37655e-41 -1.8619e-41 0)
(-2.01598e-40 -2.14444e-40 0)
(-1.36846e-39 -3.15747e-39 0)
(-1.64195e-38 -2.19847e-38 0)
(-1.92891e-40 -1.66762e-39 0)
(2.2906e-40 -4.71177e-40 0)
(1.5866e-40 -2.55123e-39 0)
(5.50959e-41 -2.03152e-39 0)
(2.98803e-41 4.60111e-39 0)
(-2.7094e-41 4.60141e-39 0)
(-3.15873e-41 -2.04255e-39 0)
(6.29704e-42 -2.5862e-39 0)
(1.4564e-40 -2.75962e-39 0)
(1.90756e-40 -4.43165e-39 0)
(2.24254e-40 2.36195e-39 0)
(2.95659e-40 6.61874e-39 0)
(2.66866e-40 -2.0155e-39 0)
(1.80711e-40 -4.37914e-39 0)
(5.8744e-41 2.04267e-39 0)
(1.4564e-40 2.36548e-39 0)
(1.38308e-40 1.9722e-40 0)
(1.19471e-41 2.5348e-41 0)
(1.57366e-42 1.69063e-42 0)
(1.08189e-43 1.39926e-43 0)
(9.0774e-45 8.13535e-45 0)
(5.38502e-46 5.28589e-46 0)
(3.52494e-47 2.75168e-47 0)
(1.96204e-48 1.44084e-48 0)
(1.96646e-48 -1.44429e-48 0)
(3.53471e-47 -2.75849e-47 0)
(5.40259e-46 -5.3003e-46 0)
(9.11078e-45 -8.16135e-45 0)
(1.08692e-43 -1.40427e-43 0)
(1.58219e-42 -1.69823e-42 0)
(1.20461e-41 -2.54797e-41 0)
(1.39772e-40 -1.9877e-40 0)
(1.55995e-40 -2.38912e-39 0)
(1.84888e-40 -2.21427e-39 0)
(1.84888e-40 2.21427e-39 0)
(1.55995e-40 2.38912e-39 0)
(1.39769e-40 1.98768e-40 0)
(1.199e-41 2.54352e-41 0)
(7.42693e-43 8.44882e-43 0)
(-1.40579e-41 -1.27033e-41 0)
(-1.62316e-40 -2.2104e-40 0)
(-2.38742e-39 -2.56757e-39 0)
(-1.65478e-38 -3.89277e-38 0)
(-2.01075e-37 -2.78048e-37 0)
(-2.54683e-39 -2.14315e-38 0)
(1.18033e-39 -3.36219e-39 0)
(2.11731e-40 -2.43625e-39 0)
(1.19718e-40 -3.43378e-40 0)
(-8.64068e-42 3.28243e-40 0)
(2.24661e-41 3.5116e-40 0)
(2.26778e-41 -1.55993e-40 0)
(2.60511e-42 -1.99241e-40 0)
(9.80805e-42 -2.13056e-40 0)
(-1.16308e-41 -3.39326e-40 0)
(-2.98923e-41 1.81243e-40 0)
(2.20462e-41 5.06625e-40 0)
(4.27672e-41 -1.53631e-40 0)
(-8.31948e-42 -3.35016e-40 0)
(-2.03008e-41 1.55863e-40 0)
(9.80748e-42 1.81541e-40 0)
(1.12657e-41 1.577e-41 0)
(9.9355e-43 2.07814e-42 0)
(1.34606e-43 1.42823e-43 0)
(9.38508e-45 1.19714e-44 0)
(7.9705e-46 7.09816e-46 0)
(4.76815e-47 4.64298e-47 0)
(3.13643e-48 2.44809e-48 0)
(1.75329e-49 1.28596e-49 0)
(1.75725e-49 -1.28907e-49 0)
(3.14516e-48 -2.45421e-48 0)
(4.78384e-47 -4.65584e-47 0)
(8.00019e-46 -7.12128e-46 0)
(9.4296e-45 -1.20154e-44 0)
(1.35355e-43 -1.43486e-43 0)
(1.00213e-42 -2.08939e-42 0)
(1.13908e-41 -1.59008e-41 0)
(1.06648e-41 -1.83475e-40 0)
(-1.00475e-41 -1.69531e-40 0)
(-1.00476e-41 1.69531e-40 0)
(1.06629e-41 1.83474e-40 0)
(1.13569e-41 1.58787e-41 0)
(3.53831e-43 1.69249e-42 0)
(-9.61593e-42 -7.5044e-42 0)
(-1.67704e-40 -1.16046e-40 0)
(-1.94498e-39 -2.01979e-39 0)
(-2.94463e-38 -2.39461e-38 0)
(-2.0916e-37 -3.70158e-37 0)
(-2.6436e-36 -2.78037e-36 0)
(-3.12737e-38 -2.27743e-37 0)
(1.70016e-38 -4.07086e-38 0)
(2.61429e-39 -2.94313e-38 0)
(1.70061e-39 -2.40736e-39 0)
(1.41095e-40 -2.77979e-40 0)
(2.06819e-41 8.59813e-42 0)
(3.42594e-42 -1.44957e-41 0)
(3.43435e-43 -1.65136e-41 0)
(6.42186e-43 -1.75719e-41 0)
(-1.42846e-42 -2.78989e-41 0)
(-3.16699e-42 1.49074e-41 0)
(1.49546e-42 4.16449e-41 0)
(3.45953e-42 -1.26094e-41 0)
(-1.0925e-42 -2.75291e-41 0)
(-1.98257e-42 1.28008e-41 0)
(6.35811e-43 1.49333e-41 0)
(7.8958e-43 1.31721e-42 0)
(7.15916e-44 1.78056e-43 0)
(9.83531e-45 1.24051e-44 0)
(6.98777e-46 1.05234e-45 0)
(5.97328e-47 6.29201e-47 0)
(3.61727e-48 4.13584e-48 0)
(2.38635e-49 2.18998e-49 0)
(1.34419e-50 1.1514e-50 0)
(1.34725e-50 -1.15418e-50 0)
(2.39305e-49 -2.19548e-49 0)
(3.6293e-48 -4.14736e-48 0)
(5.99586e-47 -6.3127e-47 0)
(7.02154e-46 -1.05626e-45 0)
(9.8914e-45 -1.24638e-44 0)
(7.22302e-44 -1.79045e-43 0)
(7.98709e-43 -1.32856e-42 0)
(6.97446e-43 -1.50988e-41 0)
(-1.26602e-42 -1.39379e-41 0)
(-1.26678e-42 1.39374e-41 0)
(6.80634e-43 1.50891e-41 0)
(4.96355e-43 1.12106e-42 0)
(-5.75141e-42 -3.58127e-42 0)
(-8.83025e-41 -7.39505e-41 0)
(-1.53552e-39 -1.13617e-39 0)
(-1.8161e-38 -2.04086e-38 0)
(-2.79949e-37 -2.47827e-37 0)
(-2.08178e-36 -4.03375e-36 0)
(-2.67163e-35 -3.20404e-35 0)
(-2.74902e-37 -2.71732e-36 0)
(2.33158e-37 -4.15967e-37 0)
(3.59575e-38 -2.87071e-37 0)
(2.23215e-38 -2.29075e-38 0)
(1.80456e-39 -2.80364e-39 0)
(2.31925e-40 -1.81218e-40 0)
(1.56013e-41 -1.57997e-41 0)
(1.3025e-42 -2.01549e-42 0)
(1.1879e-43 -1.29608e-42 0)
(-1.12969e-43 -1.96276e-42 0)
(-2.53344e-43 1.04861e-42 0)
(1.05521e-43 2.92495e-42 0)
(2.5885e-43 -8.83157e-43 0)
(-9.09991e-44 -1.93285e-42 0)
(-1.5593e-43 8.97176e-43 0)
(4.40378e-44 1.0507e-42 0)
(5.64036e-44 9.50964e-44 0)
(5.17791e-45 1.30219e-44 0)
(7.19691e-46 9.24329e-46 0)
(5.16032e-47 7.89195e-47 0)
(4.43202e-48 4.77662e-48 0)
(2.6985e-49 3.14893e-49 0)
(1.78195e-50 1.6801e-50 0)
(1.00609e-51 8.8386e-52 0)
(1.00838e-51 -8.86006e-52 0)
(1.78696e-50 -1.68433e-50 0)
(2.70751e-49 -3.15777e-49 0)
(4.44888e-48 -4.79249e-48 0)
(5.1855e-47 -7.92175e-47 0)
(7.2385e-46 -9.28789e-46 0)
(5.22502e-45 -1.3096e-44 0)
(5.70705e-44 -9.59414e-44 0)
(4.84716e-44 -1.0628e-42 0)
(-1.05168e-43 -9.79204e-43 0)
(-1.12212e-43 9.76504e-43 0)
(-1.10054e-43 1.00942e-42 0)
(-2.8153e-42 -1.05042e-42 0)
(-5.64653e-41 -2.08992e-41 0)
(-8.66804e-40 -4.14635e-40 0)
(-1.55458e-38 -6.48487e-39 0)
(-1.87942e-37 -1.18747e-37 0)
(-3.04019e-36 -1.51722e-36 0)
(-2.36373e-35 -2.58413e-35 0)
(-3.25225e-34 -2.37079e-34 0)
(-1.71876e-36 -2.26378e-35 0)
(4.23668e-36 -4.56519e-36 0)
(4.83476e-37 -3.53768e-36 0)
(2.19933e-37 -2.65601e-37 0)
(1.71684e-38 -3.15135e-38 0)
(2.10276e-39 -1.96754e-39 0)
(1.3751e-40 -1.57148e-40 0)
(1.12304e-41 -8.85596e-42 0)
(6.50219e-43 -6.48532e-43 0)
(3.39886e-44 -1.68168e-43 0)
(-1.4643e-44 7.32728e-44 0)
(6.87007e-45 2.08459e-43 0)
(1.68567e-44 -6.28871e-44 0)
(-6.08417e-45 -1.37771e-43 0)
(-1.02944e-44 6.39071e-44 0)
(2.79254e-45 7.49623e-44 0)
(3.6267e-45 6.86424e-45 0)
(3.38984e-46 9.49959e-46 0)
(4.73888e-47 6.80389e-47 0)
(3.44017e-48 5.83385e-48 0)
(2.96122e-49 3.54956e-49 0)
(1.81704e-50 2.34148e-50 0)
(1.20008e-51 1.25211e-51 0)
(6.80481e-53 6.57696e-53 0)
(6.82026e-53 -6.59289e-53 0)
(1.20346e-51 -1.25526e-51 0)
(1.82311e-50 -2.34806e-50 0)
(2.97249e-49 -3.56141e-49 0)
(3.45691e-48 -5.85608e-48 0)
(4.76606e-47 -6.83723e-47 0)
(3.41974e-46 -9.55489e-46 0)
(3.66683e-45 -6.92773e-45 0)
(2.99728e-45 -7.58771e-44 0)
(-9.01369e-45 -7.0582e-44 0)
(-4.82673e-44 5.15872e-44 0)
(-8.82943e-43 -3.0316e-43 0)
(-1.61647e-41 -8.32903e-42 0)
(-3.20441e-40 -1.53793e-40 0)
(-5.00685e-39 -3.15534e-39 0)
(-9.12825e-38 -5.02542e-38 0)
(-1.14967e-36 -9.73388e-37 0)
(-1.91446e-35 -1.3033e-35 0)
(-1.63569e-34 -2.47223e-34 0)
(-2.30049e-33 -2.58968e-33 0)
(3.27388e-35 -3.09098e-34 0)
(8.8158e-35 -4.07545e-35 0)
(8.91568e-36 -2.75003e-35 0)
(3.2864e-36 -1.99758e-36 0)
(2.36901e-37 -2.13053e-37 0)
(2.80455e-38 -1.28705e-38 0)
(1.75102e-39 -9.78432e-40 0)
(1.408e-40 -5.37229e-41 0)
(7.88e-42 -3.35922e-42 0)
(5.04559e-43 -1.75686e-43 0)
(2.48704e-44 -5.62204e-45 0)
(1.71848e-45 9.34337e-45 0)
(8.63032e-46 -2.9605e-45 0)
(-2.87521e-46 -6.45226e-45 0)
(-4.89574e-46 2.98969e-45 0)
(1.31005e-46 3.51492e-45 0)
(1.70967e-46 3.27259e-46 0)
(1.60774e-47 4.59929e-47 0)
(2.2529e-48 3.34012e-48 0)
(1.64144e-49 2.89016e-49 0)
(1.41135e-50 1.77616e-50 0)
(8.66851e-52 1.17773e-51 0)
(5.70699e-53 6.33989e-53 0)
(3.23113e-54 3.33812e-54 0)
(3.23584e-54 -3.34623e-54 0)
(5.71483e-53 -6.35591e-53 0)
(8.67366e-52 -1.18106e-51 0)
(1.4099e-50 -1.78211e-50 0)
(1.63096e-49 -2.90119e-49 0)
(2.21597e-48 -3.35639e-48 0)
(1.49671e-47 -4.6256e-47 0)
(1.41191e-46 -3.30109e-46 0)
(-5.88918e-46 -3.55271e-45 0)
(-1.76617e-44 -3.16082e-45 0)
(-3.6126e-43 5.72571e-45 0)
(-7.94475e-42 5.37723e-44 0)
(-1.46844e-40 1.02022e-42 0)
(-3.0124e-39 1.77116e-41 0)
(-4.79238e-38 2.75011e-40 0)
(-9.19671e-37 8.22909e-40 0)
(-1.1921e-35 -1.61704e-37 0)
(-2.15668e-34 -1.04927e-35 0)
(-1.94405e-33 -4.16116e-34 0)
(-3.20271e-32 -1.16708e-32 0)
(2.11027e-33 -2.26732e-33 0)
(3.19398e-33 -6.01489e-34 0)
(2.20223e-34 -5.15526e-34 0)
(3.65712e-35 -3.27018e-35 0)
(2.36494e-36 -3.4524e-36 0)
(2.37484e-37 -1.9537e-37 0)
(1.41942e-38 -1.47569e-38 0)
(1.07459e-39 -7.78983e-40 0)
(5.89703e-41 -4.83859e-41 0)
(3.68183e-42 -2.37601e-42 0)
(1.85625e-43 -1.27447e-43 0)
(1.00332e-44 -5.39848e-45 0)
(4.95186e-46 -4.04942e-46 0)
(1.17149e-47 -2.90373e-46 0)
(-1.69934e-47 1.28502e-46 0)
(4.81832e-48 1.51847e-46 0)
(6.2608e-48 1.42287e-47 0)
(5.95798e-49 1.9935e-48 0)
(8.40372e-50 1.45177e-49 0)
(6.17793e-51 1.24979e-50 0)
(5.32825e-52 7.6784e-52 0)
(3.29145e-53 5.05999e-53 0)
(2.16855e-54 2.71685e-54 0)
(1.23167e-55 1.42111e-55 0)
(1.24089e-55 -1.42153e-55 0)
(2.19478e-54 -2.71465e-54 0)
(3.36085e-53 -5.04684e-53 0)
(5.51454e-52 -7.62452e-52 0)
(6.65684e-51 -1.23188e-50 0)
(9.64605e-50 -1.39736e-49 0)
(9.00094e-49 -1.84047e-48 0)
(1.37553e-47 -1.02203e-47 0)
(1.75905e-46 -5.01693e-47 0)
(3.92778e-45 2.24907e-45 0)
(8.21629e-44 5.57841e-44 0)
(1.75799e-42 1.16412e-42 0)
(3.26416e-41 2.50449e-41 0)
(6.44941e-40 4.57498e-40 0)
(1.03557e-38 8.48167e-39 0)
(1.8883e-37 9.03893e-38 0)
(2.48686e-36 -7.51782e-37 0)
(4.18382e-35 -1.40059e-34 0)
(3.8817e-34 -6.63404e-33 0)
(5.69507e-33 -2.2689e-31 0)
(7.45848e-32 -4.50332e-32 0)
(8.07315e-32 -2.0513e-33 0)
(4.07498e-33 -6.27615e-35 0)
(6.78672e-34 -1.45582e-36 0)
(3.89345e-35 -1.90218e-38 0)
(3.8992e-36 1.41915e-40 0)
(2.1884e-37 3.76177e-41 0)
(1.6496e-38 2.11763e-42 0)
(8.70901e-40 1.21671e-43 0)
(5.41237e-41 5.53989e-45 0)
(2.65875e-42 2.75691e-46 0)
(1.42859e-43 2.71437e-47 0)
(6.51979e-45 -4.2234e-48 0)
(3.11118e-46 -1.03646e-47 0)
(1.25311e-47 4.80541e-48 0)
(7.56884e-49 5.66744e-48 0)
(2.64605e-49 5.37641e-49 0)
(2.40274e-50 7.5631e-50 0)
(3.28388e-51 5.55545e-51 0)
(2.40583e-52 4.78918e-52 0)
(2.05843e-53 2.9577e-53 0)
(1.26944e-54 1.94823e-54 0)
(8.31153e-56 1.04865e-55 0)
(4.941e-57 5.47441e-57 0)
(1.20479e-56 -5.50713e-57 0)
(3.05331e-55 -1.05718e-55 0)
(7.72385e-54 -1.97175e-54 0)
(2.0418e-52 -3.02016e-53 0)
(5.21727e-51 -4.95866e-52 0)
(1.35935e-49 -5.993e-51 0)
(3.35809e-48 -8.7139e-50 0)
(8.32469e-47 -8.2041e-49 0)
(1.91791e-45 -1.27501e-47 0)
(4.4403e-44 -1.66659e-46 0)
(9.31683e-43 -3.79815e-45 0)
(1.99955e-41 -7.901e-44 0)
(3.7436e-40 -1.72098e-42 0)
(7.42644e-39 -3.05674e-41 0)
(1.20687e-37 -5.41525e-40 0)
(2.21261e-36 -2.82913e-39 0)
(2.96991e-35 2.3979e-37 0)
(5.03981e-34 1.91158e-35 0)
(4.85854e-33 8.37276e-34 0)
(7.26805e-32 2.75841e-32 0)
(3.1706e-33 -4.45808e-32 0)
(2.65877e-33 -1.56434e-33 0)
(1.9132e-34 4.47475e-34 0)
(3.29421e-35 3.10654e-35 0)
(2.17354e-36 3.42484e-36 0)
(2.21904e-37 1.95151e-37 0)
(1.34e-38 1.47732e-38 0)
(1.02319e-39 7.80098e-40 0)
(5.64907e-41 4.84526e-41 0)
(3.54532e-42 2.37881e-42 0)
(1.79482e-43 1.27748e-43 0)
(9.72194e-45 5.82722e-45 0)
(4.53344e-46 2.78174e-46 0)
(2.18008e-47 1.14102e-47 0)
(9.17032e-49 6.97765e-49 0)
(4.74263e-50 2.40376e-49 0)
(1.00984e-50 2.17804e-50 0)
(8.81525e-52 2.9672e-51 0)
(1.17058e-52 2.17184e-52 0)
(8.57823e-54 1.85634e-53 0)
(7.30133e-55 1.1443e-54 0)
(4.51037e-56 7.48705e-56 0)
(2.94224e-57 4.01739e-57 0)
(1.66968e-58 1.99063e-58 0)
(1.77223e-58 -5.09578e-58 0)
(3.05671e-57 -1.33546e-56 0)
(4.56598e-56 -3.58205e-55 0)
(5.47827e-55 -9.38088e-54 0)
(1.93885e-54 -2.53615e-52 0)
(-2.28604e-52 -6.59141e-51 0)
(-8.53178e-51 -1.73523e-49 0)
(-3.52309e-49 -4.30786e-48 0)
(-8.40332e-48 -1.0742e-46 0)
(-2.80419e-46 -2.47433e-45 0)
(-5.68014e-45 -5.76127e-44 0)
(-1.71566e-43 -1.2047e-42 0)
(-2.98934e-42 -2.59216e-41 0)
(-8.37829e-41 -4.72335e-40 0)
(-1.22182e-39 -8.69448e-39 0)
(-3.24204e-38 -8.7572e-38 0)
(-3.74568e-37 1.11914e-36 0)
(-9.63262e-36 1.61822e-34 0)
(-7.39595e-35 7.54532e-33 0)
(-1.86082e-33 2.56073e-31 0)
(6.03816e-34 -1.79299e-33 0)
(-1.99708e-34 -9.047e-35 0)
(-6.82742e-36 2.00994e-35 0)
(1.3027e-36 1.70228e-36 0)
(1.31501e-37 1.94199e-37 0)
(1.94567e-38 1.19504e-38 0)
(1.31132e-39 9.17296e-40 0)
(1.12337e-40 5.06701e-41 0)
(6.50369e-42 3.17838e-42 0)
(4.292e-43 1.60828e-43 0)
(2.22437e-44 8.70703e-45 0)
(1.23454e-45 4.05851e-46 0)
(5.82249e-47 1.95174e-47 0)
(2.83359e-48 8.28104e-49 0)
(1.21968e-49 4.31927e-50 0)
(5.59998e-51 9.17243e-51 0)
(5.15496e-52 7.99619e-52 0)
(3.76569e-53 1.05857e-52 0)
(4.37976e-54 7.75038e-54 0)
(3.12638e-55 6.58925e-55 0)
(2.60214e-56 4.06845e-56 0)
(1.59673e-57 2.65215e-57 0)
(1.00171e-58 1.42328e-58 0)
(-9.12968e-59 7.53377e-60 0)
(-3.01336e-57 -1.35723e-60 0)
(-9.21333e-56 4.75542e-59 0)
(-2.68474e-54 3.32477e-57 0)
(-7.72134e-53 1.35865e-55 0)
(-2.09583e-51 4.57327e-54 0)
(-5.65763e-50 1.35623e-52 0)
(-1.42081e-48 3.88819e-51 0)
(-3.59095e-47 9.99538e-50 0)
(-8.26595e-46 2.62506e-48 0)
(-1.95107e-44 6.04986e-47 0)
(-4.06269e-43 1.48403e-45 0)
(-8.93822e-42 3.07271e-44 0)
(-1.65132e-40 7.16157e-43 0)
(-3.38543e-39 1.38424e-41 0)
(-5.38293e-38 3.55124e-40 0)
(-1.03223e-36 9.34197e-39 0)
(-1.337e-35 3.6798e-37 0)
(-2.41676e-34 1.41258e-35 0)
(-2.17613e-33 5.07004e-34 0)
(-3.58236e-32 1.34596e-32 0)
(2.88062e-35 -2.84667e-34 0)
(-1.25592e-35 -1.38148e-35 0)
(-6.53748e-37 8.75872e-37 0)
(2.79164e-38 1.10358e-37 0)
(4.84262e-39 1.73675e-38 0)
(8.77847e-40 1.17888e-39 0)
(6.43992e-41 1.01101e-40 0)
(5.75618e-42 5.85174e-42 0)
(3.4765e-43 3.85925e-43 0)
(2.33783e-44 1.99923e-44 0)
(1.24372e-45 1.10909e-45 0)
(6.97881e-47 5.2292e-47 0)
(3.34993e-48 2.54439e-48 0)
(1.64239e-49 1.09759e-49 0)
(7.17934e-51 5.05269e-51 0)
(3.24351e-52 4.66761e-52 0)
(2.26694e-53 3.4111e-53 0)
(1.47446e-54 3.96013e-54 0)
(1.52978e-55 2.82482e-55 0)
(1.06569e-56 2.34868e-56 0)
(8.67906e-58 1.44059e-57 0)
(5.30044e-59 9.3019e-59 0)
(3.61587e-60 5.19774e-60 0)
(7.31074e-60 7.8151e-60 0)
(2.21668e-58 2.44478e-58 0)
(6.75177e-57 7.60252e-57 0)
(1.9655e-55 2.32187e-55 0)
(5.62506e-54 6.76207e-54 0)
(1.52467e-52 1.94304e-52 0)
(4.08618e-51 5.27216e-51 0)
(1.02368e-49 1.4218e-49 0)
(2.55971e-48 3.56952e-48 0)
(5.86814e-47 9.01037e-47 0)
(1.36345e-45 2.07349e-45 0)
(2.82024e-44 4.88615e-44 0)
(6.06194e-43 1.01714e-42 0)
(1.10775e-41 2.23289e-41 0)
(2.19275e-40 4.12474e-40 0)
(3.42162e-39 8.4359e-39 0)
(6.21032e-38 1.34456e-37 0)
(7.76563e-37 2.58388e-36 0)
(1.28112e-35 3.42807e-35 0)
(1.07296e-34 6.35181e-34 0)
(1.49294e-33 6.36165e-33 0)
(2.7685e-36 -1.33644e-35 0)
(-1.35979e-36 -7.521e-37 0)
(-7.51041e-38 1.87359e-38 0)
(-2.91246e-39 4.19566e-39 0)
(6.44403e-41 7.88683e-40 0)
(4.22478e-41 5.80396e-41 0)
(3.64914e-42 5.18578e-42 0)
(3.67915e-43 3.1304e-43 0)
(2.33718e-44 2.10351e-44 0)
(1.64309e-45 1.11857e-45 0)
(8.94506e-47 6.27371e-47 0)
(5.1222e-48 3.01056e-48 0)
(2.4862e-49 1.47567e-49 0)
(1.23019e-50 6.45786e-51 0)
(5.41374e-52 2.92178e-52 0)
(2.41586e-53 2.04888e-53 0)
(1.29115e-54 1.33407e-54 0)
(7.0367e-56 1.38284e-55 0)
(5.82147e-57 9.6281e-57 0)
(3.78494e-58 7.83384e-58 0)
(2.92364e-59 4.78147e-59 0)
(1.91626e-60 3.06937e-60 0)
(5.5042e-60 4.28715e-61 0)
(1.74552e-58 8.78795e-60 0)
(5.42461e-57 2.84282e-58 0)
(1.65562e-55 8.83886e-57 0)
(4.8197e-54 2.69973e-55 0)
(1.38407e-52 7.86295e-54 0)
(3.7542e-51 2.26011e-52 0)
(1.01174e-49 6.13366e-51 0)
(2.53919e-48 1.65493e-49 0)
(6.40407e-47 4.15595e-48 0)
(1.47315e-45 1.04973e-46 0)
(3.46756e-44 2.41647e-45 0)
(7.21481e-43 5.69929e-44 0)
(1.58139e-41 1.18705e-42 0)
(2.91874e-40 2.61039e-41 0)
(5.95297e-39 4.83746e-40 0)
(9.45285e-38 9.99617e-39 0)
(1.7993e-36 1.65212e-37 0)
(2.32572e-35 3.4587e-36 0)
(4.15718e-34 5.99954e-35 0)
(3.72872e-33 1.48263e-33 0)
(6.02231e-32 2.75555e-32 0)
(1.30544e-37 -1.25991e-36 0)
(-6.49726e-38 -7.03581e-38 0)
(-3.94166e-39 -2.69852e-39 0)
(-2.34833e-40 5.77803e-41 0)
(-3.5752e-42 3.82329e-41 0)
(1.43248e-42 3.29879e-42 0)
(1.46186e-43 3.31943e-43 0)
(1.5994e-44 2.10694e-44 0)
(1.06545e-45 1.47992e-45 0)
(7.68947e-47 8.05295e-47 0)
(4.29252e-48 4.60919e-48 0)
(2.48971e-49 2.23653e-49 0)
(1.22725e-50 1.10637e-50 0)
(6.11709e-52 4.87067e-52 0)
(2.72074e-53 2.17468e-53 0)
(1.2138e-54 1.16461e-54 0)
(5.91149e-56 6.35499e-56 0)
(2.95339e-57 5.25863e-57 0)
(2.08995e-58 3.41837e-58 0)
(1.27835e-59 2.63822e-59 0)
(9.45579e-61 1.58141e-60 0)
(3.56667e-61 9.55313e-62 0)
(9.96938e-60 -1.33252e-61 0)
(3.22682e-58 -4.57675e-60 0)
(1.00322e-56 -1.48116e-58 0)
(3.06385e-55 -4.60335e-57 0)
(8.92273e-54 -1.40498e-55 0)
(2.56431e-52 -4.09019e-54 0)
(6.95844e-51 -1.17459e-52 0)
(1.87703e-49 -3.18614e-51 0)
(4.71295e-48 -8.58653e-50 0)
(1.19005e-46 -2.15512e-48 0)
(2.73881e-45 -5.43514e-47 0)
(6.45644e-44 -1.2501e-45 0)
(1.34406e-42 -2.93965e-44 0)
(2.95186e-41 -6.08945e-43 0)
(5.45129e-40 -1.31111e-41 0)
(1.11486e-38 -2.22494e-40 0)
(1.77145e-37 -3.1992e-39 0)
(3.38518e-36 4.11599e-38 0)
(4.37914e-35 5.45051e-36 0)
(7.87651e-34 3.2328e-34 0)
(7.07506e-33 1.3539e-32 0)
(1.15642e-31 4.33408e-31 0)
(9.20844e-39 -5.91715e-38 0)
(-4.5729e-39 -3.58786e-39 0)
(-2.78527e-40 -2.11059e-40 0)
(-2.48168e-41 -3.10361e-42 0)
(-9.14353e-43 1.30274e-42 0)
(1.99394e-44 1.32387e-43 0)
(5.07166e-45 1.44414e-44 0)
(7.17054e-46 9.61027e-46 0)
(5.18672e-47 6.92898e-47 0)
(3.96445e-48 3.86602e-48 0)
(2.27971e-49 2.24123e-49 0)
(1.3523e-50 1.10443e-50 0)
(6.75525e-52 5.50337e-52 0)
(3.39937e-53 2.44815e-53 0)
(1.5212e-54 1.09247e-54 0)
(6.78524e-56 5.32778e-56 0)
(3.06313e-57 2.66457e-57 0)
(1.40692e-58 1.88681e-58 0)
(8.25304e-60 1.15414e-59 0)
(4.58002e-61 8.45355e-61 0)
(3.09648e-62 4.93142e-62 0)
(1.1211e-62 -1.27584e-62 0)
(3.13137e-61 -5.42425e-61 0)
(1.01376e-59 -1.79359e-59 0)
(3.15225e-58 -5.80768e-58 0)
(9.62944e-57 -1.80573e-56 0)
(2.80478e-55 -5.51509e-55 0)
(8.06306e-54 -1.60626e-53 0)
(2.18832e-52 -4.61662e-52 0)
(5.9051e-51 -1.25287e-50 0)
(1.48294e-49 -3.37992e-49 0)
(3.74615e-48 -8.48741e-48 0)
(8.62308e-47 -2.14331e-46 0)
(2.03394e-45 -4.93287e-45 0)
(4.23492e-44 -1.16248e-43 0)
(9.3077e-43 -2.41515e-42 0)
(1.71923e-41 -5.26015e-41 0)
(3.51958e-40 -9.34305e-40 0)
(5.59366e-39 -1.65478e-38 0)
(1.07047e-37 -8.61832e-38 0)
(1.38513e-36 7.34845e-36 0)
(2.49699e-35 5.8525e-34 0)
(2.24392e-34 2.56319e-32 0)
(3.68356e-33 8.44401e-31 0)
(4.14691e-40 -4.14616e-39 0)
(-2.05258e-40 -2.51686e-40 0)
(-1.32019e-41 -2.2272e-41 0)
(-1.32973e-42 -8.15478e-43 0)
(-5.83833e-44 1.87307e-44 0)
(-8.38446e-46 4.61255e-45 0)
(1.26694e-46 6.48302e-46 0)
(2.53418e-47 4.68238e-47 0)
(2.00016e-48 3.5746e-48 0)
(1.60339e-49 2.05434e-49 0)
(9.50996e-51 1.21795e-50 0)
(5.74248e-52 6.08213e-52 0)
(2.91499e-53 3.05973e-53 0)
(1.47941e-54 1.36919e-54 0)
(6.68268e-56 6.10752e-56 0)
(2.98934e-57 2.75918e-57 0)
(1.31159e-58 1.2682e-58 0)
(5.7916e-60 7.44527e-60 0)
(3.03793e-61 4.13309e-61 0)
(1.54051e-62 2.76858e-62 0)
(-7.81386e-63 1.43422e-63 0)
(-3.00775e-61 -4.71987e-63 0)
(-9.9438e-60 -1.64858e-61 0)
(-3.21968e-58 -5.44826e-60 0)
(-1.00101e-56 -1.76337e-58 0)
(-3.05715e-55 -5.48106e-57 0)
(-8.90333e-54 -1.67314e-55 0)
(-2.55878e-52 -4.87143e-54 0)
(-6.9435e-51 -1.39919e-52 0)
(-1.87304e-49 -3.79583e-51 0)
(-4.70298e-48 -1.02318e-49 0)
(-1.18756e-46 -2.56833e-48 0)
(-2.73311e-45 -6.47887e-47 0)
(-6.4432e-44 -1.49035e-45 0)
(-1.34132e-42 -3.50601e-44 0)
(-2.94594e-41 -7.26706e-43 0)
(-5.44041e-40 -1.56846e-41 0)
(-1.11269e-38 -2.68891e-40 0)
(-1.76802e-37 -4.07065e-39 0)
(-3.37886e-36 3.26891e-38 0)
(-4.37097e-35 5.56313e-36 0)
(-7.86276e-34 3.39764e-34 0)
(-7.06275e-33 1.43026e-32 0)
(-1.15469e-31 4.59399e-31 0)
(2.38034e-41 -1.86273e-40 0)
(-1.17239e-41 -1.19296e-41 0)
(-7.57461e-43 -1.19501e-42 0)
(-8.81829e-44 -5.22837e-44 0)
(-4.35875e-45 -7.239e-46 0)
(-1.79795e-46 1.16032e-46 0)
(-1.61458e-48 2.29405e-47 0)
(7.29014e-49 1.80704e-48 0)
(7.24334e-50 1.44654e-49 0)
(6.48064e-51 8.57416e-51 0)
(4.03448e-52 5.17446e-52 0)
(2.51579e-53 2.62576e-53 0)
(1.30119e-54 1.33221e-54 0)
(6.68673e-56 6.01727e-56 0)
(3.04465e-57 2.69158e-57 0)
(1.36653e-58 1.18144e-58 0)
(5.86239e-60 5.21846e-60 0)
(2.50596e-61 2.73964e-61 0)
(1.18546e-62 1.49367e-62 0)
(3.94948e-64 9.56516e-64 0)
(-5.03903e-63 2.73253e-64 0)
(-1.73545e-61 7.52988e-63 0)
(-5.73482e-60 2.57866e-61 0)
(-1.85595e-58 8.52477e-60 0)
(-5.76836e-57 2.76083e-58 0)
(-1.76066e-55 8.58481e-57 0)
(-5.12575e-54 2.6226e-55 0)
(-1.47206e-52 7.63919e-54 0)
(-3.99305e-51 2.19628e-52 0)
(-1.07618e-49 5.96116e-51 0)
(-2.70102e-48 1.60881e-49 0)
(-6.81265e-47 4.04067e-48 0)
(-1.56717e-45 1.02095e-46 0)
(-3.68911e-44 2.35054e-45 0)
(-7.67578e-43 5.54612e-44 0)
(-1.68253e-41 1.15533e-42 0)
(-3.10531e-40 2.54219e-41 0)
(-6.33382e-39 4.71304e-40 0)
(-1.00567e-37 9.75445e-39 0)
(-1.91435e-36 1.6178e-37 0)
(-2.4739e-35 3.41465e-36 0)
(-4.42258e-34 6.03803e-35 0)
(-3.96523e-33 1.51602e-33 0)
(-6.40749e-32 2.87578e-32 0)
(-6.41694e-36 4.59974e-31 0)
(8.627e-43 -1.19911e-41 0)
(-4.23712e-43 -7.74739e-43 0)
(-2.84269e-44 -9.02779e-44 0)
(-3.47153e-45 -4.488e-45 0)
(-1.82662e-46 -1.88884e-46 0)
(-9.08575e-48 -2.04291e-48 0)
(-2.22093e-49 7.10436e-49 0)
(1.46744e-50 7.19546e-50 0)
(2.00489e-51 6.48449e-51 0)
(1.99048e-52 4.05093e-52 0)
(1.29588e-53 2.53063e-53 0)
(8.28981e-55 1.31073e-54 0)
(4.36602e-56 6.74011e-56 0)
(2.26705e-57 3.07126e-57 0)
(1.04187e-58 1.37828e-58 0)
(4.69677e-60 5.88469e-60 0)
(2.00891e-61 2.1848e-61 0)
(1.0313e-62 1.15795e-62 0)
(4.72933e-64 3.19033e-62 0)
(-8.86433e-64 3.00435e-63 0)
(-5.10635e-64 5.4374e-64 0)
(-1.45805e-62 4.55154e-63 0)
(-4.80863e-61 1.54812e-61 0)
(-1.55177e-59 5.11554e-60 0)
(-4.81574e-58 1.65554e-58 0)
(-1.46424e-56 5.14544e-57 0)
(-4.25472e-55 1.57057e-55 0)
(-1.21559e-53 4.57244e-54 0)
(-3.28948e-52 1.31323e-52 0)
(-8.80377e-51 3.56242e-51 0)
(-2.20289e-49 9.60221e-50 0)
(-5.50357e-48 2.41023e-48 0)
(-1.26108e-46 6.0802e-47 0)
(-2.92976e-45 1.39892e-45 0)
(-6.06413e-44 3.29386e-44 0)
(-1.30475e-42 6.85537e-43 0)
(-2.3906e-41 1.5033e-41 0)
(-4.7449e-40 2.77635e-40 0)
(-7.45184e-39 5.66963e-39 0)
(-1.35991e-37 9.0333e-38 0)
(-1.72529e-36 1.73199e-36 0)
(-2.8721e-35 2.29541e-35 0)
(-2.48163e-34 4.23667e-34 0)
(-3.46646e-33 4.22982e-33 0)
(-3.89462e-37 6.67745e-32 0)
(-2.95765e-42 -3.19669e-41 0)
(1.45188e-42 -2.05694e-42 0)
(9.73621e-44 -2.35195e-43 0)
(1.18912e-44 -1.14868e-44 0)
(6.24939e-46 -4.41128e-46 0)
(3.08439e-47 -1.18417e-48 0)
(7.34986e-49 2.24956e-48 0)
(-5.31015e-50 2.12646e-49 0)
(-7.06048e-51 1.86381e-50 0)
(-6.9573e-52 1.15014e-51 0)
(-4.51679e-53 7.1297e-53 0)
(-2.88334e-54 3.67431e-54 0)
(-1.51657e-55 1.88301e-55 0)
(-7.86441e-57 8.5578e-57 0)
(-3.61083e-58 3.81623e-58 0)
(-1.62356e-59 1.54914e-59 0)
(-6.62835e-61 -5.45191e-61 0)
(4.33035e-62 2.25792e-62 0)
(2.32739e-63 1.16109e-60 0)
(-3.44466e-62 1.09602e-61 0)
(-3.32005e-63 1.54008e-62 0)
(-2.14787e-63 1.51078e-63 0)
(-5.63365e-62 1.31204e-62 0)
(-1.83173e-60 4.29976e-61 0)
(-5.72895e-59 1.38753e-59 0)
(-1.75462e-57 4.30601e-58 0)
(-5.13334e-56 1.30927e-56 0)
(-1.47582e-54 3.80449e-55 0)
(-4.01593e-53 1.08701e-53 0)
(-1.08015e-51 2.94166e-52 0)
(-2.71318e-50 7.87351e-51 0)
(-6.80068e-49 1.9703e-49 0)
(-1.56045e-47 4.9231e-48 0)
(-3.62867e-46 1.12824e-46 0)
(-7.49223e-45 2.62166e-45 0)
(-1.60805e-43 5.42777e-44 0)
(-2.91978e-42 1.16818e-42 0)
(-5.75008e-41 2.1414e-41 0)
(-8.83608e-40 4.25307e-40 0)
(-1.5856e-38 6.69039e-39 0)
(-1.91368e-37 1.22454e-37 0)
(-3.09173e-36 1.56857e-36 0)
(-2.38132e-35 2.64393e-35 0)
(-3.28193e-34 2.38057e-34 0)
(-4.15039e-38 3.30848e-33 0)
(-7.04645e-41 -5.59274e-40 0)
(3.47079e-41 -3.57703e-41 0)
(2.24159e-42 -3.56017e-42 0)
(2.57299e-43 -1.54367e-43 0)
(1.25773e-44 -1.80383e-45 0)
(4.83502e-46 3.75352e-46 0)
(1.32947e-48 7.12658e-47 0)
(-2.46396e-48 5.57317e-48 0)
(-2.32974e-49 4.4431e-49 0)
(-2.04293e-50 2.62853e-50 0)
(-1.2608e-51 1.58411e-51 0)
(-7.81752e-53 8.03171e-53 0)
(-4.02911e-54 4.07234e-54 0)
(-2.06517e-55 1.8385e-55 0)
(-9.3866e-57 8.15267e-57 0)
(-4.19905e-58 3.27578e-58 0)
(-1.69855e-59 -2.94584e-59 0)
(1.90605e-60 4.63359e-61 0)
(9.71578e-62 4.23676e-59 0)
(-1.27379e-60 3.97555e-60 0)
(-1.20603e-61 5.63677e-61 0)
(-1.7114e-62 4.13625e-62 0)
(-4.82472e-63 4.95706e-63 0)
(-1.16398e-61 5.06966e-62 0)
(-3.63968e-60 1.64257e-60 0)
(-1.1135e-58 5.13738e-59 0)
(-3.25821e-57 1.57349e-57 0)
(-9.34577e-56 4.6036e-56 0)
(-2.5421e-54 1.32359e-54 0)
(-6.81127e-53 3.60192e-53 0)
(-1.70904e-51 9.68873e-52 0)
(-4.25867e-50 2.43391e-50 0)
(-9.75276e-49 6.10138e-49 0)
(-2.24823e-47 1.40019e-47 0)
(-4.6275e-46 3.25656e-46 0)
(-9.80555e-45 6.72544e-45 0)
(-1.77158e-43 1.44381e-43 0)
(-3.42309e-42 2.62254e-42 0)
(-5.21644e-41 5.16664e-41 0)
(-9.09179e-40 7.94563e-40 0)
(-1.08012e-38 1.42706e-38 0)
(-1.66608e-37 1.72688e-37 0)
(-1.24049e-36 2.79751e-36 0)
(-1.5938e-35 2.17785e-35 0)
(7.36483e-39 3.00087e-34 0)
(-1.2457e-39 -1.23024e-38 0)
(6.16489e-40 -7.46805e-40 0)
(3.96003e-41 -6.47292e-41 0)
(3.96345e-42 -2.30628e-42 0)
(1.72498e-43 7.26095e-44 0)
(2.11293e-45 1.48659e-44 0)
(-4.10126e-46 2.02843e-45 0)
(-7.87386e-47 1.45213e-46 0)
(-6.16984e-48 1.10295e-47 0)
(-4.92579e-49 6.32023e-49 0)
(-2.91598e-50 3.73967e-50 0)
(-1.75836e-51 1.86485e-51 0)
(-8.91823e-53 9.37193e-53 0)
(-4.52331e-54 4.1903e-54 0)
(-2.0426e-55 1.84439e-55 0)
(-9.10685e-57 7.29005e-57 0)
(-3.64098e-58 -1.18877e-57 0)
(7.98444e-59 9.84572e-60 0)
(3.90449e-60 1.47196e-57 0)
(-4.648e-59 1.37687e-58 0)
(-4.37433e-60 1.97041e-59 0)
(-6.22904e-61 1.44498e-60 0)
(-4.59661e-62 1.21424e-61 0)
(-1.22957e-62 1.06308e-62 0)
(-2.67852e-61 1.05616e-61 0)
(-8.24658e-60 3.29208e-60 0)
(-2.42986e-58 1.00742e-58 0)
(-7.01418e-57 2.94919e-57 0)
(-1.91929e-55 8.46176e-56 0)
(-5.16995e-54 2.30302e-54 0)
(-1.30323e-52 6.17235e-53 0)
(-3.26054e-51 1.54995e-51 0)
(-7.48759e-50 3.86311e-50 0)
(-1.73014e-48 8.85654e-49 0)
(-3.56105e-47 2.04187e-47 0)
(-7.54702e-46 4.20941e-46 0)
(-1.35742e-44 8.91848e-45 0)
(-2.61554e-43 1.61526e-43 0)
(-3.93666e-42 3.11906e-42 0)
(-6.81552e-41 4.77284e-41 0)
(-7.87143e-40 8.30479e-40 0)
(-1.20185e-38 9.94726e-39 0)
(-8.3835e-38 1.52843e-37 0)
(-1.08143e-36 1.1632e-36 0)
(1.66199e-37 1.47525e-35 0)
(-2.73251e-38 -1.79957e-37 0)
(1.35696e-38 -1.08997e-38 0)
(8.2656e-40 -6.49707e-40 0)
(7.2144e-41 -1.00076e-41 0)
(2.58802e-42 3.8901e-42 0)
(-7.80207e-44 3.98295e-43 0)
(-1.63556e-44 4.3596e-44 0)
(-2.2439e-45 2.90577e-45 0)
(-1.60868e-46 2.0975e-46 0)
(-1.2233e-47 1.1712e-47 0)
(-7.01388e-49 6.79412e-49 0)
(-4.1523e-50 3.34959e-50 0)
(-2.07129e-51 1.66983e-51 0)
(-1.04127e-52 7.42995e-53 0)
(-4.65685e-54 3.23676e-54 0)
(-2.06659e-55 1.2406e-55 0)
(-8.10554e-57 -4.60841e-56 0)
(2.95806e-57 1.48476e-58 0)
(1.42133e-58 5.07406e-56 0)
(-1.61477e-57 4.71229e-57 0)
(-1.5149e-58 6.80335e-58 0)
(-2.17741e-59 4.97744e-59 0)
(-1.59843e-60 4.21093e-60 0)
(-1.33961e-61 2.57529e-61 0)
(6.11681e-63 3.45816e-62 0)
(4.60877e-61 5.85432e-61 0)
(1.47841e-59 1.8174e-59 0)
(4.43426e-58 5.47496e-58 0)
(1.33492e-56 1.59299e-56 0)
(3.70112e-55 4.48505e-55 0)
(1.04425e-53 1.21514e-53 0)
(2.652e-52 3.18159e-52 0)
(6.99271e-51 7.97326e-51 0)
(1.60625e-49 1.92938e-49 0)
(3.94523e-48 4.432e-48 0)
(8.04823e-47 9.83303e-47 0)
(1.83446e-45 2.04361e-45 0)
(3.23198e-44 4.1139e-44 0)
(6.80569e-43 7.5818e-43 0)
(9.88392e-42 1.36522e-41 0)
(1.91143e-40 2.15573e-40 0)
(2.09065e-39 3.40042e-39 0)
(3.67516e-38 4.28928e-38 0)
(2.38054e-37 5.7152e-37 0)
(3.68797e-36 4.69874e-36 0)
(-3.9724e-37 -3.7459e-36 0)
(1.97617e-37 -2.0939e-37 0)
(1.19765e-38 -7.59611e-39 0)
(7.22872e-40 2.05819e-40 0)
(1.15002e-41 1.18774e-40 0)
(-4.27737e-42 1.01507e-41 0)
(-4.39823e-43 1.01723e-42 0)
(-4.82845e-44 6.44249e-44 0)
(-3.2216e-45 4.51996e-45 0)
(-2.32777e-46 2.4573e-46 0)
(-1.30044e-47 1.40574e-47 0)
(-7.54753e-49 6.81789e-49 0)
(-3.72216e-50 3.37181e-50 0)
(-1.85616e-51 1.48378e-51 0)
(-8.26156e-53 6.36425e-53 0)
(-3.65645e-54 2.32122e-54 0)
(-1.38034e-55 -1.56648e-54 0)
(1.07655e-55 2.20191e-57 0)
(5.07446e-57 1.64859e-54 0)
(-5.56651e-56 1.5261e-55 0)
(-5.18459e-57 2.22141e-56 0)
(-7.51819e-58 1.62532e-57 0)
(-5.50608e-59 1.38554e-58 0)
(-4.65235e-60 8.48025e-60 0)
(9.64594e-62 7.12036e-61 0)
(1.19069e-59 5.49437e-60 0)
(3.6465e-58 1.70935e-58 0)
(1.06643e-56 5.23536e-57 0)
(3.05767e-55 1.53164e-55 0)
(8.31291e-54 4.40383e-54 0)
(2.22664e-52 1.19839e-52 0)
(5.58452e-51 3.22386e-51 0)
(1.39131e-49 8.09863e-50 0)
(3.1851e-48 2.03058e-48 0)
(7.34233e-47 4.66005e-47 0)
(1.5109e-45 1.08418e-45 0)
(3.20233e-44 2.23917e-44 0)
(5.78535e-43 4.80951e-43 0)
(1.11854e-41 8.7368e-42 0)
(1.70497e-40 1.72265e-40 0)
(2.97503e-39 2.64959e-39 0)
(3.53727e-38 4.76526e-38 0)
(5.46642e-37 5.76782e-37 0)
(4.07666e-36 9.36603e-36 0)
(5.24957e-35 7.29319e-35 0)
(-8.23566e-36 -4.15987e-35 0)
(4.04282e-36 -2.34052e-36 0)
(2.23535e-37 4.43689e-38 0)
(8.18778e-39 1.19795e-38 0)
(-2.29181e-40 2.32315e-39 0)
(-1.31264e-40 1.72326e-40 0)
(-1.12298e-41 1.54819e-41 0)
(-1.12752e-42 9.37419e-43 0)
(-7.1468e-44 6.3146e-44 0)
(-5.01847e-45 3.36353e-45 0)
(-2.72958e-46 1.88922e-46 0)
(-1.56223e-47 9.0756e-48 0)
(-7.57913e-49 4.453e-49 0)
(-3.74954e-50 1.94916e-50 0)
(-1.65061e-51 8.00037e-52 0)
(-7.2656e-53 2.42024e-53 0)
(-2.58461e-54 -5.29719e-53 0)
(3.57502e-54 -4.95022e-57 0)
(1.67251e-55 5.35861e-53 0)
(-1.80858e-54 4.91735e-54 0)
(-1.67901e-55 7.21344e-55 0)
(-2.45484e-56 5.25829e-56 0)
(-1.79796e-57 4.51259e-57 0)
(-1.53281e-58 2.75938e-58 0)
(-3.3113e-60 1.91762e-59 0)
(1.89584e-58 4.46123e-59 0)
(5.82534e-57 1.35395e-57 0)
(1.70424e-55 4.11295e-56 0)
(4.90033e-54 1.19412e-54 0)
(1.33345e-52 3.40908e-53 0)
(3.58737e-51 9.21889e-52 0)
(9.01105e-50 2.46588e-50 0)
(2.25945e-48 6.16729e-49 0)
(5.18454e-47 1.5403e-47 0)
(1.20625e-45 3.52896e-46 0)
(2.49066e-44 8.19878e-45 0)
(5.3498e-43 1.69768e-43 0)
(9.71413e-42 3.65476e-42 0)
(1.91526e-40 6.70542e-41 0)
(2.94326e-39 1.33306e-39 0)
(5.29093e-38 2.10183e-38 0)
(6.3859e-37 3.85563e-37 0)
(1.03462e-35 4.96707e-36 0)
(7.96699e-35 8.40957e-35 0)
(1.10305e-33 7.66817e-34 0)
(-9.00349e-35 -8.46312e-34 0)
(3.93738e-35 -4.12068e-35 0)
(2.05747e-36 2.72228e-36 0)
(-7.04875e-38 3.37024e-37 0)
(-1.38501e-38 5.28932e-38 0)
(-2.58585e-39 3.58538e-39 0)
(-1.91207e-40 3.07447e-40 0)
(-1.7185e-41 1.77883e-41 0)
(-1.04108e-42 1.17319e-42 0)
(-7.01813e-44 6.0767e-44 0)
(-3.73993e-45 3.37128e-45 0)
(-2.10159e-46 1.58939e-46 0)
(-1.00989e-47 7.73449e-48 0)
(-4.9571e-49 3.3334e-49 0)
(-2.17115e-50 1.28438e-50 0)
(-9.51378e-52 2.67956e-52 0)
(-2.70332e-53 -1.61897e-51 0)
(1.18497e-52 -8.64839e-55 0)
(5.47392e-54 1.61871e-51 0)
(-5.87901e-53 1.48056e-52 0)
(-5.41011e-54 2.18658e-53 0)
(-7.97176e-55 1.5934e-54 0)
(-5.81698e-56 1.37661e-55 0)
(-4.99699e-57 8.43259e-57 0)
(-2.56914e-58 5.65096e-58 0)
(1.49489e-57 5.7021e-58 0)
(4.60113e-56 1.68204e-56 0)
(1.33586e-54 5.13543e-55 0)
(3.81361e-53 1.49533e-53 0)
(1.03124e-51 4.29654e-52 0)
(2.75816e-50 1.16572e-50 0)
(6.89767e-49 3.14386e-49 0)
(1.7225e-47 7.89279e-48 0)
(3.94579e-46 1.99254e-46 0)
(9.16541e-45 4.58529e-45 0)
(1.89735e-43 1.0807e-43 0)
(4.08336e-42 2.24966e-42 0)
(7.48808e-41 4.93995e-41 0)
(1.48762e-39 9.12514e-40 0)
(2.34143e-38 1.86712e-38 0)
(4.28157e-37 2.97575e-37 0)
(5.45871e-36 5.7235e-36 0)
(9.11853e-35 7.59388e-35 0)
(7.95757e-34 1.40953e-33 0)
(1.11373e-32 1.41239e-32 0)
(-1.80648e-33 -5.92285e-33 0)
(5.92197e-34 -2.99773e-34 0)
(2.03348e-35 5.69447e-35 0)
(-4.00881e-36 4.94475e-36 0)
(-4.00985e-37 5.71092e-37 0)
(-5.92462e-38 3.53418e-38 0)
(-3.98808e-39 2.72473e-39 0)
(-3.41624e-40 1.50963e-40 0)
(-1.97705e-41 9.49367e-42 0)
(-1.30477e-42 4.81318e-43 0)
(-6.76111e-44 2.61019e-44 0)
(-3.75264e-45 1.21823e-45 0)
(-1.76974e-46 5.86715e-47 0)
(-8.6165e-48 2.47873e-48 0)
(-3.71705e-49 5.50515e-50 0)
(-1.61412e-50 -5.24943e-51 0)
(-3.01254e-52 -5.00634e-50 0)
(3.60075e-51 -4.61092e-53 0)
(1.65624e-52 4.95175e-50 0)
(-1.77596e-51 4.48076e-51 0)
(-1.62893e-52 6.66007e-52 0)
(-2.41652e-53 4.82704e-53 0)
(-1.76275e-54 4.1938e-54 0)
(-1.52471e-55 2.56382e-55 0)
(-8.73867e-57 1.6778e-56 0)
(1.82497e-56 1.35508e-57 0)
(5.75755e-55 1.44704e-56 0)
(1.67653e-53 4.40821e-55 0)
(4.81689e-52 1.2844e-53 0)
(1.30683e-50 3.69497e-52 0)
(3.52403e-49 1.00319e-50 0)
(8.84631e-48 2.70948e-49 0)
(2.23288e-46 6.80705e-48 0)
(5.13747e-45 1.72156e-46 0)
(1.21054e-43 3.96468e-45 0)
(2.51921e-42 9.36644e-44 0)
(5.52954e-41 1.95203e-42 0)
(1.02074e-39 4.30533e-41 0)
(2.086e-38 8.00908e-40 0)
(3.3127e-37 1.67824e-38 0)
(6.32418e-36 2.89489e-37 0)
(8.17402e-35 6.6364e-36 0)
(1.4681e-33 1.40976e-34 0)
(1.31633e-32 4.00774e-33 0)
(2.14592e-31 8.78134e-32 0)
(-1.11318e-32 -1.31654e-31 0)
(-7.33635e-33 -4.67206e-33 0)
(-5.41192e-34 1.35848e-33 0)
(-9.50819e-35 9.42611e-35 0)
(-6.34062e-36 1.03962e-35 0)
(-6.52929e-37 5.92506e-37 0)
(-3.96336e-38 4.48655e-38 0)
(-3.03937e-39 2.36945e-39 0)
(-1.68309e-40 1.47193e-40 0)
(-1.05899e-41 7.22728e-42 0)
(-5.37158e-43 3.88168e-43 0)
(-2.91452e-44 1.77053e-44 0)
(-1.36084e-45 8.45749e-46 0)
(-6.56205e-47 3.43709e-47 0)
(-2.78149e-48 1.03704e-50 0)
(-1.17738e-49 -2.07526e-49 0)
(5.75403e-51 -1.39782e-48 0)
(1.10756e-49 -1.38121e-51 0)
(5.03498e-51 1.38008e-48 0)
(-5.43345e-50 1.24475e-49 0)
(-4.93006e-51 1.85893e-50 0)
(-7.36093e-52 1.34628e-51 0)
(-5.34033e-53 1.17603e-52 0)
(-4.64581e-54 7.19909e-54 0)
(-2.836e-55 4.73487e-55 0)
(-1.06898e-57 2.42003e-56 0)
(5.34272e-55 -3.14036e-56 0)
(1.55899e-53 -1.001e-54 0)
(4.48169e-52 -2.91546e-53 0)
(1.21627e-50 -8.37933e-52 0)
(3.28203e-49 -2.27387e-50 0)
(8.24147e-48 -6.13426e-49 0)
(2.08194e-46 -1.54027e-47 0)
(4.79179e-45 -3.88963e-46 0)
(1.13026e-43 -8.95111e-45 0)
(2.35298e-42 -2.10947e-43 0)
(5.17174e-41 -4.38191e-42 0)
(9.5504e-40 -9.54419e-41 0)
(1.95536e-38 -1.69475e-39 0)
(3.10641e-37 -3.00159e-38 0)
(5.94618e-36 -1.55748e-37 0)
(7.68872e-35 1.33546e-35 0)
(1.38675e-33 1.06288e-33 0)
(1.24434e-32 4.65379e-32 0)
(2.04509e-31 1.53283e-30 0)
(-2.28494e-31 -2.59988e-31 0)
(-2.44743e-31 -1.18427e-32 0)
(-1.23509e-32 -3.62331e-34 0)
(-2.0588e-33 -8.4042e-36 0)
(-1.18137e-34 -1.09741e-37 0)
(-1.18366e-35 8.24176e-40 0)
(-6.64444e-37 2.17578e-40 0)
(-5.00982e-38 1.22484e-41 0)
(-2.64528e-39 7.04035e-43 0)
(-1.64422e-40 3.21666e-44 0)
(-8.07782e-42 1.56661e-45 0)
(-4.34082e-43 5.38709e-47 0)
(-1.981e-44 -2.25212e-48 0)
(-9.4826e-46 -4.38479e-47 0)
(-3.87894e-47 -4.43018e-47 0)
(-1.58069e-48 -7.63106e-48 0)
(2.28732e-49 -4.02359e-47 0)
(3.08994e-48 -4.1618e-50 0)
(1.39996e-49 3.96612e-47 0)
(-1.51444e-48 3.52931e-48 0)
(-1.36963e-49 5.29544e-49 0)
(-2.05469e-50 3.80569e-50 0)
(-1.48953e-51 3.33866e-51 0)
(-1.30287e-52 2.036e-52 0)
(-7.98028e-54 1.34488e-53 0)
(-5.42701e-55 7.15457e-55 0)
(-5.6328e-55 6.36254e-57 0)
(-1.55915e-53 -9.99216e-55 0)
(-4.4817e-52 -2.91547e-53 0)
(-1.21627e-50 -8.37938e-52 0)
(-3.28203e-49 -2.27388e-50 0)
(-8.24148e-48 -6.13429e-49 0)
(-2.08194e-46 -1.54028e-47 0)
(-4.79179e-45 -3.88965e-46 0)
(-1.13027e-43 -8.95115e-45 0)
(-2.35298e-42 -2.10948e-43 0)
(-5.17174e-41 -4.38193e-42 0)
(-9.55041e-40 -9.54423e-41 0)
(-1.95536e-38 -1.69476e-39 0)
(-3.10641e-37 -3.0016e-38 0)
(-5.94618e-36 -1.55749e-37 0)
(-7.68872e-35 1.33546e-35 0)
(-1.38675e-33 1.06288e-33 0)
(-1.24434e-32 4.65379e-32 0)
(-2.04509e-31 1.53283e-30 0)
(-5.00939e-33 -1.38805e-31 0)
(-1.04267e-32 -7.83142e-33 0)
(-7.08092e-34 -1.7513e-33 0)
(-1.16043e-34 -1.03706e-34 0)
(-7.44632e-36 -1.0555e-35 0)
(-7.42962e-37 -5.93751e-37 0)
(-4.42239e-38 -4.47702e-38 0)
(-3.3366e-39 -2.36295e-39 0)
(-1.82649e-40 -1.46801e-40 0)
(-1.13799e-41 -7.20808e-42 0)
(-5.72944e-43 -3.87202e-43 0)
(-3.08894e-44 -1.79978e-44 0)
(-1.46942e-45 -9.76038e-46 0)
(-1.12338e-46 -1.15452e-45 0)
(3.74566e-47 -1.12881e-45 0)
(4.39959e-48 -1.93678e-46 0)
(8.4378e-48 -1.02397e-45 0)
(8.88784e-47 -1.05672e-48 0)
(3.97237e-48 1.00936e-45 0)
(-4.35309e-47 8.95323e-47 0)
(-3.88383e-48 1.34575e-47 0)
(-5.85368e-49 9.65903e-49 0)
(-4.21097e-50 8.50448e-50 0)
(-3.69907e-51 5.19008e-51 0)
(-2.25696e-52 3.44476e-52 0)
(-1.49361e-53 1.83981e-53 0)
(-1.37079e-54 1.02504e-54 0)
(-1.6809e-53 4.88887e-55 0)
(-4.81697e-52 1.28439e-53 0)
(-1.30685e-50 3.69431e-52 0)
(-3.52407e-49 1.00301e-50 0)
(-8.8464e-48 2.70903e-49 0)
(-2.2329e-46 6.80595e-48 0)
(-5.13753e-45 1.7213e-46 0)
(-1.21055e-43 3.9641e-45 0)
(-2.51923e-42 9.36524e-44 0)
(-5.52958e-41 1.95177e-42 0)
(-1.02075e-39 4.30487e-41 0)
(-2.08601e-38 8.00819e-40 0)
(-3.31272e-37 1.6781e-38 0)
(-6.32421e-36 2.89465e-37 0)
(-8.17406e-35 6.63611e-36 0)
(-1.4681e-33 1.40971e-34 0)
(-1.31633e-32 4.0077e-33 0)
(-2.14592e-31 8.7813e-32 0)
(1.50656e-33 -6.12016e-33 0)
(-1.07992e-33 -4.50224e-34 0)
(-7.121e-35 -9.7165e-35 0)
(-1.55384e-35 -6.47974e-36 0)
(-1.01386e-36 -6.59221e-37 0)
(-1.0922e-37 -3.93808e-38 0)
(-6.54858e-39 -2.9741e-39 0)
(-5.07558e-40 -1.62823e-40 0)
(-2.78022e-41 -1.00876e-41 0)
(-1.74975e-42 -4.78457e-43 0)
(-8.93782e-44 -2.51031e-44 0)
(-4.97154e-45 -8.86407e-45 0)
(-1.09635e-45 -3.45102e-45 0)
(-1.11789e-45 -3.00962e-44 0)
(1.02875e-45 -3.03364e-44 0)
(1.14904e-46 -5.13062e-45 0)
(2.14227e-46 -2.75996e-44 0)
(2.26209e-45 -2.7765e-47 0)
(1.00777e-46 2.7212e-44 0)
(-1.108e-45 2.37228e-45 0)
(-9.85372e-47 3.57389e-46 0)
(-1.48777e-47 2.53766e-47 0)
(-1.06887e-48 2.23995e-48 0)
(-9.42351e-50 1.35848e-49 0)
(-5.75389e-51 9.04207e-51 0)
(-3.82128e-52 4.81448e-52 0)
(-2.0461e-53 2.6549e-53 0)
(-2.46036e-54 1.77544e-54 0)
(-3.82628e-53 1.49744e-53 0)
(-1.0332e-51 4.28586e-52 0)
(-2.76309e-50 1.16284e-50 0)
(-6.90994e-49 3.1366e-49 0)
(-1.72532e-47 7.87458e-48 0)
(-3.95228e-46 1.98835e-46 0)
(-9.17883e-45 4.57553e-45 0)
(-1.90019e-43 1.07867e-43 0)
(-4.08853e-42 2.24531e-42 0)
(-7.49804e-41 4.93199e-41 0)
(-1.48916e-39 9.10949e-40 0)
(-2.34409e-38 1.86468e-38 0)
(-4.28482e-37 2.9714e-37 0)
(-5.46365e-36 5.71811e-36 0)
(-9.12251e-35 7.5853e-35 0)
(-7.96254e-34 1.40883e-33 0)
(-1.11381e-32 1.41146e-32 0)
(2.7824e-34 1.09049e-33 0)
(-1.46273e-34 5.45658e-35 0)
(-9.78131e-36 -1.31894e-36 0)
(-1.60441e-36 -2.68402e-37 0)
(-1.01644e-37 -4.75444e-38 0)
(-9.8358e-39 -3.32132e-39 0)
(-5.79304e-40 -2.92955e-40 0)
(-4.23482e-41 -1.70779e-41 0)
(-2.26301e-42 1.56522e-43 0)
(-1.99881e-43 6.77521e-43 0)
(-5.11938e-44 5.07772e-44 0)
(-6.81847e-45 -1.9115e-43 0)
(-2.50444e-44 -7.85643e-44 0)
(-2.99695e-44 -6.89253e-43 0)
(2.77764e-44 -6.9461e-43 0)
(3.045e-45 -1.17129e-43 0)
(5.6766e-45 -6.32134e-43 0)
(6.09745e-44 -6.30944e-46 0)
(2.66922e-45 6.2331e-43 0)
(-2.988e-44 5.41698e-44 0)
(-2.61137e-45 8.1374e-45 0)
(-3.95168e-46 5.76621e-46 0)
(-2.80855e-47 5.09445e-47 0)
(-2.48231e-48 3.08957e-48 0)
(-1.50623e-49 2.06287e-49 0)
(-1.00315e-50 1.10039e-50 0)
(-5.34303e-52 6.09185e-52 0)
(-2.96687e-53 2.91331e-53 0)
(-7.49645e-54 2.30817e-54 0)
(-1.65539e-52 2.6434e-53 0)
(-4.39649e-51 7.15574e-52 0)
(-1.10406e-49 1.94893e-50 0)
(-2.72685e-48 4.87709e-49 0)
(-6.27178e-47 1.24379e-47 0)
(-1.43194e-45 2.84083e-46 0)
(-2.9748e-44 6.76648e-45 0)
(-6.23618e-43 1.38993e-43 0)
(-1.14557e-41 3.08524e-42 0)
(-2.18661e-40 5.57757e-41 0)
(-3.42725e-39 1.15271e-39 0)
(-5.89099e-38 1.77416e-38 0)
(-7.3436e-37 3.42545e-37 0)
(-1.11484e-35 4.25849e-36 0)
(-9.06862e-35 7.75031e-35 0)
(-1.13087e-33 6.78009e-34 0)
(3.75076e-33 1.24716e-32 0)
(-1.89325e-33 7.86641e-34 0)
(-1.02749e-34 3.57838e-35 0)
(-1.29396e-35 1.19732e-36 0)
(-6.85169e-37 5.37051e-38 0)
(-5.5943e-38 2.17341e-39 0)
(-2.86264e-39 6.02903e-41 0)
(-1.81659e-40 3.24048e-42 0)
(-8.07186e-42 3.2769e-41 0)
(-1.86563e-42 1.85728e-41 0)
(-1.05278e-42 1.40714e-42 0)
(-1.46949e-43 -3.88869e-42 0)
(-5.52788e-43 -1.86886e-42 0)
(-6.83995e-43 -1.73742e-41 0)
(6.36832e-43 -1.7517e-41 0)
(6.95278e-44 -2.89308e-42 0)
(1.29501e-43 -1.59746e-41 0)
(1.39569e-42 -1.53342e-44 0)
(6.0839e-44 1.57571e-41 0)
(-6.84594e-43 1.33825e-42 0)
(-5.96426e-44 2.00793e-43 0)
(-8.99921e-45 1.40147e-44 0)
(-6.38282e-46 1.23837e-45 0)
(-5.64661e-47 7.43877e-47 0)
(-3.42614e-48 4.9718e-48 0)
(-2.28897e-49 2.63716e-49 0)
(-1.22137e-50 1.46243e-50 0)
(-6.7672e-52 6.96532e-52 0)
(-4.12616e-53 2.99131e-53 0)
(-2.40737e-52 -9.77766e-53 0)
(-6.00698e-51 -2.67717e-51 0)
(-1.49928e-49 -6.72048e-50 0)
(-3.45599e-48 -1.69773e-48 0)
(-8.01448e-47 -3.9064e-47 0)
(-1.67488e-45 -9.21706e-46 0)
(-3.59098e-44 -1.91856e-44 0)
(-6.68364e-43 -4.22015e-43 0)
(-1.31754e-41 -7.79516e-42 0)
(-2.12518e-40 -1.59831e-40 0)
(-3.82898e-39 -2.54253e-39 0)
(-5.11362e-38 -4.87789e-38 0)
(-8.37245e-37 -6.33548e-37 0)
(-8.48234e-36 -1.14537e-35 0)
(-1.25607e-34 -1.04431e-34 0)
(-7.76027e-34 -1.71025e-33 0)
(3.56918e-33 3.10502e-31 0)
(-1.80156e-33 1.41436e-32 0)
(-9.68589e-35 4.32674e-34 0)
(-1.21634e-35 1.00329e-35 0)
(-6.40107e-37 1.32512e-37 0)
(-5.2298e-38 -6.40545e-40 0)
(-2.67691e-39 -1.49128e-39 0)
(-6.80907e-41 -5.94969e-41 0)
(1.48431e-41 6.54876e-40 0)
(-3.48731e-41 3.74298e-40 0)
(-2.48202e-41 2.73205e-41 0)
(-3.4593e-42 -9.1687e-41 0)
(-1.48215e-41 -3.84693e-41 0)
(-1.72447e-41 -3.50698e-40 0)
(1.61333e-41 -3.53412e-40 0)
(1.71675e-42 -5.81783e-41 0)
(3.18734e-42 -3.22406e-40 0)
(3.51615e-41 -3.04191e-43 0)
(1.49091e-42 3.18077e-40 0)
(-1.73143e-41 2.69334e-41 0)
(-1.47391e-42 3.99767e-42 0)
(-2.22108e-43 2.78098e-43 0)
(-1.55163e-44 2.44889e-44 0)
(-1.37282e-45 1.46931e-45 0)
(-8.25048e-47 9.82627e-47 0)
(-5.51762e-48 5.21726e-48 0)
(-2.92757e-49 2.90204e-49 0)
(-1.62445e-50 1.3863e-50 0)
(-8.89999e-52 6.71153e-52 0)
(-3.1732e-51 2.94621e-53 0)
(-7.89546e-50 8.73813e-54 0)
(-1.99367e-48 2.00275e-52 0)
(-4.60536e-47 5.02219e-51 0)
(-1.08488e-45 1.25118e-49 0)
(-2.27044e-44 2.86473e-48 0)
(-4.97598e-43 6.60365e-47 0)
(-9.26308e-42 1.35923e-45 0)
(-1.88573e-40 2.88083e-44 0)
(-3.03552e-39 5.20667e-43 0)
(-5.74951e-38 1.00668e-41 0)
(-7.63293e-37 1.53562e-40 0)
(-1.35973e-35 2.68001e-39 0)
(-1.35981e-34 3.19225e-38 0)
(-2.36851e-33 4.93741e-37 0)
(-1.42884e-32 3.70422e-36 0)
(-3.56874e-33 3.10506e-31 0)
(1.80134e-33 1.41438e-32 0)
(9.68427e-35 4.32713e-34 0)
(1.21629e-35 1.00316e-35 0)
(6.40538e-37 1.76299e-37 0)
(4.86522e-38 7.81535e-39 0)
(2.19079e-39 -2.94832e-38 0)
(2.25486e-39 -1.0457e-39 0)
(4.74894e-40 1.55569e-38 0)
(-6.82123e-40 8.85361e-39 0)
(-5.00218e-40 6.69523e-40 0)
(-5.46075e-41 -1.60055e-39 0)
(-2.69765e-40 -8.42064e-40 0)
(-3.33552e-40 -8.29588e-39 0)
(3.27229e-40 -8.36407e-39 0)
(3.4521e-41 -1.33738e-39 0)
(6.29159e-41 -7.65192e-39 0)
(6.97547e-40 -6.79995e-42 0)
(2.88062e-41 7.55318e-39 0)
(-3.49715e-40 6.19527e-40 0)
(-2.96772e-41 9.13511e-41 0)
(-4.4234e-42 6.21894e-42 0)
(-3.07983e-43 5.45895e-43 0)
(-2.71554e-44 3.22909e-44 0)
(-1.63008e-45 2.15657e-45 0)
(-1.0908e-46 1.1346e-46 0)
(-5.79336e-48 6.30975e-48 0)
(-3.22357e-49 2.99727e-49 0)
(-1.54108e-50 1.45236e-50 0)
(-9.76702e-52 7.33156e-52 0)
(-5.8172e-51 2.82467e-51 0)
(-1.44358e-49 7.04391e-50 0)
(-3.3172e-48 1.77895e-48 0)
(-7.69675e-47 4.11009e-47 0)
(-1.60165e-45 9.68451e-46 0)
(-3.44029e-44 2.02733e-44 0)
(-6.36431e-43 4.44479e-43 0)
(-1.25984e-41 8.27776e-42 0)
(-2.01365e-40 1.68597e-40 0)
(-3.65896e-39 2.71541e-39 0)
(-4.81704e-38 5.14374e-38 0)
(-8.0197e-37 6.81372e-37 0)
(-7.93742e-36 1.20323e-35 0)
(-1.21541e-34 1.1383e-34 0)
(-7.23698e-34 1.7834e-33 0)
(-3.74223e-33 1.25151e-32 0)
(1.88891e-33 7.89769e-34 0)
(1.02445e-34 3.61139e-35 0)
(1.29405e-35 1.14966e-36 0)
(6.95044e-37 8.37929e-37 0)
(-2.34476e-38 1.53941e-37 0)
(-7.85826e-39 -5.03224e-37 0)
(4.86637e-38 -1.7789e-38 0)
(1.10217e-38 2.67915e-37 0)
(-1.50395e-38 1.52271e-37 0)
(-9.96475e-39 1.08874e-38 0)
(-1.57029e-42 -3.54967e-38 0)
(-5.77877e-39 -1.49435e-38 0)
(-6.83228e-39 -1.42821e-37 0)
(7.88662e-39 -1.43889e-37 0)
(7.93159e-40 -2.29162e-38 0)
(1.34892e-39 -1.31699e-37 0)
(1.5526e-38 -1.12956e-40 0)
(5.64539e-40 1.30049e-37 0)
(-8.3142e-39 1.06359e-38 0)
(-6.83101e-40 1.52801e-39 0)
(-1.01115e-40 1.03403e-40 0)
(-6.88921e-42 8.976e-42 0)
(-6.05487e-43 5.29272e-43 0)
(-3.58327e-44 3.52216e-44 0)
(-2.39453e-45 1.85256e-45 0)
(-1.26018e-46 1.03095e-46 0)
(-7.01045e-48 4.90722e-48 0)
(-3.33082e-49 2.38509e-49 0)
(-1.61711e-50 1.03879e-50 0)
(-1.50896e-51 6.58299e-52 0)
(-2.03264e-50 5.18813e-51 0)
(-4.67423e-49 1.29032e-49 0)
(-1.08729e-47 2.96548e-48 0)
(-2.25706e-46 6.88203e-47 0)
(-4.84171e-45 1.43247e-45 0)
(-8.86445e-44 3.07779e-44 0)
(-1.74164e-42 5.69599e-43 0)
(-2.71369e-41 1.12799e-41 0)
(-4.84015e-40 1.80378e-40 0)
(-6.00115e-39 3.27715e-39 0)
(-9.57759e-38 4.3026e-38 0)
(-8.023e-37 7.0866e-37 0)
(-1.1017e-35 6.59418e-36 0)
(-2.78273e-35 8.8817e-35 0)
(-1.91773e-34 1.97882e-33 0)
(9.62596e-35 1.1241e-34 0)
(6.06843e-36 3.50869e-36 0)
(1.75196e-36 -1.60402e-36 0)
(2.09486e-37 1.75406e-35 0)
(-1.09466e-36 3.38109e-36 0)
(-1.68134e-37 -1.13223e-35 0)
(7.4701e-37 -3.82742e-37 0)
(1.89974e-37 6.00887e-36 0)
(-1.61913e-37 3.39922e-36 0)
(-7.39501e-38 2.52437e-37 0)
(1.06884e-37 -5.05224e-37 0)
(1.56321e-38 -2.99574e-37 0)
(-1.87762e-38 -3.19002e-36 0)
(1.44378e-37 -3.21543e-36 0)
(1.3594e-38 -4.90406e-37 0)
(1.50738e-38 -2.95495e-36 0)
(1.77535e-37 -2.30612e-39 0)
(1.63037e-39 2.92021e-36 0)
(-1.43632e-37 2.27907e-37 0)
(-1.17478e-38 3.22347e-38 0)
(-1.69253e-39 2.11277e-39 0)
(-1.14612e-40 1.81962e-40 0)
(-9.96081e-42 1.05059e-41 0)
(-5.87613e-43 6.96085e-43 0)
(-3.91269e-44 3.61024e-44 0)
(-2.0586e-45 2.00398e-45 0)
(-1.14599e-46 9.44987e-47 0)
(-5.45596e-48 4.5866e-48 0)
(-2.65237e-49 1.98393e-49 0)
(-1.15943e-50 8.66239e-51 0)
(-1.73036e-51 1.07073e-51 0)
(-2.82094e-50 1.82208e-50 0)
(-6.49249e-49 4.19373e-49 0)
(-1.34248e-47 9.75688e-48 0)
(-2.83994e-46 2.02583e-46 0)
(-5.1714e-45 4.34671e-45 0)
(-9.9588e-44 7.96087e-44 0)
(-1.53903e-42 1.56463e-42 0)
(-2.66346e-41 2.43911e-41 0)
(-3.25353e-40 4.35158e-40 0)
(-4.94286e-39 5.39463e-39 0)
(-3.97761e-38 8.58561e-38 0)
(-4.96268e-37 7.05421e-37 0)
(-8.21055e-37 9.28855e-36 0)
(-2.00189e-35 9.17469e-35 0)
(-3.62573e-37 -3.75857e-36 0)
(-3.23957e-36 -1.22659e-34 0)
(4.45445e-36 -3.10336e-35 0)
(-1.87808e-36 2.42586e-34 0)
(-8.50416e-36 4.68312e-35 0)
(-2.82243e-36 -1.5714e-34 0)
(1.12935e-35 -5.35097e-36 0)
(4.24882e-36 8.33682e-35 0)
(2.42921e-36 4.70702e-35 0)
(5.22466e-36 3.20829e-36 0)
(8.98949e-36 -1.06933e-35 0)
(6.58164e-36 -4.34614e-36 0)
(5.62486e-36 -4.42243e-35 0)
(3.73964e-36 -4.45261e-35 0)
(2.91229e-37 -6.75137e-36 0)
(-1.55829e-37 -4.09495e-35 0)
(-1.59502e-36 -2.95949e-38 0)
(-4.44168e-37 4.04976e-35 0)
(-3.24882e-36 3.15055e-36 0)
(-2.52558e-37 4.19894e-37 0)
(-3.57377e-38 2.71739e-38 0)
(-2.34308e-39 2.27906e-39 0)
(-2.02007e-40 1.30622e-40 0)
(-1.16683e-41 8.55815e-42 0)
(-7.73543e-43 4.42741e-43 0)
(-4.0132e-44 2.44936e-44 0)
(-2.2284e-45 1.15602e-45 0)
(-1.05104e-46 5.6173e-47 0)
(-5.10241e-48 2.43785e-48 0)
(-2.20741e-49 1.06511e-49 0)
(-9.7067e-51 4.32155e-51 0)
(-2.67504e-51 1.27261e-51 0)
(-5.29619e-50 2.5315e-50 0)
(-1.09614e-48 5.82993e-49 0)
(-2.32092e-47 1.20574e-47 0)
(-4.21306e-46 2.55124e-46 0)
(-8.09232e-45 4.64725e-45 0)
(-1.23732e-43 8.95231e-44 0)
(-2.12485e-42 1.38425e-42 0)
(-2.5306e-41 2.39651e-41 0)
(-3.78599e-40 2.92905e-40 0)
(-2.86508e-39 4.44575e-39 0)
(-3.47852e-38 3.55015e-38 0)
(-3.6315e-38 4.33957e-37 0)
(-1.30965e-35 -1.36079e-35 0)
(-1.40924e-34 -1.94442e-34 0)
(-1.45393e-34 -2.65357e-33 0)
(-1.12088e-33 -6.83747e-34 0)
(-4.11198e-34 5.22229e-33 0)
(1.00146e-33 9.97926e-34 0)
(2.00888e-35 -3.39102e-33 0)
(-2.23e-34 -1.07341e-34 0)
(6.03689e-35 1.79113e-33 0)
(4.48744e-34 1.00367e-33 0)
(5.15524e-34 7.08156e-35 0)
(5.73097e-34 -1.12899e-34 0)
(5.42354e-34 -7.91143e-35 0)
(4.95008e-34 -9.44582e-34 0)
(8.3538e-35 -9.51417e-34 0)
(4.04092e-36 -1.34333e-34 0)
(-3.2495e-35 -8.80409e-34 0)
(-4.07197e-34 -5.44954e-37 0)
(-3.6497e-35 8.71686e-34 0)
(-4.63985e-35 6.28231e-35 0)
(-3.53434e-36 8.13322e-36 0)
(-4.66922e-37 5.01019e-37 0)
(-3.01852e-38 4.14529e-38 0)
(-2.53298e-39 2.3027e-39 0)
(-1.45228e-40 1.49725e-40 0)
(-9.52038e-42 7.58621e-42 0)
(-4.92675e-43 4.17579e-43 0)
(-2.72654e-44 1.94261e-44 0)
(-1.28713e-45 9.40491e-46 0)
(-6.2557e-47 4.04001e-47 0)
(-2.71532e-48 1.7602e-48 0)
(-1.18654e-49 7.01734e-50 0)
(-4.885e-51 2.88231e-51 0)
(-2.93856e-51 2.16403e-51 0)
(-5.67887e-50 4.76273e-50 0)
(-1.19076e-48 9.86332e-49 0)
(-2.15307e-47 2.0893e-47 0)
(-4.07517e-46 3.79533e-46 0)
(-6.18467e-45 7.29527e-45 0)
(-1.03778e-43 1.1171e-43 0)
(-1.21537e-42 1.9211e-42 0)
(-1.74686e-41 2.29656e-41 0)
(-1.24417e-40 3.44674e-40 0)
(-1.36451e-39 2.64456e-39 0)
(1.41576e-39 3.24451e-38 0)
(-2.4357e-34 -1.8509e-34 0)
(-3.15512e-33 -1.84226e-33 0)
(-6.12762e-33 -2.54102e-32 0)
(-6.83279e-32 -6.55484e-33 0)
(-2.32913e-32 4.99645e-32 0)
(6.37551e-32 9.53473e-33 0)
(2.36636e-33 -3.2485e-32 0)
(-1.90908e-32 -1.041e-33 0)
(1.32121e-33 1.7147e-32 0)
(2.50874e-32 9.57499e-33 0)
(2.76771e-32 5.79315e-34 0)
(2.88216e-32 -2.38106e-33 0)
(2.79827e-32 -8.13323e-34 0)
(2.61055e-32 -9.0247e-33 0)
(2.81574e-33 -9.0741e-33 0)
(8.13642e-35 -1.26347e-33 0)
(-1.68705e-33 -8.41016e-33 0)
(-2.32106e-32 -4.34435e-36 0)
(-1.76775e-33 8.33823e-33 0)
(-1.03673e-33 5.9589e-34 0)
(-7.16256e-35 6.72445e-35 0)
(-9.07448e-36 4.01348e-36 0)
(-5.57356e-37 3.12428e-37 0)
(-4.61063e-38 1.70541e-38 0)
(-2.56184e-39 1.07967e-39 0)
(-1.66662e-40 5.43034e-41 0)
(-8.44712e-42 2.95662e-42 0)
(-4.65128e-43 1.37365e-43 0)
(-2.16433e-44 6.63242e-45 0)
(-1.04806e-45 2.85625e-46 0)
(-4.50286e-47 1.24707e-47 0)
(-1.96215e-48 4.99699e-49 0)
(-7.82357e-50 1.99977e-50 0)
(-3.24878e-51 8.69468e-52 0)
(-2.70121e-51 2.8944e-51 0)
(-4.93133e-50 6.18283e-50 0)
(-7.27953e-49 1.36146e-48 0)
(-1.02265e-47 2.6692e-47 0)
(-3.86525e-47 5.51482e-46 0)
(1.53687e-45 9.84293e-45 0)
(9.05254e-44 1.9404e-43 0)
(2.46345e-42 3.2055e-42 0)
(5.78754e-41 6.18902e-41 0)
(1.20521e-39 9.74793e-40 0)
(2.07464e-38 1.87241e-38 0)
(-2.28512e-33 -3.17913e-33 0)
(-3.49952e-32 -3.18452e-32 0)
(-1.93289e-31 -5.1409e-31 0)
(-2.94596e-30 -1.38238e-31 0)
(-9.73742e-31 1.01331e-30 0)
(2.81183e-30 1.89743e-31 0)
(1.09766e-31 -6.61344e-31 0)
(-9.27162e-31 -1.80481e-32 0)
(1.43665e-32 3.46302e-31 0)
(1.03522e-30 1.90657e-31 0)
(1.10489e-30 1.16458e-32 0)
(1.11859e-30 -1.4864e-32 0)
(1.11015e-30 -1.23785e-32 0)
(1.04671e-30 -1.8069e-31 0)
(7.29148e-32 -1.81737e-31 0)
(8.03921e-34 -2.1815e-32 0)
(-6.05127e-32 -1.7029e-31 0)
(-9.72944e-31 -6.87752e-35 0)
(-6.13109e-32 1.69069e-31 0)
(-1.15024e-32 1.02997e-32 0)
)
;

boundaryField
{
    leftWall
    {
        type            fixedValue;
        value           uniform (0 0 0);
    }
    rightWall
    {
        type            fixedValue;
        value           nonuniform 0();
    }
    lowerWall
    {
        type            fixedValue;
        value           uniform (0 0 0);
    }
    atmosphere
    {
        type            pressureInletOutletVelocity;
        value           nonuniform 0();
    }
    defaultFaces
    {
        type            empty;
    }
    procBoundary0to1
    {
        type            processor;
        value           nonuniform List<vector> 
44
(
(8.02013e-45 -7.05056e-42 0)
(7.77779e-44 -1.09056e-40 0)
(1.10576e-42 -1.53077e-39 0)
(1.38205e-41 -2.18733e-38 0)
(1.6949e-40 -2.67672e-37 0)
(1.60942e-39 -3.5198e-36 0)
(1.49125e-38 -3.5705e-35 0)
(5.45537e-38 -4.39939e-34 0)
(-6.61686e-38 -3.30541e-33 0)
(-7.35184e-36 -4.13057e-32 0)
(6.62532e-35 -1.87865e-31 0)
(2.9581e-33 -5.16989e-30 0)
(8.12073e-32 6.15333e-31 0)
(2.9574e-33 5.81079e-30 0)
(6.78542e-35 2.15708e-31 0)
(1.44076e-36 1.00887e-31 0)
(6.03607e-36 4.40431e-31 0)
(1.14937e-35 9.51084e-30 0)
(3.65134e-37 1.88365e-29 0)
(-1.14755e-35 1.01007e-29 0)
(-1.14755e-35 1.01007e-29 0)
(6.40589e-32 2.87432e-32 0)
(3.46568e-33 4.23271e-33 0)
(3.28215e-34 2.38259e-34 0)
(1.59414e-35 2.19558e-35 0)
(1.09169e-36 4.4775e-36 0)
(-3.46905e-38 4.78152e-35 0)
(-1.24527e-36 1.00891e-33 0)
(-2.69329e-35 1.06727e-32 0)
(-2.86701e-34 2.24538e-31 0)
(-5.61631e-33 1.40554e-30 0)
(-5.35538e-33 3.41823e-29 0)
(5.35538e-33 3.41823e-29 0)
(5.6163e-33 1.40554e-30 0)
(2.82333e-34 2.24529e-31 0)
(-2.20504e-34 1.05904e-32 0)
(-1.02756e-32 -6.60587e-34 0)
(-2.82229e-31 4.77373e-35 0)
(-1.02768e-32 1.67284e-33 0)
(-2.47437e-34 8.2387e-35 0)
(-4.3677e-36 8.60457e-36 0)
(-1.43981e-38 4.01988e-37 0)
(5.17573e-38 4.75187e-38 0)
(3.75547e-37 2.82944e-37 0)
)
;
    }
    procBoundary0to2
    {
        type            processor;
        value           nonuniform List<vector> 
46
(
(-7.22049e-34 1.14622e-33 0)
(-7.61461e-35 6.35862e-35 0)
(-4.49431e-36 4.91433e-36 0)
(-3.48831e-37 2.56805e-37 0)
(-1.90379e-38 1.61588e-38 0)
(-1.20586e-39 7.89341e-40 0)
(-6.06737e-41 4.27345e-41 0)
(-3.30481e-42 1.94441e-42 0)
(-1.53587e-43 9.33864e-44 0)
(-7.41754e-45 3.95925e-45 0)
(-3.19499e-46 1.72003e-46 0)
(-1.39518e-47 6.80887e-48 0)
(-5.59101e-49 2.71131e-49 0)
(-2.1941e-50 1.00537e-50 0)
(1.09386e-50 5.1073e-52 0)
(3.18652e-49 2.92736e-51 0)
(8.05634e-48 6.13225e-50 0)
(2.03685e-46 1.11113e-48 0)
(4.72152e-45 2.10725e-47 0)
(1.11195e-43 3.19754e-46 0)
(2.33517e-42 5.37214e-45 0)
(5.10794e-41 6.28488e-44 0)
(9.54997e-40 9.07831e-43 0)
(1.93587e-38 6.61125e-42 0)
(3.13723e-37 7.61814e-41 0)
(-3.93814e-32 6.51141e-36 0)
(-6.85863e-31 9.66816e-37 0)
(-3.82358e-30 6.61367e-37 0)
(-8.20872e-29 5.19615e-38 0)
(-2.71962e-29 1.33663e-38 0)
(7.94382e-29 2.02453e-39 0)
(2.174e-30 -2.77586e-39 0)
(-2.62831e-29 -1.41667e-37 0)
(2.7518e-31 -1.12715e-35 0)
(2.84129e-29 -4.93754e-34 0)
(2.9831e-29 -1.6266e-32 0)
(3.00575e-29 -3.62855e-31 0)
(2.98474e-29 -1.6266e-32 0)
(2.86339e-29 -4.93757e-34 0)
(1.43881e-30 -1.1275e-35 0)
(1.37507e-32 -1.41694e-37 0)
(-1.19785e-30 5.10321e-40 0)
(-2.71825e-29 3.18364e-40 0)
(-1.21153e-30 1.16048e-39 0)
(-7.22049e-34 1.14622e-33 0)
(-2.25822e-31 7.00609e-41 0)
)
;
    }
}


// ************************************************************************* //
