/*--------------------------------*- C++ -*----------------------------------*\
| =========                 |                                                 |
| \\      /  F ield         | OpenFOAM: The Open Source CFD Toolbox           |
|  \\    /   O peration     | Version:  2.4.0                                 |
|   \\  /    A nd           | Web:      www.OpenFOAM.org                      |
|    \\/     M anipulation  |                                                 |
\*---------------------------------------------------------------------------*/
FoamFile
{
    version     2.0;
    format      ascii;
    class       surfaceScalarField;
    location    "0.45";
    object      phi;
}
// * * * * * * * * * * * * * * * * * * * * * * * * * * * * * * * * * * * * * //

dimensions      [0 3 -1 0 0 0 0];

internalField   nonuniform List<scalar> 
3742
(
-3.65366e-37
3.15852e-37
-4.60619e-38
2.77002e-38
-4.24078e-39
2.74765e-39
-4.19002e-40
2.17778e-40
-3.44387e-41
1.81309e-41
-2.88389e-42
1.31565e-42
-2.14202e-43
9.65572e-44
-1.58216e-44
6.4511e-45
-1.07369e-45
4.27803e-46
-7.16227e-47
2.6476e-47
-4.48206e-48
1.61131e-48
-2.74213e-49
9.29237e-50
-1.5925e-50
5.24604e-51
-5.09843e-52
2.82374e-52
7.3163e-51
-4.91169e-54
1.31806e-49
-3.6015e-52
2.29869e-48
-6.44732e-51
3.81354e-47
-1.10784e-49
6.18119e-46
-1.87444e-48
9.41915e-45
-3.02226e-47
1.40991e-43
-4.80909e-46
1.94768e-42
-7.19187e-45
2.67199e-41
-1.0669e-43
3.28102e-40
-1.45635e-42
-1.99564e-41
-1.18427e-34
8.56957e-37
-6.41653e-34
7.02873e-36
-5.26935e-34
6.55111e-35
-2.69628e-32
1.46284e-35
1.76326e-32
-1.2806e-34
8.9131e-33
-2.59563e-35
-8.53527e-33
8.2023e-35
2.1263e-34
3.78435e-36
1.99001e-34
-4.44994e-35
9.49744e-33
-2.64095e-35
7.36187e-34
-7.09799e-36
9.73606e-33
-1.06954e-34
5.38856e-34
-1.62824e-36
9.38608e-33
2.38116e-35
-8.7876e-33
2.43141e-35
8.83448e-33
4.8764e-36
-9.13822e-33
2.17421e-35
-1.45564e-34
3.06872e-38
-2.04531e-34
-2.13926e-35
-3.8734e-35
-2.2648e-36
-3.59166e-36
-3.15852e-37
-4.40664e-37
-2.77002e-38
-3.83369e-38
-2.74765e-39
-3.71396e-39
-2.17778e-40
-2.9539e-40
-1.81309e-41
-2.43724e-41
-1.31565e-42
-1.77183e-42
-9.65572e-44
-1.29367e-43
-6.4511e-45
-8.6466e-45
-4.27803e-46
-5.71426e-46
-2.6476e-47
-3.53528e-47
-1.61131e-48
-2.14618e-48
-9.29237e-50
-1.23684e-49
-5.2467e-51
-6.93177e-51
-2.93342e-52
3.82507e-52
-1.73784e-52
1.44151e-50
-2.40633e-51
2.61586e-49
-3.57408e-50
4.47828e-48
-4.95979e-49
7.36391e-47
-6.84155e-48
1.13574e-45
-8.69856e-47
1.69571e-44
-1.12875e-45
2.33854e-43
-1.33592e-44
3.15615e-42
-1.68229e-43
3.82885e-41
-1.9233e-42
-2.42578e-41
-1.07319e-35
1.15016e-36
-5.59212e-35
7.77962e-36
-4.56255e-34
7.11715e-35
-5.45366e-34
1.57858e-35
2.42293e-34
-1.39028e-34
4.03115e-34
-2.82483e-35
-9.67984e-35
8.89944e-35
-1.17856e-34
4.1614e-36
1.54619e-34
-4.83321e-35
3.1793e-34
-2.863e-35
3.38387e-34
-5.49084e-36
3.38081e-34
-3.38282e-36
3.20576e-34
5.31758e-37
1.70979e-34
2.60069e-35
1.82474e-35
2.64477e-35
-1.39161e-35
5.36795e-36
-1.49213e-34
2.36118e-35
-1.49578e-34
3.40922e-38
-1.7832e-35
-2.32257e-35
-3.50438e-36
-2.4924e-36
-3.65366e-37
-3.48679e-37
-4.60619e-38
-3.07674e-38
-4.24078e-39
-3.05802e-39
-4.19002e-40
-2.4325e-40
-3.44387e-41
-2.02829e-41
-2.88389e-42
-1.47535e-42
-2.14202e-43
-1.08413e-43
-1.58216e-44
-7.2558e-45
-1.07369e-45
-4.81667e-46
-7.16227e-47
-2.98492e-47
-4.48206e-48
-1.8182e-48
-2.74215e-49
-1.04966e-49
-1.59594e-50
-5.93733e-51
-1.10467e-51
-4.31561e-52
-2.85567e-51
-1.76161e-51
-3.57984e-50
-2.57001e-50
-4.39895e-49
-3.68984e-49
-4.65421e-48
-4.84826e-48
-4.68333e-47
-6.2523e-47
-3.39123e-46
-7.08898e-46
-1.89723e-45
-8.01508e-45
1.05926e-44
-7.35516e-44
3.45996e-43
-6.97848e-43
6.02831e-42
-4.40656e-42
-3.1621e-41
-1.30447e-36
1.64638e-36
-3.54567e-36
1.26393e-36
-1.8659e-35
6.71407e-36
-2.18005e-35
1.33835e-36
8.91331e-36
-1.23637e-35
1.55e-35
-2.58626e-36
-3.13284e-36
7.85893e-36
-3.67252e-36
4.25258e-37
6.82921e-36
-4.32743e-36
1.39586e-35
-2.63312e-36
1.52533e-35
-5.74727e-37
1.46264e-35
-2.2571e-36
1.35748e-35
5.2167e-38
7.63682e-36
2.35057e-36
1.10794e-36
2.40318e-36
-6.3232e-37
5.5655e-37
-6.18079e-36
2.10924e-36
-6.22592e-36
3.92798e-39
-1.06027e-36
-2.06731e-36
-3.76621e-37
-2.57515e-37
-4.51646e-38
-3.76099e-38
-6.56977e-39
-3.53539e-39
-6.42726e-40
-3.60387e-40
-6.7176e-41
-2.9702e-41
-5.69332e-42
-2.5194e-42
-4.89914e-43
-1.87437e-43
-3.70066e-44
-1.39463e-44
-2.77311e-45
-9.47976e-46
-1.89968e-46
-6.3532e-47
-1.27701e-47
-3.98169e-48
-8.03108e-49
-2.44363e-49
-4.93281e-50
-1.42317e-50
-3.04516e-51
-8.73399e-52
-2.68322e-51
-1.0926e-51
-3.59576e-50
-1.65513e-50
-4.71149e-49
-2.44828e-49
-6.01018e-48
-3.53411e-48
-6.78971e-47
-4.67943e-47
-7.53104e-46
-6.08771e-46
-6.87587e-45
-6.9922e-45
-6.28491e-44
-8.01194e-44
-3.93556e-43
-7.5067e-43
-2.55353e-42
-7.23744e-42
-4.21467e-42
-4.66644e-41
-3.27565e-40
-3.66157e-36
2.63674e-36
-2.63078e-36
1.79055e-36
-8.49479e-37
1.17859e-36
-6.71768e-37
1.9445e-37
2.01795e-37
-1.49983e-36
3.96188e-37
-3.16362e-37
-5.01921e-38
9.53023e-37
-3.66754e-38
5.20885e-38
2.33679e-37
-5.26872e-37
4.65767e-37
-3.25548e-37
5.2844e-37
-8.37515e-38
4.72165e-37
-3.69681e-37
4.23404e-37
-3.78833e-39
2.6054e-37
2.85028e-37
5.20657e-38
2.94428e-37
-1.83482e-38
7.02872e-38
-1.85391e-37
2.57386e-37
-1.8888e-37
5.67952e-40
-4.85004e-38
-2.51581e-37
-2.61662e-38
-3.22848e-38
-3.4938e-39
-5.17967e-39
-5.41246e-40
-5.0867e-40
-5.55375e-41
-5.44607e-41
-5.96298e-42
-4.61491e-42
-5.19048e-43
-4.01511e-43
-4.53723e-44
-3.03557e-44
-3.48567e-45
-2.28974e-45
-2.63965e-46
-1.57085e-46
-1.82913e-47
-1.06065e-47
-1.23889e-48
-6.68128e-49
-7.85601e-50
-4.11624e-50
-4.98549e-51
-2.44041e-51
-2.40656e-51
-7.90789e-52
-3.139e-50
-1.06751e-50
-4.51004e-49
-1.69662e-49
-5.9565e-48
-2.52922e-48
-7.68449e-47
-3.69086e-47
-8.78133e-46
-4.94016e-46
-9.90798e-45
-6.53017e-45
-9.21374e-44
-7.62303e-44
-8.65803e-43
-8.95259e-43
-5.61766e-42
-8.61051e-42
-3.85241e-41
-8.63656e-41
-7.99364e-41
-5.81537e-40
-4.32673e-39
-1.22091e-34
6.34263e-35
-4.44095e-36
2.52992e-36
-3.34334e-36
-1.07636e-37
-5.8767e-37
-1.72607e-38
-6.06142e-38
-1.17756e-37
-1.06533e-38
-2.45925e-38
4.00835e-39
7.13855e-38
8.95476e-39
4.11931e-39
6.48899e-39
-3.97801e-38
1.20003e-38
-2.50026e-38
1.55532e-38
-7.15851e-39
8.61395e-39
-2.96549e-38
5.92563e-39
-6.8878e-40
6.7673e-39
2.15448e-38
2.83575e-39
2.24119e-38
6.33192e-41
5.65969e-39
-2.09499e-39
1.94353e-38
-2.41096e-39
4.98786e-41
-2.53632e-39
-1.89458e-38
-2.23807e-39
-2.58956e-39
-3.16692e-40
-4.34539e-40
-5.22401e-41
-4.45476e-41
-5.51924e-42
-4.89479e-42
-6.09341e-43
-4.25909e-43
-5.3953e-44
-3.76446e-44
-4.78684e-45
-2.89454e-45
-3.71496e-46
-2.20628e-46
-2.83662e-47
-1.53088e-47
-1.9772e-48
-1.04126e-48
-1.34515e-49
-6.61144e-50
-8.63142e-51
-4.10772e-51
-1.77569e-51
-4.70926e-52
-1.97319e-50
-3.98326e-51
-2.92616e-49
-6.50392e-50
-4.23074e-48
-1.03972e-48
-5.63536e-47
-1.56278e-47
-7.34202e-46
-2.30093e-46
-8.51646e-45
-3.12467e-45
-9.76758e-44
-4.19286e-44
-9.33449e-43
-5.02299e-43
-9.01982e-42
-6.05142e-42
-6.19923e-41
-6.10804e-41
-4.49869e-40
-6.38008e-40
-1.22512e-39
-4.69269e-39
-3.61364e-38
-3.39771e-36
5.70624e-36
-2.67901e-36
5.01963e-36
-3.31047e-37
-5.60477e-38
-5.83288e-38
-2.5717e-38
-6.98559e-39
-1.48577e-38
-1.81973e-39
-2.60765e-39
4.19011e-40
6.27454e-39
8.55814e-40
3.63089e-40
1.54925e-40
-3.53048e-39
2.20963e-40
-2.24768e-39
4.13716e-40
-7.32062e-40
-1.10213e-40
-3.24826e-39
-2.5849e-40
-1.42054e-40
1.18121e-40
1.89867e-39
1.53346e-40
1.99555e-39
4.30265e-41
5.13126e-40
1.53272e-40
1.7269e-39
1.30949e-40
4.86378e-42
-1.33108e-40
-1.68032e-39
-1.50589e-40
-2.33812e-40
-2.23877e-41
-4.12266e-41
-3.81149e-42
-4.3322e-42
-4.14036e-43
-4.88864e-43
-4.64979e-44
-4.32486e-44
-4.18971e-45
-3.87891e-45
-3.75772e-46
-3.01305e-46
-2.9501e-47
-2.31555e-47
-2.26915e-48
-1.61639e-48
-1.5941e-49
-1.10436e-49
-1.09454e-50
-7.04004e-51
-1.48084e-51
-5.34172e-52
-1.28683e-50
-1.76108e-51
-2.04339e-49
-3.01277e-50
-3.0588e-48
-4.97662e-49
-4.47157e-47
-8.04192e-48
-6.02127e-46
-1.22145e-46
-7.97132e-45
-1.82453e-45
-9.39667e-44
-2.51207e-44
-1.10489e-42
-3.44032e-43
-1.08475e-41
-4.20091e-42
-1.09526e-40
-5.22168e-41
-7.9816e-40
-5.42326e-40
-6.39444e-39
-5.98394e-39
-2.28889e-38
-4.62226e-38
-4.04085e-37
-2.20494e-38
1.87498e-34
-2.65687e-37
6.3166e-36
-3.63264e-38
3.39928e-37
-8.43478e-39
1.40169e-38
-1.03999e-39
-2.70849e-40
-2.32104e-40
-1.41262e-40
2.94356e-41
4.33646e-40
7.09895e-41
2.58968e-41
3.58554e-42
-2.43485e-40
2.20965e-42
-1.57081e-40
1.4782e-41
-5.59019e-41
-3.19108e-41
-2.44684e-40
-4.23659e-41
-1.35589e-41
-1.79477e-42
1.30551e-40
1.02078e-41
1.38269e-40
4.4281e-42
3.67068e-41
2.0286e-41
1.19122e-40
1.85829e-41
3.67021e-43
-8.77968e-42
-1.15695e-40
-1.12639e-41
-1.66852e-41
-1.70964e-42
-3.02392e-42
-2.98887e-43
-3.26325e-43
-3.2973e-44
-3.74469e-44
-3.75726e-45
-3.37108e-45
-3.42026e-46
-3.05602e-46
-3.09339e-47
-2.40128e-47
-2.44401e-48
-1.85864e-48
-1.88876e-49
-1.30749e-49
-1.33313e-50
-8.97711e-51
-1.1719e-51
-5.81406e-52
-4.5271e-51
-1.58656e-52
-7.3442e-50
-2.21019e-51
-1.17601e-48
-3.85206e-50
-1.77544e-47
-6.44629e-49
-2.61923e-46
-1.04567e-47
-3.58091e-45
-1.61559e-46
-4.81604e-44
-2.41664e-45
-5.83569e-43
-3.40793e-44
-7.05779e-42
-4.65029e-43
-7.31577e-41
-5.88964e-42
-7.80826e-40
-7.22419e-41
-6.47078e-39
-8.0024e-40
-5.91926e-38
-8.5754e-39
-3.3177e-37
-7.68505e-38
-6.28755e-37
-8.48824e-37
-5.80187e-35
6.45694e-37
1.94818e-36
5.43484e-38
4.82287e-37
4.42173e-39
4.70374e-38
1.22276e-40
5.84574e-39
-2.75028e-41
5.05532e-40
-1.28474e-42
8.24216e-41
4.14203e-42
5.9332e-42
6.94644e-44
-1.7843e-41
-2.66946e-44
-1.18321e-41
7.13689e-43
-4.66143e-42
-2.50672e-42
-2.1246e-41
-3.16772e-42
-1.446e-42
-3.22263e-43
9.6626e-42
6.18061e-43
1.0336e-41
3.07512e-43
2.77963e-42
1.43856e-42
8.89426e-42
1.32816e-42
2.89201e-44
-5.30571e-43
-8.62807e-42
-7.12372e-43
-1.26086e-42
-1.10914e-43
-2.34454e-43
-1.97057e-44
-2.56777e-44
-2.21166e-45
-2.98981e-45
-2.54655e-46
-2.71934e-46
-2.34497e-47
-2.48595e-47
-2.13563e-48
-1.96606e-48
-1.70032e-49
-1.52901e-49
-1.32076e-50
-1.07968e-50
-1.05028e-51
-7.4367e-52
-2.11096e-51
-5.97418e-53
-3.55989e-50
-2.33362e-52
-5.8987e-49
-4.32272e-51
-9.54992e-48
-7.70399e-50
-1.45648e-46
-1.35642e-48
-2.17947e-45
-2.23881e-47
-3.01794e-44
-3.68277e-46
-4.13899e-43
-5.56457e-45
-5.09964e-42
-8.51634e-44
-6.34957e-41
-1.15939e-42
-6.73394e-40
-1.64965e-41
-7.54673e-39
-1.98648e-40
-6.46245e-38
-2.6676e-39
-6.52982e-37
-2.80628e-38
-3.83176e-36
-3.63077e-37
-2.94129e-36
-4.53708e-36
2.00657e-36
-2.10119e-36
-6.85056e-37
-2.78699e-37
3.15242e-37
-5.26043e-38
3.79547e-38
-5.72585e-39
5.27325e-39
-7.14784e-40
4.70928e-40
-6.68295e-41
4.81144e-41
-6.2771e-42
3.79016e-42
-5.38374e-43
-8.52777e-43
-3.74524e-44
-7.3991e-43
5.03414e-44
-3.21464e-43
-1.87378e-43
-1.47174e-42
-2.32448e-43
-1.13379e-43
-2.77242e-44
6.10582e-43
3.98598e-44
6.58433e-43
2.0931e-44
1.80786e-43
9.83279e-44
5.65114e-43
9.0953e-44
1.94352e-45
-3.45011e-44
-5.47512e-43
-4.70708e-44
-8.1897e-44
-7.41559e-45
-1.54724e-44
-1.33525e-45
-1.72388e-45
-1.51319e-46
-2.02796e-46
-1.75646e-47
-1.86594e-47
-1.62805e-48
-1.71741e-48
-1.48972e-49
-1.36872e-49
-1.19083e-50
-1.06925e-50
-9.30161e-52
-7.58857e-52
-1.27622e-52
-5.26343e-53
-1.13141e-51
-8.63487e-54
-1.97733e-50
-1.02558e-52
-3.36792e-49
-1.97667e-51
-5.48362e-48
-3.58137e-50
-8.66562e-47
-6.50282e-49
-1.29594e-45
-1.08867e-47
-1.88401e-44
-1.85406e-46
-2.55085e-43
-2.84195e-45
-3.37514e-42
-4.56849e-44
-4.04592e-41
-6.49148e-43
-4.79975e-40
-1.05539e-41
-4.88029e-39
-1.61702e-40
-5.01503e-38
-3.22122e-39
-3.76887e-37
-6.11617e-38
-2.85174e-36
-1.1997e-36
-1.72538e-35
-1.35663e-34
-2.3762e-36
-4.79921e-36
-5.65041e-37
-3.69425e-36
-3.77349e-37
-6.47486e-37
-4.01571e-38
-6.16946e-38
-5.29452e-39
-7.34752e-39
-4.67974e-40
-6.45334e-40
-4.54466e-41
-6.15894e-41
-3.61832e-42
-4.91516e-42
-3.75039e-43
-4.01132e-43
-7.2301e-44
-2.56523e-44
-2.4849e-44
-1.38253e-44
-1.08862e-43
-1.45896e-44
-9.3184e-45
-1.8349e-45
3.97524e-44
2.30418e-45
4.3288e-44
1.25314e-45
1.20048e-44
5.82799e-45
3.71298e-44
5.38806e-45
1.32099e-46
-2.0075e-45
-3.59446e-44
-2.76382e-45
-5.43292e-45
-4.42703e-46
-1.04077e-45
-8.04493e-47
-1.17093e-46
-9.22236e-48
-1.38876e-47
-1.07726e-48
-1.28643e-48
-1.00622e-49
-1.18965e-49
-9.24595e-51
-9.52055e-51
-7.43779e-52
-7.45622e-52
-7.72612e-53
-5.29073e-53
-3.70245e-52
-1.09307e-54
-6.78373e-51
5.02795e-53
-1.20424e-49
9.56316e-52
-2.09035e-48
1.76831e-50
-3.44516e-47
3.13001e-49
-5.57189e-46
5.42096e-48
-8.43836e-45
8.89938e-47
-1.26368e-43
1.4347e-45
-1.73299e-42
2.15451e-44
-2.38698e-41
3.18011e-43
-2.89729e-40
4.14141e-42
-3.64403e-39
4.90913e-41
-3.74498e-38
2.82498e-40
-4.23032e-37
-5.90397e-39
-3.18117e-36
-3.41503e-37
-2.92187e-35
-9.21367e-36
-1.80904e-34
-4.35494e-36
-2.53008e-36
-2.3094e-36
-1.91058e-36
-3.0049e-37
-4.79443e-37
-5.57844e-38
-4.70394e-38
-6.00223e-39
-5.93329e-39
-7.42074e-40
-5.21488e-40
-6.9193e-41
-5.06924e-41
-6.77163e-42
-4.04379e-42
-5.59635e-43
-3.38559e-43
-4.65042e-44
-2.73312e-44
-3.21073e-45
-3.25295e-45
-1.00238e-45
-7.04342e-45
-9.35045e-46
-6.48591e-46
-1.20613e-46
2.31891e-45
1.35091e-46
2.54716e-45
7.51324e-47
7.1684e-46
3.4798e-46
2.1815e-45
3.21587e-46
8.0529e-48
-1.1905e-46
-2.11003e-45
-1.64532e-46
-3.24215e-46
-2.65838e-47
-6.26799e-47
-4.8663e-48
-7.13464e-48
-5.61557e-49
-8.51403e-49
-6.58882e-50
-7.9484e-50
-6.18089e-51
-7.3802e-51
-5.69326e-52
-5.93615e-52
-4.56961e-53
-4.66027e-53
-5.61292e-55
-3.21178e-54
5.67884e-53
2.0593e-54
1.05043e-51
4.50076e-53
1.85424e-50
8.52999e-52
3.19418e-49
1.57897e-50
5.22872e-48
2.79715e-49
8.37415e-47
4.85069e-48
1.25771e-45
7.97011e-47
1.85897e-44
1.28695e-45
2.52281e-43
1.93468e-44
3.41085e-42
2.86284e-43
4.084e-41
3.73894e-42
4.99123e-40
4.47446e-41
5.03314e-39
2.70479e-40
5.40102e-38
-4.85964e-39
3.93602e-37
-2.97957e-37
3.19568e-36
-8.15582e-36
-1.62769e-34
-3.54261e-37
-6.95574e-35
9.13031e-38
-2.85506e-36
-1.22414e-39
-1.87327e-37
-3.44808e-39
-1.07087e-38
-5.3184e-40
-8.09132e-40
-8.44002e-41
-6.22645e-41
-8.82733e-42
-5.79087e-42
-9.45815e-43
-4.71775e-43
-8.24626e-44
-3.99373e-44
-7.16772e-45
-3.14347e-45
-5.33904e-46
-3.14788e-46
-8.44531e-47
-4.67089e-46
-5.5508e-47
-4.56679e-47
-7.22365e-48
1.361e-46
7.27087e-48
1.50998e-46
4.14372e-48
4.28394e-47
1.90347e-47
1.29291e-46
1.75769e-47
4.88163e-49
-6.47299e-48
-1.24987e-46
-8.98733e-48
-1.93689e-47
-1.46953e-48
-3.77292e-48
-2.7042e-49
-4.32406e-49
-3.14554e-50
-5.18308e-50
-3.70396e-51
-4.86054e-51
-3.49254e-52
-4.52406e-52
-3.21429e-53
-3.64823e-53
-5.85216e-55
-2.87294e-54
3.95549e-53
-3.22243e-55
7.5454e-52
-2.37968e-54
1.39822e-50
-4.6525e-53
2.4822e-49
-8.81506e-52
4.30897e-48
-1.6319e-50
7.10103e-47
-2.89109e-49
1.14847e-45
-5.01418e-48
1.73889e-44
-8.23907e-47
2.60386e-43
-1.33051e-45
3.56924e-42
-2e-44
4.91503e-41
-2.95872e-43
5.96105e-40
-3.85814e-42
7.49376e-39
-4.59213e-41
7.69105e-38
-2.65974e-40
8.67991e-37
5.48592e-39
6.51337e-36
3.21296e-37
5.97396e-35
8.74057e-36
1.73815e-34
1.56889e-37
-3.51672e-36
-1.88579e-37
-1.69714e-36
-1.94002e-38
-1.01441e-37
-3.10415e-39
-4.85884e-39
-2.87667e-40
-2.49717e-40
-3.18418e-41
-1.43033e-41
-2.7165e-42
-1.13102e-42
-2.47933e-43
-8.75547e-44
-1.93564e-44
-7.28777e-45
-1.53655e-45
-5.51282e-46
-1.08929e-46
-4.57383e-47
-1.03003e-47
-2.9314e-47
-3.55138e-48
-2.95315e-48
-4.46574e-49
7.36303e-48
3.89071e-49
8.25062e-48
2.26679e-49
2.36681e-48
1.03813e-48
7.05915e-48
9.58209e-49
2.73294e-50
-3.51902e-49
-6.82001e-48
-4.89842e-49
-1.06993e-48
-8.06438e-50
-2.09465e-49
-1.48968e-50
-2.42047e-50
-1.74096e-51
-2.91119e-51
-2.05449e-52
-2.74449e-52
-1.94263e-53
-2.55986e-53
-1.78939e-54
-2.07115e-54
-3.14201e-56
-1.68959e-55
2.21252e-54
-1.37004e-55
4.19211e-53
-2.52454e-54
7.70124e-52
-4.96108e-53
1.35652e-50
-9.39555e-52
2.32981e-49
-1.73833e-50
3.80412e-48
-3.07801e-49
6.06914e-47
-5.33448e-48
9.0871e-46
-8.75998e-47
1.33615e-44
-1.41328e-45
1.80626e-43
-2.12253e-44
2.42378e-42
-3.13436e-43
2.88731e-41
-4.07494e-42
3.4867e-40
-4.8057e-41
3.49015e-39
-2.62618e-40
3.66106e-38
6.36541e-39
2.63242e-37
3.52826e-37
2.00507e-36
9.46242e-36
1.85263e-34
-1.11783e-38
-3.54987e-36
1.25194e-38
-1.77154e-36
1.21743e-39
-1.01415e-37
1.49508e-40
-4.48109e-39
1.06974e-41
-1.71968e-40
7.62901e-43
-6.24887e-42
3.59468e-44
-2.76981e-43
7.21014e-46
-1.51526e-44
-1.13049e-46
-1.05754e-45
-2.10873e-47
-7.3508e-47
-2.21006e-48
-5.5042e-48
-3.42256e-49
-1.91083e-48
-1.79012e-49
-1.93359e-49
-2.37672e-50
3.95265e-49
1.95952e-50
4.48128e-49
1.16455e-50
1.29432e-49
5.30231e-50
3.83463e-49
4.89102e-50
1.50767e-51
-1.79002e-50
-3.70332e-49
-2.50034e-50
-5.85137e-50
-4.15343e-51
-1.14989e-50
-7.69301e-52
-1.33539e-51
-9.04134e-53
-1.6095e-52
-1.0688e-53
-1.52186e-53
-1.01639e-54
-1.42071e-54
-1.43232e-55
-1.15031e-55
-1.00522e-54
-7.671e-57
-1.96425e-53
2.82057e-56
-3.72814e-52
5.82211e-55
-6.9095e-51
1.14778e-53
-1.22683e-49
2.17929e-52
-2.13023e-48
4.04547e-51
-3.51143e-47
7.18444e-50
-5.68117e-46
1.25031e-48
-8.60496e-45
2.06106e-47
-1.2892e-43
3.34729e-46
-1.76813e-42
5.07654e-45
-2.43666e-41
7.69535e-44
-2.95765e-40
1.07748e-42
-3.72232e-39
1.59371e-41
-3.82508e-38
2.28904e-40
-4.32388e-37
3.97507e-39
-3.25042e-36
6.99067e-38
-2.98725e-35
1.28752e-36
1.81408e-35
-1.7351e-37
-7.34566e-35
1.97301e-37
-2.98026e-36
1.95402e-38
-1.59739e-37
2.83277e-39
-6.48141e-39
2.4146e-40
-1.79037e-40
2.42095e-41
-1.72056e-42
1.88898e-42
3.09215e-43
1.57743e-43
3.30494e-44
1.13338e-44
2.792e-45
8.31697e-46
1.9742e-46
5.51812e-47
1.37236e-47
3.6461e-48
7.95381e-49
2.16217e-49
4.59963e-50
1.24359e-50
2.3367e-50
1.76183e-51
2.30597e-50
6.33828e-52
6.67134e-51
2.67983e-51
1.95561e-50
2.46898e-51
7.82578e-53
-9.0162e-52
-1.88778e-50
-1.26214e-51
-3.0114e-51
-2.10823e-52
-5.93166e-52
-3.91117e-53
-6.92952e-53
-4.61213e-54
-8.36439e-54
-5.45567e-55
-7.9368e-55
-5.21627e-56
-7.41387e-56
-1.13333e-56
-5.90934e-57
-1.31629e-55
1.83003e-57
-2.56801e-54
4.785e-56
-4.84613e-53
9.63525e-55
-8.91541e-52
1.89278e-53
-1.57252e-50
3.58251e-52
-2.70587e-49
6.62338e-51
-4.42573e-48
1.17211e-49
-7.0787e-47
2.02987e-48
-1.06223e-45
3.33227e-47
-1.56738e-44
5.37653e-46
-2.12516e-43
8.10095e-45
-2.86651e-42
1.2107e-43
-3.42896e-41
1.64998e-42
-4.17523e-40
2.27499e-41
-4.20558e-39
2.75487e-40
-4.47936e-38
3.5296e-39
-3.25591e-37
3.73379e-38
-2.58193e-36
4.48797e-37
3.64781e-36
1.90344e-37
-2.37368e-36
-2.17074e-37
-1.63612e-36
-2.19876e-38
-8.64157e-38
-3.24493e-39
-3.23984e-39
-2.82426e-40
-3.1322e-41
-2.88676e-41
6.46646e-42
-2.30036e-42
1.00245e-42
-1.95896e-43
9.16035e-44
-1.43695e-44
8.03704e-45
-1.07509e-45
6.09749e-46
-7.27753e-47
4.57143e-47
-4.91096e-48
3.12685e-48
-3.08619e-49
2.09874e-49
-1.9123e-50
1.42289e-50
-1.06878e-51
1.96305e-51
-3.55358e-53
3.84506e-52
1.24832e-52
9.87207e-52
1.18091e-52
4.12643e-54
-4.30885e-53
-9.5015e-52
-6.04733e-53
-1.52497e-52
-1.01716e-53
-3.00788e-53
-1.88875e-54
-3.52685e-54
-2.23611e-55
-4.25928e-55
-2.64595e-56
-4.04913e-56
-2.51992e-57
-3.77696e-57
-2.35265e-58
-2.04179e-58
-5.84557e-59
2.16826e-57
-5.72286e-58
4.56081e-56
-6.95324e-57
9.18424e-55
-2.97467e-56
1.80581e-53
1.15264e-54
3.4208e-52
6.04909e-53
6.33152e-51
1.61604e-51
1.1216e-49
4.02342e-50
1.94516e-48
8.0122e-49
3.19718e-47
1.61224e-47
5.1681e-46
2.70117e-46
7.79903e-45
4.70504e-45
1.16851e-43
6.69872e-44
1.5958e-42
1.02197e-42
2.20864e-41
1.18859e-41
2.6838e-40
1.54356e-40
3.46261e-39
1.23621e-39
3.69183e-38
1.16903e-38
4.49455e-37
3.70353e-36
1.85745e-37
-2.49337e-36
-2.23716e-37
-2.41209e-37
-2.35286e-38
2.27909e-38
-3.78999e-39
4.3666e-39
-3.54308e-40
7.00019e-40
-3.92916e-41
6.86421e-41
-3.36232e-42
6.98206e-42
-3.06881e-43
5.80475e-43
-2.39753e-44
4.89696e-44
-1.90269e-45
3.65325e-45
-1.36059e-46
2.70811e-46
-9.66046e-48
1.84239e-47
-6.36092e-49
1.23162e-48
-4.11404e-50
7.72424e-50
-2.50819e-51
4.78402e-51
-1.4838e-52
2.91501e-52
-2.46763e-54
6.27416e-53
5.10286e-54
1.04282e-54
-2.05234e-54
-4.54148e-53
-2.85231e-54
-7.35017e-54
-4.81805e-55
-1.45077e-54
-8.94649e-56
-1.7085e-55
-1.06162e-56
-2.06361e-56
-1.24243e-57
-1.9663e-57
1.61181e-58
-1.86295e-58
5.80531e-57
-7.46523e-59
1.16677e-55
-1.26894e-57
2.28245e-54
-2.62533e-56
4.30707e-53
-5.26328e-55
7.9252e-52
-1.02915e-53
1.39853e-50
-1.93952e-52
2.40842e-49
-3.56544e-51
3.94413e-48
-6.27723e-50
6.31897e-47
-1.07927e-48
9.50494e-46
-1.76044e-47
1.40666e-44
-2.81196e-46
1.91531e-43
-4.19314e-45
2.5962e-42
-6.13114e-44
3.12835e-41
-8.01024e-43
3.83931e-40
-9.78254e-42
3.9157e-39
-7.72003e-41
4.21694e-38
2.0155e-40
3.12426e-37
3.38338e-38
2.49708e-36
9.15146e-37
1.61527e-35
-3.69334e-37
1.33127e-36
4.58316e-38
-9.41561e-37
-8.83584e-39
4.05856e-37
-5.26289e-39
4.98168e-38
-7.41425e-40
6.96897e-39
-1.11959e-40
6.27189e-40
-1.14628e-41
6.14313e-41
-1.20926e-42
4.90577e-42
-1.04442e-43
4.05047e-43
-9.0207e-45
2.94734e-44
-6.8779e-46
2.15211e-45
-5.16394e-47
1.43922e-46
-3.55552e-48
9.51263e-48
-2.39286e-49
5.88793e-49
-1.50928e-50
3.5754e-50
-9.27445e-52
2.06197e-51
-5.3869e-53
1.18389e-52
-2.82424e-54
6.28274e-54
-2.58795e-55
-1.80741e-54
-1.37622e-55
-3.30845e-55
-2.23281e-56
-6.775e-56
-4.08314e-57
-8.05836e-57
-4.79575e-58
-9.7569e-58
4.72883e-59
-9.42089e-59
2.22522e-57
-3.25296e-59
4.65153e-56
-5.23714e-58
9.39207e-55
-1.11438e-56
1.85145e-53
-2.31857e-55
3.51824e-52
-4.66915e-54
6.53033e-51
-9.18082e-53
1.16111e-49
-1.73913e-51
2.01993e-48
-3.21871e-50
3.3352e-47
-5.70103e-49
5.40911e-46
-9.88479e-48
8.20984e-45
-1.62403e-46
1.23395e-43
-2.62276e-45
1.69678e-42
-3.94785e-44
2.3487e-41
-5.87014e-43
2.86059e-40
-7.8113e-42
3.62351e-39
-9.9782e-41
3.74084e-38
-8.89402e-40
4.2724e-37
-1.61736e-39
3.23363e-36
2.73027e-37
3.03048e-35
8.6622e-36
1.83973e-34
-4.73074e-36
-7.17898e-35
-3.32752e-36
9.37139e-37
-4.18007e-37
4.73487e-37
-7.53743e-38
4.94342e-38
-7.93683e-39
6.4409e-39
-9.64727e-40
5.67283e-40
-8.89022e-41
5.51394e-41
-8.62063e-42
4.38252e-42
-7.07389e-43
3.61196e-43
-5.85862e-44
2.62235e-44
-4.34118e-45
1.91266e-45
-3.18357e-46
1.2771e-46
-2.15508e-47
8.43341e-48
-1.43037e-48
5.21374e-49
-8.92998e-50
3.16332e-50
-5.44293e-51
1.82208e-51
-3.15814e-52
1.02723e-52
-1.78501e-53
5.53801e-54
-9.73414e-55
1.95338e-55
-5.69649e-56
-9.58426e-58
-3.58882e-57
-2.37506e-57
-3.10898e-58
-3.33077e-58
-3.54435e-59
-4.27815e-59
-1.71017e-58
-4.4714e-60
-3.58533e-57
-7.24271e-60
-7.45964e-56
-1.50569e-58
-1.50303e-54
-3.21226e-57
-2.95522e-53
-6.69512e-56
-5.60195e-52
-1.35049e-54
-1.03651e-50
-2.66082e-53
-1.83761e-49
-5.04978e-52
-3.1842e-48
-9.36838e-51
-5.23929e-47
-1.66287e-49
-8.45441e-46
-2.89181e-48
-1.27772e-44
-4.76414e-47
-1.90762e-43
-7.73073e-46
-2.60908e-42
-1.1719e-44
-3.57819e-41
-1.77589e-43
-4.32775e-40
-2.49177e-42
-5.40751e-39
-3.7099e-41
-5.52974e-38
-5.43469e-40
-6.17641e-37
-9.71606e-39
-4.60848e-36
-1.77555e-37
-4.13148e-35
-3.35806e-36
-4.90396e-35
-1.61921e-34
1.59548e-34
-6.56275e-36
6.12654e-36
-4.51201e-36
-8.53322e-38
-7.88449e-37
-3.31605e-38
-7.50253e-38
-5.92333e-39
-8.91606e-39
-5.55805e-40
-7.82176e-40
-5.52169e-41
-7.4574e-41
-4.41102e-42
-5.94517e-42
-3.63891e-43
-4.86029e-43
-2.64145e-44
-3.53346e-44
-1.92565e-45
-2.56473e-45
-1.2852e-46
-1.71269e-46
-8.48303e-48
-1.12725e-47
-5.24244e-49
-6.96548e-49
-3.17959e-50
-4.21588e-50
-1.83086e-51
-2.42642e-51
-1.03086e-52
-1.36405e-52
-5.5614e-54
-7.35406e-54
-2.97206e-55
-3.87093e-55
-1.55769e-56
-1.96722e-56
-8.75289e-58
-9.8041e-58
-5.1759e-59
-6.519e-59
-3.55654e-60
-3.90077e-58
1.42938e-60
-8.27419e-57
3.80078e-59
-1.72355e-55
8.34389e-58
-3.47646e-54
1.77798e-56
-6.8442e-53
3.69955e-55
-1.29897e-51
7.45075e-54
-2.40715e-50
1.46515e-52
-4.27354e-49
2.77566e-51
-7.41919e-48
5.13756e-50
-1.22275e-46
9.10035e-49
-1.9778e-45
1.57798e-47
-2.99489e-44
2.59235e-46
-4.48534e-43
4.18462e-45
-6.1493e-42
6.28515e-44
-8.46986e-41
9.2745e-43
-1.0275e-39
1.19919e-41
-1.29214e-38
1.38398e-40
-1.32666e-37
6.10173e-40
-1.49801e-36
-2.47346e-38
-1.12473e-35
-1.21987e-36
-1.03231e-34
-3.22655e-35
-6.2942e-34
-4.96083e-36
8.55002e-35
-3.06508e-36
6.37526e-36
-3.91107e-37
-1.039e-37
-7.14293e-38
-3.69706e-38
-7.59425e-39
-6.53709e-39
-9.30077e-40
-6.1576e-40
-8.6164e-41
-6.12727e-41
-8.39027e-42
-4.91201e-42
-6.90677e-43
-4.05957e-43
-5.73518e-44
-2.95428e-44
-4.25864e-45
-2.15692e-45
-3.12859e-46
-1.44224e-46
-2.12101e-47
-9.53119e-48
-1.40957e-48
-5.89867e-49
-8.80987e-50
-3.58125e-50
-5.37497e-51
-2.06452e-51
-3.12149e-52
-1.16348e-52
-1.76668e-53
-6.28258e-54
-9.59479e-55
-3.31361e-55
-5.07774e-56
-1.68611e-56
-2.59379e-57
-8.40692e-58
-1.29046e-58
-4.07941e-59
-3.30883e-61
-1.92948e-60
1.29876e-58
7.07297e-61
2.77748e-57
1.79879e-59
5.78594e-56
3.94842e-58
1.1671e-54
8.41494e-57
2.29789e-53
1.75127e-55
4.36158e-52
3.52757e-54
8.08367e-51
6.9381e-53
1.43535e-49
1.31461e-51
2.49241e-48
2.43376e-50
4.10865e-47
4.31169e-49
6.64787e-46
7.47784e-48
1.007e-44
1.22852e-46
1.50884e-43
1.98259e-45
2.06962e-42
2.97248e-44
2.85256e-41
4.35803e-43
3.46311e-40
5.49151e-42
4.35936e-39
5.71376e-41
4.48097e-38
-3.97527e-41
5.06647e-37
-2.28191e-38
3.81002e-36
-8.96395e-37
3.50156e-35
-2.27607e-35
-4.33881e-34
-6.12477e-37
7.83673e-36
3.23431e-37
3.9364e-36
2.00174e-38
1.83174e-37
-1.01092e-39
4.44204e-39
-3.69604e-40
-3.97979e-40
-7.42374e-41
-6.01588e-41
-8.4695e-42
-6.8116e-42
-9.56916e-43
-5.79991e-43
-8.60851e-44
-4.9229e-44
-7.66271e-45
-3.6757e-45
-5.96808e-46
-2.72401e-46
-4.55729e-47
-1.85228e-47
-3.17907e-48
-1.23764e-48
-2.16283e-49
-7.75373e-50
-1.37631e-50
-4.74815e-51
-8.52198e-52
-2.76277e-52
-5.00649e-53
-1.56779e-53
-2.86022e-54
-8.52773e-55
-1.56472e-55
-4.52162e-56
-8.32742e-57
-2.31234e-57
-4.27044e-58
-1.15416e-58
-2.05438e-59
-5.59044e-60
1.66597e-59
-3.36617e-61
3.88539e-58
-1.66096e-60
8.29154e-57
-3.70359e-59
1.7273e-55
-8.12794e-58
3.48427e-54
-1.73237e-56
6.86028e-53
-3.6057e-55
1.30215e-51
-7.26374e-54
2.41341e-50
-1.42888e-52
4.28531e-49
-2.70783e-51
7.44119e-48
-5.01418e-50
1.22664e-46
-8.8854e-49
1.98469e-45
-1.54164e-47
3.00622e-44
-2.53442e-46
4.50422e-43
-4.0975e-45
6.17783e-42
-6.17801e-44
8.51444e-41
-9.22806e-43
1.03355e-39
-1.2443e-41
1.30095e-38
-1.65657e-40
1.33697e-37
-1.74896e-39
1.51168e-36
-1.43908e-38
1.13654e-35
9.30358e-38
1.0451e-34
5.82542e-36
1.50817e-34
-4.58861e-38
8.66967e-35
4.13956e-38
3.69634e-36
4.2425e-39
2.07548e-37
2.87213e-40
8.87633e-39
2.57491e-42
2.89889e-40
-3.17174e-42
5.77377e-42
-4.96293e-43
-2.51293e-43
-6.55662e-44
-4.33072e-44
-6.42222e-45
-4.58971e-45
-6.04956e-46
-3.81027e-46
-4.91128e-47
-3.04028e-47
-3.86435e-48
-2.17814e-48
-2.76362e-49
-1.51782e-49
-1.91579e-50
-9.82429e-51
-1.23946e-51
-6.18094e-52
-7.77398e-53
-3.6757e-53
-4.62081e-54
-2.12424e-54
-2.66456e-55
-1.1729e-55
-1.47026e-56
-6.29696e-57
-7.87908e-58
-3.25311e-58
-4.06791e-59
-1.63603e-59
-2.32008e-60
-7.97025e-61
-6.36553e-60
-6.33079e-62
-1.37636e-58
-5.90806e-61
-2.93658e-57
-1.32325e-59
-6.11725e-56
-2.90399e-58
-1.23392e-54
-6.18938e-57
-2.42945e-53
-1.28822e-55
-4.61134e-52
-2.59509e-54
-8.54678e-51
-5.10482e-53
-1.51764e-49
-9.67391e-52
-2.63544e-48
-1.79133e-50
-4.34475e-47
-3.17434e-49
-7.03058e-46
-5.50771e-48
-1.0651e-44
-9.05599e-47
-1.59617e-43
-1.46498e-45
-2.18987e-42
-2.21377e-44
-3.01911e-41
-3.33185e-43
-3.66661e-40
-4.61351e-42
-4.61745e-39
-6.64387e-41
-4.74904e-38
-9.03325e-40
-5.37277e-37
-1.44621e-38
-4.04394e-36
-2.31713e-37
-3.71862e-35
-4.07151e-36
-5.59551e-35
-1.78095e-37
8.04472e-36
2.01624e-37
2.46268e-36
1.94227e-38
1.52833e-37
2.77279e-39
7.40305e-39
2.31121e-40
3.61828e-40
2.27498e-41
1.81142e-41
1.73498e-42
1.1645e-42
1.41888e-43
7.59715e-44
9.95299e-45
5.44375e-45
7.13893e-46
3.60069e-46
4.61813e-47
2.40405e-47
2.98332e-48
1.49089e-48
1.78795e-49
9.14415e-50
1.05735e-50
5.29391e-51
5.90106e-52
3.00917e-52
3.23014e-53
1.633e-53
1.6869e-54
8.67279e-55
8.61493e-56
4.43099e-56
4.22801e-57
2.21255e-57
2.0265e-58
1.06837e-58
9.34668e-60
5.04024e-60
-3.66444e-61
2.3392e-61
-1.77565e-59
8.45991e-62
-3.90508e-58
1.71412e-60
-8.3342e-57
3.84955e-59
-1.73658e-55
8.44823e-58
-3.50373e-54
1.80059e-56
-6.90033e-53
3.74757e-55
-1.31005e-51
7.54926e-54
-2.42875e-50
1.48496e-52
-4.3136e-49
2.81393e-51
-7.49279e-48
5.2102e-50
-1.23547e-46
9.2318e-49
-1.99978e-45
1.60144e-47
-3.02997e-44
2.6318e-46
-4.54206e-43
4.25049e-45
-6.23174e-42
6.38657e-44
-8.59441e-41
9.43012e-43
-1.04363e-39
1.21964e-41
-1.31489e-38
1.40769e-40
-1.35184e-37
6.14196e-40
-1.53105e-36
-2.55089e-38
-1.15183e-35
-1.25563e-36
-1.06336e-34
-3.32849e-35
-6.52039e-34
4.98864e-37
9.11857e-36
-5.69597e-37
5.96829e-36
-5.82558e-38
3.35011e-37
-8.55091e-39
1.4588e-38
-7.43417e-40
5.53804e-40
-7.54599e-41
2.09742e-41
-5.98467e-42
1.11573e-42
-5.06005e-43
7.65125e-44
-3.68944e-44
6.42984e-45
-2.7409e-45
4.99344e-46
-1.84347e-46
3.87406e-47
-1.23537e-47
2.73344e-48
-7.70277e-49
1.88456e-49
-4.73249e-50
1.20999e-50
-2.75049e-51
7.56306e-52
-1.56659e-52
4.47354e-53
-8.53029e-54
2.57366e-54
-4.54062e-55
1.41559e-55
-2.32695e-56
7.57431e-57
-1.16467e-57
3.90127e-58
-5.63745e-59
1.95613e-59
-2.1259e-60
9.4958e-61
1.20493e-59
6.60057e-62
2.67417e-58
4.90257e-61
5.70762e-57
1.09595e-59
1.18934e-55
2.40338e-58
2.3997e-54
5.11869e-57
4.72613e-53
1.06448e-55
8.97281e-52
2.14265e-54
1.66349e-50
4.21075e-53
2.95437e-49
7.97233e-52
5.13156e-48
1.47456e-50
8.46071e-47
2.61021e-49
1.36935e-45
4.52209e-48
2.07447e-44
7.42262e-47
3.1092e-43
1.19638e-45
4.26478e-42
1.79228e-44
5.88014e-41
2.62515e-43
7.13733e-40
3.3135e-42
8.98899e-39
3.4815e-41
9.23528e-38
-1.32826e-42
1.04553e-36
-1.28473e-38
7.85836e-36
-5.09639e-37
7.25702e-35
-1.28837e-35
-2.43059e-34
6.30515e-37
2.61136e-34
-7.3151e-37
1.04541e-35
-7.38649e-38
5.94954e-37
-1.11302e-38
2.76546e-38
-9.83639e-40
1.36996e-39
-1.02939e-40
7.90713e-41
-8.37235e-42
6.44857e-42
-7.29515e-43
5.18726e-43
-5.46575e-44
4.43886e-44
-4.17901e-45
3.38801e-45
-2.88782e-46
2.56719e-46
-1.98885e-47
1.77903e-47
-1.27302e-48
1.20823e-48
-8.02686e-50
7.67395e-50
-4.78374e-51
4.75549e-51
-2.7926e-52
2.79551e-52
-1.55745e-53
1.60074e-53
-8.48643e-55
8.77619e-55
-4.4494e-56
4.68561e-56
-2.27712e-57
2.41047e-57
-1.12665e-58
1.20808e-58
-4.85069e-60
5.85814e-60
1.307e-59
2.28919e-61
2.92581e-58
-1.09957e-60
6.24126e-57
-2.49758e-59
1.29969e-55
-5.47876e-58
2.62074e-54
-1.16723e-56
5.1577e-53
-2.42813e-55
9.78562e-52
-4.88934e-54
1.81265e-50
-9.61215e-53
3.21692e-49
-1.82072e-51
5.58208e-48
-3.36913e-50
9.19595e-47
-5.9673e-49
1.48655e-45
-1.03446e-47
2.24994e-44
-1.69965e-46
3.36703e-43
-2.74448e-45
4.61353e-42
-4.13222e-44
6.34779e-41
-6.14642e-43
7.69548e-40
-8.19663e-42
9.6622e-39
-1.05314e-40
9.91194e-38
-9.64397e-40
1.11613e-36
-2.73554e-39
8.36871e-36
2.58735e-37
7.63245e-35
8.52965e-36
1.85554e-34
-1.2018e-36
3.6765e-36
9.39597e-37
4.11125e-36
8.13666e-38
7.34398e-37
7.41091e-39
6.74628e-38
3.20938e-40
8.20084e-39
-9.81433e-42
7.1441e-40
-3.76042e-42
6.92867e-41
-5.96879e-43
5.52645e-42
-6.24246e-44
4.56803e-43
-6.10841e-45
3.3284e-44
-5.05375e-46
2.43384e-45
-4.03485e-47
1.62955e-46
-2.90804e-48
1.07826e-47
-2.03039e-49
6.68017e-49
-1.31876e-50
4.05969e-50
-8.30544e-52
2.34229e-51
-4.94829e-53
1.32105e-52
-2.86109e-54
7.13832e-54
-1.58131e-55
3.76527e-55
-8.49084e-57
1.91466e-56
-4.38827e-58
9.50134e-58
-2.22735e-59
4.56536e-59
-5.89735e-60
2.11151e-60
-1.06158e-58
-5.90386e-61
-2.26682e-57
-1.53865e-59
-4.72865e-56
-3.36108e-58
-9.55122e-55
-7.13402e-57
-1.88346e-53
-1.47691e-55
-3.58033e-52
-2.96287e-54
-6.64764e-51
-5.79385e-53
-1.18236e-49
-1.09345e-51
-2.05746e-48
-2.01117e-50
-3.39816e-47
-3.54966e-49
-5.51262e-46
-6.1103e-48
-8.36887e-45
-1.00084e-46
-1.25815e-43
-1.60281e-45
-1.73026e-42
-2.4103e-44
-2.39573e-41
-3.5626e-43
-2.91756e-40
-4.82578e-42
-3.69791e-39
-6.45423e-41
-3.81596e-38
-7.39803e-40
-4.36774e-37
-8.03725e-39
-3.30548e-36
-5.10644e-38
-3.12693e-35
-3.00821e-38
9.19679e-36
-6.97776e-36
-8.72395e-35
-2.06576e-36
-4.62232e-36
-2.99908e-37
2.42204e-37
-6.01715e-38
4.48328e-38
-6.8239e-39
7.11094e-39
-8.76428e-40
6.52702e-40
-8.38153e-41
6.42837e-41
-8.36337e-42
5.12117e-42
-7.00963e-43
4.21849e-43
-5.90579e-44
3.05965e-44
-4.43593e-45
2.22899e-45
-3.2903e-46
1.48686e-46
-2.24842e-47
9.80937e-48
-1.50447e-48
6.05966e-49
-9.45783e-50
3.67386e-50
-5.79975e-51
2.11478e-51
-3.38316e-52
1.19042e-52
-1.92235e-53
6.42022e-54
-1.04767e-54
3.38095e-55
-5.56089e-56
1.7165e-56
-2.84729e-57
8.50607e-58
-1.42133e-58
4.08169e-59
-8.68447e-60
1.90741e-60
-3.98939e-59
-2.18739e-62
-8.3666e-58
-2.40069e-60
-1.72388e-56
-5.16437e-59
-3.4445e-55
-1.0816e-57
-6.70018e-54
-2.19786e-56
-1.25931e-52
-4.35044e-55
-2.3022e-51
-8.32783e-54
-4.04646e-50
-1.55125e-52
-6.91532e-49
-2.78233e-51
-1.12811e-47
-4.85203e-50
-1.79059e-46
-8.0993e-49
-2.68381e-45
-1.3142e-47
-3.92523e-44
-2.02569e-46
-5.32887e-43
-3.04533e-45
-7.11182e-42
-4.33978e-44
-8.55448e-41
-6.2396e-43
-1.02786e-39
-9.12142e-42
-1.04956e-38
-1.58044e-40
-1.09855e-37
-3.18992e-39
-8.2584e-37
-7.06471e-38
-6.37909e-36
-1.39843e-36
-2.15549e-35
-1.8713e-34
-9.3783e-35
-6.35073e-36
-6.05898e-36
-5.06326e-36
-7.9152e-37
-8.88208e-37
-6.56607e-38
-8.46668e-38
-7.48901e-39
-1.00894e-38
-6.38323e-40
-8.86477e-40
-6.14795e-41
-8.46576e-41
-4.88432e-42
-6.75656e-42
-4.034e-43
-5.5296e-43
-2.93486e-44
-4.02332e-44
-2.14526e-45
-2.92253e-45
-1.43494e-46
-1.95283e-46
-9.49151e-48
-1.28604e-47
-5.87603e-49
-7.95048e-49
-3.56974e-50
-4.8142e-50
-2.05843e-51
-2.77185e-51
-1.16057e-52
-1.5588e-52
-6.26813e-54
-8.40643e-54
-3.30522e-55
-4.42347e-55
-1.68004e-56
-2.24525e-56
-8.33455e-58
-1.11231e-57
-4.00329e-59
-6.28257e-59
-1.85033e-60
-2.09444e-58
5.34131e-61
-4.39026e-57
1.38674e-59
-9.07592e-56
3.03134e-58
-1.82037e-54
6.43851e-57
-3.55427e-53
1.33397e-55
-6.7097e-52
2.67811e-54
-1.23192e-50
5.24171e-53
-2.17653e-49
9.90054e-52
-3.73844e-48
1.82289e-50
-6.13684e-47
3.22022e-49
-9.80018e-46
5.54971e-48
-1.48031e-44
9.09663e-47
-2.1818e-43
1.45735e-45
-2.99153e-42
2.18442e-44
-4.03445e-41
3.18535e-43
-4.9179e-40
4.08067e-42
-6.00557e-39
4.46705e-41
-6.25713e-38
1.16044e-40
-6.7706e-37
-1.16932e-38
-5.32437e-36
-5.05046e-37
-4.57739e-35
-1.30905e-35
-2.5134e-34
-5.26008e-36
-4.88285e-36
-4.02468e-36
-2.71411e-36
-4.9945e-37
-6.67673e-37
-8.9336e-38
-6.52262e-38
-9.34684e-39
-8.20084e-39
-1.13105e-39
-7.20033e-40
-1.03886e-40
-6.99644e-41
-1.00494e-41
-5.5795e-42
-8.23076e-43
-4.6084e-43
-6.80683e-44
-3.35547e-44
-5.03776e-45
-2.45193e-45
-3.69083e-46
-1.64073e-46
-2.49642e-47
-1.08509e-47
-1.65578e-48
-6.71957e-49
-1.03311e-49
-4.08199e-50
-6.29375e-51
-2.35435e-51
-3.6503e-52
-1.32743e-52
-2.06359e-53
-7.17078e-54
-1.11957e-54
-3.78141e-55
-5.91832e-56
-1.92243e-56
-3.01922e-57
-9.53784e-58
-1.50141e-58
-4.58203e-59
-7.48525e-60
-2.1225e-60
-5.64779e-60
5.08403e-61
-1.09086e-58
1.35628e-59
-2.16482e-57
2.96346e-58
-4.19474e-56
6.29186e-57
-7.80516e-55
1.3029e-55
-1.41951e-53
2.61472e-54
-2.45744e-52
5.11463e-53
-4.17169e-51
9.65693e-52
-6.64851e-50
1.77685e-50
-1.04665e-48
3.1378e-49
-1.51142e-47
5.40344e-48
-2.19031e-46
8.85421e-47
-2.79141e-45
1.41713e-45
-3.69684e-44
2.1235e-44
-3.95173e-43
3.09179e-43
-4.77354e-42
3.95552e-42
-3.77356e-41
4.29912e-41
-4.32198e-40
1.00455e-40
-1.51697e-39
-1.17607e-38
-2.68199e-38
-5.01371e-37
6.07866e-38
-1.29659e-35
-2.48555e-34
4.05207e-38
-2.17481e-36
-4.77152e-37
-2.78394e-37
-6.34359e-38
-6.95303e-38
-1.37986e-38
-7.52412e-39
-1.51789e-39
-9.68896e-40
-1.9565e-40
-8.92047e-41
-1.84305e-41
-8.80267e-42
-1.83034e-42
-7.20933e-43
-1.51847e-43
-6.02085e-44
-1.27108e-44
-4.45878e-45
-9.46661e-46
-3.28563e-46
-6.97297e-47
-2.22441e-47
-4.72808e-48
-1.48083e-48
-3.14124e-49
-9.24827e-50
-1.9601e-50
-5.64792e-51
-1.19342e-51
-3.27849e-52
-6.91106e-53
-1.85651e-53
-3.89897e-54
-1.00792e-54
-2.10969e-55
-5.33431e-56
-1.11182e-56
-2.72278e-57
-5.65201e-58
-1.35497e-58
-2.76958e-59
-6.53115e-60
5.45263e-60
-3.15205e-61
1.4924e-58
-2.02271e-61
3.18624e-57
-4.23987e-60
6.63879e-56
-9.3308e-59
1.33932e-54
-1.99378e-57
2.63743e-53
-4.16276e-56
5.00647e-52
-8.40741e-55
9.28021e-51
-1.6595e-53
1.64782e-49
-3.15296e-52
2.86161e-48
-5.8607e-51
4.71677e-47
-1.04123e-49
7.63195e-46
-1.81452e-48
1.15575e-44
-2.99115e-47
1.73158e-43
-4.86448e-46
2.37393e-42
-7.37248e-45
3.27118e-41
-1.11856e-43
3.96778e-40
-1.56114e-42
4.99209e-39
-2.30037e-41
5.12366e-38
-3.25487e-40
5.78823e-37
-5.55475e-39
4.34274e-36
-9.54063e-38
3.98751e-35
-1.73817e-36
-2.42431e-35
1.773e-38
-3.24468e-37
-3.46379e-38
-3.96807e-38
-5.07819e-39
-1.06295e-38
-1.1681e-39
-1.16669e-39
-1.35461e-40
-1.57299e-40
-1.7857e-41
-1.47745e-41
-1.73085e-42
-1.49266e-42
-1.7411e-43
-1.23758e-43
-1.46948e-44
-1.04551e-44
-1.24058e-45
-7.79312e-46
-9.34357e-47
-5.77359e-47
-6.92424e-48
-3.92029e-48
-4.73131e-49
-2.61498e-49
-3.1575e-50
-1.63424e-50
-1.98102e-51
-9.97944e-52
-1.21021e-52
-5.78785e-53
-7.03589e-54
-3.27276e-54
-3.97939e-55
-1.77337e-55
-2.15932e-56
-9.36296e-57
-1.14009e-57
-4.76606e-58
-5.80741e-59
-2.36449e-59
-2.83933e-60
-1.13634e-60
7.86151e-61
-6.45499e-62
2.02106e-59
-2.63889e-61
4.29494e-58
-5.87152e-60
8.90104e-57
-1.28804e-58
1.78656e-55
-2.74412e-57
3.49622e-54
-5.70877e-56
6.59823e-53
-1.14947e-54
1.21396e-51
-2.25985e-53
2.14113e-50
-4.28006e-52
3.68429e-49
-7.91995e-51
6.02504e-48
-1.40246e-49
9.63556e-47
-2.43119e-48
1.44539e-45
-3.99362e-47
2.13215e-44
-6.45098e-46
2.88902e-43
-9.72565e-45
3.89471e-42
-1.45556e-43
4.65358e-41
-1.98478e-42
5.66101e-40
-2.74195e-41
5.6911e-39
-3.32283e-40
6.05305e-38
-4.27201e-39
4.3868e-37
-4.5296e-38
3.47501e-36
-5.4817e-37
-4.47911e-36
2.92289e-39
-2.06572e-38
-3.57911e-39
-2.81866e-39
-5.23163e-40
-8.18619e-40
-1.25979e-40
-9.59416e-41
-1.47682e-41
-1.34377e-41
-1.9847e-42
-1.31195e-42
-1.94058e-43
-1.35504e-43
-1.97067e-44
-1.15052e-44
-1.67189e-45
-9.85788e-46
-1.41776e-46
-7.46289e-47
-1.07042e-47
-5.58291e-48
-7.94476e-49
-3.83135e-49
-5.43129e-50
-2.57356e-50
-3.62356e-51
-1.6205e-51
-2.27139e-52
-9.94654e-53
-1.38547e-53
-5.80018e-54
-8.03945e-55
-3.29225e-55
-4.53607e-56
-1.79097e-56
-2.45484e-57
-9.48251e-58
-1.29217e-58
-4.84064e-59
-6.56071e-60
-2.40637e-60
-3.16961e-61
-1.15909e-61
1.48982e-61
-7.3218e-63
3.60742e-60
-4.36689e-62
7.68567e-59
-9.7241e-61
1.59638e-57
-2.12602e-59
3.20977e-56
-4.51441e-58
6.28885e-55
-9.35216e-57
1.18746e-53
-1.87541e-55
2.18425e-52
-3.66748e-54
3.84774e-51
-6.91111e-53
6.60637e-50
-1.27013e-51
1.07629e-48
-2.23497e-50
1.71253e-47
-3.83973e-49
2.54907e-46
-6.25662e-48
3.72452e-45
-9.98471e-47
4.97425e-44
-1.4894e-45
6.5935e-43
-2.19119e-44
7.66947e-42
-2.94326e-43
9.05872e-41
-3.958e-42
8.65258e-40
-4.67067e-41
8.77981e-39
-5.69765e-40
5.79761e-38
-5.66182e-39
4.42058e-37
-6.15024e-38
-4.39169e-37
6.88885e-40
4.70826e-38
-7.63505e-40
5.48687e-39
-1.04969e-40
7.93798e-40
-2.12707e-41
6.82606e-41
-2.33238e-42
6.6814e-42
-2.88604e-43
5.14781e-43
-2.69836e-44
4.17476e-44
-2.61065e-45
2.92018e-45
-2.14679e-46
2.05739e-46
-1.76255e-47
1.30923e-47
-1.30022e-48
8.21625e-49
-9.42606e-50
4.77915e-50
-6.32794e-51
2.71202e-51
-4.14583e-52
1.44737e-52
-2.56056e-53
7.48664e-54
-1.53913e-54
3.66918e-55
-8.82044e-56
1.73308e-56
-4.91606e-57
7.7678e-58
-2.63197e-58
3.32823e-59
-1.37085e-59
1.344e-60
-6.89453e-61
5.09325e-62
-3.37494e-62
1.69302e-63
-1.34562e-63
-1.6739e-63
5.72317e-63
-3.97082e-62
1.2665e-61
-8.88686e-61
2.68667e-60
-1.94182e-59
5.49376e-59
-4.12111e-58
1.08947e-57
-8.53352e-57
2.07168e-56
-1.71067e-55
3.8158e-55
-3.34447e-54
6.68583e-54
-6.30187e-53
1.13343e-52
-1.15819e-51
1.80506e-51
-2.03851e-50
2.77913e-50
-3.5036e-49
3.93491e-49
-5.71329e-48
5.38406e-48
-9.12616e-47
6.50552e-47
-1.36344e-45
7.58369e-46
-2.00942e-44
7.09041e-45
-2.70686e-43
6.25115e-44
-3.65176e-42
2.87755e-43
-4.33322e-41
3.0154e-43
-5.31831e-40
-2.78744e-41
-5.3463e-39
-2.87784e-40
-5.86759e-38
-4.27661e-37
6.10216e-39
6.4515e-37
-6.81783e-39
6.78278e-38
-8.30764e-40
8.98992e-39
-1.40921e-40
7.21406e-40
-1.3619e-41
7.03105e-41
-1.48668e-42
5.3998e-42
-1.25276e-43
4.54034e-43
-1.10095e-44
3.27267e-44
-8.3122e-46
2.42759e-45
-6.30975e-47
1.62084e-46
-4.33104e-48
1.08307e-47
-2.93771e-49
6.7098e-49
-1.85316e-50
4.10571e-50
-1.14579e-51
2.37158e-51
-6.69979e-53
1.34434e-52
-3.82569e-54
7.27624e-54
-2.08797e-55
3.85307e-55
-1.11131e-56
1.96295e-56
-5.69342e-58
9.77191e-58
-2.84395e-59
4.70439e-59
-1.37443e-60
2.21248e-60
-7.19997e-62
1.0056e-61
-1.65648e-61
-5.87736e-63
-3.56865e-60
-2.39351e-61
-7.60213e-59
-5.38117e-60
-1.57933e-57
-1.18107e-58
-3.17617e-56
-2.51756e-57
-6.22503e-55
-5.24103e-56
-1.17583e-53
-1.05605e-54
-2.16391e-52
-2.07814e-53
-3.81393e-51
-3.93972e-52
-6.55303e-50
-7.29943e-51
-1.06841e-48
-1.29426e-49
-1.70176e-47
-2.2475e-48
-2.53577e-46
-3.6983e-47
-3.71065e-45
-5.98815e-46
-4.96346e-44
-9.04928e-45
-6.59367e-43
-1.35891e-43
-7.6875e-42
-1.85929e-42
-9.11024e-41
-2.58202e-41
-8.73328e-40
-3.14722e-40
-8.90621e-39
-4.08548e-39
-5.9135e-38
-4.38583e-38
-4.53812e-37
-5.39775e-37
-4.4988e-36
4.74784e-38
3.83726e-36
-5.5098e-38
4.23626e-37
-6.5733e-39
3.2641e-38
-9.96259e-40
1.86713e-39
-9.19371e-41
1.20166e-40
-9.47926e-42
7.45003e-42
-7.74398e-43
5.57966e-43
-6.60479e-44
3.84872e-44
-4.89361e-45
2.80872e-45
-3.65284e-46
1.86046e-46
-2.47848e-47
1.23923e-47
-1.66462e-48
7.65305e-49
-1.04262e-49
4.67496e-50
-6.40901e-51
2.69461e-51
-3.73176e-52
1.52543e-52
-2.12402e-53
8.24292e-54
-1.15667e-54
4.36019e-55
-6.14729e-56
2.21845e-56
-3.14691e-57
1.10337e-57
-1.57164e-58
5.30634e-59
-7.5976e-60
2.49367e-60
-3.94754e-61
1.14045e-61
-8.32744e-61
1.22513e-62
-1.78338e-59
1.65282e-61
-3.78527e-58
3.69422e-60
-7.83898e-57
8.07243e-59
-1.57251e-55
1.7133e-57
-3.07605e-54
3.54791e-56
-5.80431e-53
7.11277e-55
-1.06791e-51
1.3907e-53
-1.88427e-50
2.62065e-52
-3.2443e-49
4.81684e-51
-5.31181e-48
8.4789e-50
-8.50752e-47
1.45742e-48
-1.27922e-45
2.37653e-47
-1.89224e-44
3.79442e-46
-2.57498e-43
5.65562e-45
-3.48781e-42
8.26535e-44
-4.19884e-41
1.07968e-42
-5.14742e-40
1.31992e-41
-5.24225e-39
1.05115e-40
-5.63725e-38
-2.28819e-40
-4.16813e-37
-4.4288e-38
-3.32731e-36
-1.20366e-36
-2.12799e-35
5.56726e-37
3.95149e-36
-6.34706e-37
4.33436e-36
-6.44506e-38
2.31083e-37
-9.41287e-39
9.25297e-39
-8.13091e-40
2.36386e-40
-8.20196e-41
5.82105e-43
-6.45971e-42
-5.98609e-43
-5.42443e-43
-5.73359e-44
-3.92651e-44
-4.61275e-45
-2.89643e-45
-3.14759e-46
-1.93382e-46
-2.11748e-47
-1.28668e-47
-1.31443e-48
-7.9643e-49
-8.05005e-50
-4.85845e-50
-4.65212e-51
-2.80338e-51
-2.6382e-52
-1.58551e-52
-1.42843e-53
-8.57227e-54
-7.56693e-55
-4.53144e-55
-3.85626e-56
-2.30616e-56
-1.92037e-57
-1.14644e-57
-9.24796e-59
-5.51512e-59
-4.35065e-60
-2.86891e-60
-1.96095e-61
-6.38907e-60
5.19092e-62
-1.3786e-58
1.4014e-60
-2.94389e-57
3.14806e-59
-6.13879e-56
6.90661e-58
-1.23948e-54
1.47158e-56
-2.44335e-53
3.06172e-55
-4.64296e-52
6.16561e-54
-8.61784e-51
1.21229e-52
-1.53226e-49
2.2964e-51
-2.66554e-48
4.24991e-50
-4.40114e-47
7.5272e-49
-7.13773e-46
1.30504e-47
-1.08333e-44
2.14399e-46
-1.62821e-43
3.4622e-45
-2.23888e-42
5.21096e-44
-3.09895e-41
7.74736e-43
-3.77425e-40
1.03081e-41
-4.78058e-39
1.31653e-40
-4.93518e-38
1.17323e-39
-5.63595e-37
2.12794e-39
-4.26541e-36
-3.60236e-37
-3.99678e-35
-1.14266e-35
-2.42628e-34
2.42705e-37
2.03712e-34
-2.75898e-37
6.03331e-36
-2.73581e-38
3.15867e-37
-3.9791e-39
1.23976e-38
-3.40084e-40
2.90823e-40
-3.42117e-41
-1.73076e-42
-2.67787e-42
-1.02857e-42
-2.24359e-43
-9.32693e-44
-1.61734e-44
-7.40081e-45
-1.19071e-45
-5.02671e-46
-7.92601e-47
-3.37591e-47
-5.26467e-48
-2.09302e-48
-3.25119e-49
-1.28096e-49
-1.98036e-50
-7.39679e-51
-1.14057e-51
-4.19243e-52
-6.4422e-53
-2.26853e-53
-3.47768e-54
-1.20116e-54
-1.83618e-55
-6.11817e-56
-9.33243e-57
-3.04551e-57
-4.63436e-58
-1.46598e-58
-2.22444e-59
-6.8942e-60
-5.97653e-61
-3.13887e-61
9.99893e-60
5.02351e-63
2.20444e-58
4.39439e-61
4.69911e-57
9.89131e-60
9.77755e-56
2.17235e-58
1.97004e-54
4.63327e-57
3.87338e-53
9.65143e-56
7.34231e-52
1.94579e-54
1.35849e-50
3.83128e-53
2.40839e-49
7.26688e-52
4.17312e-48
1.34716e-50
6.86626e-47
2.38964e-49
1.10793e-45
4.15199e-48
1.67436e-44
6.83514e-47
2.49965e-43
1.10785e-45
3.41862e-42
1.67759e-44
4.68803e-41
2.53662e-43
5.66963e-40
3.54635e-42
7.08333e-39
5.23377e-41
7.24261e-38
7.53065e-40
8.0882e-37
1.31281e-38
6.034e-36
2.33435e-37
5.40815e-35
4.34576e-36
6.25425e-35
-8.09803e-37
-9.86373e-35
9.22367e-37
3.41179e-37
9.30764e-38
2.59925e-38
1.35868e-38
1.4517e-39
1.17073e-39
8.80052e-41
1.18056e-40
5.21141e-42
9.28531e-42
3.78187e-43
7.79439e-43
2.57577e-44
5.63696e-44
1.87067e-45
4.15665e-45
1.23676e-46
2.77338e-46
8.23231e-48
1.84464e-47
5.08127e-49
1.1412e-48
3.1031e-50
6.95932e-50
1.78799e-51
4.01386e-51
1.01196e-52
2.26942e-52
5.46675e-54
1.22653e-53
2.8911e-55
6.48176e-55
1.47063e-56
3.29764e-56
7.3129e-58
1.63887e-57
3.51619e-59
7.88444e-59
1.65195e-60
4.74042e-60
7.17271e-62
2.35466e-59
-8.18965e-62
5.13476e-58
-1.96638e-60
1.09556e-56
-4.41654e-59
2.28208e-55
-9.68992e-58
4.60294e-54
-2.06469e-56
9.06163e-53
-4.29585e-55
1.71975e-51
-8.65105e-54
3.18676e-50
-1.70102e-52
5.65732e-49
-3.22219e-51
9.82079e-48
-5.96323e-50
1.61843e-46
-1.05615e-48
2.61753e-45
-1.83097e-47
3.96316e-44
-3.0073e-46
5.93453e-43
-4.85245e-45
8.13477e-42
-7.28227e-44
1.1202e-40
-1.07209e-42
1.3586e-39
-1.3754e-41
1.70791e-38
-1.54128e-40
1.75287e-37
-4.67486e-40
1.97823e-36
3.67279e-38
1.48446e-35
1.64499e-36
1.36151e-34
4.28558e-35
8.29659e-34
-3.10197e-37
1.10329e-36
3.54389e-37
-1.8532e-36
3.67156e-38
-8.92179e-38
5.38824e-39
-3.0136e-39
4.69791e-40
-2.69418e-42
4.75373e-41
7.37216e-42
3.76449e-42
8.97032e-43
3.16858e-43
7.0572e-44
2.30192e-44
5.38349e-45
1.70118e-45
3.61839e-46
1.13874e-46
2.42246e-47
7.58813e-48
1.50054e-48
4.70598e-49
9.18072e-50
2.87438e-50
5.30066e-51
1.66105e-51
3.00416e-52
9.40443e-53
1.62549e-53
5.0908e-54
8.60657e-55
2.69354e-55
4.38372e-56
1.37218e-56
2.18213e-57
6.8268e-58
1.05039e-58
3.28488e-59
4.93977e-60
1.23929e-60
2.23246e-61
-6.8033e-60
-4.28472e-62
-1.51077e-58
-1.21939e-60
-3.22569e-57
-2.73841e-59
-6.72453e-56
-6.0053e-58
-1.35735e-54
-1.27901e-56
-2.6746e-53
-2.65974e-55
-5.08025e-52
-5.35357e-54
-9.42403e-51
-1.05202e-52
-1.67462e-49
-1.9917e-51
-2.91084e-48
-3.68342e-50
-4.80231e-47
-6.51958e-49
-7.77956e-46
-1.12929e-47
-1.17944e-44
-1.85335e-46
-1.76985e-43
-2.98662e-45
-2.42985e-42
-4.47413e-44
-3.35568e-41
-6.55628e-43
-4.07778e-40
-8.29819e-42
-5.148e-39
-8.8254e-41
-5.29696e-38
-5.06012e-41
-6.02032e-37
3.02969e-38
-4.53512e-36
1.22445e-36
-4.22197e-35
3.11588e-35
5.92072e-34
2.4402e-37
-1.46292e-36
-2.77539e-37
-1.63745e-37
-2.73952e-38
-9.90402e-39
-3.96496e-39
-4.1769e-40
-3.37462e-40
-9.74085e-42
-3.38358e-41
1.42629e-43
-2.64038e-42
4.63274e-44
-2.20738e-43
4.2098e-45
-1.58788e-44
3.35795e-46
-1.16732e-45
2.31888e-47
-7.75889e-47
1.57114e-48
-5.14843e-48
9.86544e-50
-3.17613e-49
6.08265e-51
-1.93326e-50
3.54595e-52
-1.11263e-51
2.02205e-53
-6.28128e-53
1.10215e-54
-3.3891e-54
5.86512e-56
-1.7888e-55
3.00462e-57
-9.08852e-57
1.50192e-58
-4.51224e-58
7.26294e-60
-2.17042e-59
3.42829e-61
-1.75262e-60
1.69077e-62
-1.65834e-59
2.96163e-62
-3.63113e-58
6.68828e-61
-7.74528e-57
1.50494e-59
-1.61284e-55
3.30902e-58
-3.2521e-54
7.06626e-57
-6.4e-53
1.47386e-55
-1.21422e-51
2.97549e-54
-2.24908e-50
5.86735e-53
-3.99129e-49
1.11464e-51
-6.92541e-48
2.06983e-50
-1.14084e-46
3.67837e-49
-1.84408e-45
6.40374e-48
-2.79089e-44
1.05653e-46
-4.17622e-43
1.71616e-45
-5.72181e-42
2.6042e-44
-7.87187e-41
3.93901e-43
-9.54203e-40
5.47959e-42
-1.19792e-38
7.92281e-41
-1.22868e-37
1.07591e-39
-1.3834e-36
1.70721e-38
-1.03709e-35
2.67631e-37
-9.45974e-35
4.60227e-36
6.11097e-35
1.65581e-38
-1.95195e-38
-2.30671e-39
-3.30811e-40
-2.97451e-41
-2.96391e-42
-2.37279e-43
-1.98339e-44
-1.44989e-45
-1.06924e-46
-7.19169e-48
-4.79417e-49
-2.98591e-50
-1.82701e-51
-1.06007e-52
-6.01718e-54
-3.27008e-55
-1.73545e-56
-8.87545e-58
-4.43035e-59
-2.14505e-60
-1.99529e-61
-2.20884e-60
-4.81366e-59
-1.02138e-57
-2.11398e-56
-4.23776e-55
-8.28144e-54
-1.56088e-52
-2.86735e-51
-5.05037e-50
-8.67538e-49
-1.41662e-47
-2.26104e-46
-3.38611e-45
-4.98293e-44
-6.73867e-43
-9.05613e-42
-1.07934e-40
-1.30738e-39
-1.3096e-38
-1.385e-37
-9.99036e-37
-7.87368e-36
)
;

boundaryField
{
    leftWall
    {
        type            calculated;
        value           uniform 0;
    }
    rightWall
    {
        type            calculated;
        value           nonuniform 0();
    }
    lowerWall
    {
        type            calculated;
        value           nonuniform 0();
    }
    atmosphere
    {
        type            calculated;
        value           nonuniform List<scalar> 
45
(
-5.72671e-37
-5.86883e-38
-7.81653e-39
-6.23127e-40
-6.07427e-41
-4.64008e-42
-3.89432e-43
-2.79569e-44
-2.07034e-45
-1.37858e-46
-9.20107e-48
-5.69023e-49
-3.47912e-50
-2.00739e-51
-1.13735e-52
-6.15176e-54
-3.25681e-55
-1.65858e-56
-8.25614e-58
-3.97414e-59
-1.86909e-60
-8.35129e-62
4.00949e-62
1.01505e-60
2.28331e-59
5.01763e-58
1.07094e-56
2.23234e-55
4.50433e-54
8.87589e-53
1.68523e-51
3.12691e-50
5.55369e-49
9.65928e-48
1.59257e-46
2.58313e-45
3.91305e-44
5.88805e-43
8.0839e-42
1.12604e-40
1.38229e-39
1.80818e-38
1.97952e-37
2.47215e-36
2.13005e-35
)
;
    }
    defaultFaces
    {
        type            empty;
        value           nonuniform 0();
    }
    procBoundary2to0
    {
        type            processor;
        value           nonuniform List<scalar> 
46
(
-3.48679e-37
-3.07674e-38
-3.05802e-39
-2.4325e-40
-2.02829e-41
-1.47535e-42
-1.08413e-43
-7.2558e-45
-4.81667e-46
-2.98492e-47
-1.8182e-48
-1.04966e-49
-5.93089e-51
-3.27524e-52
-1.27213e-52
-1.68412e-51
-2.52772e-50
-3.55653e-49
-4.9951e-48
-6.50312e-47
-8.67561e-46
-1.06371e-44
-1.3845e-43
-1.64294e-42
-2.12116e-41
8.36212e-37
7.0227e-36
6.55065e-35
1.46279e-35
-1.2806e-34
-2.59563e-35
8.2023e-35
3.78471e-36
-4.44857e-35
-2.60648e-35
-5.79124e-37
3.32614e-36
4.89063e-36
2.41564e-35
2.43279e-35
4.87676e-36
2.17421e-35
3.06864e-38
-2.13926e-35
3.50438e-36
-2.2648e-36
)
;
    }
    procBoundary2to3
    {
        type            processor;
        value           nonuniform List<scalar> 
43
(
4.09027e-39
4.62844e-40
7.47281e-41
6.14951e-42
-7.80771e-41
-3.52443e-39
-1.06557e-37
-2.43164e-36
-5.31492e-36
-4.61952e-36
-2.58617e-35
2.77959e-36
5.26877e-35
1.73265e-36
-2.63505e-35
-2.24166e-36
1.03271e-38
2.16856e-36
2.67816e-35
-3.63546e-35
-9.10501e-35
3.08868e-35
9.21936e-35
-3.28026e-35
-9.38414e-35
6.40472e-35
6.7272e-35
-2.77898e-35
-8.61427e-36
-4.31501e-35
-3.01492e-36
3.50435e-35
3.01308e-36
3.83364e-37
-2.46259e-40
-3.93835e-37
-2.88933e-36
-3.53206e-35
4.75875e-35
1.2008e-34
-3.72904e-35
-8.33837e-35
-6.82993e-36
)
;
    }
}


// ************************************************************************* //
