/*--------------------------------*- C++ -*----------------------------------*\
| =========                 |                                                 |
| \\      /  F ield         | OpenFOAM: The Open Source CFD Toolbox           |
|  \\    /   O peration     | Version:  2.4.0                                 |
|   \\  /    A nd           | Web:      www.OpenFOAM.org                      |
|    \\/     M anipulation  |                                                 |
\*---------------------------------------------------------------------------*/
FoamFile
{
    version     2.0;
    format      ascii;
    class       surfaceScalarField;
    location    "0.75";
    object      phi;
}
// * * * * * * * * * * * * * * * * * * * * * * * * * * * * * * * * * * * * * //

dimensions      [0 3 -1 0 0 0 0];

internalField   nonuniform List<scalar> 
3781
(
3.71931e-39
9.01225e-41
1.96179e-38
5.05254e-40
2.81614e-38
3.35946e-39
5.65749e-37
2.49755e-39
7.33464e-41
-6.46173e-39
-5.65207e-37
-6.45052e-39
-2.39437e-38
2.5978e-39
3.81526e-39
3.95467e-39
4.4585e-38
4.3819e-39
5.97717e-37
6.04751e-39
5.89581e-37
-3.34798e-39
-5.13682e-37
-8.95925e-39
2.39053e-38
2.49752e-39
5.70023e-37
5.85671e-39
2.87025e-38
-2.59928e-39
1.96977e-38
-3.37236e-39
3.74965e-39
-5.06439e-40
4.68451e-40
-8.90812e-41
6.57152e-41
-1.1379e-41
7.64654e-42
-1.48505e-42
9.03321e-43
-1.67452e-43
9.58571e-44
-1.85288e-44
1.00888e-44
-1.87402e-45
1.94658e-45
-1.67031e-46
1.01714e-44
1.68532e-46
9.67338e-44
1.88947e-45
9.12332e-43
1.86957e-44
7.73221e-42
1.6914e-43
6.65207e-41
1.50167e-42
4.75174e-40
1.15276e-41
3.80753e-39
9.0395e-41
2.00986e-38
5.16296e-40
3.19683e-38
3.44973e-39
5.8584e-37
3.01365e-39
3.19683e-38
-3.01365e-39
2.00986e-38
-3.44973e-39
3.80753e-39
-5.16296e-40
4.75174e-40
-9.0395e-41
6.65206e-41
-1.15278e-41
7.73161e-42
-1.50321e-42
9.08777e-43
-1.80844e-43
8.15308e-44
-9.36498e-44
-4.91579e-44
-4.54569e-43
-1.87496e-42
1.20719e-39
-1.02574e-40
6.12921e-39
-7.77946e-40
3.51178e-38
-4.8856e-39
5.59869e-38
-3.53903e-39
2.84732e-41
9.3446e-39
-5.57839e-38
9.32951e-39
-3.37201e-38
-3.68035e-39
1.2489e-39
-5.79256e-39
4.0232e-38
-6.46069e-39
9.23499e-38
-8.69377e-39
6.35127e-38
4.87026e-39
-1.33145e-38
1.28836e-38
7.55413e-39
-3.539e-39
5.74061e-38
-8.42436e-39
3.53203e-38
3.68219e-39
6.16063e-39
4.90285e-39
1.2236e-39
7.8098e-40
1.74262e-40
1.26275e-40
2.53477e-41
1.5288e-41
3.1326e-42
1.84218e-42
3.80086e-43
1.95942e-43
4.17244e-44
2.04786e-44
4.48003e-45
1.9818e-45
8.83285e-46
1.70313e-46
4.51797e-45
-1.71749e-46
4.21215e-44
-1.99704e-45
3.84076e-43
-2.06488e-44
3.16979e-42
-1.97735e-43
2.56852e-41
-1.86064e-42
1.77006e-40
-1.5463e-41
1.24573e-39
-1.27917e-40
6.30878e-39
-7.94385e-40
3.63633e-38
-5.01344e-39
6.22922e-38
-4.33319e-39
3.63633e-38
4.33319e-39
6.30878e-39
5.01344e-39
1.24573e-39
7.94385e-40
1.77006e-40
1.27917e-40
2.56843e-41
1.54617e-41
3.16404e-42
1.84978e-42
3.49559e-43
1.14212e-43
-1.06673e-43
-5.21588e-43
-5.81849e-43
-3.32395e-42
-1.40385e-41
2.93325e-40
-3.73036e-41
1.17244e-39
-2.65198e-40
5.16208e-39
-1.38175e-39
7.78658e-39
-9.26605e-40
8.75306e-42
2.62542e-39
-7.72965e-39
2.61951e-39
-4.81798e-39
-9.78435e-40
3.0378e-40
-1.69378e-39
6.09672e-39
-1.91934e-39
1.32512e-38
-2.40669e-39
9.30227e-39
1.37565e-39
-1.09994e-39
3.552e-39
1.52442e-39
-9.26573e-40
8.13711e-39
-2.30813e-39
5.21876e-39
9.79186e-40
1.18174e-39
1.38847e-39
2.96064e-40
2.6628e-40
4.8063e-41
4.59589e-41
7.73282e-42
5.99671e-42
1.02223e-42
7.52748e-43
1.3062e-43
8.3578e-44
1.49006e-44
8.98664e-45
1.64989e-45
8.94485e-46
3.33087e-46
7.83247e-47
1.66445e-45
-7.901e-47
1.505e-44
-9.01638e-46
1.32084e-43
-9.0649e-45
1.03546e-42
-8.43856e-44
7.84821e-42
-7.60824e-43
4.89513e-41
-6.07113e-42
3.02744e-40
-4.66262e-41
1.22181e-39
-2.71506e-40
5.46471e-39
-1.42826e-39
9.00724e-39
-1.198e-39
5.46471e-39
1.198e-39
1.22181e-39
1.42826e-39
3.02744e-40
2.71506e-40
4.89504e-41
4.66253e-41
7.84151e-42
6.06237e-42
9.91718e-43
6.88786e-43
-1.33396e-43
-4.769e-43
-1.14479e-42
-3.69004e-42
-4.6367e-42
-2.31078e-41
-9.97022e-41
5.17489e-41
-1.29905e-41
1.65582e-40
-7.30255e-41
5.79543e-40
-3.5075e-40
8.30841e-40
-2.27684e-40
1.88469e-42
6.65056e-40
-8.19426e-40
6.63262e-40
-5.17974e-40
-2.4277e-40
5.3707e-41
-4.36003e-40
7.04669e-40
-4.96696e-40
1.46378e-39
-6.06509e-40
1.05768e-39
3.48269e-40
-2.25484e-41
8.92624e-40
2.28729e-40
-2.27538e-40
8.93739e-40
-5.77626e-40
5.90872e-40
2.43012e-40
1.67503e-40
3.52232e-40
5.20584e-41
7.25059e-41
9.49775e-42
1.3415e-41
1.65262e-42
1.84807e-42
2.3101e-43
2.4298e-43
3.06916e-44
2.79848e-44
3.61246e-45
3.09962e-45
4.09554e-46
3.15984e-46
8.43105e-47
2.81648e-47
4.1329e-46
-2.84189e-47
3.6502e-45
-3.18599e-46
3.10542e-44
-3.12776e-45
2.34209e-43
-2.82695e-44
1.67962e-42
-2.45757e-43
9.69726e-42
-1.87289e-42
5.34728e-41
-1.36294e-41
1.75287e-40
-7.41048e-41
6.32968e-40
-3.63743e-40
1.00586e-39
-3.01615e-40
6.32968e-40
3.01615e-40
1.75287e-40
3.63743e-40
5.3472e-41
7.41042e-41
9.69112e-42
1.36236e-41
1.6322e-42
1.81984e-42
-7.93006e-44
-1.95563e-43
-1.89938e-42
-3.46313e-42
-8.57083e-42
-2.34379e-41
-3.487e-41
-1.49732e-40
-6.64427e-40
8.2237e-42
-1.81743e-41
2.052e-41
-2.11765e-41
4.95316e-41
-7.11575e-41
6.45779e-41
-4.29756e-41
3.77142e-43
1.26365e-40
-6.24491e-41
1.26136e-40
-3.93034e-41
-4.52594e-41
8.74123e-42
-8.42562e-41
6.34541e-41
-9.64688e-41
1.22638e-40
-1.14839e-40
9.49248e-41
6.62512e-41
1.56734e-41
1.68552e-40
3.07632e-41
-4.19766e-41
7.49097e-41
-1.08635e-40
5.14913e-41
4.53108e-41
2.07039e-41
6.71417e-41
8.42328e-42
1.47274e-41
1.70356e-42
2.87127e-42
3.18767e-43
4.14197e-43
4.66731e-44
5.64366e-44
6.42007e-45
6.70006e-45
7.75718e-46
7.59518e-46
8.97916e-47
7.89752e-47
1.87894e-47
7.13983e-48
9.0634e-47
-7.20593e-48
7.84115e-46
-7.96472e-47
6.49938e-45
-7.66652e-46
4.7358e-44
-6.77108e-45
3.24393e-43
-5.71156e-44
1.74363e-42
-4.20122e-43
8.69382e-42
-2.92085e-42
2.20758e-41
-1.50836e-41
5.81172e-41
-6.95854e-41
8.65488e-41
-5.70535e-41
5.81171e-41
5.70535e-41
2.20753e-41
6.9585e-41
8.68894e-42
1.50803e-41
1.70319e-42
2.889e-42
7.78928e-45
1.2391e-43
-2.07669e-42
-2.44413e-42
-1.33098e-41
-2.01694e-41
-6.03863e-41
-1.38749e-40
-2.50818e-40
-9.12967e-40
-4.20474e-39
-1.73811e-43
-1.06252e-40
3.71619e-42
-4.57134e-41
3.67461e-42
-4.15905e-41
3.18005e-42
-1.37795e-41
1.483e-43
2.09988e-41
-2.4428e-42
2.20574e-41
-1.40733e-42
-7.9237e-42
1.29759e-42
-1.50192e-41
4.33099e-42
-1.72399e-41
7.00976e-42
-2.02161e-41
6.60699e-42
1.16778e-41
4.00309e-42
2.96057e-41
3.87228e-42
-7.26107e-42
4.35614e-42
-1.902e-41
3.26025e-42
7.90553e-42
2.36785e-42
1.18557e-41
1.24336e-42
2.70503e-42
2.73052e-43
5.51921e-43
5.39881e-44
8.2568e-44
8.20336e-45
1.16051e-44
1.15983e-45
1.41249e-45
1.43228e-46
1.63353e-46
1.68667e-47
1.72666e-47
3.57937e-48
1.57999e-48
1.70288e-47
-1.59493e-48
1.44825e-46
-1.7417e-47
1.1747e-45
-1.64932e-46
8.32952e-45
-1.42799e-45
5.50011e-44
-1.17509e-44
2.80062e-43
-8.38136e-44
1.28885e-42
-5.62079e-43
2.58459e-42
-2.77567e-42
4.21405e-42
-1.23223e-41
5.37193e-42
-1.00353e-41
4.21373e-42
1.00352e-41
2.58142e-42
1.23208e-41
1.25962e-42
2.75994e-42
3.45539e-44
4.07363e-43
-1.89573e-42
-1.37611e-42
-1.3313e-41
-1.25384e-41
-8.53129e-41
-1.0365e-40
-3.96936e-40
-7.35382e-40
-1.68846e-39
-5.02564e-39
-2.43453e-38
-7.5769e-42
-6.55917e-40
1.13214e-41
-2.67433e-40
5.52314e-42
-1.90558e-40
2.52875e-42
-4.14412e-41
6.10278e-43
-4.58423e-42
3.75316e-43
2.30053e-42
2.17461e-43
-1.40428e-42
1.89496e-43
-2.41206e-42
1.59004e-43
-2.7544e-42
3.53579e-45
-3.18378e-42
2.78541e-43
1.84117e-42
7.14892e-43
4.65262e-42
4.91024e-43
-1.1249e-42
2.39086e-44
-2.98027e-42
7.2234e-44
1.23466e-42
2.73216e-43
1.87236e-42
1.7826e-43
4.42162e-43
4.15157e-44
9.35515e-44
8.55647e-45
1.44286e-44
1.3374e-45
2.07968e-45
1.93299e-46
2.5849e-46
2.42927e-47
3.03961e-47
2.90177e-48
3.25849e-48
6.22961e-49
3.01257e-49
2.93022e-48
-3.0416e-49
2.45704e-47
-3.28746e-48
1.95853e-46
-3.06971e-47
1.35875e-45
-2.61413e-46
8.72485e-45
-2.10676e-45
4.2654e-44
-1.4656e-44
1.8543e-43
-9.53662e-44
3.05785e-43
-4.5445e-43
2.06273e-43
-1.95096e-42
1.01466e-43
-1.57914e-42
2.04516e-43
1.57852e-42
2.88453e-43
1.94464e-42
2.35385e-44
3.87263e-43
-1.33684e-42
-5.7465e-43
-1.11584e-41
-6.42566e-42
-7.79619e-41
-5.66515e-41
-5.13156e-40
-4.83284e-40
-2.46574e-39
-3.57957e-39
-1.08367e-38
-2.58571e-38
-1.34338e-37
-2.20085e-41
-3.87563e-39
9.08793e-41
-1.51606e-39
3.96337e-41
-1.07647e-39
1.82689e-41
-2.24039e-40
3.90563e-42
-4.30347e-41
8.46744e-43
-5.8107e-42
1.73439e-43
-1.0585e-42
4.21946e-44
-4.64918e-43
-1.05581e-44
-4.26706e-43
-7.24133e-44
-4.76224e-43
-1.0747e-44
2.74662e-43
1.07208e-43
6.92936e-43
6.21863e-44
-1.65715e-43
-4.02297e-44
-4.42794e-43
-1.91773e-44
1.83112e-43
3.21916e-44
2.79838e-43
2.43755e-44
6.77823e-44
5.91619e-45
1.47712e-44
1.25652e-45
2.33381e-45
2.00816e-46
3.43401e-46
2.95385e-47
4.34162e-47
3.7668e-48
5.17641e-48
4.55328e-49
5.61419e-49
9.87247e-50
5.23543e-50
4.59869e-49
-5.28667e-50
3.81076e-48
-5.66496e-49
2.99386e-47
-5.22872e-48
2.04122e-46
-4.39191e-47
1.28219e-45
-3.48005e-46
6.08652e-45
-2.37194e-45
2.54231e-44
-1.50701e-44
3.67856e-44
-6.97633e-44
-1.19434e-45
-2.92201e-43
-3.57391e-44
-2.35591e-43
-9.50526e-45
2.33584e-43
-4.61531e-44
2.71583e-43
-7.60236e-43
-1.52176e-43
-6.80308e-42
-2.23275e-42
-5.63114e-41
-2.20685e-41
-4.03682e-40
-2.00022e-40
-2.74272e-39
-1.78277e-39
-1.37097e-38
-1.40957e-38
-6.24454e-38
-1.1021e-37
-6.36489e-37
2.10826e-40
-2.05577e-38
7.70097e-40
-8.10174e-39
2.86664e-40
-5.89399e-39
1.189e-40
-1.17418e-39
2.41406e-41
-2.19516e-40
4.60269e-42
-3.0732e-41
6.8888e-43
-4.16399e-42
9.80419e-44
-5.3623e-43
7.60483e-45
-1.13093e-43
-1.3051e-44
-7.19528e-44
-4.47417e-45
3.7807e-44
1.47632e-44
9.65187e-44
7.89074e-45
-2.287e-44
-8.13497e-45
-6.15772e-44
-4.44407e-45
2.54192e-44
3.90024e-45
3.91245e-44
3.22622e-45
9.68765e-45
8.05196e-46
2.16127e-45
1.74836e-46
3.48354e-46
2.84287e-47
5.2121e-47
4.24087e-48
6.68419e-48
5.47274e-49
8.06144e-49
6.68085e-50
8.83024e-50
1.46053e-50
8.29477e-51
6.74841e-50
-8.37708e-51
5.53767e-49
-8.91129e-50
4.29943e-48
-8.14436e-49
2.89074e-47
-6.76329e-48
1.78502e-46
-5.2838e-47
8.29081e-46
-3.54229e-46
3.3694e-45
-2.20674e-45
4.49635e-45
-9.98494e-45
-2.37984e-45
-4.0958e-44
-1.11359e-44
-3.32567e-44
-3.75639e-44
2.79172e-44
-3.51565e-43
-1.46454e-44
-3.43068e-42
-5.98563e-43
-3.03922e-41
-6.2855e-42
-2.58324e-40
-6.36852e-41
-1.91254e-39
-6.03241e-40
-1.3549e-38
-5.78205e-39
-7.10462e-38
-5.06585e-38
-3.42993e-37
-4.50068e-37
-3.0098e-36
4.7521e-39
-1.06001e-37
6.60395e-39
-3.6194e-38
1.99532e-39
-2.54233e-38
6.98742e-40
-4.83789e-39
1.32794e-40
-8.61583e-40
2.40917e-41
-1.16482e-40
3.4576e-42
-1.51738e-41
4.70772e-43
-1.74581e-42
5.5732e-44
-2.00908e-43
4.34037e-45
-2.94817e-44
-8.86519e-47
3.80174e-45
1.95855e-45
1.42141e-44
9.83266e-46
-3.39699e-45
-1.18281e-45
-9.16269e-45
-6.69651e-46
3.77696e-45
4.70535e-46
5.84524e-45
4.08054e-46
1.47179e-45
1.0396e-46
3.34254e-46
2.29564e-47
5.47012e-47
3.78614e-48
8.2901e-48
5.71385e-49
1.07495e-48
7.44878e-50
1.30808e-49
9.16978e-51
1.44399e-50
2.01901e-51
1.36419e-51
9.26271e-51
-1.37788e-51
7.53707e-50
-1.4574e-50
5.79212e-49
-1.32173e-49
3.84841e-48
-1.0879e-48
2.34116e-47
-8.40669e-48
1.06638e-46
-5.56499e-47
4.20518e-46
-3.41544e-46
4.70684e-46
-1.51932e-45
-1.31012e-45
-6.14044e-45
-1.16696e-44
-5.11879e-45
-1.14004e-43
2.23031e-45
-1.15763e-42
-2.47161e-44
-1.13868e-41
-3.4973e-43
-1.03199e-40
-3.87919e-42
-9.03498e-40
-4.47074e-41
-6.94339e-39
-5.31199e-40
-5.14277e-38
-6.97852e-39
-2.85437e-37
-8.94573e-38
-1.45933e-36
-1.07217e-36
-9.72727e-36
9.86907e-38
-6.76067e-37
9.2308e-38
-2.51243e-37
2.34612e-38
-1.84936e-37
6.93749e-39
-3.09955e-38
1.20753e-39
-5.23849e-39
2.06804e-40
-6.69934e-40
2.84402e-41
-8.45257e-41
3.75816e-42
-9.38944e-42
4.39457e-43
-1.01726e-42
4.89397e-44
-1.02398e-43
4.9742e-45
-9.39616e-45
7.50684e-46
2.21664e-46
1.72504e-46
-3.40636e-46
-1.59154e-46
-7.18609e-46
-9.3539e-47
2.92927e-46
5.9569e-47
4.56074e-46
5.30339e-47
1.16815e-46
1.37047e-47
2.71628e-47
3.0622e-48
4.52871e-48
5.10207e-49
6.98754e-49
7.76332e-50
9.19732e-50
1.01937e-50
1.13428e-50
1.26222e-51
1.26661e-51
2.79018e-52
1.20765e-52
1.27093e-51
-1.21932e-52
1.02534e-50
-1.27762e-51
7.7808e-50
-1.14489e-50
5.06074e-49
-9.28903e-50
2.95153e-48
-7.0573e-49
1.17917e-47
-4.56629e-48
2.56025e-47
-2.71884e-47
-2.98486e-46
-1.13057e-46
-4.44812e-45
-3.82638e-46
-5.01497e-44
7.86712e-46
-5.51044e-43
1.4136e-44
-5.73032e-42
1.5418e-43
-5.78429e-41
1.63651e-42
-5.39297e-40
1.5684e-41
-4.91411e-39
1.26767e-40
-3.93928e-38
4.68296e-40
-3.12195e-37
-9.42741e-39
-1.85351e-36
-3.13667e-37
-1.10227e-35
-5.41911e-36
-6.7666e-35
1.5923e-36
-9.26707e-37
1.19821e-36
-7.88659e-37
2.2923e-37
-2.09598e-37
5.01391e-38
-2.96007e-38
7.61326e-39
-4.5831e-39
1.17145e-39
-5.66222e-40
1.51102e-40
-7.04294e-41
1.90098e-41
-7.76506e-42
2.14909e-42
-8.37982e-43
2.34351e-43
-8.35984e-44
2.37213e-44
-8.04028e-45
2.3312e-45
-6.45664e-46
2.22109e-46
-8.60347e-47
7.02645e-48
-6.30833e-47
-5.28474e-48
2.32685e-47
4.34883e-48
3.69854e-47
3.81546e-48
9.58514e-48
9.97716e-49
2.24809e-48
2.26064e-49
3.77984e-49
3.81253e-50
5.86632e-50
5.86647e-51
7.76406e-51
7.77834e-52
9.61106e-52
9.71647e-53
1.07687e-52
2.17956e-53
1.02909e-53
1.00262e-52
-1.03448e-53
8.18171e-52
-1.07957e-52
6.39097e-51
-9.59972e-52
4.49048e-50
-7.69178e-51
3.13338e-49
-5.70936e-50
2.10088e-48
-3.51013e-49
1.75197e-47
-1.84148e-48
1.69254e-46
-3.91341e-48
1.92324e-45
3.72303e-47
2.1595e-44
8.9829e-46
2.33482e-43
1.10019e-44
2.38491e-42
1.2312e-43
2.34501e-41
1.3188e-42
2.13824e-40
1.28046e-41
1.87753e-39
1.07183e-40
1.46392e-38
4.90717e-40
1.09554e-37
-5.43379e-39
6.30584e-37
-2.18751e-37
3.35215e-36
-3.94859e-36
-5.11805e-35
3.48811e-35
-1.75422e-35
2.02604e-36
-1.01104e-36
1.55473e-36
5.40978e-38
3.21798e-37
1.94431e-38
4.44122e-38
4.10688e-39
6.60511e-39
5.54101e-40
8.15372e-40
7.1211e-41
1.00266e-40
7.92404e-42
1.1053e-41
8.56535e-43
1.18606e-42
8.53308e-44
1.18114e-43
8.24213e-45
1.13793e-44
7.56991e-46
1.03661e-45
6.45941e-47
9.03049e-47
1.3275e-48
7.15925e-48
2.1963e-48
9.31493e-49
2.76658e-48
3.28082e-49
7.18282e-49
7.74999e-50
1.70047e-49
1.71182e-50
2.88739e-50
2.87993e-51
4.52169e-51
4.4381e-52
6.03297e-52
5.90414e-53
7.51955e-53
7.44606e-54
8.4765e-54
2.43092e-54
8.09987e-55
1.92725e-53
-8.79233e-55
2.34001e-52
-9.44883e-54
2.95481e-51
-8.95289e-53
3.78721e-50
-8.10503e-52
4.91082e-49
-7.45838e-51
6.28745e-48
-6.94343e-50
7.92255e-47
-7.16637e-49
9.65754e-46
-7.85295e-48
1.14232e-44
-9.32652e-47
1.29195e-43
-1.10629e-45
1.41157e-42
-1.30332e-44
1.45812e-41
-1.46035e-43
1.45547e-40
-1.55695e-42
1.34724e-39
-1.48486e-41
1.20971e-38
-1.16805e-40
9.63859e-38
-3.20348e-40
7.49464e-37
1.20128e-38
4.4726e-36
3.59134e-37
2.59832e-35
6.12867e-36
7.68717e-35
1.73107e-36
-6.92956e-37
1.02573e-36
-5.04184e-37
2.00709e-37
1.147e-37
4.48644e-38
2.59881e-38
6.94498e-39
4.9384e-39
1.08513e-39
6.53763e-40
1.41556e-40
8.36145e-41
1.79661e-41
9.32916e-42
2.04489e-42
1.01165e-42
2.24225e-43
1.01183e-43
2.28024e-44
9.80099e-45
2.23139e-45
8.95752e-46
2.06255e-46
7.90003e-47
1.83074e-47
6.36075e-48
1.52692e-48
6.72985e-49
1.4953e-49
2.44168e-49
2.9472e-50
5.64678e-50
5.93041e-51
1.29452e-50
1.24337e-51
2.18942e-51
2.0699e-52
3.42973e-52
3.18598e-53
4.58838e-53
4.24955e-54
5.73219e-54
5.37973e-55
6.47598e-55
1.80051e-55
5.90623e-56
1.44171e-54
-1.14171e-55
1.74347e-53
-1.45105e-54
2.18135e-52
-1.78834e-53
2.76105e-51
-2.24877e-52
3.5198e-50
-2.91172e-51
4.4242e-49
-3.79739e-50
5.45063e-48
-4.97556e-49
6.49495e-47
-6.40196e-48
7.46621e-46
-8.08337e-47
8.21126e-45
-9.84524e-46
8.63843e-44
-1.16125e-44
8.60987e-43
-1.29877e-43
8.1442e-42
-1.37676e-42
7.18578e-41
-1.29073e-41
5.92897e-40
-9.51435e-41
4.41375e-39
-7.33971e-41
2.93221e-38
1.50732e-38
1.58706e-37
3.95028e-37
5.90641e-37
6.49584e-36
7.90374e-35
1.83158e-37
-5.35254e-37
-1.14567e-38
-7.84921e-38
5.76955e-39
1.26059e-38
3.62437e-39
3.81455e-39
7.82137e-40
7.91614e-40
1.51483e-40
1.125e-40
2.22807e-41
1.49885e-41
3.08217e-42
1.73662e-42
3.71828e-43
1.93275e-43
4.26233e-44
1.98006e-44
4.48048e-45
1.95297e-45
4.50122e-46
1.81425e-46
4.24722e-47
1.62363e-47
3.84314e-48
1.36535e-48
3.29318e-49
1.23274e-49
2.90132e-50
2.30321e-50
3.52198e-51
4.41736e-51
5.24643e-52
9.46765e-52
9.46814e-53
1.57845e-52
1.50134e-53
2.46495e-53
2.26581e-54
3.30367e-54
2.99088e-55
4.13798e-55
1.78101e-56
4.7123e-56
-3.01707e-55
8.08503e-57
-4.6899e-54
5.23983e-56
-6.98316e-53
8.40129e-55
-1.01104e-51
1.30675e-53
-1.41921e-50
1.95995e-52
-1.93576e-49
2.84417e-51
-2.55197e-48
3.98935e-50
-3.26481e-47
5.42556e-49
-4.01739e-46
7.12104e-48
-4.7911e-45
9.06266e-47
-5.45533e-44
1.10812e-45
-6.01786e-43
1.3134e-44
-6.26371e-42
1.48573e-43
-6.32971e-41
1.63488e-42
-5.90811e-40
1.71074e-41
-5.39233e-39
1.78321e-40
-4.32917e-38
1.80341e-39
-3.43908e-37
1.9302e-38
-2.04552e-36
2.01048e-37
-1.22069e-35
2.09664e-36
1.70585e-35
1.52749e-38
-9.8611e-38
-8.06686e-39
-1.49413e-38
-8.56342e-40
7.28679e-40
1.62295e-40
4.33533e-40
6.27484e-41
1.09763e-40
1.51375e-41
1.72101e-41
2.47463e-42
2.47275e-42
3.65673e-43
3.02056e-43
4.61851e-44
3.50453e-44
5.47122e-45
3.70487e-45
5.90292e-46
3.74689e-46
6.05044e-47
3.55006e-47
5.80586e-48
3.23018e-48
5.32868e-49
2.78028e-49
4.63564e-50
2.39147e-50
3.99792e-51
2.81787e-51
4.00572e-52
3.99962e-52
4.7766e-53
7.25475e-53
7.254e-54
1.14681e-53
1.06977e-54
1.75173e-54
1.56233e-55
2.33137e-55
2.08755e-56
2.91464e-56
9.31857e-57
3.72538e-57
1.05622e-55
7.27171e-57
1.59202e-54
1.10783e-55
2.34072e-53
1.7276e-54
3.34911e-52
2.62735e-53
4.64691e-51
3.88602e-52
6.25951e-50
5.59571e-51
8.14357e-49
7.81492e-50
1.02596e-47
1.06085e-48
1.24157e-46
1.39144e-47
1.45112e-45
1.77105e-46
1.61624e-44
2.16665e-45
1.73427e-43
2.56975e-44
1.75122e-42
2.90916e-43
1.70069e-41
3.20198e-42
1.51974e-40
3.34705e-41
1.3056e-39
3.47204e-40
9.8191e-39
3.46804e-39
7.06864e-38
3.63155e-38
3.80203e-37
3.66515e-37
1.86944e-36
3.72289e-36
2.94679e-35
1.70879e-39
-1.11565e-38
-1.66164e-39
-1.9138e-39
-2.54859e-40
-2.47928e-41
-1.30409e-41
3.43067e-41
3.17212e-42
1.10134e-41
1.29856e-42
1.90439e-42
2.49186e-43
2.91773e-43
4.0355e-44
3.73171e-44
5.39364e-45
4.47821e-45
6.65544e-46
4.86286e-46
7.39903e-47
5.02104e-47
7.76301e-48
4.84032e-48
7.58774e-49
4.46664e-49
7.07069e-50
3.90169e-50
6.23615e-51
3.33419e-51
5.35571e-52
3.28087e-52
4.85091e-53
3.75216e-53
4.86682e-54
5.63511e-54
6.03926e-55
8.22456e-55
7.92467e-56
1.20995e-55
1.1047e-56
1.5879e-56
4.61767e-57
1.97552e-57
5.19086e-56
2.93388e-58
8.06257e-55
1.17614e-57
1.22523e-53
1.84874e-56
1.81157e-52
2.89132e-55
2.60776e-51
4.41183e-54
3.64189e-50
6.54983e-53
4.9424e-49
9.47264e-52
6.483e-48
1.3292e-50
8.24729e-47
1.81435e-49
1.00889e-45
2.39452e-48
1.19477e-44
3.07311e-47
1.35044e-43
3.80637e-46
1.47608e-42
4.63048e-45
1.52184e-41
5.56473e-44
1.51877e-40
7.08262e-43
1.39974e-39
1.01115e-41
1.25489e-38
1.73512e-40
9.90144e-38
3.28214e-39
7.65277e-37
6.19629e-38
4.44315e-36
1.04505e-36
2.5191e-35
1.48014e-35
1.62467e-34
1.68802e-40
-1.46969e-39
-1.92327e-40
-2.60639e-40
-3.3595e-41
-1.93334e-41
-3.39956e-42
1.36756e-42
5.04654e-45
9.34594e-43
8.98061e-44
1.88951e-43
2.10679e-44
3.16799e-44
3.74338e-45
4.28299e-45
5.27995e-46
5.35241e-46
6.75938e-47
5.98771e-47
7.72177e-48
6.32765e-48
8.27144e-49
6.21261e-49
8.22107e-50
5.81878e-50
7.76538e-51
5.15118e-51
6.93087e-52
4.41338e-52
5.97363e-53
3.96845e-53
5.19804e-54
3.88199e-54
4.75972e-55
4.74631e-55
5.08362e-56
6.13625e-56
5.94168e-57
8.42326e-57
1.0555e-57
1.0697e-57
5.11497e-57
9.42718e-59
8.03646e-56
-5.99968e-58
1.25337e-54
-1.00497e-56
1.90685e-53
-1.60542e-55
2.82269e-52
-2.50023e-54
4.06856e-51
-3.79775e-53
5.68979e-50
-5.61171e-52
7.73363e-49
-8.07411e-51
1.0161e-47
-1.12679e-49
1.29508e-46
-1.52841e-48
1.58746e-45
-2.00292e-47
1.88448e-44
-2.54591e-46
2.13537e-43
-3.10644e-45
2.34145e-42
-3.65986e-44
2.42188e-41
-4.06528e-43
2.42765e-40
-4.23156e-42
2.24718e-39
-3.71723e-41
2.02799e-38
-2.04943e-40
1.61014e-37
2.06762e-39
1.25878e-36
9.54465e-38
7.38118e-36
2.09747e-36
4.29651e-35
3.28407e-35
3.88425e-34
1.87642e-41
-1.53841e-40
-2.19229e-41
-2.89698e-41
-4.08044e-42
-3.24067e-42
-5.57321e-43
-8.44447e-44
-3.49102e-44
6.20738e-44
3.80122e-45
1.57052e-44
1.51769e-45
2.90828e-45
3.14758e-46
4.15864e-46
4.78172e-47
5.40018e-47
6.41671e-48
6.21317e-48
7.57051e-49
6.70762e-49
8.30607e-50
6.69944e-50
8.40895e-51
6.36149e-51
8.05993e-52
5.69956e-52
7.28152e-53
4.91453e-53
6.31722e-54
4.26413e-54
5.39698e-55
3.84492e-55
4.68307e-56
4.04837e-56
4.46564e-57
4.63714e-57
4.6314e-58
5.84314e-58
6.18564e-59
6.89576e-59
1.5191e-58
-2.96435e-59
2.33431e-57
-6.37464e-58
3.64193e-56
-1.0439e-56
5.54399e-55
-1.66739e-55
8.21182e-54
-2.59676e-54
1.18445e-52
-3.94438e-53
1.65765e-51
-5.82838e-52
2.25497e-50
-8.38585e-51
2.96536e-49
-1.17029e-49
3.78343e-48
-1.58741e-48
4.64258e-47
-2.08022e-47
5.51835e-46
-2.64416e-46
6.26149e-45
-3.22638e-45
6.87732e-44
-3.8015e-44
7.12585e-43
-4.22395e-43
7.15918e-42
-4.40136e-42
6.64205e-41
-3.88105e-41
6.01414e-40
-2.1848e-40
4.7899e-39
2.01102e-39
3.76505e-38
9.62687e-38
2.21799e-37
2.1277e-36
1.30612e-36
3.33757e-35
3.95275e-34
1.82108e-42
-1.67314e-41
-2.10641e-42
-3.2342e-42
-4.1416e-43
-4.70108e-43
-6.5689e-44
-3.39946e-44
-5.84625e-45
2.18985e-45
-7.30209e-47
1.09667e-45
8.72512e-47
2.40816e-46
2.31001e-47
3.72036e-47
3.84242e-48
5.07189e-48
5.42892e-49
6.03038e-49
6.62374e-50
6.67062e-50
7.44416e-51
6.78764e-51
7.67544e-52
6.5407e-52
7.46273e-53
5.93173e-53
6.8216e-54
5.1561e-54
5.96493e-55
4.40404e-55
5.06737e-56
3.79079e-56
4.28202e-57
3.57964e-57
3.79911e-58
3.66536e-58
1.78504e-59
4.19114e-59
-3.01733e-58
4.9472e-60
-5.00193e-57
2.29593e-60
-8.00149e-56
2.93383e-59
-1.2481e-54
4.83282e-58
-1.89885e-53
7.79909e-57
-2.81087e-52
1.2279e-55
-4.05155e-51
1.88752e-54
-5.66605e-50
2.82442e-53
-7.70141e-49
4.12103e-52
-1.01187e-47
5.83685e-51
-1.2897e-46
8.05235e-50
-1.58087e-45
1.07504e-48
-1.87666e-44
1.39996e-47
-2.12652e-43
1.76857e-46
-2.33175e-42
2.22972e-45
-2.41184e-41
2.87803e-44
-2.41761e-40
4.20146e-43
-2.23787e-39
7.28921e-42
-2.01964e-38
1.48848e-40
-1.60351e-37
3.13708e-39
-1.25372e-36
6.22398e-38
-7.35196e-36
1.07497e-36
-4.28134e-35
1.5378e-35
1.6999e-34
1.7845e-43
-1.63243e-42
-2.01083e-43
-3.27324e-43
-4.0976e-44
-5.54799e-44
-7.27148e-45
-5.3241e-45
-7.76465e-46
-1.52366e-46
-4.83254e-47
5.78677e-47
2.42861e-48
1.74507e-47
1.43327e-48
2.99385e-48
2.79155e-49
4.32547e-49
4.24943e-50
5.33635e-50
5.41501e-51
6.05978e-51
6.26712e-52
6.28913e-52
6.60003e-53
6.15396e-53
6.52088e-54
5.65132e-54
6.03657e-55
4.9573e-55
5.32675e-56
4.21472e-56
4.52631e-57
3.52051e-57
3.77475e-58
3.12357e-58
3.13327e-59
5.2584e-59
-9.84975e-60
9.53126e-60
-2.10783e-58
3.23193e-60
-3.45244e-57
2.13762e-59
-5.51707e-56
3.52364e-58
-8.59687e-55
5.76251e-57
-1.30645e-53
9.2071e-56
-1.93163e-52
1.43439e-54
-2.78049e-51
2.17964e-53
-3.88296e-50
3.22212e-52
-5.26928e-49
4.63829e-51
-6.91128e-48
6.47659e-50
-8.79136e-47
8.79089e-49
-1.07533e-45
1.15296e-47
-1.27329e-44
1.46747e-46
-1.43895e-43
1.79528e-45
-1.57252e-42
2.12946e-44
-1.62087e-41
2.41153e-43
-1.61714e-40
2.65692e-42
-1.48984e-39
2.78522e-41
-1.33512e-38
2.90927e-40
-1.05287e-37
2.95051e-39
-8.13384e-37
3.16626e-38
-4.71943e-36
3.3053e-37
-2.67594e-35
3.4509e-36
-2.27634e-35
2.80768e-35
1.62883e-34
1.1616e-44
-6.17919e-43
-1.29127e-44
-1.26581e-43
-2.69663e-45
-2.40981e-44
-5.03147e-46
-2.70666e-45
-5.75968e-47
-1.95358e-46
-4.51441e-48
1.89951e-48
-3.99277e-50
3.91823e-48
6.73133e-50
8.22532e-49
1.52309e-50
1.29917e-49
2.45577e-51
1.68444e-50
3.22727e-52
1.97699e-51
3.80979e-53
2.10032e-52
4.06855e-54
2.09162e-53
4.06161e-55
1.947e-54
3.79071e-56
1.71906e-55
3.36702e-57
1.42874e-56
2.90946e-58
7.14846e-58
2.73931e-59
8.7416e-59
9.24208e-61
4.38708e-58
-4.40423e-60
1.19098e-58
-4.78865e-59
3.15731e-59
-7.73736e-58
1.68282e-59
-1.23252e-56
1.90458e-58
-1.91424e-55
3.09653e-57
-2.89829e-54
4.94024e-56
-4.26798e-53
7.68468e-55
-6.11545e-52
1.16575e-53
-8.4976e-51
1.72018e-52
-1.14649e-49
2.47115e-51
-1.49428e-48
3.443e-50
-1.88662e-47
4.66158e-49
-2.28889e-46
6.09743e-48
-2.6835e-45
7.73592e-47
-2.99992e-44
9.43078e-46
-3.23377e-43
1.11349e-44
-3.28365e-42
1.25344e-43
-3.2113e-41
1.36672e-42
-2.89506e-40
1.40511e-41
-2.51447e-39
1.40803e-40
-1.91809e-38
1.31128e-39
-1.403e-37
1.21559e-38
-7.70629e-37
1.0138e-37
-3.8504e-36
8.47813e-37
-3.2036e-36
5.31273e-36
2.90441e-35
-4.77622e-44
-4.97232e-42
5.25525e-44
-9.99552e-43
1.11161e-44
-1.72037e-43
2.14263e-45
-1.69633e-44
2.5651e-46
-6.33003e-46
2.28611e-47
1.4868e-46
8.52581e-49
4.8966e-47
-1.76672e-49
8.57544e-48
-5.00733e-50
1.25124e-48
-8.62812e-51
1.55211e-49
-1.17009e-51
1.76896e-50
-1.40787e-52
1.84051e-51
-1.5227e-53
1.80437e-52
-1.5342e-54
1.65874e-53
-1.44169e-55
1.44472e-54
-1.28279e-56
1.16608e-55
-1.01252e-57
1.29127e-57
-2.2492e-59
6.33297e-58
-2.44068e-59
7.82031e-57
-3.38937e-59
2.12787e-57
-1.90415e-59
5.53291e-58
-1.62843e-58
1.00703e-58
-2.55655e-57
5.8713e-59
-3.96554e-56
6.96865e-58
-5.99511e-55
1.10532e-56
-8.81166e-54
1.71418e-55
-1.25959e-52
2.59152e-54
-1.74516e-51
3.8097e-53
-2.34614e-50
5.44922e-52
-3.04467e-49
7.55613e-51
-3.82385e-48
1.01735e-49
-4.60972e-47
1.32255e-48
-5.36245e-46
1.66566e-47
-5.938e-45
2.01417e-46
-6.32603e-44
2.35446e-45
-6.32999e-43
2.62083e-44
-6.07786e-42
2.81603e-43
-5.35064e-41
2.84477e-42
-4.51196e-40
2.77782e-41
-3.30832e-39
2.49698e-40
-2.31331e-38
2.18738e-39
-1.19443e-37
1.68391e-38
-5.68523e-37
1.26722e-37
-4.69357e-37
6.99796e-37
3.45688e-36
-5.53931e-43
-5.21284e-41
6.22582e-43
-1.01308e-41
1.27466e-43
-1.51535e-42
2.28951e-44
-1.17715e-43
2.49525e-45
4.3176e-45
1.687e-46
3.02593e-45
-4.48425e-48
6.9342e-46
-3.99427e-48
1.08783e-46
-8.08035e-49
1.49592e-47
-1.24884e-49
1.78801e-48
-1.60402e-50
1.98527e-49
-1.86583e-51
2.02555e-50
-1.9717e-52
1.95597e-51
-1.95311e-53
1.77564e-52
-1.81131e-54
1.52433e-53
-1.59383e-55
1.19222e-54
-1.20395e-56
-4.64403e-56
1.25604e-58
5.75565e-57
-4.06793e-58
1.36793e-55
-6.09166e-58
3.71419e-56
-1.69742e-58
9.65056e-57
-6.5637e-59
1.70921e-57
-3.90836e-58
2.8838e-58
-5.93838e-57
1.77661e-58
-8.95415e-56
2.21727e-57
-1.31247e-54
3.42717e-56
-1.87009e-53
5.17326e-55
-2.58159e-52
7.59068e-54
-3.45573e-51
1.08316e-52
-4.46298e-50
1.49766e-51
-5.57286e-49
2.00931e-50
-6.6746e-48
2.60111e-49
-7.70337e-47
3.25898e-48
-8.45396e-46
3.91657e-47
-8.9064e-45
4.54329e-46
-8.79832e-44
5.01059e-45
-8.3097e-43
5.32069e-44
-7.17553e-42
5.29527e-43
-5.89814e-41
5.06838e-42
-4.19569e-40
4.43133e-41
-2.81946e-39
3.73524e-40
-1.39094e-38
2.71676e-39
-6.27008e-38
1.91212e-38
-5.10808e-38
9.61623e-38
4.57109e-37
-5.69646e-42
-4.85628e-40
6.56493e-42
-9.20242e-41
1.29881e-42
-1.09497e-41
2.10432e-43
-4.32468e-43
1.95743e-44
1.60843e-43
5.11967e-46
4.41733e-44
-2.26917e-46
8.4014e-45
-6.54256e-47
1.21603e-45
-1.11441e-47
1.59107e-46
-1.59333e-48
1.83965e-47
-1.95741e-49
1.99329e-48
-2.21015e-50
1.99626e-49
-2.28637e-51
1.89964e-50
-2.22875e-52
1.70289e-51
-2.04081e-53
1.43429e-52
-1.77499e-54
1.05893e-53
-1.23781e-55
-1.58402e-54
9.7836e-57
3.80587e-56
-6.74216e-57
2.33867e-54
-1.09018e-56
6.3286e-55
-3.01002e-57
1.64257e-55
-7.45546e-58
2.90072e-56
-1.8347e-58
4.74678e-57
-8.32152e-58
6.76508e-58
-1.22139e-56
4.77011e-58
-1.7861e-55
6.12065e-57
-2.53848e-54
9.2438e-56
-3.49359e-53
1.35939e-54
-4.65969e-52
1.94338e-53
-5.99185e-51
2.69301e-52
-7.44414e-50
3.61842e-51
-8.86142e-49
4.69425e-50
-1.01548e-47
5.88681e-49
-1.10472e-46
7.08985e-48
-1.15214e-45
8.22319e-47
-1.12361e-44
9.08942e-46
-1.04569e-43
9.63135e-45
-8.85243e-43
9.6105e-44
-7.11842e-42
9.14001e-43
-4.90223e-41
8.02013e-42
-3.19143e-40
6.65252e-41
-1.48632e-39
4.88402e-40
-6.47887e-39
3.32758e-39
-3.51122e-39
1.78823e-38
8.25744e-38
-5.86713e-41
-4.62202e-39
6.83349e-41
-8.28028e-40
1.28289e-41
-6.82725e-41
1.80628e-42
2.65562e-42
1.24782e-43
2.60933e-42
-8.59701e-45
5.45178e-43
-4.22635e-45
9.27686e-44
-9.0884e-46
1.26373e-44
-1.40031e-46
1.58738e-45
-1.89437e-47
1.78197e-46
-2.24625e-48
1.88817e-47
-2.47336e-49
1.85757e-48
-2.51057e-50
1.74265e-49
-2.41153e-51
1.54133e-50
-2.18133e-52
1.26209e-51
-1.87354e-53
8.30408e-53
-1.12765e-54
-3.38017e-53
2.55245e-55
6.8639e-56
-1.1189e-55
3.89011e-53
-1.90423e-55
1.04834e-53
-5.24733e-56
2.7164e-54
-1.29301e-56
4.78313e-55
-2.27344e-57
7.81372e-56
-2.95083e-58
1.07422e-56
1.09424e-57
1.84187e-57
1.79108e-56
7.63983e-57
2.7198e-55
1.15622e-55
4.01831e-54
1.74022e-54
5.73365e-53
2.54651e-53
7.95084e-52
3.62311e-52
1.05914e-50
4.99564e-51
1.3692e-49
6.68142e-50
1.68728e-48
8.6246e-49
2.01561e-47
1.07697e-47
2.26849e-46
1.29056e-46
2.47444e-45
1.49164e-45
2.49487e-44
1.64041e-44
2.4425e-43
1.73497e-43
2.13632e-42
1.72219e-42
1.82563e-41
1.64107e-41
1.29892e-40
1.43192e-40
9.16074e-40
1.20102e-39
4.43552e-39
8.72907e-39
2.1882e-38
6.10822e-38
3.07321e-37
-5.3604e-40
-3.599e-38
6.09141e-40
-6.24541e-39
1.07831e-40
-1.8203e-40
1.17794e-41
8.84679e-41
2.15321e-43
3.11356e-41
-2.37396e-43
5.5048e-42
-5.95044e-44
8.53438e-43
-1.08271e-44
1.09899e-43
-1.54478e-45
1.32522e-44
-1.99197e-46
1.44403e-45
-2.28654e-47
1.49506e-46
-2.45803e-48
1.44427e-47
-2.44966e-49
1.33504e-48
-2.31919e-50
1.16218e-49
-2.07205e-51
8.9764e-51
-1.75226e-52
4.05861e-52
-7.19039e-54
-6.23113e-52
5.33104e-54
-4.4513e-54
-1.84512e-54
6.31317e-52
-3.25057e-54
1.69256e-52
-8.92998e-55
4.37557e-53
-2.19751e-55
7.67787e-54
-3.85427e-56
1.25186e-54
-5.02581e-57
1.71378e-55
1.73868e-56
2.39159e-56
2.74993e-55
3.5058e-56
4.034e-54
5.05062e-55
5.75069e-53
7.63244e-54
7.94281e-52
1.12222e-52
1.0639e-50
1.60559e-51
1.37492e-49
2.22713e-50
1.71825e-48
2.99991e-49
2.05973e-47
3.90202e-48
2.37976e-46
4.91778e-47
2.61459e-45
5.95188e-46
2.75851e-44
6.96501e-45
2.72916e-43
7.76347e-44
2.58277e-42
8.35612e-43
2.23491e-41
8.46028e-42
1.84226e-40
8.28592e-41
1.31432e-39
7.47935e-40
8.86601e-39
6.58942e-39
4.38915e-38
5.11422e-38
1.98569e-37
3.88362e-37
2.16944e-36
-5.37885e-39
-3.12699e-37
5.26023e-39
-4.84173e-38
8.25243e-40
1.53466e-39
5.18175e-41
1.22069e-39
-7.73465e-42
3.20083e-40
-3.66135e-42
5.0725e-41
-7.2165e-43
7.3352e-42
-1.1839e-43
8.9943e-43
-1.59343e-44
1.04653e-43
-1.9756e-45
1.10866e-44
-2.20356e-46
1.12312e-45
-2.31781e-47
1.06546e-46
-2.26994e-48
9.70407e-48
-2.1192e-49
8.26999e-49
-1.86898e-50
5.6047e-50
-1.54734e-51
-5.10844e-52
-6.73753e-54
-1.03403e-50
9.75338e-53
-1.0934e-52
-3.00838e-53
9.9301e-51
-5.39671e-53
2.64745e-51
-1.47693e-53
6.82406e-52
-3.62775e-54
1.19286e-52
-6.3526e-55
1.94047e-53
-9.41095e-56
2.64829e-54
1.08113e-55
3.4656e-55
1.84344e-54
1.81817e-55
2.71294e-53
2.23148e-54
3.87953e-52
3.3809e-53
5.37733e-51
4.99215e-52
7.23272e-50
7.17711e-51
9.39134e-49
1.00081e-49
1.18026e-47
1.35634e-48
1.42387e-46
1.77599e-47
1.65788e-45
2.25607e-46
1.83765e-44
2.75407e-45
1.96023e-43
3.25719e-44
1.96418e-42
3.67326e-43
1.88944e-41
4.01497e-42
1.66673e-40
4.1392e-41
1.40942e-39
4.16534e-40
1.03649e-38
3.90048e-39
7.27762e-38
3.64795e-38
3.77129e-37
3.07729e-37
1.80407e-36
2.61043e-36
1.65937e-35
-4.8962e-38
-1.81162e-36
2.74673e-38
-2.72085e-37
3.22912e-39
3.17434e-38
-3.52582e-40
1.077e-38
-1.70121e-40
2.3001e-39
-4.30503e-41
3.30345e-40
-7.16525e-42
4.42883e-41
-1.07e-42
5.15187e-42
-1.36022e-43
5.75093e-43
-1.61888e-44
5.90534e-44
-1.75258e-45
5.83555e-45
-1.8012e-46
5.4282e-46
-1.73218e-47
4.86197e-47
-1.59353e-48
3.9521e-48
-1.38408e-49
1.27632e-49
-1.10027e-50
-6.59723e-50
1.04039e-51
-1.62914e-49
1.67094e-51
-1.9844e-51
-4.82733e-52
1.52181e-49
-8.74207e-52
4.03023e-50
-2.38094e-52
1.03496e-50
-5.83375e-53
1.80083e-51
-1.01873e-53
2.92094e-52
-1.59525e-54
3.97307e-53
3.3602e-55
5.06682e-54
8.42156e-54
7.67706e-55
1.24458e-52
3.01364e-54
1.78398e-51
4.48825e-53
2.47999e-50
6.63879e-52
3.34785e-49
9.5644e-51
4.3664e-48
1.33665e-49
5.51758e-47
1.81607e-48
6.70094e-46
2.38431e-47
7.8663e-45
3.03849e-46
8.8075e-44
3.72233e-45
9.51254e-43
4.42368e-44
9.68237e-42
5.02322e-43
9.49757e-41
5.56388e-42
8.59465e-40
5.89681e-41
7.49976e-39
6.30771e-40
5.7549e-38
6.70023e-39
4.23729e-37
7.69595e-38
2.34605e-36
8.71907e-37
1.17896e-35
9.66882e-36
8.29811e-35
-5.70877e-37
-3.5611e-36
5.30122e-38
-1.69161e-36
-1.34281e-38
3.25568e-37
-1.01838e-38
7.66955e-38
-2.2606e-39
1.4784e-38
-4.44622e-40
1.96624e-39
-6.58839e-41
2.52095e-40
-9.16132e-42
2.81626e-41
-1.1089e-42
3.05661e-42
-1.27443e-43
3.05907e-43
-1.3422e-44
2.96465e-44
-1.35051e-45
2.70876e-45
-1.27604e-46
2.38642e-46
-1.15726e-47
1.71283e-47
-9.85777e-49
-1.53387e-48
-7.21724e-50
-1.23808e-48
2.44628e-50
-2.42709e-48
2.68565e-50
-3.03697e-50
-7.56155e-51
2.24962e-48
-1.37191e-50
5.91678e-49
-3.71673e-51
1.51253e-49
-9.07892e-52
2.61866e-50
-1.57989e-52
4.23278e-51
-2.50737e-53
5.73706e-52
-9.28392e-55
7.28033e-53
3.75329e-53
8.16118e-54
5.61689e-52
-1.43894e-54
8.09261e-51
-3.53374e-53
1.13112e-49
-5.22955e-52
1.53651e-48
-7.51603e-51
2.01747e-47
-1.04766e-49
2.56952e-46
-1.41914e-48
3.14715e-45
-1.85693e-47
3.73261e-44
-2.35589e-46
4.22547e-43
-2.86729e-45
4.62784e-42
-3.36257e-44
4.78086e-41
-3.69664e-43
4.78467e-40
-3.73811e-42
4.4216e-39
-2.96469e-41
3.98105e-38
-6.79682e-41
3.15314e-37
4.74702e-39
2.45528e-36
1.46622e-37
1.43361e-35
2.96035e-36
8.26806e-35
4.49651e-35
5.19238e-34
-5.46823e-36
-5.21202e-35
-2.86727e-36
-4.76506e-36
-5.68192e-37
1.41878e-38
-1.28609e-37
4.89928e-38
-2.01242e-38
1.19713e-38
-3.17107e-39
1.66658e-39
-4.16198e-40
2.16567e-40
-5.30722e-41
2.41779e-41
-6.06227e-42
2.61582e-42
-6.66644e-43
2.6067e-43
-6.79502e-44
2.51704e-44
-6.66218e-45
2.28501e-45
-6.17044e-46
1.8976e-46
-5.50517e-47
-2.71657e-47
-4.48986e-48
-4.42988e-47
-2.20041e-49
-1.93916e-47
4.44504e-49
-3.50223e-47
4.16058e-49
-4.37635e-49
-1.1583e-49
3.23751e-47
-2.09812e-49
8.44364e-48
-5.64771e-50
2.14635e-48
-1.37429e-50
3.69334e-49
-2.38103e-51
5.94422e-50
-3.79016e-52
8.02163e-51
-4.92576e-53
1.01483e-51
2.46528e-53
1.15042e-52
4.60122e-52
5.4743e-54
6.64592e-51
-1.04229e-52
9.2991e-50
-1.55871e-51
1.26469e-48
-2.24343e-50
1.66264e-47
-3.13173e-49
2.12067e-46
-4.24938e-48
2.60132e-45
-5.57059e-47
3.09082e-44
-7.08421e-46
3.50545e-43
-8.64981e-45
3.84829e-42
-1.02053e-43
3.98496e-41
-1.13743e-42
4.00103e-40
-1.19563e-41
3.70902e-39
-1.08484e-40
3.35568e-38
-7.0245e-40
2.66961e-37
2.64163e-39
2.09643e-36
2.01164e-37
1.23279e-35
4.70514e-36
7.2517e-35
7.51439e-35
9.01906e-34
-1.06304e-34
-5.4495e-35
-5.90883e-36
-5.62294e-36
-4.68762e-36
-9.11453e-37
-9.71184e-37
-1.07567e-37
-1.34127e-37
-1.47101e-38
-1.99668e-38
-1.73522e-39
-2.46645e-39
-2.11885e-40
-3.03488e-40
-2.32406e-41
-3.34712e-41
-2.50519e-42
-3.59319e-42
-2.4932e-43
-3.57956e-43
-2.40453e-44
-3.44964e-44
-2.28318e-45
-3.147e-45
-3.59713e-46
-2.7726e-46
-6.23362e-46
-2.04083e-47
-6.29266e-46
5.25008e-49
-2.66469e-46
6.84444e-48
-4.82503e-46
6.15297e-48
-5.90783e-48
-1.71465e-48
4.46487e-46
-3.09305e-48
1.15466e-46
-8.26998e-49
2.91516e-47
-2.0032e-49
4.98304e-48
-3.45386e-50
7.97932e-49
-5.48081e-51
1.0716e-49
-7.41085e-52
1.35075e-50
-1.24037e-52
1.53173e-51
-4.71428e-52
1.61933e-52
-6.64727e-51
-1.90946e-53
-9.29929e-50
-5.21834e-52
-1.26471e-48
-7.52172e-51
-1.66267e-47
-1.04844e-49
-2.12071e-46
-1.42015e-48
-2.60136e-45
-1.85819e-47
-3.09086e-44
-2.3574e-46
-3.50549e-43
-2.86904e-45
-3.84833e-42
-3.36449e-44
-3.98499e-41
-3.69866e-43
-4.00107e-40
-3.74011e-42
-3.70905e-39
-2.96658e-41
-3.3557e-38
-6.81319e-41
-2.66962e-37
4.74567e-39
-2.09643e-36
1.46612e-37
-1.23279e-35
2.96028e-36
-7.2517e-35
4.49648e-35
5.19236e-34
-4.66613e-36
-4.26486e-36
-3.86455e-36
-2.65331e-36
-7.33203e-37
-7.26917e-37
-1.59149e-37
-1.04994e-37
-2.39964e-38
-1.64162e-38
-3.67168e-39
-2.04642e-39
-4.71608e-40
-2.55644e-40
-5.91366e-41
-2.83099e-41
-6.66843e-42
-3.04984e-42
-7.2586e-43
-2.96909e-43
-7.34452e-44
-2.76381e-44
-7.21305e-45
-3.66091e-45
-7.40848e-46
-2.41028e-45
-6.86741e-47
-8.13785e-45
3.59835e-47
-8.39898e-45
3.40272e-47
-3.53384e-45
1.00201e-46
-6.46931e-45
8.84332e-47
-7.70878e-47
-2.47636e-47
5.99588e-45
-4.44121e-47
1.53393e-45
-1.17762e-47
3.84032e-46
-2.83641e-48
6.51011e-47
-4.86125e-49
1.03593e-47
-7.68055e-50
1.38284e-48
-1.03149e-50
1.73506e-49
-1.33038e-51
1.95927e-50
-7.08245e-52
2.09695e-51
-8.10927e-51
2.52618e-52
-1.13127e-49
6.80684e-52
-1.53668e-48
9.52633e-51
-2.01768e-47
1.33129e-49
-2.56978e-46
1.80911e-48
-3.14745e-45
2.37557e-47
-3.73294e-44
3.02795e-46
-4.22581e-43
3.71005e-45
-4.62818e-42
4.41007e-44
-4.78118e-41
5.0087e-43
-4.78494e-40
5.54933e-42
-4.42182e-39
5.88282e-41
-3.98121e-38
6.29536e-40
-3.15324e-37
6.68979e-39
-2.45534e-36
7.68827e-38
-1.43363e-35
8.71368e-37
-8.26811e-35
9.66603e-36
8.29678e-35
-7.8512e-38
-1.2622e-36
-5.62277e-37
-2.83439e-37
-1.1891e-37
-9.76281e-38
-2.99813e-38
-1.65728e-38
-4.81151e-39
-2.79754e-39
-7.77409e-40
-3.71763e-40
-1.03069e-40
-4.83875e-41
-1.32533e-41
-5.53032e-42
-1.52082e-42
-4.43489e-43
-1.69608e-43
5.58534e-44
-1.83803e-44
1.94194e-44
-2.66013e-45
-1.23902e-44
-1.3054e-45
-2.72876e-44
-1.54853e-46
-1.03061e-43
5.61019e-46
-1.06569e-43
4.68917e-46
-4.44894e-44
1.3747e-45
-8.23118e-44
1.21394e-45
-9.52205e-46
-3.42587e-46
7.64156e-44
-6.10453e-46
1.93435e-44
-1.60489e-46
4.79319e-45
-3.83962e-47
8.05215e-46
-6.53785e-48
1.27182e-46
-1.02773e-48
1.68639e-47
-1.37336e-49
2.10467e-48
-1.7157e-50
2.3653e-49
-2.06143e-51
2.51868e-50
-1.99736e-51
2.52549e-51
-2.49134e-50
7.21258e-52
-3.35992e-49
7.01421e-51
-4.3815e-48
9.75999e-50
-5.53572e-47
1.32397e-48
-6.72195e-46
1.73508e-47
-7.88947e-45
2.20639e-46
-8.83203e-44
2.69575e-45
-9.53694e-43
3.19189e-44
-9.70555e-42
3.60274e-43
-9.51782e-41
3.94319e-42
-8.61143e-40
4.0688e-41
-7.51199e-39
4.10164e-40
-5.7633e-38
3.84491e-39
-4.2418e-37
3.60531e-38
-2.34832e-36
3.0459e-37
-1.17952e-35
2.59305e-36
1.65064e-35
8.46891e-38
3.46904e-36
-1.43245e-37
6.17269e-37
-3.04012e-38
6.08594e-38
-6.98052e-39
3.78007e-39
-1.07032e-39
4.34472e-41
-1.63902e-40
-2.51415e-41
-2.1025e-41
-8.85663e-42
-2.57551e-42
-1.07382e-42
-2.95006e-43
1.95773e-42
-5.63536e-44
1.44955e-42
-1.9791e-44
3.12837e-43
-1.33418e-44
-1.37699e-43
-1.54176e-44
-3.30878e-43
-1.85353e-45
-1.27523e-42
7.52871e-45
-1.31829e-42
6.20703e-45
-5.44387e-43
1.83497e-44
-1.02175e-42
1.62196e-44
-1.1375e-44
-4.63139e-45
9.50561e-43
-8.17861e-45
2.37164e-43
-2.12661e-45
5.80268e-44
-5.04562e-46
9.63484e-45
-8.521e-47
1.50783e-45
-1.33107e-47
1.98244e-46
-1.7681e-48
2.45774e-47
-2.19757e-49
2.74539e-48
-2.47398e-50
2.90919e-49
-3.05999e-51
2.86726e-50
-6.26583e-51
2.74884e-51
-8.05365e-50
1.00501e-51
-1.04226e-48
1.08748e-50
-1.30507e-47
1.50096e-49
-1.56963e-46
1.99307e-48
-1.82013e-45
2.57994e-47
-2.01133e-44
3.17951e-46
-2.13528e-43
3.827e-45
-2.13333e-42
4.3273e-44
-2.04011e-41
4.80695e-43
-1.79511e-40
4.90921e-42
-1.50616e-39
5.00501e-41
-1.10636e-38
4.52642e-40
-7.68163e-38
4.25109e-39
-3.99956e-37
3.29431e-38
-1.87914e-36
2.82102e-37
1.55709e-36
5.11944e-37
5.59553e-36
-6.3912e-37
4.51128e-36
-1.07366e-37
3.97376e-37
-2.00972e-38
2.63845e-38
-2.58149e-39
1.34271e-39
-3.38706e-40
5.2382e-41
-3.75253e-41
-4.05508e-41
-3.53393e-42
-4.09722e-42
-4.18004e-43
2.37635e-41
-3.4801e-43
1.68775e-41
-2.09809e-43
3.58839e-42
-1.61993e-43
-1.57222e-42
-1.92688e-43
-3.77322e-42
-2.18504e-44
-1.47497e-41
9.57085e-44
-1.52384e-41
7.76472e-44
-6.22674e-42
2.31164e-43
-1.18499e-41
2.04428e-43
-1.26469e-43
-5.9485e-44
1.10491e-41
-1.03822e-43
2.7192e-42
-2.66937e-44
6.5475e-43
-6.26985e-45
1.07328e-43
-1.04936e-45
1.66106e-44
-1.62714e-46
2.16331e-45
-2.14713e-47
2.66128e-46
-2.65449e-48
2.95288e-47
-2.97085e-49
3.11215e-48
-3.1706e-50
3.05253e-49
-6.64748e-51
2.85797e-50
-4.6913e-50
2.18128e-51
-5.93357e-49
-4.54768e-51
-7.27271e-48
-6.13521e-50
-8.60047e-47
-7.70734e-49
-9.73604e-46
-9.23977e-48
-1.05909e-44
-1.0836e-46
-1.09305e-43
-1.19685e-45
-1.07886e-42
-1.30566e-44
-9.96088e-42
-1.3096e-43
-8.74634e-41
-1.32742e-42
-7.00516e-40
-1.17863e-41
-5.30162e-39
-1.11139e-40
-3.46888e-38
-8.15759e-40
-2.1289e-37
-7.05144e-39
-9.72775e-37
-3.13888e-38
-2.34604e-37
4.49679e-37
1.21706e-34
-5.57763e-37
7.88795e-36
-9.11739e-38
6.71265e-37
-1.68152e-38
4.30739e-38
-2.13306e-39
2.66324e-39
-2.8658e-40
2.23365e-40
-2.61823e-41
-4.50595e-40
4.86626e-42
-4.26297e-41
-2.15276e-43
2.71733e-40
-3.71579e-42
1.91538e-40
-2.4138e-42
4.02703e-41
-1.8842e-42
-1.63853e-41
-2.29411e-42
-4.17156e-41
-2.11531e-43
-1.673e-40
1.19658e-42
-1.72748e-40
9.39486e-43
-6.94846e-41
2.81386e-42
-1.34987e-40
2.48697e-42
-1.36081e-42
-7.56241e-43
1.26234e-40
-1.28963e-42
3.04333e-41
-3.26409e-43
7.18442e-42
-7.57015e-44
1.1576e-42
-1.25225e-44
1.76695e-43
-1.9239e-45
2.27322e-44
-2.51737e-46
2.76962e-45
-3.09151e-47
3.04682e-46
-3.43894e-48
3.18926e-47
-3.6322e-49
3.10922e-48
-4.86539e-50
2.89992e-49
-1.75548e-49
2.63425e-50
-2.19957e-48
1.22145e-50
-2.70276e-47
1.32338e-49
-3.21495e-46
1.68694e-48
-3.65456e-45
2.07163e-47
-4.01538e-44
2.46242e-46
-4.17112e-43
2.79589e-45
-4.19002e-42
3.06851e-44
-3.9083e-41
3.18102e-43
-3.54633e-40
3.18897e-42
-2.88815e-39
2.95987e-41
-2.33946e-38
2.6676e-40
-1.57776e-37
2.12715e-39
-1.14204e-36
1.65774e-38
-5.57046e-36
9.84252e-38
5.70618e-37
-4.49108e-37
5.63357e-36
5.56967e-37
4.51899e-36
9.11017e-38
3.96133e-37
1.68973e-38
2.64693e-38
2.02038e-39
9.16839e-39
1.35733e-40
1.99448e-39
7.76937e-41
-4.64332e-39
9.68499e-41
-4.31717e-40
3.27141e-42
2.82189e-39
-3.87192e-41
1.97638e-39
-2.33951e-41
4.07662e-40
-1.7358e-41
-1.70523e-40
-2.26198e-41
-4.22914e-40
-2.62776e-43
-1.72642e-39
1.41972e-41
-1.78079e-39
1.03588e-41
-7.05904e-40
3.07124e-41
-1.39774e-39
2.69864e-41
-1.32214e-41
-9.20574e-42
1.31117e-39
-1.49514e-41
3.10314e-40
-3.72085e-42
7.13698e-41
-8.49061e-43
1.12794e-41
-1.38628e-43
1.6921e-42
-2.10628e-44
2.14687e-43
-2.73015e-45
2.58578e-44
-3.32699e-46
2.81753e-45
-3.67627e-47
2.92638e-46
-3.852e-48
2.83421e-47
-3.79262e-49
2.6289e-48
-7.12188e-50
2.31946e-49
-4.60255e-49
3.10076e-50
-5.57148e-48
1.52147e-49
-6.56123e-47
1.91795e-48
-7.38049e-46
2.3493e-47
-8.00332e-45
2.78643e-46
-8.20101e-44
3.15476e-45
-8.08842e-43
3.45493e-44
-7.40597e-42
3.56958e-43
-6.53541e-41
3.57149e-42
-5.18293e-40
3.30086e-41
-4.00124e-39
2.97019e-40
-2.59181e-38
2.35305e-39
-1.69446e-37
1.83017e-38
-7.76328e-37
1.06986e-37
6.15684e-37
-5.07985e-37
3.80496e-36
6.31924e-37
6.78341e-37
1.06815e-37
4.08942e-38
2.09031e-38
3.04281e-39
1.49328e-39
8.17349e-38
-1.10412e-39
2.00493e-38
5.64941e-40
-4.8475e-38
1.03561e-39
-4.40761e-39
8.81857e-41
2.92495e-38
-3.17816e-40
2.02954e-38
-1.2618e-40
4.10457e-39
-6.11337e-41
-1.54393e-39
-1.35744e-40
-4.17887e-39
6.57724e-41
-1.77309e-38
1.73764e-40
-1.82716e-38
1.04886e-40
-7.06343e-39
2.93838e-40
-1.44467e-38
2.52156e-40
-1.2488e-40
-1.18407e-40
1.36087e-38
-1.71924e-40
3.11885e-39
-4.16294e-41
6.94849e-40
-9.29825e-42
1.06913e-40
-1.49129e-42
1.57008e-41
-2.23438e-43
1.95608e-42
-2.86084e-44
2.32293e-43
-3.45262e-45
2.50021e-44
-3.78245e-46
2.57174e-45
-3.93586e-47
2.46959e-46
-3.82441e-48
2.27494e-47
-3.6329e-49
1.98797e-48
-1.34551e-49
1.69742e-49
-1.25279e-48
4.59395e-50
-1.46006e-47
4.11281e-49
-1.6253e-46
4.98277e-48
-1.73997e-45
5.84954e-47
-1.7539e-44
6.55018e-46
-1.69477e-43
7.07452e-45
-1.50976e-42
7.20166e-44
-1.28652e-41
7.06351e-43
-9.69512e-41
6.39283e-42
-7.00202e-40
5.57686e-41
-4.04993e-39
4.28037e-40
-2.28724e-38
3.14979e-39
-7.52707e-38
1.7455e-38
8.76224e-38
-7.36577e-38
6.83837e-37
8.1633e-38
4.24784e-38
2.34178e-38
-3.52333e-37
1.11577e-38
-3.84989e-38
-7.75153e-39
7.22225e-37
-1.06122e-38
1.76373e-37
4.90741e-39
-4.33942e-37
9.5283e-39
-3.8996e-38
2.55271e-39
2.60154e-37
3.16884e-40
1.78915e-37
2.70647e-39
3.49991e-38
3.3809e-39
-1.45694e-38
2.24947e-39
-3.60257e-38
2.69435e-39
-1.56404e-37
2.13533e-39
-1.60895e-37
7.53081e-40
-6.08551e-38
1.39047e-39
-1.28021e-37
9.66651e-40
-9.9934e-40
-1.57756e-39
1.21118e-37
-1.81146e-39
2.7025e-38
-4.23333e-40
5.75998e-39
-9.16778e-41
8.59354e-40
-1.43958e-41
1.22696e-40
-2.11885e-42
1.49641e-41
-2.67501e-43
1.74618e-42
-3.19128e-44
1.8535e-43
-3.46295e-45
1.88516e-44
-3.57543e-46
1.79363e-45
-3.45094e-47
1.63989e-46
-3.18881e-48
1.42397e-47
-2.94534e-49
1.19257e-48
-2.05198e-49
1.02617e-49
-2.10589e-48
9.49877e-50
-2.32054e-47
1.05703e-48
-2.45588e-46
1.23017e-47
-2.44333e-45
1.36368e-46
-2.32139e-44
1.45467e-45
-2.02736e-43
1.45777e-44
-1.68134e-42
1.40227e-43
-1.22479e-41
1.23718e-42
-8.41222e-41
1.04607e-41
-4.52116e-40
7.69514e-41
-2.26887e-39
5.40165e-40
-5.64821e-39
2.80186e-39
1.3397e-38
-7.26634e-38
-3.76469e-38
-6.78463e-38
-7.11235e-37
-5.31156e-38
-3.42793e-36
-4.90009e-38
-4.17278e-37
-3.27511e-38
6.63087e-36
-1.35179e-38
1.58862e-36
3.63837e-38
-4.01983e-36
7.18488e-38
-3.44839e-37
6.58884e-38
2.38154e-36
8.88716e-38
1.6118e-36
1.22788e-37
3.03108e-37
1.29229e-37
-1.08199e-37
1.09292e-37
-3.04541e-37
7.54324e-38
-1.41188e-36
3.00336e-38
-1.45e-36
4.91452e-40
-5.23267e-37
-2.44217e-38
-1.16819e-36
-2.87407e-38
-7.85196e-39
-2.4433e-38
1.1118e-36
-1.96779e-38
2.33823e-37
-4.31489e-39
4.74507e-38
-8.95209e-40
6.78539e-39
-1.36358e-40
9.38573e-40
-1.9625e-41
1.11416e-40
-2.43197e-42
1.27432e-41
-2.86027e-43
1.3294e-42
-3.06571e-44
1.33423e-43
-3.13455e-45
1.25468e-44
-2.99958e-46
1.1365e-45
-2.75152e-47
9.78698e-47
-2.39935e-48
8.1375e-48
-2.26912e-49
6.5002e-49
-3.13812e-49
6.29344e-50
-3.25964e-48
1.57496e-49
-3.417e-47
1.77639e-48
-3.36149e-46
1.95122e-47
-3.14962e-45
2.05823e-46
-2.70249e-44
2.03654e-45
-2.19215e-43
1.92724e-44
-1.54919e-42
1.6687e-43
-1.02328e-41
1.37624e-42
-5.15434e-41
9.84144e-42
-2.3594e-40
6.65838e-41
-4.16422e-40
3.3352e-40
1.54462e-39
-5.93729e-37
-6.80981e-37
-1.21679e-36
-4.57169e-36
-3.16806e-36
-2.2628e-35
-3.36553e-36
-2.94855e-36
9.12325e-37
4.36976e-35
2.06715e-36
1.03165e-35
-4.44375e-38
-2.66857e-35
9.96432e-39
-2.23204e-36
1.45285e-36
1.56656e-35
2.65432e-36
1.04541e-35
3.13435e-36
1.83732e-36
3.19331e-36
-9.40623e-37
2.85417e-36
-1.92703e-36
1.69917e-36
-9.18155e-36
4.27508e-37
-9.40264e-36
-1.42997e-37
-3.26644e-36
-1.0706e-36
-7.64984e-36
-1.1087e-36
-4.35399e-38
-3.78946e-37
7.32266e-36
-1.90216e-37
1.47167e-36
-3.80759e-38
2.77878e-37
-7.37465e-39
3.78701e-38
-1.07988e-39
5.01058e-39
-1.5065e-40
5.76008e-40
-1.82545e-41
6.41692e-41
-2.10866e-42
6.56214e-42
-2.2285e-43
6.48115e-43
-2.25271e-44
6.01799e-44
-2.13582e-45
5.39546e-45
-1.94443e-46
4.60781e-46
-1.68353e-47
3.80531e-47
-1.4078e-48
3.01822e-48
-1.46601e-49
2.33785e-49
-3.78961e-49
3.90885e-50
-3.83636e-48
2.53554e-49
-3.71645e-47
2.76994e-48
-3.4128e-46
2.92162e-47
-2.8496e-45
2.89717e-46
-2.22317e-44
2.75548e-45
-1.47503e-43
2.41678e-44
-8.75662e-43
2.0405e-43
-3.31439e-42
1.54136e-42
-4.79274e-42
1.14941e-41
1.21646e-40
7.43518e-41
5.30552e-40
-6.03573e-36
-4.07583e-36
-1.78134e-35
-2.81754e-35
-6.8513e-35
-1.62078e-34
-7.50347e-35
-2.56028e-35
2.70213e-35
3.14094e-34
5.19809e-35
7.0997e-35
-6.62823e-36
-1.94661e-34
-9.56328e-36
-1.40395e-35
2.6183e-35
1.11572e-34
5.18159e-35
7.18965e-35
5.85817e-35
1.13567e-35
5.90461e-35
-4.96564e-36
5.37801e-35
-1.15767e-35
3.05679e-35
-6.38244e-35
6.04935e-36
-6.51734e-35
-3.25618e-36
-2.00047e-35
-2.248e-35
-5.44741e-35
-2.28253e-35
-2.38303e-37
-5.61952e-36
5.25843e-35
-1.95461e-36
9.06889e-36
-3.45067e-37
-6.17429e-38
-8.57744e-39
-1.15528e-39
-1.3611e-40
-1.54074e-41
-1.6003e-42
-1.59633e-43
-1.49586e-44
-1.34911e-45
-1.15833e-46
-9.59948e-48
-7.65984e-49
-7.95125e-50
-1.51623e-49
-4.60755e-49
8.69536e-48
2.51635e-46
4.21029e-45
5.85285e-44
7.11619e-43
7.89026e-42
8.05346e-41
7.55273e-40
-4.51206e-35
-1.97908e-34
-1.05044e-33
-1.18712e-33
4.83137e-34
8.62838e-34
-1.57883e-34
-2.21984e-34
3.67174e-34
7.53086e-34
8.25931e-34
8.29169e-34
7.68225e-34
4.22292e-34
6.59746e-35
-4.5871e-35
-3.41056e-34
-3.43301e-34
-6.32509e-35
)
;

boundaryField
{
    leftWall
    {
        type            calculated;
        value           uniform 0;
    }
    rightWall
    {
        type            calculated;
        value           nonuniform 0();
    }
    lowerWall
    {
        type            calculated;
        value           uniform 0;
    }
    atmosphere
    {
        type            calculated;
        value           nonuniform 0();
    }
    defaultFaces
    {
        type            empty;
        value           nonuniform 0();
    }
    procBoundary0to1
    {
        type            processor;
        value           nonuniform List<scalar> 
44
(
-4.31457e-44
-4.39427e-43
-3.5139e-42
-2.67156e-41
-1.94697e-40
-1.33028e-39
-8.68597e-39
-5.09914e-38
-2.85657e-37
-1.23528e-36
-9.39239e-36
3.8001e-36
2.31962e-35
1.4397e-36
-1.0403e-35
1.55468e-36
2.14286e-35
3.67052e-35
1.11788e-36
-3.65783e-35
-3.414e-34
2.27451e-35
3.20129e-36
4.69247e-37
5.14581e-38
7.42152e-39
1.85164e-38
1.59635e-37
1.46211e-36
9.60467e-36
6.89148e-35
6.0629e-35
-6.0629e-35
-6.89153e-35
-9.61936e-36
-1.74379e-36
-4.1923e-36
-8.08179e-36
-4.03446e-36
-2.81846e-37
-1.46894e-38
-3.49785e-40
1.31122e-39
6.66178e-39
)
;
    }
    procBoundary0to2
    {
        type            processor;
        value           nonuniform List<scalar> 
46
(
1.62113e-36
2.08247e-37
2.66836e-38
2.96945e-39
3.2387e-40
3.24443e-41
3.15678e-42
2.88974e-43
2.56222e-44
2.16547e-45
1.77313e-46
1.39513e-47
1.06526e-48
8.13544e-50
3.86794e-50
3.74332e-49
4.10509e-48
4.31129e-47
4.42282e-46
4.33734e-45
4.22117e-44
3.94125e-43
3.7389e-42
3.41164e-41
3.20614e-40
-3.48169e-36
-2.42507e-35
-1.42543e-34
-2.30344e-35
2.7638e-34
6.2111e-35
-1.71605e-34
-1.21184e-35
9.80294e-35
6.24948e-35
5.00117e-36
-7.73506e-36
-1.4712e-35
-5.63135e-35
-5.71015e-35
-1.72081e-35
-4.78776e-35
-2.01725e-37
4.62647e-35
-1.47712e-35
7.80685e-36
)
;
    }
}


// ************************************************************************* //
