/*--------------------------------*- C++ -*----------------------------------*\
| =========                 |                                                 |
| \\      /  F ield         | OpenFOAM: The Open Source CFD Toolbox           |
|  \\    /   O peration     | Version:  2.4.0                                 |
|   \\  /    A nd           | Web:      www.OpenFOAM.org                      |
|    \\/     M anipulation  |                                                 |
\*---------------------------------------------------------------------------*/
FoamFile
{
    version     2.0;
    format      ascii;
    class       volVectorField;
    location    "0.75";
    object      U;
}
// * * * * * * * * * * * * * * * * * * * * * * * * * * * * * * * * * * * * * //

dimensions      [0 1 -1 0 0 0 0];

internalField   nonuniform List<vector> 
1935
(
(1.1196e-35 3.54945e-36 0)
(9.4951e-35 2.32607e-35 0)
(4.64932e-34 1.54448e-34 0)
(4.30088e-33 1.14414e-34 0)
(3.92108e-33 -2.96481e-34 0)
(-3.91899e-33 -2.9601e-34 0)
(-4.28749e-33 1.18777e-34 0)
(-3.57952e-34 1.81664e-34 0)
(4.66838e-34 2.01522e-34 0)
(4.76769e-33 2.77168e-34 0)
(8.32871e-33 -1.53967e-34 0)
(5.73409e-34 -4.10895e-34 0)
(-3.34728e-33 1.14413e-34 0)
(4.02952e-33 2.68852e-34 0)
(4.31442e-33 -1.18837e-34 0)
(4.66838e-34 -1.54989e-34 0)
(9.53242e-35 -2.33332e-35 0)
(1.16888e-35 -3.89331e-36 0)
(1.68055e-36 -4.78522e-37 0)
(1.94923e-37 -5.9795e-38 0)
(2.33048e-38 -6.52347e-39 0)
(2.47547e-39 -7.01315e-40 0)
(2.60242e-40 -6.93331e-41 0)
(2.76879e-41 -6.07195e-42 0)
(2.78664e-41 6.12485e-42 0)
(2.62418e-40 6.98856e-41 0)
(2.49831e-39 7.07383e-40 0)
(2.35391e-38 6.58607e-39 0)
(1.97134e-37 6.04257e-38 0)
(1.70133e-36 4.84331e-37 0)
(1.18599e-35 3.94644e-36 0)
(9.68048e-35 2.37505e-35 0)
(4.76799e-34 1.58391e-34 0)
(4.39766e-33 1.38157e-34 0)
(4.39766e-33 -1.38157e-34 0)
(4.76799e-34 -1.58391e-34 0)
(9.68048e-35 -2.37505e-35 0)
(1.18599e-35 -3.94644e-36 0)
(1.70133e-36 -4.84331e-37 0)
(1.97131e-37 -6.04297e-38 0)
(2.35244e-38 -6.61557e-39 0)
(2.41157e-39 -8.92728e-40 0)
(-8.47327e-41 -1.16989e-39 0)
(-1.31821e-39 -4.44812e-39 0)
(4.02053e-36 -1.6046e-36 0)
(3.04321e-35 -1.23573e-35 0)
(1.44492e-34 -8.19508e-35 0)
(8.57749e-34 -6.05167e-35 0)
(7.40086e-34 1.57037e-34 0)
(-7.39273e-34 1.56807e-34 0)
(-8.52767e-34 -6.2717e-35 0)
(-1.09587e-34 -9.63218e-35 0)
(1.4523e-34 -1.0696e-34 0)
(1.00297e-33 -1.46662e-34 0)
(1.63265e-33 8.17172e-35 0)
(1.79969e-34 2.17554e-34 0)
(-5.59958e-34 -6.05163e-35 0)
(7.75548e-34 -1.42464e-34 0)
(8.62791e-34 6.27447e-35 0)
(1.4523e-34 8.22135e-35 0)
(3.05913e-35 1.24042e-35 0)
(4.32956e-36 1.97093e-36 0)
(6.43778e-37 2.32963e-37 0)
(7.96306e-38 2.77475e-38 0)
(9.77193e-39 2.90986e-39 0)
(1.0755e-39 3.01462e-40 0)
(1.15295e-40 2.88916e-41 0)
(1.25626e-41 2.46741e-42 0)
(1.26458e-41 -2.48792e-42 0)
(1.16294e-40 -2.91108e-41 0)
(1.08583e-39 -3.03928e-40 0)
(9.87547e-39 -2.93602e-39 0)
(8.05886e-38 -2.80196e-38 0)
(6.52452e-37 -2.35565e-37 0)
(4.39919e-36 -1.99571e-36 0)
(3.11533e-35 -1.26088e-35 0)
(1.48896e-34 -8.39456e-35 0)
(8.88892e-34 -7.31223e-35 0)
(8.88892e-34 7.31223e-35 0)
(1.48896e-34 8.39456e-35 0)
(3.11533e-35 1.26088e-35 0)
(4.39919e-36 1.99571e-36 0)
(6.52449e-37 2.35562e-37 0)
(8.05662e-38 2.79903e-38 0)
(9.73359e-39 2.71296e-39 0)
(2.42629e-40 -1.12824e-39 0)
(-3.28701e-39 -8.63973e-39 0)
(-1.33186e-38 -3.60136e-38 0)
(1.13981e-36 -6.08946e-37 0)
(7.23151e-36 -4.43079e-36 0)
(2.62294e-35 -2.34807e-35 0)
(1.21093e-34 -1.58558e-35 0)
(1.01131e-34 4.46196e-35 0)
(-1.00881e-34 4.4524e-35 0)
(-1.19719e-34 -1.67051e-35 0)
(-1.77839e-35 -2.86819e-35 0)
(2.64536e-35 -3.2462e-35 0)
(1.47543e-34 -4.09496e-35 0)
(2.30638e-34 2.33831e-35 0)
(3.48439e-35 6.04751e-35 0)
(-6.62356e-35 -1.58555e-35 0)
(1.09742e-34 -3.93343e-35 0)
(1.22487e-34 1.67171e-35 0)
(2.64536e-35 2.35902e-35 0)
(7.27266e-36 4.44936e-36 0)
(1.17683e-36 7.5409e-37 0)
(1.94861e-37 9.6952e-38 0)
(2.58289e-38 1.20067e-38 0)
(3.3449e-39 1.31858e-39 0)
(3.82905e-40 1.40467e-40 0)
(4.23501e-41 1.38756e-41 0)
(4.73687e-42 1.20796e-42 0)
(4.76926e-42 -1.21842e-42 0)
(4.27332e-41 -1.39853e-41 0)
(3.86786e-40 -1.41674e-40 0)
(3.38282e-39 -1.33111e-39 0)
(2.61686e-38 -1.21331e-38 0)
(1.97815e-37 -9.81275e-38 0)
(1.19923e-36 -7.64751e-37 0)
(7.44092e-36 -4.53403e-36 0)
(2.74288e-35 -2.42447e-35 0)
(1.28531e-34 -2.03882e-35 0)
(1.28531e-34 2.03882e-35 0)
(2.74288e-35 2.42447e-35 0)
(7.44092e-36 4.53403e-36 0)
(1.19923e-36 7.64748e-37 0)
(1.97793e-37 9.81023e-38 0)
(2.59998e-38 1.1928e-38 0)
(2.30331e-39 -2.48269e-40 0)
(-6.11036e-39 -1.01277e-38 0)
(-2.65614e-38 -6.30912e-38 0)
(-1.05767e-37 -2.66937e-37 0)
(2.28121e-37 -1.96068e-37 0)
(1.24876e-36 -1.29219e-36 0)
(3.47684e-36 -6.33752e-36 0)
(1.3063e-35 -4.14041e-36 0)
(1.06487e-35 1.2037e-35 0)
(-1.0595e-35 1.20051e-35 0)
(-1.2791e-35 -4.40959e-36 0)
(-1.99167e-36 -7.86995e-36 0)
(3.52444e-36 -8.95739e-36 0)
(1.65864e-35 -1.09868e-35 0)
(2.51889e-35 6.30342e-36 0)
(4.99679e-36 1.61771e-35 0)
(-5.64031e-36 -4.13998e-36 0)
(1.21681e-35 -1.04754e-35 0)
(1.33387e-35 4.41382e-36 0)
(3.52444e-36 6.37299e-36 0)
(1.25601e-36 1.29697e-36 0)
(2.29705e-37 2.37704e-37 0)
(4.13553e-38 3.24572e-38 0)
(5.8096e-39 4.23759e-39 0)
(7.83312e-40 4.8504e-40 0)
(9.2608e-41 5.34653e-41 0)
(1.04896e-41 5.42741e-42 0)
(1.19888e-42 4.82289e-43 0)
(1.20729e-42 -4.86616e-43 0)
(1.05878e-41 -5.47205e-42 0)
(9.3587e-41 -5.39472e-41 0)
(7.92681e-40 -4.89931e-40 0)
(5.89151e-39 -4.28553e-39 0)
(4.20438e-38 -3.28877e-38 0)
(2.3471e-37 -2.41445e-37 0)
(1.29137e-36 -1.32509e-36 0)
(3.71122e-36 -6.57726e-36 0)
(1.43533e-35 -5.46458e-36 0)
(1.43533e-35 5.46458e-36 0)
(3.71122e-36 6.57726e-36 0)
(1.29137e-36 1.32508e-36 0)
(2.34691e-37 2.41427e-37 0)
(4.18879e-38 3.27238e-38 0)
(4.694e-39 2.936e-39 0)
(-6.9572e-39 -1.00432e-38 0)
(-4.725e-38 -6.95034e-38 0)
(-1.97356e-37 -4.35576e-37 0)
(-7.97813e-37 -1.88464e-36 0)
(3.26892e-38 -8.42689e-38 0)
(2.0201e-37 -2.83705e-37 0)
(3.83618e-37 -1.23168e-36 0)
(1.02999e-36 -7.7302e-37 0)
(8.13031e-37 2.31489e-36 0)
(-8.02268e-37 2.30807e-36 0)
(-9.79995e-37 -8.29394e-37 0)
(-1.41702e-37 -1.539e-36 0)
(3.91172e-37 -1.76132e-36 0)
(1.41977e-36 -2.10168e-36 0)
(2.08023e-36 1.21223e-36 0)
(6.28864e-37 3.08576e-36 0)
(-1.81556e-37 -7.70298e-37 0)
(1.05952e-36 -1.98983e-36 0)
(1.07836e-36 8.30384e-37 0)
(3.91172e-37 1.22818e-36 0)
(1.99706e-37 2.67705e-37 0)
(4.06898e-38 5.17927e-38 0)
(7.92879e-39 7.42416e-39 0)
(1.16864e-39 1.00592e-39 0)
(1.63382e-40 1.18873e-40 0)
(1.98431e-41 1.34247e-41 0)
(2.29544e-42 1.39154e-42 0)
(2.67162e-43 1.25509e-43 0)
(2.69077e-43 -1.26666e-43 0)
(2.31757e-42 -1.40332e-42 0)
(2.00606e-41 -1.35501e-41 0)
(1.65428e-40 -1.20125e-40 0)
(1.18614e-39 -1.01792e-39 0)
(8.07185e-39 -7.52933e-39 0)
(4.16904e-38 -5.2677e-38 0)
(2.06426e-37 -2.74097e-37 0)
(4.23604e-37 -1.27231e-36 0)
(1.23503e-36 -1.04428e-36 0)
(1.23503e-36 1.04428e-36 0)
(4.23603e-37 1.27231e-36 0)
(2.06412e-37 2.74086e-37 0)
(4.15651e-38 5.25703e-38 0)
(7.04293e-39 6.54847e-39 0)
(-6.82063e-39 -7.15625e-39 0)
(-5.24468e-38 -6.46913e-38 0)
(-3.27408e-37 -4.36288e-37 0)
(-1.39598e-36 -2.79564e-36 0)
(-5.76223e-36 -1.24537e-35 0)
(-6.1602e-38 -3.07933e-37 0)
(5.66415e-38 -1.73284e-37 0)
(4.94165e-38 -3.03899e-37 0)
(5.54547e-38 -1.54394e-37 0)
(3.53021e-38 4.12083e-37 0)
(-3.10697e-38 4.13939e-37 0)
(-3.86464e-38 -1.47304e-37 0)
(-1.51801e-39 -2.79248e-37 0)
(3.85505e-38 -3.2048e-37 0)
(8.50535e-38 -3.76551e-37 0)
(1.15001e-37 2.17474e-37 0)
(7.35584e-38 5.51603e-37 0)
(4.06874e-38 -1.35559e-37 0)
(6.98253e-38 -3.54521e-37 0)
(5.44965e-38 1.47425e-37 0)
(3.85491e-38 2.20736e-37 0)
(2.90281e-38 5.01117e-38 0)
(6.45662e-39 1.01695e-38 0)
(1.33611e-39 1.51423e-39 0)
(2.04675e-40 2.11986e-40 0)
(2.94439e-41 2.57142e-41 0)
(3.65716e-42 2.96575e-42 0)
(4.30476e-43 3.1275e-43 0)
(5.08908e-44 2.85689e-44 0)
(5.12626e-44 -2.88383e-44 0)
(4.34731e-43 -3.15465e-43 0)
(3.6985e-42 -2.9943e-42 0)
(2.98268e-41 -2.59951e-41 0)
(2.07893e-40 -2.14633e-40 0)
(1.36181e-39 -1.53691e-39 0)
(6.63099e-39 -1.03551e-38 0)
(3.01522e-38 -5.1408e-38 0)
(4.36105e-38 -2.2934e-37 0)
(7.66562e-38 -1.86941e-37 0)
(7.66555e-38 1.86941e-37 0)
(4.3602e-38 2.29334e-37 0)
(3.00702e-38 5.13483e-38 0)
(5.87854e-39 9.77447e-39 0)
(-4.89239e-39 -3.8745e-39 0)
(-4.92106e-38 -4.55882e-38 0)
(-3.30735e-37 -3.70564e-37 0)
(-2.10405e-36 -2.55791e-36 0)
(-9.22429e-36 -1.69062e-35 0)
(-3.89633e-35 -7.82847e-35 0)
(-4.42691e-37 -1.985e-36 0)
(2.26451e-37 -8.13212e-37 0)
(9.66546e-38 -5.93626e-37 0)
(6.09727e-38 -1.42968e-37 0)
(1.11964e-38 4.10716e-38 0)
(6.22063e-39 6.20603e-38 0)
(4.49069e-39 -2.36897e-38 0)
(1.71554e-39 -4.48677e-38 0)
(3.69258e-39 -5.15578e-38 0)
(8.45314e-40 -5.97135e-38 0)
(-7.44404e-40 3.45333e-38 0)
(8.6938e-39 8.72881e-38 0)
(1.17088e-38 -2.1135e-38 0)
(2.30472e-39 -5.59311e-38 0)
(-1.62238e-39 2.31765e-38 0)
(3.6839e-39 3.51111e-38 0)
(4.11353e-39 8.26307e-39 0)
(9.73909e-40 1.74103e-39 0)
(2.10925e-40 2.67592e-40 0)
(3.32712e-41 3.8453e-41 0)
(4.89731e-42 4.76731e-42 0)
(6.19343e-43 5.59419e-43 0)
(7.39582e-44 5.98637e-44 0)
(8.85662e-45 5.52722e-45 0)
(8.92234e-45 -5.58036e-45 0)
(7.47044e-44 -6.03945e-44 0)
(6.26522e-43 -5.64942e-43 0)
(4.96301e-42 -4.821e-42 0)
(3.3815e-41 -3.89513e-41 0)
(2.15187e-40 -2.71788e-40 0)
(1.00213e-39 -1.77459e-39 0)
(4.28993e-39 -8.49109e-39 0)
(4.437e-39 -3.6575e-38 0)
(1.4499e-39 -2.96215e-38 0)
(1.44587e-39 2.96189e-38 0)
(4.3909e-39 3.65484e-38 0)
(3.84137e-39 8.21119e-39 0)
(-3.16959e-39 -9.83562e-40 0)
(-3.49829e-38 -2.5822e-38 0)
(-2.83472e-37 -2.2499e-37 0)
(-1.94152e-36 -1.8662e-36 0)
(-1.27037e-35 -1.33117e-35 0)
(-5.76672e-35 -9.15472e-35 0)
(-2.51605e-34 -4.47087e-34 0)
(-2.52056e-36 -1.21697e-35 0)
(1.89245e-36 -4.958e-36 0)
(7.01198e-37 -3.51861e-36 0)
(4.29926e-37 -7.51334e-37 0)
(9.14579e-38 -1.39999e-37 0)
(2.00065e-38 -1.24148e-38 0)
(4.15913e-39 -6.61462e-39 0)
(7.90728e-40 -7.1846e-39 0)
(4.13481e-40 -7.88216e-39 0)
(-7.14802e-40 -8.9926e-39 0)
(-1.35183e-39 5.19925e-39 0)
(1.04512e-39 1.31156e-38 0)
(2.01455e-39 -3.14044e-39 0)
(-2.39788e-40 -8.38313e-39 0)
(-9.08344e-40 3.46752e-39 0)
(3.61034e-40 5.29441e-39 0)
(5.57695e-40 1.27879e-39 0)
(1.37968e-40 2.77815e-40 0)
(3.08762e-41 4.37768e-41 0)
(4.98408e-42 6.4267e-42 0)
(7.47102e-43 8.10925e-43 0)
(9.5911e-44 9.6529e-44 0)
(1.15913e-44 1.04546e-44 0)
(1.40349e-45 9.7391e-46 0)
(1.41405e-45 -9.83424e-46 0)
(1.17104e-44 -1.05489e-44 0)
(9.70465e-44 -9.7502e-44 0)
(7.57384e-43 -8.20292e-43 0)
(5.06814e-42 -6.51256e-42 0)
(3.15247e-41 -4.4489e-41 0)
(1.42181e-40 -2.83411e-40 0)
(5.83381e-40 -1.31595e-39 0)
(4.6646e-40 -5.52689e-39 0)
(-5.00546e-40 -4.45643e-39 0)
(-5.19427e-40 4.44565e-39 0)
(2.48152e-40 5.41709e-39 0)
(-1.56533e-39 1.45952e-40 0)
(-2.01314e-38 -1.14174e-38 0)
(-1.74025e-37 -1.12844e-37 0)
(-1.43307e-36 -9.97552e-37 0)
(-1.00878e-35 -8.5631e-36 0)
(-6.81879e-35 -6.39357e-35 0)
(-3.23079e-34 -4.66451e-34 0)
(-1.45908e-33 -2.45193e-33 0)
(-1.05986e-35 -7.14664e-35 0)
(1.66155e-35 -2.77587e-35 0)
(5.36268e-36 -1.97117e-35 0)
(2.81853e-36 -4.08344e-36 0)
(5.74796e-37 -7.8869e-37 0)
(1.14163e-37 -1.1298e-37 0)
(1.71953e-38 -1.62279e-38 0)
(2.46497e-39 -2.84834e-39 0)
(3.33086e-40 -1.32616e-39 0)
(-1.16048e-40 -1.28433e-39 0)
(-2.56419e-40 7.27962e-40 0)
(1.28729e-40 1.83803e-39 0)
(2.92603e-40 -4.35689e-40 0)
(-6.74058e-41 -1.17237e-39 0)
(-1.64762e-40 4.84042e-40 0)
(3.79304e-41 7.44505e-40 0)
(7.33803e-41 1.83956e-40 0)
(1.86943e-41 4.09474e-41 0)
(4.28549e-42 6.58693e-42 0)
(7.04227e-43 9.83907e-43 0)
(1.07112e-43 1.25998e-43 0)
(1.39198e-44 1.51781e-44 0)
(1.69905e-45 1.66086e-45 0)
(2.07624e-46 1.55897e-46 0)
(2.09203e-46 -1.57442e-46 0)
(1.71675e-45 -1.67608e-45 0)
(1.40874e-44 -1.53339e-44 0)
(1.08616e-43 -1.27484e-43 0)
(7.16384e-43 -9.97395e-43 0)
(4.37796e-42 -6.69749e-42 0)
(1.92836e-41 -4.18032e-41 0)
(7.68772e-41 -1.89545e-40 0)
(5.14462e-41 -7.78823e-40 0)
(-1.19365e-40 -6.27626e-40 0)
(-1.98448e-40 5.95105e-40 0)
(-8.73605e-40 4.43678e-40 0)
(-9.15986e-39 -3.42992e-39 0)
(-8.87499e-38 -3.67655e-38 0)
(-7.78625e-37 -3.63395e-37 0)
(-6.5938e-36 -3.31892e-36 0)
(-4.79889e-35 -2.99091e-35 0)
(-3.38693e-34 -2.40249e-34 0)
(-1.68893e-33 -1.91188e-33 0)
(-8.09989e-33 -1.12835e-32 0)
(-1.26583e-35 -3.72169e-34 0)
(1.48281e-34 -1.47077e-34 0)
(4.01925e-35 -1.07481e-34 0)
(1.67527e-35 -2.12555e-35 0)
(3.18899e-36 -3.94846e-36 0)
(6.00873e-37 -5.50217e-37 0)
(8.66892e-38 -7.36312e-38 0)
(1.19888e-38 -8.72353e-39 0)
(1.44678e-39 -1.11439e-39 0)
(1.43779e-40 -2.68418e-40 0)
(-1.99074e-41 8.79139e-41 0)
(1.73773e-41 2.44845e-40 0)
(3.85186e-41 -5.78452e-41 0)
(-1.04568e-41 -1.56467e-40 0)
(-2.33001e-41 6.45051e-41 0)
(4.18861e-42 9.98022e-41 0)
(9.2402e-42 2.51041e-41 0)
(2.40542e-42 5.69295e-42 0)
(5.61523e-43 9.30569e-43 0)
(9.36402e-44 1.40866e-43 0)
(1.44142e-44 1.82476e-44 0)
(1.89284e-45 2.21851e-45 0)
(2.32999e-46 2.44709e-46 0)
(2.87013e-47 2.31039e-47 0)
(2.89202e-47 -2.33356e-47 0)
(2.35432e-46 -2.46982e-46 0)
(1.9156e-45 -2.24167e-45 0)
(1.46148e-44 -1.84676e-44 0)
(9.52166e-44 -1.42851e-43 0)
(5.72937e-43 -9.46777e-43 0)
(2.47044e-42 -5.81821e-42 0)
(9.53089e-42 -2.59304e-41 0)
(3.90215e-42 -1.05052e-40 0)
(-4.12921e-41 -9.00537e-41 0)
(-2.91751e-40 7.34912e-42 0)
(-2.96184e-39 -7.59727e-40 0)
(-3.00764e-38 -9.4871e-39 0)
(-2.94896e-37 -9.88757e-38 0)
(-2.65034e-36 -1.01093e-36 0)
(-2.3135e-35 -9.69905e-36 0)
(-1.75025e-34 -9.48678e-35 0)
(-1.29269e-33 -8.52964e-34 0)
(-6.85352e-33 -7.8006e-33 0)
(-3.47949e-32 -5.36681e-32 0)
(4.64846e-34 -2.27747e-33 0)
(1.45206e-33 -7.48253e-34 0)
(3.40872e-34 -5.19457e-34 0)
(1.14825e-34 -9.76701e-35 0)
(1.99245e-35 -1.71545e-35 0)
(3.52976e-36 -2.2951e-36 0)
(4.87081e-37 -2.96104e-37 0)
(6.53246e-38 -3.36978e-38 0)
(7.67149e-39 -3.71562e-39 0)
(8.64258e-40 -3.91118e-40 0)
(8.63178e-41 -2.78806e-41 0)
(1.0298e-41 1.89639e-41 0)
(4.28285e-42 -5.51601e-42 0)
(-9.32244e-43 -1.42307e-41 0)
(-2.15907e-42 5.85432e-42 0)
(3.42226e-43 9.09881e-42 0)
(8.14806e-43 2.3284e-42 0)
(2.15292e-43 5.4107e-43 0)
(5.09e-44 9.01519e-44 0)
(8.57824e-45 1.39039e-44 0)
(1.33172e-45 1.82933e-45 0)
(1.76182e-46 2.25544e-46 0)
(2.18148e-47 2.51795e-47 0)
(2.70173e-48 2.40034e-48 0)
(2.71776e-48 -2.4246e-48 0)
(2.1968e-47 -2.54142e-47 0)
(1.77188e-46 -2.27894e-46 0)
(1.33411e-45 -1.85112e-45 0)
(8.49558e-45 -1.40938e-44 0)
(4.88331e-44 -9.16136e-44 0)
(1.80201e-43 -5.51264e-43 0)
(3.17086e-43 -2.38055e-42 0)
(-6.1147e-42 -9.25044e-42 0)
(-8.02828e-41 -4.06694e-42 0)
(-8.93795e-40 4.86263e-41 0)
(-9.80935e-39 4.57754e-40 0)
(-1.01493e-37 4.62146e-39 0)
(-1.02201e-36 4.19236e-38 0)
(-9.45297e-36 2.94208e-37 0)
(-8.59956e-35 9.77761e-38 0)
(-6.79146e-34 -4.65444e-35 0)
(-5.38475e-33 -1.13023e-33 0)
(-3.06167e-32 -1.71053e-32 0)
(-1.83481e-31 -1.80319e-31 0)
(1.12607e-32 -1.23121e-32 0)
(1.96671e-32 -4.67358e-33 0)
(3.60628e-33 -3.47147e-33 0)
(8.46147e-34 -5.71214e-34 0)
(1.27725e-34 -9.58923e-35 0)
(2.01502e-35 -1.21621e-35 0)
(2.60328e-36 -1.52796e-36 0)
(3.31624e-37 -1.68927e-37 0)
(3.76103e-38 -1.82369e-38 0)
(4.13238e-39 -1.81864e-39 0)
(4.19517e-40 -1.74889e-40 0)
(4.12308e-41 -1.41804e-41 0)
(4.04899e-42 -1.83493e-42 0)
(2.65113e-43 -1.27693e-42 0)
(-1.28635e-43 4.67054e-43 0)
(2.59879e-44 7.43271e-43 0)
(5.84811e-44 1.92478e-43 0)
(1.56281e-44 4.51046e-44 0)
(3.75093e-45 7.57787e-45 0)
(6.40007e-46 1.17528e-45 0)
(1.00516e-46 1.55453e-46 0)
(1.34306e-47 1.92333e-47 0)
(1.6776e-48 2.154e-48 0)
(2.09673e-49 2.0578e-49 0)
(2.13671e-49 -2.06687e-49 0)
(1.73377e-48 -2.1569e-48 0)
(1.41579e-47 -1.9173e-47 0)
(1.09976e-46 -1.53452e-46 0)
(7.62227e-46 -1.13591e-45 0)
(5.32386e-45 -6.9271e-45 0)
(3.54824e-44 -3.54614e-44 0)
(3.04809e-43 -5.92277e-44 0)
(2.98268e-42 9.93103e-43 0)
(3.43731e-41 2.10442e-41 0)
(3.85075e-40 2.5643e-40 0)
(4.14995e-39 2.86945e-39 0)
(4.21732e-38 3.06946e-38 0)
(4.13307e-37 2.96538e-37 0)
(3.73988e-36 2.44142e-36 0)
(3.27281e-35 1.00081e-35 0)
(2.51615e-34 -1.56899e-34 0)
(1.87629e-33 -5.63873e-33 0)
(1.03718e-32 -9.98393e-32 0)
(5.47384e-32 -1.27992e-30 0)
(1.56538e-31 -9.9075e-32 0)
(1.89893e-31 -1.23457e-32 0)
(2.46961e-32 -1.05167e-33 0)
(5.50198e-33 -6.75705e-35 0)
(7.48426e-34 -3.01108e-36 0)
(1.1421e-34 -5.70036e-38 0)
(1.40835e-35 8.09384e-39 0)
(1.75377e-36 1.35644e-39 0)
(1.93741e-37 1.53271e-40 0)
(2.09457e-38 1.45882e-41 0)
(2.09166e-39 1.37921e-42 0)
(2.02518e-40 2.4694e-43 0)
(1.85066e-41 -2.17061e-44 0)
(1.62791e-42 -8.44113e-44 0)
(1.26116e-43 3.50808e-44 0)
(1.29414e-44 5.48762e-44 0)
(5.15131e-45 1.43694e-44 0)
(1.22115e-45 3.40925e-45 0)
(2.84157e-46 5.79028e-46 0)
(4.83368e-47 9.06734e-47 0)
(7.60123e-48 1.20956e-47 0)
(1.01906e-48 1.50736e-48 0)
(1.2772e-49 1.69894e-49 0)
(1.69076e-50 1.6299e-50 0)
(3.03091e-50 -1.65551e-50 0)
(3.44028e-49 -1.72808e-49 0)
(4.20106e-48 -1.54322e-48 0)
(5.31913e-47 -1.25365e-47 0)
(6.82414e-46 -9.61739e-47 0)
(8.85607e-45 -6.47783e-46 0)
(1.13268e-43 -4.27781e-45 0)
(1.42556e-42 -2.52238e-44 0)
(1.73327e-41 -1.89672e-43 0)
(2.04544e-40 -1.65908e-42 0)
(2.30487e-39 -1.9009e-41 0)
(2.51125e-38 -2.12504e-40 0)
(2.58104e-37 -2.23473e-39 0)
(2.56892e-36 -2.02142e-38 0)
(2.35991e-35 -1.2841e-37 0)
(2.11368e-34 5.81623e-37 0)
(1.66077e-33 3.9638e-35 0)
(1.28964e-32 9.18066e-34 0)
(7.39767e-32 1.46287e-32 0)
(4.30706e-31 1.7544e-31 0)
(1.68434e-32 -9.67079e-32 0)
(1.678e-32 -9.47263e-33 0)
(3.14329e-33 2.21911e-33 0)
(7.55165e-34 4.87153e-34 0)
(1.16255e-34 9.16377e-35 0)
(1.86406e-35 1.20145e-35 0)
(2.43631e-36 1.52864e-36 0)
(3.13195e-37 1.69645e-37 0)
(3.57667e-38 1.83308e-38 0)
(3.95198e-39 1.82685e-39 0)
(4.03236e-40 1.76486e-40 0)
(3.96633e-41 1.60889e-41 0)
(3.67781e-42 1.41565e-42 0)
(3.2836e-43 1.13059e-43 0)
(2.72316e-44 1.23155e-44 0)
(2.42645e-45 4.82663e-45 0)
(4.77933e-46 1.13115e-45 0)
(9.45131e-47 2.60379e-46 0)
(2.06755e-47 4.40724e-47 0)
(3.47494e-48 6.9048e-48 0)
(5.45503e-49 9.23592e-49 0)
(7.33219e-50 1.1536e-49 0)
(9.21888e-51 1.30295e-50 0)
(1.23039e-51 1.18054e-51 0)
(2.26682e-51 -2.41878e-51 0)
(2.5736e-50 -3.10982e-50 0)
(3.12904e-49 -3.8882e-49 0)
(3.92402e-48 -4.95415e-48 0)
(4.97049e-47 -6.47782e-47 0)
(6.3396e-46 -8.50612e-46 0)
(7.95933e-45 -1.11872e-44 0)
(9.79103e-44 -1.44243e-43 0)
(1.16363e-42 -1.82299e-42 0)
(1.33383e-41 -2.22147e-41 0)
(1.46152e-40 -2.62249e-40 0)
(1.53172e-39 -2.93895e-39 0)
(1.51916e-38 -3.13643e-38 0)
(1.42996e-37 -3.00218e-37 0)
(1.25273e-36 -2.39226e-36 0)
(1.02633e-35 -7.49474e-36 0)
(7.54667e-35 2.19598e-34 0)
(4.94069e-34 6.83205e-33 0)
(2.58853e-33 1.17628e-31 0)
(8.88371e-33 1.48345e-30 0)
(3.83437e-33 -9.63481e-33 0)
(-2.76823e-34 -1.40767e-33 0)
(5.42954e-35 2.56132e-34 0)
(5.77688e-35 7.36721e-35 0)
(1.26288e-35 1.49332e-35 0)
(2.56293e-36 2.0937e-36 0)
(3.79374e-37 2.75762e-37 0)
(5.33929e-38 3.16791e-38 0)
(6.47331e-39 3.50075e-39 0)
(7.48849e-40 3.56671e-40 0)
(7.90394e-41 3.50195e-41 0)
(7.98669e-42 3.24142e-42 0)
(7.56201e-43 2.89181e-43 0)
(6.8754e-44 2.42063e-44 0)
(5.89273e-45 2.20757e-45 0)
(5.03731e-46 4.42532e-46 0)
(5.98047e-47 8.74291e-47 0)
(8.60409e-48 1.89778e-47 0)
(1.58625e-48 3.17534e-48 0)
(2.52784e-49 4.96576e-49 0)
(3.88274e-50 6.65832e-50 0)
(5.18223e-51 8.34097e-51 0)
(6.27081e-52 9.45684e-52 0)
(-2.81149e-52 9.40265e-53 0)
(-5.57902e-51 -4.50404e-53 0)
(-8.55148e-50 -2.15613e-52 0)
(-1.27085e-48 2.89689e-51 0)
(-1.83669e-47 1.01299e-49 0)
(-2.57292e-46 1.9433e-48 0)
(-3.50261e-45 3.11345e-47 0)
(-4.60653e-44 4.4996e-46 0)
(-5.88071e-43 6.08863e-45 0)
(-7.21507e-42 7.8601e-44 0)
(-8.58443e-41 9.68666e-43 0)
(-9.73766e-40 1.16503e-41 0)
(-1.0715e-38 1.36194e-40 0)
(-1.10948e-37 1.65373e-39 0)
(-1.1185e-36 2.16781e-38 0)
(-1.03571e-35 3.39055e-37 0)
(-9.43802e-35 5.91083e-36 0)
(-7.46491e-34 1.05681e-34 0)
(-5.93338e-33 1.69267e-33 0)
(-3.37976e-32 2.25522e-32 0)
(-2.03301e-31 2.22176e-31 0)
(4.34557e-34 -1.916e-33 0)
(-1.37867e-34 -2.86196e-34 0)
(-1.88188e-35 1.59036e-35 0)
(2.18578e-36 8.64602e-36 0)
(9.66529e-37 2.1499e-36 0)
(2.52257e-37 3.34059e-37 0)
(4.17643e-38 4.76914e-38 0)
(6.30141e-39 5.79727e-39 0)
(8.01195e-40 6.70124e-40 0)
(9.5876e-41 7.06272e-41 0)
(1.03935e-41 7.12565e-42 0)
(1.07195e-42 6.73744e-43 0)
(1.03249e-43 6.11996e-44 0)
(9.52038e-45 5.25791e-45 0)
(8.29721e-46 4.52693e-46 0)
(7.06777e-47 5.45026e-47 0)
(6.97548e-48 7.89771e-48 0)
(8.04978e-49 1.45341e-48 0)
(1.228e-49 2.30965e-49 0)
(1.80976e-50 3.53613e-50 0)
(2.68091e-51 4.71011e-51 0)
(3.53673e-52 5.88816e-52 0)
(5.18003e-53 7.12322e-53 0)
(1.29198e-52 8.04488e-53 0)
(1.92233e-51 1.1758e-51 0)
(2.90001e-50 1.83456e-50 0)
(4.25647e-49 2.79099e-49 0)
(6.07946e-48 4.12828e-48 0)
(8.41793e-47 5.9434e-47 0)
(1.13163e-45 8.29769e-46 0)
(1.46859e-44 1.12584e-44 0)
(1.8459e-43 1.47584e-43 0)
(2.22696e-42 1.87712e-42 0)
(2.59587e-41 2.29445e-41 0)
(2.8797e-40 2.71781e-40 0)
(3.08057e-39 3.07002e-39 0)
(3.0934e-38 3.36271e-38 0)
(2.99398e-37 3.475e-37 0)
(2.65245e-36 3.50911e-36 0)
(2.27066e-35 3.30068e-35 0)
(1.68014e-34 3.10856e-34 0)
(1.20496e-33 2.64596e-33 0)
(6.17988e-33 2.26934e-32 0)
(3.0131e-32 1.45946e-31 0)
(6.08087e-35 -2.12032e-34 0)
(-2.76182e-35 -3.62369e-35 0)
(-4.65639e-36 -1.78651e-37 0)
(-2.93839e-37 7.09641e-37 0)
(4.05402e-38 2.18792e-37 0)
(2.10731e-38 3.73357e-38 0)
(4.14935e-39 5.67074e-39 0)
(6.90695e-40 7.21108e-40 0)
(9.31355e-41 8.61538e-41 0)
(1.16273e-41 9.32404e-42 0)
(1.29983e-42 9.60146e-43 0)
(1.37308e-43 9.2359e-44 0)
(1.34762e-44 8.5077e-45 0)
(1.26178e-45 7.41952e-46 0)
(1.11583e-46 6.33868e-47 0)
(9.54455e-48 6.30707e-48 0)
(8.58059e-49 7.33492e-49 0)
(8.41521e-50 1.12166e-49 0)
(1.03781e-50 1.65172e-50 0)
(1.35217e-51 2.44108e-51 0)
(1.8707e-52 3.2099e-52 0)
(2.75008e-53 4.01641e-53 0)
(6.219e-53 9.16167e-54 0)
(9.46051e-52 7.64749e-53 0)
(1.47142e-50 1.2149e-51 0)
(2.23268e-49 1.8936e-50 0)
(3.29542e-48 2.87884e-49 0)
(4.73561e-47 4.25777e-48 0)
(6.60022e-46 6.13217e-47 0)
(8.9398e-45 8.56693e-46 0)
(1.16982e-43 1.16349e-44 0)
(1.48492e-42 1.52689e-43 0)
(1.81111e-41 1.9448e-42 0)
(2.13954e-40 2.38118e-41 0)
(2.40906e-39 2.82771e-40 0)
(2.62615e-38 3.20795e-39 0)
(2.69331e-37 3.54717e-38 0)
(2.68064e-36 3.74795e-37 0)
(2.45071e-35 3.98357e-36 0)
(2.19236e-34 4.18336e-35 0)
(1.70396e-33 4.72835e-34 0)
(1.31603e-32 5.26344e-33 0)
(7.31408e-32 5.76468e-32 0)
(4.16155e-31 4.89972e-31 0)
(6.42655e-36 -2.87258e-35 0)
(-3.14784e-36 -5.06295e-36 0)
(-5.87798e-37 -3.56378e-37 0)
(-6.47302e-38 3.06989e-38 0)
(-1.30074e-39 1.88783e-38 0)
(1.39876e-39 3.76107e-39 0)
(3.45579e-40 6.25737e-40 0)
(6.36312e-41 8.41961e-41 0)
(9.07793e-42 1.04861e-41 0)
(1.17752e-42 1.17004e-42 0)
(1.35375e-43 1.23397e-43 0)
(1.46076e-44 1.20953e-44 0)
(1.45838e-45 1.13133e-45 0)
(1.38436e-46 1.00033e-46 0)
(1.23944e-47 8.56517e-48 0)
(1.06768e-48 7.73058e-49 0)
(9.26039e-50 7.62252e-50 0)
(8.35969e-51 9.44005e-51 0)
(8.85297e-52 1.23145e-51 0)
(1.02115e-52 1.70001e-52 0)
(1.32928e-53 2.16796e-53 0)
(7.20859e-54 2.46759e-54 0)
(9.21414e-53 -2.83034e-54 0)
(1.46881e-51 -5.10939e-53 0)
(2.28759e-50 -8.15941e-52 0)
(3.47499e-49 -1.26965e-50 0)
(5.13513e-48 -1.92677e-49 0)
(7.389e-47 -2.84431e-48 0)
(1.03126e-45 -4.08797e-47 0)
(1.39901e-44 -5.69851e-46 0)
(1.8337e-43 -7.71948e-45 0)
(2.33212e-42 -1.01015e-43 0)
(2.85017e-41 -1.28162e-42 0)
(3.37528e-40 -1.55977e-41 0)
(3.81008e-39 -1.82845e-40 0)
(4.16688e-38 -2.00708e-39 0)
(4.28742e-37 -2.01873e-38 0)
(4.28657e-36 -1.56587e-37 0)
(3.93613e-35 -2.3918e-37 0)
(3.54544e-34 2.89951e-35 0)
(2.7729e-33 8.64327e-34 0)
(2.16768e-32 1.72888e-32 0)
(1.21691e-31 2.61769e-31 0)
(7.12837e-31 3.01608e-30 0)
(7.21123e-37 -2.99024e-36 0)
(-3.56658e-37 -5.61658e-37 0)
(-6.91587e-38 -6.08369e-38 0)
(-1.00973e-38 -1.18679e-39 0)
(-7.27724e-40 1.29024e-39 0)
(4.96502e-41 3.16493e-40 0)
(2.41824e-41 5.79166e-41 0)
(5.2963e-42 8.23105e-42 0)
(8.17379e-43 1.06444e-42 0)
(1.11394e-43 1.22114e-43 0)
(1.32402e-44 1.31541e-44 0)
(1.46434e-45 1.31153e-45 0)
(1.48976e-46 1.24365e-46 0)
(1.43538e-47 1.11295e-47 0)
(1.30127e-48 9.58914e-49 0)
(1.1305e-49 8.33347e-50 0)
(9.65183e-51 7.54823e-51 0)
(8.30937e-52 8.02507e-52 0)
(7.86744e-53 9.27603e-53 0)
(8.0635e-54 1.17728e-53 0)
(9.3225e-55 1.40449e-54 0)
(2.69212e-55 -4.33196e-55 0)
(2.68141e-54 -1.0117e-53 0)
(4.26588e-53 -1.65778e-52 0)
(6.64728e-52 -2.64857e-51 0)
(1.01036e-50 -4.12586e-50 0)
(1.49398e-49 -6.26879e-49 0)
(2.1512e-48 -9.26578e-48 0)
(3.00459e-47 -1.3336e-46 0)
(4.07946e-46 -1.86177e-45 0)
(5.35178e-45 -2.52638e-44 0)
(6.81352e-44 -3.31216e-43 0)
(8.33611e-43 -4.21247e-42 0)
(9.8849e-42 -5.14394e-41 0)
(1.11735e-40 -6.06954e-40 0)
(1.22408e-39 -6.7658e-39 0)
(1.26167e-38 -7.11299e-38 0)
(1.26439e-37 -6.45592e-37 0)
(1.16367e-36 -4.18349e-36 0)
(1.05178e-35 1.56243e-35 0)
(8.25182e-35 1.19541e-33 0)
(6.48783e-34 2.79746e-32 0)
(3.65931e-33 4.46934e-31 0)
(2.171e-32 5.36615e-30 0)
(6.94059e-38 -3.2964e-37 0)
(-3.40343e-38 -6.35108e-38 0)
(-6.87931e-39 -9.09683e-39 0)
(-1.16508e-39 -6.35526e-40 0)
(-1.10824e-40 4.93192e-41 0)
(-2.72959e-42 2.24268e-41 0)
(1.31128e-42 4.84421e-42 0)
(3.83439e-43 7.43318e-43 0)
(6.52437e-44 1.0092e-43 0)
(9.38926e-45 1.19663e-44 0)
(1.15555e-45 1.32101e-45 0)
(1.3101e-46 1.34209e-46 0)
(1.35806e-47 1.29167e-47 0)
(1.32769e-48 1.17021e-48 0)
(1.21821e-49 1.01643e-49 0)
(1.06781e-50 8.68534e-51 0)
(9.07847e-52 7.49121e-52 0)
(7.64074e-53 7.11329e-53 0)
(6.76392e-54 7.30931e-54 0)
(6.15232e-55 8.36723e-55 0)
(-2.68518e-55 8.36127e-56 0)
(-5.59216e-54 -2.06511e-55 0)
(-9.15622e-53 -3.63951e-54 0)
(-1.4626e-51 -5.94957e-53 0)
(-2.27797e-50 -9.49669e-52 0)
(-3.46041e-49 -1.47795e-50 0)
(-5.11362e-48 -2.24319e-49 0)
(-7.35812e-47 -3.31189e-48 0)
(-1.02696e-45 -4.7607e-47 0)
(-1.39318e-44 -6.63726e-46 0)
(-1.82607e-43 -8.99266e-45 0)
(-2.32243e-42 -1.17697e-43 0)
(-2.83833e-41 -1.49365e-42 0)
(-3.36128e-40 -1.8186e-41 0)
(-3.79429e-39 -2.13411e-40 0)
(-4.14963e-38 -2.34949e-39 0)
(-4.26966e-37 -2.38516e-38 0)
(-4.26885e-36 -1.91941e-37 0)
(-3.91982e-35 -5.31311e-37 0)
(-3.53084e-34 2.77737e-35 0)
(-2.76148e-33 8.8207e-34 0)
(-2.159e-32 1.79413e-32 0)
(-1.2121e-31 2.73315e-31 0)
(-7.10371e-31 3.16389e-30 0)
(6.70304e-39 -3.14244e-38 0)
(-3.23693e-39 -6.28339e-39 0)
(-6.68775e-40 -1.04811e-39 0)
(-1.27118e-40 -9.80784e-41 0)
(-1.41189e-41 -2.06207e-42 0)
(-9.62668e-43 1.23941e-42 0)
(2.40239e-44 3.52606e-43 0)
(2.31481e-44 5.95383e-44 0)
(4.69093e-45 8.5314e-45 0)
(7.31212e-46 1.04729e-45 0)
(9.41711e-47 1.18514e-46 0)
(1.10068e-47 1.22686e-47 0)
(1.16606e-48 1.19814e-48 0)
(1.15886e-49 1.09856e-49 0)
(1.07716e-50 9.62565e-51 0)
(9.53478e-52 8.18588e-52 0)
(8.11575e-53 6.89329e-53 0)
(6.75876e-54 6.11588e-54 0)
(5.73085e-55 6.0054e-55 0)
(3.55027e-56 6.77262e-56 0)
(-2.26818e-55 2.3148e-56 0)
(-3.86731e-54 2.56057e-55 0)
(-6.31909e-53 4.27264e-54 0)
(-1.00841e-51 6.9925e-53 0)
(-1.56896e-50 1.11797e-51 0)
(-2.38067e-49 1.74293e-50 0)
(-3.51381e-48 2.65052e-49 0)
(-5.04928e-47 3.9214e-48 0)
(-7.0371e-46 5.65002e-47 0)
(-9.53102e-45 7.89685e-46 0)
(-1.2471e-43 1.07304e-44 0)
(-1.58287e-42 1.40896e-43 0)
(-1.93037e-41 1.79576e-42 0)
(-2.28012e-40 2.20025e-41 0)
(-2.56692e-39 2.61528e-40 0)
(-2.79768e-38 2.97057e-39 0)
(-2.86851e-37 3.29183e-38 0)
(-2.85418e-36 3.49242e-37 0)
(-2.60836e-35 3.74345e-36 0)
(-2.33242e-34 3.99246e-35 0)
(-1.81178e-33 4.61067e-34 0)
(-1.39869e-32 5.25668e-33 0)
(-7.76804e-32 5.85431e-32 0)
(-4.42078e-31 5.045e-31 0)
(-6.39771e-35 2.95401e-30 0)
(4.32793e-40 -3.80364e-39 0)
(-2.07171e-40 -7.80282e-40 0)
(-4.36378e-41 -1.49148e-40 0)
(-8.73996e-42 -1.68159e-41 0)
(-1.03287e-42 -1.22601e-42 0)
(-8.58558e-44 9.37676e-45 0)
(-1.82925e-45 2.39804e-44 0)
(1.05372e-45 5.06909e-45 0)
(2.53737e-46 8.02991e-46 0)
(4.20992e-47 1.04299e-46 0)
(5.60028e-48 1.22563e-47 0)
(6.68178e-49 1.30332e-48 0)
(7.18121e-50 1.29885e-49 0)
(7.21298e-51 1.20995e-50 0)
(6.76048e-52 1.07221e-51 0)
(6.02356e-53 9.09506e-53 0)
(5.16331e-54 7.03973e-54 0)
(4.87846e-55 6.24787e-55 0)
(4.42209e-56 5.34223e-55 0)
(-2.62696e-56 1.37959e-55 0)
(-5.92754e-56 4.6597e-56 0)
(-8.70844e-55 2.05242e-55 0)
(-1.41577e-53 3.33139e-54 0)
(-2.25239e-52 5.44302e-53 0)
(-3.49287e-51 8.68922e-52 0)
(-5.28018e-50 1.35249e-50 0)
(-7.76185e-49 2.05315e-49 0)
(-1.11021e-47 3.03195e-48 0)
(-1.5395e-46 4.35942e-47 0)
(-2.07292e-45 6.07964e-46 0)
(-2.6951e-44 8.24042e-45 0)
(-3.39496e-43 1.07914e-43 0)
(-4.10631e-42 1.37104e-42 0)
(-4.80164e-41 1.67396e-41 0)
(-5.3467e-40 1.9801e-40 0)
(-5.7464e-39 2.23351e-39 0)
(-5.80331e-38 2.44181e-38 0)
(-5.65711e-37 2.5181e-37 0)
(-5.05747e-36 2.53477e-36 0)
(-4.3782e-35 2.37474e-35 0)
(-3.28776e-34 2.22213e-34 0)
(-2.39632e-33 1.87617e-33 0)
(-1.25719e-32 1.59276e-32 0)
(-6.22159e-32 1.01398e-31 0)
(-8.81225e-36 5.61018e-31 0)
(-1.7696e-39 -9.53108e-39 0)
(8.41894e-40 -1.95134e-39 0)
(1.78853e-40 -3.70891e-40 0)
(3.70598e-41 -4.15938e-41 0)
(4.55742e-42 -2.98982e-42 0)
(4.24873e-43 3.16148e-44 0)
(1.91663e-44 6.05752e-44 0)
(-2.6063e-45 1.26812e-44 0)
(-8.25268e-46 2.00062e-45 0)
(-1.47326e-46 2.59203e-46 0)
(-2.0261e-47 3.04072e-47 0)
(-2.46604e-48 3.22918e-48 0)
(-2.6853e-49 3.21487e-49 0)
(-2.7229e-50 2.99168e-50 0)
(-2.57028e-51 2.63752e-51 0)
(-2.29963e-52 2.17372e-52 0)
(-1.91975e-53 8.38667e-54 0)
(-4.69074e-55 1.26165e-54 0)
(3.22037e-56 8.93311e-54 0)
(-5.06266e-55 2.43218e-54 0)
(-1.52064e-55 6.34752e-55 0)
(-2.17787e-55 1.57912e-55 0)
(-2.94517e-54 7.78697e-55 0)
(-4.67118e-53 1.23931e-53 0)
(-7.23531e-52 1.97183e-52 0)
(-1.0921e-50 3.0587e-51 0)
(-1.60231e-49 4.62543e-50 0)
(-2.28633e-48 6.80197e-49 0)
(-3.16107e-47 9.73339e-48 0)
(-4.2409e-46 1.35037e-46 0)
(-5.4897e-45 1.81929e-45 0)
(-6.87824e-44 2.36687e-44 0)
(-8.26582e-43 2.9837e-43 0)
(-9.58912e-42 3.61202e-42 0)
(-1.05747e-40 4.22805e-41 0)
(-1.12298e-39 4.71424e-40 0)
(-1.1172e-38 5.07588e-39 0)
(-1.06881e-37 5.14128e-38 0)
(-9.32396e-37 5.03761e-37 0)
(-7.83137e-36 4.54998e-36 0)
(-5.64275e-35 4.01115e-35 0)
(-3.92896e-34 3.11619e-34 0)
(-1.92709e-33 2.36829e-33 0)
(-9.11556e-33 1.3251e-32 0)
(-9.43181e-37 6.57549e-32 0)
(-2.07756e-38 -9.77717e-38 0)
(1.00164e-38 -1.9619e-38 0)
(2.07628e-39 -3.34168e-39 0)
(3.99535e-40 -3.24474e-40 0)
(4.51665e-41 -1.06704e-41 0)
(3.29978e-42 3.1769e-42 0)
(-2.3065e-44 9.96112e-43 0)
(-6.40344e-44 1.72377e-43 0)
(-1.35479e-44 2.50013e-44 0)
(-2.14688e-45 3.09026e-45 0)
(-2.78796e-46 3.51334e-46 0)
(-3.27581e-47 3.6489e-47 0)
(-3.48268e-48 3.57234e-48 0)
(-3.47039e-49 3.28039e-49 0)
(-3.2321e-50 2.85395e-50 0)
(-2.86082e-51 2.29903e-51 0)
(-2.34943e-52 1.9479e-53 0)
(1.09495e-54 1.24049e-53 0)
(1.34471e-54 1.59829e-52 0)
(-9.24602e-54 4.34874e-53 0)
(-2.58606e-54 1.13053e-53 0)
(-7.10917e-55 2.01526e-54 0)
(-5.63977e-55 4.88332e-55 0)
(-7.02739e-54 2.64523e-54 0)
(-1.08316e-52 4.13453e-53 0)
(-1.63088e-51 6.40507e-52 0)
(-2.38618e-50 9.67078e-51 0)
(-3.39372e-49 1.41937e-49 0)
(-4.67495e-48 2.02605e-48 0)
(-6.2447e-47 2.80242e-47 0)
(-8.04416e-46 3.76157e-46 0)
(-1.002e-44 4.87193e-45 0)
(-1.19623e-43 6.10805e-44 0)
(-1.37663e-42 7.34566e-43 0)
(-1.50438e-41 8.52884e-42 0)
(-1.57949e-40 9.41522e-41 0)
(-1.55098e-39 1.00112e-39 0)
(-1.45893e-38 9.97738e-39 0)
(-1.24784e-37 9.56944e-38 0)
(-1.02083e-36 8.38508e-37 0)
(-7.12863e-36 7.09217e-36 0)
(-4.76349e-35 5.17703e-35 0)
(-2.22533e-34 3.66376e-34 0)
(-9.95329e-34 1.85059e-33 0)
(3.1669e-36 8.8446e-33 0)
(-2.16651e-37 -1.02716e-36 0)
(1.06006e-37 -1.99005e-37 0)
(2.1507e-38 -2.93596e-38 0)
(3.72038e-39 -2.21582e-39 0)
(3.66929e-40 1.03844e-40 0)
(1.32698e-41 6.21227e-41 0)
(-3.32564e-42 1.39679e-41 0)
(-1.08186e-42 2.17517e-42 0)
(-1.88922e-43 2.9782e-43 0)
(-2.75347e-44 3.54952e-44 0)
(-3.41312e-45 3.93288e-45 0)
(-3.88841e-46 4.00625e-46 0)
(-4.04446e-47 3.86377e-47 0)
(-3.96451e-48 3.5038e-48 0)
(-3.64479e-49 3.00412e-49 0)
(-3.19167e-50 2.3429e-50 0)
(-2.55972e-51 -1.02166e-51 0)
(1.55465e-52 1.11802e-52 0)
(3.45659e-53 2.79217e-51 0)
(-1.65521e-52 7.58036e-52 0)
(-4.6229e-53 1.96954e-52 0)
(-1.22358e-53 3.48695e-53 0)
(-2.24525e-54 5.73492e-54 0)
(-1.31836e-54 1.1887e-54 0)
(-1.48448e-53 6.50351e-54 0)
(-2.22391e-52 9.90778e-53 0)
(-3.24681e-51 1.49313e-51 0)
(-4.60591e-50 2.18706e-50 0)
(-6.32515e-49 3.1141e-49 0)
(-8.41819e-48 4.29541e-48 0)
(-1.07964e-46 5.74542e-47 0)
(-1.33794e-45 7.41284e-46 0)
(-1.58739e-44 9.24827e-45 0)
(-1.81367e-43 1.10632e-43 0)
(-1.96438e-42 1.27559e-42 0)
(-2.0414e-41 1.39764e-41 0)
(-1.97829e-40 1.4709e-40 0)
(-1.83326e-39 1.44984e-39 0)
(-1.53612e-38 1.36814e-38 0)
(-1.22903e-37 1.17776e-37 0)
(-8.29276e-37 9.685e-37 0)
(-5.36956e-36 6.85735e-36 0)
(-2.34999e-35 4.62604e-35 0)
(-1.02342e-34 2.24601e-34 0)
(3.41421e-35 1.01983e-33 0)
(-2.25027e-36 -9.4527e-36 0)
(1.11067e-36 -1.78688e-36 0)
(2.16621e-37 -2.06936e-37 0)
(3.25602e-38 -7.11684e-39 0)
(2.52384e-39 3.36716e-39 0)
(-1.00155e-40 8.91138e-40 0)
(-6.68286e-41 1.67335e-40 0)
(-1.52616e-41 2.40668e-41 0)
(-2.3912e-42 3.13571e-42 0)
(-3.2868e-43 3.61503e-43 0)
(-3.92705e-44 3.90825e-44 0)
(-4.3594e-45 3.90731e-45 0)
(-4.44698e-46 3.71306e-46 0)
(-4.2941e-47 3.32446e-47 0)
(-3.89912e-48 2.79478e-48 0)
(-3.37763e-49 2.05088e-49 0)
(-2.61412e-50 -3.31616e-50 0)
(4.23839e-51 7.09506e-52 0)
(7.19331e-52 4.76764e-50 0)
(-2.89262e-51 1.28991e-50 0)
(-8.06048e-52 3.34772e-51 0)
(-2.13162e-52 5.91106e-52 0)
(-3.79845e-53 9.67008e-53 0)
(-6.17347e-54 1.34104e-53 0)
(4.41946e-55 3.7904e-54 0)
(2.0812e-53 3.3006e-53 0)
(3.27077e-52 5.01682e-52 0)
(4.9557e-51 7.46512e-51 0)
(7.30936e-50 1.07972e-49 0)
(1.04058e-48 1.51611e-48 0)
(1.44027e-47 2.06314e-47 0)
(1.91317e-46 2.71738e-46 0)
(2.46813e-45 3.45549e-45 0)
(3.03045e-44 4.23676e-44 0)
(3.61195e-43 4.98977e-43 0)
(4.04498e-42 5.63856e-42 0)
(4.40171e-41 6.07553e-41 0)
(4.40572e-40 6.24109e-40 0)
(4.30359e-39 6.04278e-39 0)
(3.71909e-38 5.52991e-38 0)
(3.17409e-37 4.67116e-37 0)
(2.20554e-36 3.68239e-36 0)
(1.55877e-35 2.55487e-35 0)
(7.05652e-35 1.61301e-34 0)
(3.54458e-34 7.62131e-34 0)
(-2.03698e-35 -9.02907e-35 0)
(9.95812e-36 -1.6082e-35 0)
(1.87347e-36 -1.26639e-36 0)
(2.20975e-37 6.44252e-38 0)
(7.82127e-39 5.29422e-38 0)
(-3.63902e-39 1.08738e-38 0)
(-9.72015e-40 1.83462e-39 0)
(-1.83762e-40 2.48646e-40 0)
(-2.65365e-41 3.11201e-41 0)
(-3.46836e-42 3.484e-42 0)
(-4.00726e-43 3.68384e-43 0)
(-4.33986e-44 3.61791e-44 0)
(-4.34467e-45 3.38934e-45 0)
(-4.13393e-46 2.99376e-46 0)
(-3.70724e-47 2.44411e-47 0)
(-3.17385e-48 1.58694e-48 0)
(-2.29631e-49 -6.96281e-49 0)
(8.99692e-50 7.71726e-52 0)
(1.35776e-50 7.9181e-49 0)
(-4.94162e-50 2.13332e-49 0)
(-1.37208e-50 5.52722e-50 0)
(-3.62422e-51 9.73091e-51 0)
(-6.44085e-52 1.5895e-51 0)
(-1.04545e-52 2.18406e-52 0)
(6.92652e-54 3.59572e-53 0)
(3.30783e-52 1.31862e-52 0)
(5.01051e-51 1.99344e-51 0)
(7.33434e-50 3.00888e-50 0)
(1.04364e-48 4.41565e-49 0)
(1.4384e-47 6.30257e-48 0)
(1.92261e-46 8.71747e-47 0)
(2.4783e-45 1.17011e-45 0)
(3.0896e-44 1.51564e-44 0)
(3.69173e-43 1.90044e-43 0)
(4.25312e-42 2.28605e-42 0)
(4.65311e-41 2.6551e-41 0)
(4.89265e-40 2.93245e-40 0)
(4.8117e-39 3.11997e-39 0)
(4.53545e-38 3.11222e-38 0)
(3.88742e-37 2.98844e-37 0)
(3.18956e-36 2.62296e-36 0)
(2.23389e-35 2.22356e-35 0)
(1.49869e-34 1.62825e-34 0)
(7.02653e-34 1.15686e-33 0)
(3.15424e-33 5.86986e-33 0)
(-1.91716e-34 -6.86374e-34 0)
(8.72401e-35 -1.18694e-34 0)
(1.49314e-35 -2.66183e-36 0)
(1.09758e-36 1.84472e-36 0)
(-9.11096e-38 6.18966e-37 0)
(-5.91235e-38 1.0792e-37 0)
(-1.19924e-38 1.65826e-38 0)
(-2.02453e-39 2.12297e-39 0)
(-2.74996e-40 2.54863e-40 0)
(-3.45027e-41 2.76783e-41 0)
(-3.87017e-42 2.85796e-42 0)
(-4.09888e-43 2.75495e-43 0)
(-4.03085e-44 2.54208e-44 0)
(-3.78146e-45 2.20861e-45 0)
(-3.34753e-46 1.6927e-46 0)
(-2.82662e-47 7.17155e-48 0)
(-1.78842e-48 -1.27505e-47 0)
(1.65756e-48 -9.6831e-50 0)
(2.36881e-49 1.2832e-47 0)
(-8.21211e-49 3.43922e-48 0)
(-2.27014e-49 8.88978e-49 0)
(-5.98565e-50 1.55958e-49 0)
(-1.06067e-50 2.54257e-50 0)
(-1.73221e-51 3.47993e-51 0)
(-9.57113e-53 4.80148e-52 0)
(2.19564e-51 6.24692e-52 0)
(3.36103e-50 8.90582e-51 0)
(4.93334e-49 1.3462e-49 0)
(7.04203e-48 1.98019e-48 0)
(9.7404e-47 2.83461e-47 0)
(1.30744e-45 3.93441e-46 0)
(1.69337e-44 5.3037e-45 0)
(2.12313e-43 6.90493e-44 0)
(2.55333e-42 8.71215e-43 0)
(2.96484e-41 1.05581e-41 0)
(3.27286e-40 1.23754e-40 0)
(3.48014e-39 1.38211e-39 0)
(3.46709e-38 1.49126e-38 0)
(3.32323e-37 1.51451e-37 0)
(2.90502e-36 1.48926e-36 0)
(2.44707e-35 1.35175e-35 0)
(1.7685e-34 1.19964e-34 0)
(1.23671e-33 9.40825e-34 0)
(6.08841e-33 7.22401e-33 0)
(2.89528e-32 4.09468e-32 0)
(-1.41754e-33 -6.06167e-33 0)
(4.66529e-34 -9.26153e-34 0)
(6.69799e-35 3.57798e-35 0)
(-4.25945e-36 2.44978e-35 0)
(-2.58889e-36 6.28843e-36 0)
(-7.15434e-37 9.86726e-37 0)
(-1.20749e-37 1.41711e-37 0)
(-1.84246e-38 1.72868e-38 0)
(-2.35841e-39 2.00356e-39 0)
(-2.83592e-40 2.11571e-40 0)
(-3.08505e-41 2.13791e-41 0)
(-3.19057e-42 2.02377e-42 0)
(-3.07979e-43 1.83993e-43 0)
(-2.84688e-44 1.56381e-44 0)
(-2.48294e-45 1.04023e-45 0)
(-2.05405e-46 -1.81956e-47 0)
(-8.30505e-48 -2.10393e-46 0)
(2.8513e-47 -2.26273e-48 0)
(3.94224e-48 2.0146e-46 0)
(-1.33185e-47 5.36929e-47 0)
(-3.66153e-48 1.38374e-47 0)
(-9.63059e-49 2.41824e-48 0)
(-1.70052e-49 3.93328e-49 0)
(-2.78199e-50 5.36703e-50 0)
(-3.16534e-51 6.99863e-51 0)
(9.69198e-51 3.29892e-51 0)
(1.53883e-49 3.92496e-50 0)
(2.26351e-48 5.9498e-49 0)
(3.23875e-47 8.79288e-48 0)
(4.4931e-46 1.26536e-46 0)
(6.05335e-45 1.7663e-45 0)
(7.8757e-44 2.39663e-44 0)
(9.92944e-43 3.1421e-43 0)
(1.20225e-41 3.9974e-42 0)
(1.40768e-40 4.88749e-41 0)
(1.56995e-39 5.79149e-40 0)
(1.69066e-38 6.5448e-39 0)
(1.71158e-37 7.17306e-38 0)
(1.67359e-36 7.4179e-37 0)
(1.50201e-35 7.49955e-36 0)
(1.30651e-34 7.0655e-35 0)
(9.87146e-34 6.67266e-34 0)
(7.2431e-33 5.69997e-33 0)
(3.83252e-32 4.91091e-32 0)
(1.90668e-31 3.17146e-31 0)
(-1.22174e-32 -3.30332e-32 0)
(1.12909e-33 -4.94544e-33 0)
(-9.94086e-35 6.49243e-34 0)
(-1.61411e-34 2.07919e-34 0)
(-3.63935e-35 4.33478e-35 0)
(-7.51502e-36 6.14212e-36 0)
(-1.12105e-36 8.14031e-37 0)
(-1.58644e-37 9.38907e-38 0)
(-1.93e-38 1.0407e-38 0)
(-2.23863e-39 1.0628e-39 0)
(-2.36741e-40 1.04552e-40 0)
(-2.396e-41 9.6903e-42 0)
(-2.27145e-42 8.65222e-43 0)
(-2.0705e-43 6.96483e-44 0)
(-1.77294e-44 1.71409e-45 0)
(-1.41775e-45 -1.40549e-45 0)
(1.59132e-47 -3.30529e-45 0)
(4.59238e-46 -4.05607e-47 0)
(6.24051e-47 3.08262e-45 0)
(-2.09276e-46 8.16032e-46 0)
(-5.71949e-47 2.09507e-46 0)
(-1.49966e-47 3.64438e-47 0)
(-2.63773e-48 5.91006e-48 0)
(-4.30957e-49 8.0372e-49 0)
(-5.606e-50 1.02344e-49 0)
(3.80275e-50 1.32682e-50 0)
(6.90988e-49 2.57848e-50 0)
(1.02189e-47 3.73586e-49 0)
(1.46967e-46 5.53365e-48 0)
(2.05005e-45 7.98637e-47 0)
(2.77941e-44 1.11819e-45 0)
(3.64066e-43 1.52245e-44 0)
(4.62682e-42 2.00326e-43 0)
(5.65016e-41 2.55969e-42 0)
(6.68499e-40 3.14531e-41 0)
(7.53879e-39 3.75484e-40 0)
(8.23496e-38 4.29533e-39 0)
(8.46256e-37 4.83381e-38 0)
(8.44719e-36 5.30744e-37 0)
(7.74352e-35 6.1125e-36 0)
(6.9582e-34 7.39362e-35 0)
(5.42864e-33 9.93523e-34 0)
(4.22613e-32 1.31158e-32 0)
(2.36195e-31 1.59544e-31 0)
(1.36974e-30 1.47359e-30 0)
(-5.9394e-32 -3.02962e-31 0)
(-4.68175e-32 -3.15595e-32 0)
(-8.87462e-33 6.37653e-33 0)
(-2.16159e-33 1.44717e-33 0)
(-3.36447e-34 2.75692e-34 0)
(-5.44339e-35 3.62895e-35 0)
(-7.15915e-36 4.62619e-36 0)
(-9.24839e-37 5.13859e-37 0)
(-1.06003e-37 5.55548e-38 0)
(-1.17471e-38 5.53867e-39 0)
(-1.20142e-39 5.3522e-40 0)
(-1.18405e-40 4.87648e-41 0)
(-1.09972e-41 4.28468e-42 0)
(-9.87864e-43 2.99982e-43 0)
(-8.14262e-44 -3.48151e-44 0)
(-5.7821e-45 -2.53123e-44 0)
(1.50816e-45 -4.90715e-44 0)
(7.12563e-45 -6.14818e-46 0)
(9.55626e-46 4.54643e-44 0)
(-3.20545e-45 1.19524e-44 0)
(-8.6981e-46 3.05453e-45 0)
(-2.27167e-46 5.28664e-46 0)
(-3.97674e-47 8.54335e-47 0)
(-6.48039e-48 1.15769e-47 0)
(-8.81383e-49 1.46875e-48 0)
(-7.53673e-50 1.6285e-49 0)
(5.54208e-49 -5.68372e-50 0)
(8.38292e-48 -1.13617e-48 0)
(1.20703e-46 -1.6819e-47 0)
(1.6855e-45 -2.4206e-46 0)
(2.28791e-44 -3.37904e-45 0)
(3.00063e-43 -4.58496e-44 0)
(3.819e-42 -6.01052e-43 0)
(4.67074e-41 -7.6437e-42 0)
(5.53634e-40 -9.33294e-41 0)
(6.25513e-39 -1.10113e-39 0)
(6.84917e-38 -1.22727e-38 0)
(7.05522e-37 -1.29007e-37 0)
(7.06584e-36 -1.17052e-36 0)
(6.4976e-35 -7.57925e-36 0)
(5.86811e-34 2.85047e-35 0)
(4.59848e-33 2.17058e-33 0)
(3.61212e-32 5.07686e-32 0)
(2.03328e-31 8.10804e-31 0)
(1.2052e-30 9.73158e-30 0)
(-4.8438e-31 -5.71967e-31 0)
(-5.73348e-31 -7.12707e-32 0)
(-7.44457e-32 -6.07036e-33 0)
(-1.66037e-32 -3.89905e-34 0)
(-2.25998e-33 -1.73504e-35 0)
(-3.45225e-34 -3.24603e-37 0)
(-4.25987e-35 4.73227e-38 0)
(-5.30809e-36 7.90096e-39 0)
(-5.8667e-37 8.94618e-40 0)
(-6.34532e-38 8.65864e-41 0)
(-6.33879e-39 7.95746e-42 0)
(-6.13918e-40 5.45905e-43 0)
(-5.61192e-41 -1.89652e-43 0)
(-5.00619e-42 -8.86218e-43 0)
(-3.79142e-43 -9.21154e-43 0)
(-1.7257e-44 -3.93158e-43 0)
(2.74545e-44 -7.0671e-43 0)
(1.05488e-43 -8.82936e-45 0)
(1.40239e-44 6.53192e-43 0)
(-4.73282e-44 1.70262e-43 0)
(-1.27494e-44 4.32639e-44 0)
(-3.31376e-45 7.44158e-45 0)
(-5.77139e-46 1.19733e-45 0)
(-9.37186e-47 1.6153e-46 0)
(-1.27374e-47 2.04312e-47 0)
(-1.65696e-48 2.31975e-48 0)
(-7.52265e-49 1.74973e-49 0)
(-8.40446e-48 -1.1131e-48 0)
(-1.20708e-46 -1.68179e-47 0)
(-1.68553e-45 -2.42074e-46 0)
(-2.28795e-44 -3.37923e-45 0)
(-3.00068e-43 -4.58521e-44 0)
(-3.81906e-42 -6.01083e-43 0)
(-4.67081e-41 -7.64406e-42 0)
(-5.53642e-40 -9.33336e-41 0)
(-6.25521e-39 -1.10117e-39 0)
(-6.84924e-38 -1.22732e-38 0)
(-7.05529e-37 -1.29011e-37 0)
(-7.0659e-36 -1.17057e-36 0)
(-6.49765e-35 -7.57963e-36 0)
(-5.86814e-34 2.85017e-35 0)
(-4.59849e-33 2.17056e-33 0)
(-3.61213e-32 5.07685e-32 0)
(-2.03328e-31 8.10803e-31 0)
(-1.2052e-30 9.73158e-30 0)
(-2.71223e-32 -3.26252e-31 0)
(-6.35098e-32 -5.00726e-32 0)
(-1.1553e-32 -1.35988e-32 0)
(-2.68832e-33 -1.93139e-33 0)
(-4.02904e-34 -3.00095e-34 0)
(-6.31882e-35 -3.71215e-35 0)
(-8.12831e-36 -4.61981e-36 0)
(-1.03191e-36 -5.09433e-37 0)
(-1.16724e-37 -5.49568e-38 0)
(-1.27996e-38 -5.46691e-39 0)
(-1.29904e-39 -5.26856e-40 0)
(-1.27513e-40 -4.9817e-41 0)
(-1.25894e-41 -7.57296e-42 0)
(-1.80033e-42 -1.2566e-41 0)
(4.66449e-43 -1.26584e-41 0)
(2.32474e-43 -5.35724e-42 0)
(4.2845e-43 -9.70573e-42 0)
(1.5178e-42 -1.18662e-43 0)
(1.99871e-43 8.98201e-42 0)
(-6.80864e-43 2.3215e-42 0)
(-1.81769e-43 5.85829e-43 0)
(-4.69646e-44 1.00092e-43 0)
(-8.12815e-45 1.60221e-44 0)
(-1.31405e-45 2.15098e-45 0)
(-1.77769e-46 2.71061e-46 0)
(-2.25807e-47 3.07351e-47 0)
(-3.25981e-48 3.31955e-48 0)
(-1.04967e-47 7.01043e-49 0)
(-1.47013e-46 5.55669e-48 0)
(-2.0503e-45 7.9755e-47 0)
(-2.77972e-44 1.1167e-45 0)
(-3.64105e-43 1.52052e-44 0)
(-4.62728e-42 2.00085e-43 0)
(-5.65069e-41 2.55679e-42 0)
(-6.68557e-40 3.14197e-41 0)
(-7.53939e-39 3.75116e-40 0)
(-8.23555e-38 4.29145e-39 0)
(-8.46311e-37 4.82996e-38 0)
(-8.44766e-36 5.3038e-37 0)
(-7.7439e-35 6.10934e-36 0)
(-6.95846e-34 7.39101e-35 0)
(-5.42882e-33 9.93336e-34 0)
(-4.22621e-32 1.31145e-32 0)
(-2.36198e-31 1.59538e-31 0)
(-1.36975e-30 1.47356e-30 0)
(7.58893e-33 -3.42501e-32 0)
(-9.1139e-33 -7.18599e-33 0)
(-1.80743e-33 -2.08807e-33 0)
(-5.02212e-34 -3.34382e-34 0)
(-8.0127e-35 -5.41675e-35 0)
(-1.33288e-35 -7.0403e-36 0)
(-1.77108e-36 -8.96984e-37 0)
(-2.30859e-37 -1.01495e-37 0)
(-2.65652e-38 -1.08589e-38 0)
(-2.9743e-39 -9.40393e-40 0)
(-3.20052e-40 -6.95751e-41 0)
(-3.69548e-41 -2.91856e-41 0)
(-1.47139e-41 -4.44409e-41 0)
(-1.06413e-41 -1.63049e-40 0)
(7.63355e-42 -1.68592e-40 0)
(3.26334e-42 -7.09031e-41 0)
(5.84462e-42 -1.29902e-40 0)
(2.08568e-41 -1.5449e-42 0)
(2.72201e-42 1.20409e-40 0)
(-9.37621e-42 3.07808e-41 0)
(-2.48085e-42 7.7016e-42 0)
(-6.36391e-43 1.30479e-42 0)
(-1.09394e-43 2.07532e-43 0)
(-1.75936e-44 2.76908e-44 0)
(-2.3684e-45 3.47319e-45 0)
(-2.99127e-46 3.92076e-46 0)
(-3.41211e-47 4.19327e-47 0)
(-5.91893e-48 4.75047e-48 0)
(-3.28766e-47 9.1325e-48 0)
(-4.51026e-46 1.25824e-46 0)
(-6.07508e-45 1.75624e-45 0)
(-7.90285e-44 2.38355e-44 0)
(-9.96197e-43 3.12565e-43 0)
(-1.20601e-41 3.97753e-42 0)
(-1.4118e-40 4.86434e-41 0)
(-1.5743e-39 5.7658e-40 0)
(-1.69497e-38 6.51735e-39 0)
(-1.71565e-37 7.14551e-38 0)
(-1.67712e-36 7.39134e-37 0)
(-1.50492e-35 7.47608e-36 0)
(-1.30859e-34 7.04558e-35 0)
(-9.88569e-34 6.65796e-34 0)
(-7.25044e-33 5.6896e-33 0)
(-3.83619e-32 4.90551e-32 0)
(-1.90741e-31 3.16886e-31 0)
(3.95438e-33 7.01188e-33 0)
(-2.30943e-33 1.06936e-33 0)
(-4.72879e-34 -1.87506e-35 0)
(-1.17616e-34 -2.32604e-35 0)
(-1.79691e-35 -6.20347e-36 0)
(-2.82025e-36 -9.82349e-37 0)
(-3.63272e-37 -1.47221e-37 0)
(-4.5104e-38 -1.78498e-38 0)
(-4.92116e-39 1.2884e-39 0)
(-8.08866e-40 2.14571e-39 0)
(-2.85711e-40 4.88647e-40 0)
(-9.86969e-41 -2.38196e-40 0)
(-1.60447e-40 -5.44427e-40 0)
(-1.39015e-40 -2.061e-39 0)
(1.03013e-40 -2.13118e-39 0)
(4.322e-41 -8.8918e-40 0)
(7.73415e-41 -1.64639e-39 0)
(2.79073e-40 -1.90037e-41 0)
(3.59664e-41 1.52864e-39 0)
(-1.25924e-40 3.86652e-40 0)
(-3.29327e-41 9.57356e-41 0)
(-8.37327e-42 1.60718e-41 0)
(-1.42704e-42 2.53705e-42 0)
(-2.28031e-43 3.36233e-43 0)
(-3.05076e-44 4.19457e-44 0)
(-3.83483e-45 4.71226e-45 0)
(-4.33592e-46 5.016e-46 0)
(-4.69388e-47 4.97497e-47 0)
(-1.24966e-47 6.43227e-48 0)
(-1.09207e-46 2.55433e-47 0)
(-1.45509e-45 3.49969e-46 0)
(-1.87891e-44 4.73577e-45 0)
(-2.347e-43 6.18652e-44 0)
(-2.81405e-42 7.83855e-43 0)
(-3.2539e-41 9.531e-42 0)
(-3.5813e-40 1.12232e-40 0)
(-3.78931e-39 1.25737e-39 0)
(-3.76472e-38 1.36391e-38 0)
(-3.58611e-37 1.38914e-37 0)
(-3.12811e-36 1.37527e-36 0)
(-2.61266e-35 1.25173e-35 0)
(-1.88766e-34 1.12232e-34 0)
(-1.30327e-33 8.83456e-34 0)
(-6.46524e-33 6.90294e-33 0)
(-3.0034e-32 3.93227e-32 0)
(2.06183e-32 6.785e-32 0)
(-1.06746e-32 1.22513e-32 0)
(-1.73929e-33 1.3321e-33 0)
(-3.46129e-34 1.04834e-34 0)
(-4.4227e-35 7.14106e-36 0)
(-5.91431e-36 4.39795e-37 0)
(-6.64517e-37 -4.39055e-38 0)
(-6.43514e-38 -5.32329e-39 0)
(-4.28951e-39 4.09595e-38 0)
(-3.82955e-39 2.91357e-38 0)
(-2.92998e-39 6.26239e-39 0)
(-1.14523e-39 -2.73336e-39 0)
(-2.00123e-39 -6.59594e-39 0)
(-1.74142e-39 -2.54584e-38 0)
(1.31701e-39 -2.63175e-38 0)
(5.41973e-40 -1.08587e-38 0)
(9.66199e-40 -2.04029e-38 0)
(3.52379e-39 -2.26469e-40 0)
(4.46887e-40 1.89845e-38 0)
(-1.60229e-39 4.73135e-39 0)
(-4.14293e-40 1.15649e-39 0)
(-1.04189e-40 1.91848e-40 0)
(-1.75925e-41 3.0002e-41 0)
(-2.78975e-42 3.94188e-42 0)
(-3.707e-43 4.88436e-43 0)
(-4.63449e-44 5.45334e-44 0)
(-5.21432e-45 5.77645e-45 0)
(-5.56067e-46 5.69006e-46 0)
(-5.97707e-47 5.28878e-47 0)
(-6.93459e-47 -3.8551e-48 0)
(-8.41864e-46 -1.15291e-46 0)
(-1.06831e-44 -1.4967e-45 0)
(-1.30578e-43 -1.88548e-44 0)
(-1.53993e-42 -2.27103e-43 0)
(-1.73708e-41 -2.6696e-42 0)
(-1.88341e-40 -2.96448e-41 0)
(-1.93473e-39 -3.23542e-40 0)
(-1.90205e-38 -3.26569e-39 0)
(-1.74454e-37 -3.29734e-38 0)
(-1.52438e-36 -2.9519e-37 0)
(-1.2082e-35 -2.74932e-36 0)
(-9.08934e-35 -2.0493e-35 0)
(-5.82881e-34 -1.72542e-34 0)
(-3.55217e-33 -8.1516e-34 0)
(-1.53424e-32 -5.72078e-33 0)
(1.80872e-32 6.83032e-31 0)
(-9.35291e-33 8.51022e-32 0)
(-1.48073e-33 7.24328e-33 0)
(-2.90175e-34 4.64544e-34 0)
(-3.64341e-35 2.18347e-35 0)
(-4.99718e-36 6.90609e-37 0)
(-5.69189e-37 -8.31181e-37 0)
(6.06411e-38 -8.3095e-38 0)
(3.38781e-38 4.71857e-37 0)
(-3.80595e-38 3.35081e-37 0)
(-3.41138e-38 7.11751e-38 0)
(-1.27705e-38 -3.11951e-38 0)
(-2.38272e-38 -7.48302e-38 0)
(-2.07323e-38 -2.92842e-37 0)
(1.66236e-38 -3.02528e-37 0)
(6.61809e-39 -1.23514e-37 0)
(1.16299e-38 -2.35318e-37 0)
(4.30248e-38 -2.50273e-39 0)
(5.28051e-39 2.19455e-37 0)
(-1.99693e-38 5.39491e-38 0)
(-5.0798e-39 1.2973e-38 0)
(-1.26017e-39 2.12428e-39 0)
(-2.10211e-40 3.28455e-40 0)
(-3.30192e-41 4.27425e-41 0)
(-4.34951e-42 5.2546e-42 0)
(-5.40086e-43 5.827e-43 0)
(-6.03899e-44 6.13838e-44 0)
(-6.406e-45 6.01837e-45 0)
(-6.48964e-46 5.63862e-46 0)
(-2.96059e-46 5.09273e-47 0)
(-3.11368e-45 1.71517e-47 0)
(-3.96093e-44 1.72716e-46 0)
(-4.85358e-43 2.2223e-45 0)
(-5.75917e-42 2.7709e-44 0)
(-6.52248e-41 3.31194e-43 0)
(-7.14699e-40 3.81681e-42 0)
(-7.38704e-39 4.17806e-41 0)
(-7.39974e-38 4.39572e-40 0)
(-6.85127e-37 4.32756e-39 0)
(-6.20304e-36 4.08421e-38 0)
(-4.98946e-35 3.50937e-37 0)
(-4.04507e-34 2.8889e-36 0)
(-2.66003e-33 2.03722e-35 0)
(-1.95222e-32 1.37788e-34 0)
(-8.86749e-32 6.58029e-34 0)
(-1.80634e-32 6.83118e-31 0)
(9.34018e-33 8.51201e-32 0)
(1.478e-33 7.24264e-33 0)
(2.91505e-34 4.64993e-34 0)
(3.66987e-35 3.5638e-35 0)
(2.54396e-36 4.12963e-36 0)
(9.24305e-38 -8.89268e-36 0)
(1.41664e-36 -8.36855e-37 0)
(4.64508e-37 5.39215e-36 0)
(-4.00966e-37 3.79832e-36 0)
(-3.51092e-37 7.97859e-37 0)
(-1.03319e-37 -3.224e-37 0)
(-2.33833e-37 -8.25394e-37 0)
(-2.05521e-37 -3.31751e-36 0)
(2.00417e-37 -3.42538e-36 0)
(7.53407e-38 -1.37597e-36 0)
(1.25863e-37 -2.67771e-36 0)
(4.70676e-37 -2.68635e-38 0)
(5.34901e-38 2.50468e-36 0)
(-2.32297e-37 6.02802e-37 0)
(-5.81106e-38 1.42067e-37 0)
(-1.41609e-38 2.28567e-38 0)
(-2.33072e-39 3.48462e-39 0)
(-3.61898e-40 4.47819e-40 0)
(-4.72126e-41 5.45139e-41 0)
(-5.81622e-42 5.99235e-42 0)
(-6.45928e-43 6.2686e-43 0)
(-6.81291e-44 6.10786e-44 0)
(-6.6898e-45 5.69418e-45 0)
(-6.76759e-46 5.17544e-46 0)
(-7.06552e-46 2.46438e-46 0)
(-8.23316e-45 2.68314e-45 0)
(-9.9984e-44 3.4182e-44 0)
(-1.17443e-42 4.19349e-43 0)
(-1.3161e-41 4.98271e-42 0)
(-1.42291e-40 5.65185e-41 0)
(-1.45062e-39 6.20405e-40 0)
(-1.42598e-38 6.42507e-39 0)
(-1.29589e-37 6.44905e-38 0)
(-1.13981e-36 5.97899e-37 0)
(-8.92721e-36 5.40576e-36 0)
(-6.87905e-35 4.30151e-35 0)
(-4.34627e-34 3.37368e-34 0)
(-2.85658e-33 1.98623e-33 0)
(-1.22223e-32 1.16559e-32 0)
(-2.04257e-32 6.85846e-32 0)
(1.05589e-32 1.23998e-32 0)
(1.71525e-33 1.30592e-33 0)
(3.5946e-34 1.06215e-34 0)
(4.65505e-35 1.62216e-34 0)
(-1.75458e-35 3.89113e-35 0)
(-3.89985e-36 -9.13103e-35 0)
(1.48729e-35 -8.47961e-36 0)
(5.24221e-36 5.55044e-35 0)
(-3.52934e-36 3.88521e-35 0)
(-2.64372e-36 7.99949e-36 0)
(1.92885e-37 -3.35749e-36 0)
(-1.38031e-36 -8.3011e-36 0)
(-1.2563e-36 -3.39388e-35 0)
(2.53382e-36 -3.50041e-35 0)
(8.41261e-37 -1.38575e-35 0)
(1.19598e-36 -2.74857e-35 0)
(4.51136e-36 -2.58454e-37 0)
(3.86373e-37 2.57904e-35 0)
(-2.68624e-36 6.09379e-36 0)
(-6.53103e-37 1.3981e-36 0)
(-1.55482e-37 2.20554e-37 0)
(-2.51213e-38 3.30309e-38 0)
(-3.84466e-39 4.18514e-39 0)
(-4.95262e-40 5.03498e-40 0)
(-6.04114e-41 5.48101e-41 0)
(-6.65026e-42 5.68827e-42 0)
(-6.96543e-43 5.50545e-43 0)
(-6.79343e-44 5.10376e-44 0)
(-6.34868e-45 4.48786e-45 0)
(-7.07636e-46 4.22706e-46 0)
(-1.90579e-45 6.00203e-46 0)
(-2.24276e-44 7.20754e-45 0)
(-2.61165e-43 8.76302e-44 0)
(-2.89571e-42 1.03041e-42 0)
(-3.09003e-41 1.15613e-41 0)
(-3.09767e-40 1.25171e-40 0)
(-2.98205e-39 1.2781e-39 0)
(-2.63426e-38 1.25824e-38 0)
(-2.23544e-37 1.14428e-37 0)
(-1.65958e-36 1.00392e-36 0)
(-1.19407e-35 7.76384e-36 0)
(-6.67227e-35 5.75839e-35 0)
(-3.77537e-34 3.22538e-34 0)
(-1.08448e-33 1.63056e-33 0)
(-2.7577e-33 1.35266e-32 0)
(1.32702e-33 2.23881e-33 0)
(2.58568e-34 -4.23422e-34 0)
(1.96285e-34 -4.05513e-35 0)
(2.04355e-35 1.60163e-33 0)
(-1.70997e-34 3.93754e-34 0)
(-3.51286e-35 -9.54781e-34 0)
(1.30447e-34 -8.66368e-35 0)
(5.46247e-35 5.757e-34 0)
(-5.04244e-36 3.99123e-34 0)
(1.11974e-35 8.05773e-35 0)
(4.13715e-35 -2.99605e-35 0)
(2.42971e-35 -8.1879e-35 0)
(1.93953e-35 -3.48694e-34 0)
(3.29381e-35 -3.59297e-34 0)
(8.53726e-36 -1.38571e-34 0)
(6.09012e-36 -2.84275e-34 0)
(2.09176e-35 -2.43647e-36 0)
(-2.14195e-36 2.67885e-34 0)
(-2.84997e-35 6.12111e-35 0)
(-6.68497e-36 1.35968e-35 0)
(-1.5376e-36 2.08662e-36 0)
(-2.43097e-37 3.05792e-37 0)
(-3.65184e-38 3.80271e-38 0)
(-4.63685e-39 4.50938e-39 0)
(-5.58925e-40 4.84736e-40 0)
(-6.09309e-41 4.981e-41 0)
(-6.33131e-42 4.77883e-42 0)
(-6.13378e-43 4.39896e-43 0)
(-5.69116e-44 3.84126e-44 0)
(-5.02587e-45 3.24034e-45 0)
(-6.94981e-46 3.91173e-46 0)
(-3.29065e-45 1.66791e-45 0)
(-3.76129e-44 1.98982e-44 0)
(-4.13115e-43 2.31925e-43 0)
(-4.35704e-42 2.57402e-42 0)
(-4.31008e-41 2.7498e-41 0)
(-4.07791e-40 2.76016e-40 0)
(-3.53002e-39 2.66064e-39 0)
(-2.91274e-38 2.35295e-38 0)
(-2.08768e-37 1.99569e-37 0)
(-1.42517e-36 1.47322e-36 0)
(-7.35646e-36 1.03887e-35 0)
(-3.67127e-35 5.41416e-35 0)
(-7.29946e-35 2.60333e-34 0)
(-6.53141e-34 1.23059e-33 0)
(-7.58228e-34 -1.32213e-33 0)
(-5.59578e-34 -7.17993e-33 0)
(-4.72108e-34 -7.90256e-34 0)
(-4.79657e-34 1.3984e-32 0)
(-1.5648e-34 3.41237e-33 0)
(-1.06084e-34 -8.4097e-33 0)
(8.1278e-34 -7.54898e-34 0)
(5.82766e-34 5.03844e-33 0)
(6.97009e-34 3.46187e-33 0)
(1.02918e-33 6.74705e-34 0)
(1.35578e-33 -2.84447e-34 0)
(1.15428e-33 -6.95557e-34 0)
(9.68545e-34 -3.02651e-33 0)
(4.96607e-34 -3.11281e-33 0)
(8.6746e-35 -1.17468e-33 0)
(-7.72003e-35 -2.47841e-33 0)
(-3.97151e-34 -1.91293e-35 0)
(-1.61091e-34 2.34586e-33 0)
(-3.13481e-34 5.21988e-34 0)
(-6.87314e-35 1.10704e-34 0)
(-1.50784e-35 1.64583e-35 0)
(-2.30957e-36 2.342e-36 0)
(-3.38963e-37 2.849e-37 0)
(-4.22214e-38 3.31732e-38 0)
(-5.01569e-39 3.51513e-39 0)
(-5.39916e-40 3.57007e-40 0)
(-5.55489e-41 3.39278e-41 0)
(-5.33471e-42 3.099e-42 0)
(-4.91488e-43 2.6888e-43 0)
(-4.29508e-44 2.24954e-44 0)
(-3.65281e-45 1.82331e-45 0)
(-7.54593e-46 3.81925e-46 0)
(-5.34071e-45 2.91257e-45 0)
(-5.79725e-44 3.35455e-44 0)
(-6.05725e-43 3.68805e-43 0)
(-5.92342e-42 3.89394e-42 0)
(-5.5253e-41 3.85709e-41 0)
(-4.69663e-40 3.65467e-40 0)
(-3.78824e-39 3.16887e-39 0)
(-2.63023e-38 2.61735e-38 0)
(-1.72454e-37 1.87397e-37 0)
(-8.28695e-37 1.26812e-36 0)
(-3.75405e-36 6.32275e-36 0)
(-4.33428e-36 2.87759e-35 0)
(-2.05676e-33 -2.04302e-33 0)
(-9.47547e-33 -1.40263e-32 0)
(-1.41587e-32 -6.67949e-32 0)
(-4.73758e-32 -8.21462e-33 0)
(-1.79942e-32 1.2911e-31 0)
(3.57146e-32 3.08701e-32 0)
(4.43654e-33 -7.83383e-32 0)
(-5.29966e-33 -6.68674e-33 0)
(5.4932e-33 4.63553e-32 0)
(2.2726e-32 3.13208e-32 0)
(2.88298e-32 5.86637e-33 0)
(3.20499e-32 -2.0505e-33 0)
(2.99749e-32 -5.87644e-33 0)
(2.54628e-32 -2.74419e-32 0)
(7.54086e-33 -2.81783e-32 0)
(7.62789e-34 -1.01174e-32 0)
(-3.54028e-33 -2.27312e-32 0)
(-1.72543e-32 -1.50316e-34 0)
(-4.28046e-33 2.16469e-32 0)
(-3.07996e-33 4.52391e-33 0)
(-6.14688e-34 9.13284e-34 0)
(-1.24874e-34 1.29971e-34 0)
(-1.83664e-35 1.79124e-35 0)
(-2.6086e-36 2.11947e-36 0)
(-3.17535e-37 2.41825e-37 0)
(-3.70283e-38 2.51733e-38 0)
(-3.92896e-39 2.52227e-39 0)
(-3.99544e-40 2.36834e-40 0)
(-3.80098e-41 2.14267e-41 0)
(-3.47502e-42 1.84315e-42 0)
(-3.01734e-43 1.53112e-43 0)
(-2.52638e-44 1.22042e-44 0)
(-2.08044e-45 9.76202e-46 0)
(-7.67039e-46 4.86195e-46 0)
(-6.59366e-45 4.78917e-45 0)
(-6.79216e-44 5.22689e-44 0)
(-6.53939e-43 5.47721e-43 0)
(-5.97487e-42 5.37776e-42 0)
(-4.9374e-41 5.04316e-41 0)
(-3.82442e-40 4.32203e-40 0)
(-2.48257e-39 3.52588e-39 0)
(-1.45258e-38 2.49814e-38 0)
(-4.9851e-38 1.68762e-37 0)
(-4.32403e-38 8.7462e-37 0)
(2.40602e-36 4.55696e-36 0)
(-1.77794e-32 -1.26526e-32 0)
(-9.94551e-32 -8.4631e-32 0)
(-2.46541e-31 -4.21519e-31 0)
(-1.08421e-30 -5.54151e-32 0)
(-3.73215e-31 8.13886e-31 0)
(8.9806e-31 1.9176e-31 0)
(1.11586e-31 -4.97539e-31 0)
(-2.40329e-31 -4.14807e-32 0)
(5.45773e-32 2.91708e-31 0)
(4.53985e-31 1.9428e-31 0)
(5.52456e-31 3.3783e-32 0)
(5.854e-31 -1.82482e-32 0)
(5.61476e-31 -3.5709e-32 0)
(4.83115e-31 -1.70696e-31 0)
(1.10617e-31 -1.74731e-31 0)
(6.88222e-33 -6.03724e-32 0)
(-7.01284e-32 -1.42353e-31 0)
(-3.66509e-31 -7.89276e-34 0)
(-7.68348e-32 1.36376e-31 0)
(-3.23155e-32 2.72349e-32 0)
(-5.64964e-33 5.08334e-33 0)
(-1.05272e-33 6.87268e-34 0)
(-1.46536e-34 9.02161e-35 0)
(-2.00668e-35 1.03108e-35 0)
(-2.37271e-36 1.14295e-36 0)
(-2.71015e-37 1.16438e-37 0)
(-2.82491e-38 1.14641e-38 0)
(-2.83419e-39 1.06185e-39 0)
(-2.6642e-40 9.50074e-41 0)
(-2.41272e-41 8.10052e-42 0)
(-2.0772e-42 6.68075e-43 0)
(-1.72681e-43 5.29291e-44 0)
(-1.37736e-44 4.06889e-45 0)
(-1.10437e-45 3.57336e-46 0)
(-4.40034e-46 6.82541e-46 0)
(-2.50501e-45 7.50659e-45 0)
(-6.44441e-45 8.27666e-44 0)
(1.75338e-43 8.74334e-43 0)
(4.71228e-42 9.03162e-42 0)
(7.70659e-41 8.93388e-41 0)
(1.05976e-39 8.77521e-40 0)
(1.27623e-38 8.28129e-39 0)
(1.40493e-37 7.92804e-38 0)
(1.42376e-36 7.29895e-37 0)
(1.32462e-35 6.89236e-36 0)
(-1.10158e-31 -7.53039e-32 0)
(-7.66237e-31 -5.23395e-31 0)
(-3.07781e-30 -3.07613e-30 0)
(-1.73253e-29 -4.97094e-31 0)
(-5.73255e-30 5.96428e-30 0)
(1.51167e-29 1.34036e-30 0)
(1.64253e-30 -3.70325e-30 0)
(-4.70916e-30 -2.61492e-31 0)
(3.9747e-31 2.11602e-30 0)
(6.73429e-30 1.35725e-30 0)
(7.8932e-30 2.11294e-31 0)
(8.14919e-30 -8.89104e-32 0)
(7.95609e-30 -2.14117e-31 0)
(6.96544e-30 -1.20664e-30 0)
(1.2369e-30 -1.23171e-30 0)
(4.45458e-32 -3.71329e-31 0)
(-9.35516e-31 -1.0332e-30 0)
(-5.68895e-30 -4.35331e-33 0)
(-9.79116e-31 9.98394e-31 0)
(-2.4943e-31 1.68472e-31 0)
)
;

boundaryField
{
    leftWall
    {
        type            fixedValue;
        value           uniform (0 0 0);
    }
    rightWall
    {
        type            fixedValue;
        value           nonuniform 0();
    }
    lowerWall
    {
        type            fixedValue;
        value           uniform (0 0 0);
    }
    atmosphere
    {
        type            pressureInletOutletVelocity;
        value           nonuniform 0();
    }
    defaultFaces
    {
        type            empty;
    }
    procBoundary0to1
    {
        type            processor;
        value           nonuniform List<vector> 
44
(
(8.68519e-41 -1.77746e-38 0)
(7.7764e-40 -1.46032e-37 0)
(5.48256e-39 -1.09941e-36 0)
(3.5365e-38 -7.91713e-36 0)
(2.05702e-37 -5.34628e-35 0)
(9.97853e-37 -3.46427e-34 0)
(3.71226e-36 -2.0417e-33 0)
(3.81145e-36 -1.18158e-32 0)
(-5.26005e-35 -5.69678e-32 0)
(-4.59247e-34 -3.05502e-31 0)
(1.0494e-33 -1.08709e-30 0)
(1.90724e-32 -1.13799e-29 0)
(1.9508e-31 1.46792e-30 0)
(1.90801e-32 1.30121e-29 0)
(1.24034e-33 1.31833e-30 0)
(6.60944e-35 8.1437e-31 0)
(6.1881e-35 2.86081e-30 0)
(1.03357e-34 2.42086e-29 0)
(3.13902e-36 4.49168e-29 0)
(-1.03043e-34 2.55146e-29 0)
(-1.03043e-34 2.55146e-29 0)
(4.41851e-31 5.03624e-31 0)
(6.21887e-32 1.01295e-31 0)
(9.11532e-33 1.3243e-32 0)
(9.96323e-34 1.88023e-33 0)
(1.10009e-34 5.42355e-34 0)
(5.19216e-36 3.01869e-33 0)
(-5.35878e-35 2.81579e-32 0)
(-5.53605e-34 2.04058e-31 0)
(-4.11325e-33 1.77572e-30 0)
(-3.11851e-32 8.69736e-30 0)
(-2.75759e-32 8.14134e-29 0)
(2.75762e-32 8.14134e-29 0)
(3.11797e-32 8.69734e-30 0)
(3.90054e-33 1.77551e-30 0)
(-3.83631e-33 2.0273e-31 0)
(-6.60863e-32 1.84065e-32 0)
(-6.76785e-31 2.99518e-33 0)
(-6.61405e-32 1.00835e-32 0)
(-4.38992e-33 1.35993e-33 0)
(-2.12323e-34 2.13982e-34 0)
(-2.45973e-36 2.54923e-35 0)
(2.30624e-35 1.44138e-35 0)
(1.16148e-34 6.16041e-35 0)
)
;
    }
    procBoundary0to2
    {
        type            processor;
        value           nonuniform List<vector> 
46
(
(-3.74765e-32 2.99007e-32 0)
(-6.10401e-33 3.80672e-33 0)
(-7.91678e-34 4.85618e-34 0)
(-1.02471e-34 5.377e-35 0)
(-1.16775e-35 5.84619e-36 0)
(-1.29528e-36 5.8371e-37 0)
(-1.3215e-37 5.66593e-38 0)
(-1.30319e-38 5.17421e-39 0)
(-1.20879e-39 4.57921e-40 0)
(-1.0829e-40 3.86303e-41 0)
(-9.24288e-42 3.15835e-42 0)
(-7.62997e-43 2.48141e-43 0)
(-6.04894e-44 1.89194e-44 0)
(-4.52938e-45 1.39829e-45 0)
(1.3494e-45 1.52162e-46 0)
(2.32768e-44 5.71501e-46 0)
(3.09143e-43 5.82136e-45 0)
(3.96786e-42 5.60439e-44 0)
(4.892e-41 5.12843e-43 0)
(5.82645e-40 4.26113e-42 0)
(6.62236e-39 3.34094e-41 0)
(7.26381e-38 2.23946e-40 0)
(7.52505e-37 1.40517e-39 0)
(7.5272e-36 6.33776e-39 0)
(6.98877e-35 2.65071e-38 0)
(-6.82148e-31 1.68903e-34 0)
(-5.29803e-30 6.49412e-35 0)
(-2.25727e-29 4.62845e-35 0)
(-1.85165e-28 9.60978e-36 0)
(-6.1271e-29 1.92818e-36 0)
(1.69089e-28 3.62855e-37 0)
(1.22065e-29 -2.84883e-37 0)
(-5.41999e-29 -2.30162e-35 0)
(2.63934e-30 -5.38813e-34 0)
(6.85888e-29 -8.60907e-33 0)
(7.71278e-29 -1.03369e-31 0)
(7.88215e-29 -8.65255e-31 0)
(7.73624e-29 -1.03369e-31 0)
(7.01829e-29 -8.60909e-33 0)
(8.94603e-30 -5.38834e-34 0)
(2.71113e-31 -2.30213e-35 0)
(-6.90582e-30 -3.06269e-37 0)
(-6.10049e-29 8.06873e-38 0)
(-7.1719e-30 1.85939e-38 0)
(-3.74765e-32 2.99007e-32 0)
(-1.72768e-30 2.37755e-39 0)
)
;
    }
}


// ************************************************************************* //
