/*--------------------------------*- C++ -*----------------------------------*\
| =========                 |                                                 |
| \\      /  F ield         | OpenFOAM: The Open Source CFD Toolbox           |
|  \\    /   O peration     | Version:  2.4.0                                 |
|   \\  /    A nd           | Web:      www.OpenFOAM.org                      |
|    \\/     M anipulation  |                                                 |
\*---------------------------------------------------------------------------*/
FoamFile
{
    version     2.0;
    format      ascii;
    class       surfaceScalarField;
    location    "0.95";
    object      phi;
}
// * * * * * * * * * * * * * * * * * * * * * * * * * * * * * * * * * * * * * //

dimensions      [0 3 -1 0 0 0 0];

internalField   nonuniform List<scalar> 
3742
(
-4.99631e-36
2.64492e-36
-8.87237e-37
3.97326e-37
-1.33711e-37
5.75295e-38
-1.93621e-38
7.38742e-39
-2.54166e-39
9.14334e-40
-3.18903e-40
1.05247e-40
-3.73536e-41
1.16674e-41
-4.19016e-42
1.22592e-42
-4.45707e-43
1.24201e-43
-4.55683e-44
1.20478e-44
-4.4597e-45
1.12949e-45
-4.21051e-46
1.02039e-46
-3.82051e-47
8.93174e-48
-2.25143e-48
7.48615e-49
1.31883e-47
-3.41302e-50
1.56555e-46
-1.09352e-48
1.75699e-45
-1.22497e-47
1.89758e-44
-1.33277e-46
1.97451e-43
-1.41663e-45
1.96815e-42
-1.4628e-44
1.8847e-41
-1.47069e-43
1.71649e-40
-1.42681e-42
1.49718e-39
-1.34169e-41
1.22792e-38
-1.20559e-40
-1.04498e-39
-4.6726e-34
6.5905e-36
-2.01323e-33
4.09084e-35
-1.77761e-33
1.95461e-34
-4.32474e-32
2.43091e-35
2.76689e-32
-3.77695e-34
1.4215e-32
-9.01564e-35
-1.29861e-32
2.29314e-34
7.21473e-34
1.93612e-35
7.79958e-34
-1.35758e-34
1.60857e-32
-9.30224e-35
2.47901e-33
-3.18848e-35
1.68453e-32
-1.77107e-34
1.87917e-33
2.20602e-36
1.56786e-32
7.85719e-35
-1.36718e-32
8.21738e-35
1.38843e-32
2.94161e-35
-1.48464e-32
6.64887e-35
-5.25071e-34
4.63415e-37
-6.44016e-34
-6.33136e-35
-1.53527e-34
-1.31485e-35
-2.45918e-35
-2.64492e-36
-4.17201e-36
-3.97326e-37
-5.97839e-37
-5.75295e-38
-8.40699e-38
-7.38742e-39
-1.07242e-38
-9.14334e-40
-1.31903e-39
-1.05247e-40
-1.51653e-40
-1.16674e-41
-1.67697e-41
-1.22592e-42
-1.76044e-42
-1.24201e-43
-1.78049e-43
-1.20478e-44
-1.72536e-44
-1.12949e-45
-1.61525e-45
-1.0204e-46
-1.45753e-46
-8.93889e-48
-1.25332e-47
-8.24959e-49
1.71143e-48
-7.55908e-49
3.45556e-47
-6.79838e-48
4.06844e-46
-6.4195e-47
4.53445e-45
-5.81418e-46
4.8065e-44
-5.09572e-45
4.83899e-43
-4.28261e-44
4.63631e-42
-3.52377e-43
4.20091e-41
-2.8016e-42
3.61558e-40
-2.23211e-41
2.9145e-39
-1.73914e-40
-1.38338e-39
-8.49432e-35
8.69272e-36
-3.40711e-34
4.93966e-35
-1.49878e-33
2.28615e-34
-1.64035e-33
2.71845e-35
6.26914e-34
-4.4111e-34
1.17612e-33
-1.06202e-34
-1.71944e-34
2.66964e-34
-2.71326e-34
2.31424e-35
5.38614e-34
-1.58791e-34
1.09951e-33
-1.08832e-34
1.22445e-33
-3.00639e-35
1.22632e-33
-1.1901e-35
1.1218e-33
1.09588e-35
6.28718e-34
9.31498e-35
1.15256e-34
9.67428e-35
-7.52915e-35
3.53658e-35
-4.84795e-34
7.78187e-35
-4.89793e-34
5.68699e-37
-1.09125e-34
-7.396e-35
-2.79344e-35
-1.57865e-35
-4.99632e-36
-3.20766e-36
-8.87237e-37
-4.87135e-37
-1.33711e-37
-7.09604e-38
-1.93621e-38
-9.16737e-39
-2.54166e-39
-1.13935e-39
-3.18903e-40
-1.31671e-40
-3.73536e-41
-1.46414e-41
-4.19016e-42
-1.54283e-42
-4.45707e-43
-1.56678e-43
-4.55683e-44
-1.52316e-44
-4.4597e-45
-1.43067e-45
-4.21067e-46
-1.29478e-46
-3.83819e-47
-1.13959e-47
-4.17083e-48
-1.42498e-48
-7.24268e-48
-4.69608e-48
-5.60066e-47
-4.40369e-47
-4.13098e-46
-4.01039e-46
-2.64687e-45
-3.44481e-45
-1.37804e-44
-2.80275e-44
-3.5402e-44
-2.1093e-43
2.93368e-43
-1.48594e-42
6.50089e-42
-9.31825e-42
7.2331e-41
-5.37319e-41
6.46033e-40
-2.52385e-40
-1.09324e-39
-1.36062e-35
6.21505e-36
-3.76667e-35
1.16349e-35
-1.21162e-34
4.01497e-35
-1.27619e-34
3.52979e-36
4.17391e-35
-7.46487e-35
8.65425e-35
-1.89518e-35
-6.73458e-36
4.427e-35
-1.23352e-35
4.46282e-36
4.83112e-35
-2.72092e-35
9.538e-35
-1.95291e-35
1.08951e-34
-5.98571e-36
1.0744e-34
-7.4617e-36
9.63082e-35
2.2699e-36
5.63225e-35
1.63721e-35
1.27716e-35
1.71503e-35
-6.53324e-36
7.07362e-36
-3.94306e-35
1.33636e-35
-4.0294e-35
1.27792e-37
-1.17278e-35
-1.25407e-35
-4.16175e-36
-3.13352e-36
-8.63865e-37
-6.7611e-37
-1.71982e-37
-1.08859e-37
-2.78033e-38
-1.64146e-38
-4.24316e-39
-2.18964e-39
-5.78077e-40
-2.78332e-40
-7.4643e-41
-3.28289e-41
-8.93729e-42
-3.70825e-42
-1.02028e-42
-3.96316e-43
-1.10062e-43
-4.0713e-44
-1.13824e-44
-3.99922e-45
-1.12455e-45
-3.78952e-46
-1.07082e-46
-3.4594e-47
-1.05361e-47
-3.33394e-48
-7.88636e-48
-3.21377e-48
-6.35406e-47
-2.97385e-47
-5.40514e-46
-2.85523e-46
-4.34364e-45
-2.62253e-45
-3.22089e-44
-2.27482e-44
-2.21699e-43
-1.87103e-43
-1.34949e-42
-1.42556e-42
-7.37381e-42
-1.0165e-41
-3.16247e-41
-6.44151e-41
-1.08043e-40
-3.71206e-40
-1.06464e-40
-1.68179e-39
-6.30262e-39
-1.21155e-35
8.30917e-36
-1.14601e-35
7.48079e-36
-8.90491e-36
8.21082e-36
-7.56769e-36
7.38113e-37
1.53768e-36
-1.26746e-35
4.19735e-36
-3.28753e-36
2.07033e-37
7.45649e-36
3.38447e-37
7.75199e-37
3.42176e-36
-4.65207e-36
6.28464e-36
-3.41934e-36
7.38677e-36
-1.15056e-36
7.10236e-36
-1.52465e-36
6.21237e-36
3.56098e-37
3.85822e-36
2.81714e-36
1.08349e-36
2.98093e-36
-3.4639e-37
1.28156e-36
-2.32371e-36
2.29644e-36
-2.4349e-36
2.58877e-38
-9.502e-37
-2.137e-36
-4.69372e-37
-5.63026e-37
-1.11327e-37
-1.29624e-37
-2.41324e-38
-2.19037e-38
-4.12665e-39
-3.44628e-39
-6.54532e-40
-4.75052e-40
-9.18554e-41
-6.2012e-41
-1.21256e-41
-7.46883e-42
-1.47849e-42
-8.57988e-43
-1.71228e-43
-9.29562e-44
-1.86988e-44
-9.65643e-45
-1.9534e-45
-9.57367e-46
-1.94739e-46
-9.143e-47
-1.92162e-47
-8.54581e-48
-7.26062e-48
-2.41627e-48
-5.31477e-47
-1.76864e-47
-4.83843e-46
-1.78896e-46
-4.16833e-45
-1.73639e-45
-3.39691e-44
-1.61406e-44
-2.56277e-43
-1.4201e-43
-1.80289e-42
-1.18811e-42
-1.12995e-41
-9.24288e-42
-6.42862e-41
-6.76016e-41
-2.95226e-40
-4.4209e-40
-1.1488e-39
-2.64497e-39
-2.35887e-39
-1.25351e-38
-4.92063e-38
-1.92527e-34
1.02326e-34
-1.43914e-35
9.10429e-36
-1.09562e-35
9.28117e-37
-2.59652e-36
-6.68907e-38
-4.75957e-37
-1.66262e-36
-8.08454e-38
-4.37246e-37
8.76505e-38
9.42163e-37
1.89634e-37
1.0218e-37
2.06807e-37
-5.9868e-37
3.09611e-37
-4.50927e-37
3.89353e-37
-1.64005e-37
3.37194e-37
-2.10902e-37
2.73049e-37
4.3311e-38
2.05704e-37
3.65449e-37
8.57694e-38
3.90216e-37
1.18391e-39
1.75381e-37
-7.09582e-38
2.96773e-37
-8.50094e-38
3.87813e-39
-6.92721e-38
-2.73788e-37
-5.33338e-38
-7.65279e-38
-1.40856e-38
-1.85071e-38
-3.28512e-39
-3.26315e-39
-5.8708e-40
-5.30812e-40
-9.62635e-41
-7.52358e-41
-1.38452e-41
-1.00352e-41
-1.86347e-42
-1.2307e-42
-2.30754e-43
-1.43424e-43
-2.70621e-44
-1.57305e-44
-2.98612e-45
-1.65064e-45
-3.14672e-46
-1.65088e-46
-3.19191e-47
-1.59384e-47
-6.53578e-48
-2.13713e-48
-3.55155e-47
-7.52053e-48
-3.39989e-46
-7.8595e-47
-3.13608e-45
-8.05518e-46
-2.73601e-44
-7.91119e-45
-2.26331e-43
-7.45438e-44
-1.74012e-42
-6.67105e-43
-1.25266e-41
-5.69288e-42
-8.09906e-41
-4.54502e-41
-4.79308e-40
-3.4253e-40
-2.34253e-39
-2.3337e-39
-9.95834e-39
-1.45934e-38
-2.59564e-38
-7.37528e-38
-3.05609e-37
-1.02231e-35
1.71468e-35
-9.07633e-36
1.62352e-35
-2.05326e-36
7.99709e-37
-4.77732e-37
-8.75081e-38
-1.10778e-37
-2.44657e-37
-4.41805e-38
-6.21689e-38
1.14765e-38
1.17336e-37
2.81037e-38
1.2855e-38
1.15903e-38
-7.60154e-38
9.67804e-39
-5.82824e-38
1.5094e-38
-2.28957e-38
8.23778e-39
-3.13988e-38
3.73865e-39
4.46652e-39
8.10904e-39
4.63883e-38
6.71113e-39
5.00402e-38
2.63706e-39
2.30306e-38
3.5344e-39
3.78214e-38
1.94945e-39
5.48251e-40
-4.88328e-39
-3.4667e-38
-5.58e-39
-9.99097e-39
-1.59061e-39
-2.52044e-39
-3.89578e-40
-4.59118e-40
-7.19743e-41
-7.68697e-41
-1.2098e-41
-1.11472e-41
-1.77492e-42
-1.51497e-42
-2.42662e-43
-1.88634e-43
-3.04465e-44
-2.22578e-44
-3.60915e-45
-2.46649e-45
-4.01941e-46
-2.61036e-46
-4.28551e-47
-2.63157e-47
-6.27407e-48
-2.78361e-48
-2.11674e-47
-2.98157e-48
-2.11411e-46
-3.05753e-47
-2.06049e-45
-3.28117e-46
-1.92373e-44
-3.40004e-45
-1.70243e-43
-3.38112e-44
-1.43282e-42
-3.23103e-43
-1.12531e-41
-2.93992e-42
-8.32239e-41
-2.55773e-41
-5.57531e-40
-2.09101e-40
-3.46297e-39
-1.62237e-39
-1.81801e-38
-1.14772e-38
-8.60937e-38
-7.5517e-38
-2.77797e-37
-4.08831e-37
-1.90226e-36
-6.75261e-37
2.88311e-34
-1.12385e-36
1.94183e-35
-2.98251e-37
2.09518e-36
-8.65766e-38
1.72349e-37
-2.12766e-38
-1.2081e-38
-8.00316e-39
-5.73949e-39
1.08523e-39
1.31134e-38
3.39107e-39
1.46143e-39
6.95223e-40
-8.51022e-39
-1.67499e-40
-6.63967e-39
2.22545e-40
-2.78122e-39
-6.63978e-40
-3.906e-39
-1.02492e-39
3.99347e-40
1.01861e-40
5.19558e-39
5.78716e-40
5.65701e-39
4.25423e-40
2.66664e-39
9.77734e-40
4.24818e-39
8.02078e-40
6.73512e-41
-3.81323e-40
-3.87016e-39
-5.91413e-40
-1.15144e-39
-1.76515e-40
-3.00074e-40
-4.47444e-41
-5.61853e-41
-8.46633e-42
-9.62386e-42
-1.45102e-42
-1.42257e-42
-2.16226e-43
-1.96339e-43
-2.9943e-44
-2.47683e-44
-3.79728e-45
-2.95385e-45
-4.54152e-46
-3.30343e-46
-5.10232e-47
-3.52316e-47
-6.19444e-48
-3.60426e-48
-8.8472e-48
-7.29099e-49
-8.8573e-47
-4.46675e-48
-9.10796e-46
-4.99101e-47
-8.98649e-45
-5.43028e-46
-8.50824e-44
-5.69741e-45
-7.66279e-43
-5.7558e-44
-6.58361e-42
-5.57806e-43
-5.31348e-41
-5.18005e-42
-4.06054e-40
-4.5835e-41
-2.85052e-39
-3.86529e-40
-1.87634e-38
-3.07591e-39
-1.08126e-37
-2.31172e-38
-5.76828e-37
-1.59452e-37
-2.35263e-36
-9.89803e-37
-4.91735e-36
-2.76848e-36
-8.09422e-35
1.42102e-36
7.01554e-36
2.04942e-37
2.01138e-36
1.2995e-38
3.38397e-37
-3.40638e-39
5.58289e-38
-1.81722e-39
7.70832e-39
-1.12443e-40
2.60029e-39
3.14955e-40
3.10011e-40
4.37024e-41
-9.11824e-40
-6.25924e-41
-7.34277e-40
-3.27828e-41
-3.28015e-40
-1.32834e-40
-4.83963e-40
-1.64496e-40
2.83186e-41
-2.27287e-41
5.65692e-40
5.17262e-41
6.22067e-40
4.91246e-41
2.9794e-40
1.22534e-40
4.65486e-40
1.04487e-40
7.88295e-42
-3.19329e-41
-4.22073e-40
-5.89361e-41
-1.28179e-40
-1.81574e-41
-3.42908e-41
-4.71454e-42
-6.55616e-42
-9.09204e-43
-1.14393e-42
-1.58243e-43
-1.71688e-43
-2.38917e-44
-2.39985e-44
-3.34426e-45
-3.05986e-45
-4.28065e-46
-3.68165e-46
-5.16153e-47
-4.14856e-47
-6.09835e-48
-4.4568e-48
-3.74245e-48
-5.11912e-49
-3.48483e-47
-7.52959e-49
-3.74782e-46
-8.42101e-48
-3.89674e-45
-9.67546e-47
-3.89051e-44
-1.07868e-45
-3.73282e-43
-1.15838e-44
-3.41391e-42
-1.2043e-43
-2.98566e-41
-1.19867e-42
-2.46068e-40
-1.15565e-41
-1.92865e-39
-1.05988e-40
-1.39538e-38
-9.50789e-40
-9.5557e-38
-8.08555e-39
-5.75861e-37
-6.88338e-38
-3.30887e-36
-5.39316e-37
-1.4404e-35
-4.12793e-36
-2.38031e-35
-1.34079e-35
5.44798e-36
-7.31674e-36
-1.34985e-36
-1.72022e-36
9.64492e-37
-4.29975e-37
2.27784e-37
-7.90436e-38
4.59705e-38
-1.41077e-38
6.94217e-39
-2.1277e-39
1.14824e-39
-2.74815e-40
1.44836e-40
-3.65867e-41
-7.82932e-41
-1.23723e-41
-7.36904e-41
-5.56771e-42
-3.53109e-41
-1.60717e-41
-5.39267e-41
-1.90468e-41
1.40841e-42
-3.68375e-42
5.69787e-41
4.78114e-42
6.32431e-41
5.09857e-42
3.07624e-41
1.29751e-41
4.71596e-41
1.11766e-41
8.45496e-43
-2.86637e-42
-4.25774e-41
-5.76418e-42
-1.31961e-41
-1.81199e-42
-3.6041e-42
-4.78915e-43
-7.01462e-43
-9.37034e-44
-1.24246e-43
-1.65105e-44
-1.8891e-44
-2.51906e-45
-2.66896e-45
-3.55725e-46
-3.43467e-46
-4.58814e-47
-4.16457e-47
-5.59138e-48
-4.72428e-48
-9.49688e-49
-5.10104e-49
-3.782e-48
-5.57944e-50
-4.20461e-47
-5.69703e-50
-4.60454e-46
-7.25045e-49
-4.86117e-45
-9.57837e-48
-4.9482e-44
-1.22636e-46
-4.82659e-43
-1.49287e-45
-4.52031e-42
-1.79259e-44
-4.02146e-41
-2.09402e-43
-3.4178e-40
-2.56139e-42
-2.71702e-39
-3.27501e-41
-2.04684e-38
-4.66555e-40
-1.38998e-37
-6.80627e-39
-8.72783e-37
-9.8076e-38
-4.35076e-36
-1.24304e-36
-1.81073e-35
-1.32377e-35
-1.03828e-34
-2.14091e-34
-6.39616e-36
-1.50449e-35
-2.24571e-36
-1.17967e-35
-1.31202e-36
-2.66836e-36
-2.51822e-37
-4.32083e-37
-4.69696e-38
-7.20087e-38
-6.94407e-39
-1.03171e-38
-9.73119e-40
-1.43489e-39
-1.24603e-40
-1.82634e-40
-2.47471e-41
-2.30555e-41
-9.27995e-42
-3.06012e-42
-3.91051e-42
-1.89777e-42
-5.87602e-42
-1.93158e-42
-3.0935e-44
-4.08684e-43
5.5538e-42
4.28805e-43
6.22474e-42
4.85259e-43
3.06329e-42
1.23564e-42
4.63247e-42
1.06666e-42
8.67869e-44
-2.54395e-43
-4.16803e-42
-5.33374e-43
-1.31116e-42
-1.70468e-43
-3.64126e-43
-4.56873e-44
-7.18657e-44
-9.0496e-45
-1.28856e-44
-1.61095e-45
-1.97982e-45
-2.48027e-46
-2.82188e-46
-3.5291e-47
-3.65921e-47
-4.58829e-48
-4.46514e-48
-6.37601e-49
-5.07937e-49
-1.02219e-48
-3.71098e-50
-1.13457e-47
2.20761e-49
-1.29913e-46
2.74785e-48
-1.44241e-45
3.24001e-47
-1.54432e-44
3.69694e-46
-1.59798e-43
4.08579e-45
-1.585e-42
4.34749e-44
-1.5154e-41
4.45774e-43
-1.37618e-40
4.34202e-42
-1.20231e-39
3.98771e-41
-9.81182e-39
3.26167e-40
-7.69398e-38
2.12934e-39
-5.40918e-37
3.97705e-39
-3.6333e-36
-1.76973e-37
-1.89488e-35
-4.11265e-36
-9.2373e-35
-5.63958e-35
-5.67744e-34
-1.28654e-35
-7.50612e-36
-8.03504e-36
-6.31132e-36
-1.87536e-36
-1.9285e-36
-4.62482e-37
-3.34569e-37
-8.38855e-38
-5.90816e-38
-1.47592e-38
-8.61796e-39
-2.23311e-39
-1.22015e-39
-3.2174e-40
-1.56383e-40
-4.22591e-41
-2.01582e-41
-5.34815e-42
-2.92701e-42
-6.61926e-43
-6.10963e-43
-2.22357e-43
-6.1691e-43
-1.87314e-43
-2.03446e-44
-4.0909e-44
5.10984e-43
3.76444e-44
5.78357e-43
4.42326e-44
2.87804e-43
1.12303e-43
4.29642e-43
9.69511e-44
8.3649e-45
-2.23708e-44
-3.85364e-43
-4.79264e-44
-1.22972e-43
-1.55086e-44
-3.46193e-44
-4.20296e-45
-6.91602e-45
-8.40759e-46
-1.25279e-45
-1.50929e-46
-1.94243e-46
-2.3411e-47
-2.78956e-47
-3.3518e-48
-3.64154e-48
-4.35613e-49
-4.46771e-49
-2.86578e-50
-5.00737e-50
2.96271e-49
9.21504e-51
3.55512e-48
1.84523e-49
4.04622e-47
2.24956e-48
4.45757e-46
2.65591e-47
4.73147e-45
3.03513e-46
4.84661e-44
3.36028e-45
4.75357e-43
3.58227e-44
4.48335e-42
3.68194e-43
4.01038e-41
3.59729e-42
3.4363e-40
3.32093e-41
2.74503e-39
2.74376e-40
2.08832e-38
1.84356e-39
1.42112e-37
4.56425e-39
9.02811e-37
-1.29029e-37
4.44779e-36
-3.22028e-36
1.87315e-35
-4.54571e-35
-4.72928e-34
-1.45749e-36
-1.07964e-34
-1.7807e-37
-8.97077e-36
-1.14242e-37
-1.18111e-36
-5.02356e-38
-1.35182e-37
-1.18155e-38
-1.67306e-38
-2.46838e-39
-2.10864e-39
-4.14653e-40
-2.82615e-40
-6.43818e-41
-3.62717e-41
-8.90984e-42
-4.61844e-42
-1.16466e-42
-5.97837e-43
-1.43357e-43
-9.48151e-44
-2.96973e-44
-6.41729e-44
-1.78052e-44
-3.72486e-45
-3.87178e-45
4.5443e-44
3.15819e-45
5.198e-44
3.8322e-45
2.61028e-44
9.68756e-45
3.8579e-44
8.35754e-45
7.74679e-46
-1.89108e-45
-3.45148e-44
-4.11174e-45
-1.11388e-44
-1.34555e-45
-3.17099e-45
-3.68055e-46
-6.39743e-46
-7.42651e-47
-1.16866e-46
-1.34277e-47
-1.82561e-47
-2.09637e-48
-2.63831e-48
-3.00749e-49
-3.46334e-49
-2.60309e-50
-4.27867e-50
1.65121e-49
-6.10366e-51
2.06915e-48
-1.5824e-50
2.44792e-47
-1.91383e-49
2.80346e-46
-2.32579e-48
3.11104e-45
-2.74644e-47
3.32859e-44
-3.13924e-46
3.44147e-43
-3.47629e-45
3.40997e-42
-3.70653e-44
3.25624e-41
-3.8099e-43
2.95245e-40
-3.72112e-42
2.57461e-39
-3.43094e-41
2.09607e-38
-2.82252e-40
1.63898e-37
-1.86812e-39
1.14813e-36
-3.92482e-39
7.67885e-36
1.47125e-37
3.98376e-35
3.52723e-36
1.92857e-34
4.93006e-35
5.09624e-34
3.011e-37
-1.03475e-35
-5.23631e-37
-6.04414e-36
-1.11546e-37
-7.38309e-37
-2.71344e-38
-7.23375e-38
-4.71702e-39
-6.81213e-39
-8.12245e-40
-6.68763e-40
-1.20999e-40
-7.60665e-41
-1.72965e-41
-9.11795e-42
-2.26011e-42
-1.1255e-42
-2.82311e-43
-1.36962e-43
-3.32069e-44
-1.80108e-44
-4.86174e-45
-6.93815e-45
-1.77962e-45
-5.5306e-46
-3.66243e-46
3.85313e-45
2.5552e-46
4.46115e-45
3.20858e-46
2.25992e-45
8.08696e-46
3.30905e-45
6.97178e-46
6.82864e-47
-1.5567e-46
-2.9536e-45
-3.42152e-46
-9.63441e-46
-1.12999e-46
-2.76841e-46
-3.11474e-47
-5.63392e-47
-6.33004e-48
-1.03661e-47
-1.15139e-48
-1.62999e-48
-1.80736e-49
-2.36845e-49
-2.60038e-50
-3.12505e-50
-1.71754e-51
-3.97188e-51
2.10737e-50
-1.82398e-51
2.60026e-49
-1.77396e-50
3.05402e-48
-2.21224e-49
3.47051e-47
-2.68669e-48
3.81741e-46
-3.16938e-47
4.04527e-45
-3.6187e-46
4.13569e-44
-4.00216e-45
4.04787e-43
-4.26115e-44
3.80806e-42
-4.37182e-43
3.39707e-41
-4.25886e-42
2.90039e-40
-3.90831e-41
2.30817e-39
-3.18315e-40
1.7462e-38
-2.04429e-39
1.18141e-37
-2.9297e-39
7.42567e-37
1.90716e-37
3.61882e-36
4.28624e-36
1.475e-35
5.8296e-35
5.84283e-34
-3.20979e-38
-1.04421e-35
3.58644e-38
-6.2476e-36
6.1824e-39
-7.25984e-37
6.58826e-40
-6.49613e-38
-1.08396e-41
-4.88949e-39
-2.21098e-41
-3.33497e-40
-5.71136e-42
-2.35872e-41
-1.10105e-42
-1.92499e-42
-1.7393e-43
-1.90388e-43
-2.47991e-44
-2.08422e-44
-3.21139e-45
-2.507e-45
-4.82246e-46
-7.14959e-46
-1.58445e-46
-6.76605e-47
-3.22334e-47
3.16144e-46
1.99081e-47
3.70793e-46
2.5815e-47
1.89258e-46
6.48814e-47
2.75028e-46
5.58938e-47
5.80517e-48
-1.23396e-47
-2.45009e-46
-2.73856e-47
-8.0631e-47
-9.12122e-48
-2.33491e-47
-2.53075e-48
-4.78623e-48
-5.17605e-49
-8.85937e-49
-9.46391e-50
-1.40076e-49
-1.49651e-50
-2.04466e-50
-2.66254e-51
-2.70733e-51
-6.66534e-51
-3.23824e-52
-8.00364e-50
1.28145e-52
-9.74768e-49
2.16043e-51
-1.15387e-47
2.73159e-50
-1.32271e-46
3.34989e-49
-1.46943e-45
3.9946e-48
-1.5741e-44
4.61506e-47
-1.62978e-43
5.17661e-46
-1.61743e-42
5.61037e-45
-1.54744e-41
5.91848e-44
-1.40606e-40
6.06782e-43
-1.22929e-39
6.22131e-42
-1.00372e-38
6.50628e-41
-7.87667e-38
7.38553e-40
-5.53951e-37
9.0117e-39
-3.72322e-36
1.15171e-37
-1.94125e-35
1.37094e-36
-9.46365e-35
1.41091e-35
1.08897e-34
-3.93352e-37
-1.13868e-34
5.0941e-37
-9.2514e-36
9.80858e-38
-9.90807e-37
1.98508e-38
-8.05764e-38
2.86733e-39
-4.77689e-39
4.07208e-40
-1.60645e-40
5.06123e-41
9.68864e-42
6.10603e-42
2.71736e-42
6.81335e-43
3.93866e-43
7.34135e-44
4.69274e-44
7.4748e-45
5.15643e-45
7.26855e-46
4.96202e-46
5.97328e-47
4.91523e-47
4.0012e-48
3.03426e-47
2.10009e-48
3.0151e-47
2.06501e-48
1.52884e-47
5.05652e-48
2.2001e-47
4.35015e-48
4.74059e-49
-9.51209e-49
-1.95616e-47
-2.12854e-48
-6.4915e-48
-7.14061e-49
-1.8922e-48
-1.99215e-49
-3.90379e-49
-4.09648e-50
-7.2634e-50
-7.52317e-51
-1.15401e-50
-1.20165e-51
-1.69094e-51
-3.08622e-52
-2.21741e-52
-1.75399e-51
1.3539e-53
-2.15914e-50
5.44742e-52
-2.61473e-49
7.03836e-51
-3.07464e-48
8.80165e-50
-3.49932e-47
1.069e-48
-3.85595e-46
1.26121e-47
-4.09434e-45
1.44044e-46
-4.19576e-44
1.59418e-45
-4.11775e-43
1.70051e-44
-3.88637e-42
1.75352e-43
-3.47986e-41
1.73285e-42
-2.98484e-40
1.65393e-41
-2.38803e-39
1.50344e-40
-1.81905e-38
1.32785e-39
-1.24026e-37
1.1121e-38
-7.87989e-37
9.20183e-38
-3.88489e-36
7.0281e-37
-1.62041e-35
5.17119e-36
2.91431e-35
4.75382e-37
-7.10169e-36
-6.29809e-37
-5.45014e-36
-1.29631e-37
-5.6907e-37
-2.78175e-38
-4.07582e-38
-4.29682e-39
-9.24987e-40
-6.53331e-40
2.54814e-40
-8.73325e-41
6.27116e-41
-1.13307e-41
9.6378e-42
-1.36192e-42
1.29136e-42
-1.5794e-43
1.56237e-43
-1.73187e-44
1.78735e-44
-1.83162e-45
1.92447e-45
-1.85737e-46
1.98792e-46
-1.82341e-47
2.16008e-47
-1.58104e-48
4.1729e-48
-1.83263e-51
1.36168e-48
3.66816e-49
1.72285e-48
3.26104e-49
3.8703e-50
-7.10334e-50
-1.51624e-48
-1.59977e-49
-5.06805e-49
-5.40238e-50
-1.48546e-49
-1.51437e-50
-3.08149e-50
-3.12901e-51
-5.7584e-51
-5.76779e-52
-9.18657e-52
-9.20393e-53
-1.349e-52
-1.81662e-53
-1.55664e-53
-6.22627e-53
3.08585e-53
-7.44682e-52
4.37156e-52
-8.88155e-51
5.62851e-51
-1.02617e-49
7.05231e-50
-1.14448e-48
8.58392e-49
-1.23139e-47
1.0152e-47
-1.27174e-46
1.16254e-46
-1.2607e-45
1.29053e-45
-1.18972e-44
1.3812e-44
-1.07024e-43
1.42988e-43
-9.04363e-43
1.41934e-42
-7.21008e-42
1.36247e-41
-5.2687e-41
1.24735e-40
-3.56895e-40
1.11322e-39
-2.09891e-39
9.45833e-39
-1.10224e-38
7.99032e-38
-4.28584e-38
6.25909e-37
-1.33371e-37
4.73302e-36
2.73678e-35
4.19945e-37
-6.726e-36
-7.10524e-37
-1.31631e-36
-1.58383e-37
7.82761e-38
-3.84483e-38
4.91295e-38
-6.66322e-39
1.26741e-38
-1.133e-39
2.16792e-39
-1.6697e-40
3.31561e-40
-2.35981e-41
4.45189e-41
-3.05383e-42
5.64681e-42
-3.77593e-43
6.65222e-43
-4.37896e-44
7.48962e-44
-4.86325e-45
7.9871e-45
-5.13399e-46
8.18227e-46
-5.20993e-47
8.03546e-47
-5.05702e-48
7.7559e-48
-4.64076e-49
7.80317e-49
-1.51391e-50
1.89061e-49
2.01825e-50
8.03779e-51
-5.4695e-51
-1.13275e-49
-1.17208e-50
-3.82254e-50
-3.97441e-51
-1.12641e-50
-1.11814e-51
-2.34849e-51
-2.31927e-52
-4.4054e-52
-4.23413e-53
-7.05544e-53
6.04825e-55
-1.06214e-53
9.71485e-53
-4.4249e-54
1.26047e-51
-4.10609e-53
1.57629e-50
-5.37255e-52
1.91491e-49
-6.87186e-51
2.25968e-48
-8.55339e-50
2.58236e-47
-1.03362e-48
2.85923e-46
-1.21253e-47
3.053e-45
-1.37612e-46
3.14924e-44
-1.51167e-45
3.11457e-43
-1.59823e-44
2.96648e-42
-1.62781e-43
2.68504e-41
-1.57789e-42
2.3328e-40
-1.45037e-41
1.89517e-39
-1.21419e-40
1.46948e-38
-8.77521e-40
1.02306e-37
-4.04673e-39
6.64463e-37
1.35992e-38
3.3588e-36
6.70139e-37
1.42946e-35
9.55547e-36
8.74946e-35
-1.48962e-36
3.64012e-36
-5.6136e-37
-2.19215e-36
-2.22002e-37
1.30139e-36
-7.93548e-38
3.22849e-37
-1.72477e-38
6.68509e-38
-3.43093e-39
1.02926e-38
-5.60278e-40
1.4894e-39
-8.53075e-41
1.92019e-40
-1.16436e-41
2.36964e-41
-1.49992e-42
2.72757e-42
-1.79497e-43
3.01649e-43
-2.04473e-44
3.16671e-44
-2.20299e-45
3.2024e-45
-2.27391e-46
3.10324e-46
-2.24324e-47
2.90619e-47
-2.13016e-48
2.62816e-48
-1.92821e-49
2.3857e-49
-1.5515e-50
1.96136e-50
-1.83431e-51
-6.69777e-51
-9.51765e-52
-2.67967e-51
-2.93194e-52
-8.20005e-52
-8.07923e-53
-1.72989e-52
-1.65901e-53
-3.26415e-53
-1.21414e-54
-5.31547e-54
2.50874e-53
-1.75015e-54
3.39514e-52
-1.36121e-53
4.39182e-51
-1.82782e-52
5.53244e-50
-2.41218e-51
6.77312e-49
-3.10021e-50
8.06007e-48
-3.87914e-49
9.29238e-47
-4.71435e-48
1.03897e-45
-5.56563e-47
1.12076e-44
-6.36035e-46
1.16973e-43
-7.04266e-45
1.17098e-42
-7.51201e-44
1.13184e-41
-7.73466e-43
1.03987e-40
-7.59744e-42
9.21592e-40
-7.12238e-41
7.63436e-39
-6.1541e-40
6.1059e-38
-4.75855e-39
4.37819e-37
-2.71156e-38
3.02866e-36
-2.89853e-38
1.62209e-35
2.40033e-36
8.34613e-35
4.31888e-35
4.98095e-34
-1.40351e-35
-1.01501e-34
-1.14664e-35
4.15659e-36
-2.64013e-36
1.79119e-36
-6.37849e-37
3.26374e-37
-1.13314e-37
5.88908e-38
-1.95819e-38
8.58341e-39
-2.92273e-39
1.21189e-39
-4.16865e-40
1.54321e-40
-5.42846e-41
1.89258e-41
-6.74574e-42
2.16902e-42
-7.8513e-43
2.39172e-43
-8.74765e-44
2.50436e-44
-9.25751e-45
2.52736e-45
-9.41636e-46
2.44434e-46
-9.17729e-47
2.28457e-47
-8.62952e-48
2.05898e-48
-7.82e-49
1.80401e-49
-6.85057e-50
1.52111e-50
-5.85334e-51
6.60777e-52
-5.3795e-52
-1.00315e-52
-5.81738e-53
-5.15625e-53
-8.60293e-54
-1.18758e-53
-1.77872e-54
-2.30885e-54
-5.58677e-54
-3.88408e-55
-7.24664e-53
-2.39015e-55
-9.55828e-52
-2.55713e-54
-1.22832e-50
-3.46462e-53
-1.53658e-49
-4.59364e-52
-1.86705e-48
-5.9329e-51
-2.20328e-47
-7.4633e-50
-2.5172e-46
-9.12209e-49
-2.78578e-45
-1.0838e-47
-2.97183e-44
-1.24726e-46
-3.06213e-43
-1.39289e-45
-3.02293e-42
-1.50237e-44
-2.87383e-41
-1.57577e-43
-2.59328e-40
-1.60444e-42
-2.24755e-39
-1.62963e-41
-1.81795e-38
-1.68392e-40
-1.40834e-37
-1.88446e-39
-9.772e-37
-2.27229e-38
-6.42762e-36
-2.88419e-37
-3.28167e-35
-3.4298e-36
-1.52488e-34
-3.54181e-35
-2.76454e-34
-2.54675e-34
2.46488e-34
-2.06422e-35
1.8957e-35
-1.46948e-35
7.68452e-37
-3.31607e-36
-1.09733e-37
-5.35825e-37
-4.45743e-38
-8.89537e-38
-7.86027e-39
-1.27114e-38
-1.19264e-39
-1.76693e-39
-1.55619e-40
-2.24394e-40
-1.92355e-41
-2.73965e-41
-2.20834e-42
-3.13654e-42
-2.43435e-43
-3.45015e-43
-2.54681e-44
-3.6085e-44
-2.56769e-45
-3.6349e-45
-2.48106e-46
-3.51115e-46
-2.31682e-47
-3.27641e-47
-2.08603e-48
-2.9487e-48
-1.8197e-49
-2.57103e-49
-1.53779e-50
-2.17137e-50
-1.30287e-51
-1.78487e-51
-1.14524e-52
-1.43273e-52
-1.19392e-53
-1.14416e-53
-1.45995e-54
-1.63179e-54
-2.0054e-55
-1.0078e-53
7.89691e-56
-1.35547e-52
1.5377e-54
-1.79175e-51
2.13782e-53
-2.30684e-50
2.89274e-52
-2.89161e-49
3.81801e-51
-3.52116e-48
4.90726e-50
-4.16534e-47
6.14051e-49
-4.77125e-46
7.46287e-48
-5.29595e-45
8.81058e-47
-5.66775e-44
1.0068e-45
-5.86172e-43
1.11449e-44
-5.81006e-42
1.1876e-43
-5.55043e-41
1.21908e-42
-5.03497e-40
1.18667e-41
-4.39318e-39
1.08414e-40
-3.579e-38
8.68168e-40
-2.8009e-37
5.20818e-39
-1.96393e-36
-2.20154e-39
-1.31514e-35
-7.1552e-37
-6.83172e-35
-1.46995e-35
-3.31389e-34
-1.96268e-34
-1.95916e-33
-1.46582e-35
1.38346e-34
-1.06451e-35
2.0332e-35
-2.46765e-36
7.34494e-37
-6.01425e-37
-1.47918e-37
-1.07791e-37
-5.48772e-38
-1.87679e-38
-9.63212e-39
-2.81745e-39
-1.46288e-39
-4.03705e-40
-1.91735e-40
-5.27611e-41
-2.37944e-41
-6.57572e-42
-2.74316e-42
-7.67181e-43
-3.03436e-43
-8.56491e-44
-3.18483e-44
-9.07956e-45
-3.21973e-45
-9.24889e-46
-3.11895e-46
-9.02551e-47
-2.91887e-47
-8.49629e-48
-2.63345e-48
-7.70811e-49
-2.30187e-49
-6.76882e-50
-1.94816e-50
-5.7536e-51
-1.60423e-51
-4.74985e-52
-1.28822e-52
-3.81272e-53
-1.02208e-53
-2.97518e-54
-8.11452e-55
-2.08829e-57
-6.32781e-56
3.15503e-54
4.48053e-56
4.30191e-53
7.17855e-55
5.69084e-52
9.96198e-54
7.33234e-51
1.34807e-52
9.19879e-50
1.77941e-51
1.1212e-48
2.28724e-50
1.32773e-47
2.86224e-49
1.52266e-46
3.47881e-48
1.69239e-45
4.10717e-47
1.81394e-44
4.69311e-46
1.87929e-43
5.19375e-45
1.86637e-42
5.5293e-44
1.78707e-41
5.65986e-43
1.6253e-40
5.46279e-42
1.42253e-39
4.86783e-41
1.16292e-38
3.593e-40
9.13918e-38
1.43432e-39
6.43737e-37
-2.02849e-38
4.33415e-36
-6.57933e-37
2.26357e-35
-1.1487e-35
1.10527e-34
-1.45715e-34
-1.40726e-33
-2.1937e-36
2.29954e-35
3.71706e-37
1.37497e-35
-2.0961e-38
1.32905e-36
-3.64721e-38
7.34197e-38
-1.06773e-38
-3.99629e-39
-2.45677e-39
-1.6484e-39
-4.33563e-40
-3.04539e-40
-6.94048e-41
-4.32601e-41
-9.7958e-42
-5.59174e-42
-1.29313e-42
-6.62676e-43
-1.57612e-43
-7.47457e-44
-1.82145e-44
-7.97504e-45
-1.98515e-45
-8.17063e-46
-2.06858e-46
-8.00903e-47
-2.05694e-47
-7.57126e-48
-1.96712e-48
-6.89319e-49
-1.80863e-49
-6.07335e-50
-1.60643e-50
-5.17721e-51
-1.37887e-51
-4.28513e-52
-1.14752e-52
-3.44667e-53
-9.26351e-54
-2.70723e-54
-6.79623e-55
-2.08913e-55
6.36877e-55
-2.26586e-56
9.61753e-54
-9.91809e-56
1.30439e-52
-1.39109e-54
1.72507e-51
-1.92993e-53
2.22206e-50
-2.61317e-52
2.78684e-49
-3.45162e-51
3.3956e-48
-4.43994e-50
4.01951e-47
-5.56073e-49
4.60766e-46
-6.76488e-48
5.11874e-45
-7.99556e-47
5.48332e-44
-9.14885e-46
5.67724e-43
-1.0146e-44
5.63418e-42
-1.08438e-43
5.39031e-41
-1.12017e-42
4.89777e-40
-1.10726e-41
4.28204e-39
-1.05318e-40
3.49628e-38
-9.43048e-40
2.74382e-37
-7.98853e-39
1.92976e-36
-5.98744e-38
1.29733e-35
-3.81195e-37
6.76565e-35
-1.25282e-36
3.30133e-34
8.69015e-36
2.52696e-34
-2.59957e-37
1.38585e-34
1.97235e-37
1.24698e-35
3.83015e-38
1.40973e-36
3.30544e-39
1.20466e-37
-2.83437e-40
7.79278e-39
-1.91247e-40
3.19664e-40
-4.48801e-41
-1.02504e-41
-8.32695e-42
-4.49972e-42
-1.28411e-42
-7.56286e-43
-1.80025e-43
-1.00865e-43
-2.29229e-44
-1.22258e-44
-2.73827e-45
-1.37261e-45
-3.0637e-46
-1.46296e-46
-3.26048e-47
-1.48057e-47
-3.29943e-48
-1.43724e-48
-3.20179e-49
-1.3381e-49
-2.98083e-50
-1.20165e-50
-2.67602e-51
-1.0413e-51
-2.31844e-52
-8.73992e-53
-1.94498e-53
-7.1111e-54
-1.58265e-54
-5.62724e-55
-1.4184e-55
-4.35469e-56
-2.49575e-55
-5.67373e-57
-3.33457e-54
-3.50884e-56
-4.52064e-53
-4.94817e-55
-5.9801e-52
-6.86543e-54
-7.70522e-51
-9.29651e-53
-9.6669e-50
-1.22802e-51
-1.17831e-48
-1.57977e-50
-1.39543e-47
-1.97874e-49
-1.60041e-46
-2.40751e-48
-1.77896e-45
-2.84593e-47
-1.90693e-44
-3.25726e-46
-1.9759e-43
-3.61424e-45
-1.96265e-42
-3.86824e-44
-1.87967e-41
-4.01135e-43
-1.70999e-40
-4.00783e-42
-1.49717e-39
-3.9218e-41
-1.22449e-38
-3.77109e-40
-9.62847e-38
-3.74078e-39
-6.7869e-37
-3.85612e-38
-4.57363e-36
-4.23983e-37
-2.39127e-35
-4.52423e-36
-1.16923e-34
-4.39558e-35
-3.28352e-34
-3.61443e-37
2.36223e-35
4.51369e-37
9.79955e-36
7.91176e-38
1.22353e-36
1.48632e-38
1.17339e-37
1.93927e-39
9.96719e-39
2.45354e-40
8.02802e-40
2.61833e-41
6.95078e-41
2.60845e-42
6.48774e-42
2.23195e-43
6.53967e-43
1.62984e-44
6.63191e-44
8.02675e-46
6.67966e-45
-1.06219e-47
6.50102e-46
-1.00676e-47
6.14554e-47
-1.79153e-48
5.60114e-48
-2.39037e-49
4.9515e-49
-2.76919e-50
4.2358e-50
-2.92284e-51
3.5209e-51
-2.88093e-52
2.84179e-52
-2.68426e-53
2.23312e-53
-2.38639e-54
1.70839e-54
-2.06653e-55
1.27477e-55
-6.36927e-56
9.75541e-57
-6.69369e-55
7.85823e-57
-9.28261e-54
1.04611e-55
-1.25887e-52
1.48445e-54
-1.66552e-51
2.05912e-53
-2.14625e-50
2.78741e-52
-2.69297e-49
3.68073e-51
-3.28278e-48
4.73319e-50
-3.88799e-47
5.92592e-49
-4.45933e-46
7.20627e-48
-4.957e-45
8.51313e-47
-5.31351e-44
9.73482e-46
-5.50553e-43
1.07844e-44
-5.46807e-42
1.1501e-43
-5.23631e-41
1.18165e-42
-4.7625e-40
1.15118e-41
-4.16902e-39
1.05239e-40
-3.40832e-38
8.42226e-40
-2.67979e-37
5.02231e-39
-1.88813e-36
-3.22369e-39
-1.27363e-35
-7.18887e-37
-6.66231e-35
-1.47146e-35
-3.27834e-34
-1.97121e-34
-1.98297e-33
1.30054e-36
2.68399e-35
-1.72586e-36
2.00378e-35
-3.59272e-37
2.28083e-36
-7.60371e-38
2.02222e-37
-1.15831e-38
1.53467e-38
-1.72466e-39
1.10649e-39
-2.25796e-40
9.07629e-41
-2.86548e-41
9.07634e-42
-3.37185e-42
1.06204e-42
-3.8298e-43
1.26528e-43
-4.1172e-44
1.47685e-44
-4.27125e-45
1.63529e-45
-4.23908e-46
1.73221e-46
-4.06683e-47
1.74697e-47
-3.75747e-48
1.69185e-48
-3.36362e-49
1.57232e-49
-2.91323e-50
1.40997e-50
-2.45033e-51
1.22038e-51
-2.00084e-52
1.02315e-52
-1.59005e-53
8.31416e-54
-1.22774e-54
6.56431e-55
-5.97088e-56
5.05505e-56
4.63317e-55
6.13979e-57
6.53044e-54
3.4696e-56
8.85441e-53
4.88283e-55
1.17105e-51
6.76707e-54
1.50847e-50
9.15222e-53
1.89187e-49
1.20737e-51
2.30507e-48
1.55101e-50
2.72844e-47
1.9397e-49
3.12736e-46
2.35599e-48
3.47377e-45
2.77956e-47
3.72044e-44
3.17378e-46
3.8511e-43
3.50959e-45
3.82061e-42
3.7337e-44
3.65387e-41
3.81989e-43
3.31825e-40
3.68867e-42
2.89958e-39
3.29793e-41
2.36568e-38
2.47115e-40
1.85562e-37
1.08946e-39
1.30399e-36
-1.10124e-38
8.77159e-36
-3.94311e-37
4.5753e-35
-6.96093e-36
2.2467e-34
-8.78333e-35
-8.34599e-34
1.39062e-36
4.00686e-34
-1.99388e-36
3.15664e-35
-4.04566e-37
3.58394e-36
-8.89047e-38
3.34824e-37
-1.408e-38
3.0138e-38
-2.21539e-39
2.89471e-39
-3.05877e-40
3.30203e-40
-4.09968e-41
4.0306e-41
-5.07641e-42
5.04423e-42
-6.05364e-43
6.02617e-43
-6.80917e-44
6.92133e-44
-7.3706e-45
7.52373e-45
-7.61046e-46
7.8388e-46
-7.57704e-47
7.79636e-47
-7.24769e-48
7.46356e-48
-6.70259e-49
6.86972e-49
-5.98519e-50
6.11082e-50
-5.18105e-51
5.25321e-51
-4.34689e-52
4.37888e-52
-3.54406e-53
3.54086e-53
-2.80601e-54
2.7839e-54
-1.76392e-55
2.12624e-55
5.57521e-55
1.10528e-56
7.96364e-54
-6.88121e-56
1.07894e-52
-9.92521e-55
1.42571e-51
-1.37592e-53
1.83478e-50
-1.86125e-52
2.29882e-49
-2.45592e-51
2.79793e-48
-3.15577e-50
3.308e-47
-3.94782e-49
3.787e-46
-4.79688e-48
4.20071e-45
-5.66192e-47
4.49247e-44
-6.46936e-46
4.64244e-43
-7.16235e-45
4.59753e-42
-7.63972e-44
4.38744e-41
-7.86824e-43
3.97553e-40
-7.73746e-42
3.46367e-39
-7.27692e-41
2.81745e-38
-6.34438e-40
2.19981e-37
-5.02578e-39
1.53887e-36
-3.10969e-38
1.02588e-35
-8.60805e-38
5.30641e-35
1.68861e-36
2.54333e-34
3.61204e-35
4.51205e-34
-3.8934e-36
1.1103e-35
2.23666e-36
1.2959e-35
3.58561e-37
3.07602e-36
3.92263e-38
4.9091e-37
8.34955e-41
8.2462e-38
-9.97172e-40
1.18027e-38
-2.61427e-40
1.66113e-39
-5.0093e-41
2.12529e-40
-7.81616e-42
2.62162e-41
-1.10143e-42
3.02319e-42
-1.40467e-43
3.35157e-43
-1.67875e-44
3.52672e-44
-1.87734e-45
3.57415e-45
-1.99666e-46
3.46994e-46
-2.01866e-47
3.25383e-47
-1.95729e-48
2.94087e-48
-1.82059e-49
2.57472e-49
-1.63317e-50
2.1822e-50
-1.41389e-51
1.79624e-51
-1.18534e-52
1.43608e-52
-9.63166e-54
1.11761e-53
-7.69296e-55
8.46737e-55
-1.87989e-55
5.91049e-56
-1.81025e-54
-4.61381e-56
-2.45555e-53
-7.16246e-55
-3.2579e-52
-9.90295e-54
-4.21101e-51
-1.33547e-52
-5.30121e-50
-1.75638e-51
-6.48544e-49
-2.24929e-50
-7.71148e-48
-2.80362e-49
-8.88271e-47
-3.39397e-48
-9.92171e-46
-3.98969e-47
-1.06912e-44
-4.53987e-46
-1.11446e-43
-5.00293e-45
-1.11417e-42
-5.31275e-44
-1.07534e-41
-5.4458e-43
-9.86332e-41
-5.34041e-42
-8.72736e-40
-5.02611e-41
-7.2163e-39
-4.4502e-40
-5.76638e-38
-3.70973e-39
-4.13061e-37
-2.74679e-38
-2.86829e-36
-1.75531e-37
-1.54221e-35
-7.28161e-37
-8.11577e-35
-3.02422e-37
3.45428e-35
-2.03088e-35
-1.30899e-34
-7.65996e-36
-1.29807e-35
-1.87447e-36
1.78993e-37
-4.88445e-37
2.25467e-37
-9.31646e-38
5.93912e-38
-1.70483e-38
9.66473e-39
-2.6539e-39
1.4227e-39
-3.9102e-40
1.83513e-40
-5.21981e-41
2.25646e-41
-6.61614e-42
2.58368e-42
-7.82398e-43
2.84329e-43
-8.83282e-44
2.97096e-44
-9.45115e-45
2.99225e-45
-9.70394e-46
2.88876e-46
-9.53412e-47
2.69545e-47
-9.02826e-48
2.4253e-48
-8.23322e-49
2.11483e-49
-7.26315e-50
1.78586e-50
-6.1988e-51
1.46513e-51
-5.13344e-52
1.16778e-52
-4.12706e-53
9.06272e-54
-3.23699e-54
6.85005e-55
-3.77382e-55
5.00481e-56
-1.83382e-54
-3.04428e-57
-2.44319e-53
-9.33074e-56
-3.20566e-52
-1.27953e-54
-4.09596e-51
-1.70706e-53
-5.09287e-50
-2.21927e-52
-6.15059e-49
-2.80869e-51
-7.21086e-48
-3.45591e-50
-8.18483e-47
-4.12921e-49
-8.99312e-46
-4.78331e-48
-9.52672e-45
-5.36503e-47
-9.73665e-44
-5.817e-46
-9.53897e-43
-6.09432e-45
-8.98204e-42
-6.17836e-44
-8.03742e-41
-6.11496e-43
-6.88216e-40
-6.04963e-42
-5.51444e-39
-6.2826e-41
-4.1978e-38
-7.24805e-40
-2.87951e-37
-9.3509e-39
-1.83189e-36
-1.25021e-37
-9.20432e-36
-1.55608e-36
-3.86717e-35
-1.63034e-35
-1.28829e-34
-2.95509e-34
-1.47282e-34
-1.99962e-35
-1.85368e-35
-1.61054e-35
-3.37161e-36
-3.64576e-36
-4.64737e-37
-5.90744e-37
-7.01176e-38
-9.85382e-38
-9.51501e-39
-1.41311e-38
-1.30761e-39
-1.97097e-39
-1.65507e-40
-2.50976e-40
-2.03346e-41
-3.07145e-41
-2.33971e-42
-3.52328e-42
-2.59138e-43
-3.88223e-43
-2.72448e-44
-4.06638e-44
-2.75969e-45
-4.10147e-45
-2.67774e-46
-3.96637e-46
-2.50993e-47
-3.70498e-47
-2.26754e-48
-3.33745e-48
-1.98452e-49
-2.91246e-49
-1.68137e-50
-2.46129e-50
-1.38355e-51
-2.02033e-51
-1.10579e-52
-1.61113e-52
-8.60318e-54
-1.25336e-53
-6.51614e-55
-1.31234e-54
-4.53524e-56
-5.13707e-54
3.72784e-56
-6.83617e-53
5.76702e-55
-8.99318e-52
7.98019e-54
-1.15233e-50
1.07713e-52
-1.43711e-49
1.41798e-51
-1.74121e-48
1.81777e-50
-2.04852e-47
2.26824e-49
-2.33407e-46
2.74905e-48
-2.5753e-45
3.23559e-47
-2.74065e-44
3.68624e-46
-2.81551e-43
4.06633e-45
-2.77419e-42
4.31788e-44
-2.62974e-41
4.41138e-43
-2.37089e-40
4.26819e-42
-2.04934e-39
3.8519e-41
-1.65985e-38
2.99927e-40
-1.28377e-37
1.60951e-39
-8.97696e-37
-5.57142e-39
-5.92599e-36
-3.3512e-37
-3.12697e-35
-6.35026e-36
-1.49505e-34
-8.2658e-35
-8.08257e-34
-1.58382e-35
-1.40988e-35
-1.35465e-35
-9.33251e-36
-3.09078e-36
-2.74539e-36
-7.43023e-37
-4.69495e-37
-1.3143e-37
-8.20631e-38
-2.26527e-38
-1.1916e-38
-3.37449e-39
-1.68533e-39
-4.80694e-40
-2.15781e-40
-6.25381e-41
-2.65985e-41
-7.76637e-42
-3.06405e-42
-9.03475e-43
-3.39322e-43
-1.00626e-43
-3.56712e-44
-1.06462e-44
-3.61201e-45
-1.08266e-45
-3.5041e-46
-1.05499e-46
-3.28371e-47
-9.91901e-48
-2.96617e-48
-8.9891e-49
-2.59554e-49
-7.88624e-50
-2.19883e-50
-6.69757e-51
-1.80919e-51
-5.52212e-52
-1.44589e-52
-4.42192e-53
-1.12486e-53
-3.44722e-54
-8.5202e-55
-2.79316e-55
-6.02209e-56
-2.59646e-55
3.53052e-56
-3.15804e-54
5.63447e-55
-4.03614e-53
7.79263e-54
-5.02024e-52
1.05109e-52
-6.06102e-51
1.38268e-51
-7.10028e-50
1.77118e-50
-8.04485e-49
2.20831e-49
-8.81747e-48
2.67419e-48
-9.30239e-47
3.1446e-47
-9.45914e-46
3.57927e-46
-9.19467e-45
3.94413e-45
-8.5781e-44
4.18354e-44
-7.56814e-43
4.26816e-43
-6.37971e-42
4.12259e-42
-4.9904e-41
3.70906e-41
-3.71912e-40
2.86877e-40
-2.47494e-39
1.49747e-39
-1.58527e-38
-6.38381e-39
-8.27216e-38
-3.39672e-37
-4.59986e-37
-6.35144e-36
-1.61597e-36
-8.23222e-35
-8.026e-34
-5.87891e-37
-6.51551e-36
-2.11789e-36
-1.70849e-36
-5.49419e-37
-5.43057e-37
-1.5181e-37
-1.03428e-37
-2.87772e-38
-1.89591e-38
-5.23962e-39
-2.88184e-39
-8.0875e-40
-4.18159e-40
-1.18382e-40
-5.48255e-41
-1.57086e-41
-6.86704e-42
-1.98103e-42
-8.02797e-43
-2.3321e-43
-8.98998e-44
-2.62204e-44
-9.54749e-45
-2.79506e-45
-9.7476e-46
-2.85967e-46
-9.52766e-47
-2.80029e-47
-8.98512e-48
-2.64324e-48
-8.16326e-49
-2.4031e-49
-7.17912e-50
-2.11366e-50
-6.1098e-51
-1.79872e-51
-5.04754e-52
-1.48538e-52
-4.04901e-53
-1.19073e-53
-3.16059e-54
-9.09253e-55
-2.40229e-55
2.07824e-55
-1.8387e-56
3.8613e-54
-9.87938e-57
5.24181e-53
-1.22807e-55
6.93225e-52
-1.71289e-54
8.9288e-51
-2.33353e-53
1.11969e-49
-3.1021e-52
1.36403e-48
-4.01649e-51
1.61426e-47
-5.06541e-50
1.84982e-46
-6.20588e-49
2.05413e-45
-7.39128e-48
2.19917e-44
-8.5242e-47
2.2754e-43
-9.54025e-46
2.25611e-42
-1.03044e-44
2.15617e-41
-1.08147e-43
1.95644e-40
-1.09803e-42
1.70768e-39
-1.10527e-41
1.39134e-38
-1.11588e-40
1.08913e-37
-1.20057e-39
7.6349e-37
-1.37469e-38
5.11244e-36
-1.66939e-37
2.65303e-35
-1.91779e-36
1.28583e-34
-1.93821e-35
-1.47727e-34
4.44414e-38
-1.20743e-36
-2.50616e-37
-3.25363e-37
-7.34821e-38
-1.10616e-37
-2.20422e-38
-2.19153e-38
-4.42735e-39
-4.18363e-39
-8.36259e-40
-6.552e-40
-1.32964e-40
-9.74422e-41
-1.98649e-41
-1.30188e-41
-2.68185e-42
-1.65514e-42
-3.42592e-43
-1.95788e-43
-4.07813e-44
-2.21317e-44
-4.62555e-45
-2.36838e-45
-4.96875e-46
-2.43293e-46
-5.11571e-47
-2.39011e-47
-5.03735e-48
-2.26331e-48
-4.7771e-49
-2.0633e-49
-4.36112e-50
-1.81958e-50
-3.84945e-51
-1.55207e-51
-3.28621e-52
-1.28456e-52
-2.72115e-53
-1.03195e-53
-2.18653e-54
-8.06436e-55
-1.65375e-55
-6.14213e-56
6.56853e-56
-5.78889e-57
1.08743e-54
-1.834e-56
1.46885e-53
-2.5559e-55
1.93301e-52
-3.54319e-54
2.4767e-51
-4.79359e-53
3.08804e-50
-6.32583e-52
3.73874e-49
-8.12892e-51
4.39435e-48
-1.01695e-49
4.99842e-47
-1.23562e-48
5.50401e-46
-1.45836e-47
5.83919e-45
-1.66613e-46
5.97761e-44
-1.84456e-45
5.85885e-43
-1.968e-44
5.52111e-42
-2.02986e-43
4.93398e-41
-2.00612e-42
4.22234e-40
-1.91529e-41
3.3682e-39
-1.74131e-40
2.55701e-38
-1.53941e-39
1.73602e-37
-1.29108e-38
1.09808e-36
-1.07217e-37
5.38447e-36
-8.22773e-37
2.23604e-35
-6.09941e-36
-3.46169e-35
1.91938e-38
-1.1916e-37
-3.36032e-38
-3.61644e-38
-1.03922e-38
-1.3854e-38
-3.30149e-39
-2.96476e-39
-6.83585e-40
-5.98473e-40
-1.32359e-40
-9.79024e-41
-2.14248e-41
-1.5036e-41
-3.24639e-42
-2.06246e-42
-4.43173e-43
-2.67587e-43
-5.71148e-44
-3.21993e-44
-6.84783e-45
-3.69024e-45
-7.81195e-46
-3.9961e-46
-8.43163e-47
-4.14563e-47
-8.7144e-48
-4.10781e-48
-8.60818e-49
-3.91843e-49
-8.18424e-50
-3.59526e-50
-7.4871e-51
-3.1883e-51
-6.61948e-52
-2.73305e-52
-5.65824e-53
-2.2718e-53
-4.68985e-54
-1.83208e-54
-3.77078e-55
-1.4366e-55
-2.80437e-56
-1.09891e-56
1.82705e-56
-1.24645e-57
2.83141e-55
-6.30269e-57
3.81604e-54
-8.82713e-56
5.01022e-53
-1.21881e-54
6.40153e-52
-1.64173e-53
7.95508e-51
-2.15608e-52
9.59332e-50
-2.75612e-51
1.12226e-48
-3.42783e-50
1.26942e-47
-4.13828e-49
1.38853e-46
-4.84896e-48
1.46142e-45
-5.49569e-47
1.48181e-44
-6.02828e-46
1.43563e-43
-6.36585e-45
1.33387e-42
-6.48544e-44
1.17134e-41
-6.31906e-43
9.80914e-41
-5.922e-42
7.61271e-40
-5.25814e-41
5.58726e-39
-4.48569e-40
3.63238e-38
-3.57341e-39
2.18704e-37
-2.74079e-38
1.00672e-36
-1.88968e-37
3.95997e-36
-1.23002e-36
-6.06281e-36
8.19831e-39
2.66124e-37
-1.05294e-38
6.79968e-38
-3.10775e-39
1.39828e-38
-8.80802e-40
2.00152e-39
-1.70119e-40
2.68259e-40
-3.08521e-41
3.14995e-41
-4.76729e-42
3.5347e-42
-6.94037e-43
3.63748e-43
-9.18512e-44
3.53481e-44
-1.15245e-44
3.1638e-45
-1.3516e-45
2.61953e-46
-1.5123e-46
1.9484e-47
-1.60538e-47
1.24956e-48
-1.63479e-48
5.91803e-50
-1.5939e-49
3.49735e-52
-1.49758e-50
-3.88505e-52
-1.35551e-51
-6.70826e-53
-1.1868e-52
-8.21375e-54
-1.00546e-53
-8.64435e-55
-8.26532e-55
-8.27862e-56
-6.59658e-56
-7.41287e-57
-5.08978e-57
-6.52431e-58
6.52337e-59
-4.02168e-58
6.18729e-57
-5.08526e-57
8.32189e-56
-7.1861e-56
1.08479e-54
-9.92719e-55
1.37431e-53
-1.33796e-53
1.69078e-52
-1.75837e-52
2.01516e-51
-2.24965e-51
2.32499e-50
-2.80081e-50
2.58761e-49
-3.38547e-49
2.77669e-48
-3.97268e-48
2.85731e-47
-4.51039e-47
2.82018e-46
-4.95777e-46
2.64609e-45
-5.24841e-45
2.36461e-44
-5.36295e-44
1.98055e-43
-5.24443e-43
1.56399e-42
-4.93703e-42
1.12805e-41
-4.40909e-41
7.5499e-41
-3.78992e-40
4.36345e-40
-3.05089e-39
2.27755e-39
-2.37217e-38
8.74099e-39
-1.66572e-37
2.8921e-38
-1.105e-36
-5.56806e-36
4.15036e-38
2.20572e-36
-5.39604e-38
5.09911e-37
-1.40533e-38
9.65539e-38
-3.37489e-39
1.30277e-38
-5.69858e-40
1.72592e-39
-9.08306e-41
2.07306e-40
-1.25557e-41
2.49057e-41
-1.65219e-42
2.81889e-42
-1.99893e-43
3.11614e-43
-2.31175e-44
3.26912e-44
-2.51782e-45
3.31852e-45
-2.63192e-46
3.22181e-46
-2.62393e-47
3.02564e-47
-2.52064e-48
2.73545e-48
-2.32745e-49
2.39691e-49
-2.0781e-50
2.03175e-50
-1.7929e-51
1.67294e-51
-1.50032e-52
1.33733e-52
-1.21782e-53
1.04069e-53
-9.61273e-55
7.88387e-55
-7.39003e-56
5.82486e-56
-6.74983e-57
4.14538e-57
-1.77476e-56
-5.05611e-58
-2.39749e-55
-1.16378e-56
-3.23193e-54
-1.6583e-55
-4.24784e-53
-2.30538e-54
-5.43407e-52
-3.12836e-53
-6.76231e-51
-4.14216e-52
-8.16796e-50
-5.34253e-51
-9.57272e-49
-6.71133e-50
-1.08507e-47
-8.19182e-49
-1.18977e-46
-9.71856e-48
-1.2557e-45
-1.1167e-46
-1.27736e-44
-1.24442e-45
-1.24219e-43
-1.33747e-44
-1.15927e-42
-1.39145e-43
-1.02328e-41
-1.38888e-42
-8.62279e-41
-1.34264e-41
-6.7411e-40
-1.23988e-40
-4.9916e-39
-1.1204e-39
-3.27855e-38
-9.6799e-39
-1.99772e-37
-8.37055e-38
-9.31481e-37
-6.73717e-37
-3.71401e-36
-5.23821e-36
-3.10501e-35
2.27784e-37
1.0851e-35
-3.13671e-37
2.45607e-36
-7.70563e-38
3.44306e-37
-1.70819e-38
3.55979e-38
-2.72624e-39
3.31515e-39
-4.12509e-40
2.93468e-40
-5.4754e-41
2.78266e-41
-6.96191e-42
2.74526e-42
-8.19113e-43
2.83246e-43
-9.2521e-44
2.87849e-44
-9.87722e-45
2.88037e-45
-1.01475e-45
2.77535e-46
-9.96418e-47
2.59532e-47
-9.44383e-48
2.33925e-48
-8.61501e-49
2.04541e-49
-7.6082e-50
1.73086e-50
-6.49854e-51
1.42348e-51
-5.38819e-52
1.13687e-52
-4.33641e-53
8.84182e-54
-3.39582e-54
6.69591e-55
-2.59104e-55
4.94765e-56
-2.32016e-56
3.66804e-57
-5.75969e-56
1.75269e-57
-7.78261e-55
2.17367e-56
-1.05149e-53
3.0707e-55
-1.38588e-52
4.24055e-54
-1.77897e-51
5.71309e-53
-2.223e-50
7.50498e-52
-2.69851e-49
9.59715e-51
-3.18161e-48
1.19418e-49
-3.63233e-47
1.44255e-48
-4.01716e-46
1.69153e-47
-4.28377e-45
1.9188e-46
-4.41206e-44
2.10661e-45
-4.35584e-43
2.22583e-44
-4.14021e-42
2.26553e-43
-3.73851e-41
2.19487e-42
-3.23902e-40
2.01749e-41
-2.6229e-39
1.69199e-40
-2.02623e-38
1.23211e-39
-1.40482e-37
5.90615e-39
-9.08424e-37
-1.38407e-38
-4.57086e-36
-8.57952e-37
-1.9376e-35
-1.24506e-35
-1.1473e-34
1.42759e-36
1.19417e-35
-1.87668e-36
1.36499e-35
-3.85249e-37
1.45688e-36
-8.04481e-38
1.1724e-37
-1.20607e-38
6.71223e-39
-1.76391e-39
1.96788e-40
-2.26469e-40
-1.76834e-41
-2.81557e-41
-4.12699e-42
-3.24345e-42
-5.58212e-43
-3.60547e-43
-6.28079e-44
-3.79267e-44
-6.55011e-45
-3.85015e-45
-6.43336e-46
-3.73933e-46
-6.07984e-47
-3.51128e-47
-5.52149e-48
-3.17591e-48
-4.85699e-49
-2.78396e-49
-4.13219e-50
-2.36167e-50
-3.41469e-51
-1.94623e-51
-2.73937e-52
-1.55749e-52
-2.13925e-53
-1.21343e-53
-1.6263e-54
-9.21352e-55
-1.20554e-55
-8.06466e-56
-8.29708e-57
-1.83644e-55
5.69718e-57
-2.49076e-54
9.15978e-56
-3.38767e-53
1.30028e-54
-4.49678e-52
1.80268e-53
-5.81533e-51
2.43884e-52
-7.32523e-50
3.21843e-51
-8.96742e-49
4.13594e-50
-1.06706e-47
5.17443e-49
-1.23012e-46
6.28759e-48
-1.37527e-45
7.42172e-47
-1.4834e-44
8.47989e-46
-1.54806e-43
9.38759e-45
-1.54956e-42
1.00109e-43
-1.49759e-41
1.03048e-42
-1.37571e-40
1.01193e-41
-1.21905e-39
9.4841e-41
-1.00968e-38
8.1939e-40
-8.07363e-38
6.33797e-39
-5.78792e-37
3.62045e-38
-4.00264e-36
4.09867e-38
-2.14315e-35
-3.15339e-36
-1.10212e-34
-5.69313e-35
-6.57043e-34
5.56162e-37
3.1e-34
-7.20259e-37
1.7949e-35
-1.39877e-37
1.86235e-36
-2.86804e-38
1.46028e-37
-4.20627e-39
7.88439e-39
-6.08292e-40
1.64235e-40
-7.71587e-41
-3.29419e-41
-9.51667e-42
-6.41337e-42
-1.08754e-42
-8.3673e-43
-1.20163e-43
-9.29951e-44
-1.25664e-44
-9.64845e-45
-1.2696e-45
-9.45032e-46
-1.22747e-46
-8.91543e-47
-1.14813e-47
-8.08535e-48
-1.03468e-48
-7.10406e-49
-9.04048e-50
-6.03755e-50
-7.64583e-51
-4.98452e-51
-6.2835e-52
-3.99523e-52
-5.01542e-53
-3.11748e-53
-3.898e-54
-2.3682e-54
-2.92574e-55
-1.75462e-55
1.40891e-56
-1.25865e-56
5.07485e-55
5.66722e-58
7.05731e-54
2.12192e-56
9.54806e-53
3.02728e-55
1.25993e-51
4.20855e-54
1.61903e-50
5.71046e-53
2.02519e-49
7.5598e-52
2.46055e-48
9.74798e-51
2.9034e-47
1.2241e-49
3.31675e-46
1.49341e-48
3.67022e-45
1.77072e-47
3.91483e-44
2.03336e-46
4.03318e-43
2.26503e-45
3.98089e-42
2.43579e-44
3.78379e-41
2.54386e-43
3.41363e-40
2.57244e-42
2.95772e-39
2.57883e-41
2.39163e-38
2.60152e-40
1.85204e-37
2.80384e-39
1.28452e-36
3.23484e-38
8.44456e-36
3.95881e-37
4.30913e-35
4.59047e-36
2.0008e-34
4.67346e-35
3.60729e-34
-2.02323e-36
-1.43552e-34
2.64869e-36
2.09135e-36
5.37226e-37
2.90062e-37
1.11861e-37
2.93821e-38
1.67063e-38
2.61423e-39
2.4398e-39
2.18194e-40
3.12699e-40
1.94002e-41
3.88387e-41
1.82668e-42
4.46931e-42
1.83557e-43
4.96442e-43
1.84283e-44
5.21813e-44
1.83457e-45
5.29394e-45
1.76367e-46
5.13839e-46
1.64752e-47
4.82248e-47
1.48402e-48
4.35965e-48
1.29709e-49
3.81987e-49
1.09727e-50
3.23902e-50
9.02207e-52
2.66815e-51
7.20423e-53
2.13439e-52
5.6023e-54
1.6623e-53
4.24223e-55
1.26521e-54
3.13008e-56
1.61216e-55
1.65482e-57
9.72615e-55
-8.80869e-57
1.34108e-53
-1.3014e-55
1.81711e-52
-1.84648e-54
2.40181e-51
-2.55954e-53
3.09188e-50
-3.46223e-52
3.87509e-49
-4.5681e-51
4.718e-48
-5.86914e-50
5.58011e-47
-7.34103e-49
6.39051e-46
-8.91779e-48
7.09161e-45
-1.05227e-46
7.58746e-44
-1.20173e-45
7.84469e-43
-1.32931e-44
7.77283e-42
-1.4152e-43
7.42237e-41
-1.45064e-42
6.72983e-40
-1.4083e-41
5.86853e-39
-1.27869e-40
4.77771e-38
-1.00641e-39
3.73578e-37
-5.6377e-39
2.61696e-36
1.31507e-38
1.75022e-35
1.02643e-36
9.07996e-35
1.99773e-35
4.39556e-34
2.6275e-34
2.60033e-33
-8.74392e-37
2.89648e-36
1.16015e-36
-4.88163e-36
2.47596e-37
-4.42863e-37
5.24389e-38
-2.76246e-38
7.98478e-39
-2.31003e-40
1.17806e-39
2.03501e-40
1.52588e-40
3.99057e-41
1.90857e-41
5.29843e-42
2.21138e-42
6.2294e-43
2.46912e-43
6.68747e-44
2.60809e-44
6.8522e-45
2.65657e-45
6.6805e-46
2.58816e-46
6.29054e-47
2.43677e-47
5.69958e-48
2.20943e-48
5.00499e-49
1.94091e-49
4.25177e-50
1.64976e-50
3.50896e-51
1.36194e-51
2.81165e-52
1.0917e-52
2.19333e-53
8.51784e-54
1.66575e-54
6.45904e-55
1.23368e-55
3.12448e-56
8.50744e-57
-2.34058e-55
-5.46344e-57
-3.30244e-54
-8.83209e-56
-4.48222e-53
-1.25269e-54
-5.93458e-52
-1.73502e-53
-7.65351e-51
-2.34489e-52
-9.61118e-50
-3.09097e-51
-1.17265e-48
-3.96734e-50
-1.39017e-47
-4.95686e-49
-1.59605e-46
-6.01442e-48
-1.77614e-45
-7.08746e-47
-1.9061e-44
-8.08241e-46
-1.97763e-43
-8.92511e-45
-1.96689e-42
-9.48165e-44
-1.88671e-41
-9.68866e-43
-1.71893e-40
-9.35418e-42
-1.50817e-39
-8.38894e-41
-1.23576e-38
-6.38021e-40
-9.7509e-38
-3.07184e-39
-6.89362e-37
2.13651e-38
-4.68294e-36
8.8655e-37
-2.46508e-35
1.60493e-35
-1.23587e-34
2.04886e-34
1.97091e-33
5.34831e-37
-3.84472e-36
-6.92837e-37
-8.5895e-37
-1.31441e-37
-1.02196e-37
-2.64927e-38
-8.35989e-39
-3.81749e-39
-4.06837e-40
-5.44367e-40
3.79121e-42
-6.81254e-41
4.23462e-42
-8.31146e-42
6.90401e-43
-9.40311e-43
8.75108e-44
-1.03036e-43
9.75964e-45
-1.0694e-44
1.02283e-45
-1.07352e-45
1.01428e-46
-1.03184e-46
9.67801e-48
-9.60284e-48
8.87168e-49
-8.6141e-49
7.86871e-50
-7.49611e-50
6.74558e-51
-6.31627e-51
5.61196e-52
-5.17374e-52
4.52997e-53
-4.11718e-53
3.55721e-54
-3.19158e-54
2.71808e-55
-2.44415e-55
2.0262e-56
-6.81398e-56
1.60772e-57
-7.16964e-55
2.18625e-57
-9.93235e-54
3.04988e-56
-1.34522e-52
4.35121e-55
-1.77722e-51
6.0696e-54
-2.28668e-50
8.26552e-53
-2.86436e-49
1.09848e-51
-3.48541e-48
1.42234e-50
-4.11971e-47
1.79414e-49
-4.71489e-46
2.19954e-48
-5.22829e-45
2.62183e-47
-5.58946e-44
3.02815e-46
-5.77377e-43
3.39431e-45
-5.71542e-42
3.67435e-44
-5.45154e-41
3.86133e-43
-4.93698e-40
3.92043e-42
-4.29864e-39
3.91774e-41
-3.49418e-38
3.87566e-40
-2.72615e-37
3.98979e-39
-1.90554e-36
4.28648e-38
-1.26951e-35
4.87473e-37
-6.56276e-35
5.30995e-36
-3.14652e-34
5.18712e-35
3.84878e-34
6.5934e-38
-9.43023e-38
-2.22813e-38
-4.63981e-39
-7.0535e-40
-1.01627e-40
-1.29537e-41
-1.58923e-42
-1.81503e-43
-1.99875e-44
-2.08842e-45
-2.10649e-46
-2.0359e-47
-1.90332e-48
-1.71561e-49
-1.49936e-50
-1.26891e-51
-1.0436e-52
-8.33856e-54
-6.48893e-55
-5.01331e-56
-1.80424e-56
-2.04312e-55
-2.8178e-54
-3.79648e-53
-4.98737e-52
-6.37823e-51
-7.93662e-50
-9.58834e-49
-1.12431e-47
-1.27559e-46
-1.40058e-45
-1.48118e-44
-1.51076e-43
-1.47468e-42
-1.38287e-41
-1.22885e-40
-1.04434e-39
-8.26334e-39
-6.21123e-38
-4.16948e-37
-2.60511e-36
-1.26147e-35
-5.19569e-35
)
;

boundaryField
{
    leftWall
    {
        type            calculated;
        value           uniform 0;
    }
    rightWall
    {
        type            calculated;
        value           nonuniform 0();
    }
    lowerWall
    {
        type            calculated;
        value           nonuniform 0();
    }
    atmosphere
    {
        type            calculated;
        value           nonuniform List<scalar> 
45
(
-1.76757e-36
-3.90621e-37
-7.24076e-38
-9.52998e-39
-1.23699e-39
-1.45536e-40
-1.72119e-41
-1.92132e-42
-2.10228e-43
-2.18601e-44
-2.20399e-45
-2.12718e-46
-1.98847e-47
-1.79071e-48
-1.56431e-49
-1.32267e-50
-1.08705e-51
-8.67721e-53
-6.7459e-54
-5.10727e-55
-3.76971e-56
-2.46087e-57
3.73984e-57
5.74478e-56
8.18114e-55
1.13847e-53
1.54644e-52
2.04968e-51
2.64646e-50
3.32804e-49
4.06684e-48
4.83037e-47
5.5575e-46
6.20133e-45
6.67579e-44
6.95705e-43
6.9609e-42
6.74828e-41
6.26278e-40
5.69761e-39
4.98326e-38
4.36998e-37
3.58734e-36
2.81439e-35
1.68668e-34
)
;
    }
    defaultFaces
    {
        type            empty;
        value           nonuniform 0();
    }
    procBoundary2to0
    {
        type            processor;
        value           nonuniform List<scalar> 
46
(
-3.20766e-36
-4.87135e-37
-7.09604e-38
-9.16737e-39
-1.13935e-39
-1.31671e-40
-1.46414e-41
-1.54283e-42
-1.56678e-43
-1.52316e-44
-1.43067e-45
-1.29474e-46
-1.13557e-47
-1.0069e-48
-5.25878e-49
-4.40319e-48
-4.18888e-47
-3.83484e-46
-3.41308e-45
-2.92466e-44
-2.46883e-43
-2.02116e-42
-1.66369e-41
-1.33623e-40
-1.09014e-39
6.45507e-36
4.08435e-35
1.95413e-34
2.42974e-35
-3.77698e-34
-9.01568e-35
2.29315e-34
1.93716e-35
-1.35579e-34
-9.07607e-35
-1.0235e-35
1.10797e-35
2.38559e-35
8.08337e-35
8.23532e-35
2.94264e-35
6.6489e-35
4.63394e-37
-6.33136e-35
2.79344e-35
-1.31485e-35
)
;
    }
    procBoundary2to3
    {
        type            processor;
        value           nonuniform List<scalar> 
43
(
9.62032e-38
2.22263e-38
4.89899e-39
6.68502e-40
-2.57305e-39
-5.28642e-38
-7.8551e-37
-8.90801e-36
-1.90863e-35
-2.12849e-35
-7.54864e-35
1.47151e-35
1.5621e-34
1.15301e-35
-7.67413e-35
-1.27284e-35
-9.89824e-38
1.12605e-35
6.83191e-35
-1.22549e-34
-2.68509e-34
8.96476e-35
2.67756e-34
-9.48554e-35
-2.6631e-34
1.82462e-34
2.05554e-34
-6.75526e-35
-4.05438e-35
-1.318e-34
-1.13568e-35
1.03338e-34
1.75027e-35
3.08275e-36
2.19734e-38
-2.89964e-36
-1.52542e-35
-9.02085e-35
1.60776e-34
3.56031e-34
-1.00743e-34
-2.54384e-34
-4.06948e-35
)
;
    }
}


// ************************************************************************* //
