/*--------------------------------*- C++ -*----------------------------------*\
| =========                 |                                                 |
| \\      /  F ield         | OpenFOAM: The Open Source CFD Toolbox           |
|  \\    /   O peration     | Version:  2.4.0                                 |
|   \\  /    A nd           | Web:      www.OpenFOAM.org                      |
|    \\/     M anipulation  |                                                 |
\*---------------------------------------------------------------------------*/
FoamFile
{
    version     2.0;
    format      ascii;
    class       surfaceScalarField;
    location    "1";
    object      phi;
}
// * * * * * * * * * * * * * * * * * * * * * * * * * * * * * * * * * * * * * //

dimensions      [0 3 -1 0 0 0 0];

internalField   nonuniform List<scalar> 
3781
(
5.30598e-39
1.54822e-40
2.59201e-38
7.52352e-40
3.811e-38
4.12782e-39
6.15123e-37
2.87168e-39
1.42236e-40
-7.92715e-39
-6.14185e-37
-7.90344e-39
-3.1931e-38
3.04974e-39
5.51109e-39
5.0362e-39
5.96123e-38
5.65697e-39
6.58724e-37
7.33479e-39
6.47216e-37
-4.10321e-39
-5.44776e-37
-1.07987e-38
3.22342e-38
2.87157e-39
6.21406e-37
6.9985e-39
3.90448e-38
-3.05347e-39
2.60785e-38
-4.15585e-39
5.38626e-39
-7.54887e-40
7.94133e-40
-1.54528e-40
1.25163e-40
-2.42311e-41
1.71329e-41
-3.74719e-42
2.31973e-42
-5.12652e-43
2.89312e-43
-6.72943e-44
3.54132e-44
-8.16662e-45
8.01558e-45
-8.46022e-46
3.58009e-44
8.56954e-46
2.9285e-43
8.26012e-45
2.35062e-42
6.81391e-44
1.73863e-41
5.19856e-43
1.27185e-40
3.8061e-42
8.08876e-40
2.46746e-41
5.49371e-39
1.57746e-40
2.67428e-38
7.75236e-40
4.36025e-38
4.28512e-39
6.41847e-37
3.6463e-39
4.36025e-38
-3.6463e-39
2.67428e-38
-4.28512e-39
5.49371e-39
-7.75236e-40
8.08876e-40
-1.57746e-40
1.27184e-40
-2.46782e-41
1.7377e-41
-3.8308e-42
2.30525e-42
-6.75836e-43
1.26769e-43
-9.17502e-43
-4.68412e-43
-4.19204e-42
-1.49444e-41
2.31174e-39
-1.94461e-40
1.05053e-38
-1.32894e-39
4.93518e-38
-6.69867e-39
7.49237e-38
-4.43658e-39
7.71766e-41
1.27491e-38
-7.44419e-38
1.27138e-38
-4.65833e-38
-4.71997e-39
2.43304e-39
-8.28302e-39
5.79911e-38
-9.4027e-39
1.26697e-37
-1.16709e-38
8.81942e-38
6.66251e-39
-1.22224e-38
1.71856e-38
1.33474e-38
-4.43644e-39
7.77474e-38
-1.11343e-38
4.98317e-38
4.72493e-39
1.05924e-38
6.73991e-39
2.3659e-39
1.33707e-39
4.03557e-40
2.48286e-40
6.7344e-41
3.59501e-41
9.87186e-42
4.97625e-42
1.38928e-42
6.2188e-43
1.80175e-43
7.49801e-44
2.26633e-44
8.49058e-45
5.25873e-45
8.3283e-46
2.29219e-44
-8.42562e-46
1.8249e-43
-8.57797e-45
1.40897e-42
-7.58119e-44
1.0029e-41
-6.29429e-43
6.85479e-41
-5.04254e-42
4.11994e-40
-3.64951e-41
2.42301e-39
-2.52623e-40
1.09258e-38
-1.36789e-39
5.17742e-38
-6.951e-39
8.58384e-38
-5.80371e-39
5.17742e-38
5.80371e-39
1.09258e-38
6.951e-39
2.42301e-39
1.36789e-39
4.11992e-40
2.5262e-40
6.85337e-41
3.64738e-41
9.95128e-42
4.89544e-42
1.0268e-42
-3.11862e-43
-1.22893e-42
-5.13071e-42
-4.30716e-42
-2.6086e-41
-9.51376e-41
6.81402e-40
-9.42207e-41
2.53949e-39
-5.89388e-40
9.29185e-39
-2.42424e-39
1.3182e-38
-1.4337e-39
2.8489e-41
4.58451e-39
-1.30185e-38
4.56607e-39
-8.46176e-39
-1.5716e-39
7.2026e-40
-3.13577e-39
1.13047e-38
-3.62506e-39
2.31893e-38
-4.11717e-39
1.65488e-38
2.40474e-39
-4.94357e-40
6.01804e-39
3.39515e-39
-1.43347e-39
1.40318e-38
-3.85669e-39
9.45441e-39
1.57434e-39
2.57058e-39
2.44549e-39
6.95707e-40
5.9295e-40
1.34606e-40
1.19698e-40
2.46401e-41
1.88416e-41
3.8617e-42
2.75421e-42
5.71573e-43
3.62347e-43
7.70816e-44
4.54237e-44
1.00048e-44
5.32886e-45
2.37921e-45
5.36263e-46
1.01238e-44
-5.42853e-46
7.81259e-44
-5.38664e-45
5.80228e-43
-4.59592e-44
3.92863e-42
-3.67068e-43
2.51322e-41
-2.79417e-42
1.37876e-40
-1.91573e-41
7.16331e-40
-1.22079e-40
2.67939e-39
-6.08946e-40
1.00077e-38
-2.54561e-39
1.5857e-38
-2.04206e-39
1.00077e-38
2.04206e-39
2.67939e-39
2.54561e-39
7.16329e-40
6.08944e-40
1.37862e-40
1.22064e-40
2.50425e-41
1.90398e-41
3.43089e-42
1.97472e-42
-1.89821e-42
-4.95211e-42
-9.21016e-42
-2.9878e-41
-2.89253e-41
-1.52981e-40
-5.7085e-40
1.46888e-40
-4.15214e-41
4.51994e-40
-1.97339e-40
1.34894e-39
-7.33926e-40
1.80635e-39
-4.11204e-40
7.53572e-42
1.38143e-39
-1.7661e-39
1.37482e-39
-1.16668e-39
-4.58819e-40
1.56091e-40
-9.65942e-40
1.69245e-39
-1.12394e-39
3.30984e-39
-1.23184e-39
2.43921e-39
7.23338e-40
1.83122e-40
1.79185e-39
6.40409e-40
-4.10159e-40
1.99348e-39
-1.14031e-39
1.38871e-39
4.59873e-40
4.59828e-40
7.38459e-40
1.49665e-40
1.93972e-40
3.25329e-41
4.18525e-41
6.45243e-42
6.96632e-42
1.07195e-42
1.06691e-42
1.65476e-43
1.45912e-43
2.30689e-44
1.88805e-44
3.07324e-45
2.27388e-45
7.4616e-46
2.33325e-46
3.11113e-45
-2.36296e-46
2.33956e-44
-2.29949e-45
1.68125e-43
-1.91135e-44
1.09189e-42
-1.4792e-43
6.5941e-42
-1.08346e-42
3.34333e-41
-7.09282e-42
1.54999e-40
-4.27689e-41
4.85576e-40
-1.99834e-40
1.50368e-39
-7.73052e-40
2.29064e-39
-6.09847e-40
1.50368e-39
6.09847e-40
4.85574e-40
7.73051e-40
1.54987e-40
1.99824e-40
3.33503e-41
4.26914e-41
6.05905e-42
6.49507e-42
-1.91737e-42
-3.14426e-42
-1.50547e-41
-2.77697e-41
-5.80554e-41
-1.6035e-40
-1.84203e-40
-8.40312e-40
-3.22859e-39
2.70546e-41
-6.45388e-41
6.85217e-41
-7.80855e-41
1.51746e-40
-1.91051e-40
1.85461e-40
-9.67754e-41
1.83018e-42
3.1933e-40
-1.76426e-40
3.18655e-40
-1.158e-40
-1.03608e-40
2.98834e-41
-2.28546e-40
1.9918e-40
-2.67351e-40
3.65756e-40
-2.84239e-40
2.87679e-40
1.67568e-40
7.03374e-41
4.11546e-40
1.04297e-40
-9.07456e-41
2.21529e-40
-2.6018e-40
1.59679e-40
1.03862e-40
6.93826e-41
1.71728e-40
2.84158e-41
4.81635e-41
6.89182e-42
1.09532e-41
1.4736e-42
1.91042e-42
2.57486e-43
3.0385e-43
4.12602e-44
4.29057e-44
5.91884e-45
5.69564e-45
8.06765e-46
7.00815e-46
1.99417e-46
7.3046e-47
8.17022e-46
-7.40033e-47
6.00595e-45
-7.08957e-46
4.19533e-44
-5.76858e-45
2.62585e-43
-4.35232e-44
1.50875e-42
-3.08826e-43
7.10645e-42
-1.94747e-42
2.962e-41
-1.12127e-41
7.47178e-41
-4.97587e-41
1.80685e-40
-1.80684e-40
2.59526e-40
-1.40462e-40
1.80684e-40
1.40461e-40
7.47093e-41
1.8068e-40
2.95548e-41
4.97154e-41
6.64751e-42
1.08559e-41
-1.49126e-42
-8.41814e-43
-1.68871e-41
-1.97552e-41
-8.83955e-41
-1.3533e-40
-3.44874e-40
-7.98725e-40
-1.11807e-39
-4.32212e-39
-1.72524e-38
-8.40516e-43
-3.20467e-40
1.52575e-41
-1.7985e-40
1.63406e-41
-1.56722e-40
1.40454e-41
-5.17022e-41
9.70424e-43
5.93135e-41
-9.99878e-42
6.53553e-41
-6.01983e-42
-2.15912e-41
5.21439e-42
-4.85623e-41
1.81151e-41
-5.69478e-41
2.92224e-41
-5.93958e-41
2.70075e-41
3.50326e-41
1.60056e-41
8.56685e-41
1.55426e-41
-1.83935e-41
1.82599e-41
-5.38693e-41
1.39204e-41
2.14158e-41
9.40341e-42
3.60243e-41
4.91327e-42
1.0546e-41
1.30977e-42
2.50651e-42
2.97823e-43
4.5406e-43
5.42431e-44
7.45924e-44
8.96349e-45
1.08192e-44
1.31709e-45
1.468e-45
1.83042e-46
1.8393e-46
4.59463e-47
1.94288e-47
1.85431e-46
-1.96897e-47
1.33712e-45
-1.86124e-46
9.12031e-45
-1.4874e-45
5.53741e-44
-1.0981e-44
3.05424e-43
-7.58713e-44
1.35469e-42
-4.63368e-43
5.15421e-42
-2.56991e-42
1.03973e-41
-1.09225e-41
1.74146e-41
-3.8055e-41
2.2149e-41
-2.93054e-41
1.74095e-41
2.93031e-41
1.03549e-41
3.80353e-41
4.82549e-42
1.07483e-41
-9.90574e-43
1.11414e-42
-1.52785e-41
-1.11054e-41
-9.07816e-41
-8.48724e-41
-4.79295e-40
-5.88821e-40
-1.9194e-39
-3.59798e-39
-6.38427e-39
-2.0305e-38
-8.52595e-38
-2.28069e-41
-1.69602e-39
4.44743e-41
-8.89572e-40
2.61291e-41
-6.50169e-40
1.30649e-41
-1.76399e-40
3.70856e-42
-2.76257e-41
1.5625e-42
5.30802e-42
8.32829e-43
-5.18176e-42
8.97148e-43
-9.43794e-42
1.03722e-42
-1.09188e-41
8.20479e-43
-1.11876e-41
1.78712e-42
6.59576e-42
3.05009e-42
1.60757e-41
2.26353e-42
-3.37052e-42
6.78934e-43
-1.00594e-41
6.72115e-43
3.98763e-42
1.2313e-42
6.80443e-42
8.14811e-43
2.06382e-42
2.33799e-43
5.08753e-43
5.5774e-44
9.51434e-44
1.0495e-44
1.60586e-44
1.77806e-45
2.38263e-45
2.66481e-46
3.29336e-46
3.76419e-47
4.19085e-47
9.57235e-48
4.47789e-48
3.81444e-47
-4.53933e-48
2.70647e-46
-4.24198e-47
1.81023e-45
-3.33806e-46
1.07232e-44
-2.41942e-45
5.72761e-44
-1.63448e-44
2.42441e-43
-9.71866e-44
8.59551e-43
-5.22345e-43
1.40572e-42
-2.14225e-42
1.2317e-42
-7.21332e-42
9.80309e-43
-5.51113e-42
1.2087e-42
5.50308e-42
1.21248e-42
7.14487e-42
-6.59254e-43
1.52848e-42
-1.07695e-41
-4.68657e-42
-7.45823e-41
-4.21517e-41
-4.45455e-40
-3.18581e-40
-2.41811e-39
-2.29094e-39
-1.00038e-38
-1.46946e-38
-3.44024e-38
-8.80181e-38
-3.96154e-37
-2.54209e-41
-8.53775e-39
3.13299e-40
-4.28123e-39
1.60614e-40
-3.11971e-39
7.7156e-41
-8.16996e-40
2.01671e-41
-1.82208e-40
4.92472e-42
-3.02561e-41
1.11132e-42
-5.9493e-42
2.78707e-43
-2.40615e-42
-1.27806e-44
-2.04862e-42
-2.64547e-43
-1.98778e-42
1.90043e-44
1.16227e-42
5.2064e-43
2.83013e-42
3.28385e-43
-5.82143e-43
-1.21843e-43
-1.76371e-42
-5.5754e-44
6.98312e-43
1.62025e-43
1.20391e-42
1.29966e-43
3.75187e-43
3.93431e-44
9.53082e-44
9.72663e-45
1.82926e-44
1.87764e-45
3.15761e-45
3.24563e-46
4.77411e-46
4.94464e-47
6.70275e-47
7.081e-48
8.642e-48
1.82082e-48
9.32455e-49
7.17736e-48
-9.45487e-49
5.02375e-47
-8.74951e-48
3.30601e-46
-6.79585e-47
1.91988e-45
-4.84987e-46
9.99984e-45
-3.21575e-45
4.08811e-44
-1.8701e-44
1.37704e-43
-9.79727e-44
1.90873e-43
-3.90205e-43
2.99687e-44
-1.28016e-42
-1.198e-43
-9.73833e-43
-6.1442e-44
9.52078e-43
-5.86562e-43
1.09291e-42
-6.06794e-42
-1.31313e-42
-4.57981e-41
-1.46252e-41
-3.17925e-40
-1.22489e-40
-1.951e-39
-9.58075e-40
-1.09478e-38
-7.26255e-39
-4.70799e-38
-5.0119e-38
-1.68304e-37
-3.26916e-37
-1.62446e-36
8.43167e-40
-3.93822e-38
2.28788e-39
-1.9245e-38
9.94334e-40
-1.41645e-38
4.26602e-40
-3.55597e-39
1.05201e-40
-7.73096e-40
2.30759e-41
-1.31196e-40
4.14468e-42
-2.07973e-41
6.87672e-43
-3.17469e-42
7.42564e-44
-7.09627e-43
-6.26942e-44
-3.74672e-43
-1.85679e-44
1.87286e-43
8.32643e-44
4.67481e-43
4.78603e-44
-9.47166e-44
-3.85868e-44
-2.90633e-43
-2.2821e-44
1.14968e-43
2.19165e-44
1.99962e-43
2.01057e-44
6.37515e-44
6.31554e-45
1.65964e-44
1.60305e-45
3.25433e-45
3.15687e-46
5.72231e-46
5.54601e-47
8.78884e-47
8.56433e-48
1.25017e-47
1.24068e-48
1.62989e-48
3.22053e-49
1.77328e-49
1.25782e-48
-1.79847e-49
8.70389e-48
-1.65052e-48
5.65138e-47
-1.26789e-47
3.2296e-46
-8.9317e-47
1.64931e-45
-5.83078e-46
6.56974e-45
-3.32961e-45
2.1338e-44
-1.70808e-44
2.61306e-44
-6.64456e-44
-1.34702e-44
-2.13527e-43
-7.57793e-44
-1.65102e-43
-3.32152e-43
1.19642e-43
-2.72493e-42
-1.8358e-43
-2.23523e-41
-3.61338e-42
-1.68974e-40
-3.25927e-41
-1.20524e-39
-2.82142e-40
-7.64507e-39
-2.34065e-39
-4.4714e-38
-1.94062e-38
-2.01509e-37
-1.50676e-37
-7.63591e-37
-1.12158e-36
-6.40038e-36
1.19019e-38
-1.72514e-37
1.62577e-38
-7.39977e-38
5.88001e-39
-5.28516e-38
2.16366e-39
-1.26461e-38
4.96718e-40
-2.634e-39
1.03436e-40
-4.32335e-40
1.77798e-41
-6.60406e-41
2.82754e-42
-9.08553e-42
3.98174e-43
-1.23105e-42
4.00937e-44
-1.99443e-43
1.97264e-45
1.7267e-44
1.33279e-44
7.99418e-44
6.98882e-45
-1.64947e-44
-7.19895e-45
-5.06234e-44
-4.47117e-45
2.00072e-44
3.01365e-45
3.50386e-44
2.99921e-45
1.13694e-44
9.66925e-46
3.01611e-45
2.50363e-46
6.01299e-46
5.01028e-47
1.07259e-46
8.9207e-48
1.6678e-47
1.39346e-48
2.39698e-48
2.03871e-49
3.15281e-49
5.33532e-50
3.45298e-50
2.0669e-49
-3.50267e-50
1.41608e-48
-3.19325e-49
9.08776e-48
-2.4315e-48
5.12159e-47
-1.69543e-47
2.57006e-46
-1.09338e-46
9.98521e-46
-6.15593e-46
3.0985e-45
-3.10713e-45
2.70093e-45
-1.18709e-44
-1.25907e-44
-3.75553e-44
-1.03356e-43
-2.95937e-44
-8.77476e-43
1.30592e-44
-7.5888e-42
-1.15389e-43
-6.30254e-41
-1.53292e-42
-4.88009e-40
-1.57847e-41
-3.5893e-39
-1.72422e-40
-2.36276e-38
-1.98528e-39
-1.44565e-37
-2.37648e-38
-6.87327e-37
-2.64489e-37
-2.7755e-36
-2.56602e-36
-1.86657e-35
1.87081e-37
-9.74678e-37
1.84636e-37
-4.18074e-37
5.67568e-38
-2.98807e-37
1.78793e-38
-6.2712e-38
3.75019e-39
-1.23069e-38
7.34941e-40
-1.9109e-39
1.20865e-40
-2.81878e-40
1.86178e-41
-3.74204e-41
2.58985e-42
-4.75822e-42
3.38322e-43
-5.69814e-43
4.08843e-44
-6.12288e-44
6.8018e-45
5.8789e-46
1.57451e-45
-2.21233e-45
-1.16736e-45
-4.73388e-45
-7.69797e-46
1.83875e-45
4.38688e-46
3.24812e-45
4.59307e-46
1.07344e-45
1.50816e-46
2.91814e-46
3.96177e-47
5.93858e-47
8.02412e-48
1.08026e-47
1.44305e-48
1.70816e-48
2.2737e-49
2.49207e-49
3.3512e-50
3.32079e-50
8.81401e-51
3.67447e-51
3.38498e-50
-3.72521e-51
2.29462e-49
-3.36035e-50
1.45041e-48
-2.52379e-49
7.96756e-48
-1.73099e-48
3.79488e-47
-1.09431e-47
1.25259e-46
-5.99611e-47
1.43787e-46
-2.90852e-46
-3.06811e-45
-1.01115e-45
-3.69156e-44
-2.29634e-45
-3.53608e-43
9.56696e-45
-3.28379e-42
1.23367e-43
-2.91012e-41
1.14264e-42
-2.48044e-40
1.01273e-41
-1.97868e-39
8.05877e-41
-1.51424e-38
5.18668e-40
-1.042e-37
1.24583e-39
-6.81801e-37
-3.29855e-38
-3.48297e-36
-7.79764e-37
-1.64419e-35
-1.04065e-35
-1.01245e-34
2.34252e-36
-1.34946e-36
1.8697e-36
-1.20078e-36
4.46558e-37
-3.44804e-37
1.10562e-37
-5.92524e-38
2.03549e-38
-1.0448e-38
3.61994e-39
-1.5472e-39
5.58627e-40
-2.23362e-40
8.20743e-41
-2.93249e-41
1.10344e-41
-3.70556e-42
1.41273e-42
-4.38932e-43
1.69575e-43
-4.9555e-44
1.96436e-44
-4.66413e-45
2.21317e-45
-7.01593e-46
1.15467e-46
-5.01458e-46
-4.62589e-47
1.70876e-46
3.84922e-47
3.11443e-46
3.92381e-47
1.04281e-46
1.30415e-47
2.8658e-47
3.47743e-48
5.89049e-48
7.13816e-49
1.08003e-48
1.29977e-49
1.71979e-49
2.07046e-50
2.52287e-50
3.08286e-51
3.37779e-51
8.25187e-52
3.75137e-52
3.21181e-51
-3.78298e-52
2.21137e-50
-3.39328e-51
1.45317e-49
-2.52326e-50
8.80511e-49
-1.70313e-49
5.28191e-48
-1.04587e-48
3.22938e-47
-5.37809e-48
2.40954e-46
-2.20309e-47
2.09217e-45
-2.56697e-47
2.02335e-44
5.60265e-46
1.92472e-43
8.99561e-45
1.7568e-42
9.23198e-44
1.52301e-41
8.73503e-43
1.26204e-40
7.83264e-42
9.78643e-40
6.35207e-41
7.20083e-39
4.30624e-40
4.77685e-38
1.4926e-39
2.94328e-37
-1.76565e-38
1.43723e-36
-5.08259e-37
6.01698e-36
-7.16962e-36
-7.32616e-35
4.05428e-35
-2.01626e-35
3.06498e-36
-1.50831e-36
2.36386e-36
3.98997e-38
5.45467e-37
3.31829e-38
9.13399e-38
8.80233e-39
1.55996e-38
1.48248e-39
2.30617e-39
2.25216e-40
3.30246e-40
3.00731e-41
4.33221e-41
3.81665e-42
5.45122e-42
4.51582e-43
6.44078e-43
5.13059e-44
7.30431e-44
5.5956e-45
7.88642e-45
5.62589e-46
8.08758e-46
1.83637e-47
7.54758e-47
2.09059e-47
1.09447e-47
2.78791e-47
4.10711e-48
9.31083e-48
1.20445e-48
2.58289e-48
3.12426e-49
5.36547e-49
6.39743e-50
9.9372e-50
1.16819e-50
1.59674e-50
1.86937e-51
2.36106e-51
2.81855e-52
3.18325e-52
1.05084e-52
3.53392e-53
6.7436e-52
-3.86375e-53
6.76944e-51
-3.56357e-52
7.095e-50
-2.82859e-51
7.61102e-49
-2.16274e-50
8.28123e-48
-1.66687e-49
8.94737e-47
-1.31932e-48
9.51385e-46
-1.14697e-47
9.8195e-45
-1.07317e-46
9.81497e-44
-1.07717e-45
9.41586e-43
-1.08561e-44
8.6925e-42
-1.07858e-43
7.6339e-41
-1.02051e-42
6.43001e-40
-9.07305e-42
5.0751e-39
-7.14897e-41
3.82625e-38
-4.38313e-40
2.60498e-37
-4.76812e-40
1.67405e-36
4.14247e-38
8.53798e-36
8.79809e-37
3.95342e-35
1.15659e-35
1.13154e-34
2.53241e-36
-1.02049e-36
1.61695e-36
-7.79386e-37
3.91991e-37
1.532e-37
9.88197e-38
4.91545e-38
1.85257e-38
1.1263e-38
3.3445e-39
1.8407e-39
5.22074e-40
2.77337e-40
7.73969e-41
3.71012e-41
1.04787e-41
4.72638e-42
1.34935e-42
5.61887e-43
1.62761e-43
6.40692e-44
1.8761e-44
6.94452e-45
2.05451e-45
7.22335e-46
2.15135e-46
6.89123e-47
2.12497e-47
8.31381e-48
2.36502e-48
3.03628e-48
4.75493e-49
8.73935e-49
1.12446e-49
2.33821e-49
2.72577e-50
4.83366e-50
5.49478e-51
8.96434e-51
1.00123e-51
1.44562e-51
1.60651e-52
2.14537e-52
2.43989e-53
2.90171e-53
1.01285e-53
3.08087e-54
7.09279e-53
-5.55349e-54
7.35485e-52
-5.89854e-53
7.87129e-51
-5.9582e-52
8.52517e-50
-6.17908e-51
9.25605e-49
-6.62351e-50
9.90582e-48
-7.22093e-49
1.0368e-46
-7.93709e-48
1.05023e-45
-8.61973e-47
1.02606e-44
-9.18465e-46
9.60329e-44
-9.46972e-45
8.60191e-43
-9.41595e-44
7.31365e-42
-8.87554e-43
5.90516e-41
-7.80268e-42
4.45741e-40
-5.94006e-41
3.14984e-39
-3.17468e-40
2.00909e-38
7.93789e-40
1.15029e-37
5.54217e-38
5.30406e-37
1.0239e-36
1.81344e-36
1.28281e-35
1.20557e-34
3.08452e-37
-7.67567e-37
2.58377e-38
-1.4946e-37
2.10904e-38
2.0238e-38
1.00766e-38
9.18932e-39
2.51544e-39
2.3186e-39
5.47354e-40
4.06666e-40
9.5774e-41
6.39917e-41
1.53916e-41
8.88587e-42
2.20594e-42
1.16342e-42
2.9655e-43
1.41653e-43
3.69689e-44
1.64599e-44
4.37398e-45
1.81305e-45
4.89095e-46
1.91499e-46
5.22397e-47
1.91043e-47
5.30354e-48
1.99992e-48
5.45598e-49
3.74258e-49
7.21627e-50
8.39315e-50
1.22492e-50
2.05947e-50
2.50863e-51
4.16872e-51
4.76746e-52
7.69594e-52
8.49492e-53
1.24298e-52
1.34709e-53
1.85051e-53
1.18948e-54
2.52828e-54
-1.05109e-53
4.93286e-55
-1.40117e-52
2.55274e-54
-1.76787e-51
3.4701e-53
-2.16571e-50
4.57862e-52
-2.57429e-49
5.81359e-51
-2.97045e-48
7.12754e-50
-3.31923e-47
8.44864e-49
-3.59436e-46
9.69678e-48
-3.75559e-45
1.07591e-46
-3.79366e-44
1.15549e-45
-3.67709e-43
1.1962e-44
-3.43681e-42
1.19718e-43
-3.05573e-41
1.15094e-42
-2.61433e-40
1.07334e-41
-2.09395e-39
9.65854e-41
-1.61055e-38
8.64467e-40
-1.11397e-37
7.67585e-39
-7.33701e-37
7.04618e-38
-3.77005e-36
6.26522e-37
-1.79542e-35
5.25988e-36
3.44053e-35
3.03372e-38
-1.53755e-37
-1.18475e-38
-3.16103e-38
-1.31395e-39
1.06716e-39
5.80176e-40
1.24616e-39
2.44385e-40
3.78045e-40
6.60636e-41
7.28652e-41
1.29243e-41
1.22911e-41
2.22888e-42
1.79661e-42
3.35427e-43
2.44884e-43
4.67221e-44
3.07675e-44
5.9874e-45
3.66611e-45
7.23886e-46
4.12048e-46
8.23944e-47
4.42736e-47
8.93643e-48
4.51985e-48
9.21852e-49
4.56984e-49
9.34496e-50
5.84113e-50
1.05146e-50
9.41438e-51
1.41042e-51
1.91493e-51
2.37615e-52
3.62873e-52
4.11849e-53
6.52941e-53
7.0452e-54
1.04584e-53
1.13951e-54
1.55512e-54
6.40823e-55
2.39625e-55
6.2679e-54
4.18021e-55
7.94313e-53
5.27785e-54
9.83737e-52
6.93625e-53
1.1856e-50
8.89049e-52
1.38741e-49
1.10929e-50
1.57539e-48
1.347e-49
1.73061e-47
1.58861e-48
1.83872e-46
1.81961e-47
1.88114e-45
2.01803e-46
1.85426e-44
2.16848e-45
1.74852e-43
2.24718e-44
1.58131e-42
2.25189e-43
1.35447e-41
2.16773e-42
1.10633e-40
2.02319e-41
8.40646e-40
1.81932e-40
6.03697e-39
1.62156e-39
3.86698e-38
1.42515e-38
2.28526e-37
1.28715e-37
1.04644e-36
1.121e-36
4.02039e-36
9.25209e-36
5.94715e-35
3.64865e-39
-2.09296e-38
-3.32964e-39
-4.88761e-39
-6.65032e-40
-1.57157e-40
-3.44069e-41
1.18516e-40
1.54938e-41
4.59721e-41
6.67466e-42
9.79756e-42
1.53036e-42
1.765e-42
2.88683e-43
2.70526e-43
4.5993e-44
3.82111e-44
6.6734e-45
4.93752e-45
8.8169e-46
6.01514e-46
1.09169e-46
6.88474e-47
1.26651e-47
7.51003e-48
1.39565e-48
7.78533e-49
1.46064e-49
7.84948e-50
1.48094e-50
8.68315e-51
1.5475e-51
1.11908e-51
1.77364e-52
1.84657e-52
2.44747e-53
3.16168e-53
3.71567e-54
5.42838e-54
6.04623e-55
8.53537e-55
2.91109e-55
1.26043e-55
2.726e-54
2.04423e-56
3.56017e-53
4.88657e-56
4.55619e-52
6.33436e-55
5.6792e-51
8.37861e-54
6.89072e-50
1.08155e-52
8.12203e-49
1.36005e-51
9.29682e-48
1.66591e-50
1.03044e-46
1.98358e-49
1.10612e-45
2.29702e-48
1.14487e-44
2.58067e-47
1.14408e-43
2.82274e-46
1.09593e-42
3.011e-45
1.01018e-41
3.19845e-44
8.84608e-41
3.49412e-43
7.42888e-40
4.21919e-42
5.83154e-39
5.86411e-41
4.37058e-38
9.19866e-40
2.94212e-37
1.47172e-38
1.86474e-36
2.20927e-37
9.23356e-36
2.89626e-36
4.09667e-35
3.15258e-35
2.66267e-34
4.1911e-40
-3.10501e-39
-4.88327e-40
-7.58715e-40
-1.13202e-40
-7.15708e-41
-1.3615e-41
5.80772e-42
1.55977e-43
4.62108e-42
5.47961e-43
1.14783e-42
1.54715e-43
2.25329e-43
3.2113e-44
3.64978e-44
5.4126e-45
5.36729e-45
8.16295e-46
7.14888e-46
1.10971e-46
8.91854e-47
1.40461e-47
1.04039e-47
1.65859e-48
1.15271e-48
1.85445e-49
1.21182e-49
1.96555e-50
1.2281e-50
2.00422e-51
1.27512e-51
2.03601e-52
1.42842e-52
2.15253e-53
1.931e-53
2.57602e-54
2.88031e-54
3.44425e-55
4.56569e-55
7.07992e-56
6.89305e-56
2.98262e-55
6.96686e-57
3.91943e-54
-4.14173e-56
5.1479e-53
-5.87975e-55
6.59721e-52
-7.90336e-54
8.23503e-51
-1.03648e-52
1.00074e-49
-1.32582e-51
1.18155e-48
-1.65163e-50
1.35498e-47
-2.00286e-49
1.5049e-46
-2.3592e-48
1.61913e-45
-2.69875e-47
1.68008e-44
-2.98828e-46
1.68382e-43
-3.20307e-45
1.61811e-42
-3.30277e-44
1.49723e-41
-3.26972e-43
1.31665e-40
-3.048e-42
1.1116e-39
-2.60683e-41
8.77649e-39
-1.81977e-40
6.63044e-38
-6.0637e-40
4.50139e-37
1.17739e-38
2.89276e-36
3.35096e-37
1.45234e-35
5.47828e-36
6.65772e-35
6.57824e-35
6.01116e-34
5.29988e-41
-3.87511e-40
-6.52186e-41
-1.00671e-40
-1.62745e-41
-1.37593e-41
-2.61527e-42
-4.22003e-43
-1.87265e-43
3.65021e-43
2.9127e-44
1.14232e-43
1.33622e-44
2.47776e-44
3.20465e-45
4.25197e-45
5.80611e-46
6.50661e-46
9.16915e-47
8.92387e-47
1.28731e-47
1.13868e-47
1.66927e-48
1.3525e-48
2.00866e-49
1.52068e-49
2.28029e-50
1.61911e-50
2.44791e-51
1.65376e-51
2.51632e-52
1.67687e-52
2.52971e-53
1.75052e-53
2.56187e-54
2.06107e-54
2.78223e-55
2.69305e-55
3.299e-56
3.87015e-56
4.88228e-57
5.33476e-57
8.64812e-57
-2.37754e-57
1.08793e-55
-4.43284e-56
1.42945e-54
-6.11072e-55
1.83352e-53
-8.21169e-54
2.29092e-52
-1.07691e-52
2.78695e-51
-1.37753e-51
3.29431e-50
-1.71605e-50
3.78274e-49
-2.08096e-49
4.20718e-48
-2.45115e-48
4.53372e-47
-2.80389e-47
4.71257e-46
-3.10466e-46
4.73247e-45
-3.32779e-45
4.55776e-44
-3.4315e-44
4.22815e-43
-3.39774e-43
3.72869e-42
-3.16913e-42
3.15893e-41
-2.71519e-41
2.50343e-40
-1.90725e-40
1.9006e-39
-6.65267e-40
1.29694e-38
1.15763e-38
8.39926e-38
3.37605e-37
4.24858e-37
5.54867e-36
1.97901e-36
6.67633e-35
6.1102e-34
6.15068e-42
-4.83997e-41
-7.50474e-42
-1.29934e-41
-1.98463e-42
-2.2427e-42
-3.70571e-43
-1.92096e-43
-3.94857e-44
1.61303e-44
-3.71556e-46
9.57696e-45
9.33434e-46
2.4345e-45
2.81766e-46
4.50514e-46
5.58556e-47
7.23018e-47
9.28803e-48
1.02484e-47
1.34931e-48
1.3403e-48
1.79355e-49
1.62272e-49
2.19954e-50
1.85269e-50
2.53484e-51
1.99799e-51
2.75517e-52
2.05959e-52
2.85769e-53
2.07172e-53
2.86889e-54
2.0852e-54
2.847e-55
2.24141e-55
2.90906e-56
2.62289e-56
1.67928e-57
3.40912e-57
-2.06717e-56
4.62202e-58
-2.89885e-55
7.83372e-59
-3.9025e-54
2.48452e-58
-5.12696e-53
3.66125e-57
-6.57035e-52
5.44028e-56
-8.20144e-51
7.87339e-55
-9.96644e-50
1.11058e-53
-1.1767e-48
1.5234e-52
-1.3494e-47
2.03539e-51
-1.49867e-46
2.64119e-50
-1.61239e-45
3.34179e-49
-1.67304e-44
4.12013e-48
-1.67671e-43
5.03044e-47
-1.61122e-42
6.21189e-46
-1.49079e-41
8.254e-45
-1.31091e-40
1.2476e-43
-1.1067e-39
2.19729e-42
-8.73724e-39
4.19359e-41
-6.60046e-38
7.98291e-40
-4.48076e-37
1.40941e-38
-2.87959e-36
2.21164e-37
-1.44577e-35
2.96251e-36
-6.63046e-35
3.25777e-35
2.77231e-34
7.04476e-43
-5.65471e-42
-8.31148e-43
-1.57679e-42
-2.28904e-43
-3.16438e-43
-4.75746e-44
-3.69343e-44
-6.14223e-45
-1.22256e-45
-4.28594e-46
6.13144e-46
3.73288e-47
2.11595e-46
2.11918e-47
4.35539e-47
4.85324e-48
7.41597e-48
8.6526e-49
1.09222e-48
1.31078e-49
1.46825e-49
1.79314e-50
1.81514e-50
2.24595e-51
2.10674e-51
2.63082e-52
2.30279e-52
2.89704e-53
2.39824e-53
3.03468e-54
2.4115e-54
3.05615e-55
2.36984e-55
3.00728e-56
2.42202e-56
2.89908e-57
4.08657e-57
-8.17914e-58
8.55957e-58
-1.56587e-56
3.22918e-58
-2.15879e-55
1.72665e-57
-2.9024e-54
2.37179e-56
-3.80827e-53
3.2625e-55
-4.87374e-52
4.38645e-54
-6.07465e-51
5.75594e-53
-7.36997e-50
7.36757e-52
-8.68608e-49
9.1847e-51
-9.94131e-48
1.11469e-49
-1.10173e-46
1.3142e-48
-1.18245e-45
1.505e-47
-1.22364e-44
1.6689e-46
-1.22252e-43
1.79318e-45
-1.17075e-42
1.85825e-44
-1.0788e-41
1.86244e-43
-9.44343e-41
1.79396e-42
-7.92692e-40
1.67733e-41
-6.21905e-39
1.51516e-40
-4.65806e-38
1.36372e-39
-3.13327e-37
1.22049e-38
-1.98441e-36
1.13055e-37
-9.81782e-36
1.01398e-36
-4.35452e-35
8.56485e-36
-3.54434e-35
5.62502e-35
2.53923e-34
5.09769e-44
-2.48924e-42
-5.91519e-44
-7.12432e-43
-1.66408e-44
-1.60077e-43
-3.60581e-45
-2.21669e-44
-4.94733e-46
-1.91267e-45
-4.25582e-47
2.72759e-47
6.96748e-49
5.48528e-47
1.22876e-48
1.38874e-47
3.10997e-49
2.58933e-48
5.77751e-50
4.01572e-49
8.95752e-51
5.58736e-50
1.24428e-51
7.08019e-51
1.57579e-52
8.37327e-52
1.86134e-53
9.28679e-53
2.06347e-54
9.74666e-54
2.17422e-55
9.62724e-55
2.22887e-56
6.84388e-56
2.44125e-57
8.21428e-57
1.38248e-58
2.39352e-56
-4.30547e-58
8.50587e-57
-4.50615e-57
2.67906e-57
-6.11989e-56
1.5951e-57
-8.20042e-55
1.44494e-56
-1.07233e-53
1.96967e-55
-1.36718e-52
2.64327e-54
-1.69701e-51
3.46184e-53
-2.04933e-50
4.42177e-52
-2.40292e-49
5.49971e-51
-2.73422e-48
6.65771e-50
-3.01057e-47
7.82757e-49
-3.20713e-46
8.93607e-48
-3.29116e-45
9.87507e-47
-3.2559e-44
1.05678e-45
-3.08336e-43
1.08996e-44
-2.80295e-42
1.08559e-43
-2.41582e-41
1.03619e-42
-1.98843e-40
9.53414e-42
-1.52519e-39
8.35361e-41
-1.10809e-38
7.08243e-40
-7.19975e-38
5.68671e-39
-4.32576e-37
4.47276e-38
-2.02039e-36
3.24097e-37
-7.90816e-36
2.24062e-36
-6.2586e-36
1.19221e-35
5.01375e-35
-2.28502e-43
-1.73271e-41
2.59838e-43
-4.85292e-42
7.46307e-44
-9.95299e-43
1.69603e-44
-1.21227e-43
2.50121e-45
-5.88207e-45
2.65572e-46
1.45125e-45
1.16933e-47
5.71448e-46
-2.92332e-48
1.21403e-46
-1.0005e-48
2.09774e-47
-2.03826e-49
3.11505e-48
-3.30588e-50
4.21002e-49
-4.72016e-51
5.22398e-50
-6.08978e-52
6.07983e-51
-7.29177e-53
6.65578e-52
-8.16631e-54
6.88579e-53
-8.63954e-55
6.5957e-54
-8.21157e-56
2.55762e-55
-3.99627e-57
4.96637e-56
-1.63508e-57
3.55711e-55
-2.27914e-57
1.27668e-55
-1.87089e-57
3.9257e-56
-1.50964e-56
8.92433e-57
-1.98941e-55
5.72886e-57
-2.5954e-54
5.55897e-56
-3.30095e-53
7.40142e-55
-4.08565e-52
9.66167e-54
-4.91752e-51
1.22963e-52
-5.74375e-50
1.52327e-51
-6.50614e-49
1.8357e-50
-7.12597e-48
2.14742e-49
-7.54404e-47
2.43748e-48
-7.68511e-46
2.67629e-47
-7.53639e-45
2.84265e-46
-7.06261e-44
2.90703e-45
-6.33898e-43
2.86591e-44
-5.37905e-42
2.70269e-43
-4.3427e-41
2.44824e-42
-3.25147e-40
2.10197e-41
-2.29231e-39
1.72958e-40
-1.43409e-38
1.3296e-39
-8.24097e-38
9.79171e-39
-3.64226e-37
6.4859e-38
-1.35181e-36
4.02267e-37
-1.05764e-36
1.89708e-36
7.23005e-36
-2.22923e-42
-1.53369e-40
2.61545e-42
-4.15123e-41
7.26135e-43
-7.46755e-42
1.53993e-43
-7.16545e-43
2.06184e-44
2.40427e-44
1.66898e-45
2.51663e-44
-5.51946e-47
6.81959e-45
-5.58474e-47
1.29216e-45
-1.3611e-47
2.10077e-46
-2.48746e-48
3.00161e-47
-3.81804e-49
3.94745e-48
-5.26659e-50
4.7986e-49
-6.63417e-51
5.49563e-50
-7.80394e-52
5.93555e-51
-8.61939e-53
6.04492e-52
-9.00894e-54
5.5883e-53
-8.23157e-55
-2.33459e-55
-1.80647e-56
3.64007e-55
-2.12062e-56
5.23004e-54
-3.37385e-56
1.8781e-54
-1.22953e-56
5.76593e-55
-6.28557e-57
1.26674e-55
-3.73284e-56
2.57211e-56
-4.75967e-55
1.72013e-56
-6.03461e-54
1.7502e-55
-7.4453e-53
2.27203e-54
-8.92867e-52
2.88466e-53
-1.0386e-50
3.56377e-52
-1.17091e-49
4.28094e-51
-1.27559e-48
4.98928e-50
-1.34203e-47
5.63847e-49
-1.3574e-46
6.15941e-48
-1.31996e-45
6.50285e-47
-1.22494e-44
6.60302e-46
-1.08653e-43
6.45387e-45
-9.09237e-43
6.02356e-44
-7.21479e-42
5.38564e-43
-5.29076e-41
4.54753e-42
-3.63305e-40
3.65848e-41
-2.20208e-39
2.72623e-40
-1.21638e-38
1.92236e-39
-5.13918e-38
1.19938e-38
-1.80907e-37
6.93311e-38
-1.39063e-37
3.00467e-37
1.09726e-36
-1.95808e-41
-1.24238e-39
2.3731e-41
-3.25945e-40
6.33922e-42
-4.80195e-41
1.22031e-42
-2.50585e-42
1.39338e-43
8.85095e-43
4.74675e-45
3.12616e-43
-2.26316e-45
7.03182e-44
-7.71961e-46
1.22707e-44
-1.585e-46
1.89687e-45
-2.68156e-47
2.61897e-46
-3.93526e-48
3.358e-47
-5.26653e-49
4.00299e-48
-6.49002e-50
4.51344e-49
-7.50727e-51
4.80829e-50
-8.18035e-52
4.79699e-51
-8.44001e-53
4.15661e-52
-7.19368e-54
-4.06947e-53
2.36175e-55
1.84743e-54
-2.74631e-55
7.52267e-53
-5.06177e-55
2.69702e-53
-1.82045e-55
8.26442e-54
-5.37933e-56
1.80949e-54
-1.74952e-56
3.53461e-55
-7.84629e-56
6.19285e-56
-9.64293e-55
4.78108e-56
-1.18534e-53
5.07438e-55
-1.41616e-52
6.44088e-54
-1.64022e-51
7.97458e-53
-1.84012e-50
9.59898e-52
-1.99331e-49
1.12114e-50
-2.08361e-48
1.26938e-49
-2.0916e-47
1.38953e-48
-2.01631e-46
1.46923e-47
-1.85192e-45
1.49477e-46
-1.6231e-44
1.46224e-45
-1.33845e-43
1.36712e-44
-1.04402e-42
1.22164e-43
-7.49012e-42
1.03283e-42
-5.01502e-41
8.27624e-42
-2.9366e-40
6.1688e-41
-1.5635e-39
4.29989e-40
-6.22194e-39
2.69096e-39
-2.08558e-38
1.52714e-38
-9.40345e-39
7.0233e-38
2.63124e-37
-1.69099e-40
-9.95606e-39
2.06914e-40
-2.46815e-39
5.23397e-41
-2.65593e-40
8.80544e-42
8.42348e-42
7.42209e-43
1.24033e-41
-5.67176e-44
3.24134e-42
-3.56381e-44
6.49873e-43
-9.01753e-45
1.06428e-43
-1.66929e-45
1.57637e-44
-2.66816e-46
2.10999e-45
-3.77453e-47
2.64207e-46
-4.92067e-48
3.09079e-47
-5.94446e-49
3.43199e-48
-6.76956e-50
3.60289e-49
-7.28063e-51
3.48392e-50
-7.40475e-52
2.6328e-51
-5.54998e-53
-8.75826e-52
8.35487e-54
-1.43228e-54
-3.62342e-54
1.05556e-51
-7.43598e-54
3.77214e-52
-2.67406e-54
1.15287e-52
-7.82715e-55
2.5159e-53
-1.69613e-55
4.89998e-54
-2.52605e-56
8.20056e-55
9.56208e-56
1.68881e-55
1.33288e-54
6.0259e-55
1.70965e-53
7.60193e-54
2.12983e-52
9.61625e-53
2.56901e-51
1.18392e-51
3.00416e-50
1.41706e-50
3.38705e-49
1.64561e-49
3.69148e-48
1.85269e-48
3.85596e-47
2.01633e-47
3.88009e-46
2.12024e-46
3.70899e-45
2.14464e-45
3.40142e-44
2.08728e-44
2.92131e-43
1.94053e-43
2.39527e-42
1.72714e-42
1.79258e-41
1.45284e-41
1.27258e-40
1.1632e-40
7.80167e-40
8.63947e-40
4.48249e-39
6.06189e-39
1.89262e-38
3.77426e-38
7.18931e-38
2.16961e-37
9.38659e-37
-1.35376e-39
-6.86017e-38
1.57441e-39
-1.62939e-38
3.72476e-40
-8.77614e-40
4.95306e-41
2.8759e-40
1.11838e-42
1.27345e-40
-1.38013e-42
2.7979e-41
-4.26606e-43
5.11675e-42
-9.13768e-44
7.91062e-43
-1.56414e-44
1.12401e-43
-2.38157e-45
1.45861e-44
-3.25838e-46
1.78283e-45
-4.14355e-47
2.04577e-46
-4.91026e-48
2.23585e-47
-5.50649e-49
2.30555e-48
-5.84354e-50
2.09224e-49
-5.83536e-51
9.9927e-51
-3.20234e-52
-1.44352e-50
1.65967e-52
-2.35795e-52
-4.83189e-53
1.44451e-50
-1.0682e-52
5.13874e-51
-3.83438e-53
1.56534e-51
-1.11998e-53
3.40304e-52
-2.41969e-54
6.60862e-53
-3.56528e-55
1.09975e-53
1.34699e-54
1.83505e-54
1.80637e-53
2.35422e-54
2.23175e-52
2.77375e-53
2.67861e-51
3.52725e-52
3.11858e-50
4.37098e-51
3.51936e-49
5.26964e-50
3.83811e-48
6.16758e-49
4.04295e-47
7.00498e-48
4.09461e-46
7.69701e-47
3.98773e-45
8.18291e-46
3.70678e-44
8.37747e-45
3.29439e-43
8.27018e-44
2.76271e-42
7.8123e-43
2.19793e-41
7.09194e-42
1.61637e-40
6.10593e-41
1.11387e-39
5.04328e-40
6.77699e-39
3.89755e-39
3.76078e-38
2.89109e-38
1.59584e-37
1.93358e-37
5.64219e-37
1.21196e-36
5.78335e-36
-1.16855e-38
-4.98478e-37
1.0843e-38
-1.0552e-37
2.248e-39
8.57183e-40
1.66523e-40
3.3793e-39
-3.53484e-41
1.08374e-39
-1.82477e-41
2.12392e-40
-4.34677e-42
3.61526e-41
-8.34829e-43
5.31293e-42
-1.34342e-43
7.26954e-43
-1.96226e-44
9.15928e-44
-2.60464e-45
1.09382e-44
-3.23637e-46
1.23144e-45
-3.76509e-47
1.32448e-46
-4.15948e-48
1.33195e-47
-4.3524e-49
1.03605e-48
-4.23277e-50
-3.48537e-50
-6.10055e-52
-2.07524e-49
2.69411e-51
-4.46558e-51
-6.48851e-52
1.92123e-49
-1.49637e-51
6.79738e-50
-5.35348e-52
2.06227e-50
-1.55942e-52
4.46421e-51
-3.36514e-53
8.6406e-52
-5.85568e-54
1.4322e-52
6.69122e-54
2.23376e-53
9.85497e-53
1.03145e-53
1.2223e-51
9.61023e-53
1.47196e-50
1.22355e-51
1.72027e-49
1.52309e-50
1.94991e-48
1.84558e-49
2.13728e-47
2.17221e-48
2.26465e-46
2.48285e-47
2.30928e-45
2.74746e-46
2.26725e-44
2.9448e-45
2.12756e-43
3.0426e-44
1.91267e-42
3.03677e-43
1.62606e-41
2.90568e-42
1.31584e-40
2.68208e-41
9.87857e-40
2.35958e-40
6.98845e-39
2.01267e-39
4.38889e-38
1.62991e-38
2.53431e-37
1.29818e-37
1.12526e-36
9.55558e-37
4.19931e-36
6.72262e-36
3.63715e-35
-9.78193e-38
-2.63774e-36
4.30815e-38
-5.30496e-37
6.0089e-39
4.47203e-38
-1.24643e-39
2.53904e-38
-6.50125e-40
6.67699e-39
-1.85347e-40
1.18817e-39
-3.7054e-41
1.88441e-40
-6.47095e-42
2.6292e-41
-9.81524e-43
3.45414e-42
-1.37484e-43
4.21649e-43
-1.76911e-44
4.90971e-44
-2.14576e-45
5.41542e-45
-2.44886e-46
5.71974e-46
-2.66337e-47
5.42729e-47
-2.74019e-48
1.68956e-48
-2.52958e-49
-1.5542e-48
2.32579e-50
-2.7843e-48
3.97641e-50
-6.57292e-50
-8.66758e-51
2.48572e-48
-2.04398e-50
8.73776e-49
-7.27951e-51
2.63823e-49
-2.1132e-51
5.68272e-50
-4.54744e-52
1.09562e-50
-8.45066e-53
1.80879e-51
1.6056e-53
2.75118e-52
3.85316e-52
4.63834e-53
4.81174e-51
1.17305e-52
5.8146e-50
1.44106e-51
6.82267e-49
1.79762e-50
7.76984e-48
2.18415e-49
8.56352e-47
2.57826e-48
9.13327e-46
2.95667e-47
9.38544e-45
3.28367e-46
9.30018e-44
3.53456e-45
8.82458e-43
3.67076e-44
8.04122e-42
3.69044e-43
6.95057e-41
3.57239e-42
5.74132e-40
3.37226e-41
4.42291e-39
3.10506e-40
3.2305e-38
2.89885e-39
2.11245e-37
2.75517e-38
1.27845e-36
2.75106e-37
6.01951e-36
2.66321e-36
2.37267e-35
2.37594e-35
1.63257e-34
-9.67306e-37
-5.20049e-36
-3.69218e-38
-2.72183e-36
-5.22046e-38
4.05268e-37
-2.78184e-38
1.42103e-37
-7.16698e-39
3.34184e-38
-1.58798e-39
5.50892e-39
-2.80593e-40
8.33556e-40
-4.53964e-41
1.11745e-40
-6.53569e-42
1.42539e-41
-8.81608e-43
1.69607e-42
-1.10188e-43
1.93526e-43
-1.3064e-44
2.09658e-44
-1.46361e-45
2.17127e-45
-1.56778e-46
1.71337e-46
-1.57732e-47
-2.85397e-47
-1.29275e-48
-2.39585e-47
5.0664e-49
-3.52407e-47
5.45832e-49
-8.44321e-49
-1.14311e-49
3.1131e-47
-2.71259e-49
1.08654e-47
-9.60802e-50
3.2621e-48
-2.77778e-50
6.98751e-49
-5.95415e-51
1.34111e-49
-1.12478e-51
2.20468e-50
-8.10206e-53
3.33345e-51
1.31996e-51
4.50133e-52
1.68137e-50
-4.37836e-53
2.04242e-49
-1.30471e-51
2.40981e-48
-1.63208e-50
2.76147e-47
-1.9766e-49
3.06452e-46
-2.32484e-48
3.29416e-45
-2.65502e-47
3.41478e-44
-2.93423e-46
3.41849e-43
-3.13743e-45
3.281e-42
-3.22354e-44
3.03144e-41
-3.17012e-43
2.66148e-40
-2.91092e-42
2.24252e-39
-2.38933e-41
1.76663e-38
-1.43702e-40
1.33072e-37
8.82056e-41
9.00463e-37
2.37042e-38
5.75732e-36
5.19261e-37
2.87403e-35
7.91147e-36
1.30159e-34
9.21507e-35
8.20319e-34
-7.98457e-36
-6.06588e-35
-4.54139e-36
-7.19504e-36
-1.10963e-36
-1.81723e-37
-2.82686e-37
7.41547e-38
-5.35445e-38
2.4955e-38
-9.74891e-39
4.41889e-39
-1.5315e-39
6.83518e-40
-2.28168e-40
9.18232e-41
-3.10091e-41
1.16766e-41
-4.00521e-42
1.38276e-42
-4.84309e-43
1.57092e-43
-5.59406e-44
1.68689e-44
-6.14127e-45
1.56698e-45
-6.46903e-46
-3.97871e-46
-6.18379e-47
-5.84052e-46
-2.68774e-48
-3.10506e-46
7.85844e-48
-4.29513e-46
7.16141e-48
-1.02038e-47
-1.47805e-48
3.78414e-46
-3.50182e-48
1.30981e-46
-1.23231e-48
3.90606e-47
-3.54543e-49
8.31253e-48
-7.56333e-50
1.58695e-48
-1.43257e-50
2.5959e-49
-2.26654e-51
3.9094e-50
6.90686e-52
5.3287e-51
1.29869e-50
4.03135e-52
1.58499e-49
-3.53397e-51
1.87267e-48
-4.50508e-50
2.14912e-47
-5.46609e-49
2.38878e-46
-6.44094e-48
2.5724e-45
-7.37106e-47
2.67181e-44
-8.16588e-46
2.68075e-43
-8.75874e-45
2.57926e-42
-9.04117e-44
2.39008e-41
-8.97102e-43
2.1051e-40
-8.40862e-42
1.7809e-39
-7.3004e-41
1.40907e-38
-5.35158e-40
1.06785e-37
-2.41509e-39
7.27183e-37
1.8528e-38
4.69933e-36
7.00207e-37
2.37055e-35
1.20844e-35
1.10133e-34
1.48175e-34
1.37693e-33
-1.23596e-34
-6.35128e-35
-8.95761e-36
-8.4387e-36
-7.11271e-36
-1.57685e-36
-1.64258e-36
-2.24355e-37
-2.75265e-37
-3.44021e-38
-4.70647e-38
-4.7844e-39
-6.96382e-39
-6.71628e-40
-9.98016e-40
-8.73419e-41
-1.31003e-40
-1.10008e-41
-1.64932e-41
-1.29568e-42
-1.94969e-42
-1.46246e-43
-2.21223e-43
-1.66703e-44
-2.39538e-44
-3.87531e-45
-2.49308e-45
-6.84501e-45
-2.06018e-46
-7.01785e-45
2.13999e-47
-3.61676e-45
1.03123e-46
-5.01907e-45
8.97976e-47
-1.16598e-46
-1.85948e-47
4.43041e-45
-4.37412e-47
1.51985e-45
-1.52819e-47
4.49669e-46
-4.37185e-48
9.49935e-47
-9.27528e-49
1.80235e-47
-1.74974e-49
2.93168e-48
-2.8626e-50
4.39446e-49
-5.32042e-51
5.9876e-50
-1.362e-50
7.54519e-51
-1.58587e-49
-4.0126e-52
-1.87276e-48
-1.6238e-50
-2.14921e-47
-1.97877e-49
-2.38888e-46
-2.32741e-48
-2.5725e-45
-2.65783e-47
-2.6719e-44
-2.93719e-46
-2.68084e-43
-3.14042e-45
-2.57933e-42
-3.22646e-44
-2.39014e-41
-3.17282e-43
-2.10515e-40
-2.91333e-42
-1.78094e-39
-2.39135e-41
-1.40909e-38
-1.43862e-40
-1.06786e-37
8.70261e-41
-7.2719e-37
2.36961e-38
-4.69936e-36
5.19211e-37
-2.37056e-35
7.9112e-36
-1.10133e-34
9.21496e-35
8.20315e-34
-6.88624e-36
-6.17123e-36
-6.00463e-36
-4.15009e-36
-1.42589e-36
-1.23489e-36
-3.50814e-37
-2.18453e-37
-6.41698e-38
-3.91005e-38
-1.1351e-38
-5.86132e-39
-1.74439e-39
-8.52021e-40
-2.55444e-40
-1.1251e-40
-3.42548e-41
-1.41571e-41
-4.37868e-42
-1.60719e-42
-5.25925e-43
-1.6909e-43
-6.11841e-44
-2.75583e-44
-7.62306e-45
-2.67319e-44
-8.57521e-46
-7.55519e-44
4.2714e-46
-7.89836e-44
5.35969e-46
-4.04902e-44
1.27282e-45
-5.67709e-44
1.08907e-45
-1.28245e-45
-2.27745e-46
5.02473e-44
-5.30372e-46
1.70539e-44
-1.83728e-46
4.99799e-45
-5.22085e-47
1.04661e-45
-1.10052e-47
1.97122e-46
-2.065e-48
3.18499e-47
-3.3534e-49
4.74752e-48
-5.13688e-50
6.4372e-49
-2.36277e-50
8.19757e-50
-2.05156e-49
1.11585e-50
-2.41044e-48
1.89634e-50
-2.76205e-47
2.17256e-49
-3.06512e-46
2.56381e-48
-3.29476e-45
2.94082e-47
-3.41536e-44
3.26687e-46
-3.41904e-43
3.51744e-45
-3.28148e-42
3.65395e-44
-3.03184e-41
3.67466e-43
-2.6618e-40
3.55821e-42
-2.24275e-39
3.36021e-41
-1.76678e-38
3.09531e-40
-1.33081e-37
2.89153e-39
-9.00514e-37
2.74999e-38
-5.75755e-36
2.74781e-37
-2.87411e-35
2.66133e-36
-1.3016e-34
2.37511e-35
1.63226e-34
-2.58422e-37
-1.78958e-36
-9.90171e-37
-5.2377e-37
-2.68065e-37
-2.0259e-37
-7.52305e-38
-4.28827e-38
-1.47102e-38
-8.43732e-39
-2.73947e-39
-1.35674e-39
-4.35386e-40
-2.07509e-40
-6.53634e-41
-2.83157e-41
-8.93241e-42
-2.44829e-42
-1.17638e-42
4.98845e-43
-1.5484e-43
2.07156e-43
-2.81134e-44
-7.51065e-44
-1.41849e-44
-2.62341e-43
-2.15395e-45
-8.12664e-43
5.76245e-45
-8.51347e-43
6.26652e-45
-4.33253e-43
1.48065e-44
-6.14032e-43
1.26755e-44
-1.34383e-44
-2.69121e-45
5.45072e-43
-6.19039e-45
1.82896e-43
-2.12455e-45
5.29982e-44
-5.9899e-46
1.09877e-44
-1.25345e-46
2.0517e-45
-2.3375e-47
3.28976e-46
-3.77364e-48
4.87209e-47
-5.60804e-49
6.56842e-48
-8.07693e-50
8.31409e-49
-6.80578e-50
9.95465e-50
-6.86491e-49
2.58448e-50
-7.80362e-48
1.80659e-49
-8.59906e-47
2.11453e-48
-9.16936e-46
2.41916e-47
-9.4207e-45
2.67954e-46
-9.33307e-44
2.87501e-45
-8.85392e-43
2.97346e-44
-8.06595e-42
2.97118e-43
-6.97035e-41
2.84592e-42
-5.756e-40
2.63044e-41
-4.43313e-39
2.31694e-40
-3.23685e-38
1.97984e-39
-2.11609e-37
1.60594e-38
-1.28015e-36
1.28251e-37
-6.02655e-36
9.46079e-37
-2.37438e-35
6.67801e-36
3.61958e-35
1.36082e-37
4.95563e-36
-2.81421e-37
1.15666e-36
-7.8535e-38
1.45443e-37
-2.0799e-38
1.13838e-38
-3.91865e-39
1.94037e-40
-6.99482e-40
-1.10071e-40
-1.0775e-40
-4.81115e-41
-1.53672e-41
-7.03358e-42
-2.09536e-42
1.19119e-41
-4.75102e-43
9.73187e-42
-1.93432e-43
2.66339e-42
-1.36152e-43
-6.90401e-43
-1.39662e-43
-2.68694e-42
-2.15715e-44
-8.46996e-42
6.53497e-44
-8.86899e-42
6.99568e-44
-4.47081e-42
1.6645e-43
-6.42226e-42
1.42616e-43
-1.35168e-43
-3.09639e-44
5.72113e-42
-7.00308e-44
1.8924e-42
-2.37638e-44
5.40857e-43
-6.63673e-45
1.10767e-43
-1.3767e-45
2.04687e-44
-2.54854e-46
3.25188e-45
-4.08704e-47
4.77891e-46
-6.03585e-48
6.399e-47
-8.15091e-49
8.05236e-48
-1.19063e-49
9.48151e-49
-2.01005e-49
1.08846e-49
-2.13603e-48
4.59109e-50
-2.33363e-47
4.11266e-49
-2.46553e-46
4.71267e-48
-2.5072e-45
5.23366e-47
-2.45377e-44
5.63033e-46
-2.29598e-43
5.82322e-45
-2.05671e-42
5.81984e-44
-1.74333e-41
5.54959e-43
-1.40479e-40
5.10657e-42
-1.05155e-39
4.43428e-41
-7.40011e-39
3.72737e-40
-4.63751e-38
2.90721e-39
-2.66002e-37
2.22153e-38
-1.1843e-36
1.50592e-37
-4.38367e-36
9.98654e-37
4.81856e-36
7.12137e-37
8.18432e-36
-9.56837e-37
6.92132e-36
-2.11192e-37
7.94625e-37
-4.6231e-38
6.884e-38
-7.34578e-39
4.73215e-39
-1.13354e-39
2.66393e-40
-1.50391e-40
-1.93842e-40
-1.51961e-41
-2.46186e-41
-2.14724e-42
1.24595e-40
-2.45778e-42
9.68417e-41
-1.71853e-42
2.60809e-41
-1.38632e-42
-6.6303e-42
-1.46909e-42
-2.61028e-41
-2.11205e-43
-8.34982e-41
7.08632e-43
-8.73632e-41
7.42852e-43
-4.3593e-41
1.77728e-42
-6.35281e-41
1.52281e-42
-1.27844e-42
-3.43384e-43
5.68132e-41
-7.57386e-43
1.85104e-41
-2.53763e-43
5.20214e-42
-7.00715e-44
1.05038e-42
-1.43901e-44
1.91703e-43
-2.64108e-45
3.01324e-44
-4.20335e-46
4.38845e-45
-6.16762e-47
5.83053e-46
-8.26884e-48
7.2889e-47
-1.04841e-48
8.53168e-48
-2.1754e-49
9.49358e-49
-1.07102e-48
9.92319e-50
-1.13844e-47
-4.23794e-52
-1.18227e-46
-8.83142e-50
-1.18312e-45
-6.91794e-49
-1.13616e-44
-3.9254e-48
-1.0457e-43
-1.46106e-47
-9.16683e-43
1.7774e-46
-7.64683e-42
3.1199e-45
-6.00642e-41
5.36968e-44
-4.44335e-40
4.49995e-43
-3.03383e-39
5.61887e-42
-1.91788e-38
3.08416e-41
-1.07174e-37
4.31066e-40
-5.35974e-37
1.64443e-39
-2.095e-36
3.63493e-38
1.06487e-37
6.06085e-37
1.40058e-34
-8.03994e-37
1.17313e-35
-1.70936e-37
1.29642e-36
-3.66092e-38
1.08842e-37
-5.74155e-39
9.78162e-39
-9.29479e-40
1.11513e-39
-9.1799e-41
-1.83246e-39
3.44517e-41
-2.17816e-40
1.3986e-42
1.19961e-39
-2.19001e-41
9.23847e-40
-1.63132e-41
2.45492e-40
-1.31967e-41
-5.92359e-41
-1.43247e-41
-2.4342e-40
-1.59568e-42
-7.95364e-40
7.52171e-42
-8.31448e-40
7.54454e-42
-4.09187e-40
1.807e-41
-6.07994e-40
1.54455e-41
-1.1551e-41
-3.78017e-42
5.46352e-40
-7.94562e-42
1.74418e-40
-2.61759e-42
4.80066e-41
-7.12594e-43
9.52056e-42
-1.4453e-43
1.71125e-42
-2.62504e-44
2.65464e-43
-4.13948e-45
3.82425e-44
-6.02709e-46
5.03326e-45
-8.02511e-47
6.24283e-46
-1.00579e-47
7.25739e-47
-1.41037e-48
8.03129e-48
-2.73472e-48
8.60649e-49
-2.80863e-47
2.71201e-49
-2.92006e-46
2.08018e-48
-2.93292e-45
2.23439e-47
-2.82642e-44
2.32435e-46
-2.62116e-43
2.33401e-45
-2.3135e-42
2.24838e-44
-1.95884e-41
2.08287e-43
-1.55814e-40
1.83566e-42
-1.18791e-39
1.54938e-41
-8.30599e-39
1.22586e-40
-5.61474e-38
9.23729e-40
-3.29625e-37
6.29643e-39
-1.96381e-36
4.02715e-38
-8.59706e-36
2.05804e-37
9.39037e-37
-6.04802e-37
8.25692e-36
8.01751e-37
6.93942e-36
1.70859e-37
7.87948e-37
3.70633e-38
7.01898e-38
5.17701e-39
3.3694e-38
1.62716e-40
8.26738e-39
3.29697e-40
-1.63017e-38
4.92875e-40
-1.90346e-39
4.47906e-41
1.06954e-38
-1.8545e-40
8.16891e-39
-1.26599e-40
2.1311e-39
-9.64094e-41
-5.17742e-40
-1.12068e-40
-2.1094e-39
1.08361e-42
-7.02637e-39
7.7646e-41
-7.33565e-39
7.03562e-41
-3.55804e-39
1.6521e-40
-5.39528e-39
1.39645e-40
-9.58703e-41
-4.14729e-41
4.87391e-39
-7.90588e-41
1.52365e-39
-2.55026e-41
4.08523e-40
-6.81772e-42
7.93168e-41
-1.36253e-42
1.39923e-41
-2.44383e-43
2.13722e-42
-3.81267e-44
3.03926e-43
-5.5014e-45
3.95681e-44
-7.26826e-46
4.86335e-45
-9.03207e-47
5.61017e-46
-1.05896e-47
6.16724e-47
-1.87624e-48
6.4676e-48
-7.71937e-48
8.55886e-49
-7.83672e-47
2.3802e-48
-7.79415e-46
2.49257e-47
-7.43113e-45
2.5837e-46
-6.80423e-44
2.58662e-45
-5.92125e-43
2.4828e-44
-4.92542e-42
2.29357e-43
-3.84173e-41
2.01355e-42
-2.85138e-40
1.69569e-41
-1.93685e-39
1.33554e-40
-1.25027e-38
1.00488e-39
-7.01272e-38
6.79837e-39
-3.78677e-37
4.33848e-38
-1.53914e-36
2.16859e-37
9.79072e-37
-7.06084e-37
5.49302e-36
9.39531e-37
1.27188e-36
2.10686e-37
6.86817e-38
4.96546e-38
1.78083e-38
2.87698e-39
2.53719e-37
-4.8009e-39
6.90782e-38
2.19698e-39
-1.42823e-37
4.44504e-39
-1.6375e-38
7.2715e-40
9.26769e-38
-1.07236e-39
6.99998e-38
-3.92103e-40
1.78559e-38
-1.12145e-40
-4.05928e-39
-3.59263e-40
-1.7489e-38
4.18764e-40
-6.01571e-38
8.27597e-40
-6.27131e-38
5.88395e-40
-2.97498e-38
1.26692e-39
-4.65191e-38
1.02577e-39
-7.55503e-40
-4.89934e-40
4.23081e-38
-7.71046e-40
1.28113e-38
-2.40622e-40
3.32485e-39
-6.27596e-41
6.27914e-40
-1.2302e-41
1.08243e-40
-2.17211e-42
1.62162e-41
-3.34395e-43
2.27018e-42
-4.77246e-44
2.91664e-43
-6.24593e-45
3.54612e-44
-7.7001e-46
4.05273e-45
-8.914e-47
4.42046e-46
-1.00031e-47
4.59219e-47
-2.99956e-48
4.63857e-48
-2.02705e-47
1.07955e-48
-1.98732e-46
6.87641e-48
-1.87319e-45
7.02597e-47
-1.69156e-44
6.96233e-46
-1.44698e-43
6.60699e-45
-1.17814e-42
6.02039e-44
-8.93833e-42
5.20409e-43
-6.40114e-41
4.2979e-42
-4.13786e-40
3.3109e-41
-2.49865e-39
2.41716e-40
-1.26376e-38
1.58067e-39
-5.9304e-38
9.55854e-39
-1.85299e-37
4.50522e-38
1.77403e-37
-1.40246e-37
1.04198e-36
1.43748e-37
-2.59094e-38
6.1583e-38
-9.4997e-37
3.29738e-38
-3.605e-38
-2.69747e-38
1.93526e-36
-3.56628e-38
5.22698e-37
1.70432e-38
-1.10886e-36
3.53761e-38
-1.25477e-37
1.35174e-38
7.11628e-37
6.05506e-39
5.31253e-37
1.43118e-38
1.31286e-37
1.67914e-38
-3.20586e-38
1.26931e-38
-1.29224e-37
1.26944e-38
-4.56402e-37
9.15767e-39
-4.74783e-37
3.54757e-39
-2.20199e-37
4.3034e-39
-3.5517e-37
2.18734e-39
-5.19578e-39
-6.23237e-39
3.2534e-37
-7.10509e-39
9.54682e-38
-2.11186e-39
2.37608e-38
-5.31716e-40
4.34219e-39
-1.01701e-40
7.27146e-40
-1.76044e-41
1.06442e-40
-2.66739e-42
1.4621e-41
-3.75739e-43
1.84967e-42
-4.86404e-44
2.22062e-43
-5.94215e-45
2.51131e-44
-6.82467e-46
2.71532e-45
-7.47249e-47
2.79972e-46
-8.1399e-48
2.77694e-47
-4.39704e-48
2.80322e-48
-3.54238e-47
1.92975e-48
-3.29874e-46
1.72207e-47
-2.94295e-45
1.68874e-46
-2.48166e-44
1.58484e-45
-1.98479e-43
1.42482e-44
-1.47329e-42
1.21144e-43
-1.02507e-41
9.80305e-43
-6.38213e-41
7.3605e-42
-3.65191e-40
5.20652e-41
-1.70616e-39
3.27079e-40
-7.06987e-39
1.88838e-39
-1.71649e-38
8.39659e-39
3.13585e-38
-2.29248e-37
-2.29352e-37
-2.48294e-37
-2.06493e-36
-2.22224e-37
-7.56699e-36
-2.01386e-37
-4.46891e-37
-9.91503e-38
1.45957e-35
-1.39177e-38
3.85037e-36
1.19627e-37
-8.478e-36
2.32323e-37
-9.19078e-37
2.47174e-37
5.347e-36
3.36198e-37
3.915e-36
4.45447e-37
9.26471e-37
4.66085e-37
-2.10266e-37
3.97629e-37
-9.01849e-37
2.72179e-37
-3.36715e-36
1.11393e-37
-3.4941e-36
2.1642e-39
-1.55289e-36
-8.87718e-38
-2.65287e-36
-1.06958e-37
-3.34794e-38
-8.67145e-38
2.4532e-36
-6.61444e-38
6.78432e-37
-1.81559e-38
1.60757e-37
-4.34661e-39
2.81543e-38
-8.03592e-40
4.55899e-39
-1.3562e-40
6.48909e-40
-2.01383e-41
8.72068e-41
-2.79183e-42
1.08328e-41
-3.56619e-43
1.28169e-42
-4.30928e-44
1.43161e-43
-4.90323e-45
1.53217e-44
-5.32442e-46
1.56589e-45
-5.51699e-47
1.54083e-46
-6.08223e-48
1.46116e-47
-6.37662e-48
1.63773e-48
-5.41946e-47
3.19237e-48
-4.78022e-46
2.99437e-47
-3.97999e-45
2.78213e-46
-3.13381e-44
2.47233e-45
-2.28117e-43
2.07375e-44
-1.54822e-42
1.65029e-43
-9.32284e-42
1.21498e-42
-5.09914e-41
8.38592e-42
-2.21546e-40
5.12364e-41
-8.18633e-40
2.86333e-40
-1.37139e-39
1.24189e-39
4.63008e-39
-1.76843e-36
-1.93179e-36
-3.63936e-36
-1.14014e-35
-8.22569e-36
-4.33989e-35
-8.30974e-36
-3.15652e-36
1.81146e-36
8.35156e-35
4.88738e-36
2.15641e-35
3.27675e-37
-4.91007e-35
4.71322e-37
-5.14975e-36
4.01909e-36
3.04917e-35
7.17431e-36
2.1906e-35
8.56618e-36
4.86313e-36
8.7281e-36
-1.52437e-36
7.71359e-36
-4.8812e-36
4.69141e-36
-1.88858e-35
1.34166e-36
-1.95287e-35
-4.12979e-37
-8.33069e-36
-2.73785e-36
-1.50294e-35
-2.87808e-36
-1.60858e-37
-1.1557e-36
1.40268e-35
-5.70038e-37
3.6726e-36
-1.40035e-37
8.16623e-37
-3.11263e-38
1.36279e-37
-5.5007e-39
2.1157e-38
-8.97548e-40
2.914e-39
-1.29986e-40
3.81326e-40
-1.76687e-41
4.638e-41
-2.2217e-42
5.39498e-42
-2.6505e-43
5.94338e-43
-2.98403e-44
6.2892e-44
-3.21194e-45
6.36733e-45
-3.30002e-46
6.21625e-46
-3.26847e-47
5.84486e-47
-3.90503e-48
5.36782e-48
-7.67285e-48
9.83837e-49
-6.42721e-47
5.05673e-48
-5.24581e-46
4.66164e-47
-4.02419e-45
4.14661e-46
-2.82373e-44
3.49204e-45
-1.81499e-43
2.80259e-44
-9.96134e-43
2.10124e-43
-4.57598e-42
1.49955e-42
-1.15271e-41
9.8269e-42
2.84464e-41
6.23936e-41
7.78735e-40
3.63124e-40
2.25355e-39
-1.50141e-35
-8.98444e-36
-4.2989e-35
-5.50645e-35
-1.36298e-34
-2.45059e-34
-1.42515e-34
-2.68062e-35
4.54885e-35
4.73103e-34
9.61647e-35
1.15615e-34
-6.30018e-36
-2.84548e-34
-1.27339e-35
-2.56288e-35
5.4626e-35
1.70714e-34
1.06506e-34
1.17341e-34
1.22606e-34
2.31733e-35
1.23731e-34
-7.38944e-36
1.11077e-34
-2.31883e-35
6.46075e-35
-1.02309e-34
1.50607e-35
-1.05307e-34
-7.53183e-36
-3.98729e-35
-4.43763e-35
-8.38456e-35
-4.54287e-35
-6.84655e-37
-1.3703e-35
7.9351e-35
-4.89675e-36
1.77257e-35
-1.0513e-36
-2.14377e-37
-3.57881e-38
-5.61473e-39
-7.8908e-40
-1.04873e-40
-1.29466e-41
-1.52213e-42
-1.69258e-43
-1.80332e-44
-1.83639e-45
-1.80068e-46
-1.70504e-47
-1.96461e-48
-2.17369e-48
2.20722e-48
2.33833e-46
4.1507e-45
5.41515e-44
6.1007e-43
6.15244e-42
5.70254e-41
4.88525e-40
3.87971e-39
-9.70269e-35
-3.8161e-34
-1.61397e-33
-1.75339e-33
6.59318e-34
1.25257e-33
-1.71817e-34
-2.80324e-34
5.83701e-34
1.18768e-33
1.32807e-33
1.33464e-33
1.21823e-33
6.84705e-34
1.29756e-34
-8.33187e-35
-5.21613e-34
-5.27537e-34
-1.2233e-34
)
;

boundaryField
{
    leftWall
    {
        type            calculated;
        value           uniform 0;
    }
    rightWall
    {
        type            calculated;
        value           nonuniform 0();
    }
    lowerWall
    {
        type            calculated;
        value           uniform 0;
    }
    atmosphere
    {
        type            calculated;
        value           nonuniform 0();
    }
    defaultFaces
    {
        type            empty;
        value           nonuniform 0();
    }
    procBoundary0to1
    {
        type            processor;
        value           nonuniform List<scalar> 
44
(
-3.37209e-43
-2.96171e-42
-2.01078e-41
-1.30211e-40
-8.0584e-40
-4.70274e-39
-2.59639e-38
-1.30341e-37
-6.0706e-37
-2.25518e-36
-1.34527e-35
6.34098e-36
3.40843e-35
2.89175e-36
-1.46921e-35
3.17765e-36
3.33462e-35
5.45611e-35
1.62704e-36
-5.43429e-35
-5.30731e-34
3.54157e-35
6.25464e-36
1.05762e-36
1.40786e-37
2.4474e-38
5.81302e-38
4.30144e-37
3.23328e-36
1.84292e-35
1.04117e-34
8.85416e-35
-8.85417e-35
-1.04119e-34
-1.84692e-35
-3.81931e-36
-6.87493e-36
-1.25578e-35
-6.45149e-36
-5.86768e-37
-3.99e-38
-8.8788e-40
6.45696e-39
2.87749e-38
)
;
    }
    procBoundary0to2
    {
        type            processor;
        value           nonuniform List<scalar> 
46
(
3.7073e-36
5.8358e-37
8.74795e-38
1.16692e-38
1.49264e-39
1.77882e-40
2.03662e-41
2.21215e-42
2.31388e-43
2.31844e-44
2.24354e-45
2.09263e-46
1.89133e-47
1.73244e-48
9.23264e-49
7.49114e-48
6.91095e-47
6.14017e-46
5.29974e-45
4.40909e-44
3.60934e-43
2.87064e-42
2.29179e-41
1.7897e-40
1.41643e-39
-7.3462e-36
-4.54945e-35
-2.08342e-34
-2.40568e-35
4.02474e-34
9.74401e-35
-2.42945e-34
-2.12911e-35
1.44877e-34
9.80948e-35
1.18062e-35
-1.19393e-35
-2.64104e-35
-8.71746e-35
-8.8918e-35
-3.29052e-35
-7.11557e-35
-5.52737e-37
6.74899e-35
-3.19745e-35
1.46475e-35
)
;
    }
}


// ************************************************************************* //
