/*--------------------------------*- C++ -*----------------------------------*\
| =========                 |                                                 |
| \\      /  F ield         | OpenFOAM: The Open Source CFD Toolbox           |
|  \\    /   O peration     | Version:  2.4.0                                 |
|   \\  /    A nd           | Web:      www.OpenFOAM.org                      |
|    \\/     M anipulation  |                                                 |
\*---------------------------------------------------------------------------*/
FoamFile
{
    version     2.0;
    format      ascii;
    class       volVectorField;
    location    "1";
    object      U;
}
// * * * * * * * * * * * * * * * * * * * * * * * * * * * * * * * * * * * * * //

dimensions      [0 1 -1 0 0 0 0];

internalField   nonuniform List<vector> 
1935
(
(1.80965e-35 6.07943e-36 0)
(1.33333e-34 3.55179e-35 0)
(6.06411e-34 1.94078e-34 0)
(4.75168e-33 1.34004e-34 0)
(4.26268e-33 -3.71373e-34 0)
(-4.25862e-33 -3.70383e-34 0)
(-4.72896e-33 1.4181e-34 0)
(-4.52784e-34 2.3655e-34 0)
(6.10067e-34 2.66274e-34 0)
(5.36169e-33 3.42821e-34 0)
(9.16746e-33 -1.93059e-34 0)
(7.62796e-34 -5.05374e-34 0)
(-3.49902e-33 1.34001e-34 0)
(4.41897e-33 3.2805e-34 0)
(4.7747e-33 -1.41956e-34 0)
(6.10067e-34 -1.9524e-34 0)
(1.34199e-34 -3.56851e-35 0)
(1.95222e-35 -6.82131e-36 0)
(3.14196e-36 -1.0093e-36 0)
(4.30119e-37 -1.46604e-37 0)
(5.88437e-38 -1.90774e-38 0)
(7.36002e-39 -2.40036e-39 0)
(8.96774e-40 -2.81634e-40 0)
(1.139e-40 -2.84554e-41 0)
(1.1486e-40 2.88072e-41 0)
(9.06876e-40 2.84706e-40 0)
(7.4509e-39 2.42878e-39 0)
(5.96344e-38 1.93268e-38 0)
(4.36561e-37 1.48715e-37 0)
(3.19324e-36 1.02591e-36 0)
(1.98916e-35 6.94827e-36 0)
(1.36896e-34 3.6543e-35 0)
(6.26329e-34 2.01014e-34 0)
(4.88852e-33 1.70525e-34 0)
(4.88852e-33 -1.70525e-34 0)
(6.26329e-34 -2.01014e-34 0)
(1.36896e-34 -3.6543e-35 0)
(1.98916e-35 -6.94827e-36 0)
(3.19323e-36 -1.02592e-36 0)
(4.36519e-37 -1.48788e-37 0)
(5.94107e-38 -1.97762e-38 0)
(6.37991e-39 -4.82519e-39 0)
(-2.76198e-39 -1.18581e-38 0)
(-1.06062e-38 -4.0299e-38 0)
(8.80681e-36 -2.73836e-36 0)
(5.7169e-35 -1.92821e-35 0)
(2.42645e-34 -1.04999e-34 0)
(1.16583e-33 -7.20335e-35 0)
(9.72453e-34 2.00304e-34 0)
(-9.70251e-34 1.99826e-34 0)
(-1.15428e-33 -7.5996e-35 0)
(-1.75183e-34 -1.27869e-34 0)
(2.44621e-34 -1.44197e-34 0)
(1.41041e-33 -1.84536e-34 0)
(2.20544e-33 1.04511e-34 0)
(3.1157e-34 2.72337e-34 0)
(-6.60391e-34 -7.20321e-35 0)
(1.04132e-33 -1.77022e-34 0)
(1.17755e-33 7.60616e-35 0)
(2.44621e-34 1.05557e-34 0)
(5.76795e-35 1.93946e-35 0)
(9.84197e-36 3.48659e-36 0)
(1.6753e-36 4.86388e-37 0)
(2.46658e-37 6.57394e-38 0)
(3.50792e-38 8.01435e-39 0)
(4.57e-39 9.48149e-40 0)
(5.72083e-40 1.05398e-40 0)
(7.47151e-41 1.01983e-41 0)
(7.5366e-41 -1.03141e-41 0)
(5.78811e-40 -1.06452e-40 0)
(4.62934e-39 -9.58335e-40 0)
(3.55818e-38 -8.10825e-39 0)
(2.50642e-37 -6.65797e-38 0)
(1.70568e-36 -4.93432e-37 0)
(1.00524e-35 -3.54411e-36 0)
(5.9099e-35 -1.98133e-35 0)
(2.52717e-34 -1.08541e-34 0)
(1.22489e-33 -9.18375e-35 0)
(1.22489e-33 9.18375e-35 0)
(2.52717e-34 1.08541e-34 0)
(5.9099e-35 1.98133e-35 0)
(1.00524e-35 3.5441e-36 0)
(1.70562e-36 4.93364e-37 0)
(2.50293e-37 6.6119e-38 0)
(3.3711e-38 5.19162e-39 0)
(-4.40675e-39 -1.49745e-38 0)
(-3.06663e-38 -7.86062e-38 0)
(-9.22575e-38 -2.82203e-37 0)
(2.99296e-36 -1.4581e-36 0)
(1.64539e-35 -9.39654e-36 0)
(5.60216e-35 -3.95583e-35 0)
(2.09163e-34 -2.37079e-35 0)
(1.67046e-34 7.48216e-35 0)
(-1.66233e-34 7.45378e-35 0)
(-2.05308e-34 -2.58612e-35 0)
(-3.61862e-35 -5.0879e-35 0)
(5.6742e-35 -5.87141e-35 0)
(2.65889e-34 -6.73224e-35 0)
(3.95921e-34 3.92657e-35 0)
(7.63728e-35 9.85283e-35 0)
(-9.04815e-35 -2.37065e-35 0)
(1.87377e-34 -6.32561e-35 0)
(2.13082e-34 2.59026e-35 0)
(5.67419e-35 3.98908e-35 0)
(1.66209e-35 9.45937e-36 0)
(3.23422e-36 1.87142e-36 0)
(6.07367e-37 2.89416e-37 0)
(9.58466e-38 4.16483e-38 0)
(1.43642e-38 5.40584e-39 0)
(1.94813e-39 6.69925e-40 0)
(2.51731e-40 7.78289e-41 0)
(3.37985e-41 7.77424e-42 0)
(3.41027e-41 -7.86844e-42 0)
(2.54825e-40 -7.86605e-41 0)
(1.97484e-39 -6.77689e-40 0)
(1.45845e-38 -5.47486e-39 0)
(9.75363e-38 -4.22384e-38 0)
(6.19722e-37 -2.94134e-37 0)
(3.31519e-36 -1.90751e-36 0)
(1.71285e-35 -9.70579e-36 0)
(5.93399e-35 -4.14619e-35 0)
(2.26275e-34 -3.34069e-35 0)
(2.26275e-34 3.34069e-35 0)
(5.93399e-35 4.14619e-35 0)
(1.71285e-35 9.70578e-36 0)
(3.31514e-36 1.90746e-36 0)
(6.19372e-37 2.93741e-37 0)
(9.53268e-38 3.95247e-38 0)
(2.58899e-39 -1.19216e-38 0)
(-5.67628e-38 -9.57463e-38 0)
(-2.0609e-37 -4.84332e-37 0)
(-6.19421e-37 -1.77087e-36 0)
(7.28513e-37 -5.75183e-37 0)
(3.46358e-36 -3.32248e-36 0)
(9.43606e-36 -1.27569e-35 0)
(2.90619e-35 -7.23141e-36 0)
(2.24903e-35 2.41124e-35 0)
(-2.22753e-35 2.39983e-35 0)
(-2.81283e-35 -8.05406e-36 0)
(-5.16793e-36 -1.6791e-35 0)
(9.62267e-36 -1.95149e-35 0)
(3.86788e-35 -2.15262e-35 0)
(5.57821e-35 1.26287e-35 0)
(1.38317e-35 3.13411e-35 0)
(-8.60548e-36 -7.22794e-36 0)
(2.68824e-35 -1.99714e-35 0)
(3.00103e-35 8.07174e-36 0)
(9.62266e-36 1.28829e-35 0)
(3.50057e-36 3.33651e-36 0)
(7.70775e-37 7.1167e-37 0)
(1.57697e-37 1.17187e-37 0)
(2.64514e-38 1.77877e-38 0)
(4.14134e-39 2.41362e-39 0)
(5.81263e-40 3.10319e-40 0)
(7.711e-41 3.71681e-41 0)
(1.05985e-41 3.79835e-42 0)
(1.06965e-41 -3.84633e-42 0)
(7.80933e-41 -3.75834e-41 0)
(5.89602e-40 -3.14112e-40 0)
(4.2086e-39 -2.44648e-39 0)
(2.69534e-38 -1.80599e-38 0)
(1.61238e-37 -1.19281e-37 0)
(7.9293e-37 -7.26969e-37 0)
(3.63064e-36 -3.43529e-36 0)
(1.02274e-35 -1.34725e-35 0)
(3.26868e-35 -1.06608e-35 0)
(3.26868e-35 1.06608e-35 0)
(1.02274e-35 1.34725e-35 0)
(3.6306e-36 3.43525e-36 0)
(7.92629e-37 7.26688e-37 0)
(1.5917e-37 1.17139e-37 0)
(1.37517e-38 3.08985e-39 0)
(-6.84724e-38 -9.4945e-38 0)
(-3.6118e-37 -5.49021e-37 0)
(-1.29569e-36 -2.81701e-36 0)
(-3.96135e-36 -1.05481e-35 0)
(1.14062e-37 -3.2085e-37 0)
(6.5806e-37 -9.3609e-37 0)
(1.29751e-36 -3.08124e-36 0)
(3.03324e-36 -1.64239e-36 0)
(2.25972e-36 5.69899e-36 0)
(-2.20749e-36 5.67038e-36 0)
(-2.8276e-36 -1.84727e-36 0)
(-4.77275e-37 -4.05407e-36 0)
(1.33013e-36 -4.73977e-36 0)
(4.35436e-36 -5.05697e-36 0)
(6.0841e-36 2.98093e-36 0)
(2.12611e-36 7.327e-36 0)
(-1.18718e-37 -1.6233e-36 0)
(3.09529e-36 -4.63664e-36 0)
(3.22703e-36 1.85232e-36 0)
(1.33012e-36 3.05307e-36 0)
(6.50017e-37 8.49412e-37 0)
(1.60953e-37 1.91508e-37 0)
(3.57361e-38 3.31469e-38 0)
(6.31968e-39 5.23634e-39 0)
(1.02881e-39 7.35158e-40 0)
(1.48728e-40 9.71229e-41 0)
(2.01924e-41 1.19022e-41 0)
(2.83222e-42 1.23682e-42 0)
(2.85904e-42 -1.25294e-42 0)
(2.04583e-41 -1.20396e-41 0)
(1.50948e-40 -9.83579e-41 0)
(1.04638e-39 -7.45652e-40 0)
(6.44764e-39 -5.32123e-39 0)
(3.66111e-38 -3.37821e-38 0)
(1.66203e-37 -1.95986e-37 0)
(6.79134e-37 -8.77128e-37 0)
(1.45327e-36 -3.20996e-36 0)
(3.70337e-36 -2.4997e-36 0)
(3.70336e-36 2.49969e-36 0)
(1.45324e-36 3.20994e-36 0)
(6.78918e-37 8.76957e-37 0)
(1.64558e-37 1.94593e-37 0)
(2.51578e-38 2.30247e-38 0)
(-6.77175e-38 -7.09431e-38 0)
(-4.14231e-37 -5.04327e-37 0)
(-2.10853e-36 -2.91133e-36 0)
(-7.73398e-36 -1.53169e-35 0)
(-2.4175e-35 -5.9125e-35 0)
(-2.43117e-37 -1.0719e-36 0)
(2.19129e-37 -7.48998e-37 0)
(2.1631e-37 -1.04165e-36 0)
(2.50041e-37 -4.46028e-37 0)
(1.50807e-37 1.19217e-36 0)
(-1.23112e-37 1.2062e-36 0)
(-1.62248e-37 -3.88587e-37 0)
(-9.55484e-39 -8.77967e-37 0)
(1.58371e-37 -1.02968e-36 0)
(3.58625e-37 -1.07691e-36 0)
(4.75366e-37 6.35184e-37 0)
(2.95414e-37 1.55417e-36 0)
(1.61377e-37 -3.34992e-37 0)
(2.82199e-37 -9.78063e-37 0)
(2.38927e-37 3.89028e-37 0)
(1.58352e-37 6.52823e-37 0)
(1.10016e-37 1.89958e-37 0)
(3.02057e-38 4.4861e-38 0)
(7.17443e-39 8.08008e-39 0)
(1.32527e-39 1.32075e-39 0)
(2.22795e-40 1.90747e-40 0)
(3.30176e-41 2.57893e-41 0)
(4.57142e-42 3.22143e-42 0)
(6.52487e-43 3.39513e-43 0)
(6.58795e-43 -3.44054e-43 0)
(4.6333e-42 -3.25967e-42 0)
(3.35274e-41 -2.61283e-41 0)
(2.26761e-40 -1.93581e-40 0)
(1.35358e-39 -1.34323e-39 0)
(7.36304e-39 -8.24427e-39 0)
(3.1299e-38 -4.59845e-38 0)
(1.15799e-37 -1.96666e-37 0)
(1.80935e-37 -6.8922e-37 0)
(3.16067e-37 -5.31469e-37 0)
(3.16054e-37 5.31458e-37 0)
(1.80802e-37 6.89133e-37 0)
(1.14721e-37 1.95903e-37 0)
(2.29956e-38 3.96779e-38 0)
(-5.1266e-38 -4.11911e-38 0)
(-3.84774e-37 -3.55376e-37 0)
(-2.20608e-36 -2.41609e-36 0)
(-1.14727e-35 -1.43252e-35 0)
(-4.33059e-35 -7.79545e-35 0)
(-1.38897e-34 -3.13182e-34 0)
(-1.47058e-36 -5.84379e-36 0)
(8.19688e-37 -3.13217e-36 0)
(4.49582e-37 -2.34042e-36 0)
(2.96128e-37 -6.69708e-37 0)
(7.67353e-38 8.7818e-38 0)
(2.9105e-38 2.04172e-37 0)
(1.5488e-38 -7.73525e-38 0)
(8.28049e-39 -1.70009e-37 0)
(1.73236e-38 -1.99251e-37 0)
(1.22779e-38 -2.04853e-37 0)
(1.11381e-38 1.2082e-37 0)
(3.98652e-38 2.94558e-37 0)
(4.71827e-38 -6.19404e-38 0)
(1.74172e-38 -1.84437e-37 0)
(1.95916e-39 7.31265e-38 0)
(1.72226e-38 1.24583e-37 0)
(1.79181e-38 3.76247e-38 0)
(5.33618e-39 9.2295e-39 0)
(1.33632e-39 1.71856e-39 0)
(2.55443e-40 2.88952e-40 0)
(4.4078e-41 4.27317e-41 0)
(6.66687e-42 5.89026e-42 0)
(9.38353e-43 7.4779e-43 0)
(1.35926e-43 7.97601e-44 0)
(1.37263e-43 -8.08509e-44 0)
(9.51357e-43 -7.56882e-43 0)
(6.77275e-42 -5.9699e-42 0)
(4.48902e-41 -4.33883e-41 0)
(2.61143e-40 -2.94073e-40 0)
(1.37348e-39 -1.75522e-39 0)
(5.54565e-39 -9.47422e-39 0)
(1.89855e-38 -3.90425e-38 0)
(2.1133e-38 -1.32008e-37 0)
(1.40191e-38 -1.00944e-37 0)
(1.39584e-38 1.00904e-37 0)
(2.05371e-38 1.3167e-37 0)
(1.40663e-38 3.60456e-38 0)
(-3.2881e-38 -1.56347e-38 0)
(-2.74476e-37 -1.98464e-37 0)
(-1.85406e-36 -1.47617e-36 0)
(-1.0859e-35 -1.02907e-35 0)
(-5.81524e-35 -6.33193e-35 0)
(-2.2735e-34 -3.60229e-34 0)
(-7.54475e-34 -1.52672e-33 0)
(-6.82394e-36 -3.07564e-35 0)
(6.09844e-36 -1.60648e-35 0)
(2.84292e-36 -1.16902e-35 0)
(1.74089e-36 -3.13699e-36 0)
(4.61093e-37 -6.83982e-37 0)
(1.14465e-37 -8.96248e-38 0)
(2.60835e-38 -3.44701e-38 0)
(5.63295e-39 -3.36617e-38 0)
(2.3212e-39 -3.63785e-38 0)
(-2.68595e-39 -3.6577e-38 0)
(-4.86408e-39 2.15165e-38 0)
(5.40645e-39 5.23569e-38 0)
(9.45233e-39 -1.07955e-38 0)
(-8.04059e-41 -3.26443e-38 0)
(-3.39693e-39 1.29267e-38 0)
(1.80574e-39 2.2257e-38 0)
(2.81836e-39 6.91259e-39 0)
(8.90797e-40 1.7494e-39 0)
(2.32033e-40 3.34636e-40 0)
(4.5559e-41 5.75934e-41 0)
(8.02792e-42 8.68557e-42 0)
(1.23494e-42 1.21681e-42 0)
(1.76234e-43 1.56596e-43 0)
(2.58535e-44 1.68729e-44 0)
(2.61117e-44 -1.71081e-44 0)
(1.78726e-43 -1.58539e-43 0)
(1.25502e-42 -1.23366e-42 0)
(8.18015e-42 -8.82286e-42 0)
(4.66121e-41 -5.86491e-41 0)
(2.38778e-40 -3.42068e-40 0)
(9.27946e-40 -1.798e-39 0)
(3.00205e-39 -7.1873e-39 0)
(2.44537e-39 -2.36555e-38 0)
(-1.59008e-39 -1.79863e-38 0)
(-1.82895e-39 1.78527e-38 0)
(7.54351e-41 2.25162e-38 0)
(-1.68156e-38 -3.06089e-39 0)
(-1.5636e-37 -8.55017e-38 0)
(-1.15069e-36 -7.1117e-37 0)
(-7.9227e-36 -5.39881e-36 0)
(-4.77577e-35 -3.91479e-35 0)
(-2.64687e-34 -2.53791e-34 0)
(-1.07895e-33 -1.5392e-33 0)
(-3.72436e-33 -7.02229e-33 0)
(-2.25834e-35 -1.53489e-34 0)
(4.66469e-35 -7.63242e-35 0)
(1.86478e-35 -5.56332e-35 0)
(9.72989e-36 -1.44938e-35 0)
(2.44508e-36 -3.24807e-36 0)
(5.57288e-37 -5.63303e-37 0)
(1.01285e-37 -9.3916e-38 0)
(1.70015e-38 -1.8263e-38 0)
(2.6243e-39 -7.8307e-39 0)
(-5.05068e-40 -6.31939e-39 0)
(-1.28419e-39 3.56519e-39 0)
(7.54272e-40 8.71741e-39 0)
(1.62204e-39 -1.76716e-39 0)
(-2.56138e-40 -5.41658e-39 0)
(-8.45108e-40 2.14292e-39 0)
(1.93809e-40 3.72332e-39 0)
(4.31674e-40 1.18395e-39 0)
(1.42132e-40 3.07357e-40 0)
(3.811e-41 6.01178e-41 0)
(7.64031e-42 1.05479e-41 0)
(1.36921e-42 1.61698e-42 0)
(2.13585e-43 2.29643e-43 0)
(3.08358e-44 2.98984e-44 0)
(4.57249e-45 3.24953e-45 0)
(4.61873e-45 -3.29559e-45 0)
(3.12789e-44 -3.02759e-44 0)
(2.17125e-43 -2.32888e-43 0)
(1.39575e-42 -1.64317e-42 0)
(7.82134e-42 -1.0747e-41 0)
(3.92489e-41 -6.15e-41 0)
(1.48248e-40 -3.16253e-40 0)
(4.60727e-40 -1.23334e-39 0)
(2.85027e-40 -3.9703e-39 0)
(-6.69459e-40 -3.02904e-39 0)
(-1.49324e-39 2.69321e-39 0)
(-7.98619e-39 1.06887e-39 0)
(-6.97819e-38 -2.52766e-38 0)
(-5.68141e-37 -2.30111e-37 0)
(-4.25427e-36 -1.93214e-36 0)
(-3.01426e-35 -1.52765e-35 0)
(-1.88043e-34 -1.17578e-34 0)
(-1.08807e-33 -8.27778e-34 0)
(-4.66289e-33 -5.51566e-33 0)
(-1.71296e-32 -2.80336e-32 0)
(-6.58789e-36 -6.9638e-34 0)
(3.46262e-34 -3.38984e-34 0)
(1.17723e-34 -2.50036e-34 0)
(5.00887e-35 -6.22442e-35 0)
(1.16609e-35 -1.34354e-35 0)
(2.51512e-36 -2.26791e-36 0)
(4.36881e-37 -3.54889e-37 0)
(7.05457e-38 -5.0247e-38 0)
(1.01506e-38 -7.48308e-39 0)
(1.21309e-39 -1.76604e-39 0)
(-6.88385e-41 4.76442e-40 0)
(1.25137e-40 1.37085e-39 0)
(2.55233e-40 -2.76831e-40 0)
(-5.57766e-41 -8.55299e-40 0)
(-1.49677e-40 3.38095e-40 0)
(2.20726e-41 5.91872e-40 0)
(6.39354e-41 1.91809e-40 0)
(2.16603e-41 5.07929e-41 0)
(5.93519e-42 1.01107e-41 0)
(1.21002e-42 1.80084e-42 0)
(2.19884e-43 2.79654e-43 0)
(3.47078e-44 4.01442e-44 0)
(5.06086e-45 5.27475e-45 0)
(7.57499e-46 5.77211e-46 0)
(7.65172e-46 -5.85512e-46 0)
(5.13365e-45 -5.34241e-45 0)
(3.52804e-44 -4.07227e-44 0)
(2.24079e-43 -2.84295e-43 0)
(1.23759e-42 -1.8359e-42 0)
(6.0972e-42 -1.0353e-41 0)
(2.24e-41 -5.23503e-41 0)
(6.60293e-41 -2.00559e-40 0)
(1.10537e-41 -6.37607e-40 0)
(-3.70384e-40 -5.3386e-40 0)
(-2.57935e-39 -1.11339e-40 0)
(-2.24633e-38 -5.03054e-39 0)
(-1.94117e-37 -5.27002e-38 0)
(-1.60459e-36 -4.73241e-37 0)
(-1.23229e-35 -4.1565e-36 0)
(-9.01135e-35 -3.52348e-35 0)
(-5.84204e-34 -3.01207e-34 0)
(-3.54159e-33 -2.42381e-33 0)
(-1.60743e-32 -1.86881e-32 0)
(-6.31368e-32 -1.10087e-31 0)
(8.63226e-34 -3.57328e-33 0)
(2.77053e-33 -1.47353e-33 0)
(8.15729e-34 -1.0408e-33 0)
(2.8668e-34 -2.45486e-34 0)
(6.05968e-35 -5.04396e-35 0)
(1.22446e-35 -8.18687e-36 0)
(2.03042e-36 -1.23814e-36 0)
(3.1719e-37 -1.68247e-37 0)
(4.44307e-38 -2.18051e-38 0)
(5.87295e-39 -2.71909e-39 0)
(6.98411e-40 -2.39989e-40 0)
(9.57007e-41 1.1575e-40 0)
(3.64133e-41 -3.27318e-41 0)
(-5.83094e-42 -9.20975e-41 0)
(-1.68431e-41 3.62993e-41 0)
(1.89103e-42 6.39166e-41 0)
(6.62977e-42 2.10983e-41 0)
(2.29152e-42 5.73001e-42 0)
(6.37832e-43 1.16505e-42 0)
(1.31677e-43 2.11779e-43 0)
(2.41783e-44 3.34666e-44 0)
(3.85063e-45 4.88014e-45 0)
(5.65667e-46 6.50027e-46 0)
(8.52487e-47 7.19018e-47 0)
(8.59494e-47 -7.2943e-47 0)
(5.71529e-46 -6.58364e-46 0)
(3.88541e-45 -4.94986e-45 0)
(2.42865e-44 -3.40086e-44 0)
(1.30471e-43 -2.15684e-43 0)
(6.06624e-43 -1.18992e-42 0)
(1.82633e-42 -5.86684e-42 0)
(9.66504e-43 -2.16025e-41 0)
(-6.05597e-41 -6.37724e-41 0)
(-6.56467e-40 -4.08042e-42 0)
(-6.21181e-39 5.11546e-40 0)
(-5.75706e-38 4.3171e-39 0)
(-5.07674e-37 3.65909e-38 0)
(-4.31018e-36 2.74779e-37 0)
(-3.41224e-35 1.51325e-36 0)
(-2.59995e-34 -1.12448e-36 0)
(-1.76393e-33 -1.90619e-34 0)
(-1.1479e-32 -3.48569e-33 0)
(-5.61721e-32 -4.09105e-32 0)
(-2.63185e-31 -3.35579e-31 0)
(1.60445e-32 -1.74603e-32 0)
(2.94552e-32 -7.54852e-33 0)
(6.86068e-33 -5.40747e-33 0)
(1.81299e-33 -1.10784e-33 0)
(3.34495e-34 -2.15143e-34 0)
(6.08654e-35 -3.30505e-35 0)
(9.44612e-36 -4.8448e-36 0)
(1.40432e-36 -6.39287e-37 0)
(1.89837e-37 -8.08773e-38 0)
(2.44881e-38 -9.57751e-39 0)
(2.95183e-39 -1.08133e-39 0)
(3.41882e-40 -1.03063e-40 0)
(3.96631e-41 -1.50103e-41 0)
(3.32423e-42 -1.00599e-41 0)
(-1.08147e-42 3.38102e-42 0)
(1.82971e-43 6.17786e-42 0)
(5.64679e-43 2.0667e-42 0)
(1.97458e-43 5.67342e-43 0)
(5.58532e-44 1.16499e-43 0)
(1.16903e-44 2.13408e-44 0)
(2.1744e-45 3.39546e-45 0)
(3.50191e-46 4.97747e-46 0)
(5.19625e-47 6.65994e-47 0)
(7.91699e-48 7.39348e-48 0)
(8.11094e-48 -7.44719e-48 0)
(5.42732e-47 -6.68008e-47 0)
(3.7525e-46 -4.96499e-46 0)
(2.44729e-45 -3.34616e-45 0)
(1.46552e-44 -2.04679e-44 0)
(8.79374e-44 -1.04045e-43 0)
(5.39319e-43 -4.09753e-43 0)
(4.14083e-42 -2.18089e-43 0)
(3.64961e-41 1.42174e-41 0)
(3.56507e-40 2.10536e-40 0)
(3.38196e-39 2.15072e-39 0)
(3.07411e-38 2.0341e-38 0)
(2.6508e-37 1.81956e-37 0)
(2.18623e-36 1.46431e-36 0)
(1.68223e-35 9.67963e-36 0)
(1.23042e-34 2.80096e-35 0)
(8.04783e-34 -5.21208e-34 0)
(4.91206e-33 -1.33416e-32 0)
(2.30037e-32 -1.83662e-31 0)
(9.38665e-32 -1.84929e-30 0)
(1.79699e-31 -1.15427e-31 0)
(2.27025e-31 -1.83644e-32 0)
(3.68296e-32 -2.03341e-33 0)
(9.08457e-33 -1.70827e-34 0)
(1.51026e-33 -1.03247e-35 0)
(2.63871e-34 -3.38175e-37 0)
(3.9126e-35 2.46392e-38 0)
(5.66769e-36 6.45381e-39 0)
(7.46811e-37 9.1134e-40 0)
(9.4651e-38 1.05352e-40 0)
(1.12302e-38 1.19334e-41 0)
(1.27996e-39 2.4111e-42 0)
(1.38787e-40 -1.30079e-43 0)
(1.4394e-41 -7.61611e-43 0)
(1.31481e-42 3.06494e-43 0)
(1.51183e-43 5.43088e-43 0)
(6.14005e-44 1.83698e-43 0)
(1.83735e-44 5.10996e-44 0)
(5.02107e-45 1.06183e-44 0)
(1.04729e-45 1.96631e-45 0)
(1.95305e-46 3.15853e-46 0)
(3.15971e-47 4.66903e-47 0)
(4.71246e-48 6.2933e-48 0)
(7.62131e-49 7.01985e-49 0)
(1.27896e-48 -7.16488e-49 0)
(1.18194e-47 -6.4263e-48 0)
(1.19666e-46 -4.80219e-47 0)
(1.25842e-45 -3.29206e-46 0)
(1.35248e-44 -2.10209e-45 0)
(1.47325e-43 -1.20142e-44 0)
(1.59056e-42 -6.56736e-44 0)
(1.68886e-41 -3.35864e-43 0)
(1.73839e-40 -2.12682e-42 0)
(1.73256e-39 -1.64102e-41 0)
(1.65562e-38 -1.58459e-40 0)
(1.52282e-37 -1.49082e-39 0)
(1.33048e-36 -1.29274e-38 0)
(1.11588e-35 -9.35265e-38 0)
(8.74169e-35 -3.86757e-37 0)
(6.5577e-34 4.20081e-36 0)
(4.40398e-33 1.4018e-34 0)
(2.81118e-32 2.3734e-33 0)
(1.37725e-31 2.89411e-32 0)
(6.30164e-31 2.68307e-31 0)
(2.37793e-32 -1.1215e-31 0)
(2.54086e-32 -1.41849e-32 0)
(5.99806e-33 2.89445e-33 0)
(1.61573e-33 8.86916e-34 0)
(3.03689e-34 2.00279e-34 0)
(5.61442e-35 3.23301e-35 0)
(8.8173e-36 4.83554e-36 0)
(1.32315e-36 6.42525e-37 0)
(1.80157e-37 8.1452e-38 0)
(2.33759e-38 9.63979e-39 0)
(2.83307e-39 1.09525e-39 0)
(3.28302e-40 1.18342e-40 0)
(3.61013e-41 1.22708e-41 0)
(3.80436e-42 1.1579e-42 0)
(3.74296e-43 1.44655e-43 0)
(3.84457e-44 5.8544e-44 0)
(7.49104e-45 1.72301e-44 0)
(1.74465e-45 4.63915e-45 0)
(4.39444e-46 9.60349e-46 0)
(8.99938e-47 1.78144e-46 0)
(1.67333e-47 2.87229e-47 0)
(2.71396e-48 4.2614e-48 0)
(4.06431e-49 5.76155e-49 0)
(6.74778e-50 6.06365e-50 0)
(1.29253e-49 -1.17311e-49 0)
(1.24841e-48 -1.2639e-48 0)
(1.30372e-47 -1.30191e-47 0)
(1.3985e-46 -1.37514e-46 0)
(1.51603e-45 -1.49502e-45 0)
(1.64624e-44 -1.64568e-44 0)
(1.75942e-43 -1.81843e-43 0)
(1.83788e-42 -1.98003e-42 0)
(1.85611e-41 -2.11186e-41 0)
(1.80735e-40 -2.17865e-40 0)
(1.68455e-39 -2.16912e-39 0)
(1.50233e-38 -2.05319e-38 0)
(1.27033e-37 -1.82869e-37 0)
(1.01995e-36 -1.44922e-36 0)
(7.63786e-36 -9.07206e-36 0)
(5.35427e-35 -1.44904e-35 0)
(3.3669e-34 7.53767e-34 0)
(1.89756e-33 1.66129e-32 0)
(8.40472e-33 2.20651e-31 0)
(2.68184e-32 2.17356e-30 0)
(5.74309e-33 -1.36382e-32 0)
(2.48103e-34 -2.63423e-33 0)
(2.53752e-34 4.11606e-34 0)
(1.55895e-34 1.7384e-34 0)
(3.98259e-35 4.2777e-35 0)
(9.03245e-36 7.39236e-36 0)
(1.59903e-36 1.14941e-36 0)
(2.61229e-37 1.5812e-37 0)
(3.77284e-38 2.05434e-38 0)
(5.11832e-39 2.48576e-39 0)
(6.41683e-40 2.87366e-40 0)
(7.63788e-41 3.15209e-41 0)
(8.57883e-42 3.31725e-42 0)
(9.21052e-43 3.29229e-43 0)
(9.36201e-44 3.47571e-44 0)
(9.39276e-45 6.97907e-45 0)
(1.20461e-45 1.62949e-45 0)
(1.97034e-46 4.06719e-46 0)
(4.08874e-47 8.27558e-47 0)
(7.83866e-48 1.53069e-47 0)
(1.42137e-48 2.47371e-48 0)
(2.2863e-49 3.68318e-49 0)
(3.30202e-50 5.00343e-50 0)
(-9.9164e-51 5.84886e-51 0)
(-1.9424e-49 -2.53389e-51 0)
(-2.5273e-48 -9.00636e-51 0)
(-3.18107e-47 1.61292e-49 0)
(-3.88843e-46 4.16975e-48 0)
(-4.6113e-45 6.56651e-47 0)
(-5.30848e-44 8.73996e-46 0)
(-5.91622e-43 1.05599e-44 0)
(-6.38985e-42 1.19892e-43 0)
(-6.65565e-41 1.29813e-42 0)
(-6.70302e-40 1.35077e-41 0)
(-6.47185e-39 1.3715e-40 0)
(-6.02826e-38 1.37845e-39 0)
(-5.33243e-37 1.44874e-38 0)
(-4.54467e-36 1.67356e-37 0)
(-3.6127e-35 2.22108e-36 0)
(-2.76697e-34 3.16204e-35 0)
(-1.88701e-33 4.42234e-34 0)
(-1.2364e-32 5.48291e-33 0)
(-6.08633e-32 5.61792e-32 0)
(-2.87869e-31 4.28076e-31 0)
(7.86258e-34 -2.92597e-33 0)
(-1.97006e-34 -5.91127e-34 0)
(-3.31133e-35 2.51306e-35 0)
(7.59192e-36 2.44655e-35 0)
(3.67706e-36 7.25835e-36 0)
(1.06973e-36 1.3835e-36 0)
(2.13452e-37 2.3153e-37 0)
(3.75811e-38 3.36377e-38 0)
(5.7113e-39 4.5632e-39 0)
(8.03823e-40 5.71113e-40 0)
(1.03678e-40 6.78392e-41 0)
(1.26172e-41 7.60476e-42 0)
(1.44307e-42 8.15312e-43 0)
(1.57305e-43 8.30423e-44 0)
(1.62712e-44 8.40114e-45 0)
(1.63434e-45 1.09743e-45 0)
(1.80767e-46 1.81758e-46 0)
(2.34617e-47 3.7716e-47 0)
(3.93346e-48 7.20538e-48 0)
(6.81829e-49 1.30099e-48 0)
(1.18121e-49 2.08652e-49 0)
(1.87207e-50 3.10234e-50 0)
(3.41253e-51 4.52601e-51 0)
(9.03444e-51 4.79626e-51 0)
(1.12709e-49 5.76221e-50 0)
(1.43012e-48 7.57855e-49 0)
(1.76774e-47 9.71939e-48 0)
(2.12606e-46 1.21288e-46 0)
(2.48221e-45 1.47246e-45 0)
(2.81172e-44 1.73582e-44 0)
(3.08025e-43 1.98697e-43 0)
(3.26338e-42 2.20192e-42 0)
(3.32747e-41 2.36373e-41 0)
(3.26885e-40 2.44632e-40 0)
(3.06933e-39 2.44636e-39 0)
(2.76451e-38 2.34588e-38 0)
(2.35439e-37 2.17139e-37 0)
(1.91343e-36 1.91696e-36 0)
(1.44148e-35 1.64341e-35 0)
(1.02844e-34 1.34025e-34 0)
(6.48254e-34 1.07833e-33 0)
(3.79049e-33 8.03745e-33 0)
(1.6535e-32 5.73292e-32 0)
(6.15547e-32 3.14391e-31 0)
(1.23489e-34 -3.9208e-34 0)
(-5.26201e-35 -9.10234e-35 0)
(-1.20527e-35 -2.1013e-36 0)
(-8.64491e-37 2.42662e-36 0)
(1.96193e-37 8.99871e-37 0)
(1.04748e-37 1.88933e-37 0)
(2.48965e-38 3.37124e-38 0)
(4.82826e-39 5.13323e-39 0)
(7.78946e-40 7.21396e-40 0)
(1.14394e-40 9.28501e-41 0)
(1.52264e-41 1.12757e-41 0)
(1.89896e-42 1.28724e-42 0)
(2.21467e-43 1.40113e-43 0)
(2.45318e-44 1.44963e-44 0)
(2.57643e-45 1.4606e-45 0)
(2.60623e-46 1.63083e-46 0)
(2.70259e-47 2.14045e-47 0)
(3.03184e-48 3.60829e-48 0)
(4.13174e-49 6.25431e-49 0)
(6.22076e-50 1.0806e-49 0)
(9.96338e-51 1.70393e-50 0)
(1.78045e-51 2.53614e-51 0)
(3.87388e-51 6.45106e-52 0)
(4.90742e-50 4.22464e-51 0)
(6.42432e-49 5.62742e-50 0)
(8.20724e-48 7.38989e-49 0)
(1.02102e-46 9.4663e-48 0)
(1.23631e-45 1.18098e-46 0)
(1.45394e-44 1.43436e-45 0)
(1.66036e-43 1.6924e-44 0)
(1.83544e-42 1.93976e-43 0)
(1.96491e-41 2.153e-42 0)
(2.02724e-40 2.31586e-41 0)
(2.01947e-39 2.40311e-40 0)
(1.92672e-38 2.41323e-39 0)
(1.76944e-37 2.33209e-38 0)
(1.54127e-36 2.19466e-37 0)
(1.28881e-35 2.00914e-36 0)
(1.0038e-34 1.85591e-35 0)
(7.48536e-34 1.73522e-34 0)
(4.96607e-33 1.69933e-33 0)
(3.12534e-32 1.61538e-32 0)
(1.48094e-31 1.42331e-31 0)
(6.47619e-31 9.69007e-31 0)
(1.56861e-35 -5.95817e-35 0)
(-7.54551e-36 -1.44514e-35 0)
(-1.93946e-36 -1.29015e-36 0)
(-2.59308e-37 1.3095e-37 0)
(-5.14112e-39 9.22085e-38 0)
(8.17073e-39 2.24988e-38 0)
(2.47253e-39 4.37622e-39 0)
(5.32555e-40 7.04737e-40 0)
(9.11875e-41 1.03202e-40 0)
(1.39436e-41 1.37017e-41 0)
(1.91158e-42 1.70501e-42 0)
(2.43862e-43 1.98484e-43 0)
(2.89599e-44 2.19535e-44 0)
(3.25555e-45 2.30445e-45 0)
(3.46429e-46 2.33325e-46 0)
(3.53479e-47 2.42998e-47 0)
(3.58075e-48 2.74524e-48 0)
(3.73878e-49 3.76606e-49 0)
(4.42154e-50 5.68597e-50 0)
(5.81965e-51 9.08446e-51 0)
(8.70248e-52 1.38008e-51 0)
(5.04913e-52 1.83882e-52 0)
(5.28835e-51 -2.0396e-52 0)
(7.08402e-50 -3.17011e-51 0)
(9.29057e-49 -4.26046e-50 0)
(1.1885e-47 -5.58179e-49 0)
(1.48067e-46 -7.13231e-48 0)
(1.7957e-45 -8.87482e-47 0)
(2.1154e-44 -1.07486e-45 0)
(2.42029e-43 -1.26435e-44 0)
(2.68099e-42 -1.44406e-43 0)
(2.8768e-41 -1.59609e-42 0)
(2.97561e-40 -1.70671e-41 0)
(2.97298e-39 -1.75333e-40 0)
(2.84562e-38 -1.723e-39 0)
(2.62356e-37 -1.57806e-38 0)
(2.29502e-36 -1.28415e-37 0)
(1.9296e-35 -7.43667e-37 0)
(1.51173e-34 1.29166e-36 0)
(1.13668e-33 1.44075e-34 0)
(7.60654e-33 3.06828e-33 0)
(4.85807e-32 4.63476e-32 0)
(2.33513e-31 5.37996e-31 0)
(1.05964e-30 4.77704e-30 0)
(2.02688e-36 -7.42449e-36 0)
(-9.97462e-37 -1.92165e-36 0)
(-2.69304e-37 -2.54354e-37 0)
(-4.68014e-38 -5.61951e-39 0)
(-3.99605e-39 7.51461e-39 0)
(3.58734e-40 2.27149e-39 0)
(2.07011e-40 4.86378e-40 0)
(5.25276e-41 8.28867e-41 0)
(9.7176e-42 1.26245e-41 0)
(1.55984e-42 1.72562e-42 0)
(2.21118e-43 2.19616e-43 0)
(2.89213e-44 2.60316e-44 0)
(3.5017e-45 2.92194e-45 0)
(3.99803e-46 3.10663e-46 0)
(4.31056e-47 3.16987e-47 0)
(4.44111e-48 3.21736e-48 0)
(4.46432e-49 3.37294e-49 0)
(4.49226e-50 4.01042e-50 0)
(4.8376e-51 5.29754e-51 0)
(5.66445e-52 7.68309e-52 0)
(7.43334e-53 1.07443e-52 0)
(2.04971e-53 -3.35367e-53 0)
(1.47479e-52 -6.89828e-52 0)
(1.96566e-51 -9.51841e-51 0)
(2.57991e-50 -1.2795e-49 0)
(3.30332e-49 -1.67854e-48 0)
(4.11942e-48 -2.14788e-47 0)
(5.00126e-47 -2.67674e-46 0)
(5.89854e-46 -3.24733e-45 0)
(6.7575e-45 -3.82681e-44 0)
(7.49601e-44 -4.37984e-43 0)
(8.05641e-43 -4.85263e-42 0)
(8.34777e-42 -5.20552e-41 0)
(8.35729e-41 -5.37405e-40 0)
(8.01699e-40 -5.33306e-39 0)
(7.41081e-39 -4.99954e-38 0)
(6.5013e-38 -4.34138e-37 0)
(5.48558e-37 -3.18341e-36 0)
(4.31395e-36 -1.43771e-35 0)
(3.26021e-35 1.10006e-34 0)
(2.19307e-34 4.16311e-33 0)
(1.41211e-33 7.1874e-32 0)
(6.84006e-33 8.8159e-31 0)
(3.1599e-32 8.19507e-30 0)
(2.33138e-37 -9.38e-37 0)
(-1.13671e-37 -2.5083e-37 0)
(-3.20966e-38 -4.25721e-38 0)
(-6.45159e-39 -3.48734e-39 0)
(-7.46143e-40 3.6255e-40 0)
(-2.08021e-41 1.93639e-40 0)
(1.35852e-41 4.83223e-41 0)
(4.54524e-42 8.87093e-42 0)
(9.27607e-43 1.41677e-42 0)
(1.57298e-43 2.00155e-43 0)
(2.31073e-44 2.6112e-44 0)
(3.10085e-45 3.15535e-45 0)
(3.82837e-46 3.59697e-46 0)
(4.43882e-47 3.87408e-47 0)
(4.84712e-48 3.98956e-48 0)
(5.04355e-49 4.01327e-49 0)
(5.07056e-50 4.04687e-50 0)
(5.01805e-51 4.37376e-51 0)
(5.11788e-52 5.1408e-52 0)
(5.32513e-53 6.68705e-53 0)
(-2.0634e-53 7.68126e-54 0)
(-3.80881e-52 -1.77707e-53 0)
(-5.24966e-51 -2.6678e-52 0)
(-7.05502e-50 -3.66855e-51 0)
(-9.2528e-49 -4.92585e-50 0)
(-1.18366e-47 -6.45439e-49 0)
(-1.47463e-46 -8.24843e-48 0)
(-1.78836e-45 -1.0265e-46 0)
(-2.10671e-44 -1.24339e-45 0)
(-2.41032e-43 -1.46279e-44 0)
(-2.66988e-42 -1.67096e-43 0)
(-2.86481e-41 -1.84723e-42 0)
(-2.96313e-40 -1.97587e-41 0)
(-2.96042e-39 -2.03114e-40 0)
(-2.83349e-38 -1.99927e-39 0)
(-2.61226e-37 -1.83945e-38 0)
(-2.28501e-36 -1.51802e-37 0)
(-1.92109e-35 -9.32438e-37 0)
(-1.50496e-34 2.06532e-38 0)
(-1.13154e-33 1.3981e-34 0)
(-7.57163e-33 3.12243e-33 0)
(-4.83598e-32 4.78664e-32 0)
(-2.32458e-31 5.59165e-31 0)
(-1.0554e-30 4.99077e-30 0)
(2.61944e-38 -1.06468e-37 0)
(-1.25111e-38 -2.95694e-38 0)
(-3.63262e-39 -5.82546e-39 0)
(-8.13475e-40 -6.58095e-40 0)
(-1.10585e-40 -1.44583e-41 0)
(-8.71789e-42 1.30323e-41 0)
(3.93132e-43 4.2144e-42 0)
(3.3192e-43 8.51175e-43 0)
(7.96968e-44 1.43509e-43 0)
(1.45696e-44 2.10069e-44 0)
(2.23672e-45 2.81177e-45 0)
(3.09265e-46 3.46491e-46 0)
(3.90232e-47 4.01144e-47 0)
(4.60078e-48 4.37584e-48 0)
(5.09164e-49 4.55031e-49 0)
(5.35393e-50 4.57503e-50 0)
(5.40445e-51 4.52996e-51 0)
(5.31625e-52 4.63205e-52 0)
(5.24908e-53 5.19403e-53 0)
(3.81923e-54 6.69855e-54 0)
(-1.97059e-53 2.29308e-54 0)
(-2.84439e-52 1.94613e-53 0)
(-3.90866e-51 2.72142e-52 0)
(-5.24657e-50 3.74756e-51 0)
(-6.87229e-49 5.04325e-50 0)
(-8.77923e-48 6.6243e-49 0)
(-1.09211e-46 8.48809e-48 0)
(-1.32229e-45 1.05937e-46 0)
(-1.5549e-44 1.28731e-45 0)
(-1.77545e-43 1.51978e-44 0)
(-1.96239e-42 1.74308e-43 0)
(-2.10047e-41 1.93615e-42 0)
(-2.16669e-40 2.08443e-41 0)
(-2.15788e-39 2.16519e-40 0)
(-2.05821e-38 2.17739e-39 0)
(-1.88958e-37 2.10868e-38 0)
(-1.64528e-36 1.99219e-37 0)
(-1.37515e-35 1.83742e-36 0)
(-1.07044e-34 1.72065e-35 0)
(-7.9771e-34 1.6434e-34 0)
(-5.28816e-33 1.65029e-33 0)
(-3.32558e-32 1.60647e-32 0)
(-1.5744e-31 1.43862e-31 0)
(-6.88356e-31 9.91899e-31 0)
(-7.4845e-35 4.53301e-30 0)
(1.8771e-39 -1.5561e-38 0)
(-8.8696e-40 -4.45777e-39 0)
(-2.61971e-40 -1.00328e-39 0)
(-6.12491e-41 -1.38949e-40 0)
(-8.78804e-42 -1.19245e-41 0)
(-8.21362e-43 1.99336e-43 0)
(-5.26255e-45 3.51815e-43 0)
(1.87958e-44 8.87206e-44 0)
(5.07099e-45 1.65283e-44 0)
(9.69637e-46 2.56331e-45 0)
(1.52553e-46 3.56725e-46 0)
(2.14328e-47 4.52175e-47 0)
(2.73542e-48 5.34925e-48 0)
(3.25289e-49 5.93598e-49 0)
(3.62467e-50 6.25106e-50 0)
(3.83297e-51 6.28997e-51 0)
(3.90098e-52 5.84158e-52 0)
(4.28237e-53 5.94681e-53 0)
(4.59368e-54 3.6248e-53 0)
(-1.90843e-54 1.1773e-53 0)
(-6.45425e-54 4.6755e-54 0)
(-8.10705e-53 1.78e-53 0)
(-1.10762e-51 2.39691e-52 0)
(-1.48204e-50 3.29292e-51 0)
(-1.93462e-49 4.42272e-50 0)
(-2.46207e-48 5.79704e-49 0)
(-3.04995e-47 7.41114e-48 0)
(-3.6755e-46 9.2269e-47 0)
(-4.29974e-45 1.11819e-45 0)
(-4.88082e-44 1.31626e-44 0)
(-5.35947e-43 1.50472e-43 0)
(-5.69339e-42 1.66534e-42 0)
(-5.82322e-41 1.78526e-41 0)
(-5.74174e-40 1.84491e-40 0)
(-5.41475e-39 1.84176e-39 0)
(-4.90281e-38 1.76269e-38 0)
(-4.20206e-37 1.62749e-37 0)
(-3.44201e-36 1.43231e-36 0)
(-2.61823e-35 1.22225e-35 0)
(-1.89046e-34 9.90425e-35 0)
(-1.20939e-33 7.89439e-34 0)
(-7.1927e-33 5.81706e-33 0)
(-3.20501e-32 4.09675e-32 0)
(-1.21553e-31 2.21983e-31 0)
(-1.01507e-35 9.46653e-31 0)
(-8.32139e-39 -3.81569e-38 0)
(3.88309e-39 -1.09165e-38 0)
(1.16385e-39 -2.45119e-39 0)
(2.85734e-40 -3.39413e-40 0)
(4.36915e-41 -2.93511e-41 0)
(4.89043e-42 3.89279e-43 0)
(2.6787e-43 8.31911e-43 0)
(-4.07457e-44 2.1097e-43 0)
(-1.60351e-44 3.93495e-44 0)
(-3.39801e-45 6.10263e-45 0)
(-5.60987e-46 8.49029e-46 0)
(-8.11261e-47 1.07573e-46 0)
(-1.05555e-47 1.27203e-47 0)
(-1.27296e-48 1.4105e-48 0)
(-1.43354e-49 1.47823e-49 0)
(-1.52631e-50 1.44856e-50 0)
(-1.51784e-51 8.92753e-52 0)
(-7.71212e-53 1.17796e-52 0)
(-4.99935e-55 4.80275e-52 0)
(-3.12589e-53 1.71784e-52 0)
(-1.30097e-53 5.31386e-53 0)
(-2.33292e-53 1.66222e-53 0)
(-2.69894e-52 7.21289e-53 0)
(-3.59421e-51 9.57642e-52 0)
(-4.68172e-50 1.28147e-50 0)
(-5.94339e-49 1.67362e-49 0)
(-7.34138e-48 2.13105e-48 0)
(-8.81736e-47 2.6415e-47 0)
(-1.02746e-45 3.18544e-46 0)
(-1.16097e-44 3.72929e-45 0)
(-1.26801e-43 4.23692e-44 0)
(-1.33851e-42 4.65699e-43 0)
(-1.35886e-41 4.95271e-42 0)
(-1.32794e-40 5.07235e-41 0)
(-1.23901e-39 5.00944e-40 0)
(-1.10735e-38 4.73418e-39 0)
(-9.3406e-38 4.29979e-38 0)
(-7.50093e-37 3.70404e-37 0)
(-5.56537e-36 3.06137e-36 0)
(-3.8959e-35 2.3677e-35 0)
(-2.3959e-34 1.75784e-34 0)
(-1.36109e-33 1.17696e-33 0)
(-5.71341e-33 7.38525e-33 0)
(-2.05432e-32 3.52957e-32 0)
(3.62422e-37 1.35316e-31 0)
(-8.26194e-38 -3.35763e-37 0)
(3.93201e-38 -9.38097e-38 0)
(1.14808e-38 -1.90274e-38 0)
(2.62321e-39 -2.27668e-39 0)
(3.67852e-40 -9.75842e-41 0)
(3.26271e-41 3.09288e-41 0)
(-2.09886e-43 1.14999e-41 0)
(-8.6218e-43 2.40892e-42 0)
(-2.22566e-43 4.13344e-43 0)
(-4.18068e-44 6.11203e-44 0)
(-6.5082e-45 8.2362e-45 0)
(-9.07736e-46 1.01976e-45 0)
(-1.15215e-46 1.18483e-46 0)
(-1.36431e-47 1.29527e-47 0)
(-1.51477e-48 1.33813e-48 0)
(-1.59411e-49 1.2785e-49 0)
(-1.55731e-50 4.62659e-51 0)
(-4.15453e-52 9.53949e-52 0)
(6.45757e-53 7.19598e-51 0)
(-4.76471e-52 2.5833e-51 0)
(-1.78844e-52 7.94029e-52 0)
(-5.99717e-53 1.75965e-52 0)
(-6.21155e-53 5.15002e-53 0)
(-6.62929e-52 2.41984e-52 0)
(-8.58197e-51 3.15756e-51 0)
(-1.08631e-49 4.11377e-50 0)
(-1.3375e-48 5.22485e-49 0)
(-1.6005e-47 6.45723e-48 0)
(-1.85726e-46 7.76002e-47 0)
(-2.08858e-45 9.04843e-46 0)
(-2.26877e-44 1.02317e-44 0)
(-2.37981e-43 1.11844e-43 0)
(-2.39854e-42 1.18175e-42 0)
(-2.32395e-41 1.20103e-41 0)
(-2.14685e-40 1.1752e-40 0)
(-1.89573e-39 1.09824e-39 0)
(-1.57647e-38 9.83519e-39 0)
(-1.24371e-37 8.3202e-38 0)
(-9.03274e-37 6.71069e-37 0)
(-6.15335e-36 5.01578e-36 0)
(-3.66184e-35 3.55209e-35 0)
(-1.99645e-34 2.22699e-34 0)
(-7.98559e-34 1.29569e-33 0)
(-2.71528e-33 5.64343e-33 0)
(1.42007e-35 2.07085e-32 0)
(-7.39253e-37 -2.97395e-36 0)
(3.58928e-37 -8.02028e-37 0)
(1.02009e-37 -1.42123e-37 0)
(2.11199e-38 -1.31864e-38 0)
(2.58262e-39 6.16427e-40 0)
(1.23787e-40 5.1216e-40 0)
(-3.15893e-41 1.35667e-40 0)
(-1.2369e-41 2.5476e-41 0)
(-2.62509e-42 4.12013e-42 0)
(-4.53514e-43 5.86628e-43 0)
(-6.73359e-44 7.69498e-44 0)
(-9.10023e-45 9.33562e-45 0)
(-1.12916e-45 1.06748e-45 0)
(-1.31424e-46 1.15137e-46 0)
(-1.43922e-47 1.17068e-47 0)
(-1.49683e-48 1.07811e-48 0)
(-1.42503e-49 -9.66465e-51 0)
(2.77755e-51 6.90133e-51 0)
(1.80976e-51 1.05669e-49 0)
(-7.14403e-51 3.79461e-50 0)
(-2.68763e-51 1.16489e-50 0)
(-8.48304e-52 2.55767e-51 0)
(-1.96545e-52 5.03562e-52 0)
(-1.43272e-52 1.2922e-52 0)
(-1.38074e-51 6.19374e-52 0)
(-1.73491e-50 7.89278e-51 0)
(-2.12884e-49 1.00026e-49 0)
(-2.53778e-48 1.2334e-48 0)
(-2.93208e-47 1.47828e-47 0)
(-3.28092e-46 1.71845e-46 0)
(-3.5436e-45 1.9361e-45 0)
(-3.69272e-44 2.1076e-44 0)
(-3.69333e-43 2.21572e-43 0)
(-3.54703e-42 2.23903e-42 0)
(-3.24235e-41 2.17541e-41 0)
(-2.82837e-40 2.01651e-40 0)
(-2.31689e-39 1.78703e-39 0)
(-1.79616e-38 1.49338e-38 0)
(-1.27522e-37 1.18432e-37 0)
(-8.46565e-37 8.67428e-37 0)
(-4.8573e-36 5.96366e-36 0)
(-2.55112e-35 3.61284e-35 0)
(-9.53401e-35 2.00475e-34 0)
(-3.0975e-34 8.40671e-34 0)
(1.27103e-34 2.97036e-33 0)
(-6.44288e-36 -2.38367e-35 0)
(3.15841e-36 -6.23187e-36 0)
(8.60555e-37 -8.9414e-37 0)
(1.56059e-37 -4.08899e-38 0)
(1.49729e-38 1.84839e-38 0)
(-5.56698e-40 6.23411e-39 0)
(-5.4495e-40 1.3818e-39 0)
(-1.47262e-40 2.39326e-40 0)
(-2.78887e-41 3.68145e-41 0)
(-4.53454e-42 5.06512e-42 0)
(-6.47925e-43 6.47708e-43 0)
(-8.52166e-44 7.70491e-44 0)
(-1.03595e-44 8.67255e-45 0)
(-1.18664e-45 9.22494e-46 0)
(-1.28238e-46 9.18124e-47 0)
(-1.31768e-47 7.89188e-48 0)
(-1.20572e-48 -8.68529e-49 0)
(1.27723e-49 3.29663e-50 0)
(3.45563e-50 1.51773e-48 0)
(-1.04935e-49 5.44071e-49 0)
(-3.94966e-50 1.66698e-49 0)
(-1.24428e-50 3.64913e-50 0)
(-2.7602e-51 7.12414e-51 0)
(-5.34257e-52 1.2072e-51 0)
(4.36123e-53 4.12385e-52 0)
(1.81367e-51 3.05774e-51 0)
(2.40754e-50 3.89683e-50 0)
(3.07996e-49 4.87521e-49 0)
(3.82886e-48 5.93187e-48 0)
(4.607e-47 7.00977e-47 0)
(5.3744e-46 8.03216e-46 0)
(6.04137e-45 8.91023e-45 0)
(6.56598e-44 9.54884e-44 0)
(6.83299e-43 9.86688e-43 0)
(6.85316e-42 9.80109e-42 0)
(6.5188e-41 9.3374e-41 0)
(5.95484e-40 8.49262e-40 0)
(5.07869e-39 7.35467e-39 0)
(4.14455e-38 6.01695e-38 0)
(3.06735e-37 4.63801e-37 0)
(2.16504e-36 3.31553e-36 0)
(1.29885e-35 2.19426e-35 0)
(7.40768e-35 1.29081e-34 0)
(2.93533e-34 6.74959e-34 0)
(1.10287e-33 2.70786e-33 0)
(-5.05606e-35 -1.91015e-34 0)
(2.42659e-35 -4.7031e-35 0)
(6.31445e-36 -4.83736e-36 0)
(9.20298e-37 2.22669e-37 0)
(4.17552e-38 2.49179e-37 0)
(-2.00324e-38 6.37141e-38 0)
(-6.77446e-39 1.26425e-38 0)
(-1.51169e-39 2.05739e-39 0)
(-2.6316e-40 3.03367e-40 0)
(-4.06483e-41 4.04686e-41 0)
(-5.60976e-42 5.05389e-42 0)
(-7.19109e-43 5.89944e-43 0)
(-8.5709e-44 6.53898e-44 0)
(-9.66493e-45 6.85256e-45 0)
(-1.03055e-45 6.6002e-46 0)
(-1.04468e-46 4.89241e-47 0)
(-8.87401e-48 -1.80318e-47 0)
(2.65399e-48 -6.38749e-50 0)
(5.69664e-49 2.12613e-47 0)
(-1.50818e-48 7.59621e-48 0)
(-5.66626e-49 2.3212e-48 0)
(-1.7814e-49 5.06442e-49 0)
(-3.93983e-50 9.86176e-50 0)
(-7.60026e-51 1.64896e-50 0)
(6.75271e-52 3.23208e-51 0)
(2.54878e-50 9.94618e-51 0)
(3.2537e-49 1.25082e-49 0)
(4.00944e-48 1.58767e-48 0)
(4.80183e-47 1.96171e-47 0)
(5.57716e-46 2.35704e-46 0)
(6.27808e-45 2.74801e-45 0)
(6.82711e-44 3.1071e-44 0)
(7.17006e-43 3.39637e-43 0)
(7.23612e-42 3.5888e-42 0)
(7.02191e-41 3.64803e-41 0)
(6.49763e-40 3.57061e-40 0)
(5.74906e-39 3.33841e-39 0)
(4.79122e-38 2.99172e-38 0)
(3.78999e-37 2.53354e-37 0)
(2.76055e-36 2.04638e-36 0)
(1.88747e-35 1.53285e-35 0)
(1.12758e-34 1.08873e-34 0)
(6.17714e-34 6.85406e-34 0)
(2.48195e-33 4.00708e-33 0)
(8.4771e-33 1.75484e-32 0)
(-3.97554e-34 -1.28941e-33 0)
(1.70582e-34 -3.04593e-34 0)
(4.00267e-35 -1.41016e-35 0)
(3.63709e-36 5.98352e-36 0)
(-4.02641e-37 2.49892e-36 0)
(-2.83945e-37 5.40073e-37 0)
(-7.04871e-38 9.77772e-38 0)
(-1.3942e-38 1.50138e-38 0)
(-2.2732e-39 2.12225e-39 0)
(-3.36175e-40 2.74301e-40 0)
(-4.49629e-41 3.34196e-41 0)
(-5.62793e-42 3.82484e-42 0)
(-6.58205e-43 4.17108e-43 0)
(-7.3104e-44 4.29012e-44 0)
(-7.68732e-45 3.85505e-45 0)
(-7.66515e-46 1.66719e-46 0)
(-5.5633e-47 -2.9348e-46 0)
(4.37837e-47 -5.02459e-48 0)
(8.54516e-48 2.90465e-46 0)
(-2.1148e-47 1.03298e-46 0)
(-7.91646e-48 3.14588e-47 0)
(-2.4818e-48 6.83733e-48 0)
(-5.47113e-49 1.32752e-48 0)
(-1.06511e-49 2.20837e-49 0)
(-7.22638e-51 3.63683e-50 0)
(1.37192e-49 4.08579e-50 0)
(1.77698e-48 4.73495e-49 0)
(2.19643e-47 6.02415e-48 0)
(2.6394e-46 7.47089e-47 0)
(3.07741e-45 9.01486e-46 0)
(3.47964e-44 1.05616e-44 0)
(3.80335e-43 1.20097e-43 0)
(4.01838e-42 1.32138e-42 0)
(4.08357e-41 1.40699e-41 0)
(3.99541e-40 1.44306e-40 0)
(3.7329e-39 1.42765e-39 0)
(3.34176e-38 1.35206e-38 0)
(2.82419e-37 1.23127e-37 0)
(2.27339e-36 1.06431e-36 0)
(1.69141e-35 8.83705e-36 0)
(1.18825e-34 6.87809e-35 0)
(7.33646e-34 5.15025e-34 0)
(4.18885e-33 3.48726e-33 0)
(1.76675e-32 2.21472e-32 0)
(6.38974e-32 1.07256e-31 0)
(-2.60549e-33 -9.46776e-33 0)
(7.05503e-34 -1.97253e-33 0)
(1.31285e-34 3.25996e-35 0)
(-1.45717e-35 6.69419e-35 0)
(-9.63829e-36 2.08882e-35 0)
(-2.98934e-36 4.04336e-36 0)
(-6.10727e-37 6.82398e-37 0)
(-1.08988e-37 9.96395e-38 0)
(-1.67003e-38 1.35654e-38 0)
(-2.36418e-39 1.70228e-39 0)
(-3.06231e-40 2.02627e-40 0)
(-3.73902e-41 2.27496e-41 0)
(-4.28771e-42 2.44112e-42 0)
(-4.68807e-43 2.44535e-43 0)
(-4.85101e-44 1.85029e-44 0)
(-4.71362e-45 -9.18862e-46 0)
(-1.99687e-46 -4.18489e-45 0)
(6.51435e-46 -9.13427e-47 0)
(1.20919e-46 3.85556e-45 0)
(-2.89273e-46 1.36358e-45 0)
(-1.07738e-46 4.13581e-46 0)
(-3.3655e-47 8.95005e-47 0)
(-7.39055e-48 1.73189e-47 0)
(-1.44212e-48 2.86985e-48 0)
(-1.99288e-49 4.45679e-49 0)
(5.11151e-49 1.81728e-49 0)
(6.973e-48 1.6004e-48 0)
(8.64874e-47 2.03801e-47 0)
(1.04291e-45 2.53974e-46 0)
(1.2209e-44 3.08128e-45 0)
(1.38708e-43 3.63147e-44 0)
(1.52462e-42 4.15704e-43 0)
(1.62153e-41 4.60766e-42 0)
(1.66082e-40 4.94789e-41 0)
(1.64033e-39 5.12289e-40 0)
(1.55e-38 5.12572e-39 0)
(1.40688e-37 4.91841e-38 0)
(1.20935e-36 4.55666e-37 0)
(9.94224e-36 4.02767e-36 0)
(7.59658e-35 3.45965e-35 0)
(5.51506e-34 2.82955e-34 0)
(3.55159e-33 2.28645e-33 0)
(2.12803e-32 1.71337e-32 0)
(9.56389e-32 1.22927e-31 0)
(3.65215e-31 6.77642e-31 0)
(-1.86579e-32 -4.74548e-32 0)
(-1.3044e-34 -9.47559e-33 0)
(-5.86706e-34 9.32466e-34 0)
(-4.27285e-34 4.80984e-34 0)
(-1.13043e-34 1.23202e-34 0)
(-2.6164e-35 2.15974e-35 0)
(-4.68005e-36 3.38416e-36 0)
(-7.70018e-37 4.67743e-37 0)
(-1.11734e-37 6.09751e-38 0)
(-1.52117e-38 7.39693e-39 0)
(-1.91214e-39 8.56889e-40 0)
(-2.28084e-40 9.41154e-41 0)
(-2.56636e-41 9.90209e-42 0)
(-2.76476e-42 9.26676e-43 0)
(-2.80396e-43 1.79579e-44 0)
(-2.59734e-44 -3.26209e-44 0)
(8.63745e-46 -5.59004e-44 0)
(8.97693e-45 -1.3271e-45 0)
(1.62499e-45 4.97863e-44 0)
(-3.8453e-45 1.74925e-44 0)
(-1.42346e-45 5.27972e-45 0)
(-4.42742e-46 1.13683e-45 0)
(-9.67966e-47 2.19115e-46 0)
(-1.88532e-47 3.61639e-47 0)
(-2.99382e-48 5.49137e-48 0)
(1.42012e-48 8.19228e-49 0)
(2.4218e-47 9.31054e-49 0)
(3.0236e-46 1.07181e-47 0)
(3.6647e-45 1.33953e-46 0)
(4.3142e-44 1.63211e-45 0)
(4.9323e-43 1.93241e-44 0)
(5.45911e-42 2.22347e-43 0)
(5.85246e-41 2.47851e-42 0)
(6.04741e-40 2.6797e-41 0)
(6.03513e-39 2.79862e-40 0)
(5.76931e-38 2.83826e-39 0)
(5.31115e-37 2.79082e-38 0)
(4.63839e-36 2.72069e-37 0)
(3.8919e-35 2.67306e-36 0)
(3.0422e-34 2.79609e-35 0)
(2.28049e-33 3.1161e-34 0)
(1.52096e-32 3.65035e-33 0)
(9.66172e-32 4.03384e-32 0)
(4.61616e-31 3.89801e-31 0)
(2.06651e-30 2.84545e-30 0)
(-8.38168e-32 -3.59016e-31 0)
(-7.12705e-32 -4.92616e-32 0)
(-1.69386e-32 7.81324e-33 0)
(-4.61421e-33 2.5856e-33 0)
(-8.76507e-34 5.97968e-34 0)
(-1.63509e-34 9.72852e-35 0)
(-2.58481e-35 1.4604e-35 0)
(-3.89885e-36 1.94372e-36 0)
(-5.32935e-37 2.46624e-37 0)
(-6.93666e-38 2.92044e-38 0)
(-8.42821e-39 3.31941e-39 0)
(-9.78723e-40 3.58327e-40 0)
(-1.07834e-40 3.69541e-41 0)
(-1.14507e-41 2.77078e-42 0)
(-1.11433e-42 -6.33847e-43 0)
(-8.67728e-44 -4.84404e-43 0)
(3.45677e-44 -7.04595e-43 0)
(1.1807e-43 -1.68934e-44 0)
(2.10291e-44 6.22021e-43 0)
(-4.97378e-44 2.16982e-43 0)
(-1.82795e-44 6.51165e-44 0)
(-5.65616e-45 1.39422e-44 0)
(-1.23027e-45 2.67501e-45 0)
(-2.38785e-46 4.39606e-46 0)
(-3.94683e-47 6.64446e-47 0)
(-4.55551e-48 8.89465e-48 0)
(1.7971e-47 -1.87591e-48 0)
(2.34279e-46 -3.88738e-47 0)
(2.84431e-45 -4.86156e-46 0)
(3.35293e-44 -5.89762e-45 0)
(3.83903e-43 -6.94943e-44 0)
(4.25592e-42 -7.953e-43 0)
(4.57088e-41 -8.81059e-42 0)
(4.73247e-40 -9.45029e-41 0)
(4.73368e-39 -9.75504e-40 0)
(4.53642e-38 -9.67938e-39 0)
(4.1887e-37 -9.0726e-38 0)
(3.66995e-36 -7.87688e-37 0)
(3.09213e-35 -5.77416e-36 0)
(2.42768e-34 -2.60574e-35 0)
(1.83135e-33 1.99928e-34 0)
(1.2293e-32 7.55531e-33 0)
(7.89838e-32 1.30392e-31 0)
(3.81457e-31 1.59881e-30 0)
(1.7577e-30 1.48571e-29 0)
(-5.57813e-31 -6.66341e-31 0)
(-6.84684e-31 -1.06008e-31 0)
(-1.10799e-31 -1.17348e-32 0)
(-2.7354e-32 -9.85338e-34 0)
(-4.55056e-33 -5.94382e-35 0)
(-7.96022e-34 -1.92537e-36 0)
(-1.18134e-34 1.46339e-37 0)
(-1.71267e-35 3.78273e-38 0)
(-2.25816e-36 5.3574e-39 0)
(-2.8636e-37 6.35569e-40 0)
(-3.39935e-38 7.06294e-41 0)
(-3.87617e-39 5.70528e-42 0)
(-4.20736e-40 -3.13852e-42 0)
(-4.45272e-41 -1.13568e-41 0)
(-3.89699e-42 -1.197e-41 0)
(-1.04577e-43 -6.21632e-42 0)
(5.20235e-43 -8.56432e-42 0)
(1.48275e-42 -2.03305e-43 0)
(2.61419e-43 7.54416e-42 0)
(-6.22594e-43 2.60959e-42 0)
(-2.27009e-43 7.77812e-43 0)
(-6.98174e-44 1.65442e-43 0)
(-1.50987e-44 3.15714e-44 0)
(-2.91706e-45 5.16235e-45 0)
(-4.81529e-46 7.77206e-46 0)
(-7.44862e-47 1.06099e-46 0)
(-2.88544e-47 1.05756e-47 0)
(-2.35693e-46 -3.73893e-47 0)
(-2.84461e-45 -4.86042e-46 0)
(-3.35308e-44 -5.89823e-45 0)
(-3.83919e-43 -6.95014e-44 0)
(-4.25609e-42 -7.95378e-43 0)
(-4.57105e-41 -8.8114e-42 0)
(-4.73263e-40 -9.45111e-41 0)
(-4.73383e-39 -9.75583e-40 0)
(-4.53655e-38 -9.68011e-39 0)
(-4.18881e-37 -9.07324e-38 0)
(-3.67003e-36 -7.87741e-37 0)
(-3.09218e-35 -5.77458e-36 0)
(-2.42772e-34 -2.60604e-35 0)
(-1.83138e-33 1.99907e-34 0)
(-1.22931e-32 7.55519e-33 0)
(-7.89843e-32 1.30391e-31 0)
(-3.81458e-31 1.59881e-30 0)
(-1.7577e-30 1.4857e-29 0)
(-3.90611e-32 -3.8886e-31 0)
(-9.46932e-32 -7.60999e-32 0)
(-2.19371e-32 -2.22937e-32 0)
(-5.75856e-33 -3.85625e-33 0)
(-1.05543e-33 -6.82959e-34 0)
(-1.90965e-34 -1.01322e-34 0)
(-2.95099e-35 -1.46401e-35 0)
(-4.37214e-36 -1.92267e-36 0)
(-5.89449e-37 -2.42754e-37 0)
(-7.58952e-38 -2.85963e-38 0)
(-9.15365e-39 -3.22663e-39 0)
(-1.06159e-39 -3.6545e-40 0)
(-1.2681e-40 -8.04907e-41 0)
(-2.12554e-41 -1.36359e-40 0)
(4.59939e-42 -1.39476e-40 0)
(3.69713e-42 -7.18334e-41 0)
(6.71322e-42 -9.97473e-41 0)
(1.80092e-41 -2.31288e-42 0)
(3.14418e-42 8.80642e-41 0)
(-7.56776e-42 3.01888e-41 0)
(-2.73386e-42 8.92607e-42 0)
(-8.34759e-43 1.88452e-42 0)
(-1.79307e-43 3.57377e-43 0)
(-3.44521e-44 5.81035e-44 0)
(-5.65713e-45 8.70606e-45 0)
(-8.56307e-46 1.18603e-45 0)
(-1.41449e-46 1.5225e-46 0)
(-3.17481e-46 2.87301e-47 0)
(-3.66734e-45 1.35624e-46 0)
(-4.31515e-44 1.62804e-45 0)
(-4.93331e-43 1.92757e-44 0)
(-5.46017e-42 2.21818e-43 0)
(-5.85352e-41 2.47294e-42 0)
(-6.04844e-40 2.67406e-41 0)
(-6.03608e-39 2.79313e-40 0)
(-5.77014e-38 2.83314e-39 0)
(-5.31184e-37 2.78627e-38 0)
(-4.63893e-36 2.71687e-37 0)
(-3.89229e-35 2.67002e-36 0)
(-3.04246e-34 2.79384e-35 0)
(-2.28064e-33 3.11456e-34 0)
(-1.52104e-32 3.64941e-33 0)
(-9.66207e-32 4.03331e-32 0)
(-4.61629e-31 3.89779e-31 0)
(-2.06652e-30 2.84537e-30 0)
(1.02277e-32 -4.91415e-32 0)
(-1.52471e-32 -1.34591e-32 0)
(-3.98536e-33 -4.35523e-33 0)
(-1.22138e-33 -8.57963e-34 0)
(-2.39852e-34 -1.60832e-34 0)
(-4.58694e-35 -2.51654e-35 0)
(-7.34038e-36 -3.74656e-36 0)
(-1.1163e-36 -5.05304e-37 0)
(-1.53276e-37 -6.2756e-38 0)
(-2.02219e-38 -6.08684e-39 0)
(-2.62725e-39 -4.22342e-40 0)
(-3.80266e-40 -2.2926e-40 0)
(-1.65792e-40 -4.96384e-40 0)
(-1.09727e-40 -1.49405e-39 0)
(6.78895e-41 -1.56499e-39 0)
(4.40368e-41 -8.01947e-40 0)
(7.76802e-41 -1.12537e-39 0)
(2.09912e-40 -2.53623e-41 0)
(3.62901e-41 9.96275e-40 0)
(-8.85626e-41 3.37836e-40 0)
(-3.16759e-41 9.89307e-41 0)
(-9.5901e-42 2.07014e-41 0)
(-2.04432e-42 3.89653e-42 0)
(-3.90303e-43 6.29219e-43 0)
(-6.37188e-44 9.37457e-44 0)
(-9.57806e-45 1.27055e-44 0)
(-1.31465e-45 1.61679e-45 0)
(-2.54165e-46 2.12071e-46 0)
(-1.06775e-45 2.73606e-46 0)
(-1.22662e-44 3.06035e-45 0)
(-1.39307e-43 3.60513e-44 0)
(-1.53092e-42 4.12812e-43 0)
(-1.62791e-41 4.57698e-42 0)
(-1.66703e-40 4.91658e-41 0)
(-1.6461e-39 5.09211e-40 0)
(-1.55512e-38 5.09679e-39 0)
(-1.41117e-37 4.89236e-38 0)
(-1.21276e-36 4.53447e-37 0)
(-9.96735e-36 4.00967e-36 0)
(-7.61391e-35 3.4461e-35 0)
(-5.52568e-34 2.81993e-34 0)
(-3.5576e-33 2.28038e-33 0)
(-2.13073e-32 1.70985e-32 0)
(-9.57488e-32 1.2277e-31 0)
(-3.65437e-31 6.77051e-31 0)
(6.92354e-33 1.05224e-32 0)
(-4.28037e-33 2.15609e-33 0)
(-1.18579e-33 -1.66756e-35 0)
(-3.39631e-34 -6.74469e-35 0)
(-6.43557e-35 -2.12461e-35 0)
(-1.17578e-35 -4.11302e-36 0)
(-1.82849e-36 -7.31489e-37 0)
(-2.64382e-37 -1.05749e-37 0)
(-3.41e-38 9.92188e-39 0)
(-6.5989e-39 1.68519e-38 0)
(-2.62918e-39 4.89279e-39 0)
(-1.12792e-39 -1.39154e-39 0)
(-1.51662e-39 -5.16494e-39 0)
(-1.1961e-39 -1.60433e-38 0)
(7.77106e-40 -1.68071e-38 0)
(4.92206e-40 -8.54767e-39 0)
(8.66593e-40 -1.21255e-38 0)
(2.36643e-39 -2.64637e-40 0)
(4.03665e-40 1.07664e-38 0)
(-1.00509e-39 3.60907e-39 0)
(-3.55147e-40 1.04477e-39 0)
(-1.06427e-40 2.16414e-40 0)
(-2.24806e-41 4.03792e-41 0)
(-4.2595e-42 6.4701e-42 0)
(-6.90626e-43 9.57654e-43 0)
(-1.03215e-43 1.29041e-43 0)
(-1.4022e-44 1.6325e-44 0)
(-1.8098e-45 1.93615e-45 0)
(-5.02803e-46 2.84126e-46 0)
(-3.40139e-45 8.3828e-46 0)
(-3.80875e-44 9.58034e-45 0)
(-4.15182e-43 1.09244e-43 0)
(-4.37372e-42 1.20547e-42 0)
(-4.43246e-41 1.2877e-41 0)
(-4.32282e-40 1.32463e-40 0)
(-4.02728e-39 1.31502e-39 0)
(-3.5921e-38 1.24915e-38 0)
(-3.02692e-37 1.14203e-37 0)
(-2.42589e-36 9.90294e-37 0)
(-1.79989e-35 8.26397e-36 0)
(-1.25736e-34 6.45697e-35 0)
(-7.75026e-34 4.87278e-34 0)
(-4.39163e-33 3.31795e-33 0)
(-1.86114e-32 2.13418e-32 0)
(-6.65344e-32 1.04056e-31 0)
(2.90897e-32 9.64201e-32 0)
(-1.52576e-32 2.28047e-32 0)
(-3.32741e-33 3.15535e-33 0)
(-7.74658e-34 3.13109e-34 0)
(-1.23305e-34 2.54334e-35 0)
(-1.93748e-35 1.73767e-36 0)
(-2.64229e-36 -3.06759e-37 0)
(-2.78823e-37 -4.60358e-38 0)
(-1.63372e-38 2.47137e-37 0)
(-2.53695e-38 1.93162e-37 0)
(-2.2369e-38 5.25833e-38 0)
(-1.10108e-38 -1.35073e-38 0)
(-1.59163e-38 -5.28192e-38 0)
(-1.26185e-38 -1.66739e-37 0)
(8.51614e-39 -1.74586e-37 0)
(5.24791e-39 -8.79326e-38 0)
(9.18079e-39 -1.26467e-37 0)
(2.534e-38 -2.6523e-39 0)
(4.23808e-39 1.12696e-37 0)
(-1.09078e-38 3.7229e-38 0)
(-3.80324e-39 1.06269e-38 0)
(-1.12571e-39 2.17393e-39 0)
(-2.35315e-40 4.01336e-40 0)
(-4.41899e-41 6.37056e-41 0)
(-7.1089e-42 9.35524e-42 0)
(-1.05543e-42 1.25186e-42 0)
(-1.42533e-43 1.57445e-43 0)
(-1.80762e-44 1.8525e-44 0)
(-2.28752e-45 2.06477e-45 0)
(-1.93784e-45 1.52479e-46 0)
(-1.8865e-44 -7.05204e-46 0)
(-2.02259e-43 -7.54405e-45 0)
(-2.09411e-42 -7.6049e-44 0)
(-2.08861e-41 -7.2677e-43 0)
(-1.99795e-40 -6.79771e-42 0)
(-1.83131e-39 -5.91012e-41 0)
(-1.59738e-38 -5.15494e-40 0)
(-1.32554e-37 -4.00296e-39 0)
(-1.0341e-36 -3.3374e-38 0)
(-7.5964e-36 -2.20304e-37 0)
(-5.13308e-35 -1.83199e-36 0)
(-3.21186e-34 -7.87193e-36 0)
(-1.7605e-33 -6.81688e-35 0)
(-8.64992e-33 2.09162e-34 0)
(-3.20421e-32 -7.14355e-35 0)
(2.46838e-32 7.95671e-31 0)
(-1.29115e-32 1.26558e-31 0)
(-2.70476e-33 1.39927e-32 0)
(-6.15392e-34 1.17246e-33 0)
(-9.56821e-35 7.66866e-35 0)
(-1.58383e-35 4.0111e-36 0)
(-2.21538e-36 -3.87635e-36 0)
(4.32332e-37 -4.85235e-37 0)
(2.36837e-37 2.44163e-36 0)
(-2.09672e-37 1.89668e-36 0)
(-2.15703e-37 5.10243e-37 0)
(-1.01154e-37 -1.29575e-37 0)
(-1.55171e-37 -5.10479e-37 0)
(-1.23064e-37 -1.63516e-36 0)
(9.207e-38 -1.71072e-36 0)
(5.4027e-38 -8.52806e-37 0)
(9.25136e-38 -1.24447e-36 0)
(2.58467e-37 -2.49364e-38 0)
(4.15383e-38 1.11333e-36 0)
(-1.14962e-37 3.62225e-37 0)
(-3.93689e-38 1.01635e-37 0)
(-1.14735e-38 2.04934e-38 0)
(-2.36747e-39 3.73562e-39 0)
(-4.39792e-40 5.86553e-40 0)
(-7.00804e-41 8.53476e-41 0)
(-1.03223e-41 1.13304e-41 0)
(-1.38431e-42 1.4155e-42 0)
(-1.74443e-43 1.65589e-43 0)
(-2.09153e-44 1.84224e-44 0)
(-6.47892e-45 1.98895e-45 0)
(-4.66387e-44 6.96059e-46 0)
(-4.98893e-43 5.63822e-45 0)
(-5.17286e-42 6.11201e-44 0)
(-5.17944e-41 6.4206e-43 0)
(-4.97192e-40 6.48241e-42 0)
(-4.59398e-39 6.29368e-41 0)
(-4.03421e-38 5.82821e-40 0)
(-3.40132e-37 5.16173e-39 0)
(-2.68631e-36 4.30849e-38 0)
(-2.03869e-35 3.41559e-37 0)
(-1.40944e-34 2.49755e-36 0)
(-9.4963e-34 1.71744e-35 0)
(-5.45281e-33 1.03656e-34 0)
(-3.2691e-32 5.75256e-34 0)
(-1.34293e-31 2.36942e-33 0)
(-2.46244e-32 7.95851e-31 0)
(1.28771e-32 1.26605e-31 0)
(2.69567e-33 1.39841e-32 0)
(6.22999e-34 1.17635e-33 0)
(9.68959e-35 1.34401e-34 0)
(3.65918e-36 2.00535e-35 0)
(-4.98686e-37 -3.56681e-35 0)
(6.90253e-36 -4.21525e-36 0)
(2.67078e-36 2.34461e-35 0)
(-1.8008e-36 1.804e-35 0)
(-1.80127e-36 4.78749e-36 0)
(-6.57722e-37 -1.14874e-36 0)
(-1.21487e-36 -4.74253e-36 0)
(-9.61859e-37 -1.55288e-35 0)
(9.82907e-37 -1.6232e-35 0)
(5.25243e-37 -7.97747e-36 0)
(8.41314e-37 -1.18761e-35 0)
(2.36762e-36 -2.24334e-37 0)
(3.44758e-37 1.0677e-35 0)
(-1.1503e-36 3.40171e-36 0)
(-3.85287e-37 9.34348e-37 0)
(-1.10059e-37 1.84961e-37 0)
(-2.23645e-38 3.31932e-38 0)
(-4.10051e-39 5.14217e-39 0)
(-6.46241e-40 7.39927e-40 0)
(-9.43087e-41 9.72874e-41 0)
(-1.25471e-41 1.20566e-41 0)
(-1.57028e-42 1.40056e-42 0)
(-1.84053e-43 1.54893e-43 0)
(-2.16324e-44 1.65839e-44 0)
(-1.48106e-44 5.15646e-45 0)
(-1.35126e-43 3.92521e-44 0)
(-1.38703e-42 4.21062e-43 0)
(-1.37518e-41 4.37389e-42 0)
(-1.30586e-40 4.38856e-41 0)
(-1.19103e-39 4.22263e-40 0)
(-1.031e-38 3.91202e-39 0)
(-8.53582e-38 3.44519e-38 0)
(-6.60836e-37 2.91273e-37 0)
(-4.87751e-36 2.30386e-36 0)
(-3.27427e-35 1.74366e-35 0)
(-2.10102e-34 1.18703e-34 0)
(-1.15201e-33 7.65406e-34 0)
(-6.20318e-33 3.866e-33 0)
(-2.36921e-32 1.7895e-32 0)
(-2.87047e-32 9.78067e-32 0)
(1.49901e-32 2.31478e-32 0)
(3.25877e-33 3.01981e-33 0)
(8.33459e-34 3.38347e-34 0)
(1.31001e-34 5.92716e-34 0)
(-7.51208e-35 1.58357e-34 0)
(-1.81289e-35 -3.16123e-34 0)
(6.08016e-35 -3.68615e-35 0)
(2.55362e-35 2.07361e-34 0)
(-1.14125e-35 1.58245e-34 0)
(-9.41648e-36 4.12018e-35 0)
(1.8005e-36 -1.00241e-35 0)
(-3.97875e-36 -4.07785e-35 0)
(-2.99935e-36 -1.361e-34 0)
(1.11332e-35 -1.42072e-34 0)
(4.94157e-36 -6.88051e-35 0)
(6.48706e-36 -1.04554e-34 0)
(1.81208e-35 -1.84455e-36 0)
(1.80304e-36 9.45021e-35 0)
(-1.13192e-35 2.94788e-35 0)
(-3.65712e-36 7.8816e-36 0)
(-1.01657e-36 1.5267e-36 0)
(-2.02433e-37 2.6876e-37 0)
(-3.65137e-38 4.0979e-38 0)
(-5.67604e-39 5.8188e-39 0)
(-8.19054e-40 7.56593e-40 0)
(-1.0792e-40 9.28948e-41 0)
(-1.33977e-41 1.07062e-41 0)
(-1.55856e-42 1.176e-42 0)
(-1.72841e-43 1.22987e-43 0)
(-2.14536e-44 1.33136e-44 0)
(-3.68081e-44 1.21127e-44 0)
(-3.56913e-43 1.16836e-43 0)
(-3.50314e-42 1.20175e-42 0)
(-3.28805e-41 1.19337e-41 0)
(-2.95678e-40 1.13525e-40 0)
(-2.51484e-39 1.03751e-39 0)
(-2.03686e-38 9.00067e-39 0)
(-1.53244e-37 7.46579e-38 0)
(-1.09007e-36 5.78241e-37 0)
(-6.94705e-36 4.24876e-36 0)
(-4.15852e-35 2.80062e-35 0)
(-2.0388e-34 1.7084e-34 0)
(-9.48006e-34 8.13821e-34 0)
(-2.65113e-33 3.23339e-33 0)
(-4.91637e-33 2.07329e-32 0)
(2.19232e-33 4.29948e-33 0)
(5.99757e-34 -1.53765e-33 0)
(5.96393e-34 4.59571e-35 0)
(4.4069e-35 4.88255e-33 0)
(-5.68009e-34 1.33235e-33 0)
(-1.24683e-34 -2.76601e-33 0)
(4.5572e-34 -3.16512e-34 0)
(2.31404e-34 1.79261e-33 0)
(3.11492e-35 1.35235e-33 0)
(8.64606e-35 3.44128e-34 0)
(1.91522e-34 -7.75752e-35 0)
(1.34624e-34 -3.36635e-34 0)
(1.1192e-34 -1.16209e-33 0)
(1.34649e-34 -1.21128e-33 0)
(4.32243e-35 -5.73198e-34 0)
(2.56816e-35 -8.99329e-34 0)
(5.79051e-35 -1.44592e-35 0)
(-1.54195e-35 8.18507e-34 0)
(-1.05634e-34 2.46989e-34 0)
(-3.23706e-35 6.38688e-35 0)
(-8.64894e-36 1.20237e-35 0)
(-1.67879e-36 2.06714e-36 0)
(-2.96584e-37 3.08968e-37 0)
(-4.53529e-38 4.31717e-38 0)
(-6.45683e-39 5.53753e-39 0)
(-8.41288e-40 6.72358e-40 0)
(-1.03474e-40 7.67519e-41 0)
(-1.19424e-41 8.36337e-42 0)
(-1.31342e-42 8.68009e-43 0)
(-1.37996e-43 8.6787e-44 0)
(-2.01086e-44 1.1184e-44 0)
(-6.52968e-44 3.1557e-44 0)
(-6.22754e-43 3.14456e-43 0)
(-5.78452e-42 3.09107e-42 0)
(-5.13775e-41 2.90541e-41 0)
(-4.30646e-40 2.6169e-40 0)
(-3.42449e-39 2.22977e-39 0)
(-2.51919e-38 1.80909e-38 0)
(-1.73912e-37 1.36251e-37 0)
(-1.06571e-36 9.67484e-37 0)
(-6.02753e-36 6.10459e-36 0)
(-2.71119e-35 3.54333e-35 0)
(-1.10209e-34 1.58408e-34 0)
(-2.23192e-34 5.9498e-34 0)
(-1.77884e-33 1.75301e-33 0)
(-2.67394e-33 -4.8586e-33 0)
(-2.14878e-33 -1.89627e-32 0)
(-2.16756e-33 -8.23917e-34 0)
(-1.74403e-33 3.68804e-32 0)
(-1.81806e-34 9.94748e-33 0)
(-8.85227e-35 -2.11632e-32 0)
(2.41209e-33 -2.39128e-33 0)
(2.10041e-33 1.35644e-32 0)
(2.70055e-33 1.01121e-32 0)
(3.82956e-33 2.48904e-33 0)
(4.82254e-33 -6.1425e-34 0)
(4.23041e-33 -2.45202e-33 0)
(3.49289e-33 -8.68707e-33 0)
(1.79375e-33 -9.03454e-33 0)
(3.69878e-34 -4.1787e-33 0)
(-3.27842e-34 -6.76524e-33 0)
(-1.39641e-33 -9.76659e-35 0)
(-6.81082e-34 6.20234e-33 0)
(-1.00321e-33 1.81322e-33 0)
(-2.81541e-34 4.4889e-34 0)
(-7.11086e-35 8.1681e-35 0)
(-1.33174e-35 1.36247e-35 0)
(-2.2911e-36 1.98805e-36 0)
(-3.43102e-37 2.7235e-37 0)
(-4.80513e-38 3.43785e-38 0)
(-6.17561e-39 4.11974e-39 0)
(-7.5114e-40 4.6519e-40 0)
(-8.58689e-41 5.02334e-41 0)
(-9.36842e-42 5.17379e-42 0)
(-9.73415e-43 5.12478e-43 0)
(-9.81704e-44 4.93095e-44 0)
(-1.9967e-44 1.00871e-44 0)
(-1.03889e-43 5.71684e-44 0)
(-9.48755e-43 5.53246e-43 0)
(-8.33606e-42 5.14672e-42 0)
(-6.89689e-41 4.57867e-41 0)
(-5.39723e-40 3.84519e-40 0)
(-3.89108e-39 3.0641e-39 0)
(-2.61805e-38 2.25884e-38 0)
(-1.54901e-37 1.56084e-37 0)
(-8.35526e-37 9.53786e-37 0)
(-3.46764e-36 5.31803e-36 0)
(-1.2433e-35 2.27907e-35 0)
(-1.4204e-35 8.17373e-35 0)
(-7.06929e-33 -6.70243e-33 0)
(-2.72796e-32 -3.97026e-32 0)
(-4.34092e-32 -1.44333e-31 0)
(-1.16362e-31 -8.82001e-33 0)
(-4.50417e-32 2.78096e-31 0)
(8.02265e-32 7.31436e-32 0)
(1.47031e-32 -1.61792e-31 0)
(-8.33851e-33 -1.74425e-32 0)
(1.74932e-32 1.01824e-31 0)
(6.05712e-32 7.43737e-32 0)
(7.87784e-32 1.75042e-32 0)
(8.7606e-32 -3.9233e-33 0)
(8.19234e-32 -1.70099e-32 0)
(6.79008e-32 -6.39762e-32 0)
(2.32223e-32 -6.63683e-32 0)
(2.83729e-33 -2.93327e-32 0)
(-1.08587e-32 -5.04837e-32 0)
(-4.23195e-32 -6.2482e-34 0)
(-1.35825e-32 4.67378e-32 0)
(-8.86506e-33 1.28274e-32 0)
(-2.20701e-33 3.02026e-33 0)
(-5.12949e-34 5.2589e-34 0)
(-9.16289e-35 8.47586e-35 0)
(-1.52133e-35 1.20154e-35 0)
(-2.2201e-36 1.60958e-36 0)
(-3.04658e-37 1.99394e-37 0)
(-3.85278e-38 2.35391e-38 0)
(-4.62512e-39 2.62423e-39 0)
(-5.23045e-40 2.8041e-40 0)
(-5.65553e-41 2.86183e-41 0)
(-5.83147e-42 2.81263e-42 0)
(-5.78282e-43 2.6601e-43 0)
(-5.65652e-44 2.52551e-44 0)
(-1.92838e-44 1.17231e-44 0)
(-1.29749e-43 9.29397e-44 0)
(-1.11863e-42 8.57131e-43 0)
(-9.07051e-42 7.56624e-42 0)
(-6.90929e-41 6.29961e-41 0)
(-4.79371e-40 4.9724e-40 0)
(-3.04595e-39 3.6309e-39 0)
(-1.63023e-38 2.4884e-38 0)
(-7.25787e-38 1.51897e-37 0)
(-1.51316e-37 8.6104e-37 0)
(7.03841e-37 4.00942e-36 0)
(1.44218e-35 1.81801e-35 0)
(-5.0782e-32 -3.49857e-32 0)
(-2.40843e-31 -2.0634e-31 0)
(-5.94149e-31 -7.92217e-31 0)
(-2.05322e-30 -5.92978e-32 0)
(-7.14913e-31 1.52417e-30 0)
(1.59845e-30 3.9221e-31 0)
(2.6939e-31 -8.97802e-31 0)
(-3.9176e-31 -9.36894e-32 0)
(1.44425e-31 5.56188e-31 0)
(9.16597e-31 3.98358e-31 0)
(1.1521e-30 8.74422e-32 0)
(1.22932e-30 -2.89726e-32 0)
(1.17396e-30 -8.83266e-32 0)
(9.83535e-31 -3.43579e-31 0)
(2.71362e-31 -3.55062e-31 0)
(2.11689e-32 -1.50444e-31 0)
(-1.67463e-31 -2.73851e-31 0)
(-6.94476e-31 -2.8465e-33 0)
(-1.87904e-31 2.55962e-31 0)
(-7.8256e-32 6.64274e-32 0)
(-1.68555e-32 1.46025e-32 0)
(-3.56434e-33 2.41502e-33 0)
(-5.99584e-34 3.71811e-34 0)
(-9.55427e-35 5.08689e-35 0)
(-1.35145e-35 6.61945e-36 0)
(-1.81212e-36 8.01488e-37 0)
(-2.24871e-37 9.28848e-38 0)
(-2.65952e-38 1.02016e-38 0)
(-2.96978e-39 1.0768e-39 0)
(-3.17791e-40 1.08789e-40 0)
(-3.24738e-41 1.06021e-41 0)
(-3.19504e-42 9.95313e-43 0)
(-3.02488e-43 9.05826e-44 0)
(-2.86885e-44 9.50815e-45 0)
(-9.47079e-45 1.61847e-44 0)
(-3.27497e-44 1.48852e-43 0)
(7.56214e-44 1.38215e-42 0)
(4.46621e-42 1.23623e-41 0)
(7.61544e-41 1.07559e-40 0)
(9.75651e-40 9.03594e-40 0)
(1.0874e-38 7.47633e-39 0)
(1.08627e-37 6.0168e-38 0)
(9.98999e-37 4.85416e-37 0)
(8.48981e-36 3.82682e-36 0)
(6.68673e-35 3.04516e-35 0)
(-2.74027e-31 -1.58899e-31 0)
(-1.61056e-30 -9.81954e-31 0)
(-5.8016e-30 -4.49616e-30 0)
(-2.55471e-29 -5.19181e-31 0)
(-8.50973e-30 8.6854e-30 0)
(2.13159e-29 2.10276e-30 0)
(3.01329e-30 -5.24276e-30 0)
(-6.35056e-30 -4.59382e-31 0)
(9.0571e-31 3.12783e-30 0)
(1.04317e-29 2.13387e-30 0)
(1.2637e-29 4.12638e-31 0)
(1.31586e-29 -1.30492e-31 0)
(1.27647e-29 -4.12078e-31 0)
(1.08975e-29 -1.86425e-30 0)
(2.40183e-30 -1.91747e-30 0)
(1.18475e-31 -7.10015e-31 0)
(-1.73681e-30 -1.53554e-30 0)
(-8.39468e-30 -1.19284e-32 0)
(-1.85188e-30 1.45643e-30 0)
(-5.24188e-31 3.16095e-31 0)
)
;

boundaryField
{
    leftWall
    {
        type            fixedValue;
        value           uniform (0 0 0);
    }
    rightWall
    {
        type            fixedValue;
        value           nonuniform 0();
    }
    lowerWall
    {
        type            fixedValue;
        value           uniform (0 0 0);
    }
    atmosphere
    {
        type            pressureInletOutletVelocity;
        value           nonuniform 0();
    }
    defaultFaces
    {
        type            empty;
    }
    procBoundary0to1
    {
        type            processor;
        value           nonuniform List<vector> 
44
(
(9.82468e-40 -1.23357e-37 0)
(7.73185e-39 -8.76265e-37 0)
(4.55547e-38 -5.58965e-36 0)
(2.45189e-37 -3.39726e-35 0)
(1.17676e-36 -1.94923e-34 0)
(4.68378e-36 -1.06486e-33 0)
(1.34784e-35 -5.37596e-33 0)
(4.51531e-36 -2.61021e-32 0)
(-1.95572e-34 -1.10002e-31 0)
(-1.22475e-33 -4.87028e-31 0)
(1.88825e-33 -1.59529e-30 0)
(2.92968e-32 -1.32755e-29 0)
(2.36192e-31 1.77425e-30 0)
(2.93492e-32 1.53041e-29 0)
(2.49873e-33 1.98882e-30 0)
(1.66076e-34 1.35403e-30 0)
(7.68025e-35 4.41157e-30 0)
(1.20235e-34 2.99987e-29 0)
(3.60796e-36 5.4251e-29 0)
(-1.19842e-34 3.15237e-29 0)
(-1.19842e-34 3.15237e-29 0)
(6.87968e-31 9.89788e-31 0)
(1.21497e-31 2.21636e-31 0)
(2.05422e-32 3.52593e-32 0)
(2.72033e-33 5.75072e-33 0)
(3.48265e-34 1.82938e-33 0)
(2.62119e-35 8.39881e-33 0)
(-1.2225e-34 6.46335e-32 0)
(-1.09624e-33 4.13497e-31 0)
(-7.25686e-33 2.93036e-30 0)
(-4.4197e-32 1.31488e-29 0)
(-3.79227e-32 9.83042e-29 0)
(3.79233e-32 9.83042e-29 0)
(4.41764e-32 1.31487e-29 0)
(6.70242e-33 2.92991e-30 0)
(-7.64967e-33 4.11015e-31 0)
(-1.01492e-31 5.04561e-32 0)
(-8.18816e-31 8.2992e-33 0)
(-1.01618e-31 1.5235e-32 0)
(-8.7459e-33 2.60401e-33 0)
(-5.518e-34 4.68562e-34 0)
(-3.04166e-36 7.53744e-35 0)
(1.10994e-34 6.70273e-35 0)
(4.92039e-34 2.33356e-34 0)
)
;
    }
    procBoundary0to2
    {
        type            processor;
        value           nonuniform List<vector> 
46
(
(-9.68646e-32 6.54012e-32 0)
(-1.81186e-32 1.01787e-32 0)
(-2.833e-33 1.516e-33 0)
(-4.27286e-34 2.00954e-34 0)
(-5.8155e-35 2.55918e-35 0)
(-7.56934e-36 3.03722e-36 0)
(-9.18206e-37 3.46618e-37 0)
(-1.06646e-37 3.75367e-38 0)
(-1.17371e-38 3.91657e-39 0)
(-1.24116e-39 3.91531e-40 0)
(-1.25594e-40 3.78136e-41 0)
(-1.22569e-41 3.52059e-42 0)
(-1.15183e-42 3.17568e-43 0)
(-1.01942e-43 2.78781e-44 0)
(2.50674e-44 3.73942e-45 0)
(3.99015e-43 1.28068e-44 0)
(4.49941e-42 1.09234e-43 0)
(4.88822e-41 8.88201e-43 0)
(5.11e-40 6.80905e-42 0)
(5.14443e-39 4.78883e-41 0)
(4.95979e-38 3.12627e-40 0)
(4.5917e-37 1.78041e-39 0)
(4.04113e-36 9.15326e-39 0)
(3.40457e-35 3.5368e-38 0)
(2.69471e-34 1.14912e-37 0)
(-1.31272e-30 3.67706e-34 0)
(-8.59593e-30 1.81675e-34 0)
(-3.33509e-29 1.32765e-34 0)
(-2.18237e-28 3.47234e-35 0)
(-7.24208e-29 7.99506e-36 0)
(1.94174e-28 1.68328e-36 0)
(1.76523e-29 -1.91695e-36 0)
(-6.09142e-29 -8.01158e-35 0)
(4.6136e-30 -1.38422e-33 0)
(8.33795e-29 -1.69808e-32 0)
(9.60711e-29 -1.5786e-31 0)
(9.87804e-29 -1.04507e-30 0)
(9.65102e-29 -1.5786e-31 0)
(8.58789e-29 -1.69809e-32 0)
(1.35361e-29 -1.38425e-33 0)
(5.54834e-31 -8.01496e-35 0)
(-1.00836e-29 -2.1208e-36 0)
(-7.188e-29 2.77891e-37 0)
(-1.06244e-29 7.00339e-38 0)
(-9.68646e-32 6.54012e-32 0)
(-2.80092e-30 1.01609e-38 0)
)
;
    }
}


// ************************************************************************* //
