/*--------------------------------*- C++ -*----------------------------------*\
| =========                 |                                                 |
| \\      /  F ield         | OpenFOAM: The Open Source CFD Toolbox           |
|  \\    /   O peration     | Version:  2.4.0                                 |
|   \\  /    A nd           | Web:      www.OpenFOAM.org                      |
|    \\/     M anipulation  |                                                 |
\*---------------------------------------------------------------------------*/
FoamFile
{
    version     2.0;
    format      ascii;
    class       volVectorField;
    location    "0.95";
    object      U;
}
// * * * * * * * * * * * * * * * * * * * * * * * * * * * * * * * * * * * * * //

dimensions      [0 1 -1 0 0 0 0];

internalField   nonuniform List<vector> 
1935
(
(1.65617e-33 6.0748e-38 0)
(3.81389e-34 -1.84129e-34 0)
(8.38917e-35 -4.63758e-35 0)
(1.34474e-35 -2.85859e-35 0)
(-2.17992e-35 -1.55642e-34 0)
(-6.78515e-34 -1.29346e-33 0)
(-1.12385e-32 -8.86747e-33 0)
(-1.36748e-31 -6.47067e-32 0)
(-1.14877e-30 -2.87486e-31 0)
(-1.31623e-31 -2.13448e-30 0)
(2.13348e-32 -8.85441e-30 0)
(-6.75478e-33 -7.70465e-29 0)
(-6.7708e-32 1.71182e-30 0)
(-4.67873e-33 7.89797e-29 0)
(3.34416e-32 9.13166e-30 0)
(5.25974e-33 2.25349e-30 0)
(1.48504e-35 5.66144e-31 0)
(-4.86496e-33 2.13505e-30 0)
(-3.0425e-32 7.30934e-30 0)
(5.23921e-32 7.56393e-29 0)
(1.16513e-31 -1.055e-28 0)
(-3.91449e-32 -1.92754e-28 0)
(-1.16687e-31 -1.6038e-29 0)
(4.14798e-32 7.55767e-29 0)
(1.16275e-31 -1.10537e-28 0)
(-7.94003e-32 -1.96099e-28 0)
(-8.99336e-32 7.68088e-29 0)
(1.33918e-32 4.22459e-30 0)
(-1.84432e-31 2.35413e-31 0)
(-1.60281e-30 -1.35386e-29 0)
(-1.96794e-31 -1.07156e-28 0)
(-6.13814e-32 -1.24245e-29 0)
(-8.16258e-33 -2.97761e-30 0)
(-1.12254e-33 -4.04392e-31 0)
(-2.20297e-36 -1.21626e-31 0)
(1.05419e-33 -3.6546e-31 0)
(6.54168e-33 -2.75614e-30 0)
(4.0165e-32 -9.64679e-30 0)
(-6.86889e-32 -9.97449e-29 0)
(-1.5426e-31 1.38315e-28 0)
(4.41525e-32 2.55869e-28 0)
(1.10157e-31 3.14944e-29 0)
(1.72924e-32 8.1962e-30 0)
(1.15682e-32 -7.42418e-38 0)
(7.55128e-32 -9.42121e-38 0)
(4.17094e-31 -3.03078e-38 0)
(2.44759e-30 -8.07231e-39 0)
(2.5858e-33 -1.40713e-33 0)
(1.60468e-32 -9.24021e-33 0)
(8.46276e-32 -5.77191e-32 0)
(4.44379e-31 -2.81097e-31 0)
(5.37217e-34 -3.28877e-34 0)
(3.1025e-33 -2.0944e-33 0)
(1.46003e-32 -1.23685e-32 0)
(6.58717e-32 -5.68817e-32 0)
(8.10587e-35 -6.63928e-35 0)
(4.33289e-34 -4.35513e-34 0)
(1.87499e-33 -2.50687e-33 0)
(7.38806e-33 -1.08403e-32 0)
(-2.63687e-36 4.13039e-35 0)
(4.15192e-35 2.50015e-35 0)
(2.21841e-34 -3.34191e-34 0)
(8.30702e-34 -1.4864e-33 0)
(-5.81571e-34 3.90304e-34 0)
(-2.49887e-34 6.98863e-34 0)
(-1.10111e-34 1.52752e-34 0)
(5.12855e-35 -1.52081e-34 0)
(-1.0306e-32 1.77994e-33 0)
(-3.28464e-33 3.84888e-33 0)
(-1.23069e-33 1.04544e-33 0)
(-2.70206e-34 2.09556e-34 0)
(-1.28949e-31 7.93961e-33 0)
(-3.11256e-32 2.16848e-32 0)
(-8.37072e-33 5.07035e-33 0)
(-1.61894e-33 1.06063e-33 0)
(-1.09106e-30 -7.53087e-32 0)
(-1.82178e-31 -1.57855e-32 0)
(-4.53856e-32 -2.54957e-33 0)
(-7.84083e-33 -3.83626e-34 0)
(1.19636e-31 -5.17694e-31 0)
(3.6362e-32 -1.1619e-31 0)
(6.87669e-33 -1.86108e-32 0)
(9.93685e-34 -2.90708e-33 0)
(1.49532e-30 -1.91883e-30 0)
(3.38534e-31 -2.53448e-31 0)
(7.14543e-32 -2.4186e-32 0)
(1.14575e-32 -1.72737e-33 0)
(-2.97238e-31 -1.11527e-29 0)
(-7.99623e-32 -1.19374e-30 0)
(-1.81779e-32 -9.57264e-32 0)
(-3.13275e-33 -4.86086e-33 0)
(-3.14794e-30 2.64715e-31 0)
(-7.21138e-31 3.00687e-32 0)
(-1.54276e-31 2.59521e-33 0)
(-2.50585e-32 1.60307e-34 0)
(-2.31426e-31 1.14657e-29 0)
(-6.45419e-32 1.23018e-30 0)
(-1.47799e-32 9.89075e-32 0)
(-2.56445e-33 5.05225e-33 0)
(1.54671e-30 1.97695e-30 0)
(3.51728e-31 2.5873e-31 0)
(7.48528e-32 2.42098e-32 0)
(1.20961e-32 1.61031e-33 0)
(2.55637e-31 5.22583e-31 0)
(6.94582e-32 9.69214e-32 0)
(1.57101e-32 1.38905e-32 0)
(2.6954e-33 1.89186e-33 0)
(1.96592e-33 1.47504e-31 0)
(7.27598e-34 3.05031e-32 0)
(2.11547e-34 4.86347e-33 0)
(4.41486e-35 7.21866e-34 0)
(-2.26303e-31 4.81822e-31 0)
(-6.03256e-32 8.62791e-32 0)
(-1.33014e-32 1.18747e-32 0)
(-2.23302e-33 1.55328e-33 0)
(-1.37844e-30 1.52503e-30 0)
(-2.95589e-31 1.58318e-31 0)
(-6.11485e-32 7.74862e-33 0)
(-9.59063e-33 -9.01745e-34 0)
(2.46744e-30 9.94217e-30 0)
(5.91815e-31 9.55797e-31 0)
(1.28805e-31 6.44045e-32 0)
(2.12915e-32 1.21604e-33 0)
(5.41114e-30 -1.6289e-29 0)
(1.23693e-30 -1.84881e-30 0)
(2.64241e-31 -1.59728e-31 0)
(4.28609e-32 -9.98345e-33 0)
(-1.8069e-30 -2.87919e-29 0)
(-4.10254e-31 -3.16001e-30 0)
(-8.71603e-32 -2.61075e-31 0)
(-1.40609e-32 -1.43917e-32 0)
(-5.39666e-30 -3.58447e-30 0)
(-1.22592e-30 -5.50566e-31 0)
(-2.60827e-31 -6.54378e-32 0)
(-4.21384e-32 -7.14339e-33 0)
(1.91193e-30 9.42008e-30 0)
(4.33487e-31 7.99469e-31 0)
(9.19902e-32 3.71386e-32 0)
(1.48264e-32 -3.00446e-33 0)
(5.36841e-30 -1.69594e-29 0)
(1.20807e-30 -1.9039e-30 0)
(2.5618e-31 -1.61853e-31 0)
(4.12389e-32 -9.64123e-33 0)
(-3.67804e-30 -2.86764e-29 0)
(-8.29276e-31 -3.12698e-30 0)
(-1.7638e-31 -2.59256e-31 0)
(-2.84749e-32 -1.47906e-32 0)
(-4.14377e-30 9.48433e-30 0)
(-9.60395e-31 8.92202e-31 0)
(-2.06252e-31 6.17088e-32 0)
(-3.36393e-32 1.92636e-33 0)
(1.32603e-30 9.24455e-31 0)
(2.74508e-31 5.29314e-32 0)
(5.56537e-32 -7.06997e-33 0)
(8.53626e-33 -2.87996e-33 0)
(3.7278e-31 -5.90803e-32 0)
(1.05471e-31 4.75133e-34 0)
(2.14889e-32 1.16356e-33 0)
(3.36129e-33 5.0358e-34 0)
(5.3894e-31 -2.83156e-30 0)
(2.18936e-31 -3.69137e-31 0)
(3.7371e-32 -3.49232e-32 0)
(5.35303e-33 -2.43537e-33 0)
(-2.13688e-31 -1.58295e-29 0)
(-5.12865e-32 -1.78103e-30 0)
(-1.34592e-32 -1.55902e-31 0)
(-2.5645e-33 -1.066e-32 0)
(-2.11991e-30 -2.71233e-30 0)
(-4.87156e-31 -3.67889e-31 0)
(-1.04991e-31 -3.68186e-32 0)
(-1.71685e-32 -2.96269e-33 0)
(-3.53824e-31 -6.91765e-31 0)
(-9.67878e-32 -1.29308e-31 0)
(-2.21344e-32 -1.86962e-32 0)
(-3.83531e-33 -2.57821e-33 0)
(-6.18836e-32 -1.06495e-31 0)
(-1.78174e-32 -2.26172e-32 0)
(-4.34469e-33 -3.70034e-33 0)
(-7.89677e-34 -5.64521e-34 0)
(-4.37606e-34 -3.31415e-32 0)
(-1.52755e-34 -7.70035e-33 0)
(-4.67863e-35 -1.35508e-33 0)
(-1.00868e-35 -2.20532e-34 0)
(5.81441e-32 -9.48614e-32 0)
(1.64791e-32 -1.9409e-32 0)
(3.94965e-33 -3.06352e-33 0)
(7.06592e-34 -4.50028e-34 0)
(3.06528e-31 -6.19208e-31 0)
(8.20258e-32 -1.10011e-31 0)
(1.81708e-32 -1.49949e-32 0)
(3.06369e-33 -1.93999e-33 0)
(1.82008e-30 -2.01232e-30 0)
(3.90516e-31 -2.08886e-31 0)
(8.08095e-32 -1.02066e-32 0)
(1.26783e-32 1.19504e-33 0)
(-3.23705e-30 -1.31141e-29 0)
(-7.77024e-31 -1.25986e-30 0)
(-1.69208e-31 -8.46467e-32 0)
(-2.79853e-32 -1.53484e-33 0)
(-7.17459e-30 2.13954e-29 0)
(-1.64356e-30 2.43734e-30 0)
(-3.51587e-31 2.12002e-31 0)
(-5.71027e-32 1.35162e-32 0)
(2.03156e-30 3.84385e-29 0)
(4.47677e-31 4.26361e-30 0)
(9.42829e-32 3.58583e-31 0)
(1.50631e-32 2.09607e-32 0)
(5.12526e-30 6.89695e-30 0)
(1.1869e-30 9.55347e-31 0)
(2.54876e-31 9.83669e-32 0)
(4.15653e-32 8.33202e-33 0)
(8.17096e-31 1.93801e-30 0)
(2.24671e-31 3.48306e-31 0)
(5.17483e-32 4.81984e-32 0)
(9.0298e-33 6.26463e-33 0)
(9.87313e-30 -1.53825e-39 0)
(6.88647e-29 -2.7297e-40 0)
(6.10597e-29 6.55835e-41 0)
(-6.06581e-29 9.28582e-41 0)
(-6.6526e-29 -4.5738e-41 0)
(3.45395e-31 -1.05792e-40 0)
(6.89133e-29 -5.50995e-41 0)
(7.08513e-29 4.3511e-41 0)
(1.01311e-29 5.35468e-41 0)
(2.32429e-30 1.00397e-41 0)
(3.442e-31 1.49967e-42 0)
(5.36318e-32 -2.8442e-42 0)
(-6.44053e-33 -3.35088e-41 0)
(-1.02673e-31 -3.46671e-40 0)
(-6.34083e-31 -3.3659e-39 0)
(-4.3104e-30 -2.83359e-38 0)
(-1.79843e-29 -1.70889e-37 0)
(-1.31847e-28 4.62908e-37 0)
(-6.88567e-29 3.74257e-35 0)
(6.10104e-29 7.95883e-34 0)
(7.67645e-29 1.14478e-32 0)
(7.31598e-29 1.23546e-31 0)
(1.27516e-29 9.35392e-31 0)
(1.25737e-29 1.23583e-31 0)
(7.15426e-29 1.22063e-32 0)
(7.12438e-29 1.14479e-32 0)
(1.01809e-29 1.12135e-31 0)
(2.35026e-30 8.11846e-31 0)
(3.75954e-31 -8.11845e-31 0)
(1.53391e-31 -1.1206e-31 0)
(6.9071e-31 -9.83628e-33 0)
(4.62403e-30 1.09775e-32 0)
(2.01385e-29 1.2665e-31 0)
(1.40626e-28 9.59686e-31 0)
(1.36146e-28 1.38097e-31 0)
(-3.51278e-29 1.35244e-31 0)
(5.54852e-29 9.35442e-31 0)
(-9.45221e-30 1.12893e-31 0)
(-1.23882e-28 -1.01034e-31 0)
(-1.52022e-29 -8.12116e-31 0)
(1.67026e-30 -1.35835e-30 0)
(8.12004e-30 -9.19941e-31 0)
(6.81914e-30 2.58376e-30 0)
(-6.73685e-30 2.54245e-30 0)
(-7.69366e-30 -1.18402e-30 0)
(7.03472e-32 -2.76477e-30 0)
(8.13029e-30 -1.44179e-30 0)
(8.47458e-30 1.13698e-30 0)
(1.72446e-30 1.39981e-30 0)
(4.23161e-31 2.63536e-31 0)
(7.00707e-32 4.78487e-32 0)
(1.1375e-32 6.83345e-33 0)
(-1.43546e-33 2.56981e-33 0)
(-2.17397e-32 1.24904e-32 0)
(-1.2861e-31 8.91225e-32 0)
(-7.77591e-31 4.80006e-31 0)
(-3.03549e-30 2.54164e-30 0)
(-1.52801e-29 9.13745e-31 0)
(-8.11833e-30 -3.81655e-30 0)
(6.80819e-30 -3.03567e-30 0)
(9.43801e-30 -3.10414e-31 0)
(8.87939e-30 1.3275e-30 0)
(2.20754e-30 1.29817e-30 0)
(2.18761e-30 -1.11419e-30 0)
(8.61778e-30 -1.13245e-30 0)
(8.55309e-30 1.19347e-30 0)
(1.72311e-30 1.42738e-30 0)
(4.4382e-31 3.63042e-31 0)
(9.19935e-32 -5.25631e-32 0)
(2.04424e-32 -2.66539e-32 0)
(1.3766e-31 -9.59307e-32 0)
(8.37264e-31 -5.12139e-31 0)
(3.4059e-30 -2.64961e-30 0)
(1.67781e-29 -1.22706e-30 0)
(1.60719e-29 3.47079e-30 0)
(-2.46377e-30 1.74739e-30 0)
(5.92285e-30 -8.8475e-32 0)
(-1.56838e-30 3.44586e-30 0)
(-1.39303e-29 2.18569e-31 0)
(-2.48378e-30 -1.82749e-30 0)
(1.76877e-31 -2.35196e-31 0)
(6.47046e-31 -1.46971e-31 0)
(5.25067e-31 4.4465e-31 0)
(-5.10441e-31 4.35862e-31 0)
(-5.82439e-31 -2.00661e-31 0)
(1.22813e-32 -4.80688e-31 0)
(6.48954e-31 -2.52947e-31 0)
(6.98912e-31 1.9058e-31 0)
(1.85858e-31 2.44005e-31 0)
(6.38601e-32 5.35899e-32 0)
(1.22201e-32 1.02714e-32 0)
(2.21219e-33 1.55543e-33 0)
(-2.97764e-34 6.01296e-34 0)
(-4.21997e-33 2.83335e-33 0)
(-2.21941e-32 1.90495e-32 0)
(-1.15776e-31 9.7091e-32 0)
(-3.09724e-31 4.35674e-31 0)
(-1.22129e-30 1.45541e-31 0)
(-6.46614e-31 -6.55792e-31 0)
(5.2293e-31 -5.35907e-31 0)
(7.72166e-31 -6.33949e-32 0)
(7.59637e-31 2.28946e-31 0)
(2.59978e-31 2.25727e-31 0)
(2.57051e-31 -1.85229e-31 0)
(7.23958e-31 -1.89239e-31 0)
(7.12777e-31 2.03068e-31 0)
(1.86081e-31 2.50192e-31 0)
(6.74841e-32 7.51702e-32 0)
(1.6095e-32 -1.15184e-32 0)
(4.37597e-33 -5.95265e-33 0)
(2.33947e-32 -2.07249e-32 0)
(1.22991e-31 -1.03719e-31 0)
(3.49069e-31 -4.59848e-31 0)
(1.37728e-30 -2.40333e-31 0)
(1.3555e-30 5.84116e-31 0)
(-8.62741e-32 3.16393e-31 0)
(4.63744e-31 2.34733e-32 0)
(-1.6073e-31 5.82359e-31 0)
(-1.10409e-30 4.42797e-32 0)
(-2.82824e-31 -2.9487e-31 0)
(1.39625e-32 -4.21308e-32 0)
(3.65584e-32 -2.55965e-32 0)
(2.87517e-32 7.97842e-32 0)
(-2.68244e-32 7.80087e-32 0)
(-2.91572e-32 -3.58321e-32 0)
(1.59552e-33 -8.64481e-32 0)
(3.68194e-32 -4.57632e-32 0)
(4.22853e-32 3.37827e-32 0)
(1.50899e-32 4.39548e-32 0)
(7.28479e-33 1.02085e-32 0)
(1.58599e-33 2.09179e-33 0)
(3.10839e-34 3.33939e-34 0)
(-4.40916e-35 1.3444e-34 0)
(-5.91997e-34 6.05262e-34 0)
(-2.85597e-33 3.86394e-33 0)
(-1.30242e-32 1.83658e-32 0)
(-2.31547e-32 7.79665e-32 0)
(-7.06537e-32 2.52955e-32 0)
(-3.64897e-32 -1.17754e-31 0)
(2.84449e-32 -9.70096e-32 0)
(4.47651e-32 -1.22383e-32 0)
(4.90341e-32 4.06198e-32 0)
(2.36867e-32 3.91288e-32 0)
(2.34984e-32 -3.29634e-32 0)
(4.55647e-32 -3.35282e-32 0)
(4.40892e-32 3.6314e-32 0)
(1.50591e-32 4.49892e-32 0)
(7.89445e-33 1.30883e-32 0)
(2.23154e-33 -8.33672e-34 0)
(5.43034e-34 -9.7292e-34 0)
(2.95861e-33 -4.12955e-33 0)
(1.36949e-32 -1.93797e-32 0)
(2.6555e-32 -8.15038e-32 0)
(8.28327e-32 -3.7502e-32 0)
(8.68115e-32 1.05271e-31 0)
(3.31902e-33 5.80621e-32 0)
(2.78166e-32 5.33148e-33 0)
(-1.18772e-32 1.04139e-31 0)
(-6.4512e-32 9.36319e-33 0)
(-2.52089e-32 -5.04819e-32 0)
(9.60772e-34 -5.44697e-33 0)
(8.40913e-34 -3.19427e-33 0)
(5.75723e-34 1.03193e-32 0)
(-3.26998e-34 1.00644e-32 0)
(1.31503e-35 -4.6067e-33 0)
(2.03226e-34 -1.12184e-32 0)
(8.75804e-34 -5.97296e-33 0)
(1.47962e-33 4.31073e-33 0)
(1.10161e-33 5.713e-33 0)
(8.37005e-34 1.4079e-33 0)
(2.01815e-34 3.02566e-34 0)
(4.23689e-35 5.04898e-35 0)
(-6.25907e-36 2.09306e-35 0)
(-8.06004e-35 9.11572e-35 0)
(-3.60507e-34 5.56921e-34 0)
(-1.47793e-33 2.51954e-33 0)
(-1.4013e-33 1.00578e-32 0)
(-2.00249e-33 3.14925e-33 0)
(-8.30657e-34 -1.52356e-32 0)
(5.33792e-34 -1.2679e-32 0)
(1.15933e-33 -1.69743e-33 0)
(2.24768e-33 5.2432e-33 0)
(2.10326e-33 5.11211e-33 0)
(2.08753e-33 -4.17978e-33 0)
(1.8978e-33 -4.2671e-33 0)
(1.71153e-33 4.68359e-33 0)
(1.10205e-33 5.87253e-33 0)
(9.16544e-34 1.84356e-33 0)
(2.86241e-34 -1.4005e-34 0)
(7.71691e-35 -1.48946e-34 0)
(3.66889e-34 -5.94575e-34 0)
(1.52404e-33 -2.63864e-33 0)
(1.61188e-33 -1.04585e-32 0)
(2.81975e-33 -4.54997e-33 0)
(4.01914e-33 1.36208e-32 0)
(1.27713e-33 7.72603e-33 0)
(1.09668e-33 1.11634e-33 0)
(-7.17201e-34 1.34276e-32 0)
(-2.06521e-33 1.35289e-33 0)
(-2.21095e-33 -6.36197e-33 0)
(5.43248e-35 -6.9469e-34 0)
(-1.00721e-34 -4.03253e-34 0)
(-8.92845e-35 1.33344e-33 0)
(1.17549e-34 1.29794e-33 0)
(1.8982e-34 -5.93499e-34 0)
(2.30507e-35 -1.45113e-33 0)
(-9.54044e-35 -7.75935e-34 0)
(-3.37536e-35 5.5226e-34 0)
(7.77275e-35 7.39837e-34 0)
(8.82093e-35 1.88409e-34 0)
(2.28728e-35 4.22186e-35 0)
(5.02514e-36 7.29281e-36 0)
(-7.65783e-37 3.10281e-36 0)
(-9.55123e-36 1.31203e-35 0)
(-4.06262e-35 7.74886e-35 0)
(-1.54245e-34 3.35532e-34 0)
(-7.13758e-35 1.29695e-33 0)
(1.29177e-34 3.97943e-34 0)
(1.00769e-34 -1.97003e-33 0)
(-9.41362e-35 -1.64715e-33 0)
(-1.03875e-34 -2.28924e-34 0)
(4.57044e-35 6.73223e-34 0)
(1.84415e-34 6.5536e-34 0)
(1.84152e-34 -5.35078e-34 0)
(1.3877e-35 -5.46031e-34 0)
(-7.37973e-36 6.04475e-34 0)
(7.7476e-35 7.61287e-34 0)
(9.82705e-35 2.41961e-34 0)
(3.35105e-35 -1.23372e-35 0)
(8.69946e-36 -1.97016e-35 0)
(4.05908e-35 -8.16656e-35 0)
(1.56374e-34 -3.46088e-34 0)
(8.08521e-35 -1.32844e-33 0)
(-7.73989e-35 -4.92829e-34 0)
(9.42586e-35 1.77786e-33 0)
(1.73878e-34 1.01778e-33 0)
(3.98077e-36 1.66674e-34 0)
(-3.48942e-35 1.7353e-33 0)
(7.60234e-35 1.9233e-34 0)
(-1.92649e-34 -8.04138e-34 0)
(-5.04667e-35 -4.2275e-35 0)
(-2.92778e-35 -3.94295e-35 0)
(-1.87408e-35 1.50581e-34 0)
(2.05592e-35 1.45794e-34 0)
(3.04548e-35 -6.65236e-35 0)
(2.56291e-36 -1.63459e-34 0)
(-2.03675e-35 -8.77459e-35 0)
(-1.39419e-35 6.15791e-35 0)
(6.07043e-36 8.34242e-35 0)
(9.38937e-36 2.19497e-35 0)
(2.54358e-36 5.07614e-36 0)
(5.77085e-37 9.02481e-37 0)
(-8.99182e-38 3.9171e-37 0)
(-1.09625e-36 1.61899e-36 0)
(-4.49884e-36 9.29395e-36 0)
(-1.6317e-35 3.89407e-35 0)
(-3.22318e-36 1.45597e-34 0)
(3.21984e-35 4.36984e-35 0)
(2.09849e-35 -2.21685e-34 0)
(-1.81057e-35 -1.86344e-34 0)
(-2.34584e-35 -2.67747e-35 0)
(-5.53194e-36 7.55725e-35 0)
(1.74999e-35 7.43238e-35 0)
(1.75248e-35 -5.93572e-35 0)
(-8.63807e-36 -6.07499e-35 0)
(-1.09925e-35 6.79348e-35 0)
(6.0731e-36 8.61302e-35 0)
(1.05237e-35 2.86226e-35 0)
(3.74304e-36 -1.7205e-36 0)
(1.01288e-36 -2.46643e-36 0)
(4.41185e-36 -9.73908e-36 0)
(1.62009e-35 -3.96619e-35 0)
(2.80101e-36 -1.47259e-34 0)
(-2.86213e-35 -4.77412e-35 0)
(-7.08227e-36 2.01535e-34 0)
(2.04785e-35 1.16861e-34 0)
(-5.39665e-36 2.26418e-35 0)
(-1.44423e-36 1.95193e-34 0)
(2.38208e-35 2.32224e-35 0)
(-1.81967e-35 -8.91866e-35 0)
(-2.79796e-34 1.49698e-34 0)
(-4.27434e-35 1.63824e-35 0)
(-7.5555e-36 1.91091e-35 0)
(1.72046e-36 1.63541e-35 0)
(3.38384e-36 -7.29435e-36 0)
(2.55447e-37 -1.80473e-35 0)
(-2.45151e-36 -9.71831e-36 0)
(-1.81879e-36 6.7533e-36 0)
(5.08278e-37 9.21961e-36 0)
(9.37901e-37 2.47888e-36 0)
(2.61995e-37 5.88056e-37 0)
(6.0777e-38 1.06874e-37 0)
(-9.64109e-39 4.7147e-38 0)
(-1.15403e-37 1.91268e-37 0)
(-4.61993e-37 1.07462e-36 0)
(-1.62255e-36 4.38383e-36 0)
(-1.28122e-37 1.60425e-35 0)
(3.9671e-36 4.74302e-36 0)
(2.5157e-36 -2.44751e-35 0)
(-2.13264e-36 -2.06399e-35 0)
(-2.85796e-36 -3.0373e-36 0)
(-9.87795e-37 8.30892e-36 0)
(1.65526e-36 8.19196e-36 0)
(1.66736e-36 -6.49721e-36 0)
(-1.2707e-36 -6.65396e-36 0)
(-1.51436e-36 7.49298e-36 0)
(5.06794e-37 9.53273e-36 0)
(1.06162e-36 3.21926e-36 0)
(3.92435e-37 -1.66813e-37 0)
(1.03191e-37 -2.8183e-37 0)
(4.44429e-37 -1.1128e-36 0)
(1.58108e-36 -4.38948e-36 0)
(-2.05214e-38 -1.59403e-35 0)
(-3.68889e-36 -4.12029e-36 0)
(-1.3603e-36 2.25074e-35 0)
(2.11009e-36 1.31073e-35 0)
(-7.58179e-37 2.73875e-36 0)
(-3.38177e-38 2.15543e-35 0)
(3.01296e-36 2.7146e-36 0)
(-1.71635e-36 -9.71261e-36 0)
(-1.29449e-33 -4.86108e-35 0)
(-1.77102e-34 -5.95447e-36 0)
(-2.36356e-35 1.0837e-36 0)
(-2.57995e-36 1.56556e-36 0)
(2.73539e-38 -7.48345e-37 0)
(-9.20668e-39 -1.83464e-36 0)
(-2.59636e-37 -9.90169e-37 0)
(-1.95057e-37 6.81464e-37 0)
(4.55753e-38 9.37416e-37 0)
(9.1847e-38 2.57315e-37 0)
(2.61664e-38 6.22741e-38 0)
(6.17113e-39 1.15309e-38 0)
(-9.92295e-40 5.15358e-39 0)
(-1.17142e-38 2.05955e-38 0)
(-4.60354e-38 1.13612e-37 0)
(-1.58432e-37 4.53896e-37 0)
(-4.3735e-39 1.62633e-36 0)
(4.17328e-37 4.73532e-37 0)
(2.62543e-37 -2.4855e-36 0)
(-2.21028e-37 -2.10319e-36 0)
(-2.99962e-37 -3.1602e-37 0)
(-1.13652e-37 8.42466e-37 0)
(1.58261e-37 8.37092e-37 0)
(1.59855e-37 -6.52876e-37 0)
(-1.39891e-37 -6.70222e-37 0)
(-1.64211e-37 7.60496e-37 0)
(4.55903e-38 9.71764e-37 0)
(1.0439e-37 3.37863e-37 0)
(3.93714e-38 -1.98171e-38 0)
(1.04305e-38 -3.06831e-38 0)
(4.34107e-38 -1.1669e-37 0)
(1.51155e-37 -4.47429e-37 0)
(-2.13941e-38 -1.5895e-36 0)
(-3.93046e-37 -3.19392e-37 0)
(-1.51267e-37 2.30944e-36 0)
(2.10155e-37 1.35264e-36 0)
(-8.14922e-38 3.08808e-37 0)
(1.28478e-39 2.18948e-36 0)
(3.18837e-37 2.88215e-37 0)
(-1.63456e-37 -9.77318e-37 0)
(9.81861e-35 -3.70546e-34 0)
(7.08397e-36 -4.44027e-35 0)
(7.63618e-38 -4.83614e-36 0)
(-4.18162e-38 -3.86496e-37 0)
(1.77977e-38 -1.29809e-37 0)
(7.74325e-41 -1.86762e-37 0)
(-2.4534e-38 -9.85115e-38 0)
(-1.86333e-38 6.68915e-38 0)
(4.04308e-39 9.26054e-38 0)
(8.50621e-39 2.58105e-38 0)
(2.46325e-39 6.34779e-39 0)
(5.88415e-40 1.19269e-39 0)
(-9.57214e-41 5.38729e-40 0)
(-1.11665e-39 2.1268e-39 0)
(-4.32583e-39 1.15656e-38 0)
(-1.46364e-38 4.54348e-38 0)
(-6.30906e-41 1.60317e-37 0)
(3.95904e-38 4.61435e-38 0)
(2.48485e-38 -2.45361e-37 0)
(-2.08419e-38 -2.08122e-37 0)
(-2.848e-38 -3.17794e-38 0)
(-1.11496e-38 8.29718e-38 0)
(1.45059e-38 8.2719e-38 0)
(1.47167e-38 -6.39878e-38 0)
(-1.34256e-38 -6.57575e-38 0)
(-1.57251e-38 7.5034e-38 0)
(4.03189e-39 9.61459e-38 0)
(9.73362e-39 3.39251e-38 0)
(3.75196e-39 -1.92314e-39 0)
(9.64862e-40 -3.12635e-39 0)
(3.99543e-39 -1.17408e-38 0)
(1.36807e-38 -4.39705e-38 0)
(-3.23741e-39 -1.53637e-37 0)
(-3.74266e-38 -2.02388e-38 0)
(-1.408e-38 2.30827e-37 0)
(1.95972e-38 1.35375e-37 0)
(-7.6672e-39 3.25039e-38 0)
(3.7632e-40 2.16209e-37 0)
(3.02856e-38 2.95036e-38 0)
(-1.49456e-38 -9.56213e-38 0)
(1.59084e-33 -6.89675e-35 0)
(1.91368e-34 3.78928e-37 0)
(2.18558e-35 4.18579e-37 0)
(2.34281e-36 6.74382e-38 0)
(2.43224e-37 -1.62685e-39 0)
(2.36584e-38 -1.64017e-38 0)
(6.74087e-42 -9.09477e-39 0)
(-1.49339e-39 6.19761e-39 0)
(3.73015e-40 8.61771e-39 0)
(7.66268e-40 2.4363e-39 0)
(2.24327e-40 6.0707e-40 0)
(5.41171e-41 1.15517e-40 0)
(-8.88362e-42 5.26389e-41 0)
(-1.0266e-40 2.05703e-40 0)
(-3.93161e-40 1.10479e-39 0)
(-1.31345e-39 4.28121e-39 0)
(9.58703e-42 1.48864e-38 0)
(3.58937e-39 4.23658e-39 0)
(2.25133e-39 -2.28118e-38 0)
(-1.88405e-39 -1.93965e-38 0)
(-2.58481e-39 -3.0036e-39 0)
(-1.02464e-39 7.70789e-39 0)
(1.2979e-39 7.73111e-39 0)
(1.32011e-39 -5.9007e-39 0)
(-1.22008e-39 -6.07629e-39 0)
(-1.42968e-39 6.97437e-39 0)
(3.54568e-40 8.96521e-39 0)
(8.78485e-40 3.22982e-39 0)
(3.43356e-40 -2.01345e-40 0)
(8.73264e-41 -3.05142e-40 0)
(3.55347e-40 -1.11066e-39 0)
(1.20031e-39 -4.07033e-39 0)
(-3.95269e-40 -1.39943e-38 0)
(-3.39659e-39 -9.18431e-40 0)
(-1.20947e-39 2.17155e-38 0)
(1.77736e-39 1.27594e-38 0)
(-6.8422e-40 3.23631e-39 0)
(4.61015e-41 2.01099e-38 0)
(2.74468e-39 2.8251e-39 0)
(-1.33316e-39 -8.83572e-39 0)
(-4.57738e-34 6.25017e-35 0)
(-5.77417e-35 4.41469e-35 0)
(-6.86531e-36 6.43111e-36 0)
(-7.63041e-37 7.34951e-37 0)
(-8.07755e-38 7.40292e-38 0)
(-8.1448e-39 5.6355e-39 0)
(-9.78961e-40 -1.71977e-40 0)
(-2.19127e-40 6.13533e-40 0)
(2.35267e-41 7.81959e-40 0)
(6.50867e-41 2.22577e-40 0)
(1.94143e-41 5.59891e-41 0)
(4.73248e-42 1.07602e-41 0)
(-7.84388e-43 4.93783e-42 0)
(-8.98461e-42 1.91343e-41 0)
(-3.40842e-41 1.01739e-40 0)
(-1.12545e-40 3.89872e-40 0)
(1.69426e-42 1.34018e-39 0)
(3.08995e-40 3.77958e-40 0)
(1.93791e-40 -2.05582e-39 0)
(-1.61887e-40 -1.75132e-39 0)
(-2.22849e-40 -2.74294e-40 0)
(-8.90426e-41 6.93822e-40 0)
(1.11078e-40 6.98336e-40 0)
(1.13384e-40 -5.28535e-40 0)
(-1.04909e-40 -5.44943e-40 0)
(-1.23182e-40 6.2837e-40 0)
(2.98643e-41 8.09605e-40 0)
(7.58206e-41 2.9548e-40 0)
(3.00956e-41 -1.86978e-41 0)
(7.41021e-42 -2.82684e-41 0)
(3.01196e-41 -1.01069e-40 0)
(1.00536e-40 -3.63449e-40 0)
(-4.20489e-41 -1.23311e-39 0)
(-2.92427e-40 1.13514e-41 0)
(-9.77277e-41 1.9825e-39 0)
(1.53616e-40 1.16414e-39 0)
(-5.77857e-41 3.06138e-40 0)
(4.98353e-42 1.81299e-39 0)
(2.36189e-40 2.60938e-40 0)
(-1.13901e-40 -7.91556e-40 0)
(-3.53088e-33 3.32834e-36 0)
(-4.30564e-34 -5.82179e-37 0)
(-4.9896e-35 -1.09483e-37 0)
(-5.41697e-36 -1.35035e-38 0)
(-5.63822e-37 -1.50882e-39 0)
(-5.57663e-38 -2.75978e-40 0)
(-5.32624e-39 -8.47327e-41 0)
(-4.96793e-40 4.64029e-41 0)
(-4.0247e-41 6.67443e-41 0)
(1.83485e-42 1.9305e-41 0)
(1.33604e-42 4.90743e-42 0)
(3.76845e-43 9.52094e-43 0)
(-6.86294e-44 4.39707e-43 0)
(-7.60089e-43 1.69185e-42 0)
(-2.8605e-42 8.91633e-42 0)
(-9.35565e-42 3.38513e-41 0)
(1.93179e-43 1.15112e-40 0)
(2.57533e-41 3.21821e-41 0)
(1.61526e-41 -1.76744e-40 0)
(-1.34743e-41 -1.50841e-40 0)
(-1.85964e-41 -2.38606e-41 0)
(-7.46535e-42 5.96348e-41 0)
(9.22827e-42 6.03207e-41 0)
(9.4433e-42 -4.514e-41 0)
(-8.72896e-42 -4.66268e-41 0)
(-1.02681e-41 5.40182e-41 0)
(2.4546e-42 6.97711e-41 0)
(6.33582e-42 2.58734e-41 0)
(2.54328e-42 -1.76793e-42 0)
(6.1242e-43 -2.51999e-42 0)
(2.46907e-42 -8.76171e-42 0)
(8.15476e-42 -3.09475e-41 0)
(-4.19157e-42 -1.03654e-40 0)
(-2.43687e-41 8.71443e-42 0)
(-7.54382e-42 1.72606e-40 0)
(1.29066e-41 1.01308e-40 0)
(-4.72342e-42 2.7659e-41 0)
(4.78004e-43 1.55936e-40 0)
(1.96744e-41 2.29004e-41 0)
(-9.44399e-42 -6.77689e-41 0)
(-3.74798e-34 -6.02794e-35 0)
(-4.72868e-35 -4.5258e-35 0)
(-5.60961e-36 -6.62614e-36 0)
(-6.22252e-37 -7.58858e-37 0)
(-6.58459e-38 -7.74771e-38 0)
(-6.61188e-39 -7.46249e-39 0)
(-6.38724e-40 -6.87696e-40 0)
(-5.9812e-41 -5.61548e-41 0)
(-5.04081e-42 4.69498e-43 0)
(-1.13882e-44 1.20453e-42 0)
(9.47614e-44 3.82473e-43 0)
(2.95527e-44 7.87069e-44 0)
(-5.69061e-45 3.75406e-44 0)
(-6.17344e-44 1.44317e-43 0)
(-2.30776e-43 7.55071e-43 0)
(-7.4809e-43 2.84461e-42 0)
(1.91554e-44 9.58745e-42 0)
(2.06321e-42 2.66086e-42 0)
(1.2942e-42 -1.47322e-41 0)
(-1.07825e-42 -1.2592e-41 0)
(-1.49184e-42 -2.00847e-42 0)
(-6.01733e-43 4.9686e-42 0)
(7.3762e-43 5.04283e-42 0)
(7.57151e-43 -3.74266e-42 0)
(-6.97858e-43 -3.87115e-42 0)
(-8.22676e-43 4.50215e-42 0)
(1.93822e-43 5.8265e-42 0)
(5.09724e-43 2.18546e-42 0)
(2.07085e-43 -1.5458e-43 0)
(4.81266e-44 -2.15138e-43 0)
(1.94397e-43 -7.32879e-43 0)
(6.35869e-43 -2.54663e-42 0)
(-3.89308e-43 -8.43391e-42 0)
(-1.95188e-42 1.4046e-42 0)
(-5.56698e-43 1.45796e-41 0)
(1.04243e-42 8.54053e-42 0)
(-3.70931e-43 2.39609e-42 0)
(4.38517e-44 1.30029e-41 0)
(1.57583e-42 1.94257e-42 0)
(-7.54113e-43 -5.62627e-42 0)
(1.69689e-33 4.30491e-35 0)
(2.06146e-34 -4.43852e-36 0)
(2.3813e-35 -9.35099e-37 0)
(2.57816e-36 -1.17238e-37 0)
(2.67725e-37 -1.24251e-38 0)
(2.64252e-38 -1.2191e-39 0)
(2.51174e-39 -1.13401e-40 0)
(2.28778e-40 -9.73843e-42 0)
(2.01618e-41 -4.14216e-43 0)
(1.74386e-42 5.99368e-44 0)
(1.5096e-43 2.81099e-44 0)
(1.37581e-44 6.21171e-45 0)
(4.34493e-46 3.07001e-45 0)
(-4.79111e-45 1.18083e-44 0)
(-1.80536e-44 6.13839e-44 0)
(-5.80959e-44 2.29749e-43 0)
(1.73063e-45 7.67918e-43 0)
(1.60471e-43 2.11648e-43 0)
(1.00671e-43 -1.18081e-42 0)
(-8.37818e-44 -1.01073e-42 0)
(-1.16164e-43 -1.62395e-43 0)
(-4.70255e-44 3.98306e-43 0)
(5.72665e-44 4.05963e-43 0)
(5.89255e-44 -2.98322e-43 0)
(-5.41778e-44 -3.0909e-43 0)
(-6.39848e-44 3.60864e-43 0)
(1.49023e-44 4.67966e-43 0)
(3.9778e-44 1.77808e-43 0)
(1.63145e-44 -1.34151e-44 0)
(3.67932e-45 -1.77414e-44 0)
(1.48305e-44 -5.8879e-44 0)
(4.80763e-44 -2.0138e-43 0)
(-3.45524e-44 -6.59611e-43 0)
(-1.51781e-43 1.6574e-43 0)
(-3.93968e-44 1.184e-42 0)
(8.18851e-44 6.92216e-43 0)
(-2.82843e-44 1.99591e-43 0)
(3.77569e-45 1.04266e-42 0)
(1.22533e-43 1.58053e-43 0)
(-5.84822e-44 -4.49693e-43 0)
(3.90568e-34 2.17599e-34 0)
(4.89276e-35 2.37374e-35 0)
(5.77107e-36 2.50123e-36 0)
(6.37078e-37 2.56601e-37 0)
(6.71473e-38 2.51937e-38 0)
(6.71933e-39 2.3887e-39 0)
(6.45914e-40 2.17299e-40 0)
(5.94573e-41 1.91388e-41 0)
(5.28227e-42 1.6558e-42 0)
(4.54441e-43 1.43522e-43 0)
(3.82136e-44 1.32684e-44 0)
(3.19501e-45 1.34731e-45 0)
(2.00534e-46 3.08421e-46 0)
(-3.51364e-46 9.39853e-46 0)
(-1.36445e-45 4.83468e-45 0)
(-4.36264e-45 1.79955e-44 0)
(1.47031e-46 5.97229e-44 0)
(1.20666e-44 1.63617e-44 0)
(7.57092e-45 -9.1889e-44 0)
(-6.29451e-45 -7.87517e-44 0)
(-8.74533e-45 -1.2732e-44 0)
(-3.55416e-45 3.09978e-44 0)
(4.29933e-45 3.16961e-44 0)
(4.4362e-45 -2.31065e-44 0)
(-4.06623e-45 -2.3974e-44 0)
(-4.81163e-45 2.80822e-44 0)
(1.10677e-45 3.6479e-44 0)
(3.00317e-45 1.40016e-44 0)
(1.24384e-45 -1.10068e-45 0)
(2.69814e-46 -1.40978e-45 0)
(1.09248e-45 -4.57775e-45 0)
(3.51174e-45 -1.54245e-44 0)
(-2.91554e-45 -5.00134e-44 0)
(-1.14111e-44 1.71762e-44 0)
(-2.67159e-45 9.3389e-44 0)
(6.21819e-45 5.44416e-44 0)
(-2.08461e-45 1.6035e-44 0)
(3.13452e-46 8.11703e-44 0)
(9.21375e-45 1.24598e-44 0)
(-4.38886e-45 -3.49025e-44 0)
(7.56098e-36 8.89177e-35 0)
(1.06667e-36 1.01035e-35 0)
(1.3849e-37 1.0935e-36 0)
(1.64564e-38 1.13967e-37 0)
(1.84122e-39 1.13275e-38 0)
(1.93355e-40 1.08369e-39 0)
(1.93423e-41 9.93994e-41 0)
(1.84058e-42 8.80371e-42 0)
(1.68231e-43 7.53867e-43 0)
(1.49227e-44 6.28746e-44 0)
(1.30324e-45 5.171e-45 0)
(1.15987e-46 4.2635e-46 0)
(5.58632e-48 4.80627e-47 0)
(-2.66181e-47 7.36248e-47 0)
(-1.00348e-46 3.67793e-46 0)
(-3.18711e-46 1.36215e-45 0)
(1.18374e-47 4.49077e-45 0)
(8.82528e-46 1.22332e-45 0)
(5.53782e-46 -6.91309e-45 0)
(-4.60016e-46 -5.93174e-45 0)
(-6.40285e-46 -9.6428e-46 0)
(-2.61071e-46 2.33314e-45 0)
(3.14014e-46 2.39452e-45 0)
(3.24771e-46 -1.73007e-45 0)
(-2.96901e-46 -1.79793e-45 0)
(-3.51929e-46 2.1129e-45 0)
(8.00882e-47 2.74942e-45 0)
(2.20394e-46 1.06681e-45 0)
(9.20293e-47 -8.86699e-47 0)
(1.92534e-47 -1.08557e-46 0)
(7.81381e-47 -3.43734e-46 0)
(2.49147e-46 -1.14127e-45 0)
(-2.36919e-46 -3.6636e-45 0)
(-8.34443e-46 1.61095e-45 0)
(-1.73404e-46 7.12072e-45 0)
(4.59781e-46 4.13881e-45 0)
(-1.49438e-46 1.24479e-45 0)
(2.48574e-47 6.1093e-45 0)
(6.73864e-46 9.48001e-46 0)
(-3.20417e-46 -2.62104e-45 0)
(-3.16102e-34 1.72129e-34 0)
(-3.89051e-35 1.82803e-35 0)
(-4.51524e-36 1.88945e-36 0)
(-4.92107e-37 1.9131e-37 0)
(-5.12931e-38 1.85886e-38 0)
(-5.08627e-39 1.74813e-39 0)
(-4.8512e-40 1.57898e-40 0)
(-4.43674e-41 1.3801e-41 0)
(-3.91827e-42 1.16393e-42 0)
(-3.33652e-43 9.5224e-44 0)
(-2.75211e-44 7.55319e-45 0)
(-2.19756e-45 5.83403e-46 0)
(-1.70756e-46 4.48325e-47 0)
(-1.4805e-47 8.46646e-48 0)
(-8.10383e-48 2.73756e-47 0)
(-2.2668e-47 1.00219e-46 0)
(9.07776e-49 3.28447e-46 0)
(6.26461e-47 8.90224e-47 0)
(3.93146e-47 -5.05841e-46 0)
(-3.26317e-47 -4.34488e-46 0)
(-4.54992e-47 -7.09679e-47 0)
(-1.86157e-47 1.70791e-46 0)
(2.22627e-47 1.75822e-46 0)
(2.30842e-47 -1.26061e-46 0)
(-2.10406e-47 -1.31192e-46 0)
(-2.49844e-47 1.54616e-46 0)
(5.62172e-48 2.015e-46 0)
(1.57038e-47 7.88977e-47 0)
(6.61154e-48 -6.83875e-48 0)
(1.32544e-48 -8.09109e-48 0)
(5.41702e-48 -2.50451e-47 0)
(1.71382e-47 -8.19752e-47 0)
(-1.84913e-47 -2.60645e-46 0)
(-5.92245e-47 1.41771e-46 0)
(-1.07507e-47 5.28186e-46 0)
(3.29964e-47 3.05905e-46 0)
(-1.03945e-47 9.35883e-47 0)
(1.9078e-48 4.47201e-46 0)
(4.78417e-47 7.00518e-47 0)
(-2.27187e-47 -1.91467e-46 0)
(-1.31813e-33 -2.69447e-34 0)
(-1.57068e-34 -4.00895e-35 0)
(-1.78756e-35 -4.77961e-36 0)
(-1.90894e-36 -5.16226e-37 0)
(-1.9602e-37 -5.18559e-38 0)
(-1.91494e-38 -4.97226e-39 0)
(-1.80443e-39 -4.55564e-40 0)
(-1.63089e-40 -4.02664e-41 0)
(-1.42575e-41 -3.42929e-42 0)
(-1.20228e-42 -2.82871e-43 0)
(-9.83176e-44 -2.25852e-44 0)
(-7.78753e-45 -1.75134e-45 0)
(-5.99609e-46 -1.31818e-46 0)
(-4.49938e-47 -9.291e-48 0)
(-3.76635e-48 1.25375e-48 0)
(-1.79382e-48 7.10359e-48 0)
(5.15071e-50 2.33117e-47 0)
(4.33188e-48 6.2892e-48 0)
(2.71943e-48 -3.5922e-47 0)
(-2.25561e-48 -3.08856e-47 0)
(-3.15003e-48 -5.06601e-48 0)
(-1.29271e-48 1.2137e-47 0)
(1.53814e-48 1.25359e-47 0)
(1.59851e-48 -8.91435e-48 0)
(-1.4531e-48 -9.29169e-48 0)
(-1.72824e-48 1.09814e-47 0)
(3.8494e-49 1.4333e-47 0)
(1.08982e-48 5.66514e-48 0)
(4.62105e-49 -5.15708e-49 0)
(8.88534e-50 -5.85955e-49 0)
(3.65315e-49 -1.76939e-48 0)
(1.14693e-48 -5.70937e-48 0)
(-1.39657e-48 -1.79798e-47 0)
(-4.09576e-48 1.17605e-47 0)
(-6.33103e-49 3.80215e-47 0)
(2.309e-48 2.19403e-47 0)
(-7.04388e-49 6.82434e-48 0)
(1.41125e-49 3.17709e-47 0)
(3.30952e-48 5.0178e-48 0)
(-1.56981e-48 -1.35821e-47 0)
(3.02975e-33 -4.20278e-34 0)
(3.72959e-34 -7.89933e-35 0)
(4.35025e-35 -9.88634e-36 0)
(4.75174e-36 -1.07946e-36 0)
(4.96917e-37 -1.08334e-37 0)
(4.93618e-38 -1.03496e-38 0)
(4.71714e-39 -9.43925e-40 0)
(4.31873e-40 -8.30788e-41 0)
(3.8178e-41 -7.04683e-42 0)
(3.25256e-42 -5.79185e-43 0)
(2.68399e-43 -4.60897e-44 0)
(2.14377e-44 -3.56338e-45 0)
(1.66298e-45 -2.67611e-46 0)
(1.2527e-46 -1.95438e-47 0)
(9.15364e-48 -1.25828e-48 0)
(5.50961e-49 4.00213e-49 0)
(5.05231e-50 1.60606e-48 0)
(2.94826e-49 4.32733e-49 0)
(1.83317e-49 -2.48551e-48 0)
(-1.51762e-49 -2.13893e-48 0)
(-2.12284e-49 -3.52129e-49 0)
(-8.73876e-50 8.40341e-49 0)
(1.03455e-49 8.70475e-49 0)
(1.07771e-49 -6.14444e-49 0)
(-9.76857e-50 -6.4137e-49 0)
(-1.16373e-49 7.59911e-49 0)
(2.56495e-50 9.93196e-49 0)
(7.36358e-50 3.95804e-49 0)
(3.14441e-50 -3.75194e-50 0)
(5.76907e-51 -4.12136e-50 0)
(2.39475e-50 -1.21583e-49 0)
(7.46152e-50 -3.8681e-49 0)
(-1.01945e-49 -1.20667e-48 0)
(-2.75718e-49 9.33064e-49 0)
(-3.51638e-50 2.66709e-48 0)
(1.57289e-49 1.53279e-48 0)
(-4.64482e-50 4.8348e-49 0)
(1.01343e-50 2.19911e-48 0)
(2.22877e-49 3.49835e-49 0)
(-1.05635e-49 -9.38869e-49 0)
(6.03236e-33 -2.3647e-34 0)
(7.34871e-34 2.97768e-35 0)
(8.50885e-35 5.83289e-36 0)
(9.23084e-36 7.14222e-37 0)
(9.60197e-37 7.45472e-38 0)
(9.49148e-38 7.23061e-39 0)
(9.03359e-39 6.64089e-40 0)
(8.23975e-40 5.86799e-41 0)
(7.26073e-41 4.99171e-42 0)
(6.16748e-42 4.11232e-43 0)
(5.07613e-43 3.27934e-44 0)
(4.04465e-44 2.54014e-45 0)
(3.13076e-45 1.91101e-46 0)
(2.35378e-46 1.39988e-47 0)
(1.72274e-47 1.00752e-48 0)
(1.22128e-48 1.03077e-49 0)
(8.57382e-50 1.1329e-49 0)
(2.4964e-50 2.93598e-50 0)
(1.24175e-50 -1.67373e-49 0)
(-9.9431e-51 -1.44174e-49 0)
(-1.39601e-50 -2.38128e-50 0)
(-5.76339e-51 5.66442e-50 0)
(6.792e-51 5.8853e-50 0)
(7.09075e-51 -4.12246e-50 0)
(-6.41002e-51 -4.30966e-50 0)
(-7.64788e-51 5.11869e-50 0)
(1.66937e-51 6.69915e-50 0)
(4.85451e-51 2.69206e-50 0)
(2.08605e-51 -2.66578e-51 0)
(3.6506e-52 -2.82303e-51 0)
(1.52963e-51 -8.12508e-51 0)
(4.72956e-51 -2.54827e-50 0)
(-7.22611e-51 -7.87321e-50 0)
(-1.81152e-50 7.08926e-50 0)
(-1.81065e-51 1.82097e-49 0)
(1.04625e-50 1.04219e-49 0)
(-2.98853e-51 3.33174e-50 0)
(7.05259e-52 1.48166e-49 0)
(1.46492e-50 2.37195e-50 0)
(-6.93878e-51 -6.31971e-50 0)
(-1.9692e-33 -3.06061e-35 0)
(-2.38883e-34 9.50742e-35 0)
(-2.75595e-35 1.475e-35 0)
(-2.98053e-36 1.71433e-36 0)
(-3.09217e-37 1.75784e-37 0)
(-3.04956e-38 1.69269e-38 0)
(-2.8967e-39 1.54878e-39 0)
(-2.63755e-40 1.36527e-40 0)
(-2.32065e-41 1.15919e-41 0)
(-1.96857e-42 9.5346e-43 0)
(-1.61832e-43 7.59227e-44 0)
(-1.28811e-44 5.87326e-45 0)
(-9.96128e-46 4.41325e-46 0)
(-7.48287e-47 3.2289e-47 0)
(-5.47349e-48 2.30121e-48 0)
(-3.90337e-49 1.6213e-49 0)
(-2.70736e-50 1.7982e-50 0)
(-6.0888e-52 2.62076e-51 0)
(6.49692e-52 -1.09559e-50 0)
(-6.46626e-52 -9.4809e-51 0)
(-8.96362e-52 -1.57072e-51 0)
(-3.70896e-52 3.72638e-51 0)
(4.35075e-52 3.88226e-51 0)
(4.55232e-52 -2.70014e-51 0)
(-4.10376e-52 -2.82681e-51 0)
(-4.90377e-52 3.36497e-51 0)
(1.05986e-52 4.40947e-51 0)
(3.12278e-52 1.78532e-51 0)
(1.3502e-52 -1.83657e-52 0)
(2.24351e-53 -1.88309e-52 0)
(9.51786e-53 -5.29187e-52 0)
(2.92009e-52 -1.63596e-51 0)
(-4.97172e-52 -5.00556e-51 0)
(-1.16122e-51 5.1972e-51 0)
(-8.384e-53 1.21348e-50 0)
(6.7904e-52 6.91428e-51 0)
(-1.87528e-52 2.23633e-51 0)
(4.77678e-53 9.74244e-51 0)
(9.39468e-52 1.56834e-51 0)
(-4.44833e-52 -4.15216e-51 0)
(-5.9112e-33 -6.73851e-34 0)
(-7.18083e-34 -6.40802e-35 0)
(-8.29509e-35 -6.28275e-36 0)
(-8.98085e-36 -6.2403e-37 0)
(-9.32622e-37 -6.04887e-38 0)
(-9.20534e-38 -5.70744e-39 0)
(-8.7503e-39 -5.18314e-40 0)
(-7.97252e-40 -4.55489e-41 0)
(-7.01853e-41 -3.86121e-42 0)
(-5.95666e-42 -3.17265e-43 0)
(-4.89895e-43 -2.52429e-44 0)
(-3.90086e-44 -1.95142e-45 0)
(-3.01766e-45 -1.46544e-46 0)
(-2.26754e-46 -1.0716e-47 0)
(-1.65904e-47 -7.63124e-49 0)
(-1.18213e-48 -5.28816e-50 0)
(-8.21666e-50 -3.13812e-51 0)
(-5.49692e-51 -1.16755e-52 0)
(-3.21135e-52 -7.20971e-52 0)
(-6.39521e-53 -6.09583e-52 0)
(-5.77035e-53 -1.01126e-52 0)
(-2.34145e-53 2.39188e-52 0)
(2.72383e-53 2.49895e-52 0)
(2.85656e-53 -1.72547e-52 0)
(-2.56827e-53 -1.80911e-52 0)
(-3.0734e-53 2.15818e-52 0)
(6.58089e-54 2.83159e-52 0)
(1.96314e-53 1.15511e-52 0)
(8.53579e-54 -1.23592e-53 0)
(1.34476e-54 -1.22566e-53 0)
(5.77896e-54 -3.3598e-53 0)
(1.7588e-53 -1.02351e-52 0)
(-3.33052e-53 -3.10025e-52 0)
(-7.27586e-53 3.67899e-52 0)
(-3.20001e-54 7.88898e-52 0)
(4.30931e-53 4.47481e-52 0)
(-1.1498e-53 1.46349e-52 0)
(3.14707e-54 6.24977e-52 0)
(5.88916e-53 1.01102e-52 0)
(-2.78787e-53 -2.66228e-52 0)
(2.07472e-33 -9.43305e-34 0)
(2.51539e-34 -1.38279e-34 0)
(2.90057e-35 -1.62386e-35 0)
(3.13581e-36 -1.73556e-36 0)
(3.25232e-37 -1.72912e-37 0)
(3.20678e-38 -1.64782e-38 0)
(3.04549e-39 -1.50169e-39 0)
(2.77262e-40 -1.32138e-40 0)
(2.43919e-41 -1.12075e-41 0)
(2.06894e-42 -9.21152e-43 0)
(1.70069e-43 -7.33036e-44 0)
(1.35359e-44 -5.66752e-45 0)
(1.04671e-45 -4.25651e-46 0)
(7.8625e-47 -3.11278e-47 0)
(5.75083e-48 -2.21694e-48 0)
(4.09648e-49 -1.54028e-49 0)
(2.84684e-50 -1.04165e-50 0)
(1.93549e-51 -6.84548e-52 0)
(1.30926e-52 -8.90592e-53 0)
(5.84171e-54 -4.10149e-53 0)
(-2.91847e-54 -6.52954e-54 0)
(-1.40066e-54 1.49964e-53 0)
(1.6696e-54 1.57186e-53 0)
(1.75238e-54 -1.07798e-53 0)
(-1.57108e-54 -1.13185e-53 0)
(-1.88282e-54 1.35295e-53 0)
(3.99379e-55 1.77716e-53 0)
(1.20638e-54 7.30016e-54 0)
(5.27413e-55 -8.09316e-55 0)
(7.84288e-56 -7.78552e-55 0)
(3.4239e-55 -2.08259e-54 0)
(1.03339e-54 -6.24974e-54 0)
(-2.17236e-54 -1.87348e-53 0)
(-4.45606e-54 2.52589e-53 0)
(-6.92641e-56 5.01321e-53 0)
(2.67331e-54 2.83023e-53 0)
(-6.88766e-55 9.34781e-54 0)
(2.02231e-55 3.91869e-53 0)
(3.60862e-54 6.36657e-54 0)
(-1.70828e-54 -1.66867e-53 0)
(5.77425e-33 -1.51152e-34 0)
(7.00083e-34 4.17425e-35 0)
(8.07658e-35 7.20017e-36 0)
(8.7329e-36 8.57584e-37 0)
(9.05962e-37 8.85717e-38 0)
(8.93349e-38 8.54683e-39 0)
(8.48501e-39 7.82297e-40 0)
(7.72484e-40 6.89506e-41 0)
(6.79592e-41 5.85249e-42 0)
(5.76406e-42 4.81236e-43 0)
(4.73785e-43 3.8309e-44 0)
(3.77053e-44 2.96277e-45 0)
(2.9154e-45 2.22576e-46 0)
(2.18966e-46 1.62812e-47 0)
(1.60136e-47 1.15984e-48 0)
(1.14053e-48 8.06068e-50 0)
(7.92475e-50 5.46883e-51 0)
(5.37407e-51 3.6281e-52 0)
(3.56268e-52 2.0769e-53 0)
(2.29213e-53 -8.5135e-55 0)
(1.25579e-54 -2.97814e-55 0)
(4.56374e-57 9.26014e-55 0)
(1.05438e-55 9.66915e-55 0)
(1.05531e-55 -6.58258e-55 0)
(-9.40553e-56 -6.92193e-55 0)
(-1.12898e-55 8.29013e-55 0)
(2.37329e-56 1.09019e-54 0)
(7.25505e-56 4.50914e-55 0)
(3.18789e-56 -5.18063e-56 0)
(4.46361e-57 -4.8336e-56 0)
(1.98184e-56 -1.26079e-55 0)
(5.9291e-56 -3.72542e-55 0)
(-1.3826e-55 -1.10464e-54 0)
(-2.6712e-55 1.68305e-54 0)
(3.5562e-57 3.11372e-54 0)
(1.62363e-55 1.74948e-54 0)
(-4.03662e-56 5.83249e-55 0)
(1.2675e-56 2.4016e-54 0)
(2.16432e-55 3.91659e-55 0)
(-1.02468e-55 -1.0225e-54 0)
(-3.99938e-33 -1.39779e-34 0)
(-4.86133e-34 7.88066e-35 0)
(-5.62157e-35 1.28103e-35 0)
(-6.09054e-36 1.50544e-36 0)
(-6.32966e-37 1.54917e-37 0)
(-6.25123e-38 1.49387e-38 0)
(-5.94562e-39 1.36784e-39 0)
(-5.41963e-40 1.20638e-40 0)
(-4.7732e-41 1.02474e-41 0)
(-4.05252e-42 8.4324e-43 0)
(-3.33406e-43 6.71753e-44 0)
(-2.65557e-44 5.1989e-45 0)
(-2.05488e-45 3.90829e-46 0)
(-1.54445e-46 2.86075e-47 0)
(-1.13024e-47 2.03926e-48 0)
(-8.05475e-49 1.41813e-49 0)
(-5.59989e-50 9.62446e-51 0)
(-3.79931e-51 6.38297e-52 0)
(-2.51876e-52 4.12188e-53 0)
(-1.63339e-53 2.48509e-54 0)
(-1.04757e-54 1.39634e-55 0)
(-6.93709e-56 6.51763e-56 0)
(1.94902e-57 5.87572e-56 0)
(5.95017e-57 -3.93167e-56 0)
(-5.52826e-57 -4.1436e-56 0)
(-6.62807e-57 4.97187e-56 0)
(1.38055e-57 6.54536e-56 0)
(4.27143e-57 2.72472e-56 0)
(1.88612e-57 -3.23537e-57 0)
(2.47464e-58 -2.93392e-57 0)
(1.12085e-57 -7.46307e-57 0)
(3.32208e-57 -2.17025e-56 0)
(-8.58842e-57 -6.36167e-56 0)
(-1.56756e-56 1.09149e-55 0)
(6.65008e-58 1.89291e-55 0)
(9.65424e-57 1.05833e-55 0)
(-2.31473e-57 3.55805e-56 0)
(7.76273e-58 1.44057e-55 0)
(1.2708e-56 2.35714e-56 0)
(-6.01828e-57 -6.13312e-56 0)
(-4.75004e-33 -2.38492e-34 0)
(-5.80568e-34 -5.22839e-35 0)
(-6.73932e-35 -6.69381e-36 0)
(-7.32936e-36 -7.32378e-37 0)
(-7.64051e-37 -7.32201e-38 0)
(-7.56843e-38 -6.95581e-39 0)
(-7.21719e-39 -6.30475e-40 0)
(-6.5953e-40 -5.5137e-41 0)
(-5.82197e-41 -4.64669e-42 0)
(-4.95391e-42 -3.79438e-43 0)
(-4.0841e-43 -2.99979e-44 0)
(-3.25952e-44 -2.30403e-45 0)
(-2.52704e-45 -1.71894e-46 0)
(-1.90287e-46 -1.24865e-47 0)
(-1.39503e-47 -8.83302e-49 0)
(-9.95927e-49 -6.09555e-50 0)
(-6.93577e-50 -4.10495e-51 0)
(-4.71355e-51 -2.70119e-52 0)
(-3.13008e-52 -1.73856e-53 0)
(-2.03199e-53 -1.10201e-54 0)
(-1.29149e-54 -6.87818e-56 0)
(-8.05697e-56 -8.22681e-58 0)
(-4.55489e-57 3.18577e-57 0)
(6.39564e-59 -2.31692e-57 0)
(-3.33924e-58 -2.42939e-57 0)
(-3.82222e-58 2.91894e-57 0)
(7.86714e-59 3.8469e-57 0)
(2.46415e-58 1.6116e-57 0)
(1.09311e-58 -1.97713e-58 0)
(1.33902e-59 -1.74308e-58 0)
(6.19899e-59 -4.32133e-58 0)
(1.81894e-58 -1.23593e-57 0)
(-5.21498e-58 -3.57887e-57 0)
(-9.01479e-58 6.89365e-57 0)
(6.48371e-59 1.12647e-56 0)
(5.62654e-58 6.2668e-57 0)
(-1.30007e-58 2.12369e-57 0)
(4.64674e-59 8.45899e-57 0)
(7.31227e-58 1.38815e-57 0)
(-3.46431e-58 -3.60183e-57 0)
(1.14926e-33 -4.91417e-34 0)
(1.33884e-34 -6.33636e-35 0)
(1.4873e-35 -7.12477e-36 0)
(1.54841e-36 -7.44207e-37 0)
(1.54691e-37 -7.30095e-38 0)
(1.46851e-38 -6.85449e-39 0)
(1.34194e-39 -6.15665e-40 0)
(1.17465e-40 -5.33305e-41 0)
(9.92473e-42 -4.45098e-42 0)
(8.0758e-43 -3.59569e-43 0)
(6.35872e-44 -2.81075e-44 0)
(4.84028e-45 -2.13248e-45 0)
(3.57283e-46 -1.57051e-46 0)
(2.55667e-47 -1.12511e-47 0)
(1.77716e-48 -7.8437e-49 0)
(1.19996e-49 -5.32936e-50 0)
(7.88044e-51 -3.53072e-51 0)
(5.03386e-52 -2.28339e-52 0)
(3.13001e-53 -1.4423e-53 0)
(1.89429e-54 -8.90935e-55 0)
(1.1158e-55 -5.38459e-56 0)
(6.38449e-57 -2.99005e-57 0)
(3.76138e-58 1.40089e-59 0)
(3.94808e-59 -1.42504e-58 0)
(-1.68201e-59 -1.40072e-58 0)
(-2.14454e-59 1.67907e-58 0)
(4.40316e-60 2.2155e-58 0)
(1.3935e-59 9.33767e-59 0)
(6.2091e-60 -1.18113e-59 0)
(7.06112e-61 -1.01399e-59 0)
(3.35316e-60 -2.44975e-59 0)
(9.73244e-60 -6.88616e-59 0)
(-3.09647e-59 -1.96813e-58 0)
(-5.08176e-59 4.24851e-58 0)
(5.16819e-60 6.56922e-58 0)
(3.21454e-59 3.63608e-58 0)
(-7.15317e-60 1.24113e-58 0)
(2.72221e-60 4.86747e-58 0)
(4.12444e-59 8.00806e-59 0)
(-1.95506e-59 -2.07303e-58 0)
(4.12325e-34 9.34512e-35 0)
(4.3402e-35 1.47628e-35 0)
(3.96942e-36 1.95682e-36 0)
(3.22245e-37 2.4511e-37 0)
(2.07013e-38 2.80544e-38 0)
(8.12322e-40 3.06479e-39 0)
(-4.89477e-41 3.14559e-40 0)
(-1.58835e-41 3.09701e-41 0)
(-2.45375e-42 2.90424e-42 0)
(-2.98075e-43 2.62367e-43 0)
(-3.2157e-44 2.27633e-44 0)
(-3.17358e-45 1.9096e-45 0)
(-2.94161e-46 1.54714e-46 0)
(-2.57958e-47 1.21576e-47 0)
(-2.16311e-48 9.26385e-49 0)
(-1.73991e-49 6.86447e-50 0)
(-1.34995e-50 4.94743e-51 0)
(-1.01218e-51 3.47523e-52 0)
(-7.35882e-53 2.38007e-53 0)
(-5.19451e-54 1.59161e-54 0)
(-3.5681e-55 1.03976e-55 0)
(-2.38751e-56 6.65415e-57 0)
(-1.55747e-57 4.26543e-58 0)
(-9.82344e-59 1.8005e-59 0)
(-7.1769e-60 -6.32847e-60 0)
(-1.56669e-60 9.56059e-60 0)
(2.18828e-61 1.25122e-59 0)
(7.71681e-61 5.3029e-60 0)
(3.45809e-61 -6.91157e-61 0)
(3.63239e-62 -5.78075e-61 0)
(1.775e-61 -1.36025e-60 0)
(5.09071e-61 -3.75484e-60 0)
(-1.79995e-60 -1.05813e-59 0)
(-2.8103e-60 2.55643e-59 0)
(3.7054e-61 3.75505e-59 0)
(1.80191e-60 2.0678e-59 0)
(-3.85872e-61 7.10655e-60 0)
(1.5613e-61 2.74541e-59 0)
(2.28223e-60 4.52681e-60 0)
(-1.0825e-60 -1.16968e-59 0)
(4.76684e-34 -8.65488e-35 0)
(3.03098e-35 2.8727e-36 0)
(-7.45785e-37 9.22532e-37 0)
(-4.956e-37 1.2209e-37 0)
(-1.00593e-37 1.30944e-38 0)
(-1.45312e-38 1.28519e-39 0)
(-1.85205e-39 1.18884e-40 0)
(-2.10607e-40 1.05562e-41 0)
(-2.23996e-41 9.01817e-43 0)
(-2.22556e-42 7.45669e-44 0)
(-2.10578e-43 5.9671e-45 0)
(-1.89582e-44 4.63682e-46 0)
(-1.64003e-45 3.49916e-47 0)
(-1.36315e-46 2.57032e-48 0)
(-1.0948e-47 1.83839e-49 0)
(-8.49939e-49 1.28245e-50 0)
(-6.40114e-50 8.72953e-52 0)
(-4.67939e-51 5.80555e-53 0)
(-3.32838e-52 3.77408e-54 0)
(-2.30496e-53 2.40063e-55 0)
(-1.55679e-54 1.49485e-56 0)
(-1.02615e-55 9.12584e-58 0)
(-6.60928e-57 5.51594e-59 0)
(-4.16173e-58 2.78931e-60 0)
(-2.57089e-59 -2.49743e-61 0)
(-1.61312e-60 5.34366e-61 0)
(-7.86154e-62 6.93187e-61 0)
(3.67653e-62 2.95348e-61 0)
(1.86031e-62 -3.96014e-62 0)
(1.80381e-63 -3.23098e-62 0)
(9.19519e-63 -7.40303e-62 0)
(2.60286e-62 -2.00492e-61 0)
(-1.02472e-61 -5.56412e-61 0)
(-1.52512e-61 1.50403e-60 0)
(2.47523e-62 2.10566e-60 0)
(9.91253e-62 1.15351e-60 0)
(-2.0413e-62 3.98925e-61 0)
(8.77555e-63 1.51908e-60 0)
(1.2393e-61 2.50955e-61 0)
(-5.88253e-62 -6.47487e-61 0)
(-4.36606e-34 -4.32088e-34 0)
(-6.20559e-35 -1.81937e-36 0)
(-8.37816e-36 1.78135e-36 0)
(-1.03308e-36 2.37936e-37 0)
(-1.21459e-37 2.29362e-38 0)
(-1.33583e-38 1.88471e-39 0)
(-1.40669e-39 1.38784e-40 0)
(-1.40538e-40 8.95502e-42 0)
(-1.34994e-41 4.80246e-43 0)
(-1.24139e-42 1.55693e-44 0)
(-1.10168e-43 -6.66706e-46 0)
(-9.41807e-45 -2.02738e-46 0)
(-7.79545e-46 -2.66354e-47 0)
(-6.24356e-47 -2.79898e-48 0)
(-4.85521e-48 -2.60397e-49 0)
(-3.66586e-49 -2.24058e-50 0)
(-2.69378e-50 -1.8143e-51 0)
(-1.92711e-51 -1.40054e-52 0)
(-1.34447e-52 -1.03698e-53 0)
(-9.1515e-54 -7.40716e-55 0)
(-6.08546e-55 -5.1198e-56 0)
(-3.95523e-56 -3.43534e-57 0)
(-2.51515e-57 -2.24154e-58 0)
(-1.5656e-58 -1.42799e-59 0)
(-9.55052e-60 -9.08318e-61 0)
(-5.74129e-61 -2.52081e-62 0)
(-3.27698e-62 3.44556e-62 0)
(3.24569e-64 1.59529e-62 0)
(9.05749e-64 -2.23556e-63 0)
(8.28839e-65 -1.77235e-63 0)
(4.66144e-64 -3.95074e-63 0)
(1.30093e-63 -1.04861e-62 0)
(-5.7186e-63 -2.86175e-62 0)
(-8.12743e-63 8.65649e-62 0)
(1.56945e-63 1.15865e-61 0)
(5.35517e-63 6.31409e-62 0)
(-1.05963e-63 2.1966e-62 0)
(4.8356e-64 8.24818e-62 0)
(6.60834e-63 1.36485e-62 0)
(-3.13932e-63 -3.51761e-62 0)
(-2.44127e-33 -1.72028e-34 0)
(-3.00229e-34 -8.58839e-36 0)
(-3.51301e-35 -4.52661e-37 0)
(-3.84894e-36 -3.41169e-38 0)
(-4.04553e-37 -3.57294e-39 0)
(-4.03913e-38 -4.21949e-40 0)
(-3.88392e-39 -4.77448e-41 0)
(-3.57826e-40 -5.1225e-42 0)
(-3.18529e-41 -5.14727e-43 0)
(-2.73287e-42 -4.91869e-44 0)
(-2.27206e-43 -4.46826e-45 0)
(-1.8285e-44 -3.89512e-46 0)
(-1.42958e-45 -3.26007e-47 0)
(-1.08552e-46 -2.63431e-48 0)
(-8.0253e-48 -2.0566e-49 0)
(-5.77747e-49 -1.55669e-50 0)
(-4.05737e-50 -1.1433e-51 0)
(-2.78051e-51 -8.16693e-53 0)
(-1.86192e-52 -5.67839e-54 0)
(-1.2188e-53 -3.84945e-55 0)
(-7.80708e-55 -2.5462e-56 0)
(-4.89582e-56 -1.64534e-57 0)
(-3.00816e-57 -1.03937e-58 0)
(-1.81178e-58 -6.42638e-60 0)
(-1.07039e-59 -3.90155e-61 0)
(-6.20727e-61 -2.15502e-62 0)
(-3.5288e-62 6.66975e-64 0)
(-1.85698e-63 7.89209e-64 0)
(-5.50634e-65 -1.26855e-64 0)
(-1.63989e-66 -9.55926e-65 0)
(2.28559e-65 -2.06865e-64 0)
(6.35275e-65 -5.37437e-64 0)
(-3.12961e-64 -1.43987e-63 0)
(-4.25438e-64 4.87927e-63 0)
(9.53939e-65 6.26039e-63 0)
(2.84194e-64 3.3936e-63 0)
(-5.39887e-65 1.18706e-63 0)
(2.61427e-65 4.39768e-63 0)
(3.46138e-64 7.28714e-64 0)
(-1.64585e-64 -1.87664e-63 0)
(-5.62315e-34 -3.00326e-34 0)
(-7.11518e-35 -3.31991e-35 0)
(-8.48015e-36 -3.53941e-36 0)
(-9.44845e-37 -3.67338e-37 0)
(-1.00512e-37 -3.64573e-38 0)
(-1.01446e-38 -3.49461e-39 0)
(-9.835e-40 -3.21324e-40 0)
(-9.1273e-41 -2.85633e-41 0)
(-8.17124e-42 -2.4479e-42 0)
(-7.04578e-43 -2.0333e-43 0)
(-5.88093e-44 -1.63512e-44 0)
(-4.74912e-45 -1.27759e-45 0)
(-3.72309e-46 -9.69598e-47 0)
(-2.83357e-47 -7.16525e-48 0)
(-2.09864e-48 -5.1565e-49 0)
(-1.51306e-49 -3.62028e-50 0)
(-1.06376e-50 -2.48043e-51 0)
(-7.29607e-52 -1.6607e-52 0)
(-4.88841e-53 -1.08696e-53 0)
(-3.20105e-54 -6.96205e-55 0)
(-2.05073e-55 -4.36574e-56 0)
(-1.28597e-56 -2.68245e-57 0)
(-7.89977e-58 -1.61566e-58 0)
(-4.7563e-59 -9.54564e-60 0)
(-2.80859e-60 -5.53509e-61 0)
(-1.62737e-61 -3.14276e-62 0)
(-9.25458e-63 -1.65661e-63 0)
(-5.11043e-64 -5.12092e-65 0)
(-2.56212e-65 -1.1858e-65 0)
(-1.33724e-66 -5.31808e-66 0)
(1.04541e-66 -1.06446e-65 0)
(3.02785e-66 -2.69989e-65 0)
(-1.68082e-65 -7.08625e-65 0)
(-2.18871e-65 2.69472e-64 0)
(5.5966e-66 3.32252e-64 0)
(1.48237e-65 1.7915e-64 0)
(-2.70124e-66 6.29891e-65 0)
(1.38721e-66 2.30313e-64 0)
(1.78188e-65 3.82082e-65 0)
(-8.48098e-66 -9.83516e-65 0)
(-1.21332e-34 -7.12074e-35 0)
(-1.5845e-35 -8.26458e-36 0)
(-1.93964e-36 -9.0944e-37 0)
(-2.20319e-37 -9.61845e-38 0)
(-2.38062e-38 -9.68048e-39 0)
(-2.43115e-39 -9.3699e-40 0)
(-2.37916e-40 -8.68618e-41 0)
(-2.22392e-41 -7.76958e-42 0)
(-2.00224e-42 -6.69453e-43 0)
(-1.73392e-43 -5.58409e-44 0)
(-1.45198e-44 -4.50676e-45 0)
(-1.17534e-45 -3.53119e-46 0)
(-9.22928e-47 -2.6862e-47 0)
(-7.03149e-48 -1.9886e-48 0)
(-5.2104e-49 -1.43312e-49 0)
(-3.75678e-50 -1.00717e-50 0)
(-2.64033e-51 -6.90545e-52 0)
(-1.80975e-52 -4.62514e-53 0)
(-1.21139e-53 -3.02771e-54 0)
(-7.9229e-55 -1.93911e-55 0)
(-5.06847e-56 -1.21564e-56 0)
(-3.17315e-57 -7.46578e-58 0)
(-1.94576e-58 -4.4939e-59 0)
(-1.1692e-59 -2.65303e-60 0)
(-6.8896e-61 -1.53685e-61 0)
(-3.98296e-62 -8.7359e-63 0)
(-2.26019e-63 -4.82767e-64 0)
(-1.2566e-64 -2.44339e-65 0)
(-6.75698e-66 -1.79746e-66 0)
(-3.62569e-67 -3.38427e-67 0)
(3.40018e-68 -5.40416e-67 0)
(1.40219e-67 -1.32992e-66 0)
(-8.86261e-67 -3.41082e-66 0)
(-1.10699e-66 1.45942e-65 0)
(3.18266e-67 1.73296e-65 0)
(7.60183e-67 9.29419e-66 0)
(-1.32752e-67 3.28349e-66 0)
(7.22929e-68 1.18543e-65 0)
(9.01816e-67 1.96846e-66 0)
(-4.29682e-67 -5.06604e-66 0)
(-1.81904e-36 -2.91335e-35 0)
(-2.65981e-37 -3.4953e-36 0)
(-3.59284e-38 -3.92469e-37 0)
(-4.40909e-39 -4.20798e-38 0)
(-5.09542e-40 -4.27258e-39 0)
(-5.50481e-41 -4.16081e-40 0)
(-5.66192e-42 -3.87262e-41 0)
(-5.52725e-43 -3.47277e-42 0)
(-5.17449e-44 -2.99632e-43 0)
(-4.64069e-45 -2.50038e-44 0)
(-4.01234e-46 -2.01733e-45 0)
(-3.34409e-47 -1.57911e-46 0)
(-2.69774e-48 -1.19946e-47 0)
(-2.10731e-49 -8.86237e-49 0)
(-1.59836e-50 -6.37209e-50 0)
(-1.17785e-51 -4.46632e-51 0)
(-8.44967e-53 -3.05332e-52 0)
(-5.90473e-54 -2.03859e-53 0)
(-4.02545e-55 -1.33e-54 0)
(-2.67892e-56 -8.48772e-56 0)
(-1.74234e-57 -5.30122e-57 0)
(-1.10814e-58 -3.24315e-58 0)
(-6.89823e-60 -1.94438e-59 0)
(-4.20541e-61 -1.14318e-60 0)
(-2.51263e-62 -6.59434e-62 0)
(-1.47205e-63 -3.73396e-63 0)
(-8.46092e-65 -2.07395e-64 0)
(-4.75882e-66 -1.12278e-65 0)
(-2.57511e-67 -6.27871e-67 0)
(-1.40296e-68 -4.55533e-68 0)
(1.73025e-69 -2.82622e-68 0)
(6.3764e-69 -6.43045e-68 0)
(-4.59015e-68 -1.60504e-67 0)
(-5.50688e-68 7.75459e-67 0)
(1.76035e-68 8.88582e-67 0)
(3.83446e-68 4.74008e-67 0)
(-6.41084e-69 1.68216e-67 0)
(3.70146e-69 5.99833e-67 0)
(4.48913e-68 9.96812e-68 0)
(-2.14131e-68 -2.56559e-67 0)
(1.06823e-34 -5.49648e-35 0)
(1.37652e-35 -6.20255e-36 0)
(1.66404e-36 -6.68112e-37 0)
(1.86968e-37 -6.93793e-38 0)
(1.99989e-38 -6.87726e-39 0)
(2.02375e-39 -6.56522e-40 0)
(1.96352e-40 -6.01166e-41 0)
(1.82082e-41 -5.31574e-42 0)
(1.62694e-42 -4.53192e-43 0)
(1.39885e-43 -3.74246e-44 0)
(1.16337e-44 -2.99212e-45 0)
(9.35538e-46 -2.32344e-46 0)
(7.29967e-47 -1.75242e-47 0)
(5.52731e-48 -1.28671e-48 0)
(4.0714e-49 -9.20013e-50 0)
(2.91854e-50 -6.41656e-51 0)
(2.0396e-51 -4.36714e-52 0)
(1.39027e-52 -2.90419e-53 0)
(9.25557e-54 -1.88798e-54 0)
(6.0213e-55 -1.201e-55 0)
(3.83184e-56 -7.47957e-57 0)
(2.38662e-57 -4.56395e-58 0)
(1.45605e-58 -2.72986e-59 0)
(8.70572e-60 -1.60162e-60 0)
(5.10459e-61 -9.22132e-62 0)
(2.93662e-62 -5.21288e-63 0)
(1.65848e-63 -2.89449e-64 0)
(9.19899e-65 -1.57899e-65 0)
(5.01379e-66 -8.48345e-67 0)
(2.68598e-67 -4.53816e-68 0)
(1.42637e-68 -3.61613e-69 0)
(1.01724e-69 -3.16022e-69 0)
(-2.29869e-69 -7.38566e-69 0)
(-2.69337e-69 4.04515e-68 0)
(9.49252e-70 4.48122e-68 0)
(1.90299e-69 2.37759e-68 0)
(-3.04283e-70 8.47312e-69 0)
(1.86293e-70 2.98527e-68 0)
(2.1986e-69 4.96386e-69 0)
(-1.04998e-69 -1.27798e-68 0)
(4.35694e-34 -2.12655e-34 0)
(5.38223e-35 -2.23855e-35 0)
(6.26773e-36 -2.29838e-36 0)
(6.85011e-37 -2.31571e-37 0)
(7.15742e-38 -2.24117e-38 0)
(7.11194e-39 -2.10087e-39 0)
(6.79532e-40 -1.89221e-40 0)
(6.22424e-41 -1.6498e-41 0)
(5.50415e-42 -1.38808e-42 0)
(4.69248e-43 -1.13289e-43 0)
(3.87483e-44 -8.95761e-45 0)
(3.09771e-45 -6.88589e-46 0)
(2.4052e-46 -5.14414e-47 0)
(1.81389e-47 -3.74383e-48 0)
(1.33169e-48 -2.65451e-49 0)
(9.52059e-50 -1.8369e-50 0)
(6.63921e-51 -1.24088e-51 0)
(4.51807e-52 -8.19398e-53 0)
(3.00415e-53 -5.29099e-54 0)
(1.95269e-54 -3.34426e-55 0)
(1.24199e-55 -2.06996e-56 0)
(7.73369e-57 -1.25567e-57 0)
(4.71831e-58 -7.46823e-59 0)
(2.82177e-59 -4.35794e-60 0)
(1.65531e-60 -2.49597e-61 0)
(9.52898e-62 -1.40389e-62 0)
(5.38601e-63 -7.75756e-64 0)
(2.99032e-64 -4.2133e-65 0)
(1.63156e-65 -2.25006e-66 0)
(8.75159e-67 -1.18223e-67 0)
(4.61738e-68 -6.17083e-69 0)
(2.40847e-69 -4.52078e-70 0)
(5.51175e-72 -3.4683e-70 0)
(-1.2368e-70 2.07176e-69 0)
(5.02938e-71 2.22333e-69 0)
(9.29725e-71 1.17327e-69 0)
(-1.41987e-71 4.19784e-70 0)
(9.21981e-72 1.46172e-69 0)
(1.05982e-70 2.43155e-70 0)
(-5.06768e-71 -6.26349e-70 0)
(1.74288e-33 3.56527e-34 0)
(2.07725e-34 5.30485e-35 0)
(2.36449e-35 6.32644e-36 0)
(2.52544e-36 6.83521e-37 0)
(2.59359e-37 6.8684e-38 0)
(2.53402e-38 6.58782e-39 0)
(2.38803e-39 6.03749e-40 0)
(2.15858e-40 5.33769e-41 0)
(1.88722e-41 4.54682e-42 0)
(1.59155e-42 3.75126e-43 0)
(1.3016e-43 2.99571e-44 0)
(1.03104e-44 2.32349e-45 0)
(7.93886e-46 1.75018e-46 0)
(5.93967e-47 1.28335e-47 0)
(4.32868e-48 9.16322e-49 0)
(3.07301e-49 6.38163e-50 0)
(2.12891e-50 4.33686e-51 0)
(1.43965e-51 2.87966e-52 0)
(9.5156e-53 1.8691e-53 0)
(6.14981e-54 1.1871e-54 0)
(3.89024e-55 7.38099e-56 0)
(2.4097e-56 4.4964e-57 0)
(1.46277e-57 2.68498e-58 0)
(8.70559e-59 1.57264e-59 0)
(5.08299e-60 9.03906e-61 0)
(2.91283e-61 5.1011e-62 0)
(1.63919e-62 2.82767e-63 0)
(9.06207e-64 1.54036e-64 0)
(4.92398e-65 8.24919e-66 0)
(2.63058e-66 4.34482e-67 0)
(1.38233e-67 2.25113e-68 0)
(7.14776e-69 1.14177e-69 0)
(3.57987e-70 4.31512e-71 0)
(1.20686e-71 1.072e-70 0)
(3.47476e-72 1.08711e-70 0)
(4.51438e-72 5.69895e-71 0)
(-6.49502e-73 2.04636e-71 0)
(4.48979e-73 7.04443e-71 0)
(5.02983e-72 1.17214e-71 0)
(-2.4082e-72 -3.02153e-71 0)
(-3.9841e-33 5.65081e-34 0)
(-4.90632e-34 1.05579e-34 0)
(-5.72467e-35 1.32009e-35 0)
(-6.25474e-36 1.44128e-36 0)
(-6.54246e-37 1.44677e-37 0)
(-6.50034e-38 1.38253e-38 0)
(-6.21294e-39 1.26126e-39 0)
(-5.68904e-40 1.11036e-40 0)
(-5.02981e-41 9.42024e-42 0)
(-4.28562e-42 7.74407e-43 0)
(-3.53682e-43 6.16356e-44 0)
(-2.82519e-44 4.76604e-45 0)
(-2.19175e-45 3.57988e-46 0)
(-1.65126e-46 2.61823e-47 0)
(-1.21101e-47 1.86488e-48 0)
(-8.64778e-49 1.29586e-49 0)
(-6.02327e-50 8.78773e-51 0)
(-4.09363e-51 5.82344e-52 0)
(-2.71831e-52 3.77271e-53 0)
(-1.76443e-53 2.39188e-54 0)
(-1.12065e-54 1.48468e-55 0)
(-6.96784e-56 9.03006e-57 0)
(-4.24467e-57 5.38398e-58 0)
(-2.5346e-58 3.14892e-59 0)
(-1.48451e-59 1.80739e-60 0)
(-8.53214e-61 1.01862e-61 0)
(-4.81477e-62 5.63925e-63 0)
(-2.66877e-63 3.0682e-64 0)
(-1.45371e-64 1.64118e-65 0)
(-7.7845e-66 8.63423e-67 0)
(-4.09974e-67 4.46917e-68 0)
(-2.12422e-68 2.27654e-69 0)
(-1.08351e-69 1.13581e-70 0)
(-5.46701e-71 1.08061e-71 0)
(-2.55881e-72 5.49408e-72 0)
(8.0804e-74 2.73772e-72 0)
(-3.56959e-74 9.82463e-73 0)
(2.12092e-74 3.34236e-72 0)
(2.35084e-73 5.56205e-73 0)
(-1.12714e-73 -1.4351e-72 0)
(-8.04512e-33 3.65547e-34 0)
(-9.8092e-34 -3.25937e-35 0)
(-1.13658e-34 -6.94566e-36 0)
(-1.23375e-35 -8.6333e-37 0)
(-1.28398e-36 -9.04966e-38 0)
(-1.26975e-37 -8.78965e-39 0)
(-1.20892e-38 -8.0757e-40 0)
(-1.10303e-39 -7.13631e-41 0)
(-9.72229e-41 -6.07029e-42 0)
(-8.26036e-42 -5.00048e-43 0)
(-6.80006e-43 -3.98718e-44 0)
(-5.41927e-44 -3.0881e-45 0)
(-4.19545e-45 -2.32298e-46 0)
(-3.1547e-46 -1.70125e-47 0)
(-2.30952e-47 -1.21327e-48 0)
(-1.64648e-48 -8.44034e-50 0)
(-1.14504e-49 -5.72988e-51 0)
(-7.77088e-51 -3.80083e-52 0)
(-5.1532e-52 -2.46466e-53 0)
(-3.34067e-53 -1.56393e-54 0)
(-2.11924e-54 -9.71552e-56 0)
(-1.31619e-55 -5.91363e-57 0)
(-8.00941e-57 -3.52841e-58 0)
(-4.77776e-58 -2.06506e-59 0)
(-2.79564e-59 -1.18604e-60 0)
(-1.60529e-60 -6.68845e-62 0)
(-9.05086e-62 -3.70496e-63 0)
(-5.01258e-63 -2.01689e-64 0)
(-2.72819e-64 -1.0794e-65 0)
(-1.4598e-65 -5.68149e-67 0)
(-7.68236e-67 -2.9422e-68 0)
(-3.97766e-68 -1.49959e-69 0)
(-2.027e-69 -7.52724e-71 0)
(-1.01708e-70 -3.46708e-72 0)
(-5.01824e-72 6.6098e-74 0)
(-2.3469e-73 1.19609e-73 0)
(-1.30365e-74 4.5973e-74 0)
(4.59808e-76 1.5616e-73 0)
(1.07994e-74 2.59889e-74 0)
(-5.19841e-75 -6.71309e-74 0)
(2.10193e-33 2.68232e-34 0)
(2.53902e-34 -1.00723e-34 0)
(2.9226e-35 -1.68868e-35 0)
(3.15277e-36 -2.00092e-36 0)
(3.26519e-37 -2.0661e-37 0)
(3.21431e-38 -1.99577e-38 0)
(3.0488e-39 -1.8294e-39 0)
(2.77199e-40 -1.61466e-40 0)
(2.4359e-41 -1.37234e-41 0)
(2.0638e-42 -1.12977e-42 0)
(1.69473e-43 -9.00329e-44 0)
(1.34747e-44 -6.96968e-45 0)
(1.04099e-45 -5.24047e-46 0)
(7.81223e-47 -3.83632e-47 0)
(5.70901e-48 -2.73487e-48 0)
(4.06316e-49 -1.9019e-49 0)
(2.8213e-50 -1.29071e-50 0)
(1.91188e-51 -8.55916e-52 0)
(1.26611e-52 -5.54862e-53 0)
(8.19714e-54 -3.51991e-54 0)
(5.19371e-55 -2.18611e-55 0)
(3.22189e-56 -1.33033e-56 0)
(1.95846e-57 -7.93575e-58 0)
(1.16704e-58 -4.64356e-59 0)
(6.82192e-60 -2.66645e-60 0)
(3.9135e-61 -1.50341e-61 0)
(2.20448e-62 -8.32646e-63 0)
(1.21982e-63 -4.53197e-64 0)
(6.63355e-65 -2.42503e-65 0)
(3.54661e-66 -1.27624e-66 0)
(1.865e-67 -6.60816e-68 0)
(9.64908e-69 -3.36758e-69 0)
(4.91353e-70 -1.6896e-70 0)
(2.46335e-71 -8.33644e-72 0)
(1.21665e-72 -3.94845e-73 0)
(5.96199e-74 -1.35409e-74 0)
(2.77893e-75 1.23662e-75 0)
(1.81104e-76 7.14629e-75 0)
(4.9743e-76 1.19423e-75 0)
(-2.3587e-76 -3.09372e-75 0)
(5.8688e-33 5.31513e-34 0)
(7.1722e-34 3.05296e-35 0)
(8.32344e-35 1.81319e-36 0)
(9.04918e-36 1.21986e-37 0)
(9.42903e-37 9.24176e-39 0)
(9.33528e-38 7.56493e-40 0)
(8.89663e-39 6.26806e-41 0)
(8.12475e-40 5.15189e-42 0)
(7.16696e-41 4.12008e-43 0)
(6.09381e-42 3.21316e-44 0)
(5.01986e-43 2.43137e-45 0)
(4.00307e-44 1.79269e-46 0)
(3.10084e-45 1.28541e-47 0)
(2.3329e-46 8.99214e-49 0)
(1.70875e-47 6.13154e-50 0)
(1.21877e-48 4.08473e-51 0)
(8.47971e-50 2.65749e-52 0)
(5.75731e-51 1.69132e-53 0)
(3.81948e-52 1.05288e-54 0)
(2.47703e-53 6.41919e-56 0)
(1.57196e-54 3.83318e-57 0)
(9.76642e-56 2.24406e-58 0)
(5.94524e-57 1.28819e-59 0)
(3.54764e-58 7.25637e-61 0)
(2.07652e-59 4.0119e-62 0)
(1.19275e-60 2.17839e-63 0)
(6.72692e-62 1.16192e-64 0)
(3.72663e-63 6.09098e-66 0)
(2.02888e-64 3.13886e-67 0)
(1.08592e-65 1.59078e-68 0)
(5.71636e-67 7.93048e-70 0)
(2.96053e-68 3.89036e-71 0)
(1.50906e-69 1.8783e-72 0)
(7.57296e-71 8.98529e-74 0)
(3.74273e-72 4.70888e-75 0)
(1.82239e-73 4.64688e-76 0)
(8.73955e-75 1.07685e-76 0)
(4.15538e-76 3.26527e-76 0)
(4.12373e-77 5.42683e-77 0)
(-9.68109e-78 -1.40501e-76 0)
(1.32921e-33 6.89343e-34 0)
(1.68863e-34 7.2664e-35 0)
(2.01491e-35 7.47976e-36 0)
(2.2459e-36 7.54982e-37 0)
(2.38589e-37 7.32498e-38 0)
(2.40352e-38 6.87986e-39 0)
(2.32337e-39 6.21017e-40 0)
(2.14923e-40 5.42436e-41 0)
(1.91672e-41 4.57234e-42 0)
(1.64605e-42 3.73762e-43 0)
(1.36785e-43 2.95986e-44 0)
(1.09958e-44 2.27836e-45 0)
(8.57896e-46 1.70426e-46 0)
(6.49743e-47 1.24174e-47 0)
(4.788e-48 8.81375e-49 0)
(3.4344e-49 6.10476e-50 0)
(2.40198e-50 4.12756e-51 0)
(1.63881e-51 2.72767e-52 0)
(1.09216e-52 1.76255e-53 0)
(7.11343e-54 1.11474e-54 0)
(4.53251e-55 6.90368e-56 0)
(2.8268e-56 4.18993e-57 0)
(1.72703e-57 2.49311e-58 0)
(1.03411e-58 1.45535e-59 0)
(6.07276e-60 8.33815e-61 0)
(3.49912e-61 4.69119e-62 0)
(1.97938e-62 2.59285e-63 0)
(1.09972e-63 1.40851e-64 0)
(6.00373e-65 7.52285e-66 0)
(3.22195e-66 3.95209e-67 0)
(1.70041e-67 2.04284e-68 0)
(8.82839e-69 1.03935e-69 0)
(4.51086e-70 5.20648e-71 0)
(2.26896e-71 2.56874e-72 0)
(1.1239e-72 1.24878e-73 0)
(5.48389e-74 5.99305e-75 0)
(2.63636e-75 2.87015e-76 0)
(1.25024e-76 2.83697e-77 0)
(6.78318e-78 3.13448e-78 0)
(-1.79419e-79 -6.5089e-78 0)
)
;

boundaryField
{
    leftWall
    {
        type            fixedValue;
        value           nonuniform 0();
    }
    rightWall
    {
        type            fixedValue;
        value           uniform (0 0 0);
    }
    lowerWall
    {
        type            fixedValue;
        value           nonuniform 0();
    }
    atmosphere
    {
        type            pressureInletOutletVelocity;
        value           nonuniform List<vector> 
45
(
(1.72924e-32 8.1962e-30 0)
(8.17096e-31 1.93801e-30 0)
(2.24671e-31 3.48306e-31 0)
(5.17483e-32 4.81984e-32 0)
(9.0298e-33 6.26463e-33 0)
(1.32921e-33 6.89343e-34 0)
(1.68863e-34 7.2664e-35 0)
(2.01491e-35 7.47976e-36 0)
(2.2459e-36 7.54982e-37 0)
(2.38589e-37 7.32498e-38 0)
(2.40352e-38 6.87986e-39 0)
(2.32337e-39 6.21017e-40 0)
(2.14923e-40 5.42436e-41 0)
(1.91672e-41 4.57234e-42 0)
(1.64605e-42 3.73762e-43 0)
(1.36785e-43 2.95986e-44 0)
(1.09958e-44 2.27836e-45 0)
(8.57896e-46 1.70426e-46 0)
(6.49743e-47 1.24174e-47 0)
(4.788e-48 8.81375e-49 0)
(3.4344e-49 6.10476e-50 0)
(2.40198e-50 4.12756e-51 0)
(1.63881e-51 2.72767e-52 0)
(1.09216e-52 1.76255e-53 0)
(7.11343e-54 1.11474e-54 0)
(4.53251e-55 6.90368e-56 0)
(2.8268e-56 4.18993e-57 0)
(1.72703e-57 2.49311e-58 0)
(1.03411e-58 1.45535e-59 0)
(6.07276e-60 8.33815e-61 0)
(3.49912e-61 4.69119e-62 0)
(1.97938e-62 2.59285e-63 0)
(1.09972e-63 1.40851e-64 0)
(6.00373e-65 7.52285e-66 0)
(3.22195e-66 3.95209e-67 0)
(1.70041e-67 2.04284e-68 0)
(8.82839e-69 1.03935e-69 0)
(4.51086e-70 5.20648e-71 0)
(2.26896e-71 2.56874e-72 0)
(1.1239e-72 1.24878e-73 0)
(5.48389e-74 5.99305e-75 0)
(2.63636e-75 2.87015e-76 0)
(1.25024e-76 2.83697e-77 0)
(6.78318e-78 3.13448e-78 0)
(0 -6.5089e-78 0)
)
;
    }
    defaultFaces
    {
        type            empty;
    }
    procBoundary3to1
    {
        type            processor;
        value           nonuniform List<vector> 
45
(
(3.81511e-34 1.84667e-34 0)
(2.58592e-33 1.40645e-33 0)
(1.60467e-32 9.23936e-33 0)
(8.46275e-32 5.77188e-32 0)
(4.44379e-31 2.81097e-31 0)
(1.67026e-30 1.35835e-30 0)
(8.12004e-30 9.19941e-31 0)
(6.81914e-30 -2.58376e-30 0)
(-6.73685e-30 -2.54245e-30 0)
(-7.69366e-30 1.18402e-30 0)
(7.03472e-32 2.76477e-30 0)
(8.13029e-30 1.44179e-30 0)
(8.47458e-30 -1.13698e-30 0)
(1.72446e-30 -1.39981e-30 0)
(4.23161e-31 -2.63536e-31 0)
(7.00707e-32 -4.78487e-32 0)
(1.1375e-32 -6.83345e-33 0)
(-1.43546e-33 -2.56981e-33 0)
(-2.17397e-32 -1.24904e-32 0)
(-1.2861e-31 -8.91225e-32 0)
(-7.77591e-31 -4.80006e-31 0)
(-3.03549e-30 -2.54164e-30 0)
(-1.52801e-29 -9.13743e-31 0)
(-8.11816e-30 3.81661e-30 0)
(6.80942e-30 3.03672e-30 0)
(9.44449e-30 3.2459e-31 0)
(8.91339e-30 -1.18109e-30 0)
(2.20756e-30 -2.41183e-31 0)
(2.15376e-30 1.26066e-30 0)
(8.61236e-30 1.14761e-30 0)
(8.5571e-30 -1.17929e-30 0)
(1.75045e-30 -1.29509e-30 0)
(4.09805e-31 5.47537e-31 0)
(5.80213e-32 -8.58011e-31 0)
(4.81348e-32 -1.05519e-31 0)
(1.44172e-31 8.38645e-32 0)
(8.44988e-31 5.25689e-31 0)
(3.44106e-30 2.79969e-30 0)
(1.67793e-29 2.31164e-30 0)
(1.60435e-29 -3.30653e-30 0)
(-2.43656e-30 -1.58651e-30 0)
(5.92056e-30 1.14554e-30 0)
(-1.60743e-30 -3.31255e-30 0)
(-1.39637e-29 -3.36875e-31 0)
(-2.43319e-30 9.17224e-31 0)
)
;
    }
    procBoundary3to2
    {
        type            processor;
        value           nonuniform List<vector> 
43
(
(2.12426e-34 8.87813e-38 0)
(5.03212e-35 -2.26394e-35 0)
(1.12633e-35 -7.21389e-36 0)
(-4.62824e-37 -1.63782e-35 0)
(-2.81781e-35 -1.19633e-34 0)
(-3.48287e-34 -9.42242e-34 0)
(-4.01879e-33 -5.65281e-33 0)
(-3.62762e-32 -3.53981e-32 0)
(-2.25072e-31 -7.07185e-32 0)
(-2.81802e-31 -4.42952e-31 0)
(-1.48754e-30 -1.79766e-30 0)
(2.92572e-31 -1.04543e-29 0)
(3.10183e-30 2.48468e-31 0)
(2.28633e-31 1.07492e-29 0)
(-1.52402e-30 1.85961e-30 0)
(-2.52489e-31 4.9039e-31 0)
(-1.93742e-33 1.3852e-31 0)
(2.23581e-31 4.52077e-31 0)
(1.35741e-30 1.43606e-30 0)
(-2.43271e-30 9.31286e-30 0)
(-5.33187e-30 -1.52788e-29 0)
(1.7804e-30 -2.7e-29 0)
(5.31741e-30 -3.36864e-30 0)
(-1.88389e-30 8.82182e-30 0)
(-5.28893e-30 -1.59077e-29 0)
(3.62342e-30 -2.68849e-29 0)
(4.08249e-30 8.87419e-30 0)
(-1.32549e-30 8.62839e-31 0)
(-6.03066e-31 -1.17405e-31 0)
(-2.3964e-30 -2.66274e-30 0)
(-2.37937e-32 -1.47795e-29 0)
(2.06856e-30 -2.54068e-30 0)
(3.48125e-31 -6.47272e-31 0)
(6.1e-32 -9.97614e-32 0)
(4.29001e-34 -3.10743e-32 0)
(-5.7375e-32 -8.90845e-32 0)
(-3.0283e-31 -5.80977e-31 0)
(-1.79232e-30 -1.89491e-30 0)
(3.19151e-30 -1.22841e-29 0)
(7.06959e-30 2.00687e-29 0)
(-2.00093e-30 3.60466e-29 0)
(-5.05115e-30 6.48574e-30 0)
(-8.07724e-31 1.81993e-30 0)
)
;
    }
}


// ************************************************************************* //
