/*--------------------------------*- C++ -*----------------------------------*\
| =========                 |                                                 |
| \\      /  F ield         | OpenFOAM: The Open Source CFD Toolbox           |
|  \\    /   O peration     | Version:  2.4.0                                 |
|   \\  /    A nd           | Web:      www.OpenFOAM.org                      |
|    \\/     M anipulation  |                                                 |
\*---------------------------------------------------------------------------*/
FoamFile
{
    version     2.0;
    format      ascii;
    class       surfaceScalarField;
    location    "0.8";
    object      phi;
}
// * * * * * * * * * * * * * * * * * * * * * * * * * * * * * * * * * * * * * //

dimensions      [0 3 -1 0 0 0 0];

internalField   nonuniform List<scalar> 
3782
(
-3.85033e-39
3.73711e-37
-4.67688e-39
7.14671e-38
-1.38842e-39
1.38002e-38
-4.19178e-39
1.87836e-39
-3.73484e-38
-6.41354e-40
-2.80717e-37
-3.70363e-38
-2.26373e-36
-7.40555e-37
-1.08727e-35
-1.06513e-35
-8.35269e-35
-1.96632e-34
-4.0007e-34
-1.32475e-36
-2.62196e-34
6.4831e-35
-1.31876e-32
-1.12458e-35
1.34722e-32
-1.361e-34
2.86993e-34
-8.41917e-36
4.13836e-34
6.72779e-35
9.61481e-35
9.57879e-36
9.38511e-35
3.19233e-38
3.51717e-34
-8.72195e-36
-2.797e-34
-6.24862e-35
1.43319e-32
1.03034e-34
-3.18227e-32
2.34346e-34
-8.58137e-34
-7.87188e-35
-1.34594e-33
-2.34901e-34
1.51795e-32
8.33818e-35
-3.35051e-32
2.35215e-34
-8.64905e-34
-1.60816e-34
1.64128e-32
-1.77734e-34
-1.71709e-32
6.07337e-35
1.71258e-32
5.91354e-36
-1.83364e-32
-1.90852e-34
-4.86115e-34
-1.65036e-35
-5.5781e-34
-9.20478e-35
-1.16138e-34
-1.31733e-35
-1.58893e-35
-2.11627e-36
-1.49354e-35
-8.64669e-39
-1.10279e-34
2.04139e-36
-4.62483e-34
1.17481e-35
3.6471e-34
8.24741e-35
-1.88807e-32
-1.35069e-34
4.18794e-32
-3.10186e-34
1.62112e-33
9.02807e-35
1.42613e-33
2.19945e-34
3.02013e-35
2.67856e-36
-3.09301e-38
1.6457e-35
-2.23148e-37
1.07277e-34
-1.5652e-36
-8.35796e-36
4.74705e-34
4.88277e-37
-3.7049e-38
2.87554e-36
-2.66094e-37
1.69196e-35
-1.85008e-36
-9.8021e-36
7.01946e-35
8.80268e-38
-7.19986e-39
4.64355e-37
-5.11165e-38
2.35521e-36
-3.37948e-37
-1.69593e-36
7.14666e-36
1.10684e-38
2.31258e-40
5.40789e-38
-7.03992e-39
2.4314e-37
-5.9261e-38
-2.82384e-37
5.60736e-37
6.11468e-40
1.4044e-38
5.56702e-39
2.05711e-38
2.57112e-38
-2.25057e-39
-3.33265e-38
4.42709e-38
-2.42569e-38
8.18811e-38
-1.00731e-38
1.36509e-37
-2.06048e-39
3.12755e-38
2.33425e-39
2.41202e-39
-4.59454e-37
4.94475e-37
-1.3895e-37
8.96977e-37
-4.46065e-38
1.84052e-37
3.4684e-38
-8.92889e-39
-6.31247e-36
-1.46523e-36
-1.38133e-36
4.20074e-37
-3.24629e-37
1.04678e-37
2.24466e-38
-5.74534e-38
-1.23512e-35
-1.67897e-35
-9.30006e-36
-3.57781e-36
-2.03821e-36
-5.22901e-37
-7.63825e-38
-3.25899e-37
4.65134e-36
-7.2866e-35
1.11594e-36
-9.82317e-36
1.63889e-37
-1.01382e-36
-1.02722e-37
1.86637e-38
7.42611e-35
-4.49881e-34
1.45009e-35
-4.29491e-35
2.67179e-36
-3.05137e-36
-1.39636e-37
3.91778e-37
-1.3168e-35
-3.82882e-34
-2.97182e-36
-3.5461e-35
-5.84077e-37
-2.44315e-36
-1.02739e-37
-9.13796e-38
-1.55274e-34
4.11407e-34
-3.06159e-35
3.82726e-35
-5.70641e-36
2.65181e-36
1.13467e-37
-8.46002e-37
-9.95439e-36
4.62031e-34
-2.32534e-36
4.41125e-35
-4.60512e-37
3.12638e-36
1.40488e-37
-7.25952e-38
7.66822e-35
7.44899e-35
1.50423e-35
9.22289e-36
2.79289e-36
8.62081e-37
7.10108e-38
4.12509e-37
1.12619e-35
1.8573e-35
2.56676e-36
3.20261e-36
5.02566e-37
4.22751e-37
5.42774e-38
7.83867e-38
4.24655e-38
1.78102e-35
1.47951e-38
3.00491e-36
3.94131e-39
3.87769e-37
4.88068e-38
7.75877e-40
-1.02195e-35
6.16793e-35
-2.29295e-36
6.50203e-36
-4.39382e-37
4.51483e-37
1.24692e-38
-6.73087e-38
-7.0688e-35
4.12958e-34
-1.33119e-35
3.52501e-35
-2.42323e-36
2.02199e-36
1.12916e-38
-3.50416e-37
1.18356e-34
-1.91029e-34
2.41741e-35
-2.32994e-35
4.56716e-36
-2.16137e-36
-1.76957e-37
6.86916e-37
2.67282e-34
-1.55402e-33
5.26183e-35
-1.48798e-34
9.79646e-36
-1.0701e-35
-5.15434e-37
1.45082e-36
-8.97075e-35
-1.10271e-33
-1.75815e-35
-1.08597e-34
-3.26074e-36
-8.16012e-36
-4.50884e-37
-4.81085e-37
-2.67694e-34
2.51006e-34
-5.2468e-35
1.32933e-35
-9.73935e-36
-2.2921e-37
-2.02521e-37
-1.43813e-36
9.50009e-35
-2.24516e-34
1.85975e-35
-2.85876e-35
3.44551e-36
-2.81402e-36
-2.55674e-37
5.07898e-37
2.67706e-34
-1.58298e-33
5.2111e-35
-1.50537e-34
9.65011e-36
-1.07897e-35
-5.20282e-37
1.42109e-36
-1.83063e-34
-6.44268e-34
-3.56726e-35
-6.43722e-35
-6.61963e-36
-4.85807e-36
-2.65001e-37
-9.76685e-37
-2.03086e-34
3.87755e-34
-4.04025e-35
3.15364e-35
-7.55331e-36
1.68358e-36
-9.47857e-39
-1.12365e-36
6.89947e-35
3.02102e-35
1.26535e-35
1.95875e-36
2.26661e-36
-7.69638e-38
-4.16458e-38
3.21991e-37
1.58173e-35
-8.57021e-35
3.64032e-36
-9.10059e-36
6.21538e-37
-6.73533e-37
-2.23758e-38
8.54868e-38
8.63498e-35
-6.37499e-34
7.12677e-36
-6.33832e-35
8.84174e-37
-4.83866e-36
-2.86444e-37
9.60084e-38
-1.04512e-35
-6.32587e-34
-2.25736e-36
-6.32407e-35
-5.17799e-37
-4.87702e-36
-2.97768e-37
-9.02739e-38
-1.04468e-34
-1.00987e-34
-2.06737e-35
-1.28493e-35
-3.88074e-36
-1.25318e-36
-1.12519e-37
-5.79084e-37
-1.54748e-35
-2.22788e-35
-3.54914e-36
-3.8453e-36
-7.01794e-37
-5.08071e-37
-6.56492e-38
-1.10431e-37
-2.51833e-36
-3.43077e-36
-6.06503e-37
-6.76588e-37
-1.27828e-37
-1.00791e-37
-1.42934e-38
-2.10804e-38
-1.09563e-38
-3.19723e-36
-3.33388e-39
-6.15221e-37
-9.11143e-40
-8.97724e-38
-1.2466e-38
-1.81498e-40
2.42294e-36
-2.05993e-35
5.75826e-37
-3.40607e-36
1.19654e-37
-4.30026e-37
-5.30539e-38
1.94763e-38
1.37739e-35
-8.1021e-35
3.09944e-36
-8.50355e-36
5.96048e-37
-5.83662e-37
-1.46335e-38
9.16058e-38
9.33059e-35
-5.44764e-34
1.7578e-35
-4.64901e-35
3.20042e-36
-2.66274e-36
-1.38407e-38
4.62899e-37
-1.55173e-34
2.48027e-34
-3.17118e-35
3.05843e-35
-5.99368e-36
2.87569e-36
2.40996e-37
-9.0183e-37
-3.53885e-34
2.05833e-33
-6.97757e-35
1.98599e-34
-1.30045e-35
1.44783e-35
7.31597e-37
-1.92787e-36
1.02464e-34
1.53426e-33
1.96473e-35
1.51755e-34
3.62048e-36
1.13584e-35
6.11189e-37
5.30132e-37
2.51327e-34
2.59644e-34
4.99719e-35
3.34308e-35
9.34119e-36
3.29115e-36
2.95836e-37
1.38938e-36
3.55589e-35
8.19148e-36
1.62765e-36
2.5732e-37
6.43011e-34
-5.1948e-35
1.19128e-32
-3.72751e-35
1.33525e-35
9.92018e-35
-1.18108e-32
9.79348e-35
-1.35777e-34
-4.59792e-35
2.49101e-34
-1.05355e-34
1.23096e-32
-5.45068e-35
7.19528e-34
4.45572e-35
4.94946e-34
5.32236e-35
9.97602e-35
8.68405e-36
1.32487e-35
1.44207e-36
1.49618e-36
1.82228e-37
-3.4026e-36
6.31636e-38
-2.46678e-35
3.36297e-37
-1.86425e-34
2.70772e-36
-8.91778e-34
1.59455e-35
-9.55066e-34
9.79148e-35
-2.39827e-32
3.71151e-35
1.14395e-32
-1.46644e-34
4.73357e-34
-1.14212e-34
1.27171e-32
-9.72047e-36
9.05316e-34
5.57745e-35
1.00381e-33
5.42253e-35
8.34817e-34
-3.91366e-35
1.24212e-32
-4.40426e-35
7.33985e-34
4.66079e-35
4.97249e-34
5.83947e-35
1.01765e-34
1.17257e-35
1.72838e-35
-1.62165e-36
2.78082e-35
-5.14697e-36
1.98717e-34
-3.2239e-36
9.84554e-34
-1.65362e-35
1.38868e-33
-9.60904e-35
2.44911e-32
7.36164e-35
1.52484e-33
1.40859e-34
-1.09431e-32
6.95706e-35
2.28188e-32
-5.26685e-36
-2.38082e-32
1.38412e-34
-8.43737e-34
3.35253e-36
-7.70791e-35
3.8369e-34
-5.96574e-35
6.05192e-34
-4.24606e-35
2.33741e-36
1.13836e-34
-5.89057e-34
1.12341e-34
-3.09741e-34
-5.26745e-35
3.27855e-34
-1.21038e-34
6.63135e-34
-6.26786e-35
3.96958e-34
5.09937e-35
7.33783e-35
6.11631e-35
1.57353e-35
1.01905e-35
2.31789e-36
1.70476e-36
2.68713e-37
2.17414e-37
-6.15676e-37
7.56757e-38
-4.30386e-36
4.01048e-37
-2.91818e-35
3.1991e-36
-1.31318e-34
1.86996e-35
-7.22435e-34
1.12317e-34
-9.42095e-34
4.22692e-35
-4.61857e-35
-1.68242e-34
6.51254e-34
-1.31461e-34
7.22206e-34
-1.18444e-35
4.25406e-34
5.86862e-35
1.49811e-34
5.8035e-35
4.16125e-34
-5.00793e-35
6.80953e-34
-5.08363e-35
3.98916e-34
5.29917e-35
7.39052e-35
6.22129e-35
1.73414e-35
1.48938e-35
3.15335e-36
-3.02488e-36
4.25183e-36
-1.02235e-36
3.10867e-35
-3.43155e-36
1.44953e-34
-1.98123e-35
7.85994e-34
-1.15853e-34
1.31081e-33
-8.94572e-35
5.15049e-34
1.55363e-34
1.19362e-34
7.44824e-35
1.91936e-34
-9.22918e-36
-6.24234e-34
1.5357e-34
-6.59596e-34
8.54614e-36
-8.46234e-35
2.76383e-35
-8.97694e-36
4.08433e-35
-6.02118e-36
3.80945e-37
1.7045e-35
-3.85471e-35
1.67735e-35
-2.00324e-35
-7.79389e-36
2.26417e-35
-1.82713e-35
4.61698e-35
-9.52663e-36
2.94489e-35
7.48684e-36
7.49558e-36
9.25131e-36
2.22056e-36
1.76867e-36
3.76768e-37
3.11829e-37
4.78748e-38
4.21234e-38
-1.10833e-37
1.50868e-38
-6.93635e-37
7.74595e-38
-4.06985e-36
5.82968e-37
-1.28238e-35
3.23014e-36
-5.1702e-35
1.67687e-35
-6.46199e-35
5.98367e-36
-3.74277e-36
-2.51557e-35
4.45628e-35
-2.00835e-35
5.16856e-35
-2.0622e-36
3.34103e-35
8.81897e-36
1.5477e-35
8.83146e-36
3.22221e-35
-7.29892e-36
4.87257e-35
-7.44607e-36
2.97851e-35
7.86403e-36
7.59088e-36
9.45684e-36
2.46434e-36
2.6685e-36
5.25197e-37
-5.93192e-37
6.88285e-37
-1.99325e-37
4.25172e-36
-6.31385e-37
1.39685e-35
-3.4129e-36
5.72862e-35
-1.74036e-35
9.35375e-35
-8.61618e-36
4.12258e-35
2.29244e-35
1.13431e-35
1.16345e-35
1.17808e-35
-1.6041e-37
-4.37557e-35
2.26785e-35
-4.79789e-35
1.49461e-36
-1.21307e-35
1.44748e-36
-1.41272e-36
1.94817e-36
-9.28609e-37
4.47482e-38
2.6862e-36
-1.70659e-36
2.63827e-36
-8.41368e-37
-1.22368e-36
1.11896e-36
-2.88465e-36
2.31473e-36
-1.5112e-36
1.63092e-36
1.16918e-36
5.92096e-37
1.46255e-36
2.31824e-37
2.94172e-37
4.41697e-38
5.5427e-38
5.94553e-39
7.86466e-39
-1.38842e-38
2.92881e-39
-8.08193e-38
1.44014e-38
-4.20195e-37
1.03275e-37
-9.59003e-37
5.33813e-37
-2.70413e-36
2.63734e-36
-3.17183e-36
9.21761e-37
-2.08751e-37
-3.96627e-36
2.15268e-36
-3.18702e-36
2.69783e-36
-3.47119e-37
2.03408e-36
1.3781e-36
1.24546e-36
1.34866e-36
1.93299e-36
-1.14343e-36
2.58585e-36
-1.1624e-36
1.66704e-36
1.23591e-36
6.0503e-37
1.49247e-36
2.69437e-37
4.02815e-37
6.35363e-38
-5.41945e-38
7.56112e-38
-2.84906e-38
4.32308e-37
-1.09791e-37
1.03606e-36
-5.55535e-37
3.07669e-36
-2.70508e-36
4.96313e-36
-1.13682e-36
2.52068e-36
3.63546e-36
8.17123e-37
1.86914e-36
5.37604e-37
-3.5196e-39
-2.25635e-36
3.56359e-36
-2.66541e-36
2.73926e-37
-1.8409e-36
4.21803e-38
-1.62088e-37
3.16026e-38
-1.03788e-37
5.3155e-39
3.08545e-37
-5.1294e-39
3.02449e-37
6.90864e-39
-1.39852e-37
2.37584e-38
-3.3229e-37
5.451e-38
-1.74883e-37
6.16724e-38
1.32889e-37
4.73531e-38
1.68692e-37
2.52188e-38
3.5914e-38
5.23636e-39
7.09035e-39
7.41321e-40
1.04977e-39
-1.7432e-39
4.02092e-40
-9.52734e-39
1.916e-39
-4.52939e-38
1.31711e-38
-7.03172e-38
6.48602e-38
-7.99847e-38
3.02321e-37
-6.5521e-38
1.02905e-37
-6.37165e-39
-4.55612e-37
3.74458e-38
-3.69279e-37
7.94035e-38
-4.25642e-38
1.05019e-37
1.58301e-37
1.01897e-37
1.57169e-37
9.51912e-38
-1.29186e-37
8.4362e-38
-1.31843e-37
6.60985e-38
1.41601e-37
4.89768e-38
1.72838e-37
2.95735e-38
5.07923e-38
7.63364e-39
-7.91928e-39
8.84596e-39
-3.9247e-39
4.55073e-38
-1.39891e-38
7.20893e-38
-6.68e-38
9.92282e-38
-3.07604e-37
1.66482e-37
-1.18826e-37
1.31404e-37
4.18664e-37
5.69347e-38
2.20257e-37
9.4994e-39
1.103e-38
-6.67337e-38
4.08164e-37
-1.08528e-37
3.4845e-38
-2.08052e-37
-1.31909e-39
-1.78583e-38
-4.94375e-39
-1.17876e-38
5.44777e-40
3.59619e-38
7.50027e-39
3.51882e-38
5.0654e-39
-1.6256e-38
-2.05376e-39
-3.87511e-38
-3.52655e-39
-2.04647e-38
7.34454e-40
1.53837e-38
3.75656e-39
1.96913e-38
2.4486e-39
4.32223e-39
5.39518e-40
8.893e-40
7.87327e-41
1.35949e-40
-1.86179e-40
5.33844e-41
-9.7796e-40
2.47397e-40
-4.36779e-39
1.64808e-39
-5.15289e-39
7.7714e-39
1.88211e-39
3.51697e-38
6.07185e-39
1.18002e-38
1.69118e-40
-5.31095e-38
-5.15062e-39
-4.32128e-38
-1.96763e-39
-5.15869e-39
4.87585e-39
1.83591e-38
8.27965e-39
1.81704e-38
4.07172e-39
-1.49487e-38
-6.00332e-40
-1.52507e-38
1.17296e-39
1.64792e-38
3.93677e-39
2.01872e-38
2.95188e-39
5.96577e-39
7.99355e-40
-7.71166e-40
8.72662e-40
-4.62885e-40
4.30298e-39
-1.72522e-39
4.93498e-39
-7.8571e-39
-1.07524e-39
-3.51783e-38
-4.31132e-40
-1.07527e-38
6.20675e-39
4.93232e-38
3.97229e-39
2.61066e-38
-1.03161e-39
1.7299e-39
1.50978e-39
4.75419e-38
-2.48318e-39
4.43204e-39
-2.38288e-38
-1.90284e-39
3.32332e-39
-1.06369e-39
-5.43061e-40
2.87296e-41
3.69414e-39
1.10461e-39
3.55036e-39
7.02671e-40
-1.63374e-39
-4.03342e-40
-3.91277e-39
-7.54972e-40
-2.07289e-39
-1.72193e-40
1.54072e-39
3.29874e-40
1.99002e-39
2.41961e-40
4.50941e-40
5.52004e-41
9.56375e-41
8.23314e-42
1.50237e-41
-1.95486e-41
6.01195e-42
-9.97818e-41
2.72754e-41
-4.29797e-40
1.76872e-40
-4.27046e-40
8.0807e-40
6.33218e-40
3.54111e-39
1.17132e-39
1.16876e-39
5.49635e-41
-5.35642e-39
-9.13219e-40
-4.37901e-39
-6.41108e-40
-5.39749e-40
2.34843e-40
1.85082e-39
7.37778e-40
1.85285e-39
1.60524e-40
-1.48989e-39
-4.64222e-40
-1.52472e-39
-1.26494e-40
1.66017e-39
3.48837e-40
2.04654e-39
2.92875e-40
6.36736e-40
8.21793e-41
-9.20132e-41
8.77683e-41
-5.24497e-41
4.13825e-40
-1.8411e-40
3.61909e-40
-8.04598e-40
-6.24759e-40
-3.49134e-39
-7.85264e-40
-8.62484e-40
3.31681e-40
5.01629e-39
3.23889e-40
2.68305e-39
-1.86984e-40
2.60943e-40
5.12445e-40
4.79193e-39
1.23994e-40
4.7646e-40
-2.38347e-39
-8.5732e-39
3.28069e-39
-1.18329e-39
3.20558e-40
-1.2896e-40
4.10383e-40
9.77736e-41
3.58675e-40
6.9027e-41
-1.62457e-40
-4.33653e-41
-3.91015e-40
-8.21359e-41
-2.0766e-40
-2.40046e-41
1.53172e-40
2.84027e-41
1.99019e-40
2.20103e-41
4.60253e-41
5.15331e-42
1.00039e-41
7.79701e-43
1.60361e-42
-1.8578e-42
6.51649e-43
-9.29693e-42
2.90565e-42
-3.89708e-41
1.84722e-41
-3.56735e-41
8.22444e-41
7.26087e-41
3.53287e-40
1.25315e-40
1.15369e-40
6.37868e-42
-5.3516e-40
-9.6406e-41
-4.38713e-40
-7.34974e-41
-5.53052e-41
1.26978e-41
1.84404e-40
6.42337e-41
1.84817e-40
6.6682e-42
-1.47912e-40
-5.55498e-41
-1.51452e-40
-1.98326e-41
1.65714e-40
3.02486e-41
2.04886e-40
2.70689e-41
6.45657e-41
7.73122e-42
-8.73163e-42
7.90701e-42
-5.38487e-42
3.6761e-41
-1.8974e-41
2.68616e-41
-8.02421e-41
-7.53398e-41
-3.41578e-40
-9.49447e-41
-5.57665e-41
2.14416e-41
5.07344e-40
2.71249e-41
2.71966e-40
-1.90751e-41
3.0173e-41
5.89209e-41
4.78667e-40
2.35245e-41
5.01534e-41
-2.35727e-40
-4.63558e-38
-9.95032e-39
-5.67109e-39
-1.10524e-39
-6.75761e-40
-7.89187e-41
-6.27331e-41
2.10881e-41
-1.11892e-42
-1.58993e-41
-4.82521e-42
-3.58362e-41
-7.86422e-42
-1.90284e-41
-2.43655e-42
1.39211e-41
2.48406e-42
1.81999e-41
1.9732e-42
4.29542e-42
4.69807e-43
9.51468e-43
7.18585e-44
1.55224e-43
-1.71674e-43
6.38552e-44
-8.46289e-43
2.80802e-43
-3.48633e-42
1.75445e-42
-3.07699e-42
7.65873e-42
7.00089e-42
3.22272e-41
1.18328e-41
1.04054e-41
6.20875e-43
-4.88768e-41
-9.06668e-42
-4.01924e-41
-7.08033e-42
-5.16942e-42
8.49169e-43
1.68408e-41
5.64632e-42
1.70232e-41
3.34003e-43
-1.33908e-41
-5.40489e-42
-1.37457e-41
-2.0475e-42
1.51267e-41
2.65607e-42
1.8782e-41
2.4353e-42
6.12393e-42
7.06022e-43
-8.95611e-43
7.04808e-43
-5.31241e-43
3.21363e-42
-1.78721e-42
1.98956e-42
-7.3366e-42
-7.52271e-42
-3.06026e-41
-9.10432e-42
-2.78387e-42
1.82496e-42
4.68418e-41
2.39867e-42
2.52205e-41
-1.75422e-42
3.31715e-42
5.66915e-42
4.37152e-41
2.50784e-42
4.76844e-42
-2.14244e-41
9.09742e-40
-1.03471e-38
-3.67675e-41
-1.00029e-39
-2.16609e-41
-9.47443e-41
-2.87977e-42
-6.83802e-42
2.49522e-44
-2.24519e-42
-4.09224e-43
-3.27854e-42
-6.71953e-43
-1.70979e-42
-2.12845e-43
1.23837e-42
2.05897e-43
1.62689e-42
1.65699e-43
3.89564e-43
4.00398e-44
8.76136e-44
6.17383e-45
1.44871e-44
-1.47849e-44
6.0189e-45
-7.20402e-44
2.61726e-44
-2.92207e-43
1.61381e-43
-2.53183e-43
6.93343e-43
6.01116e-43
2.87574e-42
1.00794e-42
9.20943e-43
5.38086e-44
-4.3658e-42
-7.71688e-43
-3.59764e-42
-6.08795e-43
-4.69818e-43
6.15806e-44
1.50226e-42
4.7044e-43
1.52227e-42
2.2011e-44
-1.18965e-42
-4.63995e-43
-1.22232e-42
-1.80099e-43
1.35042e-42
2.2099e-43
1.6809e-42
2.06792e-43
5.5548e-43
6.04076e-44
-7.99942e-44
5.80366e-44
-4.88079e-44
2.6339e-43
-1.62273e-43
1.40303e-43
-6.49904e-43
-6.6288e-43
-2.6729e-42
-7.68688e-43
-5.08458e-45
1.60796e-43
4.23847e-42
2.02224e-43
2.28181e-42
-1.44441e-43
3.25735e-43
4.87533e-43
3.90467e-42
2.20956e-43
4.40287e-43
-1.90177e-42
4.67585e-38
8.23279e-40
5.04415e-39
9.59222e-40
5.21007e-40
1.26392e-40
5.03404e-41
1.31605e-41
4.71218e-42
1.06419e-42
3.82331e-43
-1.66642e-43
-1.98107e-44
-1.34622e-43
-1.47794e-44
1.0405e-43
1.69636e-44
1.36427e-43
1.35844e-44
3.31222e-44
3.31572e-45
7.54023e-45
5.14466e-46
1.26175e-45
-1.23413e-45
5.28514e-46
-5.95768e-45
2.27691e-45
-2.38909e-44
1.38748e-44
-2.04953e-44
5.88569e-44
4.95624e-44
2.40629e-43
8.28085e-44
7.64197e-44
4.46816e-45
-3.65624e-43
-6.33845e-44
-3.01963e-43
-5.02115e-44
-3.99692e-44
4.7339e-45
1.25849e-43
3.83413e-44
1.28372e-43
1.64793e-45
-9.89529e-44
-3.8188e-44
-1.01887e-43
-1.49601e-44
1.13064e-43
1.80046e-44
1.41178e-43
1.70035e-44
4.7813e-44
5.0028e-45
-7.29879e-45
4.67373e-45
-4.31744e-45
2.101e-44
-1.38115e-44
9.27603e-45
-5.40424e-44
-5.62044e-44
-2.19058e-43
-6.18511e-44
1.79945e-44
1.46654e-44
3.59294e-43
1.68865e-44
1.93618e-43
-1.15696e-44
3.04939e-44
4.01832e-44
3.27048e-43
1.83598e-44
3.78696e-44
-1.58795e-43
-1.14213e-38
2.19325e-39
-1.28754e-39
9.45755e-40
-1.37941e-40
1.1923e-40
-1.3774e-41
1.21654e-41
-1.31639e-42
1.09962e-42
-1.21932e-43
7.41921e-44
-1.47101e-44
-3.75943e-45
-2.25093e-45
9.03168e-45
1.22366e-45
1.11696e-44
1.04953e-45
2.73353e-45
2.59969e-46
6.2797e-46
4.05858e-47
1.06057e-46
-9.76182e-47
4.47146e-47
-4.67652e-46
1.9118e-46
-1.8552e-45
1.15421e-45
-1.5791e-45
4.84573e-45
3.86141e-45
1.95963e-44
6.43643e-45
6.18339e-45
3.50432e-46
-2.9797e-44
-4.92789e-45
-2.46498e-44
-3.91746e-45
-3.29811e-45
3.51744e-46
1.02518e-44
2.97427e-45
1.04881e-44
1.30133e-46
-8.0266e-45
-2.96734e-45
-8.27396e-45
-1.17239e-45
9.21149e-45
1.39549e-45
1.15263e-44
1.33394e-45
3.95391e-45
3.93753e-46
-6.08035e-46
3.54344e-46
-3.61312e-46
1.59154e-45
-1.13395e-45
5.6364e-46
-4.34759e-45
-4.49017e-45
-1.74286e-44
-4.70199e-45
3.12529e-45
1.25623e-45
2.96745e-44
1.33755e-45
1.59645e-44
-8.71988e-46
2.66302e-45
3.13649e-45
2.66551e-44
1.43189e-45
3.15623e-45
-1.28915e-44
-1.02289e-37
-2.05965e-39
-1.11658e-38
-9.94286e-40
-1.16807e-39
-1.26659e-40
-1.14053e-40
-1.29795e-41
-1.07216e-41
-1.19101e-42
-9.55466e-43
-1.05244e-43
-8.24667e-44
-9.46452e-45
-6.86214e-45
-3.38618e-47
-4.4037e-46
8.10126e-46
3.85772e-47
2.10031e-46
1.67901e-47
4.93155e-47
2.88949e-48
8.43012e-48
-7.49948e-48
3.5817e-48
-3.56333e-47
1.52222e-47
-1.40153e-46
9.1132e-47
-1.18602e-46
3.79366e-46
2.92187e-46
1.51791e-45
4.86242e-46
4.75894e-46
2.66599e-47
-2.30948e-45
-3.72344e-46
-1.91378e-45
-2.96626e-46
-2.58514e-46
2.58914e-47
7.95057e-46
2.24455e-46
8.17779e-46
9.99524e-48
-6.18693e-46
-2.24023e-46
-6.38961e-46
-8.89464e-47
7.13876e-46
1.05273e-46
8.95495e-46
1.0136e-46
3.1305e-46
3.00133e-47
-5.04261e-47
2.61678e-47
-2.91874e-47
1.17055e-46
-8.85133e-47
3.01188e-47
-3.32728e-46
-3.4892e-46
-1.31894e-45
-3.46146e-46
3.63714e-46
1.05417e-46
2.32982e-45
1.03584e-46
1.25201e-45
-6.41881e-47
2.22842e-46
2.37495e-46
2.06636e-45
1.08354e-46
2.49226e-46
-9.97449e-46
-9.08002e-39
-1.42411e-39
-1.02459e-39
-1.06909e-39
-1.09578e-40
-1.39751e-40
-1.09291e-41
-1.44331e-41
-1.04383e-42
-1.32785e-42
-9.44271e-44
-1.15815e-43
-8.24022e-45
-9.64026e-45
-6.91263e-46
-7.1601e-46
-4.78939e-47
6.24972e-48
1.53809e-48
1.1881e-47
1.13235e-48
3.47934e-48
2.0492e-49
6.28907e-49
-5.50932e-49
2.75807e-49
-2.60186e-48
1.17189e-48
-1.01509e-47
6.96871e-48
-8.54261e-48
2.88086e-47
2.11854e-47
1.1429e-46
3.52032e-47
3.56454e-47
1.94269e-48
-1.73981e-46
-2.69662e-47
-1.44367e-46
-2.15353e-47
-1.96553e-47
1.82175e-48
5.99026e-47
1.62518e-47
6.18059e-47
7.53302e-49
-4.6416e-47
-1.62054e-47
-4.79961e-47
-6.47353e-48
5.37703e-47
7.61699e-48
6.75755e-47
7.40427e-48
2.39054e-47
2.194e-48
-3.91899e-48
1.84099e-48
-2.25307e-48
8.2491e-48
-6.67744e-48
1.31148e-48
-2.46511e-47
-2.59357e-47
-9.68213e-47
-2.44257e-47
3.71646e-47
8.36089e-48
1.77921e-46
7.6743e-48
9.53493e-47
-4.51141e-48
1.77195e-47
1.72551e-47
1.55687e-46
7.84814e-48
1.9076e-47
-7.49709e-47
4.97121e-38
5.46944e-39
5.41151e-39
3.93216e-40
5.64789e-40
3.10353e-41
5.50363e-41
2.64266e-42
5.16508e-42
2.25212e-43
4.5951e-43
1.89857e-44
3.94607e-44
1.53914e-45
3.24207e-45
1.25501e-46
2.58301e-46
1.39866e-47
2.01449e-47
1.87158e-48
1.56836e-48
3.2727e-49
1.21474e-49
5.14367e-50
-3.17822e-50
2.07671e-50
-1.8405e-49
8.64263e-50
-7.15202e-49
5.10635e-49
-5.99158e-49
2.09879e-48
1.49394e-48
8.25814e-48
2.47943e-48
2.56247e-48
1.37574e-49
-1.25769e-47
-1.89974e-48
-1.04502e-47
-1.51987e-48
-1.43274e-48
1.25625e-49
4.33375e-48
1.14452e-48
4.49198e-48
5.45016e-50
-3.33983e-48
-1.14055e-48
-3.45948e-48
-4.57593e-49
3.88691e-48
5.36197e-49
4.8949e-48
5.24725e-49
1.75842e-48
1.55571e-49
-2.99668e-49
1.26015e-49
-1.68324e-49
5.64492e-49
-4.83166e-49
2.85693e-50
-1.75209e-48
-1.87642e-48
-6.81788e-48
-1.67273e-48
3.37101e-48
6.45023e-49
1.30346e-47
5.54522e-49
6.96804e-48
-3.09375e-49
1.35656e-48
1.21836e-48
1.1257e-47
5.53018e-49
1.39768e-48
-5.41479e-48
9.72893e-39
6.48921e-39
1.09063e-39
6.58474e-40
1.16051e-40
6.35637e-41
1.15242e-41
5.96773e-42
1.09682e-42
5.32398e-43
9.88993e-44
4.59213e-44
8.58499e-45
3.78788e-45
7.12627e-46
3.02671e-46
5.71803e-47
2.35658e-47
4.4382e-48
1.81514e-48
3.36808e-49
1.44518e-49
2.49544e-50
1.21671e-50
-1.01238e-51
2.06619e-51
-1.25113e-50
6.21343e-51
-4.86158e-50
3.63011e-50
-4.05512e-50
1.4849e-49
1.01633e-49
5.80274e-49
1.68479e-49
1.79283e-49
9.39571e-51
-8.8408e-49
-1.29132e-49
-7.35417e-49
-1.03524e-49
-1.01422e-49
8.33034e-51
3.04794e-49
7.78025e-50
3.16907e-49
3.84167e-51
-2.339e-49
-7.74442e-50
-2.42596e-49
-3.12326e-50
2.73211e-49
3.64267e-50
3.44631e-49
3.59382e-50
1.25168e-49
1.0644e-50
-2.18023e-50
8.28049e-51
-1.20989e-50
3.72362e-50
-3.38647e-50
-2.31747e-51
-1.20731e-49
-1.30815e-49
-4.66004e-49
-1.10498e-49
2.87278e-49
4.75463e-50
9.28999e-49
3.86019e-50
4.94869e-49
-2.04145e-50
9.96655e-50
8.30641e-50
7.91431e-49
3.75768e-50
9.93987e-50
-3.80172e-49
1.16406e-40
5.73968e-39
1.48999e-41
5.76128e-40
1.75919e-42
5.51811e-41
1.8919e-43
5.15342e-42
1.91876e-44
4.57731e-43
1.82152e-45
3.93463e-44
1.64884e-46
3.23567e-45
1.41748e-47
2.5766e-46
1.17263e-48
1.97695e-47
9.4441e-50
1.47402e-48
7.53847e-51
1.06942e-49
5.94585e-52
7.61735e-51
-1.42212e-52
6.02499e-52
-8.37664e-52
4.58322e-52
-3.2185e-51
2.49049e-51
-2.6741e-51
1.01395e-50
6.73156e-51
3.93637e-50
1.1148e-50
1.21113e-50
6.24435e-52
-5.99929e-50
-8.54682e-51
-4.99601e-50
-6.86315e-51
-6.92614e-51
5.40376e-52
2.07029e-50
5.14916e-51
2.16123e-50
2.61205e-52
-1.58088e-50
-5.12116e-51
-1.6423e-50
-2.07378e-51
1.85405e-50
2.40972e-51
2.34285e-50
2.3924e-51
8.62016e-51
7.07715e-52
-1.55275e-51
5.29418e-52
-8.43714e-52
2.38732e-51
-2.29006e-51
-4.44036e-52
-8.0261e-51
-8.88232e-51
-3.07261e-50
-7.09293e-51
2.28562e-50
3.40699e-51
6.39076e-50
2.62035e-51
3.39269e-50
-1.31403e-51
7.07815e-51
5.51097e-51
5.37186e-50
2.48652e-51
6.81285e-51
-2.57915e-50
-8.19297e-39
-1.98708e-39
-9.05515e-40
-3.89355e-40
-9.51177e-41
-4.57379e-41
-9.35204e-42
-4.62341e-42
-8.82447e-43
-4.25982e-43
-7.90232e-44
-3.7342e-44
-6.81947e-45
-3.11412e-45
-5.63369e-46
-2.50592e-46
-4.49905e-47
-1.93861e-47
-3.46036e-48
-1.45268e-48
-2.57967e-49
-1.05168e-49
-1.86041e-50
-7.3896e-51
-1.31573e-51
-4.98616e-52
-1.42898e-52
-5.13309e-54
-2.12369e-52
1.63625e-52
-1.71304e-52
6.73272e-52
4.32057e-52
2.59967e-51
7.14876e-52
7.96974e-52
4.02064e-53
-3.9632e-51
-5.48257e-52
-3.3036e-51
-4.41048e-52
-4.60044e-52
3.38946e-53
1.36873e-51
3.30372e-52
1.43322e-51
1.73038e-53
-1.04083e-51
-3.28198e-52
-1.08271e-51
-1.33516e-52
1.22482e-51
1.54518e-52
1.55005e-51
1.54507e-52
5.76121e-52
4.56014e-53
-1.06217e-52
3.26606e-53
-5.68856e-53
1.48155e-52
-1.50339e-52
-4.69755e-53
-5.18167e-52
-5.83981e-52
-1.96878e-51
-4.40972e-52
1.7394e-51
2.35019e-52
4.28111e-51
1.72216e-52
2.26339e-51
-8.18054e-53
4.85372e-52
3.54531e-52
3.54941e-51
1.59406e-52
4.53999e-52
-1.70307e-51
-4.16294e-38
-1.56973e-38
-4.46958e-39
-2.44824e-39
-4.61721e-40
-2.69559e-40
-4.4558e-41
-2.64773e-41
-4.14961e-42
-2.39548e-42
-3.66511e-43
-2.07451e-43
-3.12879e-44
-1.71205e-44
-2.55658e-45
-1.36615e-45
-2.02295e-46
-1.04874e-46
-1.54183e-47
-7.80779e-48
-1.14034e-48
-5.6206e-49
-8.16067e-50
-3.93256e-50
-5.67934e-51
-2.66983e-51
-3.87057e-52
-1.74724e-52
-3.81657e-53
-6.60507e-55
-1.22739e-53
4.26373e-53
2.69356e-53
1.66414e-52
4.46889e-53
5.08507e-53
2.52249e-54
-2.53826e-52
-3.42877e-53
-2.1178e-52
-2.76249e-53
-2.96088e-53
2.07934e-54
8.77558e-53
2.06638e-53
9.22235e-53
1.11072e-54
-6.64246e-53
-2.05083e-53
-6.92045e-53
-8.37546e-54
7.84508e-53
9.66003e-54
9.94366e-53
9.71664e-54
3.73779e-53
2.86071e-54
-7.09931e-54
1.96143e-54
-3.72918e-54
8.94668e-54
-9.56251e-54
-4.12203e-54
-3.24036e-53
-3.74345e-53
-1.22172e-52
-2.66748e-53
1.26009e-52
1.5773e-53
2.7801e-52
1.10439e-53
1.46384e-52
-4.97e-54
3.22789e-53
2.22274e-53
2.2738e-52
9.96378e-54
2.92966e-53
-1.09098e-52
8.37254e-38
-1.35799e-38
9.2141e-39
-9.75077e-40
9.69158e-40
-7.71297e-41
9.51373e-41
-6.58875e-42
8.97943e-42
-5.63616e-43
8.03128e-43
-4.76884e-44
6.92723e-44
-3.88852e-45
5.71526e-45
-3.07994e-46
4.55959e-46
-2.35002e-47
3.50191e-47
-1.74081e-48
2.60734e-48
-1.24728e-49
1.87758e-49
-8.69059e-51
1.31374e-50
-5.87729e-52
8.91975e-52
-3.86084e-53
5.82075e-53
-1.81076e-54
3.15025e-54
2.56338e-54
1.88322e-54
1.03809e-53
2.7317e-54
3.164e-54
1.5476e-55
-1.58473e-53
-2.08506e-54
-1.32332e-53
-1.68264e-54
-1.85649e-54
1.23849e-55
5.48424e-54
1.25699e-54
5.78055e-54
6.95343e-56
-4.13429e-54
-1.2461e-54
-4.31315e-54
-5.11034e-55
4.89827e-54
5.87296e-55
6.2171e-54
5.94541e-55
2.35903e-54
1.74476e-55
-4.58588e-55
1.14056e-55
-2.37233e-55
5.24512e-55
-5.91673e-55
-3.22549e-55
-1.97112e-54
-2.33172e-54
-7.377e-54
-1.56734e-54
8.80278e-54
1.02435e-54
1.76025e-53
6.88166e-55
9.22632e-54
-2.93114e-55
2.08146e-54
1.35547e-54
1.41993e-53
6.05422e-55
1.84119e-54
-6.81215e-54
1.75254e-37
-1.98409e-39
1.91157e-38
2.81227e-39
1.99839e-39
3.89846e-40
1.95013e-40
4.08089e-41
1.83235e-41
3.76578e-42
1.63185e-42
3.28181e-43
1.40265e-43
2.71351e-44
1.15345e-44
2.16642e-45
9.17668e-46
1.66323e-46
7.02958e-47
1.23825e-47
5.22199e-48
8.91335e-49
3.75237e-49
6.23611e-50
2.62055e-50
4.23403e-51
1.77644e-51
2.79956e-52
1.17226e-52
1.8054e-53
7.49683e-54
1.29645e-54
5.7e-55
7.0003e-55
1.90134e-55
1.95698e-55
1.08857e-56
-9.6203e-55
-1.23686e-55
-8.04179e-55
-1.00029e-55
-1.13164e-55
7.21785e-57
3.33403e-55
7.4642e-56
3.5258e-55
4.23213e-57
-2.50239e-55
-7.39195e-56
-2.61455e-55
-3.0427e-56
2.97462e-55
3.48576e-56
3.78082e-55
3.54849e-56
1.44908e-55
1.0378e-56
-2.89353e-56
6.46004e-57
-1.47023e-56
2.99553e-56
-3.55815e-56
-2.34994e-56
-1.16484e-55
-1.41778e-55
-4.32622e-55
-8.9716e-56
5.91314e-55
6.48077e-56
1.08389e-54
4.18802e-56
5.65537e-55
-1.68824e-56
1.30518e-55
8.06731e-56
8.62414e-55
3.59134e-56
1.12442e-55
-4.1388e-55
-5.7912e-38
-1.22774e-38
-6.29833e-39
8.63249e-40
-6.5681e-40
1.66441e-40
-6.39593e-41
1.85902e-41
-5.99894e-42
1.74746e-42
-5.33422e-43
1.53165e-43
-4.57897e-44
1.26852e-44
-3.76109e-45
1.0132e-45
-2.9893e-46
7.77893e-47
-2.28786e-47
5.7909e-48
-1.69826e-48
4.16803e-49
-1.21949e-49
2.91577e-50
-8.51156e-51
1.97943e-51
-5.7669e-52
1.30862e-52
-3.80552e-53
8.42147e-54
-2.44619e-54
5.38251e-55
-1.47481e-55
6.97294e-56
-3.06551e-59
1.32573e-56
-2.75266e-59
-5.69258e-56
-7.19647e-57
-4.76973e-56
-5.79966e-57
-6.73019e-57
4.09515e-58
1.97845e-56
4.32136e-57
2.09824e-56
2.51514e-58
-1.47904e-56
-4.27459e-57
-1.54743e-56
-1.76635e-57
1.76338e-56
2.01698e-57
2.24416e-56
2.06535e-57
8.67681e-57
6.01649e-58
-1.77209e-57
3.55117e-58
-8.86707e-58
1.66445e-57
-2.08529e-57
-1.61233e-57
-6.70612e-57
-8.39909e-57
-2.4717e-56
-4.99884e-57
3.84875e-56
3.9824e-57
6.51601e-56
2.48327e-57
3.38324e-56
-9.46499e-58
7.96021e-57
4.68149e-57
5.11314e-56
2.07632e-57
6.69848e-57
-2.45457e-56
-1.73298e-37
-3.53989e-38
-1.88628e-38
-4.12946e-39
-1.9686e-39
-4.17949e-40
-1.91823e-40
-3.98529e-41
-1.80018e-41
-3.56594e-42
-1.60148e-42
-3.07423e-43
-1.37531e-43
-2.53114e-44
-1.13006e-44
-2.01679e-45
-8.98452e-46
-1.54635e-46
-6.87818e-47
-1.15011e-47
-5.10684e-48
-8.27178e-49
-3.66789e-49
-5.7829e-50
-2.5605e-50
-3.92359e-51
-1.7351e-51
-2.59261e-52
-1.14505e-52
-1.66719e-53
-7.35524e-54
-1.04536e-54
-4.60587e-55
-6.18396e-56
-2.76462e-56
-3.17368e-57
-1.65258e-57
-3.51988e-57
-5.03467e-58
-2.7716e-57
-3.34026e-58
-3.9087e-58
2.24469e-59
1.14476e-57
2.44527e-58
1.21785e-57
1.45688e-59
-8.52257e-58
-2.41638e-58
-8.92967e-58
-1.00202e-58
1.01921e-57
1.14084e-58
1.29877e-57
1.17438e-58
5.06746e-58
3.40692e-59
-1.06057e-58
1.9022e-59
-5.21879e-59
9.01814e-59
-1.19067e-58
-1.05725e-58
-3.75899e-58
-4.86312e-58
-1.3744e-57
-2.71635e-58
2.42361e-57
2.38741e-58
3.81899e-57
1.4396e-58
1.97317e-57
-5.18671e-59
4.73147e-58
2.65505e-58
2.95569e-57
1.1734e-58
3.88803e-58
-1.41974e-57
6.10893e-38
-2.26248e-38
6.63992e-39
-1.87442e-39
6.9208e-40
-1.63313e-40
6.73678e-41
-1.46651e-41
6.3166e-42
-1.28445e-42
5.61526e-43
-1.09925e-43
4.8192e-44
-9.02839e-45
3.95774e-45
-7.18731e-46
3.14515e-46
-5.50857e-47
2.40686e-47
-4.09601e-48
1.78643e-48
-2.94532e-49
1.2827e-49
-2.05873e-50
8.95218e-51
-1.39657e-51
6.06511e-52
-9.22665e-53
4.00186e-53
-5.93234e-54
2.57017e-54
-3.7208e-55
1.61057e-55
-2.26438e-56
9.87199e-57
-1.32411e-57
5.89493e-58
-2.65698e-58
1.19123e-59
-1.60489e-58
-1.6213e-59
-2.23531e-59
1.34396e-60
6.47334e-59
1.35246e-59
6.90686e-59
8.2542e-61
-4.80141e-59
-1.33424e-59
-5.03764e-59
-5.55293e-60
5.75812e-59
6.30334e-60
7.34635e-59
6.524e-60
2.88992e-59
1.88405e-60
-6.18017e-60
9.90352e-61
-2.9959e-60
4.76109e-60
-6.63606e-60
-6.6481e-60
-2.05535e-59
-2.74919e-59
-7.45316e-59
-1.43903e-59
1.48372e-58
1.39401e-59
2.18804e-58
8.14849e-60
1.12469e-58
-2.77239e-60
2.74195e-59
1.47101e-59
1.67005e-58
6.4763e-60
2.20469e-59
-8.02674e-59
1.71013e-37
-2.42672e-39
1.85857e-38
2.76344e-39
1.9378e-39
3.84395e-40
1.88626e-40
4.02489e-41
1.76883e-41
3.7123e-42
1.57237e-42
3.23371e-43
1.34946e-43
2.6724e-44
1.10814e-44
2.13279e-45
8.80553e-46
1.63682e-46
6.73768e-47
1.21826e-47
5.00025e-48
8.76737e-49
3.58975e-49
6.13288e-50
2.50495e-50
4.16329e-51
1.6968e-51
2.75241e-52
1.11938e-52
1.77084e-53
7.18773e-54
1.11148e-54
4.50274e-55
6.8048e-56
2.75168e-56
4.07176e-57
1.64298e-57
2.27573e-58
9.4647e-59
4.98913e-60
4.48847e-60
-4.61451e-61
3.71349e-61
3.61936e-60
7.48104e-61
3.82972e-60
4.65355e-62
-2.64227e-60
-7.20993e-61
-2.77636e-60
-3.01099e-61
3.17796e-60
3.40848e-61
4.05939e-60
3.54551e-61
1.6103e-60
1.0191e-61
-3.52209e-61
5.02461e-62
-1.68087e-61
2.45281e-61
-3.61032e-61
-4.0376e-61
-1.09606e-60
-1.52076e-60
-3.93964e-60
-7.44134e-61
8.82423e-60
7.95193e-61
1.22458e-59
4.51413e-61
6.26206e-60
-1.44967e-61
1.55148e-60
7.97513e-61
9.21819e-60
3.49814e-61
1.22062e-60
-4.43417e-60
-1.17788e-37
-6.33826e-39
-1.28232e-38
6.54845e-40
-1.33911e-39
1.1522e-40
-1.30522e-40
1.27334e-41
-1.22541e-41
1.19886e-42
-1.09042e-42
1.05584e-43
-9.36678e-44
8.7953e-45
-7.69786e-45
7.06766e-46
-6.12128e-46
5.45933e-47
-4.6868e-47
4.08884e-48
-3.48023e-48
2.96073e-49
-2.49982e-49
2.08365e-50
-1.74523e-50
1.42297e-51
-1.1827e-51
9.46333e-53
-7.80538e-53
6.12432e-54
-5.01385e-54
3.86639e-55
-3.14199e-55
2.38064e-56
-1.92061e-56
1.43222e-57
-1.1471e-57
8.36213e-59
-6.7013e-59
4.37531e-60
-3.87513e-60
2.06235e-61
-2.10234e-61
2.08479e-61
2.70191e-62
2.08336e-61
1.8433e-63
-1.423e-61
-3.81562e-62
-1.49763e-61
-1.59764e-62
1.71653e-61
1.80331e-62
2.19511e-61
1.88539e-62
8.77503e-62
5.39208e-63
-1.95901e-62
2.47924e-63
-9.21532e-63
1.23255e-62
-1.91992e-62
-2.37195e-62
-5.70783e-62
-8.22739e-62
-2.03254e-61
-3.75557e-62
5.11488e-61
4.4278e-62
6.70777e-61
2.44584e-62
3.4118e-61
-7.40582e-63
8.57556e-62
4.2306e-62
4.9796e-61
1.84842e-62
6.61092e-62
-2.39731e-61
-1.36101e-37
-1.62013e-38
-1.48873e-38
-2.37127e-39
-1.55968e-39
-2.55122e-40
-1.5253e-40
-2.46737e-41
-1.43582e-41
-2.20453e-42
-1.28104e-42
-1.88565e-43
-1.10293e-43
-1.5376e-44
-9.08452e-45
-1.21169e-45
-7.23852e-46
-9.18577e-47
-5.55319e-47
-6.75022e-48
-4.13115e-48
-4.79569e-49
-2.97271e-49
-3.30997e-50
-2.0789e-50
-2.2165e-51
-1.41117e-51
-1.44477e-52
-9.3281e-53
-9.16183e-54
-6.0014e-54
-5.6651e-55
-3.76658e-55
-3.41527e-56
-2.30586e-56
-2.0107e-57
-1.37921e-57
-1.15649e-58
-8.06149e-59
-6.52586e-60
-4.61241e-60
-3.6107e-61
-2.57795e-61
-9.01673e-63
-1.21337e-62
9.99564e-63
-6.28762e-64
-7.55506e-63
-2.01493e-63
-7.90758e-63
-8.32308e-64
9.0717e-63
9.34674e-64
1.16142e-62
9.81992e-64
4.67906e-63
2.79398e-64
-1.06662e-63
1.19149e-64
-4.94442e-64
6.04648e-64
-9.98198e-64
-1.35343e-63
-2.90266e-63
-4.36016e-63
-1.02321e-62
-1.85123e-63
2.88882e-62
2.41174e-63
3.59496e-62
1.29833e-63
1.8187e-62
-3.704e-64
4.63538e-63
2.19858e-63
2.63198e-62
9.56902e-64
3.50185e-63
-1.26837e-62
3.75993e-38
-7.1566e-39
3.96289e-39
-7.66964e-40
4.01403e-40
-7.07951e-41
3.79567e-41
-5.80705e-42
3.4586e-42
-4.37956e-43
2.98713e-43
-2.96385e-44
2.49002e-44
-1.79337e-45
1.98541e-45
-8.7251e-47
1.53091e-46
-2.49718e-48
1.13609e-47
1.42075e-49
8.17015e-49
3.36606e-50
5.67952e-50
4.05215e-51
3.83356e-51
3.90373e-52
2.50935e-52
3.3637e-53
1.59768e-53
2.67031e-54
9.88891e-55
2.00071e-55
5.96256e-56
1.42506e-56
3.50158e-57
9.74397e-58
2.00569e-58
6.4144e-59
1.12054e-59
4.08501e-60
6.11089e-61
2.52126e-61
3.2562e-62
1.56766e-62
1.79597e-63
1.45722e-63
9.29154e-65
-3.37068e-64
-9.59514e-65
-4.06026e-64
-4.20668e-65
4.69892e-64
4.74834e-65
6.02047e-64
5.01121e-65
2.44318e-64
1.41808e-65
-5.67844e-65
5.56639e-66
-2.5963e-65
2.8947e-65
-5.07903e-65
-7.50769e-65
-1.44275e-64
-2.26308e-64
-5.03022e-64
-8.91207e-65
1.59333e-63
1.28454e-64
1.88775e-63
6.75003e-65
9.49764e-64
-1.81222e-65
2.45145e-64
1.11944e-64
1.36297e-63
4.85273e-65
1.81677e-64
-6.57502e-64
8.38316e-39
2.29366e-39
7.25596e-40
5.58878e-40
5.00287e-41
7.1204e-41
2.5405e-42
7.90899e-42
-1.28883e-44
7.87274e-43
-2.27123e-44
7.50014e-44
-3.96191e-45
6.72564e-45
-4.88376e-46
5.82411e-46
-5.25054e-47
4.8138e-47
-5.06369e-48
3.85101e-48
-4.56595e-49
2.96266e-49
-3.86084e-50
2.2106e-50
-3.11346e-51
1.59431e-51
-2.3955e-52
1.1175e-52
-1.77404e-53
7.59939e-54
-1.2649e-54
5.03217e-55
-8.7284e-56
3.24217e-56
-5.83132e-57
2.03759e-57
-3.78446e-58
1.24878e-58
-2.38701e-59
7.477e-60
-1.46659e-60
4.37379e-61
-8.78188e-62
2.50578e-62
-5.12838e-63
1.4308e-63
-2.92743e-64
5.72714e-65
-2.13527e-65
-1.65853e-65
-3.00474e-66
2.40486e-65
2.31675e-66
3.05868e-65
2.50489e-66
1.24994e-65
7.05503e-67
-2.96203e-66
2.5289e-67
-1.33578e-66
1.35292e-66
-2.52989e-66
-4.05936e-66
-7.00936e-66
-1.15178e-65
-2.41438e-65
-4.19159e-66
8.58219e-65
6.7005e-66
9.71188e-65
3.44144e-66
4.85921e-65
-8.68642e-67
1.26957e-65
5.58959e-66
6.91531e-65
2.41348e-66
9.2315e-66
-3.33979e-65
1.53056e-39
-1.11043e-38
-7.08476e-40
-2.00168e-41
-1.95352e-40
3.76405e-41
-2.94632e-41
4.3445e-42
-3.89593e-42
3.67771e-43
-4.40493e-43
2.63491e-44
-4.66197e-44
1.67442e-45
-4.5275e-45
8.88466e-47
-4.1857e-46
3.42389e-48
-3.6455e-47
-1.09268e-50
-3.04732e-48
-1.97458e-50
-2.43184e-49
-2.75346e-51
-1.87242e-50
-2.79929e-52
-1.38732e-51
-2.48168e-53
-9.95561e-53
-2.004e-54
-6.91122e-54
-1.5189e-55
-4.66072e-55
-1.09067e-56
-3.05199e-56
-7.50296e-58
-1.94613e-57
-4.96209e-59
-1.20843e-58
-3.17259e-60
-7.32143e-60
-1.96463e-61
-4.32907e-61
-1.18204e-62
-2.50175e-62
-6.90605e-64
-1.41351e-63
-4.04724e-65
-7.84128e-65
-3.22954e-66
-4.336e-66
1.06598e-66
-1.09075e-67
1.51651e-66
1.11375e-67
6.26521e-67
3.38363e-68
-1.51323e-67
1.11168e-68
-6.73469e-68
6.17014e-68
-1.23456e-67
-2.14086e-67
-3.33047e-67
-5.74796e-67
-1.13187e-66
-1.92573e-67
4.52169e-66
3.42273e-67
4.90035e-66
1.7205e-67
2.43803e-66
-4.077e-68
6.4414e-67
2.73758e-67
3.44105e-66
1.17723e-67
4.59912e-67
-1.66383e-66
-1.32003e-38
-1.29902e-38
-1.6754e-39
-2.52077e-40
-2.03752e-40
1.24436e-41
-2.25324e-41
1.73737e-42
-2.38894e-42
1.15961e-43
-2.36229e-43
2.91009e-45
-2.24434e-44
-3.96665e-46
-2.01898e-45
-8.79621e-47
-1.75e-46
-1.10335e-47
-1.45023e-47
-1.15546e-48
-1.16136e-48
-1.07056e-49
-8.95062e-50
-9.21573e-51
-6.68422e-51
-7.42852e-52
-4.82685e-52
-5.70578e-53
-3.38568e-53
-4.1845e-54
-2.30456e-54
-2.95537e-55
-1.52695e-55
-2.01201e-56
-9.84525e-57
-1.32689e-57
-6.19063e-58
-8.48272e-59
-3.79634e-59
-5.27324e-60
-2.27411e-60
-3.18961e-61
-1.33097e-61
-1.88117e-62
-7.62003e-63
-1.08238e-63
-4.26889e-64
-6.09069e-65
-2.3435e-65
-3.39543e-66
-1.26422e-66
-1.22098e-67
-6.0838e-68
6.49183e-68
2.49548e-69
3.03462e-68
1.47469e-69
-7.60458e-69
4.67429e-70
-3.33151e-69
2.74527e-69
-5.90416e-69
-1.10324e-68
-1.54771e-68
-2.81529e-68
-5.18101e-68
-8.64216e-69
2.33071e-67
1.71412e-68
2.42524e-67
8.44231e-69
1.19979e-67
-1.87578e-69
3.20409e-68
1.31607e-68
1.67951e-67
5.63647e-69
2.24681e-68
-8.1311e-68
-7.06358e-38
-9.87824e-39
-7.77272e-39
-8.29106e-40
-8.20608e-40
-7.41383e-41
-8.08151e-41
-6.90912e-42
-7.66756e-42
-6.27725e-43
-6.8921e-43
-5.58426e-44
-5.98121e-44
-4.75762e-45
-4.96458e-45
-3.93105e-46
-3.98751e-46
-3.12226e-47
-3.08316e-47
-2.40611e-48
-2.3121e-48
-1.79103e-49
-1.67697e-49
-1.2957e-50
-1.18221e-50
-9.08855e-52
-8.08911e-52
-6.2067e-53
-5.39018e-53
-4.12181e-54
-3.49568e-54
-2.66936e-55
-2.21163e-55
-1.68499e-56
-1.36481e-56
-1.0388e-57
-8.2291e-58
-6.25398e-59
-4.84832e-59
-3.68226e-60
-2.79475e-60
-2.12055e-61
-1.57654e-61
-1.19576e-62
-8.71171e-63
-6.60369e-64
-4.71698e-64
-3.57514e-65
-2.50458e-65
-1.89994e-66
-1.30468e-66
-9.60529e-68
-6.64255e-68
-1.48371e-69
-3.06704e-69
1.23496e-69
-8.75545e-71
-3.8481e-70
1.16302e-71
-1.62164e-70
1.18735e-70
-2.76902e-70
-5.55865e-70
-7.03664e-70
-1.35347e-69
-2.31553e-69
-3.787e-70
1.17675e-68
8.41682e-70
1.17825e-68
4.06618e-70
5.79554e-69
-8.45696e-71
1.56321e-69
6.21181e-70
8.04682e-69
2.64939e-70
1.07722e-69
-3.9008e-69
-1.38534e-38
-7.90203e-39
-1.56704e-39
-8.096e-40
-1.68329e-40
-7.88236e-41
-1.68563e-41
-7.47118e-42
-1.61801e-42
-6.72353e-43
-1.47046e-43
-5.85297e-44
-1.28656e-44
-4.87062e-45
-1.076e-45
-3.92357e-46
-8.69285e-47
-3.04092e-47
-6.75737e-48
-2.28603e-48
-5.08877e-49
-1.66149e-49
-3.70496e-50
-1.17371e-50
-2.61977e-51
-8.04537e-52
-1.79738e-52
-5.37049e-53
-1.20024e-53
-3.48839e-54
-7.79842e-55
-2.21039e-55
-4.94105e-56
-1.36594e-56
-3.0529e-57
-8.24695e-58
-1.84244e-58
-4.86483e-59
-1.0863e-59
-2.8076e-60
-6.2649e-61
-1.58553e-61
-3.53525e-62
-8.77064e-63
-1.9538e-63
-4.75359e-64
-1.0579e-64
-2.52637e-65
-5.61621e-66
-1.3171e-66
-2.92444e-67
-6.72548e-68
-1.4932e-68
-3.21717e-69
-7.36737e-70
-9.65091e-71
-3.3371e-71
-2.60506e-71
-1.01138e-72
-8.08055e-72
4.94879e-72
-1.27542e-71
-2.74196e-71
-3.12981e-71
-6.39143e-71
-1.00984e-70
-1.6196e-71
5.82093e-70
4.05577e-71
5.62016e-70
1.92376e-71
2.74853e-70
-3.73919e-72
7.48462e-71
2.88034e-71
3.78531e-70
1.22341e-71
5.06958e-71
-1.83749e-70
-2.77119e-39
-1.84388e-39
-3.23161e-40
-1.9694e-40
-3.56242e-41
-1.97148e-41
-3.63289e-42
-1.90076e-42
-3.53905e-43
-1.73346e-43
-3.25138e-44
-1.523e-44
-2.8693e-45
-1.27741e-45
-2.41512e-46
-1.03495e-46
-1.96073e-47
-8.06097e-48
-1.52961e-48
-6.08168e-49
-1.15483e-49
-4.43347e-50
-8.42188e-51
-3.13845e-51
-5.96065e-52
-2.15484e-52
-4.09081e-53
-1.43984e-53
-2.73118e-54
-9.35849e-55
-1.77341e-55
-5.93095e-56
-1.12246e-56
-3.66471e-57
-6.92585e-58
-2.21158e-58
-4.17284e-59
-1.3037e-59
-2.4556e-60
-7.51675e-61
-1.41316e-61
-4.2401e-62
-7.95577e-63
-2.34232e-63
-4.38579e-64
-1.26761e-64
-2.36837e-65
-6.72565e-66
-1.25379e-66
-3.49985e-67
-6.50928e-68
-1.78666e-68
-3.31567e-69
-8.88259e-70
-1.65258e-70
-4.08399e-71
-7.98462e-72
-2.98432e-72
-3.6382e-73
-4.61386e-73
1.88276e-73
-5.79687e-73
-1.32526e-72
-1.36208e-72
-2.96518e-72
-4.2951e-72
-6.75469e-73
2.82369e-71
1.91819e-72
2.63372e-71
8.94156e-73
1.28054e-71
-1.62091e-73
3.51833e-72
1.3124e-72
1.74939e-71
5.55096e-73
2.34346e-72
-8.50382e-72
-2.84463e-41
-1.58195e-39
-3.74695e-42
-1.66547e-40
-4.59322e-43
-1.64946e-41
-5.08932e-44
-1.57519e-42
-5.33141e-45
-1.42516e-43
-5.20469e-46
-1.24285e-44
-4.84818e-47
-1.03552e-45
-4.2778e-48
-8.33669e-47
-3.62431e-49
-6.45524e-48
-2.93768e-50
-4.84276e-49
-2.2971e-51
-3.51152e-50
-1.72984e-52
-2.47297e-51
-1.26127e-53
-1.68953e-52
-8.89821e-55
-1.12348e-53
-6.09607e-56
-7.26825e-55
-4.05515e-57
-4.58524e-56
-2.62581e-58
-2.82061e-57
-1.65541e-59
-1.69475e-58
-1.01794e-60
-9.94765e-60
-6.10753e-62
-5.71135e-61
-3.58032e-63
-3.20835e-62
-2.0515e-64
-1.76511e-63
-1.15018e-65
-9.51381e-65
-6.31241e-67
-5.02765e-66
-3.39405e-68
-2.60589e-67
-1.78863e-69
-1.32553e-68
-9.24205e-71
-6.61627e-70
-4.66139e-72
-3.23227e-71
-2.26157e-73
-1.60469e-72
-1.03681e-74
-9.06979e-74
7.70914e-75
-2.89336e-74
-6.2749e-74
-5.81208e-74
-1.35221e-73
-1.77965e-73
-2.7439e-74
1.34364e-72
8.91045e-74
1.2128e-72
4.08537e-74
5.86239e-73
-6.8927e-75
1.62455e-73
5.87896e-74
7.94467e-73
2.47612e-74
1.0643e-73
-3.86754e-73
2.52645e-39
-6.13278e-39
2.91395e-40
-6.08484e-40
3.17916e-41
-5.77866e-41
3.21283e-42
-5.36555e-42
3.10334e-43
-4.74258e-43
2.82911e-44
-4.06121e-44
2.47838e-45
-3.32819e-45
2.07182e-46
-2.64238e-46
1.67099e-47
-2.01978e-47
1.29546e-48
-1.49831e-48
9.72155e-50
-1.0751e-49
7.04861e-51
-7.50101e-51
4.96059e-52
-5.08011e-52
3.38586e-53
-3.35155e-53
2.24845e-54
-2.15223e-54
1.45235e-55
-1.34857e-55
9.1455e-57
-8.24279e-57
5.61468e-58
-4.92341e-58
3.36616e-59
-2.87376e-59
1.97128e-60
-1.64135e-60
1.12901e-61
-9.17473e-62
6.32605e-63
-5.02416e-63
3.47109e-64
-2.69603e-64
1.86578e-65
-1.41879e-65
9.83207e-67
-7.32447e-67
5.0814e-68
-3.7117e-68
2.57719e-69
-1.84689e-69
1.2832e-70
-9.0279e-71
6.27576e-72
-4.3392e-72
3.0158e-73
-2.05611e-73
1.45622e-74
-1.06249e-74
-2.25203e-75
-2.84714e-75
-6.03255e-75
-7.19172e-75
-1.08245e-75
6.27621e-74
4.06632e-75
5.49081e-74
1.8352e-75
2.63856e-74
-2.87451e-76
7.37081e-75
2.58975e-75
3.54726e-74
1.08611e-75
4.75133e-75
-1.72939e-74
1.11891e-38
2.8687e-39
1.23998e-39
5.41171e-40
1.30569e-40
6.31725e-41
1.2863e-41
6.37812e-42
1.21581e-42
5.87767e-43
1.0903e-43
5.15534e-44
9.42047e-45
4.30187e-45
7.79045e-46
3.46362e-46
6.22693e-47
2.68097e-47
4.79309e-48
2.01014e-48
3.5758e-49
1.45664e-49
2.58058e-50
1.02511e-50
1.80935e-51
6.99829e-52
1.23141e-52
4.64997e-53
8.1594e-54
3.00578e-54
5.26207e-55
1.89461e-55
3.30998e-56
1.16445e-56
2.03085e-57
6.9902e-58
1.2173e-58
4.09926e-59
7.12971e-60
2.35133e-60
4.08527e-61
1.31959e-61
2.29074e-62
7.25281e-63
1.25817e-63
3.90535e-64
6.77108e-65
2.06175e-65
3.57319e-66
1.06754e-66
1.84964e-67
5.42481e-68
9.39755e-69
2.70634e-69
4.688e-70
1.32619e-70
2.29736e-71
6.38548e-72
1.10631e-72
3.0221e-73
5.23872e-74
1.402e-74
2.30557e-75
5.45957e-76
-1.55706e-76
-2.5151e-76
-3.64843e-77
2.88008e-75
1.8262e-76
2.44467e-75
8.11017e-77
1.16782e-75
-1.17597e-77
3.28753e-76
1.12232e-76
1.55755e-75
4.6868e-77
2.08557e-76
-7.60505e-76
5.50002e-38
2.08798e-38
5.90596e-39
3.25047e-39
6.10169e-40
3.57821e-40
5.88897e-41
3.51513e-41
5.48474e-42
3.18094e-42
4.84472e-43
2.75532e-43
4.13605e-44
2.27437e-44
3.37983e-45
1.81518e-45
2.67451e-46
1.39366e-46
2.03853e-47
1.03771e-47
1.50776e-48
7.47117e-49
1.07905e-49
5.22798e-50
7.50883e-51
3.55013e-51
5.07322e-52
2.34765e-52
3.33906e-53
1.51078e-53
2.13946e-54
9.48419e-55
1.33765e-55
5.8069e-56
8.15922e-57
3.47371e-57
4.86366e-58
2.03037e-58
2.83342e-59
1.16106e-59
1.61526e-60
6.49717e-61
9.01251e-62
3.56138e-62
4.92658e-63
1.91276e-63
2.63912e-64
1.00738e-64
1.38652e-65
5.20416e-66
7.14617e-67
2.63883e-67
3.61557e-68
1.31376e-68
1.79627e-69
6.42529e-70
8.76766e-71
3.088e-71
4.20577e-72
1.45903e-72
1.98357e-73
6.77908e-74
9.19467e-75
3.09495e-75
4.08271e-76
1.28778e-76
1.73203e-77
1.35907e-76
8.87763e-78
1.07347e-76
3.56166e-78
5.08612e-77
-4.70303e-79
1.44197e-77
4.78623e-78
6.72832e-77
1.99009e-78
9.00499e-78
-3.29032e-77
-1.09958e-37
1.91471e-38
-1.21046e-38
1.4287e-39
-1.27349e-39
1.16291e-40
-1.25038e-40
1.00911e-41
-1.18036e-41
8.70071e-43
-1.05588e-42
7.39142e-44
-9.10844e-44
6.04346e-45
-7.51569e-45
4.79626e-46
-5.99653e-46
3.66617e-47
-4.60591e-47
2.71996e-48
-3.42957e-48
1.95173e-49
-2.46984e-49
1.3617e-50
-1.72825e-50
9.22112e-52
-1.17374e-51
6.08248e-53
-7.76136e-53
3.90495e-54
-4.99478e-54
2.44609e-55
-3.13531e-55
1.49459e-56
-1.91959e-56
8.92367e-58
-1.14818e-57
5.20643e-59
-6.71054e-59
2.97228e-60
-3.83693e-60
1.6606e-61
-2.14688e-61
9.08878e-63
-1.17664e-62
4.87444e-64
-6.31871e-64
2.56371e-65
-3.32734e-65
1.32272e-66
-1.71868e-66
6.69878e-68
-8.71343e-68
3.33113e-69
-4.3374e-69
1.62735e-70
-2.12099e-70
7.81271e-72
-1.01919e-71
3.6876e-73
-4.81475e-73
1.71172e-74
-2.23681e-74
7.81551e-76
-1.02278e-75
3.4744e-77
-4.60314e-77
7.30028e-78
-1.68655e-78
4.68306e-78
6.21139e-80
2.18166e-78
-2.2379e-80
6.22265e-79
2.0076e-79
2.86018e-78
8.31746e-80
3.82557e-79
-1.40092e-78
-2.33074e-37
9.0891e-39
-2.54399e-38
-3.04184e-39
-2.66102e-39
-4.49799e-40
-2.598e-40
-4.7811e-41
-2.44204e-41
-4.43427e-42
-2.17556e-42
-3.87222e-43
-1.87051e-43
-3.205e-44
-1.53857e-44
-2.5605e-45
-1.22432e-45
-1.96681e-46
-9.38037e-47
-1.46489e-47
-6.96941e-48
-1.05488e-48
-5.00873e-49
-7.38279e-50
-3.49839e-50
-5.01409e-51
-2.3718e-51
-3.31613e-52
-1.56589e-52
-2.13424e-53
-1.00621e-53
-1.33992e-54
-6.30753e-55
-8.20454e-56
-3.85675e-56
-4.90827e-57
-2.30409e-57
-2.869e-58
-1.34508e-58
-1.64069e-59
-7.68253e-60
-9.18141e-61
-4.29419e-61
-5.03283e-62
-2.35122e-62
-2.70309e-63
-1.26147e-63
-1.42362e-64
-6.63685e-65
-7.35448e-66
-3.42524e-66
-3.72916e-67
-1.73515e-67
-1.85657e-68
-8.63054e-69
-9.0799e-70
-4.21719e-70
-4.36372e-71
-2.02502e-71
-2.06174e-72
-9.55976e-73
-9.57945e-74
-4.43821e-74
-4.37869e-75
-2.02712e-75
-1.96967e-76
-9.11129e-77
-8.47041e-78
-4.01636e-78
-1.84365e-79
-1.69274e-79
7.55699e-80
-8.25281e-81
2.57241e-80
7.98629e-81
1.19661e-79
3.40995e-81
1.59954e-80
-5.87182e-80
6.36339e-38
1.35401e-38
6.89515e-39
-1.65967e-39
7.17644e-40
-2.80942e-40
6.97201e-41
-3.07459e-41
6.52895e-42
-2.88006e-42
5.79542e-43
-2.52561e-43
4.96819e-44
-2.0955e-44
4.07506e-45
-1.67687e-45
3.23503e-46
-1.28986e-46
2.47297e-47
-9.6183e-48
1.83374e-48
-6.93387e-49
1.31539e-49
-4.85755e-50
9.17212e-51
-3.3021e-51
6.20855e-52
-2.18571e-52
4.09304e-53
-1.40783e-53
2.62653e-54
-8.84513e-55
1.64438e-55
-5.41978e-56
1.00426e-56
-3.24443e-57
5.99291e-58
-1.89762e-58
3.4948e-59
-1.08583e-59
1.9941e-60
-6.07975e-61
1.11355e-61
-3.33441e-62
6.09157e-63
-1.7918e-63
3.2654e-64
-9.44137e-65
1.71658e-65
-4.87975e-66
8.85218e-67
-2.47544e-67
4.48091e-68
-1.23294e-68
2.22717e-69
-6.03247e-70
1.08752e-70
-2.90034e-71
5.21854e-72
-1.37087e-72
2.46199e-73
-6.37192e-74
1.14228e-74
-2.91364e-75
5.21407e-76
-1.31104e-76
2.34217e-77
-5.7963e-78
1.03634e-78
-2.45077e-79
4.53615e-80
-7.06229e-81
1.90706e-81
6.43608e-82
4.19825e-82
4.91254e-81
1.42158e-82
6.57747e-82
-2.42344e-81
1.68257e-37
2.55954e-38
1.84004e-38
2.06356e-39
1.92708e-39
1.75507e-40
1.88388e-40
1.54807e-41
1.77251e-41
1.3374e-42
1.58063e-42
1.13238e-43
1.36007e-43
9.21511e-45
1.11958e-44
7.2782e-46
8.91496e-46
5.53826e-47
6.83472e-47
4.09187e-48
5.08091e-48
2.92502e-49
3.6535e-49
2.03365e-50
2.55308e-50
1.37269e-51
1.73173e-51
9.02759e-53
1.14381e-52
5.77953e-54
7.35308e-54
3.61089e-55
4.61117e-55
2.20087e-56
2.8206e-56
1.31102e-57
1.68569e-57
7.63222e-59
9.84413e-59
4.34803e-60
5.62448e-60
2.42439e-61
3.14486e-61
1.3244e-62
1.72247e-62
7.08999e-64
9.24416e-64
3.72246e-65
4.86498e-65
1.91732e-66
2.51152e-66
9.69436e-68
1.27263e-67
4.81318e-69
6.33177e-69
2.34781e-70
3.09476e-70
1.12549e-71
1.48644e-71
5.30471e-73
7.01903e-73
2.45894e-74
3.25947e-74
1.12141e-75
1.48909e-75
5.03305e-77
6.69458e-77
2.22423e-78
2.96278e-78
9.70879e-80
1.29119e-79
4.30252e-81
5.54041e-81
2.20556e-82
2.47877e-82
2.07751e-82
1.5308e-83
2.70396e-83
-9.86386e-83
3.23404e-38
3.6656e-39
3.93547e-40
3.93761e-41
3.77054e-42
3.41776e-43
2.97978e-44
2.48307e-45
1.99765e-46
1.54627e-47
1.15911e-48
8.39997e-50
5.91076e-51
4.03545e-52
2.6812e-53
1.73327e-54
1.09253e-55
6.71547e-57
4.03158e-58
2.36453e-59
1.35645e-60
7.61378e-62
4.1854e-63
2.25411e-64
1.19025e-65
6.16433e-67
3.13319e-68
1.56349e-69
7.66362e-71
3.69106e-72
1.74758e-73
8.13629e-75
3.72637e-76
1.67936e-77
7.44974e-79
3.25388e-80
1.39967e-81
5.98406e-83
2.69612e-84
)
;

boundaryField
{
    leftWall
    {
        type            calculated;
        value           nonuniform 0();
    }
    rightWall
    {
        type            calculated;
        value           uniform 0;
    }
    lowerWall
    {
        type            calculated;
        value           nonuniform 0();
    }
    atmosphere
    {
        type            calculated;
        value           nonuniform List<scalar> 
45
(
5.59479e-34
1.07528e-34
1.74966e-35
2.18021e-36
2.63187e-37
2.98878e-38
2.92785e-39
2.76044e-40
2.55066e-41
2.24749e-42
1.91951e-43
1.56979e-44
1.24384e-45
9.49127e-47
7.02895e-48
5.03581e-49
3.50822e-50
2.37261e-51
1.56312e-52
1.00243e-53
6.27288e-55
3.82924e-56
2.2843e-57
1.33168e-58
7.59651e-60
4.2411e-61
2.31966e-62
1.24327e-63
6.53496e-65
3.36967e-66
1.70558e-67
8.47689e-69
4.13908e-70
1.98613e-71
9.37005e-73
4.34742e-74
1.98446e-75
8.91446e-77
3.94217e-78
1.71686e-79
7.37499e-81
3.14782e-82
2.89623e-83
2.66464e-84
-7.82987e-84
)
;
    }
    defaultFaces
    {
        type            empty;
        value           nonuniform 0();
    }
    procBoundary3to1
    {
        type            processor;
        value           nonuniform List<scalar> 
45
(
-3.86497e-39
-3.09137e-38
-2.23128e-37
-1.56519e-36
-8.35796e-36
-5.1948e-35
-3.72751e-35
9.92018e-35
9.79348e-35
-4.59792e-35
-1.05355e-34
-5.45068e-35
4.45572e-35
5.32236e-35
8.68405e-36
1.44207e-36
1.82228e-37
6.31636e-38
3.36297e-37
2.70772e-36
1.59455e-35
9.79148e-35
3.71151e-35
-1.46647e-34
-1.14284e-34
-1.09111e-35
4.10116e-35
-1.09686e-34
-5.39025e-35
-4.53023e-35
4.54172e-35
4.48194e-35
-1.37423e-34
1.47526e-34
8.42224e-36
-2.17933e-36
-1.76876e-35
-1.11224e-34
-9.44845e-35
1.24535e-34
5.35902e-35
-1.69182e-34
1.24767e-34
1.57688e-35
6.83197e-35
)
;
    }
    procBoundary3to2
    {
        type            processor;
        value           nonuniform List<scalar> 
43
(
-4.71845e-38
-9.27703e-39
-1.88859e-39
-2.27937e-40
1.17811e-39
2.87062e-38
5.02224e-37
6.67643e-36
1.43814e-35
1.52489e-35
6.05452e-35
-1.02724e-35
-1.2465e-34
-7.7455e-36
6.16073e-35
8.80477e-36
3.03283e-38
-8.00796e-36
-5.71615e-35
9.4446e-35
2.14622e-34
-7.20806e-35
-2.15099e-34
7.63465e-35
2.15355e-34
-1.47247e-34
-1.62721e-34
5.72357e-35
2.90484e-35
1.04211e-34
8.4592e-36
-8.26117e-35
-1.2022e-35
-1.95067e-36
-8.16551e-39
1.88313e-36
1.07884e-35
7.54469e-35
-1.23814e-34
-2.84094e-34
8.26332e-35
2.01475e-34
2.77538e-35
)
;
    }
}


// ************************************************************************* //
