/*--------------------------------*- C++ -*----------------------------------*\
| =========                 |                                                 |
| \\      /  F ield         | OpenFOAM: The Open Source CFD Toolbox           |
|  \\    /   O peration     | Version:  2.4.0                                 |
|   \\  /    A nd           | Web:      www.OpenFOAM.org                      |
|    \\/     M anipulation  |                                                 |
\*---------------------------------------------------------------------------*/
FoamFile
{
    version     2.0;
    format      ascii;
    class       surfaceScalarField;
    location    "0.9";
    object      phi;
}
// * * * * * * * * * * * * * * * * * * * * * * * * * * * * * * * * * * * * * //

dimensions      [0 3 -1 0 0 0 0];

internalField   nonuniform List<scalar> 
3731
(
2.4148e-43
-2.40337e-41
-4.59236e-42
2.09561e-42
-1.64897e-40
-3.15205e-41
1.45755e-41
-1.07274e-39
-2.04917e-40
9.61611e-41
-6.58796e-39
-1.25923e-39
6.03105e-40
-3.85501e-38
-7.35825e-39
3.53134e-39
-2.08676e-37
-3.99241e-38
1.95012e-38
-1.08506e-36
-2.06089e-37
9.63636e-38
-4.93706e-36
-9.43996e-37
4.46312e-37
-2.31256e-35
-4.23197e-36
1.5575e-36
-7.49985e-35
-1.41986e-35
-3.72366e-39
-1.02352e-40
-1.94635e-38
-5.5078e-40
-2.90095e-38
-3.55623e-39
-5.48707e-37
-2.62231e-39
5.7391e-45
6.84544e-39
5.48707e-37
6.84544e-39
2.901e-38
-2.62229e-39
1.947e-38
-3.55607e-39
3.74936e-39
-5.5006e-40
4.82531e-40
-1.01239e-40
6.91103e-41
-1.36537e-41
7.32476e-42
-1.89717e-42
-7.32612e-42
-4.45155e-43
-6.91225e-41
-1.89746e-42
-4.82644e-40
-1.36565e-41
-3.75039e-39
-1.01265e-40
-1.94784e-38
-5.50285e-40
-2.90803e-38
-3.55797e-39
-5.49198e-37
-2.63617e-39
-3.81961e-39
6.7423e-39
5.28746e-37
6.2815e-39
-3.81961e-39
-6.2815e-39
-5.49198e-37
-6.7423e-39
-2.90803e-38
2.63617e-39
-1.94784e-38
3.55797e-39
-3.7505e-39
5.50283e-40
-4.83683e-40
1.01239e-40
-7.76754e-41
1.34287e-41
-7.84779e-41
-2.30525e-44
-4.90985e-40
-1.36276e-41
-3.81127e-39
-1.02885e-40
-1.98907e-38
-5.62036e-40
-3.23387e-38
-3.64533e-39
-5.64848e-37
-3.08309e-39
-1.28688e-38
3.75016e-39
1.28677e-38
7.31839e-39
5.64841e-37
3.74995e-39
3.22672e-38
-3.08507e-39
1.95202e-38
-3.65724e-39
-5.99023e-40
-1.4576e-39
1.23801e-40
-7.22504e-39
9.22732e-40
-3.97671e-38
5.53785e-39
-6.28262e-38
3.94501e-39
3.79036e-45
-1.05823e-38
6.28262e-38
-1.05823e-38
3.97674e-38
3.94499e-39
7.22864e-39
5.53779e-39
1.47528e-39
9.24024e-40
2.19048e-40
1.53471e-40
3.2844e-41
1.93072e-41
3.70442e-42
2.42147e-42
-3.7052e-42
5.27681e-43
-3.28508e-41
2.42175e-42
-2.1911e-40
1.93101e-41
-1.47582e-39
1.535e-40
-7.23294e-39
9.2429e-40
-3.98008e-38
5.54021e-39
-6.30496e-38
3.96457e-39
-1.50873e-39
-1.04264e-38
5.53742e-38
-9.63868e-39
-1.50873e-39
9.63868e-39
-6.30496e-38
1.04264e-38
-3.98008e-38
-3.96457e-39
-7.23295e-39
-5.54021e-39
-1.47589e-39
-9.24287e-40
-2.19656e-40
-1.53471e-40
-3.72041e-41
-1.90408e-41
-3.76211e-41
2.55788e-44
-2.23347e-40
1.92785e-41
-1.50449e-39
1.55598e-40
-7.41856e-39
9.4117e-40
-4.10528e-38
5.67411e-39
-6.87695e-38
4.7327e-39
-3.38242e-38
-5.83218e-39
3.38236e-38
-1.13873e-38
6.87653e-38
-5.83199e-39
4.10169e-38
4.73372e-39
7.22525e-39
5.66556e-39
6.93263e-40
-4.03165e-40
5.35401e-41
-1.61346e-39
3.73666e-40
-6.88585e-39
1.84663e-39
-1.02703e-38
1.20769e-39
8.20221e-46
-3.5059e-39
1.02703e-38
-3.5059e-39
6.88591e-39
1.20768e-39
1.61422e-39
1.8466e-39
4.06272e-40
3.7423e-40
6.84713e-41
6.69233e-41
1.12838e-41
9.12585e-42
1.34987e-42
1.20186e-42
-1.3502e-42
2.74514e-43
-1.12866e-41
1.20202e-42
-6.8496e-41
9.12745e-42
-4.06481e-40
6.69387e-41
-1.6158e-39
3.74369e-40
-6.89742e-39
1.84781e-39
-1.03403e-38
1.21694e-39
-4.17789e-40
-3.43778e-39
8.58601e-39
-3.12241e-39
-4.17789e-40
3.12241e-39
-1.03403e-38
3.43778e-39
-6.89742e-39
-1.21694e-39
-1.6158e-39
-1.84781e-39
-4.06506e-40
-3.74368e-40
-6.8707e-41
-6.69231e-41
-1.28885e-41
-8.98717e-42
-1.30478e-41
1.37128e-44
-7.00516e-41
9.11037e-42
-4.16233e-40
6.79709e-41
-1.67276e-39
3.8229e-40
-7.23364e-39
1.90547e-39
-1.15368e-38
1.52305e-39
-5.61944e-39
-1.97467e-39
5.61929e-39
-3.82944e-39
1.15359e-38
-1.97457e-39
7.22657e-39
1.52354e-39
1.6339e-39
1.90202e-39
2.80134e-40
-8.15197e-41
1.7408e-41
-2.6556e-40
1.14351e-40
-9.16859e-40
5.23741e-40
-1.30061e-39
3.30053e-40
8.93591e-47
-9.93982e-40
1.30061e-39
-9.93982e-40
9.16862e-40
3.30052e-40
2.65648e-40
5.23739e-40
8.17511e-41
1.14597e-40
1.54637e-41
2.1943e-41
2.75588e-42
3.16242e-42
3.46758e-43
4.36616e-43
-3.46853e-43
1.03456e-43
-2.75668e-42
4.36681e-43
-1.54705e-41
3.16306e-42
-8.18072e-41
2.1949e-41
-2.66057e-40
1.14649e-40
-9.1968e-40
5.24176e-40
-1.31648e-39
3.33267e-40
-8.457e-41
-9.71603e-40
1.01909e-39
-8.76172e-40
-8.457e-41
8.76172e-40
-1.31648e-39
9.71603e-40
-9.1968e-40
-3.33267e-40
-2.66058e-40
-5.24176e-40
-8.18142e-41
-1.14649e-40
-1.55274e-41
-2.1943e-41
-3.17165e-42
-3.11012e-42
-3.21413e-42
5.31166e-45
-1.58726e-41
3.1564e-42
-8.41678e-41
2.23213e-41
-2.78703e-40
1.17374e-40
-9.85558e-40
5.42905e-40
-1.49756e-39
4.25484e-40
-7.19913e-40
-5.65674e-40
7.19891e-40
-1.09223e-39
1.49746e-39
-5.65652e-40
9.84822e-40
4.25562e-40
2.7393e-40
5.41382e-40
8.4859e-41
-1.48234e-41
4.19672e-42
-3.72533e-41
2.64106e-41
-9.44029e-41
1.13465e-40
-1.23566e-40
6.90542e-41
-1.47061e-47
-2.153e-40
1.23566e-40
-2.153e-40
9.44005e-41
6.90544e-41
3.72477e-41
1.13468e-40
1.47419e-41
2.64905e-41
3.0971e-42
5.34954e-42
5.93822e-43
8.07804e-43
7.79479e-44
1.15799e-43
-7.79718e-44
2.82837e-44
-5.94019e-43
1.15818e-43
-3.09876e-42
8.07987e-43
-1.4755e-41
5.35122e-42
-3.73403e-41
2.65049e-41
-9.50091e-41
1.13583e-40
-1.26756e-40
6.98763e-41
-1.53505e-41
-2.09834e-40
8.31282e-41
-1.87987e-40
-1.53505e-41
1.87987e-40
-1.26756e-40
2.09834e-40
-9.50091e-41
-6.98763e-41
-3.73405e-41
-1.13583e-40
-1.47567e-41
-2.65047e-41
-3.11209e-42
-5.34952e-42
-6.8803e-43
-7.93501e-43
-6.97903e-43
1.48403e-45
-3.18967e-42
8.06118e-43
-1.52596e-41
5.44934e-42
-3.98292e-41
2.71965e-41
-1.06561e-40
1.18111e-40
-1.48653e-40
9.09015e-41
-6.93136e-41
-1.23679e-40
6.93126e-41
-2.37865e-40
1.48659e-40
-1.23676e-40
1.06618e-40
9.09007e-41
3.9783e-41
1.1764e-40
1.93353e-41
-2.45769e-42
8.70989e-43
-4.7436e-42
5.3801e-42
-7.1243e-42
2.23435e-41
-7.51654e-42
1.32943e-41
2.89369e-48
-4.24502e-41
7.51653e-42
-4.245e-41
7.1237e-42
1.32956e-41
4.73916e-42
2.23521e-41
2.42327e-42
5.44159e-42
5.55668e-43
1.15029e-42
1.12912e-43
1.80331e-43
1.53385e-44
2.67045e-44
-1.53436e-44
6.6888e-45
-1.12954e-43
2.67092e-44
-5.56014e-43
1.80376e-43
-2.42595e-42
1.1507e-42
-4.75749e-42
5.44498e-42
-7.23963e-42
2.23789e-41
-8.09056e-42
1.34793e-41
-2.53921e-42
-4.1273e-41
2.20334e-42
-3.68248e-41
-2.53921e-42
3.68248e-41
-8.09057e-42
4.1273e-41
-7.23964e-42
-1.34793e-41
-4.75753e-42
-2.23788e-41
-2.4263e-42
-5.44494e-42
-5.58732e-43
-1.15029e-42
-1.31576e-43
-1.76947e-43
-1.33572e-43
3.57572e-46
-5.73992e-43
1.79924e-43
-2.52122e-42
1.17321e-42
-5.1973e-42
5.59852e-42
-9.08888e-42
2.33455e-41
-1.02905e-41
1.77439e-41
-4.34968e-42
-2.45461e-41
4.35015e-42
-4.70582e-41
1.02962e-41
-2.45461e-41
9.13076e-42
1.77387e-41
5.32263e-42
2.32207e-41
3.91299e-42
-3.70211e-43
1.27153e-43
-5.86646e-43
6.91903e-43
-2.19056e-43
3.90479e-42
1.66698e-43
2.29885e-42
9.12657e-47
-7.52325e-42
-1.6612e-43
-7.52247e-42
2.2216e-43
2.3065e-42
5.91521e-43
3.95733e-42
3.83197e-43
9.98016e-43
9.38348e-44
2.19009e-43
1.994e-44
3.54302e-44
2.78138e-45
5.38977e-45
-2.78238e-45
1.37896e-45
-1.99481e-44
5.39078e-45
-9.39004e-44
3.54398e-44
-3.83697e-43
2.19095e-43
-5.9486e-43
9.98715e-43
-2.42663e-43
3.96272e-42
6.89495e-44
2.34263e-42
-4.03702e-43
-7.29797e-42
-8.54834e-43
-6.48824e-42
-4.03702e-43
6.48824e-42
6.89494e-44
7.29797e-42
-2.42664e-43
-2.34263e-42
-5.94868e-43
-3.96272e-42
-3.83763e-43
-9.98706e-43
-9.44075e-44
-2.19008e-43
-2.33438e-44
-3.47323e-44
-2.37136e-44
7.48794e-47
-9.71739e-44
3.53447e-44
-4.00428e-43
2.23616e-43
-6.68206e-43
1.02874e-42
-5.2868e-43
4.14561e-42
-1.18869e-43
3.11624e-42
6.28576e-44
-4.37478e-42
-6.26686e-44
-8.36346e-42
1.20545e-43
-4.37489e-42
5.40352e-43
3.11437e-42
7.07959e-43
4.11781e-42
7.07758e-43
3.21346e-43
-2.05403e-42
1.11347e-44
-1.74008e-42
7.49244e-44
3.5505e-43
1.48328e-43
3.3855e-43
6.34642e-46
-1.25682e-42
-1.43847e-43
-1.25306e-42
-4.68512e-44
3.77662e-43
7.47662e-44
6.58298e-43
5.80387e-44
1.70525e-43
1.48977e-44
3.85888e-44
3.27213e-45
6.403e-45
4.65971e-46
9.95985e-46
-4.66151e-46
2.59317e-46
-3.27355e-45
9.96182e-46
-1.49091e-44
6.40485e-45
-5.81243e-44
3.86052e-44
-7.53271e-44
1.70657e-43
4.34903e-44
6.59297e-43
1.28461e-43
3.84233e-43
-6.14079e-44
-1.21306e-42
-2.34148e-43
-1.07559e-42
-6.14079e-44
1.07559e-42
1.28461e-43
1.21306e-42
4.34902e-44
-3.84233e-43
-7.53285e-44
-6.59297e-43
-5.81359e-44
-1.70655e-43
-1.4996e-44
-3.85887e-44
-3.84506e-45
-6.27172e-45
-3.90811e-45
1.4267e-47
-1.54594e-44
6.38669e-45
-6.08574e-44
3.94372e-44
-8.68585e-44
1.7606e-43
9.12199e-46
6.91353e-43
1.15104e-43
5.15174e-43
7.5682e-44
-7.31817e-43
-7.56357e-44
-1.39577e-42
-1.1474e-43
-7.31857e-43
1.50985e-45
5.14695e-43
9.53643e-44
6.85804e-43
1.19408e-43
5.97821e-42
1.25632e-41
9.08748e-43
-1.04454e-41
2.3986e-43
-1.48557e-42
6.12577e-44
-1.18635e-43
4.01165e-45
-2.13088e-43
-2.98388e-44
-1.9722e-43
-1.3147e-44
5.79681e-44
9.73027e-45
1.02692e-43
8.50473e-45
2.72154e-44
2.25489e-45
6.31339e-45
5.07528e-46
1.06972e-45
7.34462e-47
1.69455e-46
-7.34757e-47
4.4768e-47
-5.07759e-46
1.69491e-46
-2.25671e-45
1.07005e-45
-8.51809e-45
6.31632e-45
-9.81469e-45
2.7239e-44
1.26698e-44
1.02874e-43
2.79364e-44
5.92026e-44
-9.02747e-45
-1.89123e-43
-4.235e-44
-1.67298e-43
-9.02747e-45
1.67298e-43
2.79363e-44
1.89123e-43
1.26698e-44
-5.92026e-44
-9.81493e-45
-1.02874e-43
-8.51997e-45
-2.72387e-44
-2.27067e-45
-6.31344e-45
-5.98184e-46
-1.04706e-45
-6.0826e-46
2.49003e-48
-2.34368e-45
1.06687e-45
-8.94047e-45
6.4574e-45
-1.15469e-44
2.81386e-44
6.50932e-45
1.08095e-43
2.7238e-44
7.9936e-44
1.62361e-44
-1.14727e-43
-1.62269e-44
-2.18375e-43
-2.71706e-44
-1.14737e-43
-6.07504e-45
7.98359e-44
1.30872e-44
1.07095e-43
1.88498e-44
8.10118e-41
-1.41037e-40
1.10718e-41
-1.70092e-41
1.62362e-42
-1.81874e-42
1.90039e-43
-1.71669e-43
2.05607e-44
-4.97049e-44
-2.80121e-45
-3.39439e-44
-2.08809e-45
9.36223e-45
1.2952e-45
1.69686e-44
1.19809e-45
4.57847e-45
3.24872e-46
1.08257e-45
7.44754e-47
1.86412e-46
1.09185e-47
2.99496e-47
-1.09222e-47
8.00305e-48
-7.45005e-47
2.99565e-47
-3.25021e-46
1.86477e-46
-1.19856e-45
1.08316e-45
-1.29016e-45
4.58351e-45
2.21165e-45
1.70105e-44
4.5357e-45
9.69232e-45
-1.27331e-45
-3.12523e-44
-6.48865e-45
-2.7595e-44
-1.27331e-45
2.7595e-44
4.5357e-45
3.12523e-44
2.21164e-45
-9.69232e-45
-1.2902e-45
-1.70105e-44
-1.19885e-45
-4.58345e-45
-3.27129e-46
-1.08264e-45
-8.79855e-47
-1.82364e-46
-8.95005e-47
4.4896e-49
-3.3798e-46
1.85903e-46
-1.26035e-45
1.10803e-45
-1.53815e-45
4.73985e-45
1.35317e-45
1.79027e-44
4.53211e-45
1.31592e-44
2.63026e-45
-1.90417e-44
-2.62864e-45
-3.61864e-44
-4.52093e-45
-1.90438e-44
-1.28335e-45
1.31389e-44
1.78558e-45
1.77182e-44
3.14357e-45
1.20297e-35
-5.1146e-35
-8.79447e-35
1.37943e-35
-1.12634e-36
-2.38239e-33
-6.48393e-35
-2.94966e-36
1.59697e-35
2.69149e-33
9.88459e-35
-2.82393e-35
1.90247e-36
7.87177e-35
1.03892e-34
6.5816e-37
1.3364e-35
1.3179e-34
2.67426e-35
1.56747e-35
-2.4364e-36
2.27262e-34
4.61143e-35
-3.00986e-36
-2.84551e-35
4.49381e-34
2.22334e-34
-3.40167e-35
-4.73847e-35
4.58333e-33
5.1302e-34
-5.62971e-35
-1.4249e-36
4.85559e-33
5.21704e-34
-1.68815e-36
4.72039e-35
2.31926e-34
5.6077e-35
4.3724e-35
3.61462e-35
8.88504e-36
6.04735e-36
1.32468e-36
9.79073e-37
2.32102e-37
1.21959e-37
3.2303e-37
1.06915e-38
2.48414e-36
-3.81715e-38
1.70695e-35
-3.23263e-37
1.28186e-34
-2.62241e-36
6.39074e-34
-1.58313e-35
9.95545e-34
-9.79202e-35
1.61038e-32
-8.44237e-35
9.95543e-34
8.44238e-35
6.39056e-34
9.79189e-35
1.28078e-34
1.57913e-35
1.64016e-35
1.92567e-36
1.90552e-36
-8.58314e-36
8.73864e-37
-1.46645e-34
7.03593e-37
-8.90227e-36
1.11894e-37
-6.96246e-37
1.86901e-38
-3.94635e-38
4.11284e-39
2.27609e-39
8.44772e-39
2.49335e-38
1.22219e-37
2.55377e-36
-8.57901e-36
4.97421e-37
-7.31515e-37
7.40933e-38
-5.07879e-38
-2.90714e-39
1.12339e-38
-6.94837e-37
-6.11131e-36
-1.30774e-37
-4.82129e-37
-1.96054e-38
-2.76138e-38
-8.23217e-40
-2.67414e-39
-4.4115e-36
9.58325e-36
-8.11138e-37
7.72405e-37
-1.18878e-37
4.51966e-38
1.3753e-39
-1.60616e-38
8.84325e-38
1.04506e-35
2.68293e-38
8.79815e-37
5.60913e-39
5.70338e-38
2.63301e-39
1.26092e-39
3.26811e-36
3.82442e-36
6.4663e-37
4.64415e-37
9.95582e-38
5.38663e-38
6.04802e-39
1.51362e-38
-7.60295e-37
6.67013e-36
-1.65633e-37
8.16493e-37
-2.78705e-38
9.52986e-38
1.06978e-38
-4.47863e-39
-7.4954e-36
2.42224e-35
-1.51779e-36
2.23332e-36
-2.39254e-37
1.71711e-37
1.16024e-38
-3.68014e-38
-1.20438e-35
5.18562e-35
-2.40871e-36
4.35658e-36
-3.74907e-37
2.72036e-37
1.04011e-38
-5.72347e-38
-3.56178e-37
5.26595e-35
-7.07819e-38
4.41593e-36
-1.09435e-38
2.74447e-37
1.02911e-38
-1.66353e-39
1.19915e-35
2.50877e-35
2.39814e-36
2.29107e-36
3.73241e-37
1.72622e-37
1.11975e-38
5.69824e-38
7.96594e-36
6.17715e-36
1.61438e-36
7.37494e-37
2.54661e-37
8.33658e-38
9.10266e-39
3.92011e-38
1.50617e-36
1.56372e-36
3.23144e-37
2.28313e-37
5.37412e-38
3.19251e-38
4.09031e-39
8.55923e-39
2.56054e-37
2.63153e-37
5.81099e-38
4.27918e-38
1.01029e-38
6.53244e-39
8.93633e-40
1.671e-39
3.31237e-38
5.21694e-38
7.82034e-39
9.84175e-39
1.40071e-39
1.65623e-39
2.49603e-40
2.37586e-40
-1.16366e-39
8.39733e-38
-5.79061e-40
2.01246e-38
-2.14787e-40
3.64386e-39
6.0483e-40
-4.64832e-41
-4.92486e-38
6.20431e-37
-1.43662e-38
1.42737e-37
-3.52489e-39
2.46821e-38
3.95803e-39
-6.76296e-40
-4.00592e-37
4.08893e-36
-1.13207e-37
8.59181e-37
-2.67068e-38
1.3807e-37
2.07683e-38
-4.96771e-39
-3.20081e-36
2.76099e-35
-8.56398e-37
5.13768e-36
-1.9314e-37
7.38436e-37
1.01357e-37
-3.45273e-38
-1.90719e-35
1.28896e-34
-4.84655e-36
1.8861e-35
-1.03075e-36
2.13488e-36
2.23221e-37
-1.75984e-37
-1.14287e-34
7.01758e-34
-2.53477e-35
7.93283e-35
-5.08661e-36
6.88497e-36
4.63307e-37
-8.22934e-37
-9.80603e-35
1.19387e-33
-2.12573e-35
1.29743e-34
-4.22547e-36
1.07442e-35
6.48262e-37
-6.7712e-37
9.80603e-35
7.0176e-34
2.12572e-35
7.93311e-35
4.2254e-36
6.88575e-36
4.63492e-37
6.771e-37
1.14286e-34
1.28914e-34
2.53466e-35
1.88832e-35
5.08602e-36
2.14089e-36
2.24581e-37
8.22773e-37
1.90439e-35
2.77175e-35
4.83416e-36
5.27094e-36
1.02553e-36
7.72499e-37
1.08626e-37
1.74683e-37
2.74904e-36
4.75501e-36
7.11459e-37
1.66057e-36
1.45931e-37
3.16494e-37
5.66801e-38
2.41279e-38
-5.05693e-36
1.19408e-36
-1.19428e-36
8.30565e-37
-2.95577e-37
1.74349e-37
3.38756e-38
-5.64792e-38
-1.16585e-35
-4.96062e-37
-7.98983e-36
-6.68827e-37
-1.82783e-36
-1.45984e-37
-2.84109e-38
-3.15656e-37
-5.45213e-36
-6.56406e-37
-1.30573e-36
-7.98591e-37
-3.21412e-37
-1.76122e-37
-2.8345e-38
-6.08271e-38
-4.50883e-37
-1.06185e-37
-1.4348e-37
-1.30495e-37
-4.26612e-38
-2.0196e-38
5.11322e-38
-4.36182e-39
-2.53071e-38
-1.49551e-38
-7.56127e-40
-5.02353e-39
3.84779e-38
9.37463e-38
4.39935e-37
7.19841e-38
1.89157e-38
1.12665e-38
9.19668e-38
8.4721e-38
3.85592e-37
5.302e-37
2.49284e-36
8.80076e-37
1.4783e-37
6.04808e-38
7.3791e-37
4.08336e-37
3.47037e-36
2.62112e-36
1.30253e-35
1.03153e-35
7.76763e-37
4.31339e-36
2.34775e-35
9.28952e-35
1.35194e-39
-1.0325e-40
1.55246e-40
1.01335e-41
1.65231e-41
1.72695e-42
1.69464e-42
1.77289e-43
1.64364e-43
1.2181e-44
1.46455e-44
-1.67274e-45
1.01548e-45
8.97893e-46
2.96188e-46
1.48305e-45
1.82667e-46
4.06132e-46
4.84574e-47
9.83971e-47
1.11366e-47
1.72805e-47
1.64405e-48
2.83131e-48
-1.63962e-48
7.68385e-49
-1.1079e-47
2.83202e-48
-4.76941e-47
1.72864e-47
-1.73011e-46
9.84371e-47
-1.78668e-46
4.06257e-46
3.52264e-46
1.48089e-45
7.00068e-46
8.35922e-46
-1.84128e-46
-2.71985e-45
-9.76041e-46
-2.39754e-45
-1.84128e-46
2.39754e-45
7.00068e-46
2.71985e-45
3.52263e-46
-8.35922e-46
-1.78674e-46
-1.48089e-45
-1.73055e-46
-4.06251e-46
-4.80143e-47
-9.83864e-47
-1.31087e-47
-1.68912e-47
-1.33381e-47
4.36549e-50
-4.96432e-47
1.72304e-47
-1.82178e-46
1.00779e-46
-2.14898e-46
4.20694e-46
2.29216e-46
1.56161e-45
7.07523e-46
1.14057e-45
4.05921e-46
-1.66532e-45
-4.05644e-46
-3.15859e-45
-7.05666e-46
-1.66556e-45
-2.17699e-46
1.13842e-45
2.56838e-46
1.5437e-45
2.74589e-46
-2.70678e-40
7.23908e-41
-2.4518e-41
1.45287e-41
-1.86105e-42
1.60726e-42
-1.10997e-43
1.45534e-43
-3.10556e-45
1.14957e-44
3.77051e-46
6.12855e-46
7.3165e-47
1.31414e-46
2.83288e-47
1.36922e-46
1.54667e-47
3.72532e-47
4.03746e-48
9.0843e-48
9.28748e-49
1.60945e-48
1.38022e-49
2.65593e-49
-1.36518e-49
7.25356e-50
-9.13014e-49
2.65725e-49
-3.86998e-48
1.61033e-48
-1.38294e-47
9.08466e-48
-1.39923e-47
3.71236e-47
2.91014e-47
1.33728e-46
5.71169e-47
7.49205e-47
-1.47456e-47
-2.45469e-46
-7.90092e-47
-2.16082e-46
-1.47456e-47
2.16082e-46
5.71169e-47
2.45469e-46
2.91014e-47
-7.49205e-47
-1.39928e-47
-1.33727e-46
-1.38331e-47
-3.7123e-47
-3.89706e-48
-9.07984e-48
-1.08267e-48
-1.57301e-48
-1.10199e-48
4.13853e-51
-4.03275e-48
1.60501e-48
-1.45828e-47
9.30404e-48
-1.69167e-47
3.84665e-47
1.93319e-47
1.41161e-46
5.8037e-47
1.02662e-46
3.31605e-47
-1.5074e-46
-3.31349e-47
-2.85618e-46
-5.78715e-47
-1.50766e-46
-1.83216e-47
1.02441e-46
2.05718e-47
1.39415e-46
2.49604e-47
-1.64419e-39
-1.25435e-40
-1.56209e-40
-2.46137e-41
-1.34215e-41
-2.78673e-42
-1.03866e-42
-2.61161e-43
-6.99978e-44
-2.24756e-44
-3.63779e-45
-1.8232e-45
-7.83898e-47
-1.31179e-46
1.62012e-47
1.10822e-48
4.12331e-48
2.41784e-48
7.00686e-49
7.23693e-49
1.1627e-49
1.34925e-49
1.52892e-50
2.27875e-50
-1.10687e-50
6.30711e-51
-7.57388e-50
2.29295e-50
-3.18525e-49
1.37531e-49
-1.12731e-48
7.67218e-49
-1.12846e-48
3.09448e-48
2.39912e-48
1.10126e-47
4.68105e-48
6.12543e-48
-1.20335e-48
-2.02064e-47
-6.45994e-48
-1.77642e-47
-1.20335e-48
1.77642e-47
4.68105e-48
2.02064e-47
2.39912e-48
-6.12543e-48
-1.1285e-48
-1.10126e-47
-1.12763e-48
-3.09443e-48
-3.20807e-49
-7.66795e-49
-8.99603e-50
-1.34282e-49
-9.15829e-50
3.62559e-52
-3.32139e-49
1.37064e-49
-1.18974e-48
7.86107e-49
-1.36847e-48
3.20893e-48
1.60623e-48
1.16388e-47
4.7699e-48
8.42697e-48
2.72101e-48
-1.24486e-47
-2.7187e-48
-2.35591e-47
-4.75532e-48
-1.24511e-47
-1.51854e-48
8.40654e-48
1.68739e-48
1.14844e-47
2.06453e-48
1.92968e-40
1.74343e-41
2.84237e-41
-1.04752e-41
3.64214e-42
-1.34259e-42
4.4358e-43
-1.18761e-43
4.95052e-44
-8.71947e-45
5.26935e-45
-5.37735e-46
5.26626e-46
-2.3599e-47
5.05676e-47
7.19055e-49
4.69183e-48
3.88782e-49
4.29265e-49
8.55436e-50
4.00558e-50
1.403e-50
3.68199e-51
2.17949e-51
-6.84672e-52
5.57339e-52
-5.94048e-51
1.93706e-51
-2.48283e-50
1.15435e-50
-8.70447e-50
6.39503e-50
-8.64476e-50
2.56112e-49
1.86012e-49
9.03358e-49
3.615e-49
4.99523e-49
-9.30238e-50
-1.65679e-48
-4.98667e-49
-1.45499e-48
-9.30238e-50
1.45499e-48
3.615e-49
1.65679e-48
1.86012e-49
-4.99523e-49
-8.64509e-50
-9.03357e-49
-8.70703e-50
-2.56108e-49
-2.50115e-50
-6.39143e-50
-7.08258e-51
-1.12678e-50
-7.21179e-51
3.08534e-53
-2.59083e-50
1.15036e-50
-9.19446e-50
6.55425e-50
-1.05101e-49
2.65707e-49
1.25058e-49
9.55465e-49
3.69183e-49
6.89513e-49
2.10423e-49
-1.02301e-48
-2.10229e-49
-1.93457e-48
-3.67983e-49
-1.02323e-48
-1.17953e-49
6.87688e-49
1.30849e-49
9.42105e-49
1.70155e-49
1.7443e-39
7.11812e-40
1.9733e-40
7.07265e-41
2.05991e-41
7.08351e-42
2.08845e-42
6.79449e-43
2.00042e-43
6.34999e-44
1.85572e-44
5.67617e-45
1.6459e-45
4.9183e-46
1.41455e-46
4.10634e-47
1.1713e-47
3.33499e-48
9.42153e-49
2.64247e-49
7.35405e-50
2.06164e-50
5.59314e-51
1.60776e-51
3.35396e-52
1.47384e-52
-4.30344e-52
1.61774e-52
-1.9022e-51
9.15884e-52
-6.62875e-51
5.03321e-51
-6.54546e-51
1.99931e-50
1.41895e-50
6.98932e-50
2.74982e-50
3.84278e-50
-7.08992e-51
-1.28138e-49
-3.79342e-50
-1.12415e-49
-7.08992e-51
1.12415e-49
2.74982e-50
1.28138e-49
1.41895e-50
-3.84278e-50
-6.54572e-51
-6.98932e-50
-6.63088e-51
-1.99927e-50
-1.91838e-51
-5.03027e-51
-5.466e-52
-8.93257e-52
-5.56644e-52
2.48716e-54
-1.98784e-51
9.12177e-52
-7.00626e-51
5.16008e-51
-7.97327e-51
2.0753e-50
9.56266e-51
7.39869e-50
2.81284e-50
5.32143e-50
1.60243e-50
-7.93071e-50
-1.60085e-50
-1.49849e-49
-2.80323e-50
-7.93261e-50
-9.00122e-51
5.30617e-50
1.00119e-50
7.2901e-50
1.32172e-50
-5.4337e-40
1.25136e-39
-6.3377e-41
1.23058e-40
-6.79356e-42
1.21764e-41
-6.99733e-43
1.15367e-42
-6.78869e-44
1.06502e-43
-6.33989e-45
9.40708e-45
-5.6482e-46
8.05457e-46
-4.85723e-47
6.63743e-47
-4.01539e-48
5.30766e-48
-3.21288e-49
4.10671e-49
-2.483e-50
3.09092e-50
-1.86174e-51
2.26209e-51
-1.41184e-52
1.63247e-52
-4.35523e-53
2.30591e-53
-1.40488e-52
7.15437e-53
-4.83436e-52
3.87235e-52
-4.74721e-52
1.52987e-51
1.03584e-51
5.31062e-51
2.00213e-51
2.90582e-51
-5.17433e-52
-9.7326e-51
-2.76259e-51
-8.53095e-51
-5.17433e-52
8.53095e-51
2.00213e-51
9.7326e-51
1.03584e-51
-2.90582e-51
-4.74737e-52
-5.31061e-51
-4.83541e-52
-1.52984e-51
-1.40881e-52
-3.86959e-52
-4.03952e-53
-6.90715e-53
-4.11432e-53
1.94436e-55
-1.46032e-52
7.05461e-53
-5.11222e-52
3.97034e-52
-5.79353e-52
1.58858e-51
6.99535e-52
5.62513e-51
2.05121e-51
4.03502e-51
1.16804e-51
-6.0346e-51
-1.16681e-51
-1.13953e-50
-2.04389e-51
-6.03616e-51
-6.57273e-52
4.02269e-51
7.32672e-52
5.53928e-51
1.00806e-51
-4.28841e-39
7.20017e-40
-4.87217e-40
3.9906e-41
-5.10352e-41
2.61409e-42
-5.17293e-42
1.99347e-43
-4.94997e-43
1.67274e-44
-4.57739e-44
1.41885e-45
-4.04452e-45
1.1919e-46
-3.45796e-46
9.70587e-48
-2.84571e-47
7.69431e-49
-2.27074e-48
5.90759e-50
-1.75273e-49
4.41542e-51
-1.31467e-50
3.20811e-52
-9.57736e-52
2.28677e-53
-7.03264e-53
2.45036e-54
-1.47181e-53
5.35177e-54
-3.48066e-53
2.85483e-53
-3.37394e-53
1.12157e-52
7.39603e-53
3.86666e-52
1.42645e-52
2.10589e-52
-3.69432e-53
-7.08392e-52
-1.96869e-52
-6.2041e-52
-3.69432e-53
6.2041e-52
1.42645e-52
7.08392e-52
7.39615e-53
-2.10589e-52
-3.37201e-53
-3.86666e-52
-3.4502e-53
-1.12155e-52
-1.01089e-53
-2.85245e-53
-2.91168e-54
-5.11812e-54
-2.96588e-54
1.45733e-56
-1.04812e-53
5.22828e-54
-3.6494e-53
2.92738e-53
-4.12155e-53
1.16505e-52
5.00284e-53
4.0982e-52
1.46331e-52
2.93201e-52
8.3298e-53
-4.40021e-52
-8.32061e-53
-8.30396e-52
-1.45789e-52
-4.40142e-52
-4.69328e-53
2.92253e-52
5.24642e-53
4.0334e-52
7.36534e-53
-6.62009e-39
-4.40865e-40
-7.48306e-40
-1.22883e-40
-7.8004e-41
-1.5543e-41
-7.87756e-42
-1.59051e-42
-7.51209e-43
-1.50566e-43
-6.92748e-44
-1.34001e-44
-6.10528e-45
-1.14929e-45
-5.20862e-46
-9.46811e-47
-4.27786e-47
-7.56266e-48
-3.40766e-48
-5.84081e-49
-2.62613e-49
-4.38427e-50
-1.96704e-50
-3.19435e-51
-1.43056e-51
-2.26639e-52
-1.01487e-52
-1.559e-53
-7.68116e-54
-6.76194e-55
-2.84648e-54
1.98164e-54
-2.34396e-54
8.02355e-54
5.09738e-54
2.75193e-53
9.8141e-54
1.49275e-53
-2.54701e-54
-5.04011e-53
-1.3548e-53
-4.41092e-53
-2.547e-54
4.41092e-53
9.81423e-54
5.04011e-53
5.09935e-54
-1.49275e-53
-2.31321e-54
-2.75195e-53
-2.37725e-54
-8.02785e-54
-7.00305e-55
-2.04975e-54
-2.026e-55
-3.69267e-55
-2.06391e-55
1.05691e-57
-7.26282e-55
3.77265e-55
-2.51564e-54
2.10396e-54
-2.8317e-54
8.34154e-54
3.45452e-54
2.91817e-53
1.00803e-53
2.08319e-53
5.7363e-54
-3.13527e-53
-5.72969e-54
-5.91397e-53
-1.00418e-53
-3.13619e-53
-3.23622e-54
2.07612e-53
3.62545e-54
2.87063e-53
5.25901e-54
-1.91578e-40
-4.84916e-40
-2.15879e-41
-1.28716e-40
-2.24357e-42
-1.61846e-41
-2.26045e-43
-1.65362e-42
-2.15077e-44
-1.56471e-43
-1.97975e-45
-1.39244e-44
-1.74177e-46
-1.19427e-45
-1.48377e-47
-9.83908e-47
-1.21695e-48
-7.85936e-48
-9.68229e-50
-6.07028e-49
-7.45328e-51
-4.55676e-50
-5.57707e-52
-3.32022e-51
-4.0523e-53
-2.35593e-52
-2.87897e-54
-1.62681e-53
-2.44548e-55
-1.07013e-54
-1.73232e-55
7.02731e-56
-1.55962e-55
5.50483e-55
3.43335e-55
1.89238e-54
6.59675e-55
1.02271e-54
-1.71512e-55
-3.46529e-54
-9.10829e-55
-3.0306e-54
-1.71511e-55
3.03062e-54
6.59679e-55
3.46539e-54
3.43389e-55
-1.02263e-54
-1.55099e-55
-1.89266e-54
-1.60002e-55
-5.55156e-55
-4.73484e-56
-1.42289e-55
-1.37443e-56
-2.56864e-56
-1.40022e-56
2.04033e-59
-4.91141e-56
2.62773e-56
-1.69378e-55
1.46068e-55
-1.90115e-55
5.77004e-55
2.3292e-55
2.00799e-54
6.78289e-55
1.43041e-54
3.85882e-55
-2.15875e-54
-3.8542e-55
-4.07002e-54
-6.75623e-55
-2.1593e-54
-2.17933e-55
1.42527e-54
2.44705e-55
1.97433e-54
3.62797e-55
6.59118e-39
6.30273e-40
7.45073e-40
2.89648e-41
7.76701e-41
1.4359e-42
7.84416e-42
8.37759e-44
7.4805e-43
5.88731e-45
6.89857e-44
4.52349e-46
6.07998e-45
3.58944e-47
5.18718e-46
2.80373e-48
4.26035e-47
2.14869e-49
3.39379e-48
1.59828e-50
2.6155e-49
1.15999e-51
1.95911e-50
8.18495e-53
1.42479e-51
5.63849e-54
1.00911e-52
3.78881e-55
6.9553e-54
2.6585e-56
4.57668e-55
1.10247e-56
2.06376e-56
3.68803e-56
2.44286e-56
1.26932e-55
4.31725e-56
6.94932e-56
-1.12101e-56
-2.31757e-55
-5.94481e-56
-2.03115e-55
-1.12066e-56
2.03354e-55
4.30479e-56
2.3355e-55
2.24421e-56
-6.7825e-56
-1.01019e-56
-1.2673e-55
-1.04526e-56
-3.7683e-56
-3.10628e-57
-9.77891e-57
-9.11528e-58
-1.01495e-57
-9.22276e-58
-8.70237e-58
-3.21837e-57
1.54304e-57
-1.10661e-56
9.8708e-57
-1.23878e-56
3.91621e-56
1.52402e-56
1.35709e-55
4.42991e-56
9.65678e-56
2.52041e-56
-1.45845e-55
-2.51638e-56
-2.73688e-55
-4.41357e-56
-1.44092e-55
-1.42521e-56
9.4937e-56
1.60325e-56
1.32333e-55
2.40594e-56
4.57145e-39
1.04186e-39
5.19684e-40
1.01221e-40
5.44657e-41
9.95067e-42
5.52318e-42
9.39345e-43
5.28732e-43
8.64932e-44
4.89113e-44
7.62328e-45
4.32318e-45
6.51387e-46
3.69732e-46
5.35665e-47
3.04355e-47
4.27397e-48
2.42924e-48
3.2981e-49
1.87555e-49
2.47395e-50
1.40713e-50
1.80141e-51
1.02488e-51
1.27749e-52
7.26861e-53
8.8189e-54
5.01815e-54
5.93218e-55
3.37292e-55
3.63418e-56
2.16762e-56
-6.24531e-57
3.03542e-57
5.34225e-57
2.85264e-57
2.17276e-56
-8.16233e-58
-1.79771e-58
-3.80342e-57
-9.42065e-57
-6.34343e-58
1.30046e-56
2.74937e-57
2.88544e-56
1.34622e-57
5.52497e-57
-7.28618e-58
-2.05006e-57
-6.38809e-58
-6.2312e-57
-1.85676e-58
-3.32131e-57
-1.69625e-58
1.13533e-56
-6.71361e-59
-1.38281e-56
-1.2147e-58
-3.67599e-57
-6.26298e-58
4.62411e-58
-7.11961e-58
6.19056e-57
9.05526e-58
2.20282e-56
2.68076e-57
1.68082e-56
1.67105e-57
-2.16762e-56
-1.51841e-57
-2.14194e-56
-2.92951e-57
7.25692e-57
-9.82908e-58
-4.50247e-57
1.10289e-57
4.40045e-57
-4.11041e-57
1.03071e-39
5.23e-40
1.19782e-40
5.38404e-41
1.28083e-41
5.44279e-42
1.31861e-42
5.2115e-43
1.27968e-43
4.83643e-44
1.19678e-44
4.28666e-45
1.06831e-45
3.67826e-46
9.21172e-47
3.03607e-47
7.63941e-48
2.43007e-48
6.13628e-49
1.88066e-49
4.76502e-50
1.41431e-50
3.59295e-51
1.03227e-51
2.62893e-52
7.3359e-53
1.87201e-53
5.07159e-54
1.29641e-54
3.28216e-55
8.69805e-56
-3.08021e-56
7.56465e-57
-1.79135e-55
3.42501e-57
-4.9642e-56
4.96302e-58
2.78716e-55
-1.84735e-57
2.4037e-55
-5.14535e-58
5.95805e-56
1.28081e-57
-7.53922e-57
2.98489e-58
2.07519e-55
-1.31951e-57
1.5627e-55
-1.48762e-57
9.87986e-56
3.99125e-58
-6.22982e-56
2.31684e-58
-4.65341e-56
-1.78078e-57
1.75347e-55
-1.21594e-58
-2.13266e-55
1.37365e-57
-5.80412e-56
1.29851e-57
-2.09476e-57
1.25059e-57
5.87594e-56
-1.11007e-57
2.13612e-55
-2.32226e-57
1.70141e-55
1.1012e-57
-1.98927e-55
1.32916e-57
-6.2897e-56
-2.02465e-57
2.55816e-55
-1.17796e-57
-1.76156e-55
1.3421e-57
-6.63816e-56
-8.33903e-56
2.08063e-40
1.19444e-40
2.4751e-41
1.26981e-41
2.6993e-42
1.31097e-42
2.82041e-43
1.27717e-43
2.77163e-44
1.20084e-44
2.61783e-45
1.0769e-45
2.35652e-46
9.32994e-47
2.04588e-47
7.76932e-48
1.7066e-48
6.26555e-49
1.37743e-49
4.88274e-50
1.07403e-50
3.69418e-51
8.12621e-52
2.71127e-52
5.96312e-53
1.93547e-53
4.25244e-54
1.30371e-54
2.81446e-55
-1.30426e-55
9.40663e-57
-8.30487e-55
3.13955e-56
-2.84361e-54
4.89153e-56
-7.9352e-55
4.89699e-57
4.37947e-54
-3.00835e-56
3.78988e-54
-5.71819e-57
9.28958e-55
2.10006e-56
-2.0039e-55
2.96794e-57
3.0288e-54
-2.21616e-56
2.39585e-54
-2.37777e-56
1.54206e-54
6.58509e-57
-9.96896e-55
4.31867e-57
-7.80169e-55
-2.75952e-56
2.60851e-54
-1.68639e-57
-3.20242e-54
2.20533e-56
-8.64516e-55
2.18372e-56
-1.9968e-56
2.13099e-56
9.2028e-55
-1.94054e-56
3.34817e-54
-4.14812e-56
2.66216e-54
1.54753e-56
-3.1441e-54
2.27921e-56
-1.03621e-54
-2.94582e-56
3.82433e-54
-1.6693e-56
-2.83301e-54
2.06446e-56
-1.02824e-54
-1.17899e-54
3.01842e-41
3.55606e-41
3.64233e-42
4.03651e-42
4.01393e-43
4.35576e-43
4.22731e-44
4.44061e-44
4.17709e-45
4.32065e-45
3.96206e-46
4.01225e-46
3.57623e-47
3.57605e-47
3.11104e-48
3.06349e-48
2.5977e-49
2.5308e-49
2.09784e-50
2.01928e-50
1.6356e-51
1.55892e-51
1.23705e-52
1.16568e-52
9.05413e-54
8.34178e-54
5.79527e-55
-3.66753e-56
-1.82673e-55
-3.33943e-54
-1.68171e-55
-1.27872e-53
4.84284e-55
-4.36791e-53
7.86202e-55
-1.22337e-53
7.6985e-56
6.7233e-53
-4.90081e-55
5.80857e-53
-1.09371e-55
1.39317e-53
3.25072e-55
-4.1163e-54
6.11202e-56
4.31733e-53
-3.40457e-55
3.57775e-53
-3.81652e-55
2.33696e-53
9.54604e-56
-1.56002e-53
7.43018e-56
-1.27131e-53
-4.17701e-55
3.77927e-53
-2.31196e-56
-4.68688e-53
3.42602e-55
-1.254e-53
3.47265e-55
-1.02981e-55
3.41654e-55
1.40989e-53
-3.14492e-55
5.13505e-53
-6.73481e-55
4.07437e-53
2.32953e-55
-4.86491e-53
3.55394e-55
-1.68795e-53
-4.58015e-55
5.5573e-53
-2.40474e-55
-4.43395e-53
3.25762e-55
-1.54106e-53
-1.60699e-53
-7.899e-42
8.99968e-41
-1.10554e-42
1.07998e-41
-1.4395e-43
1.2021e-42
-1.68831e-44
1.27127e-43
-1.87058e-45
1.2677e-44
-1.93059e-46
1.20933e-45
-1.89952e-47
1.09999e-46
-1.77079e-48
9.62443e-48
-1.58394e-49
8.08652e-49
-1.35583e-50
6.55918e-50
-1.11883e-51
5.1253e-51
-8.89338e-53
3.86471e-52
-7.0937e-54
2.64454e-53
-1.56191e-54
-7.37465e-54
-3.61053e-54
-5.0026e-53
-2.70078e-54
-1.90275e-52
7.59905e-54
-6.52952e-52
1.23481e-53
-1.83602e-52
1.18368e-54
1.0046e-51
-7.78648e-54
8.66438e-52
-1.99152e-54
2.03193e-52
4.90062e-54
-7.69613e-53
1.1715e-54
5.95533e-52
-5.08965e-54
5.19727e-52
-5.97599e-54
3.44687e-52
1.33333e-54
-2.37514e-52
1.24122e-54
-2.00858e-52
-6.14384e-54
5.31079e-52
-3.00652e-55
-6.66025e-52
5.1847e-54
-1.76531e-52
5.38549e-54
1.45787e-54
5.34298e-54
2.10173e-52
-4.96961e-54
7.6656e-52
-1.06619e-53
6.07068e-52
3.40695e-54
-7.3262e-52
5.39906e-54
-2.66582e-52
-6.94151e-54
7.83711e-52
-3.33507e-54
-6.75074e-52
5.01273e-54
-2.24642e-52
-2.09742e-52
-1.01478e-40
5.71878e-40
-1.33585e-41
6.71646e-41
-1.63675e-42
7.35046e-42
-1.84679e-43
7.67614e-43
-1.97184e-44
7.57417e-44
-1.98114e-45
7.16564e-45
-1.90089e-46
6.47082e-46
-1.73742e-47
5.62811e-47
-1.526e-48
4.70117e-48
-1.28659e-49
3.79005e-49
-1.04685e-50
2.93367e-50
-8.22033e-52
2.17719e-51
-6.63658e-53
1.30692e-52
-2.06773e-53
-1.24069e-52
-5.51164e-53
-7.23859e-52
-4.15423e-53
-2.75704e-51
1.16424e-52
-9.51177e-51
1.89297e-52
-2.68632e-51
1.77548e-53
1.46269e-50
-1.20715e-52
1.25927e-50
-3.46449e-53
2.8855e-51
7.20498e-53
-1.3423e-51
2.11531e-53
7.96392e-51
-7.41444e-53
7.35553e-51
-9.13384e-53
4.9548e-51
1.7949e-53
-3.52187e-51
2.01528e-53
-3.07972e-51
-8.79174e-53
7.25506e-51
-3.67632e-54
-9.20879e-51
7.65149e-53
-2.41566e-51
8.15126e-53
6.3308e-53
8.15555e-53
3.05076e-51
-7.66438e-53
1.11495e-50
-1.64704e-52
8.81194e-51
4.84746e-53
-1.07514e-50
8.00339e-53
-4.08538e-51
-1.0263e-52
1.07499e-50
-4.44758e-53
-1.00088e-50
7.52801e-53
-3.18878e-51
-2.61961e-51
-7.22784e-40
2.86341e-39
-9.31253e-41
3.24648e-40
-1.11975e-41
3.46987e-41
-1.24536e-42
3.55948e-42
-1.31349e-43
3.46559e-43
-1.30674e-44
3.24344e-44
-1.24338e-45
2.90354e-45
-1.12862e-46
2.50665e-46
-9.85442e-48
2.07611e-47
-8.26504e-49
1.65432e-48
-6.6914e-50
1.24838e-49
-5.22929e-51
8.78324e-51
-4.52801e-52
2.3539e-52
-2.67697e-52
-1.84419e-51
-8.19398e-52
-1.0146e-50
-6.21995e-52
-3.87564e-50
1.73567e-51
-1.34475e-49
2.82393e-51
-3.81544e-50
2.59004e-52
2.06679e-49
-1.82086e-51
1.77608e-49
-5.78048e-52
3.97286e-50
1.02905e-51
-2.2095e-50
3.63285e-52
1.02516e-49
-1.04828e-51
1.00963e-49
-1.35855e-51
6.91186e-50
2.30625e-52
-5.06638e-50
3.17368e-52
-4.56953e-50
-1.21812e-51
9.57418e-50
-4.11089e-53
-1.23179e-49
1.09709e-51
-3.1962e-50
1.20046e-51
1.47975e-51
1.21166e-51
4.29609e-50
-1.15001e-51
1.57386e-49
-2.4758e-51
1.24176e-49
6.67278e-52
-1.5311e-49
1.15324e-51
-6.05784e-50
-1.47478e-51
1.42564e-49
-5.64403e-52
-1.43948e-49
1.09952e-51
-4.38862e-50
-3.08345e-50
-4.8535e-39
1.30268e-38
-6.09098e-40
1.41125e-39
-7.17001e-41
1.46313e-40
-7.83879e-42
1.47069e-41
-8.15305e-43
1.40956e-42
-8.01672e-44
1.30325e-43
-7.55415e-45
1.15459e-44
-6.79983e-46
9.8747e-46
-5.89474e-47
8.04318e-47
-4.90979e-48
6.21102e-48
-3.94572e-49
4.27756e-49
-3.05927e-50
2.34212e-50
-3.1174e-51
-3.80176e-51
-3.61884e-51
-2.54674e-50
-1.18941e-50
-1.38057e-49
-9.0812e-51
-5.29557e-49
2.52132e-50
-1.84951e-48
4.10539e-50
-5.27504e-49
3.6797e-51
2.84083e-48
-2.6758e-50
2.43645e-48
-9.27195e-51
5.31558e-49
1.43125e-50
-3.45964e-49
5.96234e-51
1.27502e-48
-1.44177e-50
1.34802e-48
-1.96938e-50
9.38202e-49
2.82736e-51
-7.08608e-49
4.85401e-51
-6.57238e-49
-1.63826e-50
1.22595e-48
-4.04548e-52
-1.6004e-48
1.53154e-50
-4.10214e-49
1.72273e-50
2.79907e-50
1.75427e-50
5.87908e-49
-1.68149e-50
2.16083e-48
-3.6257e-50
1.70163e-48
8.91807e-51
-2.12132e-48
1.61929e-50
-8.70599e-49
-2.06442e-50
1.83591e-48
-6.79685e-51
-2.0126e-48
1.56495e-50
-5.86985e-49
-3.40819e-49
-2.36544e-38
2.2625e-38
-2.87734e-39
2.08776e-39
-3.29848e-40
1.98808e-40
-3.5353e-41
1.92034e-41
-3.61697e-42
1.80656e-42
-3.5107e-43
1.65488e-43
-3.27265e-44
1.45842e-44
-2.92016e-45
1.23144e-45
-2.51206e-46
8.78074e-47
-2.07342e-47
4.1452e-48
-1.64418e-48
-3.69355e-49
-1.25297e-49
-1.41182e-49
-2.06802e-50
-8.19546e-50
-4.90724e-50
-3.35053e-49
-1.67641e-49
-1.81363e-48
-1.28676e-49
-6.99238e-48
3.55313e-49
-2.45926e-47
5.79038e-49
-7.05277e-48
5.06824e-50
3.77488e-47
-3.81445e-49
3.23101e-47
-1.43046e-49
6.86716e-48
1.92712e-49
-5.16057e-48
9.37703e-50
1.51436e-47
-1.91716e-49
1.73865e-47
-2.7698e-49
1.23109e-47
3.24271e-50
-9.57898e-48
7.18514e-50
-9.11969e-48
-2.12278e-49
1.50791e-47
-3.01415e-51
-2.00164e-47
2.07002e-49
-5.06497e-48
2.39822e-49
4.71958e-49
2.4649e-49
7.77478e-48
-2.3846e-49
2.8683e-47
-5.15135e-49
2.2555e-47
1.14702e-49
-2.84111e-47
2.20281e-49
-1.20687e-47
-2.79927e-49
2.27424e-47
-7.59261e-50
-2.71936e-47
2.1593e-49
-7.57941e-48
-3.40749e-48
-1.0681e-37
2.08323e-38
-1.26017e-38
5.79972e-41
-1.41281e-39
-9.31388e-41
-1.48481e-40
-1.33425e-41
-1.49589e-41
-1.41767e-42
-1.43218e-42
-1.35247e-43
-1.32015e-43
-1.19562e-44
-1.16621e-44
-1.17705e-45
-9.9346e-46
-2.69651e-46
-8.05041e-47
-5.78561e-47
-6.15152e-48
-1.32032e-47
-4.42874e-49
-2.41785e-48
-1.85819e-49
-1.07742e-48
-6.62121e-49
-4.24087e-48
-2.29997e-48
-2.3085e-47
-1.77513e-48
-8.95606e-47
4.87086e-48
-3.17589e-46
7.94592e-48
-9.16589e-47
6.7865e-49
4.87118e-46
-5.2888e-48
4.16016e-46
-2.12593e-48
8.60367e-47
2.52346e-48
-7.37093e-47
1.41638e-48
1.73026e-46
-2.4757e-48
2.17811e-46
-3.79059e-48
1.5695e-46
3.4644e-49
-1.25683e-46
1.03183e-48
-1.22495e-46
-2.66329e-48
1.79675e-46
-6.04446e-51
-2.42803e-46
2.71967e-48
-6.05352e-47
3.24782e-48
7.28934e-48
3.3696e-48
9.9701e-47
-3.29011e-48
3.69657e-46
-7.11831e-48
2.90174e-46
1.4296e-48
-3.6961e-46
2.91646e-48
-1.6191e-46
-3.69259e-48
2.73219e-46
-7.76264e-49
-3.56588e-46
2.89899e-48
-9.49102e-47
-2.99487e-47
-8.73775e-38
1.77369e-38
-1.02524e-38
-1.76968e-39
-1.14493e-39
-3.47926e-40
-1.19887e-40
-4.14707e-41
-1.20435e-41
-4.18984e-42
-1.15002e-42
-3.8951e-43
-1.05835e-43
-3.2632e-44
-9.34677e-45
-4.65096e-45
-7.73933e-46
-2.52165e-45
-4.75837e-47
-6.46446e-46
-3.18033e-49
-1.56241e-46
3.90622e-49
-2.89413e-47
-1.97155e-48
-1.29717e-47
-8.68588e-48
-5.14534e-47
-3.04962e-47
-2.82101e-46
-2.36708e-47
-1.10259e-45
6.45139e-47
-3.94418e-45
1.0536e-46
-1.14591e-45
8.77264e-48
6.04453e-45
-7.08515e-47
5.15058e-45
-3.03694e-47
1.03486e-45
3.18401e-47
-1.00391e-45
2.0529e-47
1.86312e-45
-3.07446e-47
2.62135e-45
-5.01257e-47
1.92399e-45
3.26792e-48
-1.58554e-45
1.42937e-47
-1.58001e-45
-3.19594e-47
2.03945e-45
3.84121e-49
-2.81503e-45
3.44313e-47
-6.91029e-46
4.2495e-47
1.05098e-46
4.45315e-47
1.22893e-45
-4.38444e-47
4.58189e-45
-9.50504e-47
3.59297e-45
1.70139e-47
-4.62334e-45
3.72419e-47
-2.08547e-45
-4.69696e-47
3.13424e-45
-6.72873e-48
-4.4953e-45
3.75643e-47
-1.14046e-45
-1.9207e-46
8.73732e-38
2.08665e-38
1.02517e-38
6.29727e-41
1.14482e-39
-9.25527e-41
1.19874e-40
-1.33133e-41
1.20426e-41
-1.38762e-42
1.14933e-42
-8.11927e-44
1.04845e-43
1.68418e-44
9.01515e-45
-2.09722e-44
1.05511e-45
-2.74427e-44
2.91967e-46
-7.46783e-45
6.73868e-47
-1.82659e-45
1.04571e-47
-3.37304e-46
-2.46401e-47
-1.50775e-46
-1.10948e-46
-6.02535e-46
-3.92837e-46
-3.33212e-45
-3.0694e-46
-1.31409e-44
8.29784e-46
-4.75101e-44
1.35703e-45
-1.39129e-44
1.10041e-46
7.27404e-44
-9.2165e-46
6.1824e-44
-4.179e-46
1.20481e-44
3.90425e-46
-1.31253e-44
2.86251e-46
1.91804e-44
-3.70193e-46
3.06144e-44
-6.43958e-46
2.2891e-44
2.59608e-47
-1.93871e-44
1.91884e-46
-1.97015e-44
-3.70375e-46
2.24141e-44
1.05585e-47
-3.16343e-44
4.23153e-46
-7.62272e-45
5.40064e-46
1.42155e-45
5.71716e-46
1.46574e-44
-5.67492e-46
5.50574e-44
-1.23222e-45
4.3108e-44
1.96079e-46
-5.61082e-44
4.62515e-46
-2.59575e-44
-5.80661e-46
3.48701e-44
-4.26971e-47
-5.49206e-44
4.72928e-46
-1.32618e-44
-2.46853e-46
1.06777e-37
2.28669e-38
1.25963e-38
2.12185e-39
1.41201e-39
2.02474e-40
1.48392e-40
1.91554e-41
1.49556e-41
2.11068e-42
1.4251e-42
7.85538e-43
1.20749e-43
3.46481e-43
7.88115e-45
-2.28423e-43
4.23952e-45
-3.13855e-43
2.88538e-45
-8.46793e-44
7.69128e-46
-2.05133e-44
1.23295e-46
-3.75142e-45
-3.00668e-46
-1.66541e-45
-1.36133e-45
-6.7093e-45
-4.86273e-45
-3.74661e-44
-3.82689e-45
-1.49359e-43
1.02486e-44
-5.461e-43
1.67877e-44
-1.61237e-43
1.32417e-45
8.35215e-43
-1.15154e-44
7.08028e-43
-5.50552e-45
1.33533e-43
4.58502e-45
-1.62981e-43
3.82299e-45
1.81389e-43
-4.25057e-45
3.4069e-43
-7.94413e-45
2.59826e-43
1.17784e-46
-2.26188e-43
2.47306e-45
-2.34245e-43
-4.05785e-45
2.31558e-43
1.99992e-46
-3.36036e-43
4.97697e-45
-7.9436e-44
6.59388e-45
1.81003e-44
7.0589e-45
1.6673e-43
-7.04784e-45
6.3143e-43
-1.53432e-44
4.94191e-43
2.13465e-45
-6.49592e-43
5.50554e-45
-3.08e-43
-6.87627e-45
3.6626e-43
2.68069e-47
-6.40133e-43
5.70697e-45
-1.46653e-43
2.22536e-44
2.34044e-38
1.42635e-38
2.83841e-39
1.57885e-39
3.24323e-40
1.60042e-40
3.48265e-41
1.09117e-41
3.64432e-42
4.4402e-42
2.73736e-43
6.99339e-42
-1.01442e-43
3.69528e-42
-4.20082e-44
-2.56706e-42
3.94478e-44
-3.49245e-42
3.36513e-44
-9.28974e-43
9.05642e-45
-2.22193e-43
1.45058e-45
-4.01379e-44
-3.54498e-45
-1.76679e-44
-1.61777e-44
-7.18771e-44
-5.84192e-44
-4.06248e-43
-4.64174e-44
-1.64105e-42
1.22591e-43
-6.08689e-42
2.01297e-43
-1.81559e-42
1.54211e-44
9.29782e-42
-1.3939e-43
7.85755e-42
-6.96483e-44
1.43062e-42
5.24669e-44
-1.94554e-42
4.91788e-44
1.62157e-42
-4.71819e-44
3.68106e-42
-9.49482e-44
2.86299e-42
-7.17545e-46
-2.55686e-42
3.08868e-44
-2.69073e-42
-4.2836e-44
2.32251e-42
3.15763e-45
-3.46617e-42
5.67942e-44
-7.99708e-43
7.81212e-44
2.17574e-43
8.46268e-44
1.83201e-42
-8.47217e-44
7.01672e-42
-1.84934e-43
5.48499e-42
2.27053e-44
-7.29652e-42
6.3808e-44
-3.52854e-42
-7.91243e-44
3.744e-42
6.43032e-45
-7.22828e-42
6.67184e-44
-1.56689e-42
5.07822e-43
3.01614e-39
8.66544e-39
3.37096e-40
1.09322e-39
3.46486e-41
5.64688e-41
5.26269e-42
-5.05999e-41
1.54753e-42
3.0652e-41
-7.53694e-43
7.18651e-41
-1.51285e-42
3.8554e-41
-5.04079e-43
-2.70673e-41
4.52306e-43
-3.66175e-41
3.8452e-43
-9.596e-42
1.02363e-43
-2.25972e-42
1.62917e-44
-4.02495e-43
-3.973e-44
-1.75366e-43
-1.83077e-43
-7.2186e-43
-6.69035e-43
-4.13661e-42
-5.3848e-43
-1.69848e-41
1.38919e-42
-6.39493e-41
2.29012e-42
-1.92736e-41
1.70072e-43
9.75461e-41
-1.60111e-42
8.21813e-41
-8.31775e-43
1.43977e-41
5.73497e-43
-2.18499e-41
6.04341e-43
1.24843e-41
-4.88823e-43
3.74105e-41
-1.07409e-42
2.97232e-41
-3.00277e-44
-2.72453e-41
3.68368e-43
-2.91359e-41
-4.18518e-43
2.13883e-41
4.49112e-44
-3.31709e-41
6.13741e-43
-7.46977e-42
8.8192e-43
2.45088e-42
9.69712e-43
1.89652e-41
-9.60853e-43
7.35225e-41
-2.1114e-42
5.75102e-41
2.29428e-43
-7.72171e-41
7.03442e-43
-3.80946e-41
-8.62287e-43
3.54491e-41
1.41404e-43
-7.69234e-41
7.34679e-43
-1.56886e-41
8.34562e-42
-8.94456e-39
5.6697e-39
-1.2537e-39
8.82816e-40
-1.61035e-40
-5.93501e-40
2.67762e-42
-6.44914e-40
1.17114e-41
3.00126e-40
-8.70931e-42
7.31134e-40
-1.65099e-41
3.91847e-40
-5.3529e-42
-2.77618e-40
5.10354e-42
-3.72956e-40
4.27021e-42
-9.5784e-41
1.11987e-42
-2.21228e-41
1.76795e-43
-3.87016e-42
-4.2997e-43
-1.66508e-42
-2.0055e-42
-6.95374e-42
-7.44594e-42
-4.05603e-41
-6.13688e-42
-1.69945e-40
1.50171e-41
-6.53127e-40
2.49797e-41
-1.99566e-40
1.79184e-42
9.94604e-40
-1.76227e-41
8.34599e-40
-9.31752e-42
1.40121e-40
6.27173e-42
-2.36549e-40
7.2095e-42
8.73688e-41
-4.75829e-42
3.7061e-40
-1.15682e-41
3.00565e-40
-3.93057e-43
-2.81936e-40
4.28673e-42
-3.05265e-40
-3.93163e-42
1.93601e-40
5.82483e-43
-3.10828e-40
6.44495e-42
-6.76614e-41
9.67121e-42
2.60816e-41
1.08495e-41
1.89572e-40
-1.02966e-41
7.47942e-40
-2.29422e-41
5.84654e-40
2.49276e-42
-7.95168e-40
7.62635e-42
-3.97506e-40
-9.1176e-42
3.30829e-40
2.04526e-42
-7.94931e-40
7.6538e-42
-1.51779e-40
1.1234e-40
-4.74716e-38
-1.33439e-39
-6.39203e-39
1.33262e-39
-7.76261e-40
-6.39176e-39
1.30465e-40
-6.16287e-39
1.30183e-40
2.81857e-39
-8.45597e-41
6.8699e-39
-1.61673e-40
3.67219e-39
-4.88248e-41
-2.62548e-39
5.50963e-41
-3.50231e-39
4.4702e-41
-8.80702e-40
1.15154e-41
-1.98452e-40
1.79837e-42
-3.39926e-41
-4.3601e-42
-1.43974e-41
-2.0656e-41
-6.1211e-41
-7.81438e-41
-3.64491e-40
-6.75221e-41
-1.56728e-39
1.44551e-40
-6.15042e-39
2.46216e-40
-1.90482e-39
1.69367e-41
9.34823e-39
-1.7545e-40
7.81429e-39
-9.07361e-41
1.25107e-39
6.86761e-41
-2.3629e-39
8.28853e-41
3.83004e-40
-3.75758e-41
3.37455e-39
-1.09788e-40
2.80033e-39
-7.19581e-43
-2.69066e-39
4.78365e-41
-2.95249e-39
-3.24966e-41
1.535e-39
7.01659e-42
-2.60841e-39
6.29562e-41
-5.50332e-40
9.98978e-41
2.55756e-40
1.16196e-40
1.74705e-39
-9.46588e-41
7.02077e-39
-2.20799e-40
5.50207e-39
3.08499e-41
-7.54361e-39
7.8889e-41
-3.82771e-39
-8.85068e-41
2.75922e-39
2.09856e-41
-7.57371e-39
6.78177e-41
-1.34007e-39
1.36223e-39
-1.02931e-38
2.49009e-38
-2.84664e-39
1.74321e-38
-5.58136e-41
-5.83248e-38
1.9892e-39
-5.6802e-38
1.28767e-39
2.60512e-38
-7.10425e-40
6.3196e-38
-1.35504e-39
3.36591e-38
-3.1048e-40
-2.43759e-38
6.04013e-40
-3.21862e-38
4.58631e-40
-7.84236e-39
1.14954e-40
-1.71373e-39
1.7692e-41
-2.85513e-40
-4.27217e-41
-1.18616e-40
-2.06649e-40
-5.15496e-40
-8.0478e-40
-3.15476e-39
-7.69348e-40
-1.40067e-38
1.14243e-39
-5.67544e-38
2.10498e-39
-1.79261e-38
1.35453e-40
8.60705e-38
-1.5185e-39
7.15381e-38
-6.4561e-40
1.08403e-38
8.5782e-40
-2.28968e-38
9.63933e-40
5.24531e-40
-1.49881e-40
3.02876e-38
-8.21815e-40
2.56598e-38
1.46802e-40
-2.51293e-38
5.41671e-40
-2.77904e-38
-2.54164e-40
1.25021e-38
7.89724e-41
-2.2012e-38
6.01432e-40
-4.40609e-39
1.01096e-39
2.36381e-39
1.25915e-39
1.55727e-38
-6.09126e-40
6.44319e-38
-1.70267e-39
5.05243e-38
5.31876e-40
-7.02679e-38
8.46229e-40
-3.57936e-38
-8.07257e-40
2.35732e-38
3.56315e-41
-7.06297e-38
4.03845e-40
-1.14813e-38
1.47601e-38
-3.48364e-39
2.46914e-37
-8.13977e-39
1.49466e-37
1.04035e-39
-4.70622e-37
1.25329e-38
-4.59707e-37
8.60986e-39
2.11087e-37
-3.11637e-39
5.10107e-37
-5.48203e-39
2.70624e-37
1.60085e-39
-1.98498e-37
6.60244e-39
-2.59526e-37
4.38288e-39
-6.12553e-38
1.05701e-39
-1.28547e-38
1.59124e-40
-2.07215e-39
-3.82396e-40
-8.39704e-40
-1.90593e-39
-3.75351e-39
-7.73059e-39
-2.37264e-38
-9.00127e-39
-1.0991e-37
2.63072e-39
-4.59439e-37
9.67106e-39
-1.47778e-37
4.79686e-40
6.94976e-37
-7.29247e-39
5.74676e-37
1.41026e-39
8.18496e-38
1.22763e-38
-1.95216e-37
1.13504e-38
-2.85578e-38
3.7204e-39
2.37411e-37
-3.70118e-40
2.06006e-37
5.477e-39
-2.05958e-37
6.14496e-39
-2.30051e-37
-1.38371e-39
7.99959e-38
8.2859e-40
-1.53787e-37
5.15787e-39
-2.95964e-38
9.50832e-39
1.9252e-38
1.36103e-38
1.21946e-37
3.11599e-39
5.19579e-37
-2.2255e-39
4.10277e-37
1.05964e-38
-5.73173e-37
9.19439e-39
-2.94311e-37
-5.62128e-39
1.66573e-37
-5.12109e-39
-5.77707e-37
-3.09056e-39
-8.48156e-38
1.43952e-37
7.23333e-38
1.99145e-36
5.62827e-38
1.23919e-36
9.71571e-39
-3.77627e-36
-1.16527e-38
-3.6972e-36
9.56033e-39
1.70309e-36
4.26753e-38
4.08098e-36
9.45514e-38
2.1537e-36
1.04532e-37
-1.61224e-36
7.89789e-38
-2.07326e-36
4.22301e-38
-4.62563e-37
9.55402e-39
-9.26334e-38
1.39377e-39
-1.43072e-38
-3.32775e-39
-5.63449e-39
-1.72989e-38
-2.60109e-38
-7.50922e-38
-1.71544e-37
-1.17295e-37
-8.34201e-37
-1.37174e-37
-3.69542e-36
-1.13548e-37
-1.22637e-36
-1.01663e-38
5.57464e-36
7.443e-38
4.56475e-36
1.69696e-37
6.01287e-37
2.03379e-37
-1.62835e-36
1.43995e-37
-3.39851e-37
1.29834e-37
1.87378e-36
1.43736e-37
1.65558e-36
1.37238e-37
-1.67492e-36
7.5785e-38
-1.86966e-36
-4.25378e-39
6.22606e-37
8.29565e-39
-1.17571e-36
4.39067e-38
-2.04717e-37
9.00504e-38
1.46109e-37
1.60549e-37
9.21158e-37
2.05145e-37
4.14459e-36
2.58505e-37
3.28946e-36
2.15768e-37
-4.66785e-36
1.14121e-37
-2.36458e-36
-1.79105e-38
1.34972e-36
-1.70074e-37
-4.69511e-36
-1.64532e-37
-6.16229e-37
1.25945e-36
2.16612e-36
1.1934e-35
2.83698e-36
7.61497e-36
7.73269e-38
-2.25949e-35
-2.44993e-36
-2.21722e-35
-1.20704e-36
1.02355e-35
1.65561e-36
2.43657e-35
3.41471e-36
1.27897e-35
2.45362e-36
-9.75248e-36
9.35491e-37
-1.236e-35
3.69183e-37
-2.61505e-36
7.61835e-38
-4.91678e-37
1.05682e-38
-7.22836e-38
-2.50291e-38
-2.74121e-38
-1.38777e-37
-1.32005e-37
-6.63543e-37
-9.13842e-37
-1.51365e-36
-4.74677e-36
-4.02971e-36
-2.21636e-35
-4.64154e-36
-7.54908e-36
-3.26481e-37
3.33334e-35
3.20837e-36
2.70755e-35
4.22867e-36
3.27446e-36
3.25991e-36
-1.01669e-35
1.80572e-36
-3.46219e-36
2.74297e-36
1.097e-35
3.84325e-36
9.89751e-36
2.6733e-36
-1.01576e-35
9.21348e-37
-1.13709e-35
9.09893e-38
2.85593e-36
7.60832e-38
-5.95277e-36
3.05222e-37
-9.96369e-37
7.70726e-37
8.38538e-37
1.88487e-36
5.2248e-36
4.84217e-36
2.47545e-35
7.19378e-36
2.00866e-35
3.82779e-36
-2.82202e-35
1.41422e-36
-1.42267e-35
5.14302e-37
7.28677e-36
-3.66496e-36
-2.84231e-35
-3.81811e-36
-3.27123e-36
8.78393e-36
3.71218e-35
7.17534e-35
5.34659e-35
4.90279e-35
6.08286e-37
-1.3653e-34
-5.00604e-35
-1.34429e-34
-2.60875e-35
6.26691e-35
2.9988e-35
1.45945e-34
6.11384e-35
7.59964e-35
3.97598e-35
-6.02852e-35
1.08642e-35
-7.38635e-35
3.27776e-36
-1.36125e-35
6.00708e-37
-2.42303e-36
7.86122e-38
-3.36414e-37
-1.84356e-37
-1.23886e-37
-1.10152e-36
-6.16511e-37
-5.96445e-36
-4.52183e-36
-1.85383e-35
-2.48398e-35
-6.91245e-35
-1.3439e-34
-8.49968e-35
-4.87246e-35
-5.35869e-36
2.01669e-34
5.90604e-35
1.59974e-34
7.03473e-35
1.67256e-35
4.65981e-35
-6.2476e-35
2.1462e-35
-5.21349e-35
4.27172e-35
6.68591e-35
6.49085e-35
6.08548e-35
4.12706e-35
-6.2395e-35
1.08251e-35
-6.82643e-35
1.5803e-36
-1.0049e-35
6.6174e-37
-5.94265e-36
2.16013e-36
-5.63701e-36
6.71628e-36
4.22804e-36
2.17311e-35
2.71657e-35
7.85907e-35
1.4776e-34
1.23096e-34
1.22787e-34
5.65554e-35
-1.75217e-34
1.71811e-35
-8.32596e-35
1.31077e-35
2.24728e-35
-5.97225e-35
-1.75338e-34
-6.26063e-35
-1.75954e-35
8.41563e-35
4.63129e-34
7.14326e-34
3.51901e-36
-6.91816e-34
-3.64954e-34
3.90414e-34
7.9027e-34
4.81355e-34
9.73403e-35
2.18695e-35
3.48529e-36
4.18531e-37
-9.70295e-37
-6.44608e-36
-4.03021e-35
-1.73276e-34
-8.68177e-34
-1.11656e-33
-5.99335e-35
7.74522e-34
8.70054e-34
5.2241e-34
1.97427e-34
5.06287e-34
8.15198e-34
4.86063e-34
9.78508e-35
2.0605e-35
4.50073e-36
8.29263e-36
4.38666e-35
1.94339e-34
9.5447e-34
1.56155e-33
6.36511e-34
1.58503e-34
2.12178e-34
-7.43139e-34
-7.82041e-34
)
;

boundaryField
{
    leftWall
    {
        type            calculated;
        value           nonuniform 0();
    }
    rightWall
    {
        type            calculated;
        value           uniform 0;
    }
    lowerWall
    {
        type            calculated;
        value           uniform 0;
    }
    atmosphere
    {
        type            calculated;
        value           nonuniform 0();
    }
    defaultFaces
    {
        type            empty;
        value           nonuniform 0();
    }
    procBoundary1to0
    {
        type            processor;
        value           nonuniform List<scalar> 
44
(
1.60492e-43
1.48625e-42
1.07079e-41
7.35139e-41
4.82729e-40
2.98422e-39
1.75083e-38
9.31049e-38
4.63564e-37
1.82187e-36
1.1866e-35
-5.27721e-36
-2.9755e-35
-2.25633e-36
1.3042e-35
-2.45753e-36
-2.84789e-35
-4.74232e-35
-1.42606e-36
4.72422e-35
4.53094e-34
-3.02366e-35
-4.92137e-36
-7.8882e-37
-9.78801e-38
-1.5872e-38
-3.84017e-38
-3.0085e-37
-2.42915e-36
-1.46033e-35
-8.99285e-35
-7.74871e-35
7.74871e-35
8.99297e-35
1.46311e-35
2.87887e-36
5.74538e-36
1.07225e-35
5.44868e-36
4.50158e-37
2.77793e-38
6.59692e-40
-3.61089e-39
-1.69113e-38
)
;
    }
    procBoundary1to3
    {
        type            processor;
        value           nonuniform List<scalar> 
45
(
6.67743e-39
4.96688e-38
3.362e-37
2.1778e-36
1.09219e-35
6.15906e-35
4.25189e-35
-1.17293e-34
-1.15545e-34
5.39491e-35
1.25207e-34
6.51201e-35
-5.19685e-35
-6.33463e-35
-1.14058e-35
-2.01267e-36
-2.7662e-37
-1.01375e-37
-5.07224e-37
-3.75863e-36
-2.08299e-35
-1.15513e-34
-4.22703e-35
1.73295e-34
1.36986e-34
1.44729e-35
-4.81838e-35
1.1364e-34
6.31333e-35
5.29537e-35
-5.32364e-35
-5.34702e-35
1.44694e-34
-1.58077e-34
-9.90476e-36
3.09188e-36
2.3228e-35
1.32408e-34
1.10439e-34
-1.44943e-34
-6.50528e-35
1.79016e-34
-1.45977e-34
-1.94767e-35
-6.7394e-35
)
;
    }
}


// ************************************************************************* //
