/*--------------------------------*- C++ -*----------------------------------*\
| =========                 |                                                 |
| \\      /  F ield         | OpenFOAM: The Open Source CFD Toolbox           |
|  \\    /   O peration     | Version:  2.4.0                                 |
|   \\  /    A nd           | Web:      www.OpenFOAM.org                      |
|    \\/     M anipulation  |                                                 |
\*---------------------------------------------------------------------------*/
FoamFile
{
    version     2.0;
    format      ascii;
    class       surfaceScalarField;
    location    "0.05";
    object      phi;
}
// * * * * * * * * * * * * * * * * * * * * * * * * * * * * * * * * * * * * * //

dimensions      [0 3 -1 0 0 0 0];

internalField   nonuniform List<scalar> 
3782
(
-3.30586e-45
6.6835e-42
-3.37789e-45
9.17147e-44
-2.15096e-45
7.50751e-45
-4.85472e-44
2.01149e-46
-4.16013e-42
3.46937e-45
-6.24278e-41
-1.67509e-42
-5.55321e-39
-4.01655e-40
-9.44321e-39
-7.40039e-38
-3.8075e-37
-1.86227e-35
-2.94248e-36
-6.88203e-38
-1.4667e-36
4.907e-37
-1.30647e-33
-1.47904e-38
1.33188e-33
-9.92656e-37
1.62549e-36
4.28957e-39
3.0202e-36
5.00798e-37
3.98137e-37
5.29811e-39
4.44595e-37
-4.52028e-41
2.94599e-36
-5.54147e-39
-2.22355e-36
-5.60413e-37
1.50252e-33
5.98673e-37
-3.07245e-33
1.72101e-36
-4.44237e-36
-5.86389e-37
-9.76191e-36
-1.75765e-36
1.6026e-33
6.24307e-37
-3.27126e-33
1.82775e-36
-5.65916e-36
-1.25186e-36
1.68081e-33
-1.22662e-36
-1.7092e-33
6.10979e-37
1.73313e-33
-9.34126e-38
-1.7645e-33
-2.60469e-35
-2.62581e-36
-1.15573e-37
-3.99511e-36
-6.63054e-37
-5.20643e-37
-7.01548e-39
-6.141e-39
-5.04201e-40
-6.37555e-39
4.26358e-43
-5.80206e-37
5.62014e-40
-3.88631e-36
7.31228e-39
2.88938e-36
7.38522e-37
-1.97991e-33
-7.82782e-37
4.03309e-33
-2.26233e-36
9.9377e-36
7.58854e-37
9.72787e-36
1.52208e-36
1.55731e-38
4.12307e-40
-2.10925e-43
6.05744e-39
-4.51261e-42
3.99435e-37
-2.93379e-40
-4.01071e-39
3.10935e-36
5.05338e-42
-2.13683e-43
7.73578e-41
-4.57461e-42
4.30386e-39
-2.96967e-40
-4.0619e-39
3.48074e-38
4.2321e-43
-9.76886e-46
5.40741e-42
-6.50116e-44
2.93241e-40
-3.88868e-42
-5.47961e-41
7.4566e-40
5.23951e-45
4.6559e-44
6.85895e-44
4.24857e-44
3.31259e-42
-3.03996e-43
-3.65243e-42
7.27258e-42
-8.15268e-46
4.01283e-42
-2.66298e-45
4.0752e-42
1.45907e-43
6.93545e-44
-4.20187e-44
2.89941e-43
-9.16056e-43
5.90602e-41
-1.43535e-43
6.00438e-41
-6.26601e-44
1.1145e-42
7.42311e-44
1.89549e-45
-2.09854e-40
5.26482e-39
-1.49094e-41
5.3378e-39
-5.70325e-42
8.27758e-41
5.81815e-42
-1.12374e-43
-3.76239e-38
5.14528e-39
-7.35627e-40
5.2773e-39
-8.42326e-41
8.16562e-41
5.74434e-42
-1.64061e-42
-9.48383e-38
-1.04732e-38
-6.56747e-38
-5.65558e-39
-7.80878e-39
-8.74488e-41
-6.01531e-42
-1.28419e-40
-3.26205e-38
-4.73567e-38
-6.42319e-40
-6.03816e-39
-7.79537e-41
-9.05715e-41
-6.08381e-42
-1.5242e-42
4.72356e-37
-3.29261e-36
7.31624e-39
-2.49038e-38
5.08305e-40
-1.46112e-40
-1.16902e-43
8.37788e-42
-1.42472e-38
-3.19198e-36
-2.37225e-40
-2.40296e-38
-1.64227e-41
-1.39998e-40
-3.88501e-44
-2.84654e-43
-9.55193e-37
3.38382e-36
-1.48208e-38
2.55008e-38
-1.03927e-39
1.48821e-40
5.65642e-44
-1.71687e-41
4.11227e-39
3.35796e-36
4.80753e-41
2.53657e-38
3.63239e-42
1.4833e-40
6.25516e-44
4.72632e-44
4.81898e-37
4.31128e-38
7.47656e-39
7.2869e-40
5.24196e-40
8.17308e-42
2.81374e-43
8.65917e-42
5.11385e-39
5.43768e-39
9.53579e-41
3.85994e-40
6.42032e-42
5.91177e-42
2.7651e-43
1.19025e-43
-4.35966e-41
6.05569e-39
-7.73108e-43
4.29906e-40
-6.29661e-44
6.57073e-42
3.07536e-43
-1.11684e-45
-5.34896e-39
4.23468e-38
-1.00021e-40
3.65019e-40
-6.62439e-42
2.20737e-42
-1.10809e-44
-1.2318e-43
-5.39243e-37
3.74536e-36
-8.34606e-39
2.74092e-38
-5.85388e-40
1.51354e-40
-5.87172e-43
-9.65359e-42
5.76116e-37
-2.26472e-37
8.97595e-39
-2.64062e-39
6.288e-40
-2.44784e-41
-6.52062e-43
1.04176e-41
1.65606e-36
-1.16239e-35
2.56944e-38
-8.80814e-38
1.80166e-39
-5.18399e-40
-4.87579e-43
2.97624e-41
-5.64258e-37
-7.74275e-36
-8.7551e-39
-5.9274e-38
-6.13814e-40
-3.5497e-40
-7.77567e-43
-1.01401e-41
-1.69132e-36
3.89066e-36
-2.62381e-38
2.71388e-38
-1.83963e-39
1.36143e-40
-1.57946e-42
-3.03869e-41
6.00746e-37
-2.38726e-37
9.32144e-39
-3.15712e-39
6.53423e-40
-3.19487e-41
-9.8599e-43
1.07946e-41
1.75875e-36
-1.23369e-35
2.72665e-38
-9.34265e-38
1.91215e-39
-5.49688e-40
-5.24665e-43
3.15704e-41
-1.2046e-36
-4.04708e-36
-1.8671e-38
-3.10439e-38
-1.30958e-39
-1.86101e-40
-3.98056e-43
-2.16184e-41
-1.18035e-36
4.07855e-36
-1.83337e-38
2.98945e-38
-1.28525e-39
1.66172e-40
-5.12378e-43
-2.12482e-41
5.88136e-37
4.08909e-38
9.06987e-39
7.11847e-39
6.29972e-40
1.06807e-40
7.662e-42
1.03493e-41
-4.16605e-38
-4.3666e-38
-8.25084e-40
7.07461e-39
-1.05569e-40
1.13516e-40
8.20724e-42
-2.06971e-42
5.10291e-37
-4.51524e-36
-8.41971e-38
-4.20616e-38
-1.05003e-38
-3.23489e-40
-8.67831e-42
-1.72631e-40
-6.30221e-38
-4.45315e-36
-1.19544e-39
-4.16728e-38
-1.30676e-40
-3.22244e-40
-8.77719e-42
-2.51591e-42
-6.37778e-37
-5.71276e-38
-9.9128e-39
-1.05289e-39
-7.01784e-40
-1.24677e-41
-4.84177e-43
-1.16198e-41
-6.7705e-39
-7.10131e-39
-1.26451e-40
-5.09757e-40
-8.59424e-42
-7.81041e-42
-3.69179e-43
-1.59682e-43
-4.86421e-40
-9.96127e-41
-8.76188e-42
-7.21154e-42
-7.14297e-43
-1.23814e-43
-5.6645e-45
-1.28343e-44
4.12348e-43
-1.03742e-40
8.50043e-45
-7.31989e-42
6.00963e-46
-1.25809e-43
-5.67972e-45
1.19589e-47
5.42172e-40
-7.88791e-39
9.74187e-42
-5.60007e-40
7.90622e-43
-8.54693e-42
-4.00213e-43
1.41726e-44
7.05826e-39
-5.58595e-38
1.31989e-40
-4.85112e-40
8.7442e-42
-2.97114e-42
1.16867e-44
1.62602e-43
7.10624e-37
-4.93582e-36
1.09988e-38
-3.61296e-38
7.71446e-40
-1.99596e-40
7.67558e-43
1.2722e-41
-7.53288e-37
2.57549e-37
-1.17365e-38
3.16851e-39
-8.22186e-40
3.04304e-41
8.57561e-43
-1.36217e-41
-2.17695e-36
1.52443e-35
-3.37778e-38
1.16043e-37
-2.36857e-39
6.88506e-40
1.06161e-42
-3.91286e-41
7.30191e-37
1.02212e-35
1.13058e-38
7.83024e-38
7.93182e-40
4.68934e-40
1.00355e-42
1.30839e-41
1.46466e-36
1.38525e-37
2.27488e-38
2.7705e-39
1.59469e-39
3.33766e-41
1.25424e-42
2.63628e-41
1.50321e-38
2.81084e-40
1.8821e-41
3.49923e-43
4.35752e-36
-3.21436e-37
1.13024e-33
-3.13985e-37
4.83142e-39
6.39726e-37
-1.12987e-33
6.39455e-37
-1.07167e-36
-3.17999e-37
1.4531e-36
-6.43185e-37
1.13308e-33
-3.21998e-37
4.6526e-36
3.17725e-37
3.20882e-36
3.21726e-37
3.76605e-37
4.00146e-39
4.8163e-39
2.74485e-40
3.00522e-40
3.53233e-42
-6.08868e-40
4.66115e-43
-9.32477e-39
6.90274e-42
-7.48396e-37
5.45443e-40
-6.04135e-36
7.72858e-39
-6.10088e-36
6.39455e-37
-2.26187e-33
3.13994e-37
1.12735e-33
-9.58e-37
2.89682e-36
-6.4719e-37
1.13591e-33
-4.07876e-39
5.39657e-36
3.52933e-37
6.4269e-36
3.70902e-37
5.0388e-36
-2.8597e-37
1.13346e-33
-3.17526e-37
4.6533e-36
3.182e-37
3.20919e-36
3.53288e-37
3.85477e-37
2.51534e-38
5.48571e-39
-2.08776e-38
5.51628e-39
-3.1561e-38
7.52926e-37
-7.43326e-40
6.41865e-36
-7.60844e-39
8.95178e-36
-5.78911e-37
2.26443e-33
1.39709e-35
1.03134e-35
1.01475e-36
-1.12414e-33
3.5815e-37
2.25369e-33
-2.49627e-37
-2.26078e-33
9.82377e-37
-6.01604e-36
-2.73869e-38
-6.76333e-37
2.28087e-36
-3.24847e-37
4.46954e-36
-3.173e-37
6.16647e-41
6.46507e-37
-4.46548e-36
6.46232e-37
-2.24471e-36
-3.21366e-37
2.24882e-36
-6.50011e-37
4.50146e-36
-3.25415e-37
2.28467e-36
3.21088e-37
3.59685e-38
3.25141e-37
4.05244e-39
4.05253e-39
6.14844e-41
2.77833e-40
3.66066e-42
3.58082e-42
-7.42873e-42
4.72233e-43
-1.19208e-40
6.9976e-42
-8.04345e-39
5.5209e-40
-6.78883e-38
7.82738e-39
-4.53343e-36
6.46232e-37
-6.72223e-36
3.1731e-37
-2.79866e-38
-9.68151e-37
4.49746e-36
-6.54067e-37
4.5289e-36
-4.32117e-39
2.28824e-36
3.25037e-37
7.64752e-38
3.57741e-37
2.29331e-36
-3.20637e-37
4.50557e-36
-3.21078e-37
2.28026e-36
3.21379e-37
3.6025e-38
3.25587e-37
1.30061e-38
3.99802e-38
1.21612e-40
-3.565e-38
-4.35012e-39
-4.45819e-40
7.99166e-39
-5.63774e-40
6.72922e-38
-7.89975e-39
4.56098e-36
-6.17465e-37
8.9875e-36
-5.84992e-37
2.34863e-36
9.92889e-37
5.95393e-38
3.30126e-37
2.16945e-36
-2.69324e-37
-4.46841e-36
9.6132e-37
-4.51247e-36
3.60023e-39
-6.66774e-37
1.25201e-38
-3.65592e-39
2.39226e-38
-3.55407e-39
4.26046e-42
7.26869e-39
-2.36447e-38
7.26512e-39
-1.17752e-38
-3.60885e-39
1.20569e-38
-7.31615e-39
2.43753e-38
-3.66342e-39
1.27788e-38
3.60523e-39
7.30044e-40
3.65984e-39
2.77501e-40
5.46135e-41
4.24427e-42
3.6297e-42
3.07639e-43
5.2434e-44
-6.23991e-43
6.64646e-45
-8.17278e-42
1.02551e-43
-5.50762e-40
7.20705e-42
-1.1829e-39
1.05599e-40
-2.48315e-38
7.26511e-39
-3.62445e-38
3.55419e-39
-1.8326e-40
-1.08812e-38
2.41049e-38
-7.37078e-39
2.47811e-38
-5.47339e-41
1.32793e-38
3.70314e-39
1.5146e-39
7.85561e-39
1.31118e-38
-3.55466e-39
2.46568e-38
-3.60167e-39
1.27332e-38
3.61242e-39
7.31077e-40
3.70694e-39
3.78058e-40
4.25086e-39
5.53765e-42
-4.19262e-39
-4.5388e-41
-4.70973e-41
4.96124e-40
-1.06226e-41
-3.1861e-39
-9.94791e-41
2.07072e-38
-6.85315e-39
5.37097e-38
3.01229e-38
1.82809e-38
1.12422e-38
9.21216e-40
3.77839e-39
1.1565e-38
8.49327e-40
-2.43707e-38
1.08299e-38
-2.54421e-38
1.40908e-41
-1.1246e-38
5.31364e-41
-2.48021e-40
9.72679e-41
-2.41474e-40
5.40383e-44
4.93454e-40
-9.41273e-41
4.93173e-40
-4.59311e-41
-2.45076e-40
4.91204e-41
-4.96479e-40
1.01172e-40
-2.48659e-40
5.60539e-41
2.44791e-40
7.0373e-42
2.48378e-40
3.13535e-42
3.58736e-42
5.38405e-44
2.85192e-43
3.77682e-45
3.99048e-45
-7.6708e-45
5.35348e-46
-1.03795e-43
7.79462e-45
-6.21691e-42
5.664e-43
-1.09431e-41
6.8897e-42
-1.0512e-40
4.93172e-40
-1.49365e-40
2.41484e-40
-8.74306e-43
-7.38815e-40
9.8087e-41
-5.0007e-40
1.01668e-40
-3.82427e-42
5.88569e-41
2.48503e-40
1.75424e-41
2.94261e-40
6.2703e-41
-2.44095e-40
1.04362e-40
-2.44741e-40
5.27055e-41
2.45128e-40
7.08737e-42
2.49029e-40
9.96347e-42
5.20809e-41
1.06947e-43
-4.82085e-41
-3.35036e-42
-6.48821e-43
5.44117e-42
-5.73153e-43
-3.8232e-41
-3.5701e-42
5.76405e-41
-4.44653e-40
2.59215e-40
3.86637e-39
1.12724e-40
7.8381e-40
5.28129e-42
2.56548e-40
5.00527e-41
-1.82055e-40
-9.66231e-41
7.33149e-40
-1.1633e-40
3.26441e-42
-5.28576e-40
-4.92448e-44
-2.89908e-42
-3.86035e-43
-2.81316e-42
2.33958e-45
5.76422e-42
5.2714e-43
5.76065e-42
3.34003e-43
-2.86039e-42
-1.9082e-43
-5.80414e-42
-2.49581e-43
-2.9074e-42
8.19019e-44
2.85677e-42
2.77203e-43
2.90383e-42
1.40849e-43
4.70551e-44
2.3303e-45
3.62242e-45
1.73003e-46
5.52704e-47
-3.51148e-46
7.13248e-48
-4.4828e-45
1.08051e-46
-2.7937e-43
7.18966e-45
-4.13731e-43
9.04902e-44
1.11252e-43
5.76065e-42
4.42897e-43
2.81328e-42
-3.46507e-47
-8.62823e-42
-3.86779e-43
-5.8512e-42
-1.51352e-43
-4.70991e-44
3.21426e-43
2.93877e-42
5.96581e-43
5.98216e-42
2.65657e-43
-2.81458e-42
-1.06524e-43
-2.85314e-42
4.46623e-44
2.86403e-42
2.7799e-43
2.94249e-42
2.20547e-43
3.12669e-42
3.23593e-45
-3.07602e-42
-3.9032e-44
-3.86289e-44
2.29697e-43
-1.00786e-44
-2.99423e-42
-4.42549e-44
-3.46789e-42
-5.09126e-42
3.28094e-42
4.47438e-41
3.8638e-42
9.25436e-42
2.88795e-43
3.04655e-42
-1.44877e-43
4.43179e-43
1.87084e-43
8.58376e-42
-3.3451e-43
1.84212e-44
-8.66204e-42
-2.53881e-45
-1.25118e-43
-8.10409e-45
-1.22856e-43
2.94611e-47
2.51591e-43
9.7395e-45
2.51432e-43
5.70496e-45
-1.2489e-43
-4.04171e-45
-2.53244e-43
-6.5608e-45
-1.26858e-43
-9.23985e-46
1.24729e-43
3.17435e-45
1.267e-43
1.6338e-45
1.97071e-45
2.94118e-47
1.60527e-46
2.10395e-48
2.35433e-48
-4.27509e-48
3.06576e-49
-5.66567e-47
4.6018e-48
-3.23822e-45
3.18704e-46
-4.71704e-45
3.78099e-45
4.99514e-45
2.51431e-43
1.05975e-44
1.22917e-43
3.4391e-47
-3.7664e-43
-8.16753e-45
-2.55217e-43
-6.75587e-45
-2.08457e-45
5.74478e-46
1.26949e-43
8.11784e-45
1.62455e-43
2.50413e-45
-1.24159e-43
-4.89745e-45
-1.24682e-43
-2.62774e-45
1.24939e-43
3.20184e-45
1.27226e-43
5.11338e-45
3.89688e-44
5.82207e-47
-3.68376e-44
-1.72831e-45
-5.23251e-46
2.56839e-45
-3.17262e-46
-3.51425e-44
-2.66915e-46
-4.4218e-44
-2.10001e-43
3.09938e-44
2.95213e-42
4.1894e-44
4.16155e-43
2.07427e-45
1.33075e-43
-2.09893e-45
-7.97056e-44
8.36169e-45
3.7371e-43
-1.45252e-45
1.72413e-45
-2.81409e-43
-7.85427e-45
9.16347e-44
-4.21114e-46
2.43804e-45
-3.97698e-48
3.02489e-45
3.56351e-46
2.97216e-45
2.05287e-46
-1.47452e-45
-1.51735e-46
-2.99397e-45
-2.54263e-46
-1.49991e-45
-5.14627e-47
1.47255e-45
1.02023e-46
1.49795e-45
5.26434e-47
2.53975e-47
9.09288e-49
1.99118e-48
6.56586e-50
3.12802e-50
-1.33329e-49
3.91484e-51
-1.75103e-48
6.11926e-50
-1.04378e-46
3.95113e-48
-1.51469e-46
4.88052e-47
2.04108e-46
2.97053e-45
4.05462e-46
1.44912e-45
1.48627e-48
-4.44903e-45
-3.05576e-46
-3.01937e-45
-2.24842e-46
-2.53763e-47
3.23749e-47
1.51707e-45
2.25495e-46
3.06463e-45
2.29958e-47
-1.44945e-45
-2.00748e-46
-1.47051e-45
-7.09723e-47
1.47659e-45
1.02419e-46
1.51907e-45
9.37268e-47
1.59241e-45
1.33771e-48
-1.56502e-45
-2.09204e-47
-2.10867e-47
7.67544e-47
-5.25605e-48
-1.60597e-45
-2.74428e-48
-1.93556e-45
-2.40962e-45
1.38111e-45
3.55843e-44
1.83681e-45
4.98668e-45
1.08205e-46
1.59649e-45
-1.23508e-46
2.1393e-46
2.40777e-46
4.42542e-45
3.00562e-47
1.05373e-47
-4.44395e-45
-9.26065e-44
9.17612e-44
-1.4552e-45
3.78895e-45
-5.67927e-47
1.45589e-46
3.29234e-48
9.55035e-47
2.35761e-48
-4.6605e-47
-1.76484e-48
-9.46115e-47
-2.96458e-48
-4.73956e-47
-6.13192e-49
4.6565e-47
1.17289e-48
4.73356e-47
6.06824e-49
7.70593e-49
1.12001e-50
6.09367e-50
7.77492e-52
9.20872e-52
-1.58023e-51
1.13358e-52
-2.15989e-50
1.80221e-51
-1.20246e-48
1.20954e-49
-1.73974e-48
1.48029e-48
2.3889e-48
9.39014e-47
4.72189e-48
4.58544e-47
1.83279e-50
-1.40648e-46
-3.56132e-48
-9.53832e-47
-3.04673e-48
-8.06186e-49
-6.02459e-50
4.75176e-47
3.00648e-48
6.57678e-47
6.64187e-49
-4.62611e-47
-2.34647e-48
-4.65391e-47
-1.24903e-48
4.66522e-47
1.18361e-48
4.7615e-47
1.90587e-48
1.96096e-47
2.226e-50
-1.87781e-47
-6.53917e-49
-2.78046e-49
8.40321e-49
-1.17437e-49
-1.90547e-47
5.24916e-49
-2.28478e-47
-7.09312e-47
1.63467e-47
1.53746e-45
2.12639e-47
1.62877e-46
8.68507e-49
5.05367e-47
-1.01296e-48
-2.44915e-47
3.6357e-48
1.39572e-46
-1.7804e-50
6.2203e-49
-1.10036e-46
-7.55966e-42
-9.60993e-44
-1.05914e-43
-3.96774e-45
-4.31071e-45
-5.2272e-47
-5.89506e-47
-5.49552e-49
-1.7418e-48
-5.64641e-49
-6.73138e-50
-1.10397e-48
-7.37197e-50
-5.52803e-49
-1.51892e-50
5.42451e-49
2.88578e-50
5.52078e-49
1.49122e-50
9.62656e-51
2.64513e-52
7.30392e-52
1.80932e-53
1.16679e-53
-3.67524e-53
1.379e-54
-5.10399e-52
2.28539e-53
-2.95602e-50
1.44913e-51
-4.2822e-50
1.85232e-50
5.89768e-50
1.09454e-48
1.16507e-49
5.33543e-49
4.46203e-52
-1.63917e-48
-8.77043e-50
-1.11308e-48
-6.66308e-50
-9.59355e-51
6.8114e-51
5.59671e-49
6.55469e-50
1.13678e-48
7.69353e-51
-5.33397e-49
-5.79812e-50
-5.41675e-49
-2.24456e-50
5.43957e-49
2.90012e-50
5.6038e-49
3.00459e-50
5.94185e-49
4.12829e-52
-5.83828e-49
-7.87938e-51
-8.2842e-51
1.86784e-50
-1.8155e-51
-6.18462e-49
6.80406e-51
-7.10097e-49
-7.91969e-49
5.49603e-49
1.85455e-47
6.81297e-49
1.93292e-48
3.18677e-50
5.97547e-49
-3.34451e-50
8.78884e-50
7.28302e-50
1.63045e-48
7.93283e-51
3.78224e-51
-1.64434e-48
-8.8064e-44
-9.71613e-44
-1.3836e-45
-4.01006e-45
-5.48074e-47
-5.39745e-47
-8.17235e-49
-1.63712e-48
-2.36017e-50
-3.49266e-50
-8.31459e-52
-2.73048e-50
-8.28773e-52
-1.34216e-50
-1.70889e-52
1.31734e-50
3.23431e-52
1.33985e-50
1.67464e-52
2.24996e-52
3.13364e-54
1.67894e-53
2.05648e-55
2.58842e-55
-4.18035e-55
2.95947e-56
-6.05527e-54
5.07357e-55
-3.31798e-52
3.33204e-53
-4.7961e-52
4.33213e-52
6.62082e-52
2.65722e-50
1.30683e-51
1.2965e-50
5.2102e-54
-3.97958e-50
-9.85515e-52
-2.70058e-50
-8.48312e-52
-2.32552e-52
-2.27286e-53
1.34796e-50
8.3374e-52
2.01921e-50
1.8644e-52
-1.30588e-50
-6.50136e-52
-1.31641e-50
-3.50719e-52
1.31998e-50
3.26556e-52
1.35042e-50
5.34957e-52
7.11239e-51
6.29648e-54
-6.87061e-51
-1.87467e-52
-1.0524e-52
1.94356e-52
-3.11488e-53
-7.23964e-51
3.33614e-52
-8.25394e-51
-1.74997e-50
6.45165e-51
5.82336e-49
7.84204e-51
4.86536e-50
2.72154e-52
1.45385e-50
-2.72977e-52
-5.3098e-51
1.01518e-51
3.95028e-50
-7.00923e-54
1.61121e-52
-3.26781e-50
3.37684e-43
7.79008e-45
4.63223e-45
3.28846e-46
1.39659e-46
4.35304e-48
1.84681e-48
1.01609e-49
4.37481e-50
1.09147e-51
5.41701e-52
-2.80023e-52
-5.43098e-54
-1.51482e-52
-3.20199e-54
1.48867e-52
6.3154e-54
1.51555e-52
3.26512e-54
2.69186e-54
5.89317e-56
1.92266e-55
3.75054e-57
3.09956e-57
-7.62e-57
3.3971e-58
-1.14e-55
6.08038e-57
-6.47132e-54
3.81437e-55
-9.36551e-54
5.19157e-54
1.29142e-53
3.0042e-52
2.5501e-53
1.4636e-52
1.00181e-55
-4.49857e-52
-1.92061e-53
-3.05615e-52
-1.50178e-53
-2.67394e-54
1.06708e-54
1.53825e-52
1.47621e-53
3.16929e-52
2.10854e-54
-1.46208e-52
-1.26907e-53
-1.48649e-52
-5.33617e-54
1.49268e-52
6.35224e-54
1.54002e-52
7.41791e-54
1.67914e-52
9.78498e-56
-1.6503e-52
-2.19181e-54
-2.44157e-54
3.27865e-54
-4.43966e-55
-1.78757e-52
4.10156e-54
-1.98056e-52
-1.85324e-52
1.62913e-52
6.88222e-51
1.92062e-52
5.62483e-52
7.35366e-54
1.66579e-52
-6.83226e-54
2.93566e-53
1.67879e-53
4.47511e-52
1.32404e-54
9.23933e-55
-4.56081e-52
-1.14202e-44
8.81926e-45
-1.63054e-46
3.68625e-46
-4.90056e-48
4.94561e-48
-6.70206e-50
1.19889e-49
-1.58481e-51
1.50189e-51
-2.06713e-53
2.34274e-53
-5.67456e-55
-2.58686e-54
-4.07078e-56
2.88641e-54
6.78377e-56
2.93123e-54
3.51806e-56
5.03567e-56
6.63035e-58
3.47883e-57
4.03848e-59
5.43475e-59
-8.20978e-59
5.69235e-60
-1.28445e-57
1.06708e-58
-6.97005e-56
6.90337e-57
-1.00689e-55
9.72349e-56
1.39067e-55
5.81203e-54
2.74438e-55
2.83388e-54
1.11609e-57
-8.70323e-54
-2.0702e-55
-5.90934e-54
-1.79818e-55
-5.14148e-56
-6.36486e-57
2.9563e-54
1.76671e-55
4.79646e-54
4.07839e-56
-2.84873e-54
-1.36528e-55
-2.87835e-54
-7.52649e-56
2.88677e-54
6.86115e-56
2.96089e-54
1.1554e-55
1.93049e-54
1.35612e-57
-1.87666e-54
-4.15097e-56
-2.95886e-56
3.12293e-56
-6.09348e-57
-2.029e-54
1.14997e-55
-2.23298e-54
-3.13749e-54
1.85444e-54
1.66369e-52
2.15378e-54
1.13301e-53
6.51007e-56
3.23279e-54
-5.50525e-56
-7.74276e-55
2.16441e-55
8.64291e-54
-3.12466e-57
3.04417e-56
-7.51861e-54
-6.98535e-43
-9.11885e-45
-9.60538e-45
-3.84999e-46
-2.92314e-46
-5.17177e-48
-3.87598e-48
-1.25771e-49
-9.26407e-50
-1.58038e-51
-1.17136e-51
-3.09148e-53
-2.26956e-53
-3.98529e-55
-2.71472e-55
2.52329e-56
-3.26712e-57
3.16523e-56
5.10378e-58
5.69664e-58
9.55281e-60
3.76187e-59
5.88801e-61
6.08679e-61
-1.21024e-60
6.09714e-62
-1.98013e-59
1.19627e-60
-1.10759e-57
7.46478e-59
-1.60163e-57
1.1035e-57
2.20982e-57
6.28663e-56
4.36255e-57
3.0614e-56
1.75087e-59
-9.41261e-56
-3.28752e-57
-6.39703e-56
-2.65046e-57
-5.64664e-58
1.0345e-58
3.22402e-56
2.60454e-57
6.78756e-56
4.41316e-58
-3.05503e-56
-2.17084e-57
-3.11033e-56
-9.92281e-58
3.12294e-56
1.08803e-57
3.22725e-56
1.42773e-57
3.66643e-56
1.80949e-59
-3.60561e-56
-4.6256e-58
-5.52874e-58
3.9067e-58
-7.89611e-59
-3.9707e-56
1.34339e-57
-4.28477e-56
-3.05094e-56
3.68342e-56
1.89839e-54
4.19006e-56
1.25958e-55
1.34774e-57
3.54082e-56
-1.07788e-57
7.75261e-57
3.0315e-57
9.36554e-56
1.48109e-58
1.5515e-58
-9.69603e-56
2.1181e-45
-9.00253e-45
2.34778e-47
-3.81051e-46
7.89979e-49
-5.12313e-48
8.5965e-51
-1.24552e-49
2.26702e-52
-1.56586e-51
2.39113e-54
-3.05602e-53
5.07284e-56
-3.6396e-55
5.08016e-58
-5.36727e-57
1.99331e-59
4.36005e-58
5.7862e-60
7.88229e-60
1.09001e-61
5.42956e-61
6.00813e-63
8.58878e-63
-1.21906e-62
8.23079e-64
-2.09339e-61
1.70994e-62
-1.12927e-59
1.09545e-60
-1.63051e-59
1.69797e-59
2.25265e-59
9.93785e-58
4.44483e-59
4.84283e-58
1.83846e-61
-1.48794e-57
-3.35405e-59
-1.01077e-57
-2.94973e-59
-8.84565e-60
-1.3899e-60
5.06985e-58
2.89753e-59
8.91719e-58
6.97521e-60
-4.85688e-58
-2.21118e-59
-4.92025e-58
-1.25535e-59
4.93539e-58
1.11206e-59
5.07625e-58
1.94371e-59
4.00619e-58
2.26017e-61
-3.91302e-58
-7.17657e-60
-6.32892e-60
3.13228e-60
-8.85464e-61
-4.31044e-58
2.71233e-59
-4.62251e-58
-3.89723e-58
4.00935e-58
3.66343e-56
4.50874e-58
2.08374e-57
1.21011e-59
5.62061e-58
-8.44251e-60
-5.97326e-59
3.57887e-59
1.47846e-57
-8.73921e-61
4.14518e-60
-1.3556e-57
3.52298e-43
4.27732e-45
4.84423e-45
1.30524e-46
1.47424e-46
1.70603e-48
1.95478e-48
4.12674e-50
4.67236e-50
5.17333e-52
5.9078e-52
1.01063e-53
1.1446e-53
1.1997e-55
1.36641e-55
1.94108e-57
2.19292e-57
2.6655e-59
2.45477e-59
3.8466e-61
3.31663e-61
8.57745e-63
3.48292e-63
1.24615e-64
-1.09289e-64
8.46003e-66
-2.69295e-63
1.77306e-64
-1.48938e-61
1.10557e-62
-2.15218e-61
1.80465e-61
2.97086e-61
1.01556e-59
5.86376e-61
4.94369e-60
2.39885e-63
-1.52034e-59
-4.4215e-61
-1.03361e-59
-3.68321e-61
-9.16893e-62
2.15321e-63
5.21766e-60
3.61852e-61
1.13049e-59
7.13047e-62
-4.92666e-60
-2.91763e-61
-5.02421e-60
-1.45172e-61
5.04379e-60
1.4645e-61
5.222e-60
2.15488e-61
6.25661e-60
2.63053e-63
-6.15802e-60
-7.51284e-62
-9.74857e-62
2.38523e-62
-1.02499e-62
-6.86927e-60
2.98509e-61
-7.26409e-60
-3.25457e-60
6.45557e-60
3.98695e-58
7.15192e-60
2.20186e-59
1.97841e-61
5.81197e-60
-1.31481e-61
1.60007e-60
4.31196e-61
1.51324e-59
8.2721e-63
1.67529e-62
-1.59967e-59
4.64411e-45
4.37866e-45
6.96034e-47
1.35115e-46
2.04143e-48
1.77546e-48
2.89791e-50
4.28794e-50
6.71059e-52
5.39388e-52
8.96844e-54
1.05205e-53
1.69246e-55
1.25249e-55
2.11413e-57
2.01867e-57
3.32276e-59
2.25695e-59
3.85457e-61
3.05711e-61
5.12614e-63
3.21099e-63
5.50424e-65
3.71852e-65
-7.61662e-67
4.3166e-67
-2.63834e-65
2.10881e-66
-1.41843e-63
1.34216e-64
-2.04712e-63
2.32226e-63
2.82884e-63
1.33496e-61
5.58114e-63
6.50217e-62
2.34333e-65
-1.99848e-61
-4.21315e-63
-1.35819e-61
-3.76561e-63
-1.19281e-63
-2.34234e-64
6.83254e-62
3.69838e-63
1.30434e-61
9.37201e-64
-6.50344e-62
-2.77643e-63
-6.60791e-62
-1.63655e-63
6.62886e-62
1.39765e-63
6.8392e-62
2.56084e-63
6.42968e-62
2.93799e-65
-6.30342e-62
-9.73307e-64
-1.04335e-63
8.72569e-65
-9.43458e-65
-7.04261e-62
4.69001e-63
-7.40515e-62
-2.74344e-62
6.63513e-62
6.29425e-60
7.28538e-62
3.04789e-61
1.76435e-63
7.68033e-62
-9.85306e-64
2.75504e-63
4.61548e-63
1.98714e-61
-1.70039e-64
3.82517e-64
-1.92522e-61
-4.66472e-47
4.86234e-45
-6.63246e-49
1.50149e-46
-1.97614e-50
1.97049e-48
-2.65725e-52
4.76215e-50
-6.07924e-54
5.98409e-52
-7.69025e-56
1.16785e-53
-1.40752e-57
1.38916e-55
-1.66223e-59
2.23997e-57
-2.49829e-61
2.4953e-59
-2.72126e-63
3.37818e-61
-3.41403e-65
3.48568e-63
-3.35801e-67
4.00643e-65
-1.7702e-68
3.78888e-67
-2.87119e-67
2.36544e-68
-1.57281e-65
1.24798e-66
-2.27127e-65
2.28459e-65
3.13655e-65
1.27262e-63
6.18966e-65
6.19318e-64
2.57779e-67
-1.90493e-63
-4.67035e-65
-1.29547e-63
-4.02972e-65
-1.15215e-65
-1.15466e-66
6.55254e-64
3.95811e-65
1.47224e-63
8.93697e-66
-6.16099e-64
-3.07959e-65
-6.29578e-64
-1.67112e-65
6.31921e-64
1.54839e-65
6.55677e-64
2.55194e-65
8.38587e-64
3.01038e-67
-8.26221e-64
-9.44699e-66
-1.34669e-65
-1.35066e-66
-9.5081e-67
-9.31204e-64
4.81047e-65
-9.69163e-64
-1.4008e-64
8.83792e-64
6.45791e-62
9.59612e-64
3.02662e-63
2.3344e-65
7.40461e-64
-1.23146e-65
2.56961e-64
4.83077e-65
1.89692e-63
-4.92801e-67
7.73928e-67
-2.05913e-63
-4.77695e-45
-3.77157e-46
-7.18951e-47
-1.32979e-47
-2.10655e-48
-1.84858e-49
-3.00343e-50
-4.3884e-51
-6.96592e-52
-5.71503e-53
-9.34962e-54
-1.09545e-54
-1.76964e-55
-1.3413e-56
-2.21968e-57
-2.13139e-58
-3.50147e-59
-2.43069e-60
-4.07057e-61
-3.25422e-62
-5.4311e-63
-3.42064e-64
-5.79709e-65
-3.90114e-66
-6.60935e-67
-3.73548e-68
-8.97938e-69
-1.66206e-70
-1.38025e-67
1.27016e-68
-1.99034e-67
2.48897e-67
2.75084e-67
1.40819e-65
5.42676e-67
6.85575e-66
2.31014e-69
-2.10782e-65
-4.09852e-67
-1.43309e-65
-3.73938e-67
-1.2619e-67
-3.0336e-68
7.23337e-66
3.67211e-67
1.50121e-65
9.8883e-68
-6.83568e-66
-2.69962e-67
-6.96911e-66
-1.66745e-67
6.99147e-66
1.3606e-67
7.23841e-66
2.64203e-67
8.01494e-66
2.98329e-69
-7.88089e-66
-1.03485e-67
-1.33264e-67
-3.0083e-68
-7.03666e-69
-8.90311e-66
6.11353e-67
-9.21841e-66
4.93985e-67
8.46955e-66
8.48467e-64
9.13134e-66
3.55347e-65
2.02386e-67
8.2469e-66
-8.66861e-68
1.5566e-66
4.64149e-67
2.09764e-65
-2.4092e-68
1.83672e-68
-2.15352e-65
-3.92983e-43
-2.04024e-44
-5.39651e-45
-7.44779e-46
-1.64328e-46
-9.90688e-48
-2.17658e-48
-2.40274e-49
-5.20542e-50
-3.01924e-51
-6.57599e-52
-5.89289e-53
-1.27468e-53
-7.00736e-55
-1.52061e-55
-1.12989e-56
-2.44124e-57
-1.25827e-58
-2.72294e-59
-1.70336e-60
-3.67608e-61
-1.75683e-62
-3.79352e-63
-2.01899e-64
-4.35219e-65
-1.90527e-66
-4.1069e-67
-1.87174e-68
-5.3274e-69
-5.21513e-71
-1.90616e-69
2.2364e-69
2.58564e-69
1.23543e-67
5.10221e-69
6.01056e-68
2.16157e-71
-1.84903e-67
-3.85266e-69
-1.25781e-67
-3.45339e-69
-1.12005e-69
-2.23564e-70
6.37765e-68
3.39138e-69
1.49892e-67
8.67728e-70
-5.96578e-68
-2.53842e-69
-6.11171e-68
-1.50637e-69
6.13331e-68
1.27873e-69
6.38055e-68
2.36111e-69
8.82456e-68
2.70125e-71
-8.70456e-68
-9.1906e-70
-1.45785e-69
-5.29391e-70
-5.87352e-71
-9.89441e-68
5.77194e-69
-1.01669e-67
2.03336e-68
9.46289e-68
8.10894e-66
1.01153e-67
3.27717e-67
2.21146e-69
7.31487e-68
-8.70668e-70
3.19919e-68
4.24144e-69
1.84241e-67
-1.67276e-70
-8.58924e-71
-2.06727e-67
4.23397e-43
-9.54182e-45
5.83526e-45
-2.87083e-46
1.77403e-46
-3.7488e-48
2.35671e-48
-9.06355e-50
5.62783e-50
-1.13651e-51
7.12701e-52
-2.21991e-53
1.37969e-53
-2.63598e-55
1.6492e-55
-4.25324e-57
2.6448e-57
-4.73099e-59
2.95486e-59
-6.40781e-61
3.98576e-61
-6.60268e-63
4.11851e-63
-7.59062e-65
4.72211e-65
-7.15773e-67
4.46027e-67
-7.03375e-69
4.36542e-69
-5.89466e-71
2.23995e-71
2.02967e-71
2.08816e-71
1.15992e-69
4.05744e-71
5.64466e-70
1.75008e-73
-1.73595e-69
-3.06592e-71
-1.18073e-69
-2.87132e-71
-1.0424e-71
-3.00404e-72
5.98219e-70
2.8193e-71
1.35302e-69
8.14665e-72
-5.60766e-70
-2.01831e-71
-5.73956e-70
-1.32065e-71
5.75789e-70
1.01875e-71
5.98482e-70
2.12307e-71
7.74677e-70
2.35652e-73
-7.63578e-70
-8.57658e-72
-1.31746e-71
-6.09341e-72
-3.16089e-73
-8.70309e-70
6.06937e-71
-8.90149e-70
4.09027e-70
8.34149e-70
8.97264e-68
8.86614e-70
3.29497e-69
1.82229e-71
6.92212e-70
-5.61783e-72
2.45698e-70
3.61939e-71
1.72935e-69
-2.53136e-72
-6.35288e-73
-1.88784e-69
1.21091e-42
2.67865e-44
1.66507e-44
1.18331e-45
5.06722e-46
1.5945e-47
6.71891e-48
3.87987e-49
1.60593e-49
4.87632e-51
2.03054e-51
9.5186e-53
3.93389e-53
1.13177e-54
4.69619e-55
1.82497e-56
7.53599e-57
2.03216e-58
8.41037e-59
2.75106e-60
1.13501e-60
2.83721e-62
1.17179e-62
3.26062e-64
1.34397e-64
3.07678e-66
1.26857e-66
3.02291e-68
1.24475e-68
2.57448e-70
1.05871e-70
2.33766e-72
1.05693e-72
9.24062e-72
3.31512e-73
4.48666e-72
1.44764e-75
-1.38038e-71
-2.45431e-73
-9.39271e-72
-2.29414e-73
-8.37015e-74
-2.36014e-74
4.77709e-72
2.25256e-73
1.18657e-71
6.47983e-74
-4.44004e-72
-1.61568e-73
-4.56318e-72
-1.05285e-73
4.57845e-72
8.15692e-74
4.77836e-72
1.69078e-73
7.25009e-72
1.88285e-75
-7.16058e-72
-6.87098e-74
-1.23027e-73
-6.96563e-74
-1.82455e-75
-8.19792e-72
5.20086e-73
-8.33634e-72
4.91664e-72
7.88808e-72
7.88395e-70
8.32889e-72
2.78646e-71
1.67168e-73
5.56574e-72
-4.49282e-74
3.06845e-72
2.88902e-73
1.37661e-71
-1.98712e-74
-2.14942e-74
-1.60951e-71
-4.1254e-43
1.06873e-44
-5.67285e-45
5.67449e-46
-1.72637e-46
7.72329e-48
-2.28919e-48
1.88426e-49
-5.47161e-50
2.36815e-51
-6.91863e-52
4.62334e-53
-1.34042e-53
5.49601e-55
-1.60024e-55
8.86292e-57
-2.568e-57
9.86728e-59
-2.8661e-59
1.33586e-60
-3.86805e-61
1.37748e-62
-3.99358e-63
1.58308e-64
-4.58058e-65
1.49363e-66
-4.3238e-67
1.46749e-68
-4.24283e-69
1.24963e-70
-3.61299e-71
1.05425e-72
-3.03006e-73
8.17372e-74
5.8127e-79
3.59434e-74
-6.54223e-78
-1.10392e-73
-1.7403e-75
-7.51125e-74
-1.68489e-75
-6.65192e-76
-2.2529e-76
3.82224e-74
1.65414e-75
9.45565e-74
5.18234e-76
-3.54973e-74
-1.14475e-75
-3.64994e-74
-8.04189e-76
3.66138e-74
5.7894e-76
3.82304e-74
1.31431e-75
5.76241e-74
1.43359e-77
-5.69151e-74
-5.47889e-76
-1.00112e-75
-6.46451e-76
-1.9919e-78
-6.53425e-74
4.58728e-75
-6.61742e-74
5.78526e-74
6.2997e-74
7.40385e-72
6.62108e-74
2.41378e-73
1.27833e-75
4.49369e-74
-2.55612e-76
2.41923e-74
2.16399e-75
1.10109e-73
-1.97711e-76
-2.03122e-76
-1.28387e-73
-1.23632e-42
-3.64409e-44
-1.6999e-44
-1.24413e-45
-5.17339e-46
-1.64532e-47
-6.85942e-48
-3.98621e-49
-1.63959e-49
-5.0062e-51
-2.07305e-51
-9.7729e-53
-4.01647e-53
-1.1617e-54
-4.79472e-55
-1.8735e-56
-7.69453e-57
-2.08577e-58
-8.58729e-59
-2.82397e-60
-1.15895e-60
-2.91193e-62
-1.19651e-62
-3.34678e-64
-1.37239e-64
-3.15769e-66
-1.29541e-66
-3.10258e-68
-1.27116e-68
-2.64202e-70
-1.0824e-70
-2.22619e-72
-9.11269e-73
-1.63201e-74
-6.87656e-75
1.32545e-76
-4.96498e-77
-7.82748e-76
-1.2188e-77
-5.32222e-76
-1.16224e-77
-4.74716e-78
-1.67176e-78
2.7174e-76
1.14078e-77
7.22324e-76
3.6717e-78
-2.50509e-76
-7.79971e-78
-2.58521e-76
-5.61667e-78
2.59339e-76
3.94808e-78
2.71763e-76
9.22947e-78
4.59871e-76
1.00397e-79
-4.54804e-76
-3.89583e-78
-8.0046e-78
-5.79844e-78
4.37877e-80
-5.23893e-76
3.51096e-77
-5.28194e-76
5.45544e-76
5.06544e-76
5.89307e-74
5.29669e-76
1.84551e-75
9.96307e-78
3.22054e-76
-1.57525e-78
2.24243e-76
1.50221e-77
7.80705e-76
-1.48191e-78
-2.30449e-78
-9.6083e-76
4.39144e-43
-1.48097e-44
6.03884e-45
-4.49313e-46
1.83774e-46
-5.8815e-48
2.43696e-48
-1.42123e-49
5.82492e-50
-1.7845e-51
7.36569e-52
-3.48338e-53
1.42708e-53
-4.14077e-55
1.70378e-55
-6.67782e-57
2.73427e-57
-7.43461e-59
3.05181e-59
-1.00658e-60
4.11886e-61
-1.03795e-62
4.25275e-63
-1.19294e-64
4.87806e-65
-1.12556e-66
4.60484e-67
-1.10591e-68
4.51881e-69
-9.41758e-71
3.84811e-71
-7.9354e-73
3.23989e-73
-6.00016e-75
2.45069e-75
-4.16049e-77
1.76791e-77
-5.61018e-78
4.32314e-80
-3.62571e-78
-7.34566e-80
-3.22273e-80
-1.25852e-80
1.85365e-78
7.28094e-80
5.04414e-78
2.50024e-80
-1.70268e-78
-4.82405e-80
-1.76043e-78
-3.6994e-80
1.76576e-78
2.44595e-80
1.85366e-78
6.15907e-80
3.25391e-78
6.60466e-82
-3.21957e-78
-2.65037e-80
-5.77023e-80
-4.54799e-80
8.37707e-82
-3.71858e-78
2.61647e-79
-3.73576e-78
4.95532e-78
3.6018e-78
4.71454e-76
3.75199e-78
1.38068e-77
6.89475e-80
2.21832e-78
-7.27351e-81
1.65295e-78
9.74468e-80
5.31874e-78
-1.13686e-80
-1.92861e-80
-6.66501e-78
1.28472e-42
2.82401e-44
1.7658e-44
1.24955e-45
5.37479e-46
1.68329e-47
7.12426e-48
4.09676e-49
1.70311e-49
5.14744e-51
2.1528e-51
1.00494e-52
4.17141e-53
1.1946e-54
4.97855e-55
1.92653e-56
7.99016e-57
2.14483e-58
8.91551e-59
2.90388e-60
1.20331e-60
2.99436e-62
1.2421e-62
3.44146e-64
1.42473e-64
3.24704e-66
1.34464e-66
3.19033e-68
1.31946e-68
2.71675e-70
1.12342e-70
2.28915e-72
9.45793e-73
1.7319e-74
7.15268e-75
1.25019e-76
5.15955e-77
7.92112e-79
3.39926e-79
-1.73406e-80
1.65183e-81
-1.71646e-82
-7.10265e-83
1.15002e-80
4.30087e-82
3.32245e-80
1.546e-82
-1.04886e-80
-2.78138e-82
-1.08833e-80
-2.23531e-82
1.09159e-80
1.41242e-82
1.1499e-80
3.75572e-82
2.21213e-80
4.00385e-84
-2.19079e-80
-1.64113e-82
-3.94428e-82
-3.34456e-82
8.11816e-84
-2.537e-80
1.75642e-81
-2.53981e-80
3.92028e-80
2.46256e-80
3.34133e-78
2.55522e-80
9.39249e-80
4.59325e-82
1.38966e-80
-3.03783e-83
1.22698e-80
5.82474e-82
3.29146e-80
-7.55335e-83
-1.56492e-82
-4.3199e-80
-8.79819e-43
5.80886e-45
-1.20911e-44
3.05741e-46
-3.68055e-46
4.17022e-48
-4.87795e-48
1.02187e-49
-1.16615e-49
1.2881e-51
-1.4739e-51
2.52612e-53
-2.85596e-53
3.01223e-55
-3.40823e-55
4.87914e-57
-5.46992e-57
5.4498e-59
-6.10283e-59
7.41047e-61
-8.23677e-61
7.66799e-63
-8.50164e-63
8.85119e-65
-9.75142e-65
8.38257e-67
-9.20255e-67
8.27263e-69
-9.03003e-69
7.07364e-71
-7.68782e-71
5.98806e-73
-6.47208e-73
4.5513e-75
-4.8943e-75
3.30192e-77
-3.53034e-77
2.189e-79
-2.32869e-79
1.22491e-81
-1.43226e-81
6.52781e-84
-8.56471e-84
6.65178e-83
2.29946e-84
2.00756e-82
8.90809e-85
-6.02474e-83
-1.46572e-84
-6.27199e-83
-1.25289e-84
6.29022e-83
7.45747e-85
6.64663e-83
2.12894e-84
1.36578e-82
2.24649e-86
-1.3535e-82
-9.45937e-85
-2.47072e-84
-2.22033e-84
6.51221e-86
-1.57117e-82
1.1075e-83
-1.56815e-82
2.90357e-82
1.52743e-82
2.27582e-80
1.58001e-82
6.05703e-82
2.80212e-84
8.12375e-83
-7.70999e-86
8.00276e-83
3.22026e-84
1.89858e-82
-4.7106e-85
-1.10711e-84
-2.58003e-82
-8.64306e-43
-1.99173e-44
-1.18922e-44
-7.2116e-46
-3.61836e-46
-9.48526e-48
-4.80037e-48
-2.2358e-49
-1.14717e-49
-2.76083e-51
-1.45116e-51
-5.20142e-53
-2.81103e-53
-6.03661e-55
-3.3571e-55
-9.30885e-57
-5.38663e-57
-1.00149e-58
-6.01372e-59
-1.2783e-60
-8.11525e-61
-1.25301e-62
-8.38072e-63
-1.3262e-64
-9.61198e-65
-1.15552e-66
-9.07503e-67
-1.00079e-68
-8.90489e-69
-7.41261e-71
-7.58408e-71
-4.97436e-73
-6.38517e-73
-2.75567e-75
-4.83003e-75
-1.03721e-77
-3.48442e-77
2.39478e-81
-2.29895e-79
5.69688e-82
-1.41188e-81
6.98384e-84
-7.95672e-84
4.12318e-85
-2.9373e-86
1.12574e-84
4.50118e-87
-3.16023e-85
-7.05855e-87
-3.30368e-85
-6.4287e-87
3.31307e-85
3.59891e-87
3.5145e-85
1.10425e-86
7.85996e-85
1.15697e-88
-7.7951e-85
-4.98592e-87
-1.43333e-86
-1.35291e-86
4.40486e-88
-9.06843e-85
6.39025e-86
-9.02592e-85
1.93819e-84
8.82975e-85
1.40739e-82
9.10693e-85
3.5992e-84
1.59273e-86
4.34901e-85
6.92824e-89
4.89651e-85
1.63029e-86
1.00123e-84
-2.65323e-87
-7.16145e-87
-1.42517e-84
4.17003e-43
1.2256e-43
5.70458e-45
5.23361e-45
1.71902e-46
7.06563e-47
2.26759e-48
2.22214e-48
5.36649e-50
2.91146e-50
6.74855e-52
7.11586e-52
1.29456e-53
8.92889e-54
1.53631e-55
1.75665e-55
2.44107e-57
2.08751e-57
2.70659e-59
3.38555e-59
3.61652e-61
3.76931e-61
3.7066e-63
5.12388e-63
4.20848e-65
5.28488e-65
3.93981e-67
6.09125e-67
3.82545e-69
5.74931e-69
3.22675e-71
5.6598e-71
2.68599e-73
4.82162e-73
2.00907e-75
4.06772e-75
1.43087e-77
3.07859e-77
9.3127e-80
2.22358e-79
5.63117e-82
1.4678e-81
3.1171e-84
9.02127e-84
1.58102e-86
5.66002e-86
9.47636e-89
-1.25152e-87
-3.05212e-89
-1.58886e-87
-3.0129e-89
1.59452e-87
1.57558e-89
1.69891e-87
5.23337e-89
4.13449e-87
5.4391e-91
-4.10324e-87
-2.40147e-89
-7.62536e-89
-7.49681e-89
2.59515e-90
-4.78338e-87
3.39281e-88
-4.74915e-87
1.18644e-86
4.66344e-87
8.112e-85
4.79809e-87
1.98588e-86
8.33437e-89
2.1325e-87
2.59326e-90
2.71625e-87
7.53289e-89
4.82574e-87
-1.3585e-89
-4.18357e-89
-7.20856e-87
-1.21838e-43
1.31396e-43
-1.91688e-45
5.49415e-45
-7.66377e-47
7.39756e-47
-1.14555e-48
2.29622e-48
-3.41427e-50
3.00019e-50
-4.83574e-52
7.27129e-52
-1.1323e-53
9.1001e-54
-1.51084e-55
1.7802e-55
-2.87356e-57
2.11044e-57
-3.58612e-59
3.40915e-59
-5.66722e-61
3.78742e-61
-6.55959e-63
5.13368e-63
-8.75025e-65
5.28489e-65
-9.30383e-67
6.07817e-67
-1.05897e-68
5.72738e-69
-1.02304e-70
5.62889e-71
-1.00011e-72
4.78837e-73
-8.66853e-75
4.03437e-75
-7.29658e-77
3.04961e-77
-5.59167e-79
2.20031e-79
-4.04453e-81
1.45096e-81
-2.69365e-83
8.90825e-84
-1.66168e-85
5.01839e-86
-9.42324e-88
2.52066e-88
-5.00778e-90
-5.72715e-90
-1.5113e-91
6.96445e-90
6.20678e-92
7.45279e-90
2.24986e-91
1.98737e-89
2.32093e-93
-1.97371e-89
-1.0492e-91
-3.69847e-91
-3.76072e-91
1.34799e-92
-2.30509e-89
1.64711e-90
-2.28361e-89
6.59931e-89
2.24988e-89
4.27338e-87
2.3099e-89
1.00886e-88
3.99269e-91
9.5127e-90
2.08718e-92
1.37244e-89
3.15548e-91
2.10978e-89
-6.27155e-92
-2.19924e-91
-3.3277e-89
-1.03734e-41
-1.25238e-43
-1.45459e-43
-5.1636e-45
-5.98692e-45
-6.94689e-47
-8.21021e-47
-2.1863e-48
-2.52056e-48
-2.86192e-50
-3.3331e-50
-7.00142e-52
-8.01999e-52
-8.77905e-54
-1.01168e-53
-1.72844e-55
-1.96989e-55
-2.05278e-57
-2.34733e-57
-3.33109e-59
-3.78081e-59
-3.70689e-61
-4.21385e-61
-5.04114e-63
-5.70184e-63
-5.19754e-65
-5.88098e-65
-5.99235e-67
-6.75728e-67
-5.65427e-69
-6.37387e-69
-5.56729e-71
-6.2612e-71
-4.74175e-73
-5.32877e-73
-4.00071e-75
-4.4886e-75
-3.0274e-77
-3.39341e-77
-2.18666e-79
-2.44801e-79
-1.44327e-81
-1.61421e-81
-8.86852e-84
-9.90912e-84
-4.99701e-86
-5.57836e-86
-2.57869e-88
-2.87598e-88
-1.23744e-90
-1.34924e-90
2.22265e-92
-5.50059e-93
2.94579e-92
8.49785e-94
8.66335e-92
8.84693e-96
-8.60959e-92
-4.13122e-94
-1.6267e-93
-1.70087e-93
6.17424e-95
-1.0072e-91
7.27768e-93
-9.95907e-92
3.32091e-91
9.8404e-92
2.05692e-89
1.00848e-91
4.69285e-91
1.74135e-93
3.83822e-92
1.18487e-94
6.26422e-92
1.19038e-93
8.31194e-92
-2.59506e-94
-1.03825e-93
-1.3926e-91
-1.39462e-43
-1.27204e-43
-2.17339e-45
-5.24267e-45
-8.42576e-47
-7.06238e-47
-1.25137e-48
-2.22029e-48
-3.6623e-50
-2.90923e-50
-5.16167e-52
-7.11128e-52
-1.19448e-53
-8.92386e-54
-1.58749e-55
-1.75581e-55
-2.99514e-57
-2.08664e-57
-3.72549e-59
-3.38434e-59
-5.85382e-61
-3.76814e-61
-6.75652e-63
-5.12252e-63
-8.97512e-65
-5.28365e-65
-9.51988e-67
-6.09004e-67
-1.08014e-68
-5.74832e-69
-1.04132e-70
-5.65898e-71
-1.01552e-72
-4.82102e-73
-8.78639e-75
-4.06728e-75
-7.3819e-77
-3.07831e-77
-5.64844e-79
-2.22342e-79
-4.07956e-81
-1.46771e-81
-2.71352e-83
-9.0191e-84
-1.67199e-85
-5.08233e-86
-9.47284e-88
-2.62262e-88
-4.90728e-90
-1.23107e-90
-2.31268e-92
-5.12833e-93
-9.77655e-95
8.44089e-95
2.64435e-96
3.40153e-94
2.9375e-98
-3.38331e-94
-1.45511e-96
-6.43733e-96
-6.88443e-96
2.49125e-97
-3.9638e-94
2.91347e-95
-3.91303e-94
1.5059e-93
3.87589e-94
8.97795e-92
3.9663e-94
1.98805e-93
6.86084e-96
1.39182e-94
5.36655e-97
2.56676e-94
4.01862e-96
2.92813e-94
-9.53953e-97
-4.37162e-96
-5.24815e-94
-4.77324e-43
-7.66131e-45
-6.57919e-45
-2.52722e-46
-2.02106e-46
-3.42842e-48
-2.68701e-48
-8.94956e-50
-6.48078e-50
-1.17118e-51
-8.21951e-52
-2.47452e-53
-1.60631e-53
-3.08752e-55
-1.9244e-55
-5.40564e-57
-3.11392e-57
-6.36642e-59
-3.48951e-59
-9.3956e-61
-4.74705e-61
-1.03388e-62
-4.92406e-63
-1.30214e-64
-5.69167e-65
-1.32427e-66
-5.4015e-67
-1.43567e-68
-5.3411e-69
-1.33347e-70
-4.57627e-71
-1.25073e-72
-3.88313e-73
-1.04701e-74
-2.95812e-75
-8.50901e-77
-2.15199e-77
-6.32413e-79
-1.43187e-79
-4.44103e-81
-8.87875e-82
-2.88026e-83
-5.05497e-84
-1.73368e-85
-2.64001e-86
-9.61607e-88
-1.25695e-88
-4.88794e-90
-5.42699e-91
-2.26511e-92
-2.11221e-93
-9.47526e-95
-7.38104e-96
-2.99276e-98
-1.38158e-98
1.19312e-96
2.86405e-101
-1.18843e-96
-4.56354e-99
-2.27348e-98
-2.4748e-98
8.86435e-100
-1.39406e-96
1.05293e-97
-1.37439e-96
6.10832e-96
1.36407e-96
3.52985e-94
1.39428e-96
7.61561e-96
2.42055e-98
4.51937e-97
2.02211e-99
9.35892e-97
1.20963e-98
9.17965e-97
-3.09993e-99
-1.62851e-98
-1.76992e-96
-6.28799e-45
-5.8515e-45
-9.44532e-47
-1.82422e-46
-2.79474e-48
-2.40046e-48
-3.97707e-50
-5.85401e-50
-9.28678e-52
-7.37876e-52
-1.2446e-53
-1.45251e-53
-2.36727e-55
-1.73389e-55
-2.9664e-57
-2.81892e-57
-4.69658e-59
-3.15302e-59
-5.45772e-61
-4.30234e-61
-7.30262e-63
-4.45945e-63
-7.7959e-65
-5.16464e-65
-8.90742e-67
-4.90114e-67
-8.6416e-69
-4.85243e-69
-8.48494e-71
-4.15908e-71
-7.38769e-73
-3.53215e-73
-6.24848e-75
-2.69222e-75
-4.81206e-77
-1.95983e-77
-3.49899e-79
-1.30478e-79
-2.34306e-81
-8.09516e-82
-1.45389e-83
-4.61134e-84
-8.29735e-86
-2.40949e-86
-4.33158e-88
-1.1477e-88
-2.05826e-90
-4.95715e-91
-8.84342e-93
-1.92989e-93
-3.4121e-95
-6.74593e-96
-1.1759e-97
-2.02235e-98
-3.35477e-100
3.67069e-99
-7.33392e-103
-3.71394e-99
-1.27193e-101
-7.1231e-101
-7.85944e-101
2.78878e-102
-4.36057e-99
3.42088e-100
-4.2947e-99
2.19952e-98
4.26922e-99
1.24041e-96
4.35979e-99
2.61788e-98
7.59391e-101
1.31218e-99
6.47122e-102
3.02119e-99
3.24258e-101
2.55595e-99
-8.89022e-102
-5.33639e-101
-5.32216e-99
-5.359e-46
-9.72169e-47
-7.70151e-48
-2.91661e-48
-2.29389e-49
-4.08229e-50
-3.11277e-51
-9.59774e-52
-7.12081e-53
-1.27013e-53
-9.07881e-55
-2.41892e-55
-1.66215e-56
-3.00082e-57
-1.97627e-58
-4.74092e-59
-2.97258e-60
-5.46382e-61
-3.26601e-62
-7.28038e-63
-4.10779e-64
-7.71731e-65
-4.12616e-66
-8.77138e-67
-4.39113e-68
-8.45628e-69
-3.98265e-70
-8.25585e-71
-3.61223e-72
-7.14698e-73
-2.9163e-74
-6.01075e-75
-2.26078e-76
-4.60425e-77
-1.59861e-78
-3.33013e-79
-1.05734e-80
-2.21895e-81
-6.43187e-83
-1.37034e-83
-3.60382e-85
-7.78586e-86
-1.85068e-87
-4.04805e-88
-8.67362e-90
-1.91645e-90
-3.69419e-92
-8.20753e-93
-1.42528e-94
-3.1581e-95
-4.96596e-97
-1.08593e-97
-1.55822e-99
-3.3051e-100
-4.33141e-102
9.43618e-102
-1.05094e-104
-1.0307e-101
-3.15286e-104
-1.97485e-103
-2.20127e-103
7.77871e-105
-1.21076e-101
9.95271e-103
-1.1916e-101
6.99446e-101
1.186e-101
3.87737e-99
1.21027e-101
8.02602e-101
2.11102e-103
3.40822e-102
1.78403e-104
8.61891e-102
7.74705e-104
6.32437e-102
-2.25329e-104
-1.53567e-103
-1.42528e-101
4.43824e-49
-9.76427e-47
6.93722e-51
-2.90391e-48
1.87684e-52
-4.07152e-50
2.72259e-54
-9.51469e-52
5.75601e-56
-1.26078e-53
7.72069e-58
-2.39042e-55
1.32456e-59
-2.96779e-57
1.63193e-61
-4.67267e-59
2.32542e-63
-5.38651e-61
2.6095e-65
-7.15761e-63
3.13454e-67
-7.58509e-65
3.17119e-69
-8.60096e-67
3.23946e-71
-8.2855e-69
2.91864e-73
-8.07182e-71
2.54476e-75
-6.97869e-73
2.01181e-77
-5.85661e-75
1.49454e-79
-4.47805e-77
1.01824e-81
-3.23115e-79
6.39137e-84
-2.14778e-81
3.66938e-86
-1.32254e-83
1.91258e-88
-7.48983e-86
8.99185e-91
-3.87924e-88
3.77647e-93
-1.82817e-90
1.40007e-95
-7.78653e-93
4.52205e-98
-2.97591e-95
1.25327e-100
-1.01473e-97
2.91181e-103
-3.07754e-100
6.75513e-106
-8.04206e-103
1.98892e-108
-2.73953e-104
-6.95003e-107
-4.88794e-106
-5.44236e-106
1.92734e-107
-2.98616e-104
2.58568e-105
-2.93742e-104
1.96104e-103
2.92644e-104
1.07605e-101
2.98451e-104
2.18746e-103
5.19693e-106
7.92995e-105
4.2822e-107
2.17546e-104
1.65279e-106
1.39338e-104
-5.06179e-107
-3.88615e-106
-3.40212e-104
5.89232e-46
-6.32073e-45
8.44969e-48
-1.95284e-46
2.50615e-49
-2.56052e-48
3.39348e-51
-6.19101e-50
7.73126e-53
-7.7739e-52
9.83506e-55
-1.51779e-53
1.79349e-56
-1.80432e-55
2.12734e-58
-2.91042e-57
3.18756e-60
-3.24051e-59
3.49321e-62
-4.38825e-61
4.37717e-64
-4.52549e-63
4.3845e-66
-5.20228e-65
4.64894e-68
-4.90905e-67
4.20365e-70
-4.82423e-69
3.79866e-72
-4.1087e-71
3.05655e-74
-3.46265e-73
2.36052e-76
-2.62012e-75
1.66293e-78
-1.89151e-77
1.09542e-80
-1.24854e-79
6.63543e-83
-7.67193e-82
3.701e-85
-4.3241e-84
1.89125e-87
-2.23224e-86
8.81652e-90
-1.0484e-88
3.73305e-92
-4.45356e-91
1.43102e-94
-1.6993e-93
4.95097e-97
-5.79661e-96
1.54171e-99
-1.76356e-98
4.31145e-102
-4.78509e-101
1.08134e-104
-1.15998e-103
2.41738e-107
-2.52444e-106
-1.14177e-108
-4.4631e-109
-6.55519e-107
5.98941e-108
-6.44633e-107
4.85244e-106
6.42705e-107
2.65299e-104
6.55101e-107
5.29604e-106
1.1346e-108
1.65569e-107
9.02512e-110
4.87098e-107
3.15628e-109
2.74062e-107
-1.01131e-109
-8.67453e-109
-7.2521e-107
6.30629e-45
4.51129e-46
9.49112e-47
1.61023e-47
2.78088e-48
2.24987e-49
3.96474e-50
5.33016e-51
9.19491e-52
6.96224e-53
1.23408e-53
1.33166e-54
2.33559e-55
1.63424e-56
2.92939e-57
2.59199e-58
4.62057e-59
2.96107e-60
5.37123e-61
3.95802e-62
7.16577e-63
4.16567e-64
7.64816e-65
4.74483e-66
8.71737e-67
4.54796e-68
8.45093e-69
4.44451e-70
8.27969e-71
3.82945e-72
7.19993e-73
3.21976e-74
6.0766e-75
2.45656e-76
4.67134e-77
1.77401e-78
3.38866e-79
1.17775e-80
2.26374e-81
7.25277e-83
1.40065e-83
4.10462e-85
7.96766e-86
2.12525e-87
4.14364e-88
1.00117e-89
1.96001e-90
4.26311e-92
8.37501e-93
1.62922e-94
3.20946e-95
5.55764e-97
1.09676e-97
1.6874e-99
3.3322e-100
4.55777e-102
8.99601e-103
1.09644e-104
2.16052e-105
2.35368e-107
4.6227e-108
4.52821e-110
-1.19581e-109
1.24515e-110
-1.26263e-109
1.06242e-108
1.25974e-109
5.82264e-107
1.28338e-109
1.1402e-108
2.20191e-111
3.10737e-110
1.68136e-112
9.70686e-110
5.40826e-112
4.82535e-110
-1.80319e-112
-1.71422e-111
-1.38385e-109
5.17893e-43
2.67892e-44
7.11186e-45
9.78472e-46
2.16561e-46
1.30161e-47
2.86845e-48
3.15681e-49
6.86003e-50
3.9668e-51
8.66631e-52
7.74222e-53
1.67986e-53
9.20644e-55
2.00397e-55
1.48445e-56
3.21724e-57
1.65312e-58
3.5885e-59
2.23784e-60
4.84461e-61
2.30808e-62
4.99939e-63
2.65245e-64
5.73563e-65
2.50304e-66
5.41208e-67
2.45917e-68
5.31156e-69
2.0944e-70
4.52171e-71
1.76471e-72
3.80714e-73
1.33525e-74
2.87895e-75
9.63784e-77
2.07681e-77
6.36117e-79
1.3699e-79
3.90829e-81
8.41206e-82
2.20261e-83
4.73808e-84
1.13695e-85
2.44441e-86
5.33939e-88
1.14735e-88
2.26797e-90
4.87113e-91
8.65304e-93
1.85768e-93
2.95149e-95
6.33419e-96
8.97887e-98
1.92649e-98
2.436e-100
5.22598e-101
5.90172e-103
1.2661e-103
1.27945e-105
2.74513e-106
2.48766e-108
5.33638e-109
4.37003e-111
7.11838e-112
2.07158e-111
2.22449e-112
1.14066e-109
2.25013e-112
2.18712e-111
3.80863e-114
5.25e-113
2.78343e-115
1.72724e-112
8.33323e-115
7.62408e-113
-2.87808e-115
-3.00992e-114
-2.36959e-112
-5.53617e-43
1.26772e-44
-7.63004e-45
3.82645e-46
-2.31966e-46
5.00119e-48
-3.08158e-48
1.20892e-49
-7.3588e-50
1.51665e-51
-9.31915e-52
2.96172e-53
-1.80405e-53
3.51826e-55
-2.15646e-55
5.67574e-57
-3.45828e-57
6.31539e-59
-3.86373e-59
8.55256e-61
-5.2117e-61
8.81506e-63
-5.3853e-63
1.01331e-64
-6.17454e-65
9.55725e-67
-5.83218e-67
9.39126e-69
-5.72163e-69
7.99504e-71
-4.87452e-71
6.73689e-73
-4.10348e-73
5.09589e-75
-3.10472e-75
3.67811e-77
-2.23969e-77
2.42712e-79
-1.47789e-79
1.49108e-81
-9.07645e-82
8.40205e-84
-5.11366e-84
4.33649e-86
-2.63868e-86
2.03628e-88
-1.23878e-88
8.64852e-91
-5.26012e-91
3.29948e-93
-2.00623e-93
1.12541e-95
-6.84064e-96
3.4239e-98
-2.08021e-98
9.29054e-101
-5.64117e-101
2.25136e-103
-1.366e-103
4.88238e-106
-2.95971e-106
9.49687e-109
-5.75098e-109
1.66046e-111
-1.00464e-111
6.18724e-114
-1.23123e-114
2.00004e-112
3.51719e-115
3.74622e-114
5.88306e-117
7.99416e-116
4.11119e-118
2.75244e-115
1.15669e-117
1.08322e-115
-4.12252e-118
-4.71081e-117
-3.64894e-115
-1.592e-42
-2.84368e-44
-2.18912e-44
-1.34483e-45
-6.66197e-46
-1.81963e-47
-8.83355e-48
-4.43185e-49
-2.11132e-49
-5.57081e-51
-2.66957e-51
-1.08739e-52
-5.17179e-53
-1.29295e-54
-6.17396e-55
-2.08477e-56
-9.90714e-57
-2.32149e-58
-1.10566e-58
-3.1426e-60
-1.49209e-60
-3.24103e-62
-1.54042e-62
-3.72456e-64
-1.76673e-64
-3.51456e-66
-1.66759e-66
-3.4529e-68
-1.63626e-68
-2.94058e-70
-1.39324e-70
-2.47764e-72
-1.17291e-72
-1.87459e-74
-8.87068e-75
-1.35305e-76
-6.39871e-77
-8.93005e-79
-4.22101e-79
-5.48646e-81
-2.59194e-81
-3.09193e-83
-1.45997e-83
-1.59596e-85
-7.53219e-86
-7.49479e-88
-3.53552e-88
-3.18343e-90
-1.50104e-90
-1.21456e-92
-5.72445e-93
-4.14272e-95
-1.95182e-95
-1.26027e-97
-5.9358e-98
-3.41918e-100
-1.60999e-100
-8.28375e-103
-3.89975e-103
-1.79588e-105
-8.45315e-106
-3.49186e-108
-1.64341e-108
-6.10227e-111
-2.87176e-111
-9.59664e-114
-4.51814e-114
3.01036e-115
-5.91033e-117
5.72452e-117
-6.46526e-122
1.0977e-118
5.33938e-121
3.93757e-118
1.44825e-120
1.38609e-118
-5.30955e-121
-6.58903e-120
-5.06225e-118
5.32634e-43
-1.45767e-44
7.31552e-45
-7.64059e-46
2.22742e-46
-1.04043e-47
2.95063e-48
-2.5367e-49
7.05559e-50
-3.19095e-51
8.91389e-52
-6.22707e-53
1.72758e-53
-7.408e-55
2.06094e-55
-1.19422e-56
3.30816e-57
-1.33039e-58
3.68989e-59
-1.80067e-60
4.98072e-61
-1.85771e-62
5.1397e-63
-2.13466e-64
5.89574e-65
-2.01486e-66
5.56287e-67
-1.97943e-68
5.45883e-69
-1.68611e-70
4.64679e-71
-1.42066e-72
3.91199e-73
-1.07506e-74
2.95801e-75
-7.75997e-77
2.13363e-77
-5.12221e-79
1.40726e-79
-3.14722e-81
8.64075e-82
-1.77381e-83
4.86651e-84
-9.15661e-86
2.51048e-86
-4.30039e-88
1.17828e-88
-1.82672e-90
5.00215e-91
-6.96976e-93
1.90755e-93
-2.37735e-95
6.5039e-96
-7.23211e-98
1.97802e-98
-1.96199e-100
5.36556e-101
-4.75287e-103
1.29986e-103
-1.03025e-105
2.81823e-106
-2.00279e-108
5.48057e-109
-3.49919e-111
9.58019e-112
-5.50458e-114
1.50801e-114
-7.3623e-117
2.14111e-117
-2.10354e-120
2.75215e-120
1.24495e-121
3.81551e-123
5.06616e-121
1.64029e-123
1.599e-121
-6.15666e-124
-8.25224e-123
-6.33545e-121
1.07229e-42
1.93099e-44
1.47532e-44
5.91085e-46
4.48864e-46
7.73531e-48
5.95464e-48
1.86946e-49
1.42294e-49
2.34505e-51
1.7999e-51
4.57761e-53
3.4864e-53
5.43685e-55
4.16343e-55
8.76816e-57
6.68008e-57
9.75457e-59
7.4573e-59
1.32068e-60
1.00628e-60
1.36097e-62
1.03913e-62
1.56415e-64
1.19173e-64
1.47501e-66
1.12509e-66
1.44915e-68
1.10393e-68
1.2335e-70
9.40131e-71
1.03924e-72
7.91467e-73
7.85983e-75
5.98662e-75
5.67235e-77
4.31853e-77
3.7426e-79
2.84907e-79
2.29899e-81
1.7496e-81
1.29531e-83
9.85578e-84
6.68481e-86
5.08508e-86
3.13874e-88
2.38703e-88
1.33301e-90
1.01349e-90
5.08536e-93
3.86526e-93
1.73454e-95
1.31793e-95
5.27713e-98
4.008e-98
1.43197e-100
1.08706e-100
3.47029e-103
2.63291e-103
7.52643e-106
5.70654e-106
1.46414e-108
1.10928e-108
2.56019e-111
1.93808e-111
4.03129e-114
3.04892e-114
5.72447e-117
4.3248e-117
7.3447e-120
5.5362e-120
8.63825e-123
6.39854e-123
5.95865e-124
8.34414e-126
1.66379e-124
-6.36888e-127
-9.26588e-126
-7.15834e-124
1.36229e-44
2.04804e-46
6.00403e-48
8.54793e-50
1.98043e-51
2.65389e-53
5.01375e-55
6.27836e-57
9.88167e-59
1.14683e-60
1.52651e-62
1.62658e-64
1.84983e-66
1.79031e-68
1.75034e-70
1.51957e-72
1.28004e-74
9.82449e-77
7.11486e-79
4.74591e-81
2.93228e-83
1.66589e-85
8.65373e-88
4.08933e-90
1.74595e-92
6.68687e-95
2.2842e-97
6.93845e-100
1.87303e-102
4.49841e-105
9.63049e-108
1.84197e-110
3.15416e-113
4.84426e-116
6.6817e-119
8.28327e-122
9.2312e-125
9.39758e-128
-5.20331e-130
)
;

boundaryField
{
    leftWall
    {
        type            calculated;
        value           nonuniform 0();
    }
    rightWall
    {
        type            calculated;
        value           uniform 0;
    }
    lowerWall
    {
        type            calculated;
        value           nonuniform 0();
    }
    atmosphere
    {
        type            calculated;
        value           nonuniform List<scalar> 
45
(
2.39299e-36
3.26428e-38
2.28813e-39
3.49093e-41
1.63044e-42
2.57469e-44
7.94467e-46
1.04153e-47
2.51598e-49
3.15854e-51
6.16228e-53
7.32358e-55
1.18061e-56
1.31411e-58
1.77866e-60
1.83369e-62
2.10702e-64
1.9876e-66
1.95254e-68
1.6624e-70
1.40055e-72
1.05944e-74
7.6461e-77
5.0456e-79
3.09961e-81
1.74661e-83
9.01467e-86
4.23309e-88
1.79793e-90
6.85946e-93
2.33974e-95
7.11837e-98
1.93149e-100
4.68033e-103
1.01491e-105
1.9739e-108
3.45063e-111
5.43164e-114
7.70942e-117
9.87533e-120
1.14204e-122
1.31468e-125
3.23642e-127
-1.85953e-128
-1.45642e-126
)
;
    }
    defaultFaces
    {
        type            empty;
        value           nonuniform 0();
    }
    procBoundary3to1
    {
        type            processor;
        value           nonuniform List<scalar> 
45
(
-3.32224e-45
-2.10909e-43
-4.51259e-42
-2.93379e-40
-4.01071e-39
-3.21436e-37
-3.13985e-37
6.39726e-37
6.39455e-37
-3.17999e-37
-6.43185e-37
-3.21998e-37
3.17725e-37
3.21726e-37
4.00146e-39
2.74485e-40
3.53233e-42
4.66115e-43
6.90274e-42
5.45443e-40
7.72858e-39
6.39455e-37
3.13994e-37
-9.58e-37
-6.47192e-37
-4.65916e-39
2.58471e-37
-1.39276e-35
-3.80431e-37
-3.1811e-37
3.1762e-37
2.59407e-37
-1.41788e-35
1.41831e-35
6.23198e-38
-1.68568e-40
-8.20064e-39
-6.75745e-37
-6.86777e-37
9.17339e-37
2.63094e-37
-1.45481e-35
8.88494e-37
6.59288e-38
1.34968e-35
)
;
    }
    procBoundary3to2
    {
        type            processor;
        value           nonuniform List<scalar> 
43
(
-2.85961e-43
-3.77236e-45
-3.26526e-46
-2.46697e-47
8.94603e-46
9.13733e-43
2.09637e-40
3.76236e-38
8.55315e-38
4.22778e-38
4.41005e-37
-1.32745e-38
-8.90974e-37
3.84868e-39
4.49499e-37
4.75692e-39
-4.0597e-41
-4.97529e-39
-5.03006e-37
5.37352e-37
1.54472e-36
-5.26322e-37
-1.57761e-36
5.60357e-37
1.64052e-36
-1.12362e-36
-1.10097e-36
5.49208e-37
6.54388e-38
7.25617e-37
4.55454e-38
-5.94317e-37
-6.2954e-39
-4.52847e-40
3.82858e-43
5.04766e-40
6.56518e-39
6.62869e-37
-7.02603e-37
-2.03059e-36
6.81119e-37
1.36617e-36
1.39822e-38
)
;
    }
}


// ************************************************************************* //
