/*--------------------------------*- C++ -*----------------------------------*\
| =========                 |                                                 |
| \\      /  F ield         | OpenFOAM: The Open Source CFD Toolbox           |
|  \\    /   O peration     | Version:  2.4.0                                 |
|   \\  /    A nd           | Web:      www.OpenFOAM.org                      |
|    \\/     M anipulation  |                                                 |
\*---------------------------------------------------------------------------*/
FoamFile
{
    version     2.0;
    format      ascii;
    class       volVectorField;
    location    "0.05";
    object      U;
}
// * * * * * * * * * * * * * * * * * * * * * * * * * * * * * * * * * * * * * //

dimensions      [0 1 -1 0 0 0 0];

internalField   nonuniform List<vector> 
1935
(
(5.47514e-39 1.10401e-44 0)
(7.21337e-41 -7.13516e-41 0)
(6.26585e-42 -1.54353e-42 0)
(1.04754e-42 -4.48744e-41 0)
(3.29659e-41 -1.00278e-39 0)
(-1.63078e-38 -8.87731e-38 0)
(-3.90649e-36 -1.25842e-36 0)
(-7.1934e-34 -1.1858e-34 0)
(-9.08258e-32 -8.52048e-35 0)
(-7.16764e-34 -8.13139e-33 0)
(2.40643e-34 -5.53675e-32 0)
(-7.37471e-36 -7.03084e-30 0)
(-4.94298e-34 1.36972e-31 0)
(2.14162e-36 7.16905e-30 0)
(2.49378e-34 5.67625e-32 0)
(2.63254e-36 8.41352e-33 0)
(-2.21627e-38 1.78284e-34 0)
(-2.75662e-36 9.41608e-33 0)
(-2.79074e-34 5.41584e-32 0)
(2.98099e-34 8.0418e-30 0)
(8.56988e-34 -8.46556e-30 0)
(-2.91999e-34 -1.65736e-29 0)
(-8.75244e-34 -8.24897e-32 0)
(3.10884e-34 8.56046e-30 0)
(9.10152e-34 -9.00312e-30 0)
(-6.23377e-34 -1.76029e-29 0)
(-6.10823e-34 8.92836e-30 0)
(2.98936e-34 -8.41288e-32 0)
(-1.02571e-33 1.32891e-31 0)
(-1.29976e-31 -2.09828e-31 0)
(-1.03674e-33 -9.48724e-30 0)
(-3.35489e-34 -7.50945e-32 0)
(-3.50798e-36 -1.11202e-32 0)
(-2.47025e-37 -1.15274e-34 0)
(2.10324e-40 -1.72493e-35 0)
(2.75417e-37 -1.20335e-34 0)
(3.63742e-36 -1.24005e-32 0)
(3.67769e-34 -7.14663e-32 0)
(-3.89773e-34 -1.05974e-29 0)
(-1.12654e-33 1.10681e-29 0)
(3.77884e-34 2.17652e-29 0)
(7.57922e-34 1.84107e-31 0)
(7.74273e-36 2.58204e-32 0)
(1.21083e-37 -1.16823e-44 0)
(7.88731e-36 -1.18803e-44 0)
(1.09769e-34 -2.82064e-46 0)
(7.64862e-33 -5.16016e-46 0)
(1.66441e-39 -4.81574e-39 0)
(9.64893e-38 -1.0303e-37 0)
(1.40606e-36 -6.69831e-36 0)
(8.21894e-35 -9.15707e-35 0)
(1.35902e-40 -6.2968e-41 0)
(8.08428e-39 -1.4155e-39 0)
(9.6946e-38 -8.19076e-38 0)
(5.59878e-36 -1.16874e-36 0)
(2.80979e-42 4.06641e-41 0)
(9.89593e-41 -6.88153e-41 0)
(1.23328e-39 -6.87697e-39 0)
(6.31084e-38 -8.23426e-38 0)
(3.43812e-41 1.02235e-39 0)
(-5.02164e-41 1.03883e-39 0)
(-1.50767e-42 -6.37191e-41 0)
(2.83552e-39 -1.04814e-39 0)
(-1.62303e-38 9.05967e-38 0)
(-1.56264e-39 9.20042e-38 0)
(-1.2253e-39 1.64719e-39 0)
(8.22997e-42 8.879e-41 0)
(-3.89533e-36 1.25784e-36 0)
(-1.80751e-37 1.27889e-36 0)
(-1.0884e-37 2.37986e-38 0)
(-1.93663e-39 1.60602e-39 0)
(-7.18102e-34 1.18946e-34 0)
(-1.26809e-35 1.20591e-34 0)
(-1.60747e-36 1.8661e-36 0)
(-2.86148e-38 1.31231e-37 0)
(-9.07163e-32 -1.47143e-36 0)
(-1.12619e-33 -1.02408e-37 0)
(-1.49439e-34 -1.76416e-39 0)
(-2.23429e-36 -7.92656e-41 0)
(-6.22612e-34 -2.37647e-34 0)
(-1.09884e-35 -1.29023e-34 0)
(-1.48758e-36 -1.99483e-36 0)
(-2.65496e-38 -1.3726e-37 0)
(9.04238e-33 -8.4358e-34 0)
(1.32382e-34 -8.83729e-36 0)
(9.72458e-36 -7.30597e-38 0)
(1.48429e-37 -1.64325e-39 0)
(-2.72436e-34 -7.43317e-32 0)
(-4.29377e-36 -5.59756e-34 0)
(-3.13941e-37 -3.2629e-36 0)
(-5.04418e-39 -1.0258e-39 0)
(-1.82851e-32 1.4538e-33 0)
(-2.67989e-34 1.1122e-35 0)
(-1.98821e-35 6.65174e-38 0)
(-3.04063e-37 1.38793e-40 0)
(7.90102e-35 7.58041e-32 0)
(8.64065e-37 5.711e-34 0)
(6.97198e-38 3.3313e-36 0)
(8.336e-40 1.15266e-39 0)
(9.22489e-33 8.63267e-34 0)
(1.35192e-34 8.03706e-36 0)
(1.00283e-35 5.53001e-38 0)
(1.53357e-37 2.75493e-40 0)
(9.75987e-35 1.21066e-34 0)
(1.72958e-36 8.60007e-36 0)
(1.22593e-37 1.31304e-37 0)
(2.11147e-39 6.1487e-39 0)
(-8.32981e-37 3.08493e-36 0)
(-1.38131e-38 2.12782e-37 0)
(-1.20326e-39 3.67096e-39 0)
(-1.97593e-41 1.64455e-40 0)
(-1.02079e-34 1.35176e-34 0)
(-1.81627e-36 9.60263e-36 0)
(-1.26482e-37 1.46349e-37 0)
(-2.18569e-39 6.85706e-39 0)
(-1.0323e-32 8.31666e-34 0)
(-1.50909e-34 -1.26868e-36 0)
(-1.11993e-35 -9.59513e-38 0)
(-1.70964e-37 -7.11006e-39 0)
(1.10278e-32 8.46807e-32 0)
(1.62315e-34 6.27063e-34 0)
(1.20289e-35 3.55159e-36 0)
(1.84507e-37 -6.29599e-39 0)
(3.17016e-32 -8.98514e-32 0)
(4.64605e-34 -6.87352e-34 0)
(3.44673e-35 -4.11047e-36 0)
(5.27101e-37 -8.59159e-39 0)
(-1.08015e-32 -1.75541e-31 0)
(-1.58311e-34 -1.32368e-33 0)
(-1.17428e-35 -7.72539e-36 0)
(-1.79585e-37 -2.5406e-39 0)
(-3.23767e-32 -1.23844e-33 0)
(-4.74439e-34 -2.96349e-35 0)
(-3.51938e-35 -3.79131e-37 0)
(-5.38161e-37 -1.52125e-38 0)
(1.15e-32 9.00683e-32 0)
(1.68554e-34 6.49254e-34 0)
(1.25005e-35 3.48748e-36 0)
(1.91177e-37 -2.08491e-38 0)
(3.36678e-32 -9.55188e-32 0)
(4.93026e-34 -7.21336e-34 0)
(3.65814e-35 -4.21692e-36 0)
(5.59117e-37 -1.6626e-39 0)
(-2.30597e-32 -1.86152e-31 0)
(-3.376e-34 -1.41174e-33 0)
(-2.50537e-35 -8.33332e-36 0)
(-3.82863e-37 -1.03163e-38 0)
(-2.25949e-32 9.3751e-32 0)
(-3.31515e-34 7.02955e-34 0)
(-2.45876e-35 4.08434e-36 0)
(-3.76316e-37 1.22808e-39 0)
(1.12595e-32 -6.31304e-34 0)
(1.64115e-34 -2.04163e-35 0)
(1.20528e-35 -2.90365e-37 0)
(1.83359e-37 -1.29265e-38 0)
(-7.95176e-34 1.56491e-33 0)
(-1.40114e-35 1.82942e-34 0)
(-2.01449e-36 2.72893e-36 0)
(-3.60131e-38 1.87862e-37 0)
(-1.1778e-31 -2.56187e-33 0)
(-1.43444e-33 -2.14177e-35 0)
(-2.00951e-34 -1.37188e-37 0)
(-2.99987e-36 -4.77803e-40 0)
(-1.20338e-33 -1.00528e-31 0)
(-2.07253e-35 -9.38915e-34 0)
(-2.49424e-36 -7.24857e-36 0)
(-4.39249e-38 -1.97661e-37 0)
(-1.22087e-32 -1.14417e-33 0)
(-1.79115e-34 -1.25407e-35 0)
(-1.34253e-35 -1.08752e-37 0)
(-2.05713e-37 -2.73532e-39 0)
(-1.29214e-34 -1.60142e-34 0)
(-2.292e-36 -1.14984e-35 0)
(-1.64098e-37 -1.75905e-37 0)
(-2.83173e-39 -8.31919e-39 0)
(-9.2914e-36 -1.99218e-36 0)
(-1.56539e-37 -1.40166e-37 0)
(-1.3647e-38 -2.41911e-39 0)
(-2.2707e-40 -1.09741e-40 0)
(7.85555e-39 -2.82132e-37 0)
(1.53647e-40 -2.44848e-38 0)
(1.14602e-41 -4.07745e-40 0)
(2.12543e-43 -1.95884e-41 0)
(1.03567e-35 -2.08646e-36 0)
(1.74114e-37 -1.4264e-37 0)
(1.51058e-38 -2.46468e-39 0)
(2.5079e-40 -1.10088e-40 0)
(1.34699e-34 -1.78007e-34 0)
(2.39672e-36 -1.26432e-35 0)
(1.66957e-37 -1.92675e-37 0)
(2.88518e-39 -9.02739e-39 0)
(1.36038e-32 -1.09735e-33 0)
(1.98875e-34 1.56734e-36 0)
(1.47588e-35 1.24839e-37 0)
(2.25306e-37 9.29421e-39 0)
(-1.44192e-32 -1.11595e-31 0)
(-2.12235e-34 -8.26463e-34 0)
(-1.57284e-35 -4.68192e-36 0)
(-2.41255e-37 8.23032e-39 0)
(-4.16731e-32 1.17475e-31 0)
(-6.10766e-34 8.98805e-34 0)
(-4.53127e-35 5.37669e-36 0)
(-6.92979e-37 1.13491e-38 0)
(1.39784e-32 2.30575e-31 0)
(2.04422e-34 1.75063e-33 0)
(1.51746e-35 1.0343e-35 0)
(2.31715e-37 1.28891e-38 0)
(2.80372e-32 2.79011e-33 0)
(4.11352e-34 3.71341e-35 0)
(3.05073e-35 3.63523e-37 0)
(4.66898e-37 1.00236e-38 0)
(2.86874e-34 3.72643e-34 0)
(5.10025e-36 2.61208e-35 0)
(3.5936e-37 3.98517e-37 0)
(6.20807e-39 1.86127e-38 0)
(5.53768e-32 -3.09337e-44 0)
(5.51432e-30 -2.99585e-44 0)
(5.46645e-30 6.16799e-44 0)
(-5.46635e-30 6.13458e-44 0)
(-5.50709e-30 -3.06013e-44 0)
(8.76425e-35 -6.20976e-44 0)
(5.51433e-30 -3.11127e-44 0)
(5.52146e-30 3.0743e-44 0)
(5.5099e-32 3.11814e-44 0)
(7.2273e-33 4.36838e-46 0)
(8.7639e-35 3.51769e-47 0)
(5.9098e-36 4.79654e-49 0)
(-7.26412e-38 6.21734e-50 0)
(-1.17536e-35 8.07645e-49 0)
(-1.69365e-34 5.92472e-47 0)
(-1.4367e-32 4.24186e-46 0)
(-1.02976e-31 2.96228e-44 0)
(-1.09879e-29 -6.71918e-43 0)
(-5.51432e-30 5.70202e-42 0)
(5.46644e-30 1.85931e-38 0)
(5.5622e-30 3.91439e-36 0)
(5.5286e-30 6.41036e-34 0)
(6.24081e-32 7.30269e-32 0)
(6.24241e-32 6.41036e-34 0)
(5.52164e-30 3.93298e-36 0)
(5.52155e-30 3.91439e-36 0)
(5.50199e-32 6.37121e-34 0)
(7.31343e-33 7.23859e-32 0)
(1.73837e-34 -7.23859e-32 0)
(-6.72858e-35 -6.37121e-34 0)
(1.74431e-34 -3.87674e-36 0)
(1.44499e-32 3.99414e-36 0)
(1.10222e-31 6.5714e-34 0)
(1.1036e-29 7.48615e-32 0)
(1.10022e-29 6.61054e-34 0)
(-5.31567e-30 6.45048e-34 0)
(5.42579e-30 7.30269e-32 0)
(-5.48524e-32 6.37139e-34 0)
(-1.094e-29 -6.33332e-34 0)
(-1.08385e-31 -7.23862e-32 0)
(6.23745e-34 -6.57198e-33 0)
(4.36785e-32 -6.41963e-33 0)
(4.31351e-32 1.30796e-32 0)
(-4.31339e-32 1.30741e-32 0)
(-4.36009e-32 -6.50171e-33 0)
(1.12218e-36 -1.31504e-32 0)
(4.36786e-32 -6.58346e-33 0)
(4.3755e-32 6.49611e-33 0)
(6.2104e-34 6.57791e-33 0)
(7.75901e-35 8.18125e-35 0)
(1.12213e-36 5.61203e-36 0)
(7.21018e-38 7.22208e-38 0)
(-9.99308e-40 9.53004e-39 0)
(-1.43292e-37 1.41131e-37 0)
(-2.17212e-36 1.11519e-35 0)
(-1.54059e-34 1.58016e-34 0)
(-1.16456e-33 1.30741e-32 0)
(-8.689e-32 6.41983e-33 0)
(-4.36785e-32 -1.9587e-32 0)
(4.31349e-32 -1.32322e-32 0)
(4.42211e-32 -8.73074e-35 0)
(4.37456e-32 6.57491e-33 0)
(6.99681e-34 7.15955e-33 0)
(7.85726e-34 -6.48789e-33 0)
(4.37582e-32 -6.49597e-33 0)
(4.37553e-32 6.50191e-33 0)
(5.35184e-34 6.58608e-33 0)
(1.64545e-34 7.31511e-34 0)
(8.80775e-35 -6.4409e-34 0)
(-8.57154e-35 -8.16461e-36 0)
(1.22119e-36 -1.13211e-35 0)
(1.54004e-34 -1.59554e-34 0)
(1.15304e-33 -1.24934e-32 0)
(8.74366e-32 6.19288e-32 0)
(8.71312e-32 2.00863e-32 0)
(-4.15127e-32 6.67757e-33 0)
(4.26692e-32 -5.5276e-33 0)
(-5.31147e-34 1.94482e-32 0)
(-8.62605e-32 7.33874e-35 0)
(-1.38699e-33 -1.34133e-32 0)
(9.07617e-36 -6.97335e-35 0)
(2.34106e-34 -6.77833e-35 0)
(2.30552e-34 1.38637e-34 0)
(-2.30469e-34 1.3857e-34 0)
(-2.28791e-34 -6.88307e-35 0)
(7.63858e-38 -1.39546e-34 0)
(2.3411e-34 -6.98739e-35 0)
(2.39342e-34 6.87623e-35 0)
(8.8663e-36 6.98064e-35 0)
(5.31363e-36 1.04419e-36 0)
(7.63819e-38 6.84515e-38 0)
(6.05623e-39 9.91543e-40 0)
(-8.08351e-41 1.25085e-40 0)
(-1.20392e-38 1.93947e-39 0)
(-1.46704e-37 1.35913e-37 0)
(-1.0551e-35 2.01996e-36 0)
(-1.24249e-35 1.3857e-34 0)
(-4.69887e-34 6.77855e-35 0)
(-2.34104e-34 -2.07536e-34 0)
(2.30545e-34 -1.40591e-34 0)
(2.37655e-34 -1.0418e-36 0)
(2.43679e-34 7.069e-35 0)
(1.42503e-35 1.54716e-34 0)
(1.51684e-35 -6.77418e-35 0)
(2.39507e-34 -6.86904e-35 0)
(2.39412e-34 6.89026e-35 0)
(7.90981e-36 7.0757e-35 0)
(6.29019e-36 8.59101e-35 0)
(1.05297e-36 -8.47975e-35 0)
(-9.45414e-37 -9.5045e-37 0)
(6.38241e-38 -2.05668e-37 0)
(9.5726e-36 -1.96182e-36 0)
(-7.14574e-35 -1.31126e-34 0)
(4.73662e-34 5.37689e-34 0)
(5.69562e-34 2.14011e-34 0)
(-2.14484e-34 7.20661e-35 0)
(2.32378e-34 2.1098e-35 0)
(-7.74685e-36 2.06604e-34 0)
(-4.65616e-34 2.21694e-37 0)
(-2.85557e-35 -2.19296e-34 0)
(7.90274e-38 -5.01423e-36 0)
(9.53062e-37 -4.88207e-36 0)
(9.36211e-37 9.97623e-36 0)
(-9.35161e-37 9.97055e-36 0)
(-8.9311e-37 -4.95478e-36 0)
(9.71368e-40 -1.00373e-35 0)
(9.53113e-37 -5.02713e-36 0)
(1.012e-36 4.94903e-36 0)
(7.67604e-38 5.02145e-36 0)
(5.99278e-38 7.24236e-38 0)
(9.71318e-40 5.76012e-39 0)
(7.44476e-41 8.05056e-41 0)
(-1.08883e-42 1.08059e-41 0)
(-1.47904e-40 1.5725e-40 0)
(-1.86814e-39 1.14399e-38 0)
(-1.18885e-37 1.39091e-37 0)
(-9.36664e-38 9.97054e-36 0)
(-1.94813e-36 4.88228e-36 0)
(-9.53039e-37 -1.49368e-35 0)
(9.36058e-37 -1.01098e-35 0)
(9.69125e-37 -7.7269e-38 0)
(1.00561e-36 5.0233e-36 0)
(1.37586e-37 5.89731e-36 0)
(2.03146e-37 -4.93566e-36 0)
(1.01476e-36 -4.94808e-36 0)
(1.0123e-36 4.95578e-36 0)
(1.14205e-38 5.03398e-36 0)
(1.2624e-37 1.00167e-36 0)
(6.72842e-38 -9.23487e-37 0)
(-6.52069e-38 -1.24861e-38 0)
(1.31547e-40 -1.15188e-38 0)
(1.05554e-37 -7.20938e-38 0)
(-8.48149e-37 -8.99139e-36 0)
(1.96772e-36 7.81955e-35 0)
(3.06711e-36 1.58447e-35 0)
(-8.7764e-37 5.1857e-36 0)
(9.8022e-37 -3.73293e-36 0)
(-8.02649e-39 1.48218e-35 0)
(-1.86872e-36 6.64014e-38 0)
(-3.90794e-37 -1.06357e-35 0)
(2.79381e-39 -5.67193e-38 0)
(-3.75031e-39 -5.50327e-38 0)
(-3.7478e-39 1.12768e-37 0)
(3.79325e-39 1.12699e-37 0)
(6.44561e-39 -5.59584e-38 0)
(4.18566e-41 -1.13551e-37 0)
(-3.74823e-39 -5.68797e-38 0)
(-1.09949e-39 5.58877e-38 0)
(2.6903e-39 5.68099e-38 0)
(2.69391e-39 9.22285e-40 0)
(4.18543e-41 7.08201e-41 0)
(3.40808e-42 1.08253e-42 0)
(-4.77635e-44 1.39638e-43 0)
(-6.77273e-42 2.1163e-42 0)
(-8.02984e-41 1.4056e-40 0)
(-5.34602e-39 1.7738e-39 0)
(-2.69004e-39 1.12699e-37 0)
(4.85092e-39 5.50351e-38 0)
(3.75163e-39 -1.68798e-37 0)
(-3.75231e-39 -1.14474e-37 0)
(-3.76025e-39 -9.20856e-40 0)
(8.2048e-40 5.75197e-38 0)
(5.4227e-39 1.19049e-37 0)
(6.16492e-39 -5.50362e-38 0)
(-1.00496e-39 -5.58143e-38 0)
(-1.0641e-39 5.60319e-38 0)
(1.93159e-39 5.75901e-38 0)
(3.46792e-39 6.31628e-38 0)
(8.15855e-40 -6.21697e-38 0)
(-7.53002e-40 -7.79522e-40 0)
(-5.13162e-42 -1.99683e-40 0)
(4.46663e-39 -8.99431e-40 0)
(-6.26247e-38 -9.98485e-38 0)
(-4.7334e-39 8.55156e-37 0)
(6.84604e-38 1.80802e-37 0)
(6.58768e-39 5.95996e-38 0)
(-9.78301e-40 1.06956e-38 0)
(-1.83571e-39 1.67948e-37 0)
(5.46952e-39 3.41585e-40 0)
(-1.19668e-38 -1.71436e-37 0)
(2.97746e-41 -2.55431e-39 0)
(-7.9087e-41 -2.48421e-39 0)
(-7.83219e-41 5.08505e-39 0)
(7.88942e-41 5.08185e-39 0)
(1.1028e-40 -2.52425e-39 0)
(5.29814e-43 -5.11845e-39 0)
(-7.90335e-41 -2.56399e-39 0)
(-4.83995e-41 2.52101e-39 0)
(3.04525e-41 2.5608e-39 0)
(3.12041e-41 3.97888e-41 0)
(5.29785e-43 3.24261e-42 0)
(4.14912e-44 4.75148e-44 0)
(-6.25271e-46 6.1904e-45 0)
(-8.24115e-44 9.28723e-44 0)
(-1.01805e-42 6.43779e-42 0)
(-6.18791e-41 7.6337e-41 0)
(-2.97418e-41 5.08185e-39 0)
(1.26764e-40 2.48441e-39 0)
(7.90745e-41 -7.61254e-39 0)
(-7.84065e-41 -5.15827e-39 0)
(-8.02347e-41 -4.21179e-41 0)
(-5.09872e-41 2.5655e-39 0)
(6.21455e-41 3.26017e-39 0)
(9.55304e-41 -2.50982e-39 0)
(-4.68917e-41 -2.52007e-39 0)
(-4.82335e-41 2.52522e-39 0)
(-2.80618e-42 2.57112e-39 0)
(6.49968e-41 7.64574e-40 0)
(3.43224e-41 -7.21544e-40 0)
(-3.31915e-41 -1.02726e-41 0)
(-3.78022e-43 -6.38154e-42 0)
(5.02648e-41 -5.39054e-42 0)
(-7.32852e-40 -4.24579e-39 0)
(-1.26012e-40 5.96617e-38 0)
(7.28016e-40 8.40992e-39 0)
(8.57078e-41 2.68918e-39 0)
(-4.54185e-41 -1.63451e-39 0)
(4.65023e-42 7.5531e-39 0)
(1.57762e-40 3.50483e-41 0)
(-1.85975e-40 -5.66495e-39 0)
(-1.47405e-40 -3.8209e-42 0)
(-5.15168e-42 -2.76674e-41 0)
(-3.02779e-42 5.88906e-41 0)
(2.95055e-42 5.8837e-41 0)
(3.97101e-42 -2.92056e-41 0)
(1.63677e-44 -5.93014e-41 0)
(-2.96358e-42 -2.97087e-41 0)
(-1.97506e-42 2.91661e-41 0)
(9.75484e-43 2.96698e-41 0)
(1.00615e-42 5.03707e-43 0)
(1.63674e-44 3.94797e-44 0)
(1.29405e-45 6.2095e-46 0)
(-1.87377e-47 7.77514e-47 0)
(-2.57097e-45 1.21473e-45 0)
(-3.144e-44 7.83396e-44 0)
(-1.99594e-42 9.6796e-43 0)
(-9.46096e-43 5.88365e-41 0)
(4.91058e-42 2.87013e-41 0)
(2.96487e-42 -8.81205e-41 0)
(-2.936e-42 -5.98052e-41 0)
(-2.99931e-42 -5.02543e-43 0)
(-1.36789e-42 3.00572e-41 0)
(1.99672e-42 6.13365e-41 0)
(2.38317e-42 -2.86998e-41 0)
(-1.93651e-42 -2.91248e-41 0)
(-1.9627e-42 2.92469e-41 0)
(5.84175e-43 3.00961e-41 0)
(1.40514e-42 3.2169e-41 0)
(4.15352e-43 -3.16258e-41 0)
(-3.8937e-43 -4.25614e-43 0)
(-1.69748e-44 -1.05099e-43 0)
(1.50781e-42 -6.67085e-44 0)
(-3.27011e-41 -4.7832e-41 0)
(-4.89398e-42 6.96478e-40 0)
(3.17199e-41 9.86644e-41 0)
(3.95727e-42 3.16201e-41 0)
(-1.85557e-42 4.8766e-42 0)
(-5.43373e-43 8.76596e-41 0)
(5.22007e-42 2.02799e-43 0)
(-4.63628e-42 -8.86428e-41 0)
(-1.77159e-39 1.87735e-39 0)
(-2.71436e-41 7.75147e-41 0)
(-1.12146e-42 2.95533e-42 0)
(1.8351e-44 1.9308e-42 0)
(4.55973e-44 -9.42031e-43 0)
(1.95535e-46 -1.91238e-42 0)
(-3.44748e-44 -9.58004e-43 0)
(-2.31073e-44 9.41229e-43 0)
(1.11971e-44 9.56791e-43 0)
(1.15844e-44 1.5563e-44 0)
(2.02206e-46 1.2313e-45 0)
(1.53371e-47 1.85945e-47 0)
(-2.3552e-49 2.29009e-48 0)
(-3.04579e-47 3.63903e-47 0)
(-3.89066e-46 2.44403e-45 0)
(-2.29668e-44 2.98955e-44 0)
(-1.08248e-44 1.89804e-42 0)
(5.72253e-44 9.26878e-43 0)
(3.44898e-44 -2.84294e-42 0)
(-3.41338e-44 -1.92796e-42 0)
(-3.50391e-44 -1.62916e-44 0)
(-2.41387e-44 9.60359e-43 0)
(2.29685e-44 1.32183e-42 0)
(3.54274e-44 -9.35198e-43 0)
(-2.25267e-44 -9.40715e-43 0)
(-2.30498e-44 9.42982e-43 0)
(-1.2106e-45 9.62336e-43 0)
(2.42004e-44 3.88924e-43 0)
(1.28181e-44 -3.7213e-43 0)
(-1.23857e-44 -5.51756e-45 0)
(-3.15556e-46 -2.3646e-45 0)
(1.66374e-44 1.05999e-44 0)
(-3.86744e-43 -1.4344e-42 0)
(-5.70379e-44 3.1067e-41 0)
(3.74546e-43 3.29159e-42 0)
(3.84711e-44 1.02133e-42 0)
(-2.16017e-44 -5.02652e-43 0)
(1.9267e-45 2.8211e-42 0)
(6.8691e-44 1.26438e-44 0)
(-6.90368e-44 -2.2168e-42 0)
(-1.4486e-37 -1.23484e-42 0)
(-1.9746e-39 -4.69982e-44 0)
(-8.2617e-41 2.13444e-44 0)
(-1.11163e-42 2.18294e-44 0)
(-3.33854e-44 -1.08392e-44 0)
(-4.46255e-46 -2.20193e-44 0)
(-8.61208e-46 -1.10311e-44 0)
(-5.70679e-46 1.08244e-44 0)
(2.75652e-46 1.10167e-44 0)
(2.84865e-46 1.92275e-46 0)
(4.78102e-48 1.45939e-47 0)
(3.56719e-49 2.33329e-49 0)
(-5.28655e-51 2.75964e-50 0)
(-7.08569e-49 4.57013e-49 0)
(-9.20512e-48 2.89549e-47 0)
(-5.64953e-46 3.69966e-46 0)
(-2.66796e-46 2.18413e-44 0)
(1.41232e-45 1.06465e-44 0)
(8.50633e-46 -3.27093e-44 0)
(-8.41967e-46 -2.22116e-44 0)
(-8.61548e-46 -1.91446e-46 0)
(-4.32648e-46 1.11703e-44 0)
(5.64948e-46 2.28358e-44 0)
(7.08195e-46 -1.06416e-44 0)
(-5.58761e-46 -1.08088e-44 0)
(-5.6743e-46 1.08547e-44 0)
(1.31459e-46 1.11843e-44 0)
(4.31841e-46 1.20065e-44 0)
(1.51753e-46 -1.17996e-44 0)
(-1.43734e-46 -1.67274e-46 0)
(-9.31023e-48 -3.64913e-47 0)
(3.72109e-46 1.32374e-46 0)
(-1.23847e-44 -1.58383e-44 0)
(-1.40775e-45 3.67407e-43 0)
(1.20829e-44 3.85365e-44 0)
(1.1502e-45 1.19233e-44 0)
(-5.31217e-46 1.90612e-45 0)
(-1.18399e-46 3.2537e-44 0)
(1.53301e-45 7.40546e-47 0)
(-1.37893e-45 -3.29607e-44 0)
(-1.68468e-39 -1.96358e-39 0)
(-2.58251e-41 -8.10761e-41 0)
(-1.04912e-42 -1.09008e-42 0)
(-1.54215e-44 -3.30654e-44 0)
(-4.51968e-46 -7.0529e-46 0)
(-6.4576e-48 -5.52052e-46 0)
(-9.69214e-48 -2.71368e-46 0)
(-6.40545e-48 2.66353e-46 0)
(3.08621e-48 2.70901e-46 0)
(3.19592e-48 4.54618e-48 0)
(5.68085e-50 3.39411e-49 0)
(4.05744e-51 5.22993e-51 0)
(-6.30507e-53 5.98254e-52 0)
(-8.05661e-51 1.02511e-50 0)
(-1.09557e-49 6.736e-49 0)
(-6.33509e-48 8.75315e-48 0)
(-2.98057e-48 5.37262e-46 0)
(1.58404e-47 2.62143e-46 0)
(9.54258e-48 -8.0463e-46 0)
(-9.44138e-48 -5.46023e-46 0)
(-9.70066e-48 -4.70106e-48 0)
(-6.77644e-48 2.72515e-46 0)
(6.33497e-48 4.06458e-46 0)
(9.8591e-48 -2.64063e-46 0)
(-6.2378e-48 -2.66167e-46 0)
(-6.39006e-48 2.66885e-46 0)
(-4.22097e-49 2.73014e-46 0)
(6.76493e-48 1.42023e-46 0)
(3.62576e-48 -1.37138e-46 0)
(-3.50346e-48 -2.10237e-48 0)
(-1.37788e-49 -6.27904e-49 0)
(3.91284e-48 6.73943e-48 0)
(-1.44531e-46 -3.54068e-46 0)
(-1.57883e-47 1.17689e-44 0)
(1.41101e-46 9.83484e-46 0)
(1.12178e-47 2.93909e-46 0)
(-5.93165e-48 -1.09179e-46 0)
(6.29515e-49 7.98687e-46 0)
(1.90888e-47 3.27596e-48 0)
(-1.92249e-47 -6.58953e-46 0)
(6.47167e-39 -2.29484e-41 0)
(8.7296e-41 -9.12342e-43 0)
(2.67762e-42 -1.3465e-44 0)
(3.5032e-44 -4.06748e-46 0)
(8.39232e-46 -8.80748e-48 0)
(1.05046e-47 -6.21366e-48 0)
(1.70231e-50 -3.04499e-48 0)
(-1.22511e-49 2.98529e-48 0)
(6.03175e-50 3.03934e-48 0)
(6.2349e-50 5.40188e-50 0)
(1.07069e-51 3.86064e-51 0)
(7.39628e-53 6.22736e-53 0)
(-1.11461e-54 6.83045e-54 0)
(-1.46892e-52 1.2216e-52 0)
(-2.06737e-51 7.6591e-51 0)
(-1.23628e-49 1.04179e-49 0)
(-5.82823e-50 6.02473e-48 0)
(3.09119e-49 2.9351e-48 0)
(1.86197e-49 -9.02157e-48 0)
(-1.84251e-49 -6.12897e-48 0)
(-1.88797e-49 -5.36307e-50 0)
(-1.02899e-49 3.08526e-48 0)
(1.23625e-49 6.38313e-48 0)
(1.63104e-49 -2.93169e-48 0)
(-1.22149e-49 -2.98101e-48 0)
(-1.24348e-49 2.9935e-48 0)
(2.07018e-50 3.08879e-48 0)
(1.0268e-49 3.39439e-48 0)
(4.14007e-50 -3.33651e-48 0)
(-3.95001e-50 -4.93258e-50 0)
(-3.07235e-51 -8.9542e-51 0)
(6.6755e-50 8.1535e-50 0)
(-3.53882e-48 -3.72554e-48 0)
(-3.08103e-49 1.37348e-46 0)
(3.47243e-48 1.12712e-47 0)
(2.58053e-49 3.34044e-48 0)
(-1.1522e-49 6.16205e-49 0)
(-1.74859e-50 8.97484e-48 0)
(3.43564e-49 1.82711e-50 0)
(-3.17847e-49 -9.17312e-48 0)
(-2.18746e-40 1.82222e-40 0)
(-3.07314e-42 7.63583e-42 0)
(-9.39141e-44 1.02466e-43 0)
(-1.27138e-45 2.4842e-45 0)
(-3.03906e-47 3.11233e-47 0)
(-3.91921e-49 4.88396e-49 0)
(-9.58485e-51 -5.21542e-50 0)
(-1.43708e-51 5.83892e-50 0)
(6.46394e-52 5.92927e-50 0)
(6.71244e-52 1.01809e-51 0)
(1.20815e-53 7.03688e-53 0)
(7.96876e-55 1.0989e-54 0)
(-1.24665e-56 1.15154e-55 0)
(-1.58215e-54 2.15761e-54 0)
(-2.33662e-53 1.3964e-52 0)
(-1.33045e-51 1.96581e-51 0)
(-6.25264e-52 1.17566e-49 0)
(3.32642e-51 5.73245e-50 0)
(2.00409e-51 -1.76049e-49 0)
(-1.98242e-51 -1.19533e-49 0)
(-2.03861e-51 -1.03984e-51 0)
(-1.45406e-51 5.97946e-50 0)
(1.33043e-51 9.66971e-50 0)
(2.10111e-51 -5.76294e-50 0)
(-1.30895e-51 -5.82239e-50 0)
(-1.34288e-51 5.83934e-50 0)
(-1.19021e-52 5.98878e-50 0)
(1.45169e-51 3.87287e-50 0)
(7.92491e-52 -3.76402e-50 0)
(-7.66151e-52 -5.93783e-52 0)
(-4.01079e-53 -1.22989e-52 0)
(6.46688e-52 2.32427e-51 0)
(-4.00568e-50 -6.35323e-50 0)
(-3.3153e-51 3.36346e-48 0)
(3.93349e-50 2.29117e-49 0)
(2.49873e-51 6.5384e-50 0)
(-1.23425e-51 -1.59904e-50 0)
(1.64946e-52 1.74825e-49 0)
(4.03906e-51 6.19313e-52 0)
(-4.09976e-51 -1.51768e-49 0)
(-1.3387e-38 -1.90629e-42 0)
(-1.80965e-40 -9.90511e-44 0)
(-5.60421e-42 -1.34933e-45 0)
(-7.35077e-44 -3.29852e-47 0)
(-1.77708e-45 -4.16171e-49 0)
(-2.23161e-47 -9.40706e-51 0)
(-4.35626e-49 -7.36001e-52 0)
(-5.19971e-51 6.25299e-52 0)
(-7.31979e-53 6.38336e-52 0)
(9.73934e-54 1.14878e-53 0)
(1.73931e-55 7.5815e-55 0)
(1.16171e-56 1.22711e-56 0)
(-1.80569e-58 1.22994e-57 0)
(-2.33264e-56 2.41124e-56 0)
(-3.61283e-55 1.50405e-54 0)
(-2.11518e-53 2.22183e-53 0)
(-9.95735e-54 1.26523e-51 0)
(5.28795e-53 6.16123e-52 0)
(3.1856e-53 -1.89436e-51 0)
(-3.15159e-53 -1.28746e-51 0)
(-3.23388e-53 -1.13659e-53 0)
(-1.91421e-53 6.48912e-52 0)
(2.11514e-53 1.36976e-51 0)
(2.94376e-53 -6.1479e-52 0)
(-2.08657e-53 -6.2597e-52 0)
(-2.12994e-53 6.28516e-52 0)
(2.02598e-54 6.4956e-52 0)
(1.91072e-53 7.41561e-52 0)
(8.62427e-54 -7.29315e-52 0)
(-8.27281e-54 -1.11765e-53 0)
(-7.11673e-55 -1.59652e-54 0)
(8.29981e-54 2.69181e-53 0)
(-7.79545e-52 -6.15884e-52 0)
(-5.27035e-53 3.80728e-50 0)
(7.68148e-52 2.53314e-51 0)
(4.57048e-53 7.12571e-52 0)
(-1.95272e-53 1.59761e-52 0)
(-1.40885e-54 1.88492e-51 0)
(6.02909e-53 3.08773e-54 0)
(-5.74142e-53 -1.95503e-51 0)
(4.06998e-41 -1.84535e-40 0)
(4.40838e-43 -7.77251e-42 0)
(1.51815e-44 -1.04391e-43 0)
(1.62615e-46 -2.53849e-45 0)
(4.35785e-48 -3.18958e-47 0)
(4.54681e-50 -6.22667e-49 0)
(9.75728e-52 -7.4122e-51 0)
(9.59062e-54 -1.09396e-52 0)
(2.7678e-55 8.81646e-54 0)
(1.10389e-55 1.59352e-55 0)
(1.99862e-57 1.09893e-56 0)
(1.18551e-58 1.73792e-58 0)
(-1.85287e-60 1.6664e-59 0)
(-2.3493e-58 3.46027e-58 0)
(-3.83115e-57 2.2174e-56 0)
(-2.15511e-55 3.43518e-55 0)
(-1.01189e-55 2.01137e-53 0)
(5.38731e-55 9.80173e-54 0)
(3.24607e-55 -3.01151e-53 0)
(-3.21036e-55 -2.04574e-53 0)
(-3.30434e-55 -1.79005e-55 0)
(-2.42504e-55 1.02603e-53 0)
(2.15508e-55 1.80033e-53 0)
(3.47291e-55 -9.83081e-54 0)
(-2.11809e-55 -9.9584e-54 0)
(-2.17677e-55 9.98895e-54 0)
(-2.61538e-56 1.02734e-53 0)
(2.42153e-55 8.06431e-54 0)
(1.35382e-55 -7.87579e-54 0)
(-1.30992e-55 -1.27427e-55 0)
(-8.40174e-57 -1.78963e-56 0)
(6.92412e-56 5.48546e-55 0)
(-8.44157e-54 -7.90216e-54 0)
(-5.36909e-55 7.40989e-52 0)
(8.32443e-54 4.21595e-53 0)
(4.33061e-55 1.13744e-53 0)
(-1.98017e-55 -1.25394e-54 0)
(3.40346e-56 2.99228e-53 0)
(6.61104e-55 8.44163e-56 0)
(-6.78078e-55 -2.73931e-53 0)
(6.75157e-39 4.72033e-43 0)
(9.12651e-41 -1.83426e-44 0)
(2.8264e-42 -3.54974e-46 0)
(3.70721e-44 -8.04673e-48 0)
(8.96276e-46 -1.1915e-49 0)
(1.12553e-47 -2.15776e-51 0)
(2.19707e-49 -2.91949e-53 0)
(2.61192e-51 -3.41356e-55 0)
(4.21236e-53 9.79625e-56 0)
(4.70424e-55 1.80692e-57 0)
(6.3751e-57 1.11783e-58 0)
(6.69197e-59 1.81113e-60 0)
(7.30457e-61 1.64388e-61 0)
(-2.85322e-60 3.58243e-60 0)
(-4.94531e-59 2.23323e-58 0)
(-2.84342e-57 3.64271e-57 0)
(-1.33685e-57 2.04933e-55 0)
(7.10727e-57 9.97602e-56 0)
(4.28215e-57 -3.06796e-55 0)
(-4.23556e-57 -2.08578e-55 0)
(-4.35249e-57 -1.8505e-57 0)
(-2.80155e-57 1.05295e-55 0)
(2.84338e-57 2.28499e-55 0)
(4.18501e-57 -9.94116e-56 0)
(-2.80003e-57 -1.01385e-55 0)
(-2.867e-57 1.01781e-55 0)
(4.72729e-59 1.05382e-55 0)
(2.79727e-57 1.26623e-55 0)
(1.38824e-57 -1.24633e-55 0)
(-1.33715e-57 -1.9721e-57 0)
(-1.22099e-58 -2.07656e-58 0)
(5.85392e-58 6.00831e-57 0)
(-1.3401e-55 -6.59839e-56 0)
(-7.08337e-57 8.0242e-54 0)
(1.32472e-55 4.44015e-55 0)
(6.44214e-57 1.17274e-55 0)
(-2.5994e-57 3.26634e-56 0)
(4.56001e-59 3.05367e-55 0)
(8.3297e-57 3.3472e-58 0)
(-8.16903e-57 -3.23168e-55 0)
(8.88915e-41 8.69806e-41 0)
(1.31283e-42 2.68699e-42 0)
(3.91015e-44 3.5236e-44 0)
(5.5001e-46 8.51787e-46 0)
(1.28633e-47 1.06964e-47 0)
(1.70951e-49 2.08788e-49 0)
(3.2469e-51 2.48207e-51 0)
(4.04256e-53 4.0028e-53 0)
(6.38004e-55 4.47016e-55 0)
(7.38837e-57 6.05771e-57 0)
(9.85097e-59 6.35884e-59 0)
(1.05745e-60 7.36713e-61 0)
(1.16631e-62 8.5831e-63 0)
(-2.64572e-62 4.27102e-62 0)
(-4.85997e-61 2.71888e-60 0)
(-2.70647e-59 4.70181e-59 0)
(-1.26974e-59 2.70368e-57 0)
(6.7643e-59 1.31689e-57 0)
(4.07617e-59 -4.04751e-57 0)
(-4.03065e-59 -2.75072e-57 0)
(-4.15271e-59 -2.41548e-59 0)
(-3.16139e-59 1.38371e-57 0)
(2.70642e-59 2.63702e-57 0)
(4.47708e-59 -1.31721e-57 0)
(-2.65672e-59 -1.3383e-57 0)
(-2.73605e-59 1.34254e-57 0)
(-4.42694e-60 1.38506e-57 0)
(3.15741e-59 1.29761e-57 0)
(1.81662e-59 -1.27204e-57 0)
(-1.75955e-59 -2.10593e-59 0)
(-1.30941e-60 -1.90967e-60 0)
(3.00424e-60 9.49194e-59 0)
(-1.37092e-57 -5.58042e-58 0)
(-6.7412e-59 1.27387e-55 0)
(1.35618e-57 6.17045e-57 0)
(5.88893e-59 1.55532e-57 0)
(-2.46197e-59 5.11061e-59 0)
(5.48174e-60 4.02449e-57 0)
(8.41666e-59 7.80538e-60 0)
(-8.74693e-59 -3.89458e-57 0)
(-8.93543e-43 2.54405e-42 0)
(-1.25037e-44 7.55245e-44 0)
(-3.78789e-46 1.06443e-45 0)
(-5.04467e-48 2.4911e-47 0)
(-1.16613e-49 3.31778e-49 0)
(-1.46669e-51 6.31087e-51 0)
(-2.70207e-53 7.87381e-53 0)
(-3.18061e-55 1.24498e-54 0)
(-4.80032e-57 1.4433e-56 0)
(-5.21995e-59 1.92766e-58 0)
(-6.56671e-61 2.06243e-60 0)
(-6.45019e-63 2.35623e-62 0)
(-7.2201e-65 2.42487e-64 0)
(-2.71631e-64 4.05849e-64 0)
(-5.30518e-63 2.52576e-62 0)
(-3.00188e-61 4.62057e-61 0)
(-1.40969e-61 2.57342e-59 0)
(7.50193e-61 1.25234e-59 0)
(4.52049e-61 -3.85205e-59 0)
(-4.47042e-61 -2.61964e-59 0)
(-4.60098e-61 -2.33007e-61 0)
(-3.22611e-61 1.32505e-59 0)
(3.00184e-61 2.97971e-59 0)
(4.68616e-61 -1.2458e-59 0)
(-2.95029e-61 -1.27309e-59 0)
(-3.03132e-61 1.27784e-59 0)
(-2.14562e-62 1.32591e-59 0)
(3.22206e-61 1.69834e-59 0)
(1.73467e-61 -1.67333e-59 0)
(-1.6762e-61 -2.72646e-61 0)
(-1.5873e-62 -1.92973e-62 0)
(-1.03614e-62 9.7115e-61 0)
(-1.80768e-59 -2.87373e-60 0)
(-7.47646e-61 1.30318e-57 0)
(1.79139e-59 6.11614e-59 0)
(7.25035e-61 1.49721e-59 0)
(-2.71615e-61 5.22256e-60 0)
(3.24244e-62 3.83586e-59 0)
(9.05875e-61 1.54462e-62 0)
(-9.15447e-61 -4.16641e-59 0)
(-9.14285e-41 9.68698e-41 0)
(-1.3561e-42 2.99438e-42 0)
(-4.03463e-44 3.92235e-44 0)
(-5.70017e-46 9.48742e-46 0)
(-1.3352e-47 1.19031e-47 0)
(-1.78207e-49 2.32465e-49 0)
(-3.39481e-51 2.7615e-51 0)
(-4.24414e-53 4.45528e-53 0)
(-6.72303e-55 4.95749e-55 0)
(-7.80205e-57 6.71416e-57 0)
(-1.04377e-58 6.92047e-59 0)
(-1.11328e-60 7.9558e-61 0)
(-1.27121e-62 7.50414e-63 0)
(-1.25518e-64 7.77814e-65 0)
(-4.88923e-65 2.58211e-64 0)
(-2.63202e-63 5.04354e-63 0)
(-1.2339e-63 2.85413e-61 0)
(6.57696e-63 1.38953e-61 0)
(3.96365e-63 -4.27212e-61 0)
(-3.91878e-63 -2.90458e-61 0)
(-4.04194e-63 -2.55735e-63 0)
(-3.2212e-63 1.46599e-61 0)
(2.63197e-63 3.03896e-61 0)
(4.50051e-63 -1.38552e-61 0)
(-2.57986e-63 -1.4125e-61 0)
(-2.66372e-63 1.41703e-61 0)
(-5.75037e-64 1.46702e-61 0)
(3.21778e-63 1.62082e-61 0)
(1.91393e-63 -1.59366e-61 0)
(-1.85599e-63 -2.69513e-63 0)
(-1.54036e-64 -1.42675e-64 0)
(-4.30279e-64 1.23827e-62 0)
(-1.72498e-61 9.69239e-63 0)
(-6.5543e-63 1.71835e-59 0)
(1.71062e-61 7.19898e-61 0)
(6.29996e-63 1.67132e-61 0)
(-2.36893e-63 3.11766e-62 0)
(6.85192e-64 4.25145e-61 0)
(8.33016e-63 3.77274e-64 0)
(-8.79811e-63 -4.36112e-61 0)
(-7.5314e-39 -1.04581e-40 0)
(-1.01668e-40 -3.26627e-42 0)
(-3.15054e-42 -4.3003e-44 0)
(-4.12781e-44 -1.03847e-45 0)
(-9.98542e-46 -1.30716e-47 0)
(-1.25281e-47 -2.54862e-49 0)
(-2.4468e-49 -3.03574e-51 0)
(-2.90664e-51 -4.89106e-53 0)
(-4.68954e-53 -5.45446e-55 0)
(-5.2182e-55 -7.37951e-57 0)
(-7.06736e-57 -7.61984e-59 0)
(-7.28456e-59 -8.75342e-61 0)
(-8.37443e-61 -8.26788e-63 0)
(-7.89893e-63 -8.11796e-65 0)
(-7.80668e-65 1.48238e-66 0)
(-2.54093e-65 4.53245e-65 0)
(-1.16147e-65 2.5024e-63 0)
(6.18366e-65 1.21745e-63 0)
(3.72657e-65 -3.74525e-63 0)
(-3.68459e-65 -2.54774e-63 0)
(-3.7986e-65 -2.26887e-65 0)
(-2.90906e-65 1.29182e-63 0)
(2.47482e-65 3.03721e-63 0)
(4.11239e-65 -1.20837e-63 0)
(-2.42697e-65 -1.23794e-63 0)
(-2.50351e-65 1.24232e-63 0)
(-4.2238e-66 1.29241e-63 0)
(2.9061e-65 1.78855e-63 0)
(1.67998e-65 -1.76424e-63 0)
(-1.62751e-65 -2.95399e-65 0)
(-1.57617e-66 -1.19446e-66 0)
(-8.7064e-66 1.16781e-64 0)
(-1.91312e-63 4.07471e-64 0)
(-6.16246e-65 1.63974e-61 0)
(1.89964e-63 6.6336e-63 0)
(6.51014e-65 1.48154e-63 0)
(-2.21473e-65 6.49136e-64 0)
(5.23598e-66 3.73185e-63 0)
(7.71471e-65 -1.74357e-66 0)
(-8.03962e-65 -4.1884e-63 0)
(8.11386e-39 -3.1256e-40 0)
(1.0994e-40 -1.19612e-41 0)
(3.40107e-42 -1.5955e-43 0)
(4.46958e-44 -3.8741e-45 0)
(1.07954e-45 -4.86588e-47 0)
(1.35782e-47 -9.49979e-49 0)
(2.6483e-49 -1.12913e-50 0)
(3.1525e-51 -1.82103e-52 0)
(5.08047e-53 -2.02718e-54 0)
(5.66271e-55 -2.74469e-56 0)
(7.66261e-57 -2.82998e-58 0)
(7.90869e-59 -3.25261e-60 0)
(9.08615e-61 -3.06867e-62 0)
(8.57908e-63 -3.0151e-64 0)
(8.427e-65 -2.54865e-66 0)
(5.21224e-67 4.00244e-67 0)
(-8.61495e-68 2.35282e-65 0)
(4.91741e-67 1.14499e-65 0)
(2.96351e-67 -3.52128e-65 0)
(-2.92952e-67 -2.39503e-65 0)
(-3.02554e-67 -2.11427e-67 0)
(-2.55153e-67 1.21341e-65 0)
(1.96805e-67 2.74227e-65 0)
(3.50799e-67 -1.13752e-65 0)
(-1.92564e-67 -1.16424e-65 0)
(-1.99461e-67 1.16795e-65 0)
(-5.70548e-68 1.21395e-65 0)
(2.54931e-67 1.56917e-65 0)
(1.57441e-67 -1.54666e-65 0)
(-1.52864e-67 -2.66868e-67 0)
(-1.37225e-68 -6.42539e-69 0)
(-1.04632e-67 1.23038e-66 0)
(-1.67997e-65 8.26348e-66 0)
(-4.89987e-67 1.81855e-63 0)
(1.6692e-65 6.68032e-65 0)
(5.29053e-67 1.40399e-65 0)
(-1.75102e-67 4.96121e-66 0)
(6.59851e-68 3.50785e-65 0)
(6.37022e-67 -1.25535e-68 0)
(-6.8619e-67 -3.82718e-65 0)
(2.32064e-38 1.17471e-40 0)
(3.13698e-40 6.09165e-42 0)
(9.71484e-42 8.2903e-44 0)
(1.27423e-43 2.021e-45 0)
(3.08057e-45 2.5422e-47 0)
(3.86848e-47 4.96104e-49 0)
(7.55118e-49 5.90185e-51 0)
(8.97682e-51 9.51424e-53 0)
(1.44763e-52 1.0599e-54 0)
(1.61176e-54 1.43457e-56 0)
(2.18207e-56 1.48002e-58 0)
(2.25015e-58 1.70066e-60 0)
(2.58604e-60 1.60522e-62 0)
(2.44002e-62 1.577e-64 0)
(2.39733e-64 1.34345e-66 0)
(2.03992e-66 1.47358e-68 0)
(1.64631e-68 1.87183e-67 0)
(4.06597e-69 9.10024e-68 0)
(2.37313e-69 -2.79986e-67 0)
(-2.34501e-69 -1.90515e-67 0)
(-2.4221e-69 -1.69783e-69 0)
(-2.03391e-69 9.68949e-68 0)
(1.57549e-69 2.40683e-67 0)
(2.79974e-69 -9.00589e-68 0)
(-1.54113e-69 -9.25563e-68 0)
(-1.59706e-69 9.28662e-68 0)
(-4.47928e-70 9.69208e-68 0)
(2.03228e-69 1.47064e-67 0)
(1.25179e-69 -1.45249e-67 0)
(-1.21522e-69 -2.49507e-69 0)
(-1.19358e-70 -3.72626e-71 0)
(-1.2336e-69 1.05404e-68 0)
(-1.57998e-67 9.93523e-68 0)
(-3.92219e-69 1.59691e-65 0)
(1.57135e-67 5.64814e-67 0)
(4.63985e-69 1.12883e-67 0)
(-1.39288e-69 6.22465e-68 0)
(5.20224e-70 2.79221e-67 0)
(5.09124e-69 -4.35357e-70 0)
(-5.4772e-69 -3.26471e-67 0)
(-7.90606e-39 4.30197e-40 0)
(-1.06876e-40 1.81019e-41 0)
(-3.30979e-42 2.43102e-43 0)
(-4.34143e-44 5.91166e-45 0)
(-1.04959e-45 7.42777e-47 0)
(-1.3181e-47 1.45004e-48 0)
(-2.57297e-49 1.72379e-50 0)
(-3.05889e-51 2.77984e-52 0)
(-4.93301e-53 3.09498e-54 0)
(-5.49258e-55 4.19015e-56 0)
(-7.43638e-57 4.32085e-58 0)
(-7.66875e-59 4.96589e-60 0)
(-8.81387e-61 4.68547e-62 0)
(-8.31658e-63 4.60355e-64 0)
(-8.17142e-65 3.92025e-66 0)
(-6.95897e-67 3.30592e-68 0)
(-5.86893e-69 1.74761e-69 0)
(-1.64779e-71 7.30354e-70 0)
(1.64892e-71 -2.24115e-69 0)
(-1.66163e-71 -1.52492e-69 0)
(-1.71862e-71 -1.35039e-71 0)
(-1.554e-71 7.75965e-70 0)
(1.11641e-71 1.91861e-69 0)
(2.0965e-71 -7.20679e-70 0)
(-1.08991e-71 -7.41005e-70 0)
(-1.13358e-71 7.43327e-70 0)
(-4.28427e-72 7.76127e-70 0)
(1.55292e-71 1.16883e-69 0)
(9.99921e-72 -1.15443e-69 0)
(-9.72076e-72 -2.03061e-71 0)
(-9.21113e-73 -4.1604e-74 0)
(-1.16352e-71 9.30776e-71 0)
(-1.25754e-69 1.17178e-69 0)
(-2.77895e-71 1.50181e-67 0)
(1.2514e-69 4.89769e-69 0)
(3.46345e-71 9.12226e-70 0)
(-9.80507e-72 4.90077e-70 0)
(4.84022e-72 2.2354e-69 0)
(3.71917e-71 -4.10623e-72 0)
(-4.1032e-71 -2.60544e-69 0)
(-2.36932e-38 -2.11688e-40 0)
(-3.20259e-40 -6.50002e-42 0)
(-9.91838e-42 -8.51945e-44 0)
(-1.30088e-43 -2.05916e-45 0)
(-3.14514e-45 -2.58592e-47 0)
(-3.94948e-47 -5.04764e-49 0)
(-7.70969e-49 -6.00097e-51 0)
(-9.16516e-51 -9.67758e-53 0)
(-1.47808e-52 -1.07755e-54 0)
(-1.64566e-54 -1.45889e-56 0)
(-2.22809e-56 -1.5045e-58 0)
(-2.29762e-58 -1.72917e-60 0)
(-2.64073e-60 -1.63164e-62 0)
(-2.49165e-62 -1.60318e-64 0)
(-2.44817e-64 -1.36531e-66 0)
(-2.08482e-66 -1.15044e-68 0)
(-1.75672e-68 -7.64333e-71 0)
(-1.32721e-70 4.5321e-72 0)
(-8.44839e-73 -1.58834e-71 0)
(-1.19528e-73 -1.08079e-71 0)
(-1.17205e-73 -9.64038e-74 0)
(-1.08542e-73 5.51825e-72 0)
(7.60706e-74 1.46659e-71 0)
(1.45508e-73 -5.08724e-72 0)
(-7.41916e-74 -5.24987e-72 0)
(-7.73052e-74 5.26648e-72 0)
(-3.17895e-74 5.5187e-72 0)
(1.08475e-73 9.3363e-72 0)
(7.07931e-74 -9.23339e-72 0)
(-6.88431e-74 -1.62488e-73 0)
(-6.82724e-75 8.78306e-76 0)
(-1.05798e-73 7.12526e-73 0)
(-1.007e-71 1.10535e-71 0)
(-1.89336e-73 1.19531e-69 0)
(1.00281e-71 3.74524e-71 0)
(2.59838e-73 6.53953e-72 0)
(-6.63219e-74 4.55126e-72 0)
(3.57252e-74 1.5854e-71 0)
(2.56055e-73 -4.67257e-74 0)
(-2.84838e-73 -1.95094e-71 0)
(8.41589e-39 -5.33372e-40 0)
(1.13771e-40 -1.89371e-41 0)
(3.52331e-42 -2.51203e-43 0)
(4.62167e-44 -6.09091e-45 0)
(1.11736e-45 -7.6496e-47 0)
(1.40327e-47 -1.49337e-48 0)
(2.73931e-49 -1.77508e-50 0)
(3.25679e-51 -2.86274e-52 0)
(5.25239e-53 -3.18696e-54 0)
(5.84846e-55 -4.3149e-56 0)
(7.91857e-57 -4.44914e-58 0)
(8.16641e-59 -5.11353e-60 0)
(9.38628e-61 -4.82448e-62 0)
(8.85714e-63 -4.74025e-64 0)
(8.70295e-65 -4.03647e-66 0)
(7.41188e-67 -3.40116e-68 0)
(6.24571e-69 -2.57243e-70 0)
(4.72588e-71 -1.82212e-72 0)
(3.41837e-73 -1.20445e-73 0)
(1.55149e-75 -7.3714e-74 0)
(-7.11791e-76 -6.55061e-76 0)
(-7.14984e-76 3.76653e-74 0)
(4.70536e-76 1.02456e-73 0)
(9.4367e-76 -3.45991e-74 0)
(-4.58039e-76 -3.57719e-74 0)
(-4.78956e-76 3.58804e-74 0)
(-2.39594e-76 3.76655e-74 0)
(7.14681e-76 6.60789e-74 0)
(4.81619e-76 -6.53812e-74 0)
(-4.68791e-76 -1.17175e-75 0)
(-4.60018e-77 1.69628e-77 0)
(-8.37373e-76 5.31385e-75 0)
(-7.13901e-74 1.00519e-73 0)
(-1.171e-75 9.57134e-72 0)
(7.11303e-74 2.80382e-73 0)
(1.74618e-75 4.50725e-74 0)
(-4.06986e-76 3.35463e-74 0)
(2.6571e-76 1.08076e-73 0)
(1.62704e-75 -3.91141e-76 0)
(-1.84785e-75 -1.35393e-73 0)
(2.46209e-38 2.30579e-40 0)
(3.32673e-40 9.75054e-42 0)
(1.03046e-41 1.30952e-43 0)
(1.3511e-43 3.18511e-45 0)
(3.26701e-45 4.00107e-47 0)
(4.1014e-47 7.81171e-49 0)
(8.00713e-49 9.28471e-51 0)
(9.51655e-51 1.49741e-52 0)
(1.53488e-52 1.6669e-54 0)
(1.70856e-54 2.25689e-56 0)
(2.31338e-56 2.32698e-58 0)
(2.38517e-58 2.67448e-60 0)
(2.74144e-60 2.52319e-62 0)
(2.58633e-62 2.47913e-64 0)
(2.54121e-64 2.11098e-66 0)
(2.16382e-66 1.77872e-68 0)
(1.82326e-68 1.34565e-70 0)
(1.37934e-70 9.71485e-73 0)
(9.95594e-73 5.74076e-75 0)
(6.56633e-75 -4.16169e-76 0)
(3.6178e-77 -3.84808e-78 0)
(-4.09387e-78 2.33776e-76 0)
(2.71429e-78 6.75216e-76 0)
(5.63946e-78 -2.13221e-76 0)
(-2.6366e-78 -2.21241e-76 0)
(-2.76578e-78 2.21903e-76 0)
(-1.57596e-78 2.33753e-76 0)
(4.31935e-78 4.49508e-76 0)
(2.97553e-78 -4.45171e-76 0)
(-2.89776e-78 -8.01413e-78 0)
(-2.89862e-79 1.64659e-79 0)
(-6.2064e-78 3.5686e-77 0)
(-4.86566e-76 7.9563e-76 0)
(-6.7514e-78 6.78534e-74 0)
(4.85064e-76 1.90805e-75 0)
(1.12473e-77 2.82474e-76 0)
(-2.32563e-78 2.49238e-76 0)
(1.73558e-78 6.69099e-76 0)
(9.57804e-78 -3.17709e-78 0)
(-1.10452e-77 -8.77986e-76 0)
(-1.68613e-38 3.46808e-40 0)
(-2.27794e-40 1.57973e-41 0)
(-7.05637e-42 2.13207e-43 0)
(-9.25093e-44 5.19099e-45 0)
(-2.23698e-45 6.52322e-47 0)
(-2.80799e-47 1.2735e-48 0)
(-5.4821e-49 1.51397e-50 0)
(-6.51486e-51 2.4415e-52 0)
(-1.05075e-52 2.71836e-54 0)
(-1.16954e-54 3.6803e-56 0)
(-1.58353e-56 3.79519e-58 0)
(-1.63254e-58 4.36182e-60 0)
(-1.87636e-60 4.11561e-62 0)
(-1.77006e-62 4.04371e-64 0)
(-1.73913e-64 3.44359e-66 0)
(-1.48076e-66 2.90161e-68 0)
(-1.24766e-68 2.19534e-70 0)
(-9.43827e-71 1.58461e-72 0)
(-6.81217e-73 1.04545e-74 0)
(-4.49546e-75 6.16292e-77 0)
(-2.76395e-77 3.38666e-79 0)
(-1.79851e-79 1.3539e-78 0)
(1.34954e-80 4.08171e-78 0)
(3.1168e-80 -1.22537e-78 0)
(-1.38654e-80 -1.27563e-78 0)
(-1.46037e-80 1.27934e-78 0)
(-9.7316e-81 1.3518e-78 0)
(2.42165e-80 2.77644e-78 0)
(1.71347e-80 -2.75147e-78 0)
(-1.66984e-80 -5.02241e-80 0)
(-1.67492e-81 1.32251e-81 0)
(-4.14514e-80 2.25137e-79 0)
(-3.0103e-78 5.89716e-78 0)
(-3.55772e-80 4.62446e-76 0)
(3.00236e-78 1.23108e-77 0)
(6.65578e-80 1.65211e-78 0)
(-1.2131e-80 1.62626e-78 0)
(1.06335e-80 3.8614e-78 0)
(5.19148e-80 -2.249e-80 0)
(-6.10644e-80 -5.24606e-78 0)
(-1.65637e-38 -2.28042e-40 0)
(-2.2405e-40 -9.54618e-42 0)
(-6.93705e-42 -1.27944e-43 0)
(-9.10388e-44 -3.1017e-45 0)
(-2.20055e-45 -3.8896e-47 0)
(-2.76468e-47 -7.57016e-49 0)
(-5.39581e-49 -8.98098e-51 0)
(-6.41716e-51 -1.44393e-52 0)
(-1.03474e-52 -1.60411e-54 0)
(-1.15247e-54 -2.16518e-56 0)
(-1.56016e-56 -2.22741e-58 0)
(-1.60932e-58 -2.55213e-60 0)
(-1.84952e-60 -2.40174e-62 0)
(-1.74553e-62 -2.35232e-64 0)
(-1.71502e-64 -1.99733e-66 0)
(-1.46078e-66 -1.67731e-68 0)
(-1.2309e-68 -1.26479e-70 0)
(-9.31433e-71 -9.09513e-73 0)
(-6.72355e-73 -5.97896e-75 0)
(-4.43807e-75 -3.6585e-77 0)
(-2.72697e-77 -2.05201e-79 0)
(-1.53822e-79 6.10032e-81 0)
(-7.24574e-82 2.28853e-80 0)
(1.54051e-82 -6.43055e-81 0)
(-6.66232e-83 -6.72222e-81 0)
(-7.04778e-83 6.74133e-81 0)
(-5.43894e-83 7.15104e-81 0)
(1.24292e-82 1.59861e-80 0)
(9.01908e-83 -1.58541e-80 0)
(-8.79435e-83 -2.91503e-82 0)
(-8.90001e-84 8.95324e-84 0)
(-2.53881e-82 1.29963e-81 0)
(-1.73601e-80 3.93865e-80 0)
(-1.71308e-82 2.861e-78 0)
(1.73217e-80 7.31841e-80 0)
(3.67078e-82 8.84843e-81 0)
(-5.77158e-83 9.95599e-81 0)
(5.90615e-83 2.03727e-80 0)
(2.57595e-82 -1.4557e-82 0)
(-3.0913e-82 -2.89919e-80 0)
(7.9921e-39 -1.79181e-40 0)
(1.07506e-40 -5.19843e-42 0)
(3.29591e-42 -6.5988e-44 0)
(4.30148e-44 -1.46953e-45 0)
(1.0295e-45 -1.7551e-47 0)
(1.28595e-47 -3.06448e-49 0)
(2.4851e-49 -3.36128e-51 0)
(2.93715e-51 -4.59327e-53 0)
(4.6895e-53 -4.43497e-55 0)
(5.18758e-55 -4.48388e-57 0)
(6.95332e-57 -3.34441e-59 0)
(7.11849e-59 -1.5937e-61 0)
(8.0985e-61 3.92052e-64 0)
(7.57876e-63 3.06129e-65 0)
(7.36816e-65 4.81777e-67 0)
(6.21566e-67 6.60268e-69 0)
(5.17836e-69 7.01375e-71 0)
(3.87469e-71 6.97448e-73 0)
(2.76126e-73 6.02792e-75 0)
(1.79797e-75 4.82327e-77 0)
(1.08774e-77 3.4799e-79 0)
(6.02396e-80 2.32979e-81 0)
(3.04962e-82 1.31277e-82 0)
(2.12492e-84 -3.0742e-83 0)
(-2.84294e-85 -3.23688e-83 0)
(-3.08531e-85 3.24592e-83 0)
(-2.76676e-85 3.45836e-83 0)
(5.82706e-85 8.41279e-83 0)
(4.33793e-85 -8.34918e-83 0)
(-4.23228e-85 -1.55153e-84 0)
(-4.32184e-86 5.27853e-86 0)
(-1.41292e-84 6.9033e-84 0)
(-9.14965e-83 2.41233e-82 0)
(-7.48025e-85 1.64986e-80 0)
(9.13279e-83 4.03973e-82 0)
(1.86719e-84 4.34067e-83 0)
(-2.48377e-85 5.52563e-83 0)
(2.98747e-85 9.82358e-83 0)
(1.1644e-84 -8.50883e-85 0)
(-1.42826e-84 -1.46706e-82 0)
(-2.33075e-39 2.68499e-39 0)
(-3.57653e-41 1.12203e-40 0)
(-1.46697e-42 1.5106e-42 0)
(-2.15964e-44 4.69026e-44 0)
(-6.53992e-46 6.12819e-46 0)
(-9.1756e-48 1.48553e-47 0)
(-2.17052e-49 1.85918e-49 0)
(-2.87943e-51 3.63751e-51 0)
(-5.51286e-53 4.31241e-53 0)
(-6.85664e-55 6.96682e-55 0)
(-1.08819e-56 7.74005e-57 0)
(-1.25728e-58 1.04921e-58 0)
(-1.68173e-60 1.08014e-60 0)
(-1.78675e-62 1.24234e-62 0)
(-2.03719e-64 1.17067e-64 0)
(-1.96784e-66 1.15058e-66 0)
(-1.92585e-68 9.78799e-69 0)
(-1.66966e-70 8.24697e-71 0)
(-1.40646e-72 6.2341e-73 0)
(-1.07829e-74 4.49803e-75 0)
(-7.80384e-77 2.96623e-77 0)
(-5.19989e-79 1.82116e-79 0)
(-3.20935e-81 1.02595e-81 0)
(-1.82075e-83 5.1538e-84 0)
(-9.56049e-86 -1.16541e-85 0)
(-1.66315e-87 1.41835e-85 0)
(-1.27231e-87 1.51777e-85 0)
(2.47787e-87 4.04567e-85 0)
(1.89211e-87 -4.01785e-85 0)
(-1.84703e-87 -7.52864e-87 0)
(-1.90878e-88 2.74348e-88 0)
(-7.11372e-87 3.35281e-86 0)
(-4.40613e-85 1.34251e-84 0)
(-2.94233e-87 8.69534e-83 0)
(4.39946e-85 2.05313e-84 0)
(8.71469e-87 1.93712e-85 0)
(-9.59536e-88 2.79329e-85 0)
(1.36494e-87 4.29666e-85 0)
(4.76408e-87 -4.47536e-87 0)
(-5.98223e-87 -6.77534e-85 0)
(-1.98777e-37 1.49349e-42 0)
(-2.71057e-39 1.28485e-43 0)
(-1.1474e-40 1.87788e-45 0)
(-1.54638e-42 4.51075e-47 0)
(-4.83258e-44 5.90024e-49 0)
(-6.32017e-46 1.13349e-50 0)
(-1.53848e-47 1.39244e-52 0)
(-1.92721e-49 2.21841e-54 0)
(-3.78133e-51 2.53801e-56 0)
(-4.48669e-53 3.40771e-58 0)
(-7.26286e-55 3.59316e-60 0)
(-8.0751e-57 4.11018e-62 0)
(-1.0962e-58 3.94823e-64 0)
(-1.12928e-60 3.87359e-66 0)
(-1.30023e-62 3.3456e-68 0)
(-1.22596e-64 2.82286e-70 0)
(-1.20587e-66 2.15924e-72 0)
(-1.02637e-68 1.56413e-74 0)
(-8.65294e-71 1.04106e-76 0)
(-6.54392e-73 6.42813e-79 0)
(-4.7237e-75 3.64661e-81 0)
(-3.11621e-77 1.89242e-83 0)
(-1.91391e-79 9.16721e-86 0)
(-1.07795e-81 -1.41772e-88 0)
(-5.56004e-84 -5.54519e-88 0)
(-2.60909e-86 5.57486e-88 0)
(-1.15913e-88 6.00562e-88 0)
(9.07247e-90 1.76435e-87 0)
(7.43323e-90 -1.7534e-87 0)
(-7.2614e-90 -3.31278e-89 0)
(-7.62836e-91 1.25729e-90 0)
(-3.22737e-89 1.48204e-88 0)
(-1.92404e-87 6.75916e-87 0)
(-1.03444e-89 4.18723e-85 0)
(1.92168e-87 9.55435e-87 0)
(3.71194e-89 7.81914e-88 0)
(-3.29642e-90 1.27553e-87 0)
(5.59784e-90 1.69346e-87 0)
(1.75233e-89 -2.11387e-89 0)
(-2.25638e-89 -2.83657e-87 0)
(-2.66822e-39 -2.56208e-39 0)
(-4.06016e-41 -1.05702e-40 0)
(-1.61296e-42 -1.42222e-42 0)
(-2.36044e-44 -4.47455e-44 0)
(-7.01546e-46 -5.85728e-46 0)
(-9.79674e-48 -1.43262e-47 0)
(-2.28982e-49 -1.79633e-49 0)
(-3.02598e-51 -3.53612e-51 0)
(-5.74635e-53 -4.19959e-53 0)
(-7.12376e-55 -6.81405e-55 0)
(-1.12406e-56 -7.58259e-57 0)
(-1.2951e-58 -1.03111e-58 0)
(-1.72499e-60 -1.06307e-60 0)
(-1.8283e-62 -1.22556e-62 0)
(-2.07797e-64 -1.15639e-64 0)
(-2.00305e-66 -1.13855e-66 0)
(-1.95556e-68 -9.69699e-69 0)
(-1.69239e-70 -8.18129e-71 0)
(-1.42292e-72 -6.19076e-73 0)
(-1.08925e-74 -4.47141e-75 0)
(-7.87151e-77 -2.95122e-77 0)
(-5.23828e-79 -1.81342e-79 0)
(-3.22927e-81 -1.02176e-81 0)
(-1.83046e-83 -5.27217e-84 0)
(-9.48688e-86 -2.47458e-86 0)
(-4.47277e-88 -1.03051e-88 0)
(-1.92421e-90 1.726e-90 0)
(2.5275e-92 6.93034e-90 0)
(2.60873e-92 -6.89317e-90 0)
(-2.55167e-92 -1.31152e-91 0)
(-2.74655e-93 5.07546e-93 0)
(-1.30972e-91 5.93533e-91 0)
(-7.56808e-90 3.06647e-89 0)
(-3.23499e-92 1.82841e-87 0)
(7.56064e-90 4.04918e-89 0)
(1.43264e-91 2.83646e-90 0)
(-1.00031e-92 5.22884e-90 0)
(2.04268e-92 5.96804e-90 0)
(5.76286e-92 -8.90489e-92 0)
(-7.61576e-92 -1.06941e-89 0)
(-9.14734e-39 -3.87004e-41 0)
(-1.23916e-40 -1.48822e-42 0)
(-3.87463e-42 -2.17348e-44 0)
(-5.09477e-44 -6.49822e-46 0)
(-1.24313e-45 -9.08451e-48 0)
(-1.56567e-47 -2.13273e-49 0)
(-3.08322e-49 -2.82147e-51 0)
(-3.67803e-51 -5.37441e-53 0)
(-5.98142e-53 -6.66941e-55 0)
(-6.68655e-55 -1.05469e-56 0)
(-9.12584e-57 -1.21629e-58 0)
(-9.45468e-59 -1.62266e-60 0)
(-1.09513e-60 -1.72129e-62 0)
(-1.03887e-62 -1.95873e-64 0)
(-1.02861e-64 -1.88954e-66 0)
(-8.81381e-67 -1.84648e-68 0)
(-7.48531e-69 -1.59906e-70 0)
(-5.70415e-71 -1.34544e-72 0)
(-4.15225e-73 -1.03054e-74 0)
(-2.76402e-75 -7.45156e-77 0)
(-1.71479e-77 -4.96131e-79 0)
(-9.76743e-80 -3.05994e-81 0)
(-5.10349e-82 -1.7352e-83 0)
(-2.43091e-84 -8.99646e-86 0)
(-1.05002e-86 -4.24286e-88 0)
(-4.08833e-89 -1.80152e-90 0)
(-1.43016e-91 -2.05005e-94 0)
(-3.48677e-94 2.43193e-92 0)
(8.0326e-95 -2.42226e-92 0)
(-7.97697e-95 -4.63376e-94 0)
(-8.86982e-96 1.80669e-95 0)
(-4.7182e-94 2.14582e-93 0)
(-2.66056e-92 1.2444e-91 0)
(-8.98159e-95 7.19174e-90 0)
(2.65848e-92 1.55173e-91 0)
(4.96859e-94 9.2134e-93 0)
(-2.67057e-95 1.90734e-92 0)
(6.5982e-95 1.87163e-92 0)
(1.6897e-94 -3.31871e-94 0)
(-2.29181e-94 -3.60786e-92 0)
(-1.20353e-40 -1.1794e-40 0)
(-1.78107e-42 -3.67885e-42 0)
(-5.35286e-44 -4.83617e-44 0)
(-7.5468e-46 -1.17998e-45 0)
(-1.78009e-47 -1.4861e-47 0)
(-2.37201e-49 -2.9266e-49 0)
(-4.54132e-51 -3.49117e-51 0)
(-5.67158e-53 -5.67779e-53 0)
(-9.01774e-55 -6.34717e-55 0)
(-1.04604e-56 -8.66308e-57 0)
(-1.40345e-58 -8.9754e-59 0)
(-1.49709e-60 -1.03966e-60 0)
(-1.7135e-62 -9.8628e-63 0)
(-1.66215e-64 -9.76589e-65 0)
(-1.63383e-66 -8.36833e-67 0)
(-1.4229e-68 -7.1073e-69 0)
(-1.20439e-70 -5.41627e-71 0)
(-9.27914e-73 -3.94286e-73 0)
(-6.75099e-75 -2.62473e-75 0)
(-4.52294e-77 -1.62843e-77 0)
(-2.80792e-79 -9.27589e-80 0)
(-1.60325e-81 -4.84682e-82 0)
(-8.37359e-84 -2.30873e-84 0)
(-3.98073e-86 -9.97268e-87 0)
(-1.71109e-88 -3.88304e-89 0)
(-6.60468e-91 -1.35762e-91 0)
(-2.27727e-93 -4.06886e-94 0)
(-6.72331e-96 7.4857e-95 0)
(2.07202e-97 -7.57238e-95 0)
(-2.21447e-97 -1.45234e-96 0)
(-2.56044e-98 5.68599e-98 0)
(-1.50097e-96 6.97393e-96 0)
(-8.31961e-95 4.48282e-94 0)
(-2.21523e-97 2.52821e-92 0)
(8.31442e-95 5.33606e-94 0)
(1.53763e-96 2.67589e-95 0)
(-6.2632e-98 6.15944e-95 0)
(1.88325e-97 5.21292e-95 0)
(4.41494e-97 -1.08793e-96 0)
(-6.14172e-97 -1.08524e-94 0)
(-1.02638e-41 -1.69772e-42 0)
(-1.45193e-43 -5.0888e-44 0)
(-4.39642e-45 -7.17266e-46 0)
(-5.90947e-47 -1.69163e-47 0)
(-1.36579e-48 -2.2541e-49 0)
(-1.73151e-50 -4.31535e-51 0)
(-3.19065e-52 -5.3893e-53 0)
(-3.78147e-54 -8.56862e-55 0)
(-5.71111e-56 -9.93927e-57 0)
(-6.26471e-58 -1.33349e-58 0)
(-7.89942e-60 -1.42245e-60 0)
(-7.92988e-62 -1.62804e-62 0)
(-8.45241e-64 -1.57923e-64 0)
(-7.66607e-66 -1.5523e-66 0)
(-6.95998e-68 -1.35188e-68 0)
(-5.62084e-70 -1.14426e-70 0)
(-4.36035e-72 -8.8158e-73 0)
(-3.08463e-74 -6.41383e-75 0)
(-2.04129e-76 -4.29702e-77 0)
(-1.24232e-78 -2.66764e-79 0)
(-6.96407e-81 -1.52314e-81 0)
(-3.57788e-83 -7.95514e-84 0)
(-1.67756e-85 -3.78178e-86 0)
(-7.14778e-88 -1.62556e-88 0)
(-2.75877e-90 -6.27453e-91 0)
(-9.6154e-93 -2.16322e-93 0)
(-3.01814e-95 -6.59737e-96 0)
(-8.44731e-98 1.92813e-97 0)
(3.42338e-100 -2.10215e-97 0)
(-5.46467e-100 -4.02784e-99 0)
(-6.59265e-101 1.58648e-100 0)
(-4.20969e-99 2.02962e-98 0)
(-2.30962e-97 1.42607e-96 0)
(-4.86349e-100 7.9056e-95 0)
(2.30847e-97 1.63651e-96 0)
(4.2293e-99 6.95216e-98 0)
(-1.2898e-100 1.75776e-97 0)
(4.75499e-100 1.29022e-97 0)
(1.02924e-99 -3.13186e-99 0)
(-1.46691e-99 -2.90714e-97 0)
(8.48942e-45 -2.89948e-43 0)
(1.31151e-46 -8.74399e-45 0)
(3.59369e-48 -1.17387e-46 0)
(5.17787e-50 -2.70691e-48 0)
(1.10327e-51 -3.42776e-50 0)
(1.47421e-53 -6.30296e-52 0)
(2.54149e-55 -7.46087e-54 0)
(3.12509e-57 -1.12452e-55 0)
(4.46667e-59 -1.23188e-57 0)
(5.00827e-61 -1.55029e-59 0)
(6.02737e-63 -1.55402e-61 0)
(6.09716e-65 -1.65326e-63 0)
(6.23594e-67 -1.4971e-65 0)
(5.61995e-69 -1.35662e-67 0)
(4.904e-71 -1.09372e-69 0)
(3.87879e-73 -8.46794e-72 0)
(2.88326e-75 -5.97903e-74 0)
(1.96542e-77 -3.94849e-76 0)
(1.23433e-79 -2.39787e-78 0)
(7.09021e-82 -1.34106e-80 0)
(3.69748e-84 -6.8727e-83 0)
(1.73921e-86 -3.21372e-85 0)
(7.30807e-89 -1.36526e-87 0)
(2.71066e-91 -5.25232e-90 0)
(8.75907e-94 -1.82421e-92 0)
(2.42863e-96 -5.70409e-95 0)
(5.64384e-99 -1.60125e-97 0)
(1.18835e-101 1.16247e-100 0)
(1.23726e-102 -5.19195e-100 0)
(-1.19863e-102 -9.88704e-102 0)
(-1.51299e-103 3.93353e-103 0)
(-1.04196e-101 5.27438e-101 0)
(-5.69594e-100 3.99958e-99 0)
(-9.53029e-103 2.19465e-97 0)
(5.69366e-100 4.46161e-99 0)
(1.03273e-101 1.61795e-100 0)
(-2.33126e-103 4.43793e-100 0)
(1.06487e-102 2.84326e-100 0)
(2.14541e-102 -7.92779e-102 0)
(-3.12858e-102 -6.94106e-100 0)
(1.12856e-41 -1.70642e-42 0)
(1.59318e-43 -5.06285e-44 0)
(4.80337e-45 -7.15062e-46 0)
(6.44301e-47 -1.67465e-47 0)
(1.48291e-48 -2.23498e-49 0)
(1.87587e-50 -4.25707e-51 0)
(3.44285e-52 -5.32177e-53 0)
(4.07077e-54 -8.42906e-55 0)
(6.12431e-56 -9.7812e-57 0)
(6.70083e-58 -1.30839e-58 0)
(8.41769e-60 -1.39542e-60 0)
(8.42669e-62 -1.5932e-62 0)
(8.9489e-64 -1.54432e-64 0)
(8.09172e-66 -1.51468e-66 0)
(7.31937e-68 -1.31747e-68 0)
(5.89132e-70 -1.11274e-70 0)
(4.55285e-72 -8.55778e-73 0)
(3.20883e-74 -6.21145e-75 0)
(2.11487e-76 -4.15149e-77 0)
(1.28167e-78 -2.56993e-79 0)
(7.15203e-81 -1.46262e-81 0)
(3.6564e-83 -7.61e-84 0)
(1.70524e-85 -3.6013e-86 0)
(7.22315e-88 -1.53949e-88 0)
(2.76993e-90 -5.90203e-91 0)
(9.58661e-93 -2.01764e-93 0)
(2.98618e-95 -6.13212e-96 0)
(8.35334e-98 -1.65588e-98 0)
(2.09565e-100 -4.09192e-101 0)
(4.68897e-103 -1.0669e-103 0)
(6.40361e-106 7.05354e-106 0)
(-2.28174e-104 1.22222e-103 0)
(-1.25042e-102 9.89946e-102 0)
(-1.67143e-105 5.41234e-100 0)
(1.25002e-102 1.08048e-101 0)
(2.24069e-104 3.37883e-103 0)
(-3.6923e-106 9.93925e-103 0)
(2.12221e-105 5.59353e-103 0)
(4.00835e-105 -1.77007e-104 0)
(-5.97266e-105 -1.47992e-102 0)
(1.20699e-40 -1.27525e-40 0)
(1.79024e-42 -3.94208e-42 0)
(5.32617e-44 -5.16365e-44 0)
(7.52463e-46 -1.24905e-45 0)
(1.76244e-47 -1.56708e-47 0)
(2.35219e-49 -3.06064e-49 0)
(4.48049e-51 -3.63584e-51 0)
(5.60114e-53 -5.86626e-53 0)
(8.87176e-55 -6.52764e-55 0)
(1.0295e-56 -8.84123e-57 0)
(1.37715e-58 -9.11313e-59 0)
(1.46876e-60 -1.04771e-60 0)
(1.67695e-62 -9.88244e-63 0)
(1.62551e-64 -9.71201e-65 0)
(1.59433e-66 -8.26878e-67 0)
(1.38676e-68 -6.96834e-69 0)
(1.17127e-70 -5.27143e-71 0)
(9.00795e-73 -3.8052e-73 0)
(6.53823e-75 -2.5112e-75 0)
(4.3699e-77 -1.54288e-77 0)
(2.70514e-79 -8.69465e-80 0)
(1.53958e-81 -4.48786e-82 0)
(8.01044e-84 -2.10751e-84 0)
(3.7908e-86 -8.95165e-87 0)
(1.6205e-88 -3.41531e-89 0)
(6.21262e-91 -1.16498e-91 0)
(2.12382e-93 -3.5444e-94 0)
(6.45483e-96 -9.61785e-97 0)
(1.74314e-98 -2.33074e-99 0)
(4.18749e-101 -5.0547e-102 0)
(8.96614e-104 -9.83046e-105 0)
(1.27149e-106 2.35333e-106 0)
(-2.44982e-105 2.16797e-104 0)
(-2.62972e-108 1.18815e-102 0)
(2.44948e-105 2.32676e-104 0)
(4.32789e-107 6.34252e-106 0)
(-5.10335e-109 1.98111e-105 0)
(3.7761e-108 9.8502e-106 0)
(6.72857e-108 -3.49869e-107 0)
(-1.0231e-107 -2.82453e-105 0)
(9.92525e-39 1.36749e-40 0)
(1.33985e-40 4.2713e-42 0)
(4.15196e-42 5.62365e-44 0)
(5.43991e-44 1.35803e-45 0)
(1.31594e-45 1.70942e-47 0)
(1.65105e-47 3.33291e-49 0)
(3.22456e-49 3.96997e-51 0)
(3.83058e-51 6.39621e-53 0)
(6.1802e-53 7.13305e-55 0)
(6.87694e-55 9.65047e-57 0)
(9.31387e-57 9.96483e-59 0)
(9.60015e-59 1.14472e-60 0)
(1.10364e-60 1.08123e-62 0)
(1.04098e-62 1.06207e-64 0)
(1.02298e-64 9.05174e-67 0)
(8.70931e-67 7.62664e-69 0)
(7.33925e-69 5.77369e-71 0)
(5.55182e-71 4.16791e-73 0)
(4.00743e-73 2.752e-75 0)
(2.64456e-75 1.69117e-77 0)
(1.62475e-77 9.53387e-80 0)
(9.1557e-80 4.92238e-82 0)
(4.72568e-82 2.31221e-84 0)
(2.21912e-84 9.82327e-87 0)
(9.42544e-87 3.74842e-89 0)
(3.59599e-89 1.27861e-91 0)
(1.22658e-91 3.88941e-94 0)
(3.73176e-94 1.05497e-96 0)
(1.01261e-96 2.55492e-99 0)
(2.45387e-99 5.53592e-102 0)
(5.32162e-102 1.07563e-104 0)
(1.03513e-104 1.92469e-107 0)
(1.38015e-107 4.21716e-107 0)
(2.47727e-110 2.32807e-105 0)
(4.29593e-108 4.46407e-107 0)
(7.45866e-110 1.07177e-108 0)
(-6.10172e-112 3.52584e-108 0)
(6.01654e-111 1.55658e-108 0)
(1.01694e-110 -6.14436e-110 0)
(-1.57596e-110 -4.83734e-108 0)
(-1.06094e-38 4.10974e-40 0)
(-1.43754e-40 1.57342e-41 0)
(-4.44713e-42 2.09886e-43 0)
(-5.84432e-44 5.09629e-45 0)
(-1.41157e-45 6.40098e-47 0)
(-1.77547e-47 1.24966e-48 0)
(-3.46285e-49 1.48532e-50 0)
(-4.12215e-51 2.39544e-52 0)
(-6.64312e-53 2.66661e-54 0)
(-7.40447e-55 3.61038e-56 0)
(-1.00195e-56 3.72254e-58 0)
(-1.03413e-58 4.27839e-60 0)
(-1.18809e-60 4.0364e-62 0)
(-1.12179e-62 3.96588e-64 0)
(-1.10195e-64 3.37696e-66 0)
(-9.38886e-67 2.84541e-68 0)
(-7.91048e-69 2.15263e-70 0)
(-5.9872e-71 1.55373e-72 0)
(-4.32171e-73 1.02538e-74 0)
(-2.85304e-75 6.29961e-77 0)
(-1.75307e-77 3.55001e-79 0)
(-9.88145e-80 1.83234e-81 0)
(-5.10125e-82 8.60454e-84 0)
(-2.39596e-84 3.65469e-86 0)
(-1.01781e-86 1.39433e-88 0)
(-3.88353e-89 4.7559e-91 0)
(-1.32465e-91 1.44685e-93 0)
(-4.02954e-94 3.9256e-96 0)
(-1.09306e-96 9.51156e-99 0)
(-2.6475e-99 2.06233e-101 0)
(-5.7376e-102 4.01056e-104 0)
(-1.11509e-104 7.01015e-107 0)
(-1.94829e-107 1.83272e-109 0)
(-3.06313e-110 4.08288e-108 0)
(6.71668e-111 7.64768e-110 0)
(1.14889e-112 1.63222e-111 0)
(-6.19778e-115 5.61951e-111 0)
(8.60511e-114 2.21188e-111 0)
(1.38618e-113 -9.61811e-113 0)
(-2.18691e-113 -7.45016e-111 0)
(-3.05096e-38 -1.5178e-40 0)
(-4.12429e-40 -7.91079e-42 0)
(-1.27723e-41 -1.07633e-43 0)
(-1.67528e-43 -2.62458e-45 0)
(-4.05004e-45 -3.30008e-47 0)
(-5.08593e-47 -6.44113e-49 0)
(-9.92736e-49 -7.6599e-51 0)
(-1.18016e-50 -1.23499e-52 0)
(-1.90311e-52 -1.37539e-54 0)
(-2.11887e-54 -1.86175e-56 0)
(-2.86856e-56 -1.92024e-58 0)
(-2.95802e-58 -2.20662e-60 0)
(-3.39951e-60 -2.08236e-62 0)
(-3.20751e-62 -2.04577e-64 0)
(-3.15133e-64 -1.74232e-66 0)
(-2.68354e-66 -1.46801e-68 0)
(-2.26108e-68 -1.11074e-70 0)
(-1.71064e-70 -8.01716e-73 0)
(-1.2347e-72 -5.29143e-75 0)
(-8.14858e-75 -3.25099e-77 0)
(-5.00622e-77 -1.83215e-79 0)
(-2.82119e-79 -9.45711e-82 0)
(-1.45617e-81 -4.44123e-84 0)
(-6.83814e-84 -1.88644e-86 0)
(-2.90445e-86 -7.19731e-89 0)
(-1.1081e-88 -2.45492e-91 0)
(-3.77959e-91 -7.46811e-94 0)
(-1.14981e-93 -2.02609e-96 0)
(-3.11958e-96 -4.9085e-99 0)
(-7.55825e-99 -1.06409e-101 0)
(-1.6387e-101 -2.06886e-104 0)
(-3.1865e-104 -3.61522e-107 0)
(-5.56917e-107 -5.67693e-110 0)
(-8.76429e-110 6.34363e-111 0)
(-1.14798e-112 1.17134e-112 0)
(-5.585e-118 2.24184e-114 0)
(-6.97274e-118 8.04027e-114 0)
(1.10682e-116 2.83068e-114 0)
(1.70617e-116 -1.34549e-115 0)
(-2.73747e-116 -1.03372e-113 0)
(1.02077e-38 -4.29629e-40 0)
(1.37822e-40 -1.95851e-41 0)
(4.27046e-42 -2.64402e-43 0)
(5.59578e-44 -6.43663e-45 0)
(1.35345e-45 -8.08982e-47 0)
(1.69822e-47 -1.57913e-48 0)
(3.31615e-49 -1.87754e-50 0)
(3.93949e-51 -3.02746e-52 0)
(6.35486e-53 -3.37106e-54 0)
(7.07127e-55 -4.56352e-56 0)
(9.57555e-57 -4.70627e-58 0)
(9.86959e-59 -5.40849e-60 0)
(1.13445e-60 -5.1034e-62 0)
(1.06999e-62 -5.01392e-64 0)
(1.05134e-64 -4.26989e-66 0)
(8.95022e-67 -3.59769e-68 0)
(7.54138e-69 -2.72199e-70 0)
(5.70429e-71 -1.96468e-72 0)
(4.11706e-73 -1.29667e-74 0)
(2.71669e-75 -7.96645e-77 0)
(1.66892e-77 -4.48951e-79 0)
(9.40387e-80 -2.31733e-81 0)
(4.85341e-82 -1.08824e-83 0)
(2.27895e-84 -4.6223e-86 0)
(9.67895e-87 -1.76352e-88 0)
(3.69251e-89 -6.01515e-91 0)
(1.25945e-91 -1.8299e-93 0)
(3.83159e-94 -4.96465e-96 0)
(1.03965e-96 -1.20282e-98 0)
(2.51932e-99 -2.60772e-101 0)
(5.46333e-102 -5.07048e-104 0)
(1.06265e-104 -8.86129e-107 0)
(1.85787e-107 -1.3944e-109 0)
(2.92491e-110 -1.88756e-112 0)
(4.15343e-113 -9.22218e-116 0)
(5.33948e-116 2.48552e-117 0)
(6.12265e-119 1.03461e-116 0)
(1.28836e-119 3.26586e-117 0)
(1.89763e-119 -1.68533e-118 0)
(-3.09346e-119 -1.29386e-116 0)
(2.05496e-38 1.31599e-40 0)
(2.77953e-40 3.96342e-42 0)
(8.60552e-42 5.16794e-44 0)
(1.1293e-43 1.25018e-45 0)
(2.72953e-45 1.5657e-47 0)
(3.4291e-47 3.05964e-49 0)
(6.6922e-49 3.62922e-51 0)
(7.95847e-51 5.8579e-53 0)
(1.28321e-52 6.50995e-55 0)
(1.42911e-54 8.8193e-57 0)
(1.93458e-56 9.08054e-59 0)
(1.99541e-58 1.04404e-60 0)
(2.29311e-60 9.83874e-63 0)
(2.16404e-62 9.66842e-65 0)
(2.1261e-64 8.22535e-67 0)
(1.8108e-66 6.93043e-69 0)
(1.52575e-68 5.23944e-71 0)
(1.15447e-70 3.78102e-73 0)
(8.33304e-73 2.49396e-75 0)
(5.50008e-75 1.53175e-77 0)
(3.37927e-77 8.62827e-80 0)
(1.9045e-79 4.452e-82 0)
(9.83078e-82 2.08995e-84 0)
(4.61681e-84 8.8744e-87 0)
(1.96106e-86 3.38504e-89 0)
(7.48212e-89 1.1545e-91 0)
(2.5521e-91 3.51246e-94 0)
(7.76383e-94 9.53234e-97 0)
(2.10634e-96 2.31063e-99 0)
(5.10294e-99 5.01304e-102 0)
(1.10625e-101 9.75642e-105 0)
(2.15084e-104 1.70696e-107 0)
(3.75849e-107 2.68956e-110 0)
(5.91365e-110 3.82285e-113 0)
(8.38948e-113 4.92134e-116 0)
(1.07408e-115 5.98656e-119 0)
(1.24139e-118 1.20485e-119 0)
(1.42875e-121 3.39843e-120 0)
(1.91964e-122 -1.89257e-121 0)
(-3.1567e-122 -1.46208e-119 0)
(2.6074e-40 2.63206e-40 0)
(3.86298e-42 8.12171e-42 0)
(1.14996e-43 1.06474e-43 0)
(1.62234e-45 2.57205e-45 0)
(3.79608e-47 3.22892e-47 0)
(5.05857e-49 6.2996e-49 0)
(9.61835e-51 7.48678e-51 0)
(1.2005e-52 1.20692e-52 0)
(1.89737e-54 1.34339e-54 0)
(2.19819e-56 1.81829e-56 0)
(2.93376e-58 1.87455e-58 0)
(3.12379e-60 2.15397e-60 0)
(3.55855e-62 2.03189e-62 0)
(3.44369e-64 1.99605e-64 0)
(3.37048e-66 1.69945e-66 0)
(2.92685e-68 1.43176e-68 0)
(2.46732e-70 1.08305e-70 0)
(1.89452e-72 7.81648e-73 0)
(1.37279e-74 5.15803e-75 0)
(9.16154e-77 3.16868e-77 0)
(5.66329e-79 1.78553e-79 0)
(3.21899e-81 9.21556e-82 0)
(1.67294e-83 4.32742e-84 0)
(7.90909e-86 1.838e-86 0)
(3.37829e-88 7.01232e-89 0)
(1.29439e-90 2.39188e-91 0)
(4.42325e-93 7.27699e-94 0)
(1.34405e-95 1.97453e-96 0)
(3.62935e-98 4.78462e-99 0)
(8.71878e-101 1.03753e-101 0)
(1.867e-103 2.01789e-104 0)
(3.57161e-106 3.52752e-107 0)
(6.11705e-109 5.55268e-110 0)
(9.39623e-112 7.88121e-113 0)
(1.29621e-114 1.00954e-115 0)
(1.6071e-117 1.16749e-118 0)
(1.79121e-120 1.34398e-121 0)
(1.80647e-123 3.30854e-123 0)
(1.88595e-125 -1.90097e-124 0)
(-2.89661e-125 -1.48887e-122 0)
)
;

boundaryField
{
    leftWall
    {
        type            fixedValue;
        value           nonuniform 0();
    }
    rightWall
    {
        type            fixedValue;
        value           uniform (0 0 0);
    }
    lowerWall
    {
        type            fixedValue;
        value           nonuniform 0();
    }
    atmosphere
    {
        type            pressureInletOutletVelocity;
        value           nonuniform List<vector> 
45
(
(7.74273e-36 2.58204e-32 0)
(2.86874e-34 3.72643e-34 0)
(5.10025e-36 2.61208e-35 0)
(3.5936e-37 3.98517e-37 0)
(6.20807e-39 1.86127e-38 0)
(2.6074e-40 2.63206e-40 0)
(3.86298e-42 8.12171e-42 0)
(1.14996e-43 1.06474e-43 0)
(1.62234e-45 2.57205e-45 0)
(3.79608e-47 3.22892e-47 0)
(5.05857e-49 6.2996e-49 0)
(9.61835e-51 7.48678e-51 0)
(1.2005e-52 1.20692e-52 0)
(1.89737e-54 1.34339e-54 0)
(2.19819e-56 1.81829e-56 0)
(2.93376e-58 1.87455e-58 0)
(3.12379e-60 2.15397e-60 0)
(3.55855e-62 2.03189e-62 0)
(3.44369e-64 1.99605e-64 0)
(3.37048e-66 1.69945e-66 0)
(2.92685e-68 1.43176e-68 0)
(2.46732e-70 1.08305e-70 0)
(1.89452e-72 7.81648e-73 0)
(1.37279e-74 5.15803e-75 0)
(9.16154e-77 3.16868e-77 0)
(5.66329e-79 1.78553e-79 0)
(3.21899e-81 9.21556e-82 0)
(1.67294e-83 4.32742e-84 0)
(7.90909e-86 1.838e-86 0)
(3.37829e-88 7.01232e-89 0)
(1.29439e-90 2.39188e-91 0)
(4.42325e-93 7.27699e-94 0)
(1.34405e-95 1.97453e-96 0)
(3.62935e-98 4.78462e-99 0)
(8.71878e-101 1.03753e-101 0)
(1.867e-103 2.01789e-104 0)
(3.57161e-106 3.52752e-107 0)
(6.11705e-109 5.55268e-110 0)
(9.39623e-112 7.88121e-113 0)
(1.29621e-114 1.00954e-115 0)
(1.6071e-117 1.16749e-118 0)
(1.79121e-120 1.34398e-121 0)
(1.80647e-123 3.30854e-123 0)
(0 -1.90097e-124 0)
(0 -1.48887e-122 0)
)
;
    }
    defaultFaces
    {
        type            empty;
    }
    procBoundary3to1
    {
        type            processor;
        value           nonuniform List<vector> 
45
(
(7.21595e-41 7.1683e-41 0)
(1.66443e-39 4.81539e-39 0)
(9.64893e-38 1.03029e-37 0)
(1.40606e-36 6.69831e-36 0)
(8.21894e-35 9.15707e-35 0)
(6.23745e-34 6.57198e-33 0)
(4.36785e-32 6.41963e-33 0)
(4.31351e-32 -1.30796e-32 0)
(-4.31339e-32 -1.30741e-32 0)
(-4.36009e-32 6.50171e-33 0)
(1.12218e-36 1.31504e-32 0)
(4.36786e-32 6.58346e-33 0)
(4.3755e-32 -6.49611e-33 0)
(6.2104e-34 -6.57791e-33 0)
(7.75901e-35 -8.18125e-35 0)
(1.12213e-36 -5.61203e-36 0)
(7.21018e-38 -7.22208e-38 0)
(-9.99308e-40 -9.53004e-39 0)
(-1.43292e-37 -1.41131e-37 0)
(-2.17212e-36 -1.11519e-35 0)
(-1.54059e-34 -1.58016e-34 0)
(-1.16456e-33 -1.30741e-32 0)
(-8.689e-32 -6.41983e-33 0)
(-4.36785e-32 1.9587e-32 0)
(4.31351e-32 1.32323e-32 0)
(4.42231e-32 9.13453e-35 0)
(4.39186e-32 -5.92566e-33 0)
(6.99682e-34 6.65253e-32 0)
(6.12732e-34 7.13714e-33 0)
(4.37563e-32 6.50003e-33 0)
(4.3757e-32 -6.49787e-33 0)
(7.06146e-34 -5.94087e-33 0)
(-8.45117e-36 7.23041e-32 0)
(-8.49181e-35 -7.23915e-32 0)
(8.52505e-35 -6.37049e-34 0)
(3.25658e-36 7.32322e-36 0)
(1.56233e-34 1.63673e-34 0)
(1.33038e-33 1.31589e-32 0)
(8.74368e-32 1.36072e-32 0)
(8.69559e-32 -1.94167e-32 0)
(-4.13418e-32 -6.02418e-33 0)
(4.26689e-32 7.92124e-32 0)
(-7.05895e-34 -1.8803e-32 0)
(-8.64329e-32 -7.14626e-34 0)
(-1.0467e-33 -5.96224e-32 0)
)
;
    }
    procBoundary3to2
    {
        type            processor;
        value           nonuniform List<vector> 
43
(
(7.92059e-41 1.12526e-44 0)
(1.13838e-42 -2.32523e-42 0)
(7.63947e-44 -5.46862e-43 0)
(-5.68371e-43 -4.4449e-41 0)
(-5.03422e-41 -9.8615e-40 0)
(-1.44003e-39 -8.71807e-38 0)
(-1.65377e-37 -1.21242e-36 0)
(-1.14385e-35 -1.14266e-34 0)
(-1.01533e-33 -1.34855e-36 0)
(-1.04413e-34 5.52441e-36 0)
(-8.80646e-33 -7.74486e-34 0)
(2.6521e-34 -6.84316e-32 0)
(1.78e-32 1.3384e-33 0)
(-7.6896e-35 6.97873e-32 0)
(-8.98018e-33 7.94964e-34 0)
(-9.50281e-35 1.10908e-34 0)
(8.10695e-37 2.82748e-36 0)
(9.93936e-35 1.23834e-34 0)
(1.00492e-32 7.66561e-34 0)
(-1.07353e-32 7.79597e-32 0)
(-3.08607e-32 -8.27192e-32 0)
(1.0515e-32 -1.61608e-31 0)
(3.15178e-32 -1.13905e-33 0)
(-1.11949e-32 8.2921e-32 0)
(-3.27747e-32 -8.79374e-32 0)
(2.2448e-32 -1.71376e-31 0)
(2.19955e-32 8.63089e-32 0)
(-1.09664e-32 -5.82932e-34 0)
(-2.45333e-34 1.11967e-33 0)
(-1.35016e-32 -2.3588e-33 0)
(1.52091e-34 -9.22271e-32 0)
(1.18791e-32 -1.05024e-33 0)
(1.25786e-34 -1.46462e-34 0)
(9.04285e-36 -1.82305e-36 0)
(-7.64672e-39 -2.58056e-37 0)
(-1.00797e-35 -1.91244e-36 0)
(-1.31155e-34 -1.63071e-34 0)
(-1.32429e-32 -1.01144e-33 0)
(1.40367e-32 -1.02738e-31 0)
(4.05676e-32 1.0815e-31 0)
(-1.36075e-32 2.12273e-31 0)
(-2.72935e-32 2.56849e-33 0)
(-2.79324e-34 3.41406e-34 0)
)
;
    }
}


// ************************************************************************* //
