/*--------------------------------*- C++ -*----------------------------------*\
| =========                 |                                                 |
| \\      /  F ield         | OpenFOAM: The Open Source CFD Toolbox           |
|  \\    /   O peration     | Version:  2.4.0                                 |
|   \\  /    A nd           | Web:      www.OpenFOAM.org                      |
|    \\/     M anipulation  |                                                 |
\*---------------------------------------------------------------------------*/
FoamFile
{
    version     2.0;
    format      ascii;
    class       volVectorField;
    location    "0.05";
    object      U;
}
// * * * * * * * * * * * * * * * * * * * * * * * * * * * * * * * * * * * * * //

dimensions      [0 1 -1 0 0 0 0];

internalField   nonuniform List<vector> 
1935
(
(1.15846e-38 1.96372e-39 0)
(8.25794e-37 2.83843e-38 0)
(6.27407e-36 2.07325e-36 0)
(5.74057e-34 2.02036e-36 0)
(5.68598e-34 -4.12401e-36 0)
(-5.68597e-34 -4.12398e-36 0)
(-5.74045e-34 2.02237e-36 0)
(-5.43726e-36 2.10362e-36 0)
(6.27483e-36 2.13005e-36 0)
(5.80331e-34 4.09761e-36 0)
(1.14349e-33 -2.07322e-36 0)
(7.11162e-36 -6.14437e-36 0)
(-5.61487e-34 2.02036e-36 0)
(5.69436e-34 4.09361e-36 0)
(5.74068e-34 -2.02237e-36 0)
(6.27483e-36 -2.07328e-36 0)
(8.2581e-37 -2.83866e-38 0)
(1.10008e-38 -1.98226e-39 0)
(7.51132e-40 -2.79905e-41 0)
(1.05905e-41 -1.26278e-42 0)
(4.76438e-43 -1.79235e-44 0)
(6.75707e-45 -5.90684e-46 0)
(2.22359e-46 -8.21266e-48 0)
(3.16799e-48 -2.0701e-49 0)
(3.169e-48 2.07068e-49 0)
(2.22437e-46 8.21541e-48 0)
(6.76008e-45 5.90891e-46 0)
(4.76658e-43 1.79315e-44 0)
(1.0597e-41 1.26336e-42 0)
(7.51602e-40 2.80079e-41 0)
(1.1011e-38 1.98351e-39 0)
(8.26551e-37 2.84133e-38 0)
(6.28508e-36 2.07523e-36 0)
(5.74883e-34 2.04878e-36 0)
(5.74883e-34 -2.04878e-36 0)
(6.28508e-36 -2.07523e-36 0)
(8.26551e-37 -2.84133e-38 0)
(1.1011e-38 -1.98351e-39 0)
(7.51602e-40 -2.80079e-41 0)
(1.0597e-41 -1.26336e-42 0)
(4.76658e-43 -1.79315e-44 0)
(6.76008e-45 -5.90892e-46 0)
(2.22423e-46 -8.27029e-48 0)
(2.40839e-48 -9.14459e-49 0)
(2.812e-40 -9.63997e-40 0)
(1.69304e-38 -1.41971e-38 0)
(1.51015e-37 -1.03808e-36 0)
(9.78624e-36 -1.01162e-36 0)
(9.6519e-36 2.0649e-36 0)
(-9.65188e-36 2.06488e-36 0)
(-9.78595e-36 -1.01262e-36 0)
(-1.33814e-37 -1.05327e-36 0)
(1.51032e-37 -1.06649e-36 0)
(9.93727e-36 -2.05169e-36 0)
(1.94553e-35 1.03807e-36 0)
(1.68233e-37 3.07652e-36 0)
(-9.48367e-36 -1.01162e-36 0)
(9.66912e-36 -2.0497e-36 0)
(9.78653e-36 1.01262e-36 0)
(1.51032e-37 1.03809e-36 0)
(1.69308e-38 1.41983e-38 0)
(2.70513e-40 9.87372e-40 0)
(1.69828e-41 1.39196e-41 0)
(2.71843e-43 6.26722e-43 0)
(1.15632e-44 8.88209e-45 0)
(1.80963e-46 2.92431e-46 0)
(5.71766e-48 4.06045e-48 0)
(8.81775e-50 1.02301e-49 0)
(8.82067e-50 -1.0233e-49 0)
(5.71976e-48 -4.06181e-48 0)
(1.81047e-46 -2.92534e-46 0)
(1.15688e-44 -8.88605e-45 0)
(2.72018e-43 -6.27011e-43 0)
(1.69942e-41 -1.39282e-41 0)
(2.70773e-40 -9.8799e-40 0)
(1.69475e-38 -1.42116e-38 0)
(1.51286e-37 -1.03907e-36 0)
(9.80319e-36 -1.02583e-36 0)
(9.80319e-36 1.02583e-36 0)
(1.51286e-37 1.03907e-36 0)
(1.69475e-38 1.42116e-38 0)
(2.70773e-40 9.8799e-40 0)
(1.69942e-41 1.39282e-41 0)
(2.72018e-43 6.27011e-43 0)
(1.15688e-44 8.88604e-45 0)
(1.81006e-46 2.92488e-46 0)
(5.1935e-48 1.40972e-48 0)
(-2.77372e-47 -3.27652e-47 0)
(2.51646e-41 -2.17285e-41 0)
(1.43072e-39 -3.47513e-40 0)
(3.33884e-39 -2.08504e-38 0)
(1.16231e-37 -2.0199e-38 0)
(1.14301e-37 4.14195e-38 0)
(-1.143e-37 4.14192e-38 0)
(-1.16206e-37 -2.02217e-38 0)
(-1.88515e-39 -2.12202e-38 0)
(3.34067e-39 -2.15458e-38 0)
(1.19571e-37 -4.10944e-38 0)
(2.31986e-37 2.085e-38 0)
(4.7943e-39 6.16185e-38 0)
(-1.09507e-37 -2.0199e-38 0)
(1.15757e-37 -4.10493e-38 0)
(1.16255e-37 2.02217e-38 0)
(3.34067e-39 2.08507e-38 0)
(1.43074e-39 3.47541e-40 0)
(2.29564e-41 2.23443e-41 0)
(1.80128e-42 3.5815e-43 0)
(2.79153e-44 1.52421e-44 0)
(1.26893e-45 2.3854e-46 0)
(1.90348e-47 7.53756e-48 0)
(6.0686e-49 1.13438e-49 0)
(8.93159e-51 2.77034e-51 0)
(8.93436e-51 -2.77115e-51 0)
(6.07068e-49 -1.13477e-49 0)
(1.90433e-47 -7.54033e-48 0)
(1.26953e-45 -2.3865e-46 0)
(2.79337e-44 -1.52495e-44 0)
(1.80253e-42 -3.58381e-43 0)
(2.2983e-41 -2.23593e-41 0)
(1.43251e-39 -3.47884e-40 0)
(3.36182e-39 -2.08727e-38 0)
(1.17663e-37 -2.05468e-38 0)
(1.17663e-37 2.05468e-38 0)
(3.36182e-39 2.08727e-38 0)
(1.43251e-39 3.47884e-40 0)
(2.2983e-41 2.23593e-41 0)
(1.80253e-42 3.58381e-43 0)
(2.79337e-44 1.52495e-44 0)
(1.26949e-45 2.38585e-46 0)
(1.70383e-47 5.98192e-48 0)
(-2.42259e-47 -8.96069e-47 0)
(-1.37657e-45 -1.08603e-45 0)
(6.10244e-43 -2.31901e-42 0)
(3.08122e-41 -3.01853e-41 0)
(5.07402e-41 -1.86762e-39 0)
(1.08259e-39 -1.8119e-39 0)
(1.06215e-39 3.71212e-39 0)
(-1.0621e-39 3.71208e-39 0)
(-1.08199e-39 -1.81431e-39 0)
(-1.93702e-41 -1.90019e-39 0)
(5.07836e-41 -1.92803e-39 0)
(1.13337e-39 -3.68431e-39 0)
(2.1761e-39 1.86758e-39 0)
(8.21522e-41 5.52401e-39 0)
(-9.79992e-40 -1.8119e-39 0)
(1.09356e-39 -3.67951e-39 0)
(1.08319e-39 1.81431e-39 0)
(5.07836e-41 1.86766e-39 0)
(3.08127e-41 3.0189e-41 0)
(5.57424e-43 2.37967e-42 0)
(4.26472e-44 3.68847e-44 0)
(7.22366e-46 1.67659e-45 0)
(3.17298e-47 2.51484e-47 0)
(5.10217e-49 8.01749e-49 0)
(1.5755e-50 1.15196e-50 0)
(2.44821e-52 2.7586e-52 0)
(2.44898e-52 -2.75934e-52 0)
(1.57605e-50 -1.15234e-50 0)
(5.10451e-49 -8.02025e-49 0)
(3.17453e-47 -2.51597e-47 0)
(7.22861e-46 -1.67738e-45 0)
(4.26784e-44 -3.6909e-44 0)
(5.58114e-43 -2.38132e-42 0)
(3.08546e-41 -3.02242e-41 0)
(5.12983e-41 -1.87e-39 0)
(1.11344e-39 -1.84212e-39 0)
(1.11344e-39 1.84212e-39 0)
(5.12983e-41 1.87e-39 0)
(3.08546e-41 3.02242e-41 0)
(5.58114e-43 2.38132e-42 0)
(4.26784e-44 3.6909e-44 0)
(7.22811e-46 1.67733e-45 0)
(3.0567e-47 2.22076e-47 0)
(-6.73228e-47 -6.71615e-47 0)
(-8.20534e-46 -4.10289e-45 0)
(-4.4518e-44 -4.79783e-44 0)
(3.1934e-44 -7.14383e-44 0)
(1.65778e-42 -7.35707e-43 0)
(1.76699e-42 -4.04668e-41 0)
(4.64515e-42 -3.91061e-41 0)
(4.50893e-42 8.03648e-41 0)
(-4.50649e-42 8.03639e-41 0)
(-4.61368e-42 -3.91634e-41 0)
(-8.03554e-44 -4.12578e-41 0)
(1.76938e-42 -4.19375e-41 0)
(6.41452e-42 -7.96862e-41 0)
(1.08407e-41 4.04654e-41 0)
(3.45592e-42 1.19471e-40 0)
(-1.05293e-42 -3.91061e-41 0)
(6.19788e-42 -7.95725e-41 0)
(4.67664e-42 3.91635e-41 0)
(1.76938e-42 4.04673e-41 0)
(1.65753e-42 7.35128e-43 0)
(2.9094e-44 5.63573e-44 0)
(2.36554e-45 9.54657e-46 0)
(3.87835e-47 4.19283e-47 0)
(1.71697e-48 6.74182e-49 0)
(2.66833e-50 2.0817e-50 0)
(8.09323e-52 3.16011e-52 0)
(1.21305e-53 7.35526e-54 0)
(1.21341e-53 -7.35727e-54 0)
(8.0959e-52 -3.16115e-52 0)
(2.66949e-50 -2.08244e-50 0)
(1.71777e-48 -6.7449e-49 0)
(3.88094e-47 -4.19488e-47 0)
(2.36723e-45 -9.55311e-46 0)
(2.91311e-44 -5.63986e-44 0)
(1.65986e-42 -7.36041e-43 0)
(1.79611e-42 -4.05227e-41 0)
(6.305e-42 -3.98422e-41 0)
(6.305e-42 3.98422e-41 0)
(1.79611e-42 4.05227e-41 0)
(1.65986e-42 7.36041e-43 0)
(2.91311e-44 5.63986e-44 0)
(2.36719e-45 9.55272e-46 0)
(3.65768e-47 4.06431e-47 0)
(-4.96718e-47 -8.04102e-47 0)
(-3.10214e-45 -1.82452e-45 0)
(-3.6252e-44 -1.07287e-43 0)
(-2.09333e-42 -1.25132e-42 0)
(-2.47892e-44 -4.40345e-43 0)
(4.86786e-44 -6.57113e-44 0)
(3.64342e-44 -2.21193e-42 0)
(-4.06003e-44 -2.12009e-42 0)
(-4.10778e-44 4.35184e-42 0)
(4.11416e-44 4.35182e-42 0)
(4.16896e-44 -2.12287e-42 0)
(1.18995e-45 -2.23213e-42 0)
(3.59883e-44 -2.26752e-42 0)
(-4.95312e-45 -4.31653e-42 0)
(-4.49043e-44 2.19048e-42 0)
(7.31089e-44 6.47157e-42 0)
(1.14195e-43 -2.1197e-42 0)
(-3.90812e-45 -4.31022e-42 0)
(-4.01923e-44 2.12288e-42 0)
(3.59883e-44 2.19058e-42 0)
(3.64292e-44 3.84723e-44 0)
(6.93418e-46 3.12776e-45 0)
(5.47602e-47 5.12781e-47 0)
(9.56533e-49 2.26975e-48 0)
(4.0976e-50 3.52724e-50 0)
(6.6879e-52 1.06977e-51 0)
(1.96535e-53 1.56757e-53 0)
(3.05407e-55 3.5314e-55 0)
(3.05497e-55 -3.53229e-55 0)
(1.966e-53 -1.56805e-53 0)
(6.69082e-52 -1.07013e-51 0)
(4.09953e-50 -3.52877e-50 0)
(9.57183e-49 -2.27081e-48 0)
(5.48005e-47 -5.13123e-47 0)
(6.94333e-46 -3.13e-45 0)
(3.6483e-44 -3.85213e-44 0)
(3.66269e-44 -2.19366e-42 0)
(-4.4585e-45 -2.15822e-42 0)
(-4.4585e-45 2.15822e-42 0)
(3.66269e-44 2.19366e-42 0)
(3.6483e-44 3.85213e-44 0)
(6.94304e-46 3.12997e-45 0)
(5.38129e-47 4.9704e-47 0)
(-6.03747e-47 -4.97655e-47 0)
(-1.37977e-45 -3.39484e-45 0)
(-8.11312e-44 -7.40437e-44 0)
(-9.45597e-43 -4.64418e-42 0)
(-5.30443e-41 -5.27805e-41 0)
(-6.75604e-43 -1.93673e-41 0)
(3.17654e-43 -7.66666e-43 0)
(2.17322e-44 -5.75817e-43 0)
(1.23153e-44 -5.64034e-44 0)
(-3.52021e-45 9.4891e-44 0)
(3.84203e-45 9.56556e-44 0)
(3.88504e-45 -4.65673e-44 0)
(9.05485e-47 -4.91762e-44 0)
(1.37001e-45 -5.00223e-44 0)
(-2.48603e-45 -9.48256e-44 0)
(-6.2141e-45 4.81852e-44 0)
(2.82834e-45 1.42163e-43 0)
(6.64483e-45 -4.6493e-44 0)
(-2.35595e-45 -9.46795e-44 0)
(-3.82741e-45 4.65668e-44 0)
(1.37001e-45 4.81878e-44 0)
(1.43191e-45 9.17342e-46 0)
(2.64897e-47 7.24119e-47 0)
(2.1064e-48 1.2648e-48 0)
(3.58075e-50 5.41721e-50 0)
(1.50726e-51 8.84137e-52 0)
(2.39367e-53 2.59803e-53 0)
(6.8145e-55 3.94949e-55 0)
(1.02839e-56 8.63797e-57 0)
(1.02868e-56 -8.64014e-57 0)
(6.81662e-55 -3.9507e-55 0)
(2.39465e-53 -2.59889e-53 0)
(1.50793e-51 -8.84524e-52 0)
(3.58308e-50 -5.41977e-50 0)
(2.10788e-48 -1.26566e-48 0)
(2.6524e-47 -7.24652e-47 0)
(1.43398e-45 -9.18553e-46 0)
(1.39439e-45 -4.82589e-44 0)
(-2.42206e-45 -4.74116e-44 0)
(-2.42206e-45 4.74116e-44 0)
(1.39439e-45 4.82589e-44 0)
(1.43397e-45 9.18541e-46 0)
(2.53073e-47 7.19791e-47 0)
(-3.72567e-47 -3.10569e-47 0)
(-2.56802e-45 -1.02197e-45 0)
(-5.6e-44 -6.45697e-44 0)
(-3.51218e-42 -1.40423e-42 0)
(-3.98857e-41 -8.53038e-41 0)
(-2.43231e-39 -1.00852e-39 0)
(-2.93186e-41 -3.80014e-40 0)
(1.45806e-41 -2.95156e-41 0)
(5.79309e-43 -2.47681e-41 0)
(3.98598e-43 -4.3317e-43 0)
(7.39997e-45 -3.13137e-44 0)
(6.77572e-46 3.19096e-45 0)
(1.0014e-46 -1.85853e-45 0)
(2.65679e-48 -1.93327e-45 0)
(2.90947e-47 -1.9652e-45 0)
(-6.01615e-47 -3.73102e-45 0)
(-1.46181e-46 1.89499e-45 0)
(6.03441e-47 5.59365e-45 0)
(1.48534e-46 -1.83036e-45 0)
(-5.68851e-47 -3.7254e-45 0)
(-8.86008e-47 1.8332e-45 0)
(2.90876e-47 1.89508e-45 0)
(3.06569e-47 3.50546e-47 0)
(6.01377e-49 2.78587e-48 0)
(4.625e-50 4.73553e-50 0)
(8.22918e-52 1.993e-51 0)
(3.34546e-53 3.16494e-53 0)
(5.4942e-55 9.00965e-55 0)
(1.51223e-56 1.33127e-56 0)
(2.33229e-58 2.79685e-58 0)
(2.33292e-58 -2.7975e-58 0)
(1.5127e-56 -1.33165e-56 0)
(5.49644e-55 -9.01244e-55 0)
(3.34695e-53 -3.16625e-53 0)
(8.23452e-52 -1.99389e-51 0)
(4.62829e-50 -4.7386e-50 0)
(6.02167e-49 -2.78784e-48 0)
(3.07023e-47 -3.50999e-47 0)
(2.96426e-47 -1.89782e-45 0)
(-5.85469e-47 -1.86546e-45 0)
(-5.85471e-47 1.86546e-45 0)
(2.96338e-47 1.89782e-45 0)
(3.03344e-47 3.46715e-47 0)
(-2.38598e-47 -1.46552e-47 0)
(-7.73402e-46 -1.22323e-45 0)
(-4.88624e-44 -3.76015e-44 0)
(-1.06241e-42 -2.54344e-42 0)
(-6.45296e-41 -5.39238e-41 0)
(-7.61784e-40 -3.57907e-39 0)
(-4.47698e-38 -4.1966e-38 0)
(-5.38012e-40 -1.66587e-38 0)
(3.17901e-40 -6.19205e-40 0)
(2.29913e-41 -4.30068e-40 0)
(1.87085e-41 -7.70575e-42 0)
(3.25703e-43 -5.95778e-43 0)
(2.6517e-44 -9.95565e-45 0)
(4.35425e-46 -4.82012e-46 0)
(1.92257e-47 -4.85261e-47 0)
(1.19315e-48 -4.23892e-47 0)
(-1.90842e-48 -7.98089e-47 0)
(-4.63112e-48 4.05761e-47 0)
(1.86022e-48 1.19645e-46 0)
(4.64098e-48 -3.91048e-47 0)
(-1.8158e-48 -7.96821e-47 0)
(-2.79456e-48 3.91671e-47 0)
(8.9669e-49 4.05784e-47 0)
(9.45448e-49 7.95891e-49 0)
(1.81295e-50 6.11725e-50 0)
(1.36982e-51 1.08836e-51 0)
(2.38572e-53 4.42383e-53 0)
(9.39649e-55 7.26493e-55 0)
(1.50973e-56 1.99947e-56 0)
(3.99206e-58 3.02137e-58 0)
(6.00745e-60 6.14465e-60 0)
(6.00896e-60 -6.14605e-60 0)
(3.99321e-58 -3.02222e-58 0)
(1.51031e-56 -2.00009e-56 0)
(9.40042e-55 -7.26789e-55 0)
(2.38719e-53 -4.4258e-53 0)
(1.37074e-51 -1.08907e-51 0)
(1.81524e-50 -6.1216e-50 0)
(9.46794e-49 -7.96935e-49 0)
(9.13447e-49 -4.06385e-47 0)
(-1.86738e-48 -3.99018e-47 0)
(-1.87169e-48 3.99004e-47 0)
(5.89137e-49 4.05703e-47 0)
(-1.22574e-47 -4.03585e-48 0)
(-9.25939e-46 -1.92038e-46 0)
(-2.84625e-44 -1.29529e-44 0)
(-1.92509e-42 -3.96641e-43 0)
(-4.08039e-41 -2.58533e-41 0)
(-2.70736e-39 -5.68874e-40 0)
(-3.1639e-38 -3.65966e-38 0)
(-2.0909e-36 -5.07176e-37 0)
(-1.87336e-38 -2.18134e-37 0)
(1.83508e-38 -2.37751e-38 0)
(5.73833e-40 -2.12733e-38 0)
(3.2354e-40 -3.42259e-40 0)
(5.78028e-42 -2.71552e-41 0)
(4.48617e-43 -4.19932e-43 0)
(7.5561e-45 -1.91002e-44 0)
(3.33991e-46 -2.86964e-46 0)
(5.36706e-48 -1.03857e-47 0)
(1.2627e-49 -2.58814e-48 0)
(-9.16474e-50 1.2462e-48 0)
(3.77196e-50 3.68512e-48 0)
(9.41516e-50 -1.205e-48 0)
(-3.69185e-50 -2.45437e-48 0)
(-5.67901e-50 1.20684e-48 0)
(1.81185e-50 1.24941e-48 0)
(1.91594e-50 2.39544e-50 0)
(3.83733e-52 1.80858e-51 0)
(2.79357e-53 3.14964e-53 0)
(5.0261e-55 1.24022e-54 0)
(1.90629e-56 1.99254e-56 0)
(3.12929e-58 5.26825e-58 0)
(7.97463e-60 7.77446e-60 0)
(1.21222e-61 1.51177e-61 0)
(1.21251e-61 -1.51209e-61 0)
(7.97686e-60 -7.77649e-60 0)
(3.13046e-58 -5.26976e-58 0)
(1.90708e-56 -1.99331e-56 0)
(5.02915e-55 -1.24073e-54 0)
(2.79544e-53 -3.15158e-53 0)
(3.84214e-52 -1.8098e-51 0)
(1.91866e-50 -2.39847e-50 0)
(1.84603e-50 -1.2512e-48 0)
(-3.90626e-50 -1.22955e-48 0)
(-8.98033e-50 1.18426e-48 0)
(-3.6477e-48 -9.10224e-49 0)
(-1.45765e-46 -1.62325e-46 0)
(-9.82941e-45 -6.28886e-45 0)
(-3.01141e-43 -4.56476e-43 0)
(-1.96226e-41 -1.36183e-41 0)
(-4.31378e-40 -9.74951e-40 0)
(-2.76741e-38 -2.10818e-38 0)
(-3.73262e-37 -1.54111e-36 0)
(-2.36529e-35 -2.22619e-35 0)
(4.44959e-37 -1.23735e-35 0)
(9.547e-37 -3.81781e-37 0)
(3.43449e-38 -2.53994e-37 0)
(1.94826e-38 -4.18158e-39 0)
(3.11164e-40 -2.76379e-40 0)
(2.48876e-41 -4.39507e-42 0)
(3.84163e-43 -1.8858e-43 0)
(1.75475e-44 -2.92635e-45 0)
(2.62131e-46 -9.23475e-47 0)
(8.35683e-48 -1.41466e-48 0)
(1.17709e-49 -1.51162e-50 0)
(3.61928e-51 5.49422e-50 0)
(1.853e-51 -1.81167e-50 0)
(-7.11343e-52 -3.6912e-50 0)
(-1.09436e-51 1.81352e-50 0)
(3.4915e-52 1.88053e-50 0)
(3.68823e-52 3.75763e-52 0)
(7.2192e-54 2.75953e-53 0)
(5.07872e-55 4.95818e-55 0)
(8.93786e-57 1.89215e-56 0)
(3.24432e-58 3.10375e-58 0)
(5.20201e-60 7.94167e-60 0)
(1.26133e-61 1.18416e-61 0)
(1.86531e-63 2.22624e-63 0)
(1.86554e-63 -2.2267e-63 0)
(1.26144e-61 -1.18445e-61 0)
(5.20174e-60 -7.94389e-60 0)
(3.24351e-58 -3.10491e-58 0)
(8.92605e-57 -1.89293e-56 0)
(5.06659e-55 -4.9612e-55 0)
(7.12058e-54 -2.76139e-53 0)
(3.60304e-52 -3.76241e-52 0)
(-1.73727e-52 -1.88326e-50 0)
(-4.25436e-50 -1.84886e-50 0)
(-2.02273e-48 1.77056e-50 0)
(-1.51896e-46 -7.14932e-51 0)
(-5.88904e-45 -3.47334e-48 0)
(-4.27463e-43 -9.53521e-47 0)
(-1.27669e-41 -1.22563e-44 0)
(-9.13544e-40 -3.98865e-43 0)
(-1.97116e-38 -6.46351e-41 0)
(-1.43333e-36 -7.38391e-39 0)
(-1.95055e-35 -1.16309e-36 0)
(-1.49536e-33 -1.33043e-34 0)
(1.13457e-34 -1.15187e-34 0)
(1.55289e-34 -2.369e-35 0)
(2.39592e-36 -2.2636e-35 0)
(2.95467e-37 -3.13165e-37 0)
(4.69832e-39 -2.17366e-38 0)
(3.03492e-40 -3.08974e-40 0)
(4.82331e-42 -1.38717e-41 0)
(2.06667e-43 -1.97846e-43 0)
(3.20925e-45 -6.49423e-45 0)
(1.0123e-46 -9.06305e-47 0)
(1.51161e-48 -2.30744e-48 0)
(3.72319e-50 -3.00033e-50 0)
(5.48873e-52 -9.51492e-52 0)
(2.24667e-54 -6.52918e-52 0)
(-1.26014e-53 3.16759e-52 0)
(4.06026e-54 3.28406e-52 0)
(4.29564e-54 6.423e-54 0)
(8.68811e-56 4.52443e-55 0)
(5.891e-57 7.96036e-57 0)
(1.06082e-58 2.89198e-58 0)
(3.7035e-60 4.6371e-60 0)
(6.01191e-62 1.12484e-61 0)
(1.4008e-63 1.63421e-63 0)
(2.07295e-65 2.90744e-65 0)
(2.07655e-65 -2.90719e-65 0)
(1.40456e-63 -1.63371e-63 0)
(6.04679e-62 -1.12421e-61 0)
(3.73653e-60 -4.62978e-60 0)
(1.08777e-58 -2.88475e-58 0)
(6.12524e-57 -7.89408e-57 0)
(1.03471e-55 -4.4678e-55 0)
(5.62642e-54 -5.99165e-54 0)
(8.44627e-53 -2.95371e-52 0)
(5.9942e-51 1.80444e-51 0)
(3.02956e-49 1.49031e-49 0)
(2.13215e-47 8.0048e-48 0)
(8.7244e-46 5.17987e-46 0)
(5.86794e-44 2.29873e-44 0)
(1.87044e-42 1.37001e-42 0)
(1.22593e-40 4.1195e-41 0)
(2.85392e-39 7.46368e-40 0)
(1.87748e-37 -3.78711e-37 0)
(2.78883e-36 -7.74261e-35 0)
(1.9033e-34 -1.15971e-32 0)
(1.7684e-32 -1.03934e-32 0)
(1.79932e-32 -1.01872e-34 0)
(1.99683e-34 -6.95933e-37 0)
(2.63587e-35 -3.72971e-39 0)
(3.54664e-37 -4.68119e-42 0)
(2.41911e-38 1.13635e-43 0)
(3.43573e-40 6.3428e-45 0)
(1.54228e-41 8.81575e-47 0)
(2.19977e-43 2.35054e-48 0)
(7.2211e-45 3.08726e-50 0)
(1.00778e-46 6.52346e-52 0)
(2.5662e-48 1.95301e-53 0)
(3.44408e-50 -3.57747e-54 0)
(7.0605e-52 -7.57934e-54 0)
(8.80257e-54 3.72296e-54 0)
(2.11765e-55 3.86356e-54 0)
(6.47964e-56 7.81205e-56 0)
(1.27635e-57 5.29663e-57 0)
(8.10252e-59 9.53705e-59 0)
(1.43047e-60 3.32996e-60 0)
(4.72112e-62 5.40544e-62 0)
(7.49875e-64 1.25961e-63 0)
(1.64985e-65 1.83231e-65 0)
(2.44609e-67 3.12977e-67 0)
(1.01532e-66 -3.13398e-67 0)
(9.70667e-65 -1.83677e-65 0)
(8.60154e-63 -1.26439e-63 0)
(7.68495e-61 -5.45015e-62 0)
(6.32035e-59 -3.37374e-60 0)
(5.15554e-57 -9.89293e-59 0)
(3.81732e-55 -5.61783e-57 0)
(2.82375e-53 -1.00481e-55 0)
(1.8335e-51 -5.7399e-54 0)
(1.23374e-49 -1.13763e-52 0)
(6.86975e-48 -8.66895e-51 0)
(4.23764e-46 -4.19706e-49 0)
(1.97525e-44 -3.14605e-47 0)
(1.12851e-42 -1.21073e-45 0)
(4.25787e-41 -8.49852e-44 0)
(2.28395e-39 -1.64772e-42 0)
(6.60865e-38 5.75565e-41 0)
(3.39608e-36 4.85769e-38 0)
(6.77547e-35 9.13098e-36 0)
(3.3681e-33 1.33865e-33 0)
(1.64958e-34 -1.03714e-32 0)
(1.29518e-34 -7.94644e-35 0)
(2.10075e-36 2.19196e-35 0)
(2.70815e-37 3.09235e-37 0)
(4.38134e-39 2.17247e-38 0)
(2.87791e-40 3.08994e-40 0)
(4.6123e-42 1.38748e-41 0)
(1.99318e-43 1.97891e-43 0)
(3.11036e-45 6.49543e-45 0)
(9.86162e-47 9.06456e-47 0)
(1.47732e-48 2.3081e-48 0)
(3.65032e-50 3.09758e-50 0)
(5.18713e-52 6.35073e-52 0)
(1.03733e-53 7.97354e-54 0)
(1.363e-55 1.91607e-55 0)
(2.94171e-57 5.83706e-56 0)
(7.11257e-58 1.1496e-57 0)
(1.43222e-59 7.29468e-59 0)
(8.6368e-61 1.28776e-60 0)
(1.54855e-62 4.24963e-62 0)
(4.87798e-64 6.74962e-64 0)
(7.78223e-66 1.48496e-65 0)
(1.63496e-67 2.10412e-67 0)
(2.21827e-69 3.32491e-69 0)
(-1.09579e-68 -1.14645e-68 0)
(-1.38075e-66 -1.10748e-66 0)
(-1.4015e-64 -1.09031e-64 0)
(-1.51198e-62 -9.82527e-63 0)
(-1.24244e-60 -8.98285e-61 0)
(-1.21718e-58 -7.39075e-59 0)
(-8.23523e-57 -6.18418e-57 0)
(-7.52844e-55 -4.51672e-55 0)
(-4.1829e-53 -3.45023e-53 0)
(-3.63115e-51 -2.18401e-51 0)
(-1.63325e-49 -1.53165e-49 0)
(-1.36601e-47 -8.22001e-48 0)
(-4.85105e-46 -5.3409e-46 0)
(-3.9696e-44 -2.36014e-44 0)
(-1.07062e-42 -1.41159e-42 0)
(-8.74343e-41 -4.15283e-41 0)
(-1.68155e-39 -5.91895e-40 0)
(-1.41274e-37 4.30091e-37 0)
(-1.68915e-36 8.68303e-35 0)
(-1.52087e-34 1.29529e-32 0)
(2.66241e-35 -9.29037e-35 0)
(-1.21439e-35 -1.0455e-36 0)
(-1.16221e-37 2.19341e-37 0)
(6.91126e-39 3.7926e-39 0)
(1.49081e-40 2.58256e-40 0)
(1.68672e-41 4.14765e-42 0)
(2.76161e-43 1.79321e-43 0)
(1.37907e-44 2.79825e-45 0)
(2.11502e-46 8.8711e-47 0)
(7.02118e-48 1.32888e-48 0)
(1.01964e-49 3.28338e-50 0)
(2.52586e-51 4.66559e-52 0)
(3.45445e-53 9.33093e-54 0)
(6.75565e-55 1.23209e-55 0)
(8.59774e-57 2.6588e-57 0)
(1.45732e-58 6.40832e-58 0)
(1.01518e-59 1.29025e-59 0)
(1.9297e-61 7.77692e-61 0)
(1.02235e-62 1.39429e-62 0)
(1.79129e-64 4.39142e-64 0)
(5.27346e-66 7.00573e-66 0)
(8.225e-68 1.47174e-67 0)
(1.60809e-69 2.06993e-69 0)
(-1.93508e-69 3.28117e-71 0)
(-2.18851e-67 9.16766e-71 0)
(-2.40594e-65 1.19566e-68 0)
(-2.31355e-63 1.469e-66 0)
(-2.29415e-61 1.48376e-64 0)
(-1.88995e-59 1.57966e-62 0)
(-1.71431e-57 1.30338e-60 0)
(-1.20009e-55 1.261e-58 0)
(-1.00888e-53 8.60772e-57 0)
(-5.92509e-52 7.75844e-55 0)
(-4.67621e-50 4.36296e-53 0)
(-2.2615e-48 3.72535e-51 0)
(-1.6982e-46 1.70012e-49 0)
(-6.58412e-45 1.39544e-47 0)
(-4.777e-43 5.05502e-46 0)
(-1.42673e-41 4.09341e-44 0)
(-1.02039e-39 1.27378e-42 0)
(-2.2015e-38 1.27191e-40 0)
(-1.59996e-36 9.43985e-39 0)
(-2.17661e-35 1.37796e-36 0)
(-1.66784e-33 1.4959e-34 0)
(2.92542e-37 -1.21236e-35 0)
(-1.41162e-37 -1.24407e-37 0)
(-1.73745e-39 6.05139e-39 0)
(5.61926e-41 1.33177e-40 0)
(1.57223e-42 1.51826e-41 0)
(1.93703e-43 2.48633e-43 0)
(3.50634e-45 1.24135e-44 0)
(1.71981e-46 1.90371e-46 0)
(2.83936e-48 6.31891e-48 0)
(9.17483e-50 9.17625e-50 0)
(1.41131e-51 2.27301e-51 0)
(3.40574e-53 3.10857e-53 0)
(4.87283e-55 6.07917e-55 0)
(9.31329e-57 7.74429e-57 0)
(1.22817e-58 1.31291e-58 0)
(2.00744e-60 9.14507e-60 0)
(1.07931e-61 1.73822e-61 0)
(2.04176e-63 9.20557e-63 0)
(9.94258e-65 1.61285e-64 0)
(1.75085e-66 4.74749e-66 0)
(4.87242e-68 7.40439e-68 0)
(7.56714e-70 1.4618e-69 0)
(1.43342e-71 2.02678e-71 0)
(2.03271e-71 3.67848e-71 0)
(2.28981e-69 4.51585e-69 0)
(2.51252e-67 5.04989e-67 0)
(2.46873e-65 5.54993e-65 0)
(2.42913e-63 5.3381e-63 0)
(2.055e-61 5.29106e-61 0)
(1.83663e-59 4.36055e-59 0)
(1.32678e-57 3.95289e-57 0)
(1.09004e-55 2.76872e-55 0)
(6.63531e-54 2.3257e-53 0)
(5.06937e-52 1.36686e-51 0)
(2.54962e-50 1.07761e-49 0)
(1.83259e-48 5.21626e-48 0)
(7.39924e-47 3.91174e-46 0)
(5.06583e-45 1.51828e-44 0)
(1.57147e-43 1.09974e-42 0)
(1.0396e-41 3.28894e-41 0)
(2.30158e-40 2.34801e-39 0)
(1.49755e-38 5.08666e-38 0)
(2.0073e-37 3.69943e-36 0)
(1.28808e-35 5.25975e-35 0)
(1.97135e-38 -1.3258e-37 0)
(-9.82891e-39 -1.66347e-39 0)
(-1.16298e-40 4.97652e-41 0)
(-2.87853e-42 1.41121e-42 0)
(-8.01884e-45 1.74413e-43 0)
(5.00091e-45 3.15726e-45 0)
(9.9099e-47 1.54815e-46 0)
(5.76645e-48 2.55581e-48 0)
(9.48688e-50 8.25747e-50 0)
(3.18471e-51 1.27015e-51 0)
(4.78326e-53 3.06492e-53 0)
(1.14655e-54 4.3851e-55 0)
(1.58732e-56 8.38098e-57 0)
(2.94379e-58 1.10596e-58 0)
(3.73757e-60 1.80801e-60 0)
(5.68583e-62 9.7219e-62 0)
(1.55276e-63 1.83904e-63 0)
(2.64021e-65 8.95249e-65 0)
(1.03736e-66 1.57641e-66 0)
(1.76328e-68 4.38643e-68 0)
(4.51221e-70 6.8121e-70 0)
(7.01355e-72 1.27597e-71 0)
(2.48477e-71 5.15222e-73 0)
(3.05967e-69 4.47217e-71 0)
(3.42167e-67 5.53477e-69 0)
(3.75971e-65 6.18911e-67 0)
(3.61669e-63 6.80334e-65 0)
(3.58377e-61 6.54325e-63 0)
(2.95416e-59 6.48733e-61 0)
(2.6769e-57 5.34587e-59 0)
(1.87557e-55 4.84771e-57 0)
(1.57461e-53 3.39498e-55 0)
(9.25813e-52 2.85289e-53 0)
(7.29384e-50 1.67639e-51 0)
(3.53243e-48 1.32226e-49 0)
(2.64667e-46 6.39911e-48 0)
(1.02786e-44 4.80149e-46 0)
(7.43698e-43 1.86345e-44 0)
(2.22528e-41 1.35137e-42 0)
(1.58615e-39 4.06298e-41 0)
(3.42852e-38 2.94382e-39 0)
(2.48131e-36 7.41244e-38 0)
(3.38042e-35 6.41571e-36 0)
(2.5762e-33 2.87804e-34 0)
(2.29467e-40 -8.88056e-39 0)
(-1.14479e-40 -1.05119e-40 0)
(-1.55984e-42 -2.58798e-42 0)
(-4.70839e-44 -7.12785e-45 0)
(-3.28137e-46 4.50597e-45 0)
(5.08649e-47 8.92678e-47 0)
(1.13599e-48 5.19184e-48 0)
(6.76035e-50 8.5409e-50 0)
(1.18715e-51 2.8667e-51 0)
(3.91474e-53 4.30547e-53 0)
(6.1652e-55 1.03195e-54 0)
(1.44426e-56 1.42863e-56 0)
(2.06996e-58 2.64942e-58 0)
(3.75405e-60 3.36459e-60 0)
(4.88159e-62 5.11878e-62 0)
(7.24077e-64 1.39831e-63 0)
(1.65423e-65 2.37765e-65 0)
(2.70154e-67 9.34019e-67 0)
(9.28642e-69 1.58755e-68 0)
(1.558e-70 4.06207e-70 0)
(3.71507e-72 6.14258e-72 0)
(4.3836e-73 1.06425e-73 0)
(4.98451e-71 -1.58507e-73 0)
(6.16907e-69 -2.0805e-71 0)
(6.89871e-67 -2.57419e-69 0)
(7.58325e-65 -2.87879e-67 0)
(7.29377e-63 -3.16311e-65 0)
(7.23117e-61 -3.04286e-63 0)
(5.95926e-59 -3.01504e-61 0)
(5.40361e-57 -2.48545e-59 0)
(3.78461e-55 -2.25206e-57 0)
(3.18001e-53 -1.578e-55 0)
(1.86878e-51 -1.3247e-53 0)
(1.47382e-49 -7.78929e-52 0)
(7.13323e-48 -6.13585e-50 0)
(5.35137e-46 -2.97072e-48 0)
(2.07668e-44 -2.22149e-46 0)
(1.50487e-42 -8.47372e-45 0)
(4.49902e-41 -5.7148e-43 0)
(3.21287e-39 -3.63574e-42 0)
(6.9384e-38 2.38142e-39 0)
(5.03348e-36 7.6338e-37 0)
(6.85159e-35 1.39499e-34 0)
(5.23926e-33 2.00908e-32 0)
(1.00445e-41 -1.03325e-40 0)
(-5.00632e-42 -1.40601e-42 0)
(-6.52097e-44 -4.23118e-44 0)
(-3.45761e-45 -2.93937e-46 0)
(-3.88014e-47 4.58439e-47 0)
(1.77876e-49 1.02344e-48 0)
(1.33901e-50 6.08702e-50 0)
(1.33392e-51 1.06882e-51 0)
(2.43484e-53 3.52395e-53 0)
(8.5538e-55 5.54952e-55 0)
(1.33357e-56 1.29994e-56 0)
(3.10544e-58 1.86307e-58 0)
(4.33958e-60 3.37874e-60 0)
(7.61449e-62 4.39422e-62 0)
(9.57094e-64 6.5182e-64 0)
(1.34603e-65 1.48954e-65 0)
(2.25444e-67 2.43267e-67 0)
(3.26519e-69 8.36105e-69 0)
(8.71501e-71 1.4027e-70 0)
(1.38099e-72 3.34199e-72 0)
(2.97878e-74 4.97274e-74 0)
(1.28349e-74 -4.04228e-75 0)
(1.61447e-72 -6.89437e-73 0)
(1.99838e-70 -8.97067e-71 0)
(2.23473e-68 -1.11029e-68 0)
(2.45682e-66 -1.24162e-66 0)
(2.36294e-64 -1.36484e-64 0)
(2.34309e-62 -1.31275e-62 0)
(1.93081e-60 -1.30151e-60 0)
(1.75119e-58 -1.0726e-58 0)
(1.22636e-56 -9.72606e-57 0)
(1.03075e-54 -6.81212e-55 0)
(6.05634e-53 -5.724e-53 0)
(4.77809e-51 -3.36387e-51 0)
(2.31208e-49 -2.65294e-49 0)
(1.73528e-47 -1.28382e-47 0)
(6.73236e-46 -9.62322e-46 0)
(4.88117e-44 -3.70328e-44 0)
(1.45887e-42 -2.59942e-42 0)
(1.04248e-40 -5.03753e-41 0)
(2.2506e-39 1.76632e-39 0)
(1.63401e-37 1.48711e-36 0)
(2.22353e-36 2.7952e-34 0)
(1.70223e-34 4.09782e-32 0)
(1.18411e-43 -4.51578e-42 0)
(-5.89687e-44 -5.87439e-44 0)
(-8.56213e-46 -3.11056e-45 0)
(-4.59563e-47 -3.48925e-47 0)
(-5.85657e-49 1.61687e-49 0)
(-2.5072e-51 1.2077e-50 0)
(9.33521e-53 1.20126e-51 0)
(1.38651e-53 2.19241e-53 0)
(2.73142e-55 7.70047e-55 0)
(9.6442e-57 1.20048e-56 0)
(1.56793e-58 2.79529e-58 0)
(3.58626e-60 3.90607e-60 0)
(5.14346e-62 6.85358e-62 0)
(8.82637e-64 8.61505e-64 0)
(1.12448e-65 1.21162e-65 0)
(1.54233e-67 2.02968e-67 0)
(2.33551e-69 2.93982e-69 0)
(3.19517e-71 7.84618e-71 0)
(7.2544e-73 1.24329e-72 0)
(1.10224e-74 2.67367e-74 0)
(-2.48359e-75 3.75394e-76 0)
(-3.82876e-73 -1.35871e-75 0)
(-4.98175e-71 -1.93464e-73 0)
(-6.16581e-69 -2.5172e-71 0)
(-6.89507e-67 -3.11481e-69 0)
(-7.57932e-65 -3.48346e-67 0)
(-7.28997e-63 -3.82795e-65 0)
(-7.22749e-61 -3.68242e-63 0)
(-5.9562e-59 -3.6493e-61 0)
(-5.40092e-57 -3.00822e-59 0)
(-3.78269e-55 -2.72624e-57 0)
(-3.17846e-53 -1.91015e-55 0)
(-1.86785e-51 -1.60388e-53 0)
(-1.47312e-49 -9.43006e-52 0)
(-7.12975e-48 -7.43033e-50 0)
(-5.3489e-46 -3.59718e-48 0)
(-2.07569e-44 -2.6914e-46 0)
(-1.50421e-42 -1.02872e-44 0)
(-4.49695e-41 -7.0025e-43 0)
(-3.21151e-39 -6.60721e-42 0)
(-6.93533e-38 2.34153e-39 0)
(-5.03151e-36 8.09148e-37 0)
(-6.84876e-35 1.48356e-34 0)
(-5.23748e-33 2.14123e-32 0)
(3.7519e-45 -5.32138e-44 0)
(-1.86701e-45 -7.71339e-46 0)
(-2.61357e-47 -4.13499e-47 0)
(-1.6627e-48 -5.26801e-49 0)
(-2.20608e-50 -2.23885e-51 0)
(-4.33061e-52 8.43228e-53 0)
(-3.51379e-54 1.24874e-53 0)
(1.35665e-55 2.4596e-55 0)
(3.38123e-57 8.68239e-57 0)
(1.42727e-58 1.41149e-58 0)
(2.36307e-60 3.22817e-60 0)
(5.45153e-62 4.62975e-62 0)
(7.70867e-64 7.94453e-64 0)
(1.28233e-65 1.01217e-65 0)
(1.58792e-67 1.3883e-67 0)
(2.07401e-69 2.10253e-69 0)
(2.72073e-71 2.87656e-71 0)
(3.36861e-73 6.53095e-73 0)
(6.13325e-75 1.02049e-74 0)
(7.51268e-77 2.00586e-76 0)
(-1.42708e-75 1.86962e-77 0)
(-2.02527e-73 2.40845e-75 0)
(-2.6351e-71 3.41514e-73 0)
(-3.2606e-69 4.44345e-71 0)
(-3.64648e-67 5.49995e-69 0)
(-4.00695e-65 6.15015e-67 0)
(-3.85461e-63 6.76122e-65 0)
(-3.81976e-61 6.50253e-63 0)
(-3.14874e-59 6.44784e-61 0)
(-2.85342e-57 5.31301e-59 0)
(-1.99927e-55 4.81876e-57 0)
(-1.67859e-53 3.37439e-55 0)
(-9.86944e-52 2.83621e-53 0)
(-7.77615e-50 1.66638e-51 0)
(-3.76595e-48 1.31472e-49 0)
(-2.82193e-46 6.36162e-48 0)
(-1.09588e-44 4.77491e-46 0)
(-7.93007e-43 1.85281e-44 0)
(-2.37269e-41 1.34423e-42 0)
(-1.69144e-39 4.04228e-41 0)
(-3.65578e-38 2.93315e-39 0)
(-2.64619e-36 7.45797e-38 0)
(-3.60449e-35 6.52042e-36 0)
(-2.74757e-33 3.02564e-34 0)
(-6.28886e-38 2.18767e-32 0)
(4.06135e-47 -1.74152e-45 0)
(-2.01948e-47 -2.44156e-47 0)
(-3.09588e-49 -1.54907e-48 0)
(-1.92277e-50 -2.06014e-50 0)
(-2.77246e-52 -4.04064e-52 0)
(-5.91062e-54 -3.29056e-54 0)
(-6.01777e-56 1.26e-55 0)
(8.82513e-58 3.14724e-57 0)
(2.90658e-59 1.32787e-58 0)
(1.35687e-60 2.20038e-60 0)
(2.35774e-62 5.07112e-62 0)
(5.41158e-64 7.17347e-64 0)
(7.81838e-66 1.19208e-65 0)
(1.27499e-67 1.47617e-67 0)
(1.58756e-69 1.92595e-69 0)
(2.02054e-71 2.5122e-71 0)
(2.50959e-73 2.66706e-73 0)
(3.53648e-75 5.58005e-75 0)
(5.26271e-77 4.30684e-74 0)
(-2.94747e-76 8.76658e-76 0)
(-3.05775e-77 3.7619e-77 0)
(-3.46319e-75 1.28569e-75 0)
(-4.51957e-73 1.82199e-73 0)
(-5.55617e-71 2.37051e-71 0)
(-6.25467e-69 2.93311e-69 0)
(-6.79937e-67 3.28008e-67 0)
(-6.61244e-65 3.60422e-65 0)
(-6.44746e-63 3.46702e-63 0)
(-5.39919e-61 3.43559e-61 0)
(-4.78309e-59 2.83193e-59 0)
(-3.42205e-57 2.56628e-57 0)
(-2.78757e-55 1.798e-55 0)
(-1.68222e-53 1.50959e-53 0)
(-1.27465e-51 8.87549e-52 0)
(-6.36653e-50 6.99307e-50 0)
(-4.5397e-48 3.38664e-48 0)
(-1.82556e-46 2.53776e-46 0)
(-1.24037e-44 9.8554e-45 0)
(-3.85189e-43 7.13197e-43 0)
(-2.53042e-41 2.13427e-41 0)
(-5.66678e-40 1.52195e-39 0)
(-3.66555e-38 3.29923e-38 0)
(-5.09756e-37 2.39609e-36 0)
(-3.24573e-35 3.40773e-35 0)
(-8.46371e-40 2.57082e-33 0)
(-1.25857e-46 -4.85381e-45 0)
(6.25817e-47 -6.77895e-47 0)
(9.551e-49 -4.15522e-48 0)
(5.78884e-50 -5.43689e-50 0)
(8.24274e-52 -8.99836e-52 0)
(1.6008e-53 -5.35635e-54 0)
(1.4563e-55 5.0095e-55 0)
(-4.17758e-57 1.11003e-56 0)
(-1.13013e-58 4.3146e-58 0)
(-4.74801e-60 7.01133e-60 0)
(-8.08309e-62 1.58534e-61 0)
(-1.81329e-63 2.22408e-63 0)
(-2.59652e-65 3.6678e-65 0)
(-4.18968e-67 4.52164e-67 0)
(-5.18748e-69 5.85824e-69 0)
(-6.54861e-71 6.30675e-71 0)
(-6.97794e-73 -5.6444e-72 0)
(8.83926e-74 6.20603e-75 0)
(9.07625e-76 6.31005e-72 0)
(-4.77335e-74 1.28334e-73 0)
(-9.72636e-76 4.68273e-75 0)
(-1.39763e-76 1.00113e-76 0)
(-1.52738e-74 3.11717e-75 0)
(-2.02978e-72 4.06618e-73 0)
(-2.47023e-70 4.9986e-71 0)
(-2.87413e-68 5.62678e-69 0)
(-2.99764e-66 6.11661e-67 0)
(-3.10196e-64 5.94821e-65 0)
(-2.76326e-62 5.79964e-63 0)
(-2.58029e-60 4.8565e-61 0)
(-1.94684e-58 4.30226e-59 0)
(-1.66272e-56 3.07793e-57 0)
(-1.04795e-54 2.50722e-55 0)
(-8.29121e-53 1.51299e-53 0)
(-4.27494e-51 1.14643e-51 0)
(-3.17273e-49 5.72603e-50 0)
(-1.29685e-47 4.08305e-48 0)
(-9.14588e-46 1.64196e-46 0)
(-2.81879e-44 1.11566e-44 0)
(-1.91624e-42 3.46503e-43 0)
(-4.06474e-41 2.27663e-41 0)
(-2.70952e-39 5.10469e-40 0)
(-3.152e-38 3.30665e-38 0)
(-2.09515e-36 4.67162e-37 0)
(-6.32124e-41 2.96632e-35 0)
(-1.07669e-44 -1.55836e-43 0)
(5.35801e-45 -2.25127e-45 0)
(7.49105e-47 -1.16567e-46 0)
(4.59628e-48 -1.45146e-48 0)
(6.01222e-50 3.07743e-52 0)
(9.94393e-52 3.69861e-52 0)
(5.90324e-54 4.15254e-53 0)
(-5.5521e-55 8.01638e-55 0)
(-1.2296e-56 2.76486e-56 0)
(-4.77834e-58 4.46788e-58 0)
(-7.76377e-60 1.01368e-59 0)
(-1.75554e-61 1.44937e-61 0)
(-2.46271e-63 2.47738e-63 0)
(-4.06164e-65 3.15045e-65 0)
(-5.00712e-67 4.28571e-67 0)
(-6.49477e-69 4.79062e-69 0)
(-6.98122e-71 -8.37354e-70 0)
(1.32853e-71 5.19002e-73 0)
(1.3574e-73 8.90709e-70 0)
(-7.00577e-72 1.7848e-71 0)
(-1.42502e-73 7.05548e-73 0)
(-5.20258e-75 1.18601e-74 0)
(-3.02833e-76 3.32647e-76 0)
(-2.89899e-74 1.37475e-74 0)
(-3.57844e-72 1.82655e-72 0)
(-4.17078e-70 2.22286e-70 0)
(-4.41311e-68 2.58628e-68 0)
(-4.54098e-66 2.69738e-66 0)
(-4.11218e-64 2.79122e-64 0)
(-3.78904e-62 2.48641e-62 0)
(-2.91589e-60 2.32176e-60 0)
(-2.43727e-58 1.75176e-58 0)
(-1.57329e-56 1.49611e-56 0)
(-1.20737e-54 9.42936e-55 0)
(-6.405e-53 7.46043e-53 0)
(-4.565e-51 3.84662e-51 0)
(-1.92856e-49 2.85489e-49 0)
(-1.2911e-47 1.16697e-47 0)
(-4.12868e-46 8.23013e-46 0)
(-2.62639e-44 2.53677e-44 0)
(-5.78983e-43 1.72459e-42 0)
(-3.54108e-41 3.65917e-41 0)
(-4.25399e-40 2.43946e-39 0)
(-2.51682e-38 2.84248e-38 0)
(5.8196e-43 1.88891e-36 0)
(-3.46778e-43 -1.29609e-41 0)
(1.72699e-43 -1.68273e-43 0)
(2.49914e-45 -8.37412e-45 0)
(1.29564e-46 -9.03655e-47 0)
(1.61384e-48 1.26902e-48 0)
(-2.79838e-52 4.79568e-50 0)
(-4.09892e-52 4.01424e-51 0)
(-4.61095e-53 7.17154e-53 0)
(-8.90263e-55 2.46069e-54 0)
(-3.0712e-56 3.80816e-56 0)
(-4.96316e-58 8.79027e-58 0)
(-1.12614e-59 1.22363e-59 0)
(-1.6102e-61 2.13751e-61 0)
(-2.75239e-63 2.68067e-63 0)
(-3.50024e-65 3.72826e-65 0)
(-4.77152e-67 4.14836e-67 0)
(-5.32266e-69 -1.06553e-67 0)
(1.92002e-69 4.60615e-71 0)
(1.92539e-71 1.11271e-67 0)
(-9.88871e-70 2.23704e-69 0)
(-1.98175e-71 9.61843e-71 0)
(-7.83657e-73 1.64324e-72 0)
(-1.31769e-74 3.53503e-74 0)
(-7.96847e-76 6.97029e-76 0)
(-7.12975e-74 2.61056e-74 0)
(-8.9031e-72 3.22191e-72 0)
(-1.01255e-69 3.75546e-70 0)
(-1.10752e-67 3.97402e-68 0)
(-1.07209e-65 4.08943e-66 0)
(-1.04282e-63 3.70382e-64 0)
(-8.52465e-62 3.4129e-62 0)
(-7.47978e-60 2.62709e-60 0)
(-5.09095e-58 2.19581e-58 0)
(-4.08368e-56 1.41804e-56 0)
(-2.26364e-54 1.08803e-54 0)
(-1.68122e-52 5.7763e-53 0)
(-7.33591e-51 4.11494e-51 0)
(-5.10757e-49 1.74076e-49 0)
(-1.65987e-47 1.16417e-47 0)
(-1.09705e-45 3.73175e-46 0)
(-2.395e-44 2.36899e-44 0)
(-1.52265e-42 5.24647e-43 0)
(-1.72075e-41 3.19546e-41 0)
(-1.06676e-39 3.88092e-40 0)
(4.3788e-41 2.27328e-38 0)
(-2.88286e-41 -3.06248e-40 0)
(1.43694e-41 -4.14814e-42 0)
(1.86804e-43 -1.17744e-43 0)
(9.30944e-45 -7.13609e-46 0)
(1.0051e-46 1.47992e-46 0)
(-1.40448e-48 3.25128e-48 0)
(-5.31961e-50 1.89731e-49 0)
(-4.45778e-51 3.32199e-51 0)
(-7.96482e-53 1.08975e-52 0)
(-2.73341e-54 1.71405e-54 0)
(-4.2304e-56 4.00616e-56 0)
(-9.76567e-58 5.73748e-58 0)
(-1.35944e-59 1.03927e-59 0)
(-2.37483e-61 1.35123e-61 0)
(-2.97836e-63 1.96645e-63 0)
(-4.1547e-65 2.26289e-65 0)
(-4.60915e-67 -1.37274e-65 0)
(2.42023e-67 2.71968e-69 0)
(2.43439e-69 1.39966e-65 0)
(-1.23525e-67 2.75757e-67 0)
(-2.48375e-69 1.27231e-68 0)
(-1.0683e-70 2.17129e-70 0)
(-1.82522e-72 4.99266e-72 0)
(-3.9261e-74 7.23058e-74 0)
(4.28679e-76 2.25639e-75 0)
(1.36954e-73 1.54392e-73 0)
(1.80425e-71 1.91336e-71 0)
(2.09612e-69 2.20571e-69 0)
(2.44157e-67 2.36431e-67 0)
(2.35793e-65 2.37012e-65 0)
(2.48077e-63 2.20904e-63 0)
(1.9693e-61 1.93629e-61 0)
(1.9067e-59 1.57135e-59 0)
(1.22423e-57 1.20793e-57 0)
(1.10864e-55 8.50697e-56 0)
(5.62691e-54 5.74036e-54 0)
(4.83447e-52 3.47448e-52 0)
(1.875e-50 2.0564e-50 0)
(1.54824e-48 1.04873e-48 0)
(4.3454e-47 5.43265e-47 0)
(3.49101e-45 2.24576e-45 0)
(6.40737e-44 1.0152e-43 0)
(5.07028e-42 3.1332e-42 0)
(4.70676e-41 1.23207e-40 0)
(3.71305e-39 2.25686e-39 0)
(-6.80166e-40 -2.54842e-38 0)
(3.3932e-40 -3.00692e-40 0)
(4.60212e-42 -5.94552e-42 0)
(1.31045e-43 4.6657e-45 0)
(7.97597e-46 1.50501e-44 0)
(-1.64216e-46 2.90216e-46 0)
(-3.60901e-48 1.64284e-47 0)
(-2.10722e-49 2.68487e-49 0)
(-3.68982e-51 8.93933e-51 0)
(-1.21061e-52 1.33848e-52 0)
(-1.90422e-54 3.19615e-54 0)
(-4.45094e-56 4.41668e-56 0)
(-6.37463e-58 8.17346e-58 0)
(-1.15472e-59 1.03704e-59 0)
(-1.50136e-61 1.53569e-61 0)
(-2.20052e-63 1.72999e-63 0)
(-2.51438e-65 -1.46784e-63 0)
(3.08043e-65 2.04269e-67 0)
(3.03373e-67 1.48853e-63 0)
(-1.55376e-65 2.95774e-65 0)
(-3.06154e-67 1.47332e-66 0)
(-1.41311e-68 2.55593e-68 0)
(-2.4117e-70 6.32964e-70 0)
(-5.5453e-72 9.41848e-72 0)
(1.99032e-74 2.01703e-73 0)
(1.23525e-71 6.34342e-72 0)
(1.4379e-69 7.71598e-70 0)
(1.51909e-67 8.97734e-68 0)
(1.56095e-65 9.36114e-66 0)
(1.41123e-63 9.68768e-64 0)
(1.29855e-61 8.62772e-62 0)
(9.97601e-60 8.05801e-60 0)
(8.32736e-58 6.07788e-58 0)
(5.36609e-56 5.19261e-56 0)
(4.11275e-54 3.2714e-54 0)
(2.1781e-52 2.58955e-52 0)
(1.55051e-50 1.33449e-50 0)
(6.5403e-49 9.91101e-49 0)
(4.3737e-47 4.04849e-47 0)
(1.3969e-45 2.85785e-45 0)
(8.87817e-44 8.80069e-44 0)
(1.9559e-42 5.99065e-42 0)
(1.19561e-40 1.26941e-40 0)
(1.43674e-39 8.47856e-39 0)
(8.50275e-38 9.8568e-38 0)
(-5.65723e-38 -4.02022e-37 0)
(2.82049e-38 -5.01157e-39 0)
(3.32649e-40 1.47898e-40 0)
(6.61613e-42 4.26055e-42 0)
(-4.87458e-45 5.27477e-43 0)
(-1.6705e-44 9.57221e-45 0)
(-3.22198e-46 4.69742e-46 0)
(-1.82471e-47 7.76382e-48 0)
(-2.98228e-49 2.50975e-49 0)
(-9.93108e-51 3.86304e-51 0)
(-1.48703e-52 9.32532e-53 0)
(-3.55109e-54 1.33478e-54 0)
(-4.90729e-56 2.55186e-56 0)
(-9.08165e-58 3.37123e-58 0)
(-1.15229e-59 5.11085e-60 0)
(-1.72293e-61 5.71553e-62 0)
(-1.92231e-63 -1.69173e-61 0)
(3.28486e-63 6.10271e-66 0)
(3.2637e-65 1.69834e-61 0)
(-1.65229e-63 3.28602e-63 0)
(-3.28356e-65 1.74273e-64 0)
(-1.63631e-66 2.9933e-66 0)
(-2.83886e-68 7.86457e-68 0)
(-7.03059e-70 1.17837e-69 0)
(-3.41607e-72 2.17911e-71 0)
(8.57184e-70 1.70154e-70 0)
(9.97522e-68 1.90697e-68 0)
(1.04018e-65 2.06744e-66 0)
(1.07648e-63 2.00454e-64 0)
(9.587e-62 1.94923e-62 0)
(8.95412e-60 1.62734e-60 0)
(6.75374e-58 1.43776e-58 0)
(5.77017e-56 1.02559e-56 0)
(3.63518e-54 8.33202e-55 0)
(2.87761e-52 5.01445e-53 0)
(1.48287e-50 3.78954e-51 0)
(1.10134e-48 1.88852e-49 0)
(4.49839e-47 1.34318e-47 0)
(3.17561e-45 5.39384e-46 0)
(9.77767e-44 3.65602e-44 0)
(6.65606e-42 1.1356e-42 0)
(1.40991e-40 7.44543e-41 0)
(9.41697e-39 1.67488e-39 0)
(1.09287e-37 1.08346e-37 0)
(7.28848e-36 1.54808e-36 0)
(-8.88111e-37 -3.47648e-35 0)
(4.28445e-37 -3.54684e-37 0)
(5.23968e-39 2.02932e-38 0)
(-1.66992e-40 4.28556e-40 0)
(-4.74641e-42 4.73534e-41 0)
(-5.85823e-43 7.71654e-43 0)
(-1.06307e-44 3.83002e-44 0)
(-5.21834e-46 5.86209e-46 0)
(-8.62526e-48 1.94114e-47 0)
(-2.78859e-49 2.81585e-49 0)
(-4.29239e-51 6.96618e-51 0)
(-1.03624e-52 9.5203e-53 0)
(-1.48325e-54 1.86038e-54 0)
(-2.83579e-56 2.3718e-56 0)
(-3.74641e-58 3.63093e-58 0)
(-5.86848e-60 3.84463e-60 0)
(-6.35198e-62 -1.52688e-59 0)
(3.7668e-61 3.32249e-64 0)
(3.6444e-63 1.53109e-59 0)
(-1.88514e-61 3.00493e-61 0)
(-3.64786e-63 1.70653e-62 0)
(-1.9355e-64 2.98617e-64 0)
(-3.32459e-66 8.4101e-66 0)
(-8.73593e-68 1.29279e-67 0)
(-1.12015e-69 2.47915e-69 0)
(2.11753e-68 1.01902e-68 0)
(2.29824e-66 1.13592e-66 0)
(2.22842e-64 1.24842e-64 0)
(2.16699e-62 1.20071e-62 0)
(1.80921e-60 1.19018e-60 0)
(1.59848e-58 9.80804e-59 0)
(1.14028e-56 8.89173e-57 0)
(9.26388e-55 6.22747e-55 0)
(5.57544e-53 5.23153e-53 0)
(4.21349e-51 3.07429e-51 0)
(2.09983e-49 2.42407e-49 0)
(1.49345e-47 1.17317e-47 0)
(5.99717e-46 8.79964e-46 0)
(4.06481e-44 3.41448e-44 0)
(1.26243e-42 2.47407e-42 0)
(8.27562e-41 7.39577e-41 0)
(1.85922e-39 5.2829e-39 0)
(1.20089e-37 1.1436e-37 0)
(1.68754e-36 8.32548e-36 0)
(1.07316e-34 1.18211e-34 0)
(-7.64994e-35 -2.99058e-34 0)
(3.46946e-35 -3.33179e-36 0)
(3.28832e-37 6.3842e-37 0)
(-2.31035e-38 1.11541e-38 0)
(-4.79448e-40 7.66148e-40 0)
(-5.26077e-41 1.23546e-41 0)
(-8.57104e-43 5.36337e-43 0)
(-4.25498e-44 8.38887e-45 0)
(-6.51285e-46 2.66594e-46 0)
(-2.1569e-47 3.99954e-48 0)
(-3.12893e-49 9.89783e-50 0)
(-7.74114e-51 1.40791e-51 0)
(-1.05796e-52 2.81909e-53 0)
(-2.06745e-54 3.7451e-55 0)
(-2.63587e-56 4.60889e-57 0)
(-4.20545e-58 1.45053e-59 0)
(-4.27306e-60 -1.61006e-57 0)
(3.39783e-59 -2.00935e-62 0)
(3.33522e-61 1.60928e-57 0)
(-1.69936e-59 3.05324e-59 0)
(-3.33559e-61 1.83501e-60 0)
(-1.89524e-62 3.15122e-62 0)
(-3.31658e-64 9.35691e-64 0)
(-9.34185e-66 1.43297e-65 0)
(-1.32315e-67 2.79614e-67 0)
(1.26014e-66 1.3586e-68 0)
(1.38792e-64 1.09934e-66 0)
(1.33494e-62 1.20883e-64 0)
(1.32327e-60 1.16245e-62 0)
(1.09053e-58 1.15309e-60 0)
(9.88664e-57 9.49946e-59 0)
(6.92459e-55 8.61995e-57 0)
(5.81718e-53 6.03425e-55 0)
(3.41858e-51 5.07506e-53 0)
(2.69551e-49 2.9804e-51 0)
(1.30457e-47 2.35335e-49 0)
(9.78501e-46 1.13802e-47 0)
(3.79678e-44 8.55078e-46 0)
(2.75094e-42 3.31572e-44 0)
(8.22195e-41 2.41013e-42 0)
(5.87123e-39 7.28117e-41 0)
(1.26716e-37 5.36724e-39 0)
(9.19408e-36 1.54986e-37 0)
(1.24979e-34 1.51351e-35 0)
(9.56262e-33 9.53175e-34 0)
(-5.72523e-34 -2.96787e-32 0)
(-3.5855e-34 -2.24484e-34 0)
(-5.9838e-36 6.67565e-35 0)
(-7.89844e-37 9.40792e-37 0)
(-1.28905e-38 6.60604e-38 0)
(-8.53774e-40 9.39577e-40 0)
(-1.37388e-41 4.21928e-41 0)
(-5.96156e-43 6.01786e-43 0)
(-9.32463e-45 1.97535e-44 0)
(-2.96365e-46 2.75669e-46 0)
(-4.44635e-48 7.01957e-48 0)
(-1.10041e-49 9.42061e-50 0)
(-1.5653e-51 1.93166e-51 0)
(-3.13443e-53 2.44648e-53 0)
(-4.16451e-55 2.91776e-55 0)
(-6.91533e-57 9.00342e-59 0)
(-1.62017e-59 -1.22036e-55 0)
(3.57717e-57 -1.94826e-60 0)
(3.39484e-59 1.21953e-55 0)
(-1.78611e-57 2.36122e-57 0)
(-3.38911e-59 1.50566e-58 0)
(-2.03791e-60 2.64347e-60 0)
(-3.49985e-62 8.36331e-62 0)
(-1.03936e-63 1.31498e-63 0)
(-1.59067e-65 2.73794e-65 0)
(9.31919e-67 3.59837e-67 0)
(1.36588e-64 -2.24923e-66 0)
(1.31368e-62 -2.47884e-64 0)
(1.30266e-60 -2.38415e-62 0)
(1.07338e-58 -2.36375e-60 0)
(9.73562e-57 -1.9479e-58 0)
(6.81722e-55 -1.76636e-56 0)
(5.73024e-53 -1.23704e-54 0)
(3.36641e-51 -1.03952e-52 0)
(2.65622e-49 -6.10812e-51 0)
(1.28504e-47 -4.81781e-49 0)
(9.64653e-46 -2.33092e-47 0)
(3.74124e-44 -1.74756e-45 0)
(2.71342e-42 -6.72272e-44 0)
(8.10535e-41 -4.72037e-42 0)
(5.79504e-39 -9.13819e-41 0)
(1.24996e-37 3.21159e-39 0)
(9.08329e-36 2.70152e-36 0)
(1.23399e-34 5.07725e-34 0)
(9.46251e-33 7.44305e-32 0)
(-5.38705e-32 -6.00042e-32 0)
(-5.46903e-32 -5.88132e-34 0)
(-6.06922e-34 -4.0178e-36 0)
(-8.01378e-35 -2.15325e-38 0)
(-1.0783e-36 -2.70135e-41 0)
(-7.35584e-38 6.56238e-43 0)
(-1.04473e-39 3.66273e-44 0)
(-4.69005e-41 5.09087e-46 0)
(-6.68956e-43 1.35743e-47 0)
(-2.19606e-44 1.78348e-49 0)
(-3.06486e-46 3.74522e-51 0)
(-7.80457e-48 3.81995e-53 0)
(-1.04745e-49 4.02936e-55 0)
(-2.14788e-51 -1.22157e-53 0)
(-2.72074e-53 -1.22281e-53 0)
(-4.60179e-55 -4.59874e-55 0)
(-1.06469e-58 -1.19908e-53 0)
(2.71114e-55 -2.63663e-58 0)
(2.62589e-57 1.19756e-53 0)
(-1.35344e-55 2.22334e-55 0)
(-2.62079e-57 1.4937e-56 0)
(-1.6721e-58 2.55061e-58 0)
(-2.93585e-60 8.46668e-60 0)
(-9.28981e-62 1.3128e-61 0)
(-1.46072e-63 2.85971e-63 0)
(-3.16582e-65 3.9664e-65 0)
(-1.37015e-64 -1.61914e-66 0)
(-1.31368e-62 -2.47876e-64 0)
(-1.30266e-60 -2.38415e-62 0)
(-1.07338e-58 -2.36375e-60 0)
(-9.73562e-57 -1.9479e-58 0)
(-6.81722e-55 -1.76636e-56 0)
(-5.73024e-53 -1.23704e-54 0)
(-3.36641e-51 -1.03952e-52 0)
(-2.65622e-49 -6.10813e-51 0)
(-1.28504e-47 -4.81781e-49 0)
(-9.64653e-46 -2.33092e-47 0)
(-3.74124e-44 -1.74756e-45 0)
(-2.71342e-42 -6.72272e-44 0)
(-8.10535e-41 -4.72037e-42 0)
(-5.79504e-39 -9.1382e-41 0)
(-1.24996e-37 3.21159e-39 0)
(-9.08329e-36 2.70152e-36 0)
(-1.23399e-34 5.07725e-34 0)
(-9.46251e-33 7.44305e-32 0)
(-2.75191e-34 -3.08632e-32 0)
(-5.07332e-34 -3.71054e-34 0)
(-7.68794e-36 -7.08929e-35 0)
(-9.32175e-37 -9.63478e-37 0)
(-1.47207e-38 -6.61291e-38 0)
(-9.44437e-40 -9.39464e-40 0)
(-1.49572e-41 -4.21748e-41 0)
(-6.38593e-43 -6.01528e-43 0)
(-9.89571e-45 -1.97466e-44 0)
(-3.11458e-46 -2.75577e-46 0)
(-4.6445e-48 -7.01765e-48 0)
(-1.14201e-49 -9.50016e-50 0)
(-1.62132e-51 -1.96147e-51 0)
(-4.53778e-53 -7.94179e-52 0)
(1.26446e-53 -7.69926e-52 0)
(2.56779e-55 -2.97493e-53 0)
(5.10626e-55 -7.54122e-52 0)
(2.6631e-53 -1.83845e-56 0)
(2.47347e-55 7.53091e-52 0)
(-1.32904e-53 1.43564e-53 0)
(-2.46771e-55 1.01237e-54 0)
(-1.65881e-56 1.77502e-56 0)
(-2.8327e-58 6.23098e-58 0)
(-9.40463e-60 9.9419e-60 0)
(-1.45828e-61 2.30081e-61 0)
(-3.1781e-63 3.29918e-63 0)
(-1.82878e-64 5.74012e-65 0)
(-1.33501e-62 1.21597e-64 0)
(-1.32327e-60 1.16244e-62 0)
(-1.09053e-58 1.15308e-60 0)
(-9.88664e-57 9.49935e-59 0)
(-6.92459e-55 8.61987e-57 0)
(-5.81719e-53 6.03418e-55 0)
(-3.41858e-51 5.07501e-53 0)
(-2.69551e-49 2.98037e-51 0)
(-1.30457e-47 2.35333e-49 0)
(-9.78501e-46 1.13801e-47 0)
(-3.79678e-44 8.55073e-46 0)
(-2.75094e-42 3.31569e-44 0)
(-8.22196e-41 2.41012e-42 0)
(-5.87123e-39 7.2811e-41 0)
(-1.26716e-37 5.36722e-39 0)
(-9.19408e-36 1.54985e-37 0)
(-1.24979e-34 1.51351e-35 0)
(-9.56262e-33 9.53174e-34 0)
(7.47535e-35 -3.07819e-34 0)
(-4.099e-35 -4.87933e-36 0)
(-5.41221e-37 -8.20946e-37 0)
(-9.57184e-38 -1.31264e-38 0)
(-1.41562e-39 -8.48258e-40 0)
(-9.89371e-41 -1.34402e-41 0)
(-1.481e-42 -5.73931e-43 0)
(-6.42582e-44 -8.89385e-45 0)
(-9.43887e-46 -2.79806e-46 0)
(-2.92972e-47 -4.10204e-48 0)
(-4.16227e-49 -1.01993e-49 0)
(-9.90711e-51 -4.37979e-50 0)
(-7.71838e-53 -2.183e-51 0)
(-8.24035e-52 -7.14469e-50 0)
(8.22099e-52 -7.14793e-50 0)
(1.70982e-53 -2.63213e-51 0)
(3.30318e-53 -7.0116e-50 0)
(1.67483e-51 -1.64588e-54 0)
(1.59734e-53 7.00204e-50 0)
(-8.35719e-52 1.26826e-51 0)
(-1.59334e-53 9.39271e-53 0)
(-1.12425e-54 1.58671e-54 0)
(-1.9713e-56 5.82386e-56 0)
(-6.92119e-58 9.07162e-58 0)
(-1.10436e-59 2.18718e-59 0)
(-2.55596e-61 3.10115e-61 0)
(-3.66741e-63 5.50193e-63 0)
(-2.85532e-64 1.94762e-64 0)
(-2.16834e-62 1.19993e-62 0)
(-1.81038e-60 1.1894e-60 0)
(-1.59937e-58 9.80072e-59 0)
(-1.14103e-56 8.88619e-57 0)
(-9.2687e-55 6.22274e-55 0)
(-5.57912e-53 5.22854e-53 0)
(-4.21545e-51 3.07193e-51 0)
(-2.10121e-49 2.42284e-49 0)
(-1.49403e-47 1.17227e-47 0)
(-6.00106e-46 8.79591e-46 0)
(-4.06608e-44 3.41187e-44 0)
(-1.26321e-42 2.47325e-42 0)
(-8.27741e-41 7.39029e-41 0)
(-1.86028e-39 5.2817e-39 0)
(-1.20103e-37 1.14283e-37 0)
(-1.68829e-36 8.32451e-36 0)
(-1.07317e-34 1.18151e-34 0)
(2.89437e-36 4.76173e-35 0)
(-1.46299e-36 5.02828e-37 0)
(-2.1058e-38 -8.53574e-39 0)
(-2.28632e-39 -2.79166e-40 0)
(-3.55616e-41 -3.99535e-41 0)
(-2.0455e-42 -6.72906e-43 0)
(-3.20934e-44 -3.48645e-44 0)
(-1.23748e-45 -5.40164e-46 0)
(-1.88725e-47 -1.09567e-47 0)
(-6.9769e-49 3.45527e-48 0)
(-1.3565e-49 4.81012e-51 0)
(-3.30794e-51 -3.74799e-48 0)
(-3.23389e-50 -1.38241e-49 0)
(-7.70346e-50 -3.66469e-48 0)
(7.64681e-50 -3.66454e-48 0)
(1.51487e-51 -1.39488e-49 0)
(2.92303e-51 -3.59219e-48 0)
(1.55722e-49 -9.32428e-53 0)
(1.41112e-51 3.58694e-48 0)
(-7.77039e-50 6.71211e-50 0)
(-1.40756e-51 5.14895e-51 0)
(-1.04308e-52 8.97345e-53 0)
(-1.76216e-54 3.45026e-54 0)
(-6.46901e-56 5.54846e-56 0)
(-1.00769e-57 1.41215e-57 0)
(-2.42974e-59 2.07231e-59 0)
(-3.44514e-61 3.90008e-61 0)
(-6.13138e-63 5.15883e-63 0)
(-2.02635e-63 1.05564e-64 0)
(-1.773e-61 5.24216e-63 0)
(-1.51105e-59 3.73057e-61 0)
(-1.20071e-57 5.43542e-59 0)
(-9.09284e-56 3.02711e-57 0)
(-6.258e-54 3.97563e-55 0)
(-4.23797e-52 1.74431e-53 0)
(-2.48776e-50 2.15253e-51 0)
(-1.51619e-48 7.35178e-50 0)
(-7.39878e-47 8.75569e-48 0)
(-4.0847e-45 2.26722e-46 0)
(-1.58621e-43 2.66715e-44 0)
(-7.98647e-42 5.00324e-43 0)
(-2.27147e-40 5.96906e-41 0)
(-1.04906e-38 7.50884e-40 0)
(-1.76419e-37 9.44444e-38 0)
(-7.40015e-36 7.1294e-37 0)
(1.78542e-34 6.41766e-34 0)
(-8.93403e-35 8.83902e-36 0)
(-1.02456e-36 1.40698e-37 0)
(-8.55739e-38 1.36219e-39 0)
(-1.10145e-39 4.87071e-41 0)
(-5.45606e-41 6.31027e-43 0)
(-7.33864e-43 2.03075e-44 0)
(-2.55342e-44 2.77504e-46 0)
(-3.39906e-46 6.52507e-46 0)
(-1.71179e-47 3.31667e-46 0)
(-8.41864e-48 3.71844e-48 0)
(-1.68199e-49 -1.54317e-46 0)
(9.31086e-50 -8.9018e-48 0)
(-3.91804e-48 -3.26428e-46 0)
(3.91745e-48 -3.26648e-46 0)
(8.04094e-50 -1.17219e-47 0)
(1.5489e-49 -3.2056e-46 0)
(7.97731e-48 -7.82928e-51 0)
(7.46783e-50 3.201e-46 0)
(-3.98033e-48 5.63065e-48 0)
(-7.449e-50 4.52591e-49 0)
(-5.71794e-51 7.52268e-51 0)
(-9.96561e-53 3.01741e-52 0)
(-3.83247e-54 4.68869e-54 0)
(-6.16333e-56 1.23967e-55 0)
(-1.56876e-57 1.77947e-57 0)
(-2.30219e-59 3.46733e-59 0)
(-4.3348e-61 4.5382e-61 0)
(-2.15908e-62 -3.87742e-63 0)
(-1.39602e-60 -8.91146e-61 0)
(-9.95538e-59 -8.07448e-59 0)
(-8.04744e-57 -5.67074e-57 0)
(-4.85225e-55 -4.75573e-55 0)
(-3.64147e-53 -2.80683e-53 0)
(-1.82436e-51 -2.20577e-51 0)
(-1.2846e-49 -1.07478e-49 0)
(-5.21486e-48 -8.01444e-48 0)
(-3.48292e-46 -3.14286e-46 0)
(-1.10379e-44 -2.25511e-44 0)
(-7.07681e-43 -6.85443e-43 0)
(-1.65065e-41 -4.81701e-41 0)
(-1.03073e-39 -1.06904e-39 0)
(-1.59231e-38 -7.54962e-38 0)
(-9.86948e-37 -1.08115e-36 0)
(-7.91946e-36 -7.86232e-35 0)
(1.76622e-34 7.16633e-32 0)
(-8.83799e-35 7.0241e-34 0)
(-1.0111e-36 4.79842e-36 0)
(-8.44799e-38 2.57154e-38 0)
(-1.08541e-39 3.22798e-41 0)
(-5.37905e-41 -7.71202e-43 0)
(-7.22768e-43 -9.54965e-44 0)
(-2.30371e-44 -1.04395e-45 0)
(4.14321e-47 2.61981e-44 0)
(-7.21234e-46 1.34825e-44 0)
(-5.39784e-46 5.17721e-47 0)
(-1.37287e-47 -1.32496e-44 0)
(-1.90958e-46 -4.82138e-46 0)
(-3.52814e-46 -1.32847e-44 0)
(3.49733e-46 -1.32849e-44 0)
(6.76461e-48 -4.95421e-46 0)
(1.30108e-47 -1.30273e-44 0)
(7.11668e-46 -3.49229e-49 0)
(6.25915e-48 1.30075e-44 0)
(-3.55216e-46 2.37805e-46 0)
(-6.24889e-48 1.94488e-47 0)
(-5.02613e-49 3.35085e-49 0)
(-8.3545e-51 1.39082e-50 0)
(-3.35172e-52 2.23958e-52 0)
(-5.20832e-54 6.19738e-54 0)
(-1.37717e-55 9.23149e-56 0)
(-1.97689e-57 1.89778e-57 0)
(-3.85336e-59 2.58568e-59 0)
(-1.49633e-60 4.18144e-61 0)
(-8.98832e-59 5.1617e-63 0)
(-6.31451e-57 1.33732e-63 0)
(-5.29488e-55 1.16832e-61 0)
(-3.12695e-53 8.97533e-60 0)
(-2.45641e-51 7.49267e-58 0)
(-1.19804e-49 4.82817e-56 0)
(-8.92673e-48 3.70072e-54 0)
(-3.50579e-46 1.95989e-52 0)
(-2.51201e-44 1.39525e-50 0)
(-7.6529e-43 5.88559e-49 0)
(-5.36538e-41 3.93601e-47 0)
(-1.19541e-39 1.25722e-45 0)
(-8.41636e-38 7.99059e-44 0)
(-1.23429e-36 1.76072e-42 0)
(-9.17154e-35 1.07636e-40 0)
(-6.95424e-34 1.29444e-39 0)
(-1.76621e-34 7.16634e-32 0)
(8.83795e-35 7.0241e-34 0)
(1.0111e-36 4.79848e-36 0)
(8.44792e-38 2.57153e-38 0)
(1.08542e-39 3.90494e-41 0)
(5.36422e-41 3.85981e-43 0)
(7.0691e-43 -4.54326e-42 0)
(1.11653e-43 -3.55904e-44 0)
(1.58063e-44 2.27858e-42 0)
(-2.89445e-44 1.17066e-42 0)
(-2.95837e-44 1.5048e-44 0)
(-4.68419e-46 -4.18923e-43 0)
(8.60005e-47 -2.82429e-44 0)
(-1.41061e-44 -1.15283e-42 0)
(1.4216e-44 -1.15383e-42 0)
(2.86245e-46 -4.00408e-44 0)
(5.47408e-46 -1.13299e-42 0)
(2.88142e-44 -2.78264e-47 0)
(2.61883e-46 1.13132e-42 0)
(-1.44342e-44 1.91858e-44 0)
(-2.63911e-46 1.64092e-45 0)
(-2.15985e-47 2.66555e-47 0)
(-3.72142e-49 1.15259e-48 0)
(-1.54494e-50 1.77399e-50 0)
(-2.48784e-52 5.09135e-52 0)
(-6.88496e-54 7.33793e-54 0)
(-1.02559e-55 1.558e-55 0)
(-2.10847e-57 2.07726e-57 0)
(-2.87436e-59 3.45884e-59 0)
(-1.8591e-60 1.3133e-60 0)
(-9.94297e-59 8.08368e-59 0)
(-8.03747e-57 5.6788e-57 0)
(-4.84392e-55 4.7618e-55 0)
(-3.6361e-53 2.81203e-53 0)
(-1.82025e-51 2.20904e-51 0)
(-1.28242e-49 1.07737e-49 0)
(-5.19936e-48 8.02779e-48 0)
(-3.47639e-46 3.15278e-46 0)
(-1.09942e-44 2.25916e-44 0)
(-7.06285e-43 6.88302e-43 0)
(-1.64178e-41 4.82581e-41 0)
(-1.02878e-39 1.07503e-39 0)
(-1.58036e-38 7.56232e-38 0)
(-9.85512e-37 1.08964e-36 0)
(-7.83447e-36 7.87219e-35 0)
(-1.78483e-34 6.42182e-34 0)
(8.9311e-35 8.8454e-36 0)
(1.02415e-36 1.41647e-37 0)
(8.55176e-38 1.34641e-39 0)
(1.10285e-39 2.60119e-40 0)
(4.20852e-41 3.69457e-41 0)
(-6.04001e-43 -1.39355e-40 0)
(7.51265e-42 -1.13371e-42 0)
(1.34024e-42 7.06225e-41 0)
(-2.4688e-42 3.62956e-41 0)
(-1.71879e-42 1.52793e-43 0)
(-2.79852e-46 -3.54922e-41 0)
(-7.67769e-43 -1.24765e-42 0)
(-1.20413e-42 -3.57789e-41 0)
(1.23774e-42 -3.57809e-41 0)
(2.31578e-44 -1.29633e-42 0)
(4.34383e-44 -3.51061e-41 0)
(2.47069e-42 -9.29195e-46 0)
(2.03226e-44 3.50525e-41 0)
(-1.25548e-42 6.21385e-43 0)
(-2.12928e-44 5.25977e-44 0)
(-1.82234e-45 8.89415e-46 0)
(-2.96038e-47 3.91212e-47 0)
(-1.28034e-48 6.26309e-49 0)
(-1.97067e-50 1.85959e-50 0)
(-5.6563e-52 2.78991e-52 0)
(-8.15235e-54 6.19995e-54 0)
(-1.73099e-55 8.62261e-56 0)
(-2.30794e-57 1.51518e-57 0)
(-3.84997e-59 1.93272e-59 0)
(-6.62429e-60 1.53169e-60 0)
(-5.25344e-58 8.94247e-59 0)
(-3.32266e-56 7.22878e-57 0)
(-2.62282e-54 4.3564e-55 0)
(-1.36036e-52 3.27014e-53 0)
(-1.0049e-50 1.63701e-51 0)
(-4.14847e-49 1.15334e-49 0)
(-2.90039e-47 4.6761e-48 0)
(-9.09093e-46 3.12662e-46 0)
(-6.08446e-44 9.88869e-45 0)
(-1.33041e-42 6.35278e-43 0)
(-8.6156e-41 1.47637e-41 0)
(-1.07359e-39 9.24001e-40 0)
(-6.71324e-38 1.3902e-38 0)
(-1.11669e-37 8.35143e-37 0)
(-1.99672e-36 8.3709e-35 0)
(9.98415e-37 9.76358e-37 0)
(1.38808e-38 6.83112e-38 0)
(1.41719e-39 -1.89048e-39 0)
(7.76935e-41 1.82284e-38 0)
(-3.40941e-40 3.12922e-39 0)
(-4.09169e-41 -1.20562e-38 0)
(2.17668e-40 -8.89464e-41 0)
(4.1605e-41 6.10166e-39 0)
(-6.22335e-41 3.13153e-39 0)
(-6.33555e-41 4.38e-41 0)
(1.48796e-41 -8.12786e-40 0)
(1.61131e-41 -6.70156e-41 0)
(-2.22882e-41 -3.08515e-39 0)
(3.86681e-41 -3.08829e-39 0)
(7.50018e-43 -1.02255e-40 0)
(1.10109e-42 -3.03501e-39 0)
(6.22265e-41 -7.1092e-44 0)
(3.52946e-43 3.03062e-39 0)
(-3.89044e-41 4.89312e-41 0)
(-6.89684e-43 4.32082e-42 0)
(-5.84161e-44 6.79327e-44 0)
(-9.87846e-46 3.1107e-45 0)
(-4.34597e-47 4.70319e-47 0)
(-6.95789e-49 1.4475e-48 0)
(-2.06606e-50 2.07749e-50 0)
(-3.09975e-52 4.76298e-52 0)
(-6.88877e-54 6.40899e-54 0)
(-9.58073e-56 1.15672e-55 0)
(-1.68357e-57 1.44135e-57 0)
(-2.1549e-59 2.12597e-59 0)
(-7.76372e-60 5.78091e-60 0)
(-4.81332e-58 4.727e-58 0)
(-3.67377e-56 2.9897e-56 0)
(-1.9541e-54 2.36001e-54 0)
(-1.38186e-52 1.22406e-52 0)
(-5.87877e-51 9.04229e-51 0)
(-3.88959e-49 3.73299e-49 0)
(-1.26203e-47 2.60997e-47 0)
(-7.88113e-46 8.18131e-46 0)
(-1.78899e-44 5.47584e-44 0)
(-1.0603e-42 1.1975e-42 0)
(-1.36462e-41 7.75426e-41 0)
(-7.56679e-40 9.64301e-40 0)
(-9.65644e-40 6.0075e-38 0)
(-1.36218e-37 9.15175e-37 0)
(5.77309e-38 9.30458e-39 0)
(-2.45992e-39 -2.01373e-37 0)
(1.59504e-38 -6.37412e-38 0)
(1.88592e-39 4.02948e-37 0)
(-1.93132e-38 6.94549e-38 0)
(-3.38277e-39 -2.67176e-37 0)
(1.53879e-38 -2.0846e-39 0)
(3.58047e-39 1.353e-37 0)
(-1.83798e-39 6.94547e-38 0)
(6.09441e-40 2.80812e-40 0)
(4.87113e-39 -6.97086e-38 0)
(2.46754e-39 -2.28177e-39 0)
(1.53808e-39 -6.85009e-38 0)
(3.41357e-39 -6.85052e-38 0)
(5.92166e-41 -2.37568e-39 0)
(1.63901e-41 -6.72697e-38 0)
(1.94382e-39 -1.62004e-42 0)
(-4.27278e-41 6.71736e-38 0)
(-3.36462e-39 1.1398e-39 0)
(-5.43178e-41 9.43976e-41 0)
(-4.79899e-42 1.54868e-42 0)
(-7.5453e-44 7.01958e-44 0)
(-3.45576e-45 1.10709e-45 0)
(-5.22506e-47 3.46662e-47 0)
(-1.60825e-48 5.19461e-49 0)
(-2.30827e-50 1.23262e-50 0)
(-5.29227e-52 1.73476e-52 0)
(-7.12131e-54 3.28015e-54 0)
(-1.2853e-55 4.28707e-56 0)
(-1.60159e-57 6.66368e-58 0)
(-2.37787e-59 8.07637e-60 0)
(-1.64353e-59 6.81292e-60 0)
(-1.29457e-57 4.33113e-58 0)
(-7.21218e-56 3.30577e-56 0)
(-5.33562e-54 1.75837e-54 0)
(-2.3489e-52 1.24347e-52 0)
(-1.62284e-50 5.29018e-51 0)
(-5.35778e-49 3.50024e-49 0)
(-3.4897e-47 1.13579e-47 0)
(-7.84948e-46 7.09304e-46 0)
(-4.84885e-44 1.61038e-44 0)
(-5.88022e-43 9.54424e-43 0)
(-3.40071e-41 1.22764e-41 0)
(-3.38293e-41 6.79497e-40 0)
(-5.89286e-39 3.8725e-38 0)
(-2.24584e-37 -2.74324e-37 0)
(-1.38249e-37 -1.79172e-35 0)
(-3.14761e-36 -5.68266e-36 0)
(-1.11777e-36 3.56944e-35 0)
(3.02797e-36 6.12899e-36 0)
(-3.23981e-38 -2.36812e-35 0)
(-8.17487e-37 -1.62704e-37 0)
(7.9771e-38 1.19748e-35 0)
(1.13944e-36 6.13517e-36 0)
(1.15883e-36 8.81614e-38 0)
(1.31084e-36 -1.04126e-36 0)
(1.31473e-36 -1.13393e-37 0)
(1.21615e-36 -6.04866e-36 0)
(9.74303e-38 -6.0551e-36 0)
(1.3752e-39 -1.86331e-37 0)
(-2.1044e-38 -5.95814e-36 0)
(-1.1164e-36 -1.20463e-40 0)
(-2.24159e-38 5.95033e-36 0)
(-7.4806e-38 8.92646e-38 0)
(-1.26704e-39 7.68022e-39 0)
(-1.04869e-40 1.14956e-40 0)
(-1.72044e-42 5.42493e-42 0)
(-7.7995e-44 7.96554e-44 0)
(-1.23013e-45 2.58701e-45 0)
(-3.85223e-47 3.66284e-47 0)
(-5.77255e-49 8.96883e-49 0)
(-1.36981e-50 1.20703e-50 0)
(-1.92785e-52 2.34274e-52 0)
(-3.6453e-54 2.95833e-54 0)
(-4.76434e-56 4.69666e-56 0)
(-7.40552e-58 5.49554e-58 0)
(-9.10242e-60 7.50035e-60 0)
(-1.70767e-59 1.46277e-59 0)
(-9.69757e-58 1.16508e-57 0)
(-6.94745e-56 6.49092e-56 0)
(-3.15151e-54 4.80212e-54 0)
(-2.0856e-52 2.11416e-52 0)
(-7.12368e-51 1.4607e-50 0)
(-4.3898e-49 4.82309e-49 0)
(-1.02449e-47 3.14158e-47 0)
(-5.89888e-46 7.06875e-46 0)
(-7.39823e-45 4.36689e-44 0)
(-3.90855e-43 5.30169e-43 0)
(-2.8814e-43 3.06634e-41 0)
(-3.39441e-37 -2.67784e-37 0)
(-2.00231e-35 -4.0054e-36 0)
(-2.01146e-35 -2.4899e-34 0)
(-7.85433e-34 -7.87357e-35 0)
(-2.67028e-34 4.95824e-34 0)
(7.69609e-34 8.52663e-35 0)
(2.33542e-36 -3.28937e-34 0)
(-2.40347e-34 -2.42362e-36 0)
(7.04577e-36 1.6643e-34 0)
(2.71632e-34 8.52652e-35 0)
(2.81616e-34 2.32923e-37 0)
(2.89395e-34 -9.49351e-35 0)
(2.83991e-34 -2.65354e-36 0)
(2.78283e-34 -8.41414e-35 0)
(1.12473e-35 -8.41444e-35 0)
(1.08084e-37 -2.70526e-36 0)
(-4.47956e-36 -8.27456e-35 0)
(-2.6692e-34 -1.48517e-39 0)
(-4.5875e-36 8.26525e-35 0)
(-6.6497e-36 1.30612e-36 0)
(-9.93987e-38 9.14661e-38 0)
(-8.53334e-39 1.42126e-39 0)
(-1.27714e-40 6.28983e-41 0)
(-6.02789e-42 9.63088e-43 0)
(-8.85114e-44 3.09713e-44 0)
(-2.87486e-45 4.58625e-46 0)
(-4.0705e-47 1.14324e-47 0)
(-9.96736e-49 1.61313e-49 0)
(-1.34143e-50 3.24413e-51 0)
(-2.60362e-52 4.30735e-53 0)
(-3.2878e-54 7.17783e-55 0)
(-5.21969e-56 8.8641e-57 0)
(-6.10756e-58 1.24669e-58 0)
(-8.46598e-60 1.62157e-60 0)
(-2.18031e-59 1.63887e-59 0)
(-1.6021e-57 9.64357e-58 0)
(-7.26134e-56 7.08111e-56 0)
(-4.88463e-54 3.41999e-54 0)
(-1.5187e-52 2.36512e-52 0)
(-9.20875e-51 9.30547e-51 0)
(-1.19775e-49 6.21459e-49 0)
(-5.29527e-48 2.03276e-47 0)
(3.06754e-46 1.3531e-45 0)
(2.28536e-44 3.92333e-44 0)
(1.12633e-42 2.66359e-42 0)
(-4.78626e-36 -2.20643e-35 0)
(-2.93944e-34 -3.13305e-34 0)
(-2.16347e-33 -2.35153e-32 0)
(-1.47925e-31 -7.50588e-33 0)
(-4.91774e-32 4.68639e-32 0)
(1.46447e-31 8.0161e-33 0)
(1.27977e-33 -3.11155e-32 0)
(-4.87858e-32 -1.8867e-34 0)
(1.03435e-34 1.57111e-32 0)
(4.98666e-32 8.02313e-33 0)
(5.05523e-32 1.06915e-34 0)
(5.07512e-32 -7.27144e-34 0)
(5.07567e-32 -1.19653e-34 0)
(4.99665e-32 -7.92182e-33 0)
(7.87902e-34 -7.92906e-33 0)
(1.59145e-36 -2.11693e-34 0)
(-6.88523e-34 -7.81951e-33 0)
(-4.91758e-32 -1.08138e-37 0)
(-6.90111e-34 7.8119e-33 0)
(-9.7588e-35 1.02043e-34 0)
)
;

boundaryField
{
    leftWall
    {
        type            fixedValue;
        value           uniform (0 0 0);
    }
    rightWall
    {
        type            fixedValue;
        value           nonuniform 0();
    }
    lowerWall
    {
        type            fixedValue;
        value           uniform (0 0 0);
    }
    atmosphere
    {
        type            pressureInletOutletVelocity;
        value           nonuniform 0();
    }
    defaultFaces
    {
        type            empty;
    }
    procBoundary0to1
    {
        type            processor;
        value           nonuniform List<vector> 
44
(
(8.01092e-50 -3.73057e-47 0)
(5.27479e-50 -1.82222e-45 0)
(2.38612e-48 -5.89275e-44 0)
(7.33511e-47 -2.77069e-42 0)
(3.13142e-45 -7.02002e-41 0)
(6.61153e-44 -3.21884e-39 0)
(2.47325e-42 -5.9265e-38 0)
(1.96972e-41 -2.77159e-36 0)
(4.05676e-40 -3.20035e-35 0)
(-9.76342e-39 -1.68325e-33 0)
(7.39634e-37 -9.527e-33 0)
(1.42624e-34 -1.19436e-30 0)
(1.80068e-32 1.37008e-31 0)
(1.42616e-34 1.3326e-30 0)
(7.38004e-37 1.07034e-32 0)
(3.59813e-39 3.97471e-33 0)
(5.89623e-38 2.08207e-32 0)
(1.19688e-37 2.04802e-30 0)
(3.88618e-39 4.19405e-30 0)
(-1.19643e-37 2.18379e-30 0)
(-1.19643e-37 2.18379e-30 0)
(2.74741e-33 3.02605e-34 0)
(3.24555e-35 3.41283e-35 0)
(2.09524e-36 4.67844e-37 0)
(2.51698e-38 2.85182e-38 0)
(1.06648e-39 3.72957e-39 0)
(-8.74899e-41 7.66334e-38 0)
(-2.31145e-39 6.57109e-36 0)
(-1.99126e-37 9.81621e-35 0)
(-2.97016e-36 8.9496e-33 0)
(-2.65543e-34 6.85586e-32 0)
(-2.62769e-34 7.61723e-30 0)
(2.62769e-34 7.61723e-30 0)
(2.65543e-34 6.85586e-32 0)
(2.95891e-36 8.94954e-33 0)
(-2.49438e-36 9.73415e-35 0)
(-4.95968e-34 -7.10168e-35 0)
(-6.26226e-32 7.66173e-38 0)
(-4.95971e-34 7.75913e-35 0)
(-2.6935e-36 8.20672e-37 0)
(-1.12446e-38 5.90854e-38 0)
(2.2784e-41 6.66946e-40 0)
(6.89416e-42 3.11146e-41 0)
(7.21595e-41 7.1683e-41 0)
)
;
    }
    procBoundary0to2
    {
        type            processor;
        value           nonuniform List<vector> 
46
(
(-1.48692e-36 7.49887e-36 0)
(-1.0184e-37 1.03285e-37 0)
(-1.5805e-39 4.78419e-39 0)
(-6.99286e-41 6.69512e-41 0)
(-1.07075e-42 2.24009e-42 0)
(-3.4436e-44 3.08964e-44 0)
(-5.09946e-46 7.96363e-46 0)
(-1.27119e-47 1.06107e-47 0)
(-1.79369e-49 2.19278e-49 0)
(-3.60719e-51 2.7794e-51 0)
(-4.78939e-53 4.73035e-53 0)
(-7.98083e-55 5.62804e-55 0)
(-9.85561e-57 8.03662e-57 0)
(-1.3738e-58 8.86133e-59 0)
(9.9874e-59 1.41736e-60 0)
(9.18075e-57 2.06404e-59 0)
(6.4714e-55 1.54281e-57 0)
(5.41334e-53 7.31878e-56 0)
(3.2112e-51 5.04709e-54 0)
(2.51218e-49 1.78217e-52 0)
(1.23294e-47 1.14383e-50 0)
(9.12757e-46 2.71584e-49 0)
(3.61678e-44 1.63027e-47 0)
(2.56665e-42 2.03442e-46 0)
(7.92059e-41 1.12526e-44 0)
(-3.74861e-34 4.25139e-38 0)
(-2.74038e-32 1.47979e-39 0)
(-1.91198e-31 8.40081e-40 0)
(-1.87386e-29 -3.47795e-41 0)
(-6.23515e-30 3.30469e-40 0)
(1.86079e-29 5.63626e-41 0)
(1.123e-31 -2.17536e-40 0)
(-6.19863e-30 -3.53489e-41 0)
(9.56704e-33 -2.85364e-38 0)
(6.29599e-30 -5.38445e-36 0)
(6.36566e-30 -7.89379e-34 0)
(6.37486e-30 -8.07916e-32 0)
(6.36598e-30 -7.89379e-34 0)
(6.30507e-30 -5.38456e-36 0)
(6.99265e-32 -2.87024e-38 0)
(1.24166e-34 -3.55086e-41 0)
(-6.06893e-32 -5.39403e-41 0)
(-6.23502e-30 4.93237e-44 0)
(-6.08134e-32 5.48585e-41 0)
(-1.48692e-36 7.49887e-36 0)
(-9.10441e-33 7.1545e-43 0)
)
;
    }
}


// ************************************************************************* //
