/*--------------------------------*- C++ -*----------------------------------*\
| =========                 |                                                 |
| \\      /  F ield         | OpenFOAM: The Open Source CFD Toolbox           |
|  \\    /   O peration     | Version:  2.4.0                                 |
|   \\  /    A nd           | Web:      www.OpenFOAM.org                      |
|    \\/     M anipulation  |                                                 |
\*---------------------------------------------------------------------------*/
FoamFile
{
    version     2.0;
    format      ascii;
    class       surfaceScalarField;
    location    "0.65";
    object      phi;
}
// * * * * * * * * * * * * * * * * * * * * * * * * * * * * * * * * * * * * * //

dimensions      [0 3 -1 0 0 0 0];

internalField   nonuniform List<scalar> 
3742
(
-1.36356e-36
9.24553e-37
-2.01805e-37
1.06271e-37
-2.38346e-38
1.25943e-38
-2.82525e-39
1.27261e-39
-2.9379e-40
1.28147e-40
-2.98981e-41
1.17223e-41
-2.78874e-42
1.05093e-42
-2.52408e-43
8.80616e-44
-2.14314e-44
7.18422e-45
-1.76202e-45
5.56421e-46
-1.37765e-46
4.18775e-47
-1.04343e-47
3.02089e-48
-7.56753e-49
2.11786e-49
-3.29657e-50
1.42322e-50
3.0289e-49
-3.84885e-52
4.42702e-48
-1.91181e-50
6.19399e-47
-2.7155e-49
8.31517e-46
-3.73218e-48
1.08029e-44
-5.01925e-47
1.33701e-43
-6.51174e-46
1.60115e-42
-8.25314e-45
1.80605e-41
-9.99811e-44
1.97497e-40
-1.18199e-42
1.99634e-39
-1.3174e-41
-1.43537e-40
-2.37106e-34
2.41477e-36
-1.15592e-33
1.74e-35
-9.78261e-34
1.16051e-34
-3.47202e-32
2.10458e-35
2.25087e-32
-2.2549e-34
1.14466e-32
-4.90505e-35
-1.07564e-32
1.41517e-34
3.96464e-34
8.90718e-36
3.95225e-34
-7.95098e-35
1.25078e-32
-5.02202e-35
1.36635e-33
-1.50833e-35
1.29407e-32
-1.39481e-34
1.01559e-33
-1.14846e-36
1.22939e-32
4.39065e-35
-1.11857e-32
4.52692e-35
1.12853e-32
1.22404e-35
-1.18349e-32
3.87785e-35
-2.78677e-34
1.20295e-37
-3.68834e-34
-3.77195e-35
-7.75397e-35
-5.59693e-36
-9.50071e-36
-9.24553e-37
-1.3556e-36
-1.06271e-37
-1.51925e-37
-1.25943e-38
-1.75655e-38
-1.27261e-39
-1.77271e-39
-1.28147e-40
-1.77226e-40
-1.17223e-41
-1.62124e-41
-1.05093e-42
-1.44802e-42
-8.80616e-44
-1.21265e-43
-7.18422e-45
-9.8676e-45
-5.5642e-46
-7.63541e-46
-4.18775e-47
-5.73529e-47
-3.0209e-48
-4.13272e-48
-2.11851e-49
-2.8654e-49
-1.51032e-50
2.52155e-50
-1.09342e-50
6.86689e-49
-1.22188e-49
1.00352e-47
-1.4478e-48
1.38912e-46
-1.63103e-47
1.83503e-45
-1.79405e-46
2.29499e-44
-1.86667e-45
2.7467e-43
-1.92919e-44
3.08628e-42
-1.88695e-43
3.32705e-41
-1.88975e-42
3.31259e-40
-1.80009e-41
-1.80166e-40
-3.04339e-35
3.16077e-36
-1.4048e-34
1.9979e-35
-8.3847e-34
1.30113e-34
-9.64355e-34
2.32295e-35
4.04476e-34
-2.52548e-34
7.05234e-34
-5.51876e-35
-1.42281e-34
1.58287e-34
-1.90113e-34
1.015e-35
2.89835e-34
-8.91235e-35
5.96254e-34
-5.62137e-35
6.47761e-34
-1.28235e-35
6.47764e-34
-6.37562e-36
6.04165e-34
3.10259e-36
3.2934e-34
4.96334e-35
4.64504e-35
5.08993e-35
-3.33384e-35
1.39826e-35
-2.72819e-34
4.34671e-35
-2.74182e-34
1.39301e-37
-4.48489e-35
-4.22498e-35
-9.94364e-36
-6.3896e-36
-1.36356e-36
-1.0616e-36
-2.01805e-37
-1.23005e-37
-2.38346e-38
-1.46303e-38
-2.82525e-39
-1.48507e-39
-2.9379e-40
-1.49933e-40
-2.98981e-41
-1.37564e-41
-2.78874e-42
-1.23579e-42
-2.52408e-43
-1.03777e-43
-2.14314e-44
-8.47992e-45
-1.76202e-45
-6.57863e-46
-1.37765e-46
-4.95776e-47
-1.04344e-47
-3.58112e-48
-7.59115e-49
-2.51864e-49
-6.54728e-50
-2.37824e-50
-1.36798e-49
-8.59997e-50
-1.35851e-48
-1.00939e-48
-1.29842e-47
-1.15362e-47
-1.08574e-46
-1.23106e-46
-8.0599e-46
-1.25917e-45
-4.07374e-45
-1.17013e-44
-5.16002e-45
-1.04083e-43
3.04194e-43
-7.9569e-43
5.07829e-42
-5.84045e-42
6.12465e-41
-3.20219e-41
-1.73954e-40
-4.16014e-36
3.13009e-36
-1.16412e-35
3.78911e-36
-4.80822e-35
1.67631e-35
-5.3693e-35
2.58409e-36
2.02019e-35
-3.10668e-35
3.75326e-35
-7.05875e-36
-5.71475e-36
1.92486e-35
-7.59013e-36
1.42921e-36
1.81528e-35
-1.10633e-35
3.66228e-35
-7.22704e-36
4.08499e-35
-1.85e-36
3.97924e-35
-4.14422e-36
3.63369e-35
4.55108e-37
2.07588e-35
6.25701e-36
3.77598e-36
6.45971e-36
-2.09337e-36
2.01357e-36
-1.58056e-35
5.38934e-36
-1.60018e-35
2.23989e-38
-3.55457e-36
-5.2041e-36
-1.2332e-36
-9.15446e-37
-1.96338e-37
-1.60145e-37
-3.304e-38
-1.97015e-38
-4.17441e-39
-2.41564e-39
-5.22416e-40
-2.53437e-40
-5.62569e-41
-2.61105e-41
-5.88821e-42
-2.44632e-42
-5.60395e-43
-2.22954e-43
-5.15526e-44
-1.8995e-44
-4.4315e-45
-1.56895e-45
-3.67986e-46
-1.23009e-46
-2.89947e-47
-9.34773e-48
-2.21054e-48
-6.80959e-49
-1.72013e-49
-5.21458e-50
-1.38206e-49
-5.62452e-50
-1.44094e-48
-6.67947e-49
-1.52841e-47
-7.99031e-48
-1.54696e-46
-9.20047e-47
-1.42485e-45
-9.90914e-46
-1.24354e-44
-1.02429e-44
-9.35567e-44
-9.64682e-44
-6.59838e-43
-8.70341e-43
-3.47065e-42
-6.76979e-42
-1.6405e-41
-5.02797e-41
-2.33321e-41
-2.75172e-40
-1.39956e-39
-6.64586e-36
4.74274e-36
-5.32244e-36
3.56849e-36
-2.73482e-36
3.08907e-36
-2.27677e-36
4.39636e-37
5.96415e-37
-4.40081e-36
1.31653e-36
-1.01347e-36
-7.45343e-38
2.71887e-36
-3.55306e-38
2.06075e-37
8.87357e-37
-1.57481e-36
1.70264e-36
-1.04822e-36
1.96635e-36
-3.03913e-37
1.83222e-36
-7.50031e-37
1.62337e-36
4.29848e-38
9.98163e-37
8.9068e-37
2.36443e-37
9.28889e-37
-8.22249e-38
3.00413e-37
-6.61359e-37
7.69541e-37
-6.81002e-37
3.77967e-39
-2.14754e-37
-7.39676e-37
-1.09537e-37
-1.35556e-37
-1.96698e-38
-2.56237e-38
-3.56823e-39
-3.30561e-39
-4.74319e-40
-4.24258e-40
-6.13499e-41
-4.59269e-41
-6.78985e-42
-4.8568e-42
-7.24369e-43
-4.63826e-43
-7.01219e-44
-4.29319e-44
-6.53254e-45
-3.70154e-45
-5.68036e-46
-3.08691e-46
-4.75917e-47
-2.43869e-47
-3.78141e-48
-1.8647e-48
-2.98201e-49
-1.38704e-49
-1.2392e-49
-4.08734e-50
-1.2257e-48
-4.10927e-49
-1.40214e-47
-5.21345e-48
-1.5024e-46
-6.29525e-47
-1.53913e-45
-7.32964e-46
-1.43798e-44
-7.99556e-45
-1.27833e-43
-8.39901e-44
-9.84252e-43
-8.06181e-43
-7.16239e-42
-7.45464e-42
-3.95273e-41
-5.9739e-41
-2.01853e-40
-4.61013e-40
-4.21639e-40
-2.64163e-39
-1.41574e-38
-1.55954e-34
8.18584e-35
-8.08681e-36
4.82153e-36
-6.11585e-36
5.80703e-38
-1.22168e-36
-3.19852e-38
-1.68752e-37
-4.47496e-37
-3.12423e-38
-1.03278e-37
1.79754e-38
2.65595e-37
4.02619e-38
2.11123e-38
3.62943e-38
-1.55618e-37
5.89316e-38
-1.0572e-37
7.55887e-38
-3.36386e-38
5.59564e-38
-7.94288e-38
4.3069e-38
3.01997e-39
3.6945e-38
8.83356e-38
1.51606e-38
9.28708e-38
2.17346e-40
3.1575e-38
-1.25379e-38
7.61579e-38
-1.46222e-38
4.34557e-40
-1.29588e-38
-7.28571e-38
-1.07264e-38
-1.41742e-38
-2.08943e-39
-2.81245e-39
-4.05134e-40
-3.78532e-40
-5.58624e-41
-5.00828e-41
-7.44625e-42
-5.568e-42
-8.41679e-43
-6.0012e-43
-9.13459e-44
-5.82951e-44
-8.95974e-45
-5.46423e-45
-8.43602e-46
-4.76553e-46
-7.39806e-47
-4.0095e-47
-6.24103e-48
-3.19334e-48
-5.03309e-49
-2.46553e-49
-1.01183e-49
-2.98688e-50
-7.96207e-49
-1.63777e-49
-9.53192e-48
-2.15163e-48
-1.10097e-46
-2.75563e-47
-1.19251e-45
-3.36202e-46
-1.23738e-44
-3.96064e-45
-1.17597e-43
-4.39033e-44
-1.06661e-42
-4.69579e-43
-8.45483e-42
-4.62671e-42
-6.36596e-41
-4.40243e-41
-3.72892e-40
-3.68866e-40
-2.04971e-39
-2.97257e-39
-5.57375e-39
-1.83456e-38
-1.02698e-37
-6.00606e-36
1.00997e-35
-4.99436e-36
9.16344e-36
-8.38872e-37
1.14659e-37
-1.67904e-37
-5.33654e-38
-2.78129e-38
-5.95881e-38
-9.04844e-39
-1.25346e-38
2.21367e-39
2.75199e-38
4.90239e-39
2.20433e-39
1.34767e-39
-1.6336e-38
1.26582e-39
-1.12657e-38
2.30547e-39
-3.966e-39
3.55845e-40
-1.00314e-38
-4.5955e-40
1.27297e-41
9.68406e-40
9.23274e-39
9.84152e-40
9.8066e-39
3.36511e-40
3.40791e-39
7.65756e-40
8.01042e-39
5.78748e-40
5.05001e-41
-7.92648e-40
-7.63744e-39
-9.08964e-40
-1.52256e-39
-1.8763e-40
-3.16227e-40
-3.78496e-41
-4.38336e-41
-5.37363e-42
-5.96266e-42
-7.31482e-43
-6.76414e-43
-8.41875e-44
-7.41366e-44
-9.25983e-45
-7.29591e-45
-9.1918e-46
-6.91105e-46
-8.73402e-47
-6.07869e-47
-7.72312e-48
-5.14923e-48
-6.58399e-49
-4.12692e-49
-8.96935e-50
-3.63919e-50
-4.92262e-49
-6.71115e-50
-6.22077e-48
-9.00616e-49
-7.54184e-47
-1.20321e-47
-8.80916e-46
-1.55724e-46
-9.66402e-45
-1.92219e-45
-1.0191e-43
-2.2958e-44
-9.87129e-43
-2.58467e-43
-9.18328e-42
-2.81781e-42
-7.51529e-41
-2.83764e-41
-5.92305e-40
-2.77928e-40
-3.71049e-39
-2.40792e-39
-2.26635e-38
-2.04152e-38
-7.92355e-38
-1.33652e-37
-8.43448e-37
-1.8902e-37
2.36999e-34
-5.40448e-37
1.12819e-35
-1.04025e-37
8.56366e-37
-2.67969e-38
4.97223e-38
-4.63622e-39
-1.84982e-39
-1.34425e-39
-8.88204e-40
1.8378e-40
2.42682e-39
4.88806e-40
1.9916e-40
5.42585e-41
-1.43922e-39
-2.14946e-41
-1.00774e-39
5.29494e-41
-3.83269e-40
-1.53384e-40
-9.75315e-40
-2.16424e-40
-1.91721e-41
-2.58575e-42
8.11875e-40
7.43959e-41
8.69759e-40
4.30619e-41
3.10682e-40
1.40085e-40
7.06643e-40
1.22996e-40
4.87284e-42
-5.76923e-41
-6.71529e-40
-8.06528e-41
-1.38332e-40
-1.71648e-41
-2.96364e-41
-3.56563e-42
-4.2183e-42
-5.16248e-43
-5.85541e-43
-7.14697e-44
-6.76175e-44
-8.33415e-45
-7.51015e-45
-9.26573e-46
-7.47948e-46
-9.27872e-47
-7.14945e-47
-8.87903e-48
-6.3402e-48
-7.90654e-49
-5.40539e-49
-8.05612e-50
-4.39673e-50
-1.87872e-49
-9.78494e-51
-2.42404e-48
-9.30414e-50
-3.11318e-47
-1.30147e-48
-3.81507e-46
-1.7617e-47
-4.5107e-45
-2.30034e-46
-5.03199e-44
-2.88567e-45
-5.40809e-43
-3.47603e-44
-5.38582e-42
-3.99858e-43
-5.17148e-41
-4.39058e-42
-4.45348e-40
-4.56661e-41
-3.7238e-39
-4.49611e-40
-2.60811e-38
-4.13598e-39
-1.81736e-37
-3.52951e-38
-8.85734e-37
-2.67237e-37
-1.68381e-36
-1.55316e-36
-7.04573e-35
1.02689e-36
3.73782e-36
1.16019e-37
9.83151e-37
9.69997e-39
1.27011e-37
-7.15626e-41
1.81519e-38
-2.29809e-40
2.00379e-39
-1.15605e-41
4.58297e-40
3.62066e-41
4.23432e-41
2.32157e-42
-1.26458e-40
-4.75684e-42
-9.11853e-41
5.21232e-43
-3.76438e-41
-1.76996e-41
-1.00185e-40
-2.25573e-41
-4.32901e-42
-2.77467e-42
7.22351e-41
5.53807e-42
7.81554e-41
3.85543e-42
2.83457e-41
1.31304e-41
6.3352e-41
1.17321e-41
4.64397e-43
-4.22288e-42
-6.00629e-41
-6.43604e-42
-1.25869e-41
-1.40584e-42
-2.76769e-42
-2.97928e-43
-4.01187e-43
-4.38919e-44
-5.66211e-44
-6.15654e-45
-6.62421e-45
-7.26518e-46
-7.43664e-46
-8.15043e-47
-7.47185e-47
-8.2294e-48
-7.19271e-48
-7.92837e-49
-6.41647e-49
-7.61103e-50
-5.50093e-50
-8.10313e-50
-5.27144e-51
-1.04534e-48
-1.30033e-50
-1.40057e-47
-1.8879e-49
-1.81768e-46
-2.70999e-48
-2.25246e-45
-3.79174e-47
-2.6986e-44
-5.06946e-46
-3.05396e-43
-6.61542e-45
-3.34145e-42
-8.15741e-44
-3.3926e-41
-9.86928e-43
-3.34402e-40
-1.10949e-41
-2.95988e-39
-1.24308e-40
-2.5842e-38
-1.26491e-39
-1.88516e-37
-1.3352e-38
-1.43362e-36
-1.22712e-37
-7.40948e-36
-1.21213e-36
-8.48427e-36
-7.96846e-36
3.40595e-36
-3.96442e-36
-1.03694e-36
-7.0403e-37
5.5835e-37
-1.51179e-37
9.4842e-38
-2.14708e-38
1.57277e-38
-3.16869e-39
1.83177e-39
-3.77516e-40
2.32685e-40
-4.15584e-41
2.32153e-41
-4.48435e-42
-8.17983e-42
-8.5303e-43
-7.2341e-42
-4.09037e-44
-3.251e-42
-1.63924e-42
-8.82775e-42
-2.03262e-42
-5.2679e-43
-3.12664e-43
5.77088e-42
4.27383e-43
6.29898e-42
3.21495e-43
2.32545e-42
1.10504e-42
5.09049e-42
9.91609e-43
3.94792e-44
-3.25981e-43
-4.81525e-42
-5.14681e-43
-1.03055e-42
-1.14163e-43
-2.30949e-43
-2.45692e-44
-3.405e-44
-3.66415e-45
-4.86849e-45
-5.19299e-46
-5.76393e-46
-6.18183e-47
-6.52909e-47
-6.98382e-48
-6.61425e-48
-7.09422e-49
-6.4072e-49
-6.89242e-50
-5.74867e-50
-1.04615e-50
-4.95986e-51
-6.33452e-50
-6.38311e-52
-8.87242e-49
-3.77927e-51
-1.21365e-47
-5.81382e-50
-1.59559e-46
-8.62003e-49
-2.02703e-45
-1.25621e-47
-2.45666e-44
-1.73373e-46
-2.87121e-43
-2.36986e-45
-3.16464e-42
-3.04162e-44
-3.36081e-41
-3.97717e-43
-3.29883e-40
-4.99286e-42
-3.12327e-39
-7.03143e-41
-2.61532e-38
-1.03354e-39
-2.10558e-37
-1.74998e-38
-1.30139e-36
-2.7814e-37
-7.31827e-36
-4.03609e-36
-4.31645e-35
-1.73367e-34
-4.01656e-36
-8.63492e-36
-1.14326e-36
-6.7112e-36
-7.09495e-37
-1.3215e-36
-1.02297e-37
-1.65002e-37
-1.58824e-38
-2.29932e-38
-1.82142e-39
-2.58799e-39
-2.10895e-40
-2.95575e-40
-2.13292e-41
-2.98398e-41
-2.96907e-42
-2.98834e-42
-7.95291e-43
-2.68375e-43
-2.99063e-43
-1.5342e-43
-7.85838e-43
-1.6159e-43
-5.96443e-44
-2.65661e-44
4.56546e-43
3.09078e-44
5.03203e-43
2.42625e-44
1.87908e-43
8.29426e-44
4.06127e-43
7.44425e-44
3.2784e-45
-2.36668e-44
-3.8353e-43
-3.80102e-44
-8.31505e-44
-8.564e-45
-1.89252e-44
-1.86506e-45
-2.8242e-45
-2.81358e-46
-4.08029e-46
-4.02172e-47
-4.87346e-47
-4.82664e-48
-5.55933e-48
-5.48614e-49
-5.66625e-49
-5.61224e-50
-5.51488e-50
-6.6557e-51
-4.95544e-51
-1.89127e-50
-2.19395e-52
-2.72929e-49
3.24732e-51
-3.90163e-48
4.98463e-50
-5.41937e-47
7.36425e-49
-7.22303e-46
1.04942e-47
-9.34703e-45
1.45291e-46
-1.15056e-43
1.92761e-45
-1.37648e-42
2.48083e-44
-1.54469e-41
3.0185e-43
-1.69276e-40
3.52418e-42
-1.69715e-39
3.67953e-41
-1.68231e-38
3.27357e-40
-1.44456e-37
1.22333e-39
-1.25546e-36
-3.29667e-38
-7.96075e-36
-1.19884e-36
-5.30561e-35
-2.31697e-35
-3.26052e-34
-7.64461e-36
-4.4583e-36
-4.35764e-36
-3.52375e-36
-7.62988e-37
-9.64616e-37
-1.61339e-37
-1.26539e-37
-2.26314e-38
-1.86767e-38
-3.30238e-39
-2.12205e-39
-3.93145e-40
-2.46609e-40
-4.62828e-41
-2.49805e-41
-4.826e-42
-2.56399e-42
-4.90599e-43
-2.74161e-43
-4.51059e-44
-4.27652e-44
-1.40918e-44
-6.47038e-44
-1.2615e-44
-5.71974e-45
-2.13368e-45
3.34685e-44
2.20912e-45
3.72344e-44
1.78392e-45
1.40808e-44
6.07133e-45
3.00014e-44
5.44681e-45
2.51456e-46
-1.70796e-45
-2.82866e-44
-2.76628e-45
-6.22395e-45
-6.29914e-46
-1.4336e-45
-1.38478e-46
-2.16413e-46
-2.10672e-47
-3.15337e-47
-3.03156e-48
-3.79734e-48
-3.66042e-49
-4.35798e-49
-4.1798e-50
-4.4673e-50
-4.2711e-51
-4.36587e-51
-1.53347e-52
-3.83776e-52
3.97165e-51
1.4569e-52
5.90355e-50
2.81993e-51
8.38838e-49
4.29145e-50
1.15649e-47
6.34758e-49
1.52952e-46
9.05589e-48
1.96041e-45
1.25557e-46
2.38963e-44
1.66801e-45
2.82235e-43
2.15066e-44
3.127e-42
2.62162e-43
3.36467e-41
3.07106e-42
3.31511e-40
3.22396e-41
3.19385e-39
2.91401e-40
2.67349e-38
1.20932e-39
2.20544e-37
-2.58128e-38
1.33937e-36
-9.99835e-37
7.81744e-36
-1.97205e-35
-2.83946e-34
-7.23072e-37
-8.82493e-35
5.80857e-38
-5.1442e-36
-2.10362e-38
-4.77014e-37
-1.29581e-38
-3.84791e-38
-2.4896e-39
-3.67815e-39
-4.47797e-40
-3.61655e-40
-5.96439e-41
-3.9993e-41
-7.62549e-42
-4.09732e-42
-8.39321e-43
-4.22108e-43
-8.87885e-44
-4.24484e-44
-8.47426e-45
-5.29125e-45
-1.50437e-45
-5.30188e-45
-9.46376e-46
-5.27366e-46
-1.6048e-46
2.40517e-45
1.4868e-46
2.70323e-45
1.23313e-46
1.03155e-45
4.17074e-46
2.17675e-45
3.73858e-46
1.87576e-47
-1.16181e-46
-2.04986e-45
-1.89516e-46
-4.55626e-46
-4.36363e-47
-1.05966e-46
-9.66635e-48
-1.61333e-47
-1.48245e-48
-2.36668e-48
-2.14538e-49
-2.86762e-49
-2.60512e-50
-3.30635e-50
-2.97706e-51
-3.40375e-51
-1.46416e-52
-3.34436e-52
2.50344e-51
-4.18096e-53
3.85806e-50
-1.88526e-52
5.71536e-49
-2.91791e-51
8.17061e-48
-4.43638e-50
1.13476e-46
-6.56284e-49
1.51202e-45
-9.36406e-48
1.95613e-44
-1.29849e-46
2.40672e-43
-1.72518e-45
2.87793e-42
-2.22458e-44
3.22706e-41
-2.71135e-43
3.53356e-40
-3.17429e-42
3.53814e-39
-3.3241e-41
3.50258e-38
-2.97845e-40
3.0014e-37
-1.14826e-39
2.60303e-36
2.91807e-38
1.64538e-35
1.08479e-36
1.09304e-34
2.12337e-35
3.04317e-34
2.36224e-37
-6.17061e-36
-3.20875e-37
-3.23452e-36
-4.73261e-38
-2.75241e-37
-9.17645e-39
-1.87618e-38
-1.15961e-39
-1.29255e-39
-1.57617e-40
-9.64264e-41
-1.77381e-41
-9.03878e-42
-2.00435e-42
-8.73412e-43
-2.02333e-43
-8.80256e-44
-1.99921e-44
-8.44341e-45
-1.82077e-45
-8.75366e-46
-2.12254e-46
-4.32885e-46
-7.52175e-47
-4.60375e-47
-1.22018e-47
1.62951e-46
9.75552e-48
1.85164e-46
8.31324e-48
7.13442e-47
2.80195e-47
1.48993e-46
2.51003e-47
1.318e-48
-7.75531e-48
-1.40144e-46
-1.27129e-47
-3.14957e-47
-2.95112e-48
-7.38141e-48
-6.57703e-49
-1.13304e-48
-1.01482e-49
-1.6715e-49
-1.47511e-50
-2.037e-50
-1.7989e-51
-2.35814e-51
-2.06042e-52
-2.43768e-52
-7.7096e-54
-2.47332e-53
2.11196e-52
-1.49168e-53
3.22667e-51
-2.05282e-52
4.74365e-50
-3.21684e-51
6.72859e-49
-4.88801e-50
9.25773e-48
-7.22544e-49
1.2219e-46
-1.03016e-47
1.56208e-45
-1.42717e-46
1.89928e-44
-1.89435e-45
2.23546e-43
-2.43962e-44
2.46867e-42
-2.96896e-43
2.64321e-41
-3.4663e-42
2.59266e-40
-3.6102e-41
2.47829e-39
-3.18305e-40
2.06067e-38
-1.08229e-39
1.67436e-37
3.54548e-38
1.00442e-36
1.24296e-36
5.60495e-36
2.38572e-35
3.34572e-34
-1.92349e-38
-6.22819e-36
2.20523e-38
-3.36186e-36
2.92634e-39
-2.73064e-37
3.7114e-40
-1.70745e-38
2.67349e-41
-9.1012e-40
7.23541e-43
-4.48796e-41
-1.86075e-43
-2.46601e-42
-4.78622e-44
-1.63884e-43
-7.08932e-45
-1.35729e-44
-8.91957e-46
-1.18853e-45
-9.59305e-47
-1.12192e-46
-1.30392e-47
-3.53181e-47
-5.00143e-48
-3.89561e-48
-8.32496e-49
1.07706e-47
6.12557e-49
1.23899e-47
5.34471e-49
4.80985e-48
1.79372e-48
9.96936e-48
1.60571e-48
8.99647e-50
-4.9335e-49
-9.36885e-48
-8.12859e-49
-2.12282e-48
-1.90281e-49
-5.00569e-49
-4.26194e-50
-7.73189e-50
-6.61441e-51
-1.14566e-50
-9.65073e-52
-1.40231e-51
-1.18456e-52
-1.62832e-52
-1.84793e-53
-1.68706e-53
-7.97309e-53
-1.52105e-54
-1.23123e-51
2.20788e-54
-1.87546e-50
3.81265e-53
-2.77919e-49
6.00866e-52
-3.9748e-48
9.1718e-51
-5.52316e-47
1.36293e-49
-7.36364e-46
1.9537e-48
-9.53315e-45
2.72475e-47
-1.17382e-43
3.64388e-46
-1.405e-42
4.7484e-45
-1.57714e-41
5.89832e-44
-1.7293e-40
7.23511e-43
-1.73417e-39
8.57269e-42
-1.72013e-38
1.07317e-40
-1.47719e-37
1.40469e-39
-1.28467e-36
2.09858e-38
-8.14365e-36
3.10593e-37
-5.42972e-35
4.30901e-36
4.52612e-35
-2.73863e-37
-9.31508e-35
3.28999e-37
-5.34245e-36
4.56438e-38
-4.03509e-37
7.74053e-39
-2.30559e-38
8.63808e-40
-9.31124e-40
1.02365e-40
-1.78662e-41
1.01508e-41
1.82873e-42
1.01596e-42
2.97517e-43
9.16161e-44
3.23226e-44
8.14696e-45
2.95166e-45
6.74425e-46
2.5598e-46
5.43047e-47
1.90581e-47
3.90812e-48
1.41635e-48
2.61326e-49
8.09138e-49
6.02142e-50
8.00829e-49
3.50739e-50
3.10266e-49
1.12227e-49
6.36712e-49
1.00324e-49
5.85756e-51
-3.0689e-50
-5.97802e-49
-5.07655e-50
-1.36623e-49
-1.1961e-50
-3.23749e-50
-2.68951e-51
-5.03069e-51
-4.19287e-52
-7.48158e-52
-6.13519e-53
-9.19515e-53
-7.58976e-54
-1.07039e-53
-1.78487e-54
-1.0949e-54
-1.47707e-53
1.91676e-55
-2.29447e-52
4.98208e-54
-3.4747e-51
8.03411e-53
-5.11411e-50
1.2595e-51
-7.26346e-49
1.91294e-50
-1.00094e-47
2.82629e-49
-1.32333e-46
4.02792e-48
-1.69532e-45
5.5783e-47
-2.06592e-44
7.4059e-46
-2.43872e-43
9.55256e-45
-2.70148e-42
1.17035e-43
-2.90484e-41
1.39617e-42
-2.86199e-40
1.56043e-41
-2.75399e-39
1.71476e-40
-2.30531e-38
1.73226e-39
-1.89497e-37
1.77025e-38
-1.14925e-36
1.6034e-37
-6.59959e-36
1.50464e-36
1.03683e-35
3.1271e-37
-4.19728e-36
-3.78618e-37
-3.0268e-36
-5.45176e-38
-2.24189e-37
-9.54177e-39
-1.15843e-38
-1.10385e-39
-1.75728e-40
-1.35508e-40
4.02808e-41
-1.39527e-41
7.78143e-42
-1.44847e-42
9.21968e-43
-1.35625e-43
9.91014e-44
-1.25073e-44
9.4936e-45
-1.07416e-45
8.74225e-46
-9.00143e-47
7.50122e-47
-7.16115e-48
6.2187e-48
-5.54699e-49
5.33252e-49
-3.85143e-50
8.67326e-50
-9.07355e-52
2.21426e-50
6.53244e-51
3.98709e-50
6.00888e-51
3.83407e-52
-1.83529e-51
-3.72299e-50
-3.04696e-51
-8.56647e-51
-7.22613e-52
-2.03778e-51
-1.63006e-52
-3.18136e-52
-2.55208e-53
-4.74452e-53
-3.74305e-54
-5.84943e-54
-4.61642e-55
-6.81372e-55
-6.42701e-56
-5.53173e-56
-1.78869e-55
2.6036e-55
-2.66906e-54
4.43142e-54
-3.9722e-53
7.14079e-53
-5.72306e-52
1.12087e-51
-7.93275e-51
1.70464e-50
-1.06047e-49
2.52246e-49
-1.35413e-48
3.60075e-48
-1.65982e-47
4.99644e-47
-1.92189e-46
6.64673e-46
-2.12185e-45
8.595e-45
-2.17128e-44
1.05576e-43
-2.09426e-43
1.26387e-42
-1.80308e-42
1.41779e-41
-1.4242e-41
1.56687e-40
-9.13388e-41
1.59379e-39
-4.84059e-40
1.64743e-38
-1.36495e-39
1.51394e-37
1.33713e-39
1.44769e-36
1.01711e-35
2.96495e-37
-4.21771e-36
-4.02018e-37
-5.78822e-37
-6.12001e-38
4.67146e-38
-1.19191e-38
1.5032e-38
-1.51494e-39
2.99741e-39
-2.05338e-40
3.87185e-40
-2.30694e-41
4.77175e-41
-2.59603e-42
5.0402e-42
-2.61189e-43
5.17323e-43
-2.5704e-44
4.84937e-44
-2.34133e-45
4.40527e-45
-2.06931e-46
3.75043e-46
-1.72511e-47
3.0902e-47
-1.39281e-48
2.42286e-48
-1.07128e-49
1.86535e-49
-7.88549e-51
1.45234e-50
-1.79271e-52
3.32024e-51
3.12948e-52
8.66005e-53
-1.09796e-52
-2.22596e-51
-1.78681e-52
-5.16462e-52
-4.25699e-53
-1.23276e-52
-9.62433e-54
-1.93334e-53
-1.51167e-54
-2.89001e-54
-2.19415e-55
-3.57381e-55
1.82338e-56
-4.2494e-56
7.51012e-55
-1.73753e-56
1.21147e-53
-2.20735e-55
1.89501e-52
-3.63459e-54
2.87302e-51
-5.82693e-53
4.23464e-50
-9.0946e-52
6.02527e-49
-1.37495e-50
8.32203e-48
-2.02047e-49
1.10335e-46
-2.86333e-48
1.41842e-45
-3.93814e-47
1.73591e-44
-5.18988e-46
2.05987e-43
-6.62582e-45
2.29677e-42
-8.00723e-44
2.48911e-41
-9.29851e-43
2.47729e-40
-9.80349e-42
2.41172e-39
-9.23236e-41
2.05008e-38
-5.62287e-40
1.71122e-37
1.86486e-39
1.05951e-36
1.54581e-37
6.1596e-36
3.0414e-36
3.86783e-35
-7.44159e-37
2.26872e-36
-8.07808e-38
-1.51028e-36
-5.04021e-38
7.35425e-37
-2.01401e-38
1.28702e-37
-3.54541e-39
2.16205e-38
-6.06685e-40
2.54742e-39
-7.88163e-41
2.99898e-40
-9.90245e-42
3.04596e-41
-1.07747e-42
3.05022e-42
-1.12902e-43
2.7929e-43
-1.07924e-44
2.49487e-44
-9.93062e-46
2.09007e-45
-8.55275e-47
1.70093e-46
-7.10116e-48
1.31654e-47
-5.59937e-49
9.89243e-49
-4.26534e-50
7.13608e-50
-3.0925e-51
5.13033e-51
-2.00281e-52
3.38575e-52
-2.10631e-53
-1.08191e-52
-1.11012e-53
-2.89641e-53
-2.48614e-54
-7.17646e-54
-5.5276e-55
-1.13791e-54
-8.59016e-56
-1.70867e-55
1.73256e-57
-2.14553e-56
2.45052e-55
-7.17711e-57
4.10073e-54
-8.21703e-56
6.62983e-53
-1.39157e-54
1.04433e-51
-2.30609e-53
1.59445e-50
-3.71441e-52
2.36882e-49
-5.82821e-51
3.39686e-48
-8.85963e-50
4.73498e-47
-1.31026e-48
6.33326e-46
-1.86906e-47
8.23188e-45
-2.59116e-46
1.01769e-43
-3.44255e-45
1.22446e-42
-4.44147e-44
1.38156e-41
-5.42802e-43
1.52562e-40
-6.4128e-42
1.54028e-39
-6.92539e-41
1.54349e-38
-6.87722e-40
1.33772e-37
-4.91202e-39
1.18228e-36
-5.40369e-39
7.5933e-36
8.516e-37
5.22215e-35
2.01399e-35
3.12964e-34
-8.31535e-36
-8.76277e-35
-6.25213e-36
1.992e-36
-1.06686e-36
9.18443e-37
-2.19926e-37
1.28237e-37
-3.01925e-38
1.95225e-38
-4.32939e-39
2.22321e-39
-5.08955e-40
2.58165e-40
-5.93406e-41
2.60313e-41
-6.13966e-42
2.59802e-42
-6.18601e-43
2.37185e-43
-5.74404e-44
2.11483e-44
-5.16404e-45
1.76829e-45
-4.36771e-46
1.43703e-46
-3.57344e-47
1.11064e-47
-2.78471e-48
8.33433e-49
-2.1012e-49
6.00067e-50
-1.52213e-50
4.20465e-51
-1.0685e-51
2.83367e-52
-7.28894e-53
1.12329e-53
-5.34108e-54
-5.43147e-55
-4.40033e-55
-3.4027e-55
-4.96066e-56
-6.0895e-56
-7.61858e-57
-9.5355e-57
-2.95369e-56
-1.26567e-57
-4.88779e-55
-1.30037e-57
-8.09908e-54
-2.02685e-56
-1.30482e-52
-3.44902e-55
-2.0473e-51
-5.73074e-54
-3.11298e-50
-9.25541e-53
-4.60294e-49
-1.45665e-51
-6.56822e-48
-2.22116e-50
-9.10219e-47
-3.29668e-49
-1.21018e-45
-4.71991e-48
-1.56135e-44
-6.5732e-47
-1.91587e-43
-8.77804e-46
-2.28284e-42
-1.14194e-44
-2.55116e-41
-1.41646e-43
-2.77982e-40
-1.73524e-42
-2.7712e-39
-2.0577e-41
-2.7232e-38
-2.58664e-40
-2.31927e-37
-3.42455e-39
-1.98554e-36
-5.18992e-38
-1.24276e-35
-7.81033e-37
-8.0082e-35
-1.09836e-35
-1.1785e-34
-2.06609e-34
2.02038e-34
-1.18288e-35
1.09686e-35
-8.26294e-36
8.87869e-38
-1.62202e-36
-6.85808e-38
-2.02159e-37
-1.68021e-38
-2.80899e-38
-2.13216e-39
-3.15597e-39
-2.5744e-40
-3.60059e-40
-2.62473e-41
-3.62906e-41
-2.62708e-42
-3.59951e-42
-2.3989e-43
-3.28532e-43
-2.13777e-44
-2.91881e-44
-1.7863e-45
-2.43851e-45
-1.4507e-46
-1.97665e-46
-1.12055e-47
-1.52604e-47
-8.40411e-49
-1.14287e-48
-6.0477e-50
-8.21864e-50
-4.22769e-51
-5.73893e-51
-2.85291e-52
-3.86966e-52
-1.91315e-53
-2.54004e-53
-1.28684e-54
-1.61983e-54
-9.67612e-56
-1.01665e-55
-8.07962e-57
-9.74263e-57
-7.83762e-58
-6.1034e-56
3.35334e-58
-1.03177e-54
7.45524e-57
-1.71229e-53
1.30151e-55
-2.76257e-52
2.21124e-54
-4.3415e-51
3.66477e-53
-6.6123e-50
5.90328e-52
-9.7958e-49
9.26346e-51
-1.40055e-47
1.40827e-49
-1.94539e-46
2.08287e-48
-2.59255e-45
2.97132e-47
-3.35464e-44
4.11921e-46
-4.12823e-43
5.47102e-45
-4.93775e-42
7.05005e-44
-5.53836e-41
8.57912e-43
-6.06663e-40
9.99767e-42
-6.07699e-39
1.03186e-40
-6.01921e-38
8.77538e-40
-5.16103e-37
1.84442e-39
-4.47962e-36
-1.34751e-37
-2.83393e-35
-4.27767e-36
-1.8848e-34
-8.0828e-35
-1.12943e-33
-8.70646e-36
1.10445e-34
-5.77893e-36
1.15679e-35
-9.9765e-37
5.57481e-38
-2.07929e-37
-8.11398e-38
-2.8815e-38
-1.93535e-38
-4.16325e-39
-2.46137e-39
-4.92135e-40
-2.97787e-40
-5.76308e-41
-3.04866e-41
-5.98284e-42
-3.06008e-42
-6.04456e-43
-2.80324e-43
-5.62519e-44
-2.50393e-44
-5.06666e-45
-2.09726e-45
-4.2921e-46
-1.70642e-46
-3.51635e-47
-1.32051e-47
-2.74343e-48
-9.91881e-49
-2.07219e-49
-7.14831e-50
-1.50259e-50
-5.00386e-51
-1.05664e-51
-3.38053e-52
-7.17297e-53
-2.22334e-53
-4.73243e-54
-1.41951e-54
-3.02793e-55
-8.89538e-56
-1.88386e-56
-5.48432e-57
-6.07688e-60
-3.29749e-58
1.9938e-56
1.74689e-58
3.40449e-55
3.5013e-57
5.6514e-54
6.10874e-56
9.12014e-53
1.03802e-54
1.4337e-51
1.72063e-53
2.18433e-50
2.77207e-52
3.23729e-49
4.35067e-51
4.6306e-48
6.61511e-50
6.43548e-47
9.78557e-49
8.58154e-46
1.39614e-47
1.11123e-44
1.93567e-46
1.36861e-43
2.57042e-45
1.63864e-42
3.30909e-44
1.84002e-41
4.01164e-43
2.01839e-40
4.61761e-42
2.02503e-39
4.56269e-41
2.00976e-38
3.22675e-40
1.72701e-37
-1.61642e-39
1.50295e-36
-1.22958e-37
9.5343e-36
-3.22515e-36
6.35957e-35
-5.82163e-35
-7.91683e-34
-1.17012e-36
1.37324e-35
4.35764e-37
7.43751e-36
2.6593e-38
4.95666e-37
-6.69825e-39
1.78622e-38
-1.98877e-39
-1.38629e-39
-4.18089e-40
-3.2136e-40
-5.96292e-41
-4.55132e-41
-7.94598e-42
-4.98589e-42
-8.97442e-43
-5.17299e-43
-9.6628e-44
-4.8618e-44
-9.42192e-45
-4.41845e-45
-8.80588e-46
-3.76105e-46
-7.67799e-47
-3.09813e-47
-6.43979e-48
-2.4258e-48
-5.12069e-49
-1.83947e-49
-3.92915e-50
-1.33765e-50
-2.88639e-51
-9.43452e-52
-2.0519e-52
-6.41932e-53
-1.40559e-53
-4.24482e-54
-9.34189e-55
-2.72057e-55
-6.01006e-56
-1.70067e-56
-3.57111e-57
-1.03781e-57
3.20241e-57
-8.37852e-59
5.99045e-56
-3.99156e-58
1.01958e-54
-7.06257e-57
1.6924e-53
-1.23194e-55
2.73105e-52
-2.09387e-54
4.29301e-51
-3.4718e-53
6.54019e-50
-5.59506e-52
9.69206e-49
-8.78448e-51
1.3862e-47
-1.3362e-49
1.92626e-46
-1.97758e-48
2.56824e-45
-2.82314e-47
3.32506e-44
-3.91757e-46
4.09433e-43
-5.21047e-45
4.90098e-42
-6.73415e-44
5.5017e-41
-8.25594e-43
6.033e-40
-9.83017e-42
6.05037e-39
-1.08431e-40
6.00219e-38
-1.14398e-39
5.15495e-37
-1.01283e-38
4.48436e-36
-7.1082e-38
2.84322e-35
3.83742e-38
1.8971e-34
1.00949e-35
2.19448e-34
-1.13e-37
1.11373e-34
9.67601e-38
6.85797e-36
1.3713e-38
5.44169e-37
1.10645e-39
3.27286e-38
-7.30686e-42
1.49437e-39
-2.32496e-41
4.22237e-41
-4.57116e-42
-1.68146e-42
-7.13554e-43
-4.37307e-43
-8.81682e-44
-5.74914e-44
-1.00827e-44
-6.03864e-45
-1.02689e-45
-5.9e-46
-9.91405e-47
-5.29067e-47
-8.87153e-48
-4.54099e-48
-7.59482e-49
-3.67453e-49
-6.14416e-50
-2.86333e-50
-4.78147e-51
-2.12991e-51
-3.55573e-52
-1.53126e-52
-2.5538e-53
-1.05895e-53
-1.76529e-54
-7.09906e-55
-1.18231e-55
-4.60223e-56
-7.66274e-57
-2.90095e-57
-5.49617e-58
-1.78051e-58
-1.23664e-57
-1.83402e-59
-2.10812e-56
-1.41831e-58
-3.58705e-55
-2.52174e-57
-5.95447e-54
-4.39878e-56
-9.6095e-53
-7.47638e-55
-1.51069e-51
-1.23964e-53
-2.30174e-50
-1.99779e-52
-3.41152e-49
-3.13664e-51
-4.88022e-48
-4.77119e-50
-6.78309e-47
-7.06158e-49
-9.04621e-46
-1.00815e-47
-1.17159e-44
-1.39917e-46
-1.44322e-43
-1.86179e-45
-1.7284e-42
-2.40973e-44
-1.94139e-41
-2.96824e-43
-2.13037e-40
-3.58513e-42
-2.13837e-39
-4.12743e-41
-2.12347e-38
-4.87231e-40
-1.82605e-37
-5.77153e-39
-1.59044e-36
-7.67094e-38
-1.00997e-35
-1.02194e-36
-6.74295e-35
-1.34301e-35
-1.36884e-34
-2.68361e-37
1.41071e-35
3.18547e-37
4.94142e-36
4.21372e-38
4.3338e-37
6.92371e-39
2.94195e-38
7.40653e-40
1.8735e-39
8.42957e-41
1.18214e-40
7.96309e-42
8.74411e-42
7.58295e-43
6.89598e-43
6.4592e-44
5.87834e-44
5.40944e-45
4.84425e-45
4.18503e-46
3.96255e-46
3.14661e-47
3.08052e-47
2.2206e-48
2.33677e-48
1.5135e-49
1.69624e-49
9.75244e-51
1.19849e-50
6.03569e-52
8.15837e-52
3.53207e-53
5.407e-53
1.96659e-54
3.46925e-54
1.02409e-55
2.16925e-55
4.94568e-57
1.3177e-56
2.02537e-58
7.80943e-58
-1.8226e-58
4.62781e-59
-3.39324e-57
2.52134e-59
-5.92685e-56
4.14875e-58
-1.00879e-54
7.4058e-57
-1.67496e-53
1.29174e-55
-2.70368e-52
2.19531e-54
-4.25133e-51
3.63959e-53
-6.47875e-50
5.86474e-52
-9.60445e-49
9.20654e-51
-1.37416e-47
1.40017e-49
-1.91033e-46
2.07183e-48
-2.54804e-45
2.95691e-47
-3.30056e-44
4.10146e-46
-4.06609e-43
5.45037e-45
-4.87025e-42
7.02811e-44
-5.47026e-41
8.55757e-43
-6.00358e-40
9.97972e-42
-6.02495e-39
1.03023e-40
-5.98444e-38
8.7516e-40
-5.14428e-37
1.76232e-39
-4.4852e-36
-1.37345e-37
-2.84794e-35
-4.34975e-36
-1.91098e-34
-8.24183e-35
-1.15825e-33
8.36582e-37
1.60001e-35
-1.01479e-36
1.10838e-35
-1.47793e-37
8.82476e-37
-2.5656e-38
5.45174e-38
-2.95246e-39
2.90526e-39
-3.58211e-40
1.50704e-40
-3.65009e-41
9.78653e-42
-3.74224e-42
8.09637e-43
-3.46319e-43
8.00247e-44
-3.15483e-44
7.73183e-45
-2.67786e-45
7.32969e-46
-2.21751e-46
6.48296e-47
-1.74048e-47
5.5185e-48
-1.32873e-48
4.43921e-49
-9.71359e-50
3.44329e-50
-6.90431e-51
2.5517e-51
-4.73065e-52
1.82877e-52
-3.1538e-53
1.26133e-53
-2.03611e-54
8.43586e-55
-1.28052e-55
5.45684e-56
-7.81766e-57
3.43078e-57
-3.35478e-58
2.09743e-58
2.31354e-57
1.93273e-59
4.08783e-56
1.26525e-58
6.95771e-55
2.24479e-57
1.15516e-53
3.9122e-56
1.86448e-52
6.64321e-55
2.93142e-51
1.10038e-53
4.46668e-50
1.77148e-52
6.62053e-49
2.77804e-51
9.47043e-48
4.22055e-50
1.31623e-46
6.2377e-49
1.7551e-45
8.8916e-48
2.27262e-44
1.23149e-46
2.79855e-43
1.63374e-45
3.35031e-42
2.1009e-44
3.76076e-41
2.54532e-43
4.12442e-40
2.93026e-42
4.13541e-39
2.91045e-41
4.10348e-38
2.11869e-40
3.52293e-37
-7.76247e-40
3.06806e-36
-7.11874e-38
1.94522e-35
-1.8875e-36
1.30488e-34
-3.39068e-35
-4.5511e-34
9.9037e-37
3.29742e-34
-1.24298e-36
1.85358e-35
-1.77884e-37
1.48629e-36
-3.18759e-38
9.74985e-38
-3.7637e-39
6.44146e-39
-4.75708e-40
4.76042e-40
-5.03037e-41
4.53647e-41
-5.37147e-42
4.51096e-42
-5.16261e-43
4.64615e-43
-4.88472e-44
4.44347e-44
-4.29737e-45
4.12434e-45
-3.68493e-46
3.57855e-46
-2.98983e-47
2.99721e-47
-2.35676e-48
2.38022e-48
-1.77642e-49
1.82708e-49
-1.30035e-50
1.34275e-50
-9.16441e-52
9.55862e-52
-6.27754e-53
6.55704e-53
-4.15975e-54
4.36633e-54
-2.68248e-55
2.81462e-55
-1.6784e-56
1.76476e-56
-8.74273e-58
1.07396e-57
2.62212e-57
4.88802e-59
4.68227e-56
-2.6871e-58
7.96414e-55
-4.86143e-57
1.32124e-53
-8.47524e-56
2.13088e-52
-1.4396e-54
3.34739e-51
-2.38532e-53
5.09608e-50
-3.84152e-52
7.54598e-49
-6.02667e-51
1.07836e-47
-9.16028e-50
1.49701e-46
-1.35451e-48
1.99388e-45
-1.93203e-47
2.57818e-44
-2.67809e-46
3.17057e-43
-3.55806e-45
3.78888e-42
-4.59051e-44
4.24619e-41
-5.61281e-43
4.64544e-40
-6.63928e-42
4.64841e-39
-7.20057e-41
4.59551e-38
-7.23735e-40
3.93448e-37
-5.42179e-39
3.40315e-36
-1.33594e-38
2.14754e-35
7.35029e-37
1.41597e-34
1.87168e-35
3.03074e-34
-2.19705e-36
6.52426e-36
1.53201e-36
7.42944e-36
1.82019e-37
1.50906e-36
1.86221e-38
1.83408e-37
7.44114e-40
2.59105e-38
-1.14417e-40
2.90507e-39
-3.14073e-41
3.36312e-40
-5.35362e-42
3.40455e-41
-6.84431e-43
3.41201e-42
-7.97275e-44
3.12951e-43
-8.19414e-45
2.80088e-44
-7.96065e-46
2.3504e-45
-7.14613e-47
1.91574e-46
-6.13344e-48
1.48476e-47
-4.96815e-49
1.1168e-48
-3.8709e-50
8.05841e-50
-2.88023e-51
5.64722e-51
-2.06999e-52
3.81894e-52
-1.43135e-53
2.51149e-53
-9.5904e-55
1.60053e-54
-6.21423e-56
9.9339e-56
-3.95727e-57
5.99292e-57
-1.05744e-57
3.42857e-58
-1.433e-56
-1.58891e-58
-2.44032e-55
-3.18525e-57
-4.05846e-54
-5.53525e-56
-6.5623e-53
-9.37012e-55
-1.03382e-51
-1.54667e-53
-1.57859e-50
-2.48195e-52
-2.34539e-49
-3.87755e-51
-3.36347e-48
-5.87131e-50
-4.68838e-47
-8.64144e-49
-6.2708e-46
-1.22763e-47
-8.14993e-45
-1.69266e-46
-1.00742e-43
-2.23958e-45
-1.2119e-42
-2.8727e-44
-1.36698e-41
-3.50351e-43
-1.50921e-40
-4.13725e-42
-1.52288e-39
-4.55774e-41
-1.52637e-38
-4.81781e-40
-1.32207e-37
-4.46611e-39
-1.17167e-36
-3.70065e-38
-7.53343e-36
-1.85871e-37
-5.25459e-35
3.29445e-38
1.9434e-35
-1.21794e-35
-1.09081e-34
-4.00899e-36
-7.9575e-36
-7.60884e-37
2.90484e-37
-1.72177e-37
1.04629e-37
-2.54493e-38
2.0867e-38
-3.86065e-39
2.54253e-39
-4.72091e-40
3.02227e-40
-5.67325e-41
3.06457e-41
-6.00471e-42
3.05926e-42
-6.16126e-43
2.78963e-43
-5.8049e-44
2.48341e-44
-5.28233e-45
2.07346e-45
-4.51304e-46
1.68275e-46
-3.72433e-47
1.29902e-47
-2.92383e-48
9.73735e-49
-2.22046e-49
7.00382e-50
-1.61777e-50
4.89445e-51
-1.14243e-51
3.30128e-52
-7.78427e-53
2.166e-53
-5.15136e-54
1.37736e-54
-3.30292e-55
8.53186e-56
-2.06337e-56
5.13795e-57
-1.72554e-57
3.00449e-58
-8.31651e-57
-7.6748e-60
-1.39106e-55
-4.37736e-58
-2.28817e-54
-7.52124e-57
-3.65997e-53
-1.25731e-55
-5.69644e-52
-2.04553e-54
-8.59625e-51
-3.23891e-53
-1.25986e-49
-4.97875e-52
-1.78346e-48
-7.43261e-51
-2.44701e-47
-1.0738e-49
-3.22606e-46
-1.5029e-48
-4.11434e-45
-2.02769e-47
-5.00377e-44
-2.64411e-46
-5.87892e-43
-3.31277e-45
-6.50913e-42
-4.02561e-44
-6.96406e-41
-4.76447e-43
-6.87741e-40
-5.75834e-42
-6.58192e-39
-7.53029e-41
-5.55491e-38
-1.15134e-39
-4.53818e-37
-1.95995e-38
-2.81897e-36
-3.31396e-37
-1.6063e-35
-4.82827e-36
-5.34946e-35
-2.39219e-34
-1.19657e-34
-1.14462e-35
-1.08182e-35
-9.18196e-36
-1.64365e-36
-1.80964e-36
-1.76428e-37
-2.26078e-37
-2.29346e-38
-3.1528e-38
-2.48534e-39
-3.55065e-39
-2.84016e-40
-4.06036e-40
-2.85762e-41
-4.0995e-41
-2.85848e-42
-4.07253e-42
-2.61733e-43
-3.72169e-43
-2.34093e-44
-3.31023e-44
-1.96256e-45
-2.76813e-45
-1.59881e-46
-2.24574e-46
-1.23828e-47
-1.73506e-47
-9.30977e-49
-1.30027e-48
-6.71387e-50
-9.35601e-50
-4.70306e-51
-6.53667e-51
-3.17899e-52
-4.40942e-52
-2.08985e-53
-2.89232e-53
-1.3313e-54
-1.83913e-54
-8.26008e-56
-1.13992e-55
-4.98137e-57
-8.65862e-57
-2.84646e-58
-3.16765e-56
1.36728e-58
-5.29355e-55
2.7322e-57
-8.73429e-54
4.7515e-56
-1.40173e-52
8.04969e-55
-2.18934e-51
1.32985e-53
-3.31651e-50
2.13588e-52
-4.88036e-49
3.34014e-51
-6.93973e-48
5.06257e-50
-9.5675e-47
7.45948e-49
-1.26816e-45
1.06087e-47
-1.62686e-44
1.46442e-46
-1.99176e-43
1.93881e-45
-2.35779e-42
2.48505e-44
-2.63297e-41
3.01106e-43
-2.84635e-40
3.47232e-42
-2.84403e-39
3.52087e-41
-2.76724e-38
2.78983e-40
-2.38e-37
-3.95841e-41
-2.01517e-36
-6.30956e-38
-1.30981e-35
-1.80476e-36
-8.41002e-35
-3.33146e-35
-4.57271e-34
-9.30589e-36
-8.50361e-36
-7.48436e-36
-5.10036e-36
-1.26425e-36
-1.35508e-36
-2.58956e-37
-1.76268e-37
-3.53561e-38
-2.58621e-38
-5.05109e-39
-2.93191e-39
-5.9215e-40
-3.40507e-40
-6.89055e-41
-3.44739e-41
-7.1184e-42
-3.45215e-42
-7.16392e-43
-3.16346e-43
-6.64588e-44
-2.82877e-44
-5.97042e-45
-2.37199e-45
-5.04662e-46
-1.93203e-46
-4.12681e-47
-1.49651e-47
-3.21453e-48
-1.12505e-48
-2.42464e-49
-8.11421e-50
-1.75601e-50
-5.68398e-51
-1.23351e-51
-3.84238e-52
-8.36544e-53
-2.52606e-53
-5.51265e-54
-1.60933e-54
-3.52116e-55
-9.98574e-56
-2.18967e-56
-6.02276e-57
-1.3873e-57
-3.46135e-58
-1.15591e-57
1.29503e-58
-1.77186e-56
2.66467e-57
-2.82712e-55
4.63197e-56
-4.39108e-54
7.84319e-55
-6.60005e-53
1.29499e-53
-9.63872e-52
2.07878e-52
-1.35551e-50
3.24878e-51
-1.84949e-49
4.92133e-50
-2.41253e-48
7.24623e-49
-3.05087e-47
1.02993e-47
-3.64676e-46
1.42055e-46
-4.2307e-45
1.87952e-45
-4.54935e-44
2.40659e-44
-4.7776e-43
2.91344e-43
-4.47826e-42
3.35325e-42
-4.1857e-41
3.38881e-41
-3.20793e-40
2.64963e-40
-2.63752e-39
-1.5514e-40
-1.40936e-38
-6.37034e-38
-1.14439e-37
-1.79741e-36
-2.9508e-37
-3.30707e-35
-4.52934e-34
-1.0027e-37
-3.85007e-36
-1.0041e-36
-7.02706e-37
-1.87299e-37
-1.95424e-37
-4.5258e-38
-2.81646e-38
-6.57264e-39
-4.27919e-39
-9.95618e-40
-5.0743e-40
-1.20473e-40
-6.01587e-41
-1.43983e-41
-6.24051e-42
-1.51314e-42
-6.33653e-43
-1.54419e-43
-5.89627e-44
-1.44653e-44
-5.326e-45
-1.30959e-45
-4.51353e-46
-1.11312e-46
-3.70466e-47
-9.14117e-48
-2.89195e-48
-7.14181e-49
-2.18722e-49
-5.39826e-50
-1.5869e-50
-3.91477e-51
-1.11699e-51
-2.75185e-52
-7.58643e-53
-1.86657e-53
-5.00717e-54
-1.22968e-54
-3.20219e-55
-7.84884e-56
-1.99345e-56
-4.80052e-57
-1.20631e-57
1.04486e-57
-7.34014e-59
2.33704e-56
-4.52604e-59
3.98018e-55
-7.3806e-58
6.60751e-54
-1.29196e-56
1.06634e-52
-2.20402e-55
1.67632e-51
-3.66928e-54
2.5538e-50
-5.93631e-53
3.78453e-49
-9.36123e-52
5.41232e-48
-1.42977e-50
7.52027e-47
-2.12633e-49
1.00243e-45
-3.04881e-48
1.29755e-44
-4.25451e-47
1.59707e-43
-5.68816e-46
1.91092e-42
-7.4127e-45
2.14359e-41
-9.19202e-44
2.34892e-40
-1.12451e-42
2.35286e-39
-1.32052e-41
2.33131e-38
-1.62588e-40
1.99836e-37
-2.0627e-39
1.73496e-36
-2.98295e-38
1.0967e-35
-4.28518e-37
7.29384e-35
-5.85883e-36
-6.08494e-35
3.37509e-38
-6.3468e-37
-9.3644e-38
-1.14449e-37
-1.94375e-38
-3.40469e-38
-5.04181e-39
-5.04065e-39
-7.72797e-40
-7.98609e-40
-1.20641e-40
-9.71572e-41
-1.50138e-41
-1.17963e-41
-1.82502e-42
-1.24365e-42
-1.94991e-43
-1.27969e-43
-2.01177e-44
-1.20232e-44
-1.90479e-45
-1.09434e-45
-1.7376e-46
-9.32719e-47
-1.48784e-47
-7.68927e-48
-1.22858e-48
-6.02216e-49
-9.64944e-50
-4.56548e-50
-7.32364e-51
-3.31798e-51
-5.33168e-52
-2.33791e-52
-3.75945e-53
-1.58879e-53
-2.55738e-54
-1.04875e-54
-1.68872e-55
-6.70551e-56
-1.08018e-56
-4.17204e-57
-6.57526e-58
-2.52429e-58
2.20059e-58
-1.8504e-59
4.53065e-57
-6.73975e-59
7.67948e-56
-1.18781e-57
1.26849e-54
-2.07079e-56
2.03653e-53
-3.51758e-55
3.18281e-52
-5.82868e-54
4.81974e-51
-9.38684e-53
7.09291e-50
-1.47263e-51
1.00717e-48
-2.23812e-50
1.38755e-47
-3.30926e-49
1.83372e-46
-4.71934e-48
2.34808e-45
-6.54115e-47
2.85941e-44
-8.68975e-46
3.37282e-43
-1.12186e-44
3.73207e-42
-1.3753e-43
4.00809e-41
-1.64244e-42
3.94188e-40
-1.83686e-41
3.7859e-39
-2.0219e-40
3.16019e-38
-2.04523e-39
2.59088e-37
-2.098e-38
1.56516e-36
-1.9078e-37
8.96764e-36
-1.80423e-36
-1.25179e-35
7.83512e-39
-5.08891e-38
-1.09326e-38
-1.02504e-38
-2.32016e-39
-3.37274e-39
-6.33367e-40
-5.3482e-40
-9.91201e-41
-8.87973e-41
-1.58116e-41
-1.12408e-41
-1.99501e-42
-1.40245e-42
-2.45388e-43
-1.5148e-43
-2.64446e-44
-1.58595e-44
-2.74715e-45
-1.51374e-45
-2.61475e-46
-1.39421e-46
-2.39476e-47
-1.2013e-47
-2.05679e-48
-9.98793e-49
-1.70206e-49
-7.88381e-50
-1.33889e-50
-6.01452e-51
-1.01711e-51
-4.39637e-52
-7.40834e-53
-3.11249e-53
-5.22391e-54
-2.12436e-54
-3.55265e-55
-1.40735e-55
-2.34449e-56
-9.02784e-57
-1.49832e-57
-5.63243e-58
-9.00011e-59
-3.4184e-59
5.02481e-59
-2.8894e-60
9.71409e-58
-1.6037e-59
1.64607e-56
-2.83252e-58
2.71755e-55
-4.92e-57
4.35865e-54
-8.32459e-56
6.80146e-53
-1.37321e-54
1.02771e-51
-2.20096e-53
1.50797e-50
-3.43384e-52
2.13305e-49
-5.18827e-51
2.92423e-48
-7.61811e-50
3.84035e-47
-1.07849e-48
4.87914e-46
-1.48149e-47
5.88232e-45
-1.94975e-46
6.85274e-44
-2.48731e-45
7.46018e-43
-3.01133e-44
7.85285e-42
-3.5355e-43
7.51425e-41
-3.88087e-42
6.98362e-40
-4.15034e-41
5.56008e-39
-4.04779e-40
4.3367e-38
-3.90216e-39
2.42735e-37
-3.25793e-38
1.32768e-36
-2.73384e-37
-1.64582e-36
2.45214e-39
1.1509e-37
-2.8741e-39
1.96549e-38
-5.74412e-40
3.33482e-39
-1.35657e-40
3.71234e-40
-1.97728e-41
4.22988e-41
-2.92956e-42
4.06603e-42
-3.52664e-43
3.89068e-43
-4.15153e-44
3.34751e-44
-4.33341e-45
2.79987e-45
-4.3715e-46
2.16184e-46
-4.06558e-47
1.604e-47
-3.64498e-48
1.11193e-48
-3.07551e-49
7.34351e-50
-2.50364e-50
4.53351e-51
-1.9417e-51
2.62623e-52
-1.4557e-52
1.39445e-53
-1.04794e-53
6.60916e-55
-7.30876e-55
2.55316e-56
-4.92129e-56
5.38906e-58
-3.21739e-57
-3.13045e-59
-2.03871e-58
-5.64439e-60
-1.2543e-59
-5.84102e-61
-3.05615e-61
-8.03665e-61
7.74078e-60
-1.38676e-59
1.31709e-58
-2.46619e-58
2.16844e-57
-4.2834e-57
3.46274e-56
-7.24746e-56
5.3688e-55
-1.19565e-54
8.04339e-54
-1.91679e-53
1.16696e-52
-2.99153e-52
1.62744e-51
-4.5223e-51
2.19118e-50
-6.6448e-50
2.81435e-49
-9.41565e-49
3.47719e-48
-1.2949e-47
4.05011e-47
-1.70677e-46
4.51845e-46
-2.18134e-45
4.65766e-45
-2.64727e-44
4.57505e-44
-3.11718e-43
3.99533e-43
-3.43533e-42
3.30427e-42
-3.69204e-41
2.2262e-41
-3.62712e-40
1.41611e-40
-3.52865e-39
5.67014e-40
-2.98796e-38
2.344e-39
-2.54314e-37
-1.56349e-36
1.63872e-38
1.2142e-36
-1.94262e-38
1.87916e-37
-3.43975e-39
2.91327e-38
-6.82486e-40
3.03385e-39
-8.72873e-41
3.41631e-40
-1.13783e-41
3.30849e-41
-1.22998e-42
3.31472e-42
-1.31171e-43
3.00941e-43
-1.25452e-44
2.71368e-44
-1.1681e-45
2.27537e-45
-1.00982e-46
1.86645e-46
-8.46242e-48
1.44838e-47
-6.70677e-49
1.09453e-48
-5.14988e-50
7.91139e-50
-3.78108e-51
5.56353e-51
-2.69242e-52
3.76907e-52
-1.84619e-53
2.48541e-53
-1.2297e-54
1.5866e-54
-7.92575e-56
9.86888e-56
-4.97057e-57
5.96343e-57
-3.02866e-58
3.51543e-58
-2.0886e-59
2.00284e-59
-5.3065e-59
-1.81889e-60
-9.05193e-58
-5.39425e-59
-1.53383e-56
-9.64876e-58
-2.53341e-55
-1.68412e-56
-4.06554e-54
-2.86435e-55
-6.3483e-53
-4.75317e-54
-9.59971e-52
-7.66704e-53
-1.40988e-50
-1.20507e-51
-1.99641e-49
-1.83524e-50
-2.74039e-48
-2.72013e-49
-3.60412e-47
-3.88943e-48
-4.58707e-46
-5.40792e-47
-5.54123e-45
-7.20902e-46
-6.47131e-44
-9.34628e-45
-7.06477e-43
-1.15107e-43
-7.4631e-42
-1.38286e-42
-7.1706e-41
-1.55708e-41
-6.69936e-40
-1.7306e-40
-5.36634e-39
-1.77236e-39
-4.21741e-38
-1.85247e-38
-2.38058e-37
-1.72596e-37
-1.31397e-36
-1.67926e-36
-1.2003e-35
1.08559e-37
6.62124e-36
-1.34951e-37
1.0426e-36
-2.29968e-38
1.07211e-37
-4.15405e-39
8.17825e-39
-5.04108e-40
6.18637e-40
-6.22555e-41
4.58158e-41
-6.48835e-42
3.8719e-42
-6.70283e-43
3.25209e-43
-6.26092e-44
2.83737e-44
-5.71449e-45
2.34466e-45
-4.86243e-46
1.91107e-46
-4.02036e-47
1.47662e-47
-3.15089e-48
1.11296e-48
-2.39645e-49
8.02486e-50
-1.74518e-50
5.63342e-51
-1.23398e-51
3.80983e-52
-8.40975e-53
2.50903e-53
-5.57181e-54
1.59966e-54
-3.57447e-55
9.94055e-56
-2.2326e-56
6.00127e-57
-1.35543e-57
3.53542e-58
-9.20799e-59
2.04571e-59
-2.16823e-58
4.31126e-60
-3.68938e-57
5.79007e-59
-6.24975e-56
1.02877e-57
-1.03251e-54
1.78672e-56
-1.65831e-53
3.02291e-55
-2.59333e-52
4.98661e-54
-3.93072e-51
7.99346e-53
-5.79173e-50
1.24739e-51
-8.2376e-49
1.88543e-50
-1.13723e-47
2.76986e-49
-1.50692e-46
3.92407e-48
-1.93592e-45
5.39491e-47
-2.36735e-44
7.10638e-46
-2.80643e-43
9.06766e-45
-3.12561e-42
1.09522e-43
-3.38265e-41
1.27135e-42
-3.36097e-40
1.34102e-41
-3.26559e-39
1.2672e-40
-2.76934e-38
7.87671e-40
-2.30587e-37
-2.04319e-39
-1.42352e-36
-2.00687e-37
-8.25822e-36
-3.98705e-36
-5.08813e-35
9.25291e-37
7.0124e-36
-1.1183e-36
7.828e-36
-1.61251e-37
5.88629e-37
-2.7762e-38
3.32199e-38
-3.16325e-39
1.26916e-39
-3.79784e-40
1.65434e-41
-3.82603e-41
-3.5186e-42
-3.87688e-42
-4.92868e-43
-3.54435e-43
-5.03532e-44
-3.1895e-44
-4.38742e-45
-2.67379e-45
-3.64662e-46
-2.1869e-46
-2.84354e-47
-1.69518e-47
-2.15396e-48
-1.27827e-48
-1.5594e-49
-9.23e-50
-1.09813e-50
-6.48102e-51
-7.44898e-52
-4.38695e-52
-4.91821e-53
-2.88978e-53
-3.14348e-54
-1.84354e-54
-1.95766e-55
-1.14586e-55
-1.18436e-56
-6.924e-57
-6.98968e-58
-4.68847e-58
-3.91642e-59
-1.11665e-57
1.68242e-59
-1.9119e-56
3.48754e-58
-3.25814e-55
6.22746e-57
-5.41754e-54
1.08578e-55
-8.75823e-53
1.8445e-54
-1.37957e-51
3.05657e-53
-2.10624e-50
4.92295e-52
-3.12907e-49
7.72401e-51
-4.48695e-48
1.17407e-49
-6.25428e-47
1.73619e-48
-8.36513e-46
2.47641e-47
-1.08725e-44
3.43277e-46
-1.34409e-43
4.56014e-45
-1.6171e-42
5.88247e-44
-1.82448e-41
7.18796e-43
-2.01458e-40
8.49048e-42
-2.03381e-39
9.16784e-41
-2.03786e-38
9.10357e-40
-1.76603e-37
6.50617e-39
-1.5606e-36
7.32021e-39
-1.00219e-35
-1.12255e-36
-6.89044e-35
-2.65666e-35
-4.12833e-34
3.84462e-37
2.56357e-34
-4.61658e-37
1.06289e-35
-6.42548e-38
7.81534e-37
-1.09633e-38
4.3115e-38
-1.23096e-39
1.5355e-39
-1.46941e-40
7.07961e-42
-1.4682e-41
-6.14208e-42
-1.48125e-42
-7.84923e-43
-1.34685e-43
-7.8462e-44
-1.20779e-44
-6.78637e-45
-1.0085e-45
-5.62392e-46
-8.22499e-47
-4.37768e-47
-6.35614e-48
-3.31241e-48
-4.78146e-49
-2.39566e-49
-3.44402e-50
-1.68567e-50
-2.41334e-51
-1.14254e-51
-1.6302e-52
-7.53856e-53
-1.07194e-53
-4.81509e-54
-6.82642e-55
-2.99695e-55
-4.23629e-56
-1.8121e-56
-2.54806e-57
-1.06896e-57
-2.89873e-59
-6.11355e-59
2.15757e-57
1.9104e-60
3.77727e-56
9.79116e-59
6.41838e-55
1.75361e-57
1.0637e-53
3.06232e-56
1.71365e-52
5.21075e-55
2.68866e-51
8.65059e-54
4.08803e-50
1.3959e-52
6.04441e-49
2.1948e-51
8.62471e-48
3.34346e-50
1.19514e-46
4.95688e-49
1.58888e-45
7.08895e-48
2.04979e-44
9.85921e-47
2.51499e-43
1.31483e-45
2.9964e-42
1.70726e-44
3.3482e-41
2.11265e-43
3.64775e-40
2.57636e-42
3.63585e-39
3.02859e-41
3.57211e-38
3.74031e-40
3.04158e-37
4.81159e-39
2.60313e-36
7.06755e-38
1.62883e-35
1.03586e-36
1.04916e-34
1.43521e-35
1.52077e-34
-1.33016e-36
-1.21853e-34
1.60447e-36
8.69641e-37
2.29368e-37
8.82913e-38
3.94338e-38
6.57428e-39
4.47956e-39
4.69868e-40
5.37392e-40
3.28496e-41
5.4056e-41
2.64352e-42
5.47394e-42
2.16442e-43
4.99957e-43
1.86701e-44
4.49651e-44
1.53584e-45
3.76678e-45
1.24963e-46
3.07934e-46
9.64653e-48
2.38562e-47
7.26718e-49
1.79812e-48
5.23763e-50
1.29775e-49
3.67563e-51
9.10886e-51
2.48499e-52
6.1632e-52
1.63611e-53
4.0584e-53
1.04285e-54
2.58812e-54
6.47898e-56
1.60813e-55
3.9106e-57
9.72359e-57
2.30253e-58
8.30475e-58
1.1778e-59
4.65418e-57
-2.61162e-59
8.06825e-56
-4.91019e-58
1.3726e-54
-8.76535e-57
2.27782e-53
-1.52824e-55
3.67476e-52
-2.59608e-54
5.77459e-51
-4.30189e-53
8.79421e-50
-6.92836e-52
1.30268e-48
-1.08698e-50
1.8623e-47
-1.6521e-49
2.58639e-46
-2.44285e-48
3.44627e-45
-3.48382e-47
4.45847e-44
-4.82789e-46
5.48547e-43
-6.40933e-45
6.55941e-42
-8.25296e-44
7.35513e-41
-1.00281e-42
8.05367e-40
-1.1642e-41
8.06407e-39
-1.18782e-40
7.98297e-38
-9.67203e-40
6.84066e-37
-5.44454e-40
5.93267e-36
1.96163e-37
3.75003e-35
5.78823e-36
2.49116e-34
1.077e-34
1.49284e-33
-5.37607e-37
1.849e-36
6.52591e-37
-3.1143e-36
9.67343e-38
-2.06792e-37
1.6797e-38
-9.53282e-39
1.93669e-39
-4.62983e-41
2.3379e-40
3.89357e-41
2.37127e-41
5.99075e-42
2.41222e-42
6.1242e-43
2.21515e-43
5.75303e-44
1.9993e-44
4.88384e-45
1.68135e-45
4.02261e-46
1.37838e-46
3.1249e-47
1.07101e-47
2.36269e-48
8.09124e-49
1.70816e-49
5.85336e-50
1.20165e-50
4.11638e-51
8.14336e-52
2.79057e-52
5.37233e-53
1.84059e-53
3.43106e-54
1.17568e-54
2.13532e-55
7.31545e-56
1.29101e-56
4.41918e-57
7.61482e-58
1.89889e-58
4.28287e-59
-1.25464e-57
-1.48367e-59
-2.21863e-56
-3.15869e-58
-3.77845e-55
-5.63748e-57
-6.27733e-54
-9.82305e-56
-1.01387e-52
-1.66764e-54
-1.59527e-51
-2.76153e-53
-2.43266e-50
-4.44443e-52
-3.60896e-49
-6.96734e-51
-5.16725e-48
-1.05812e-49
-7.1895e-47
-1.56312e-48
-9.59728e-46
-2.22709e-47
-1.24443e-44
-3.08276e-46
-1.53449e-43
-4.08733e-45
-1.8403e-42
-5.25298e-44
-2.06927e-41
-6.36294e-43
-2.27486e-40
-7.33247e-42
-2.28595e-39
-7.3249e-41
-2.27637e-38
-5.48486e-40
-1.96019e-37
1.3809e-39
-1.7172e-36
1.64488e-37
-1.09366e-35
4.45388e-36
-7.42848e-35
8.07035e-35
1.09342e-33
3.80678e-37
-2.44788e-36
-4.57474e-37
-3.86923e-37
-6.30501e-38
-3.27322e-38
-1.06667e-38
-1.91529e-39
-1.18796e-39
-6.45541e-41
-1.40906e-40
8.08183e-43
-1.39943e-41
4.42904e-43
-1.40541e-42
5.36768e-44
-1.2724e-43
5.34639e-45
-1.13726e-44
4.68041e-46
-9.46657e-46
3.92068e-47
-7.70168e-47
3.08987e-48
-5.93807e-48
2.36067e-49
-4.45867e-49
1.72407e-50
-3.20596e-50
1.22268e-51
-2.24331e-51
8.35132e-53
-1.51335e-52
5.54572e-54
-9.94008e-54
3.56424e-55
-6.32366e-55
2.23023e-56
-3.92101e-56
1.35539e-57
-2.37286e-57
8.03428e-59
-3.25516e-58
5.05297e-60
-3.34195e-57
8.25232e-60
-5.81857e-56
1.4679e-58
-9.89537e-55
2.62817e-57
-1.64151e-53
4.59793e-56
-2.64718e-52
7.83887e-55
-4.15807e-51
1.30405e-53
-6.32968e-50
2.10892e-52
-9.37163e-49
3.32376e-51
-1.33911e-47
5.07623e-50
-1.85874e-46
7.54666e-49
-2.47535e-45
1.08254e-47
-3.20023e-44
1.5105e-46
-3.93489e-43
2.02159e-45
-4.70131e-42
2.63413e-44
-5.26762e-41
3.2688e-43
-5.76145e-40
3.9837e-42
-5.76349e-39
4.63462e-41
-5.69613e-38
5.54044e-40
-4.87503e-37
6.64801e-39
-4.21556e-36
8.91524e-38
-2.65933e-35
1.1891e-36
-1.75377e-34
1.55265e-35
1.55498e-34
3.51315e-38
-4.4743e-38
-7.47326e-39
-1.27549e-39
-1.49392e-40
-1.77338e-41
-1.79616e-42
-1.80798e-43
-1.65544e-44
-1.48535e-45
-1.2466e-46
-1.01878e-47
-7.90774e-49
-5.96553e-50
-4.31453e-51
-3.03311e-52
-2.05696e-53
-1.35721e-54
-8.67647e-56
-5.40364e-57
-3.2902e-58
-5.54209e-59
-6.43661e-58
-1.11573e-56
-1.88763e-55
-3.11353e-54
-4.99146e-53
-7.78873e-52
-1.17757e-50
-1.72989e-49
-2.45197e-48
-3.37105e-47
-4.44567e-46
-5.67842e-45
-6.89724e-44
-8.10941e-43
-8.94312e-42
-9.56213e-41
-9.35981e-40
-8.93265e-39
-7.40538e-38
-6.02119e-37
-3.60701e-36
-2.05362e-35
)
;

boundaryField
{
    leftWall
    {
        type            calculated;
        value           uniform 0;
    }
    rightWall
    {
        type            calculated;
        value           nonuniform 0();
    }
    lowerWall
    {
        type            calculated;
        value           nonuniform 0();
    }
    atmosphere
    {
        type            calculated;
        value           nonuniform List<scalar> 
45
(
-1.03116e-36
-1.54396e-37
-2.38086e-38
-2.44926e-39
-2.74178e-40
-2.63097e-41
-2.62108e-42
-2.36406e-43
-2.12278e-44
-1.77204e-45
-1.44928e-46
-1.12134e-47
-8.45665e-49
-6.10067e-50
-4.28445e-51
-2.89896e-52
-1.91009e-53
-1.21846e-54
-7.57589e-56
-4.57639e-57
-2.69703e-58
-1.48067e-59
1.21904e-59
2.39662e-58
4.28822e-57
7.4946e-56
1.27643e-54
2.12108e-53
3.42641e-52
5.39344e-51
8.22702e-50
1.22133e-48
1.7495e-47
2.43687e-46
3.25536e-45
4.22918e-44
5.22276e-43
6.29126e-42
7.11474e-41
7.94698e-40
8.2217e-39
8.70003e-38
8.29825e-37
8.2038e-36
6.01955e-35
)
;
    }
    defaultFaces
    {
        type            empty;
        value           nonuniform 0();
    }
    procBoundary2to0
    {
        type            processor;
        value           nonuniform List<scalar> 
46
(
-1.0616e-36
-1.23005e-37
-1.46303e-38
-1.48507e-39
-1.49933e-40
-1.37564e-41
-1.23579e-42
-1.03777e-43
-8.47992e-45
-6.57863e-46
-4.95776e-47
-3.58108e-48
-2.51384e-49
-1.75404e-50
-7.87653e-51
-8.32107e-50
-9.9524e-49
-1.13515e-47
-1.27009e-46
-1.35003e-45
-1.43332e-44
-1.44687e-43
-1.4974e-42
-1.47352e-41
-1.51075e-40
2.36078e-36
1.73802e-35
1.16037e-34
2.10432e-35
-2.25491e-34
-4.90505e-35
1.41517e-34
8.90913e-36
-7.946e-35
-4.93285e-35
-3.06062e-36
6.15699e-36
1.08743e-35
4.47982e-35
4.53191e-35
1.22424e-35
3.87785e-35
1.20291e-37
-3.77195e-35
9.94364e-36
-5.59693e-36
)
;
    }
    procBoundary2to3
    {
        type            processor;
        value           nonuniform List<scalar> 
43
(
1.96993e-38
3.17815e-39
5.91602e-40
6.17502e-41
-4.48951e-40
-1.35723e-38
-2.89383e-37
-4.67058e-36
-1.01178e-35
-1.00232e-35
-4.53652e-35
6.51308e-36
9.29519e-35
4.64283e-36
-4.61935e-35
-5.49145e-36
2.05296e-39
5.13035e-36
4.46067e-35
-6.78142e-35
-1.60305e-34
5.41058e-35
1.61413e-34
-5.73726e-35
-1.62721e-34
1.11114e-34
1.20271e-34
-4.53055e-35
-1.90152e-35
-7.70069e-35
-5.87049e-36
6.17059e-35
7.44651e-36
1.1004e-36
1.90883e-39
-1.09055e-36
-6.87684e-36
-5.88548e-35
8.88394e-35
2.11847e-34
-6.33604e-35
-1.48986e-34
-1.70614e-35
)
;
    }
}


// ************************************************************************* //
