/*--------------------------------*- C++ -*----------------------------------*\
| =========                 |                                                 |
| \\      /  F ield         | OpenFOAM: The Open Source CFD Toolbox           |
|  \\    /   O peration     | Version:  2.4.0                                 |
|   \\  /    A nd           | Web:      www.OpenFOAM.org                      |
|    \\/     M anipulation  |                                                 |
\*---------------------------------------------------------------------------*/
FoamFile
{
    version     2.0;
    format      ascii;
    class       volVectorField;
    location    "0.65";
    object      U;
}
// * * * * * * * * * * * * * * * * * * * * * * * * * * * * * * * * * * * * * //

dimensions      [0 1 -1 0 0 0 0];

internalField   nonuniform List<vector> 
1915
(
(-2.29786e-32 1.99519e-32 0)
(-3.50648e-33 2.29332e-33 0)
(-4.13247e-34 2.71784e-34 0)
(-4.97007e-35 2.74629e-35 0)
(-5.17533e-36 2.76541e-36 0)
(-5.31073e-37 2.52967e-37 0)
(-4.96488e-38 2.26791e-38 0)
(-4.51808e-39 1.90037e-39 0)
(-3.84533e-40 1.55036e-40 0)
(-3.17374e-41 1.20076e-41 0)
(-2.48695e-42 9.03718e-43 0)
(-1.88917e-43 6.51909e-44 0)
(-1.37514e-44 4.57055e-45 0)
(-9.47346e-46 3.09877e-46 0)
(3.0704e-46 3.044e-47 0)
(5.57611e-45 1.19919e-46 0)
(8.04115e-44 1.33569e-45 0)
(1.12267e-42 1.39791e-44 0)
(1.50282e-41 1.39897e-43 0)
(1.94801e-40 1.26126e-42 0)
(2.40212e-39 1.08526e-41 0)
(2.86976e-38 7.8685e-41 0)
(3.22099e-37 5.46518e-40 0)
(3.51397e-36 2.6491e-39 0)
(3.52618e-35 1.25901e-38 0)
(-4.83965e-31 1.1291e-34 0)
(-4.12143e-30 3.83476e-35 0)
(-1.83306e-29 2.70828e-35 0)
(-1.69154e-28 4.99233e-36 0)
(-5.59399e-29 9.4633e-37 0)
(1.56168e-28 1.6835e-37 0)
(1.00029e-29 -9.87473e-38 0)
(-5.04441e-29 -1.21759e-35 0)
(1.98357e-30 -3.32299e-34 0)
(6.18543e-29 -6.05782e-33 0)
(6.87681e-29 -8.27796e-32 0)
(7.00935e-29 -7.82269e-31 0)
(6.89372e-29 -8.27796e-32 0)
(6.31114e-29 -6.05783e-33 0)
(7.19391e-30 -3.32316e-34 0)
(1.87552e-31 -1.2178e-35 0)
(-5.6342e-30 -1.00223e-37 0)
(-5.57553e-29 4.14185e-38 0)
(-5.81878e-30 1.05911e-38 0)
(-1.34524e-30 1.28613e-39 0)
(-1.60847e-31 1.60117e-40 0)
(-2.36893e-32 1.61064e-41 0)
(-2.64099e-33 1.6501e-42 0)
(-3.09902e-34 1.51219e-43 0)
(-3.12787e-35 1.38708e-44 0)
(-3.15338e-36 1.1815e-45 0)
(-2.88951e-37 9.9323e-47 0)
(-2.59479e-38 7.89408e-48 0)
(-2.17751e-39 6.1446e-49 0)
(-1.77871e-40 4.56504e-50 0)
(-1.37916e-41 2.46053e-51 0)
(-1.03898e-42 -1.26997e-50 0)
(-7.50115e-44 -1.90856e-49 0)
(-5.25994e-45 -2.74562e-48 0)
(-3.05638e-46 -3.87458e-47 0)
(7.95409e-46 -5.32489e-46 0)
(1.25424e-44 -7.19575e-45 0)
(1.82376e-43 -9.45197e-44 0)
(2.51577e-42 -1.22305e-42 0)
(3.31267e-41 -1.53136e-41 0)
(4.12638e-40 -1.88955e-40 0)
(4.92238e-39 -2.23628e-39 0)
(5.50237e-38 -2.6054e-38 0)
(5.91203e-37 -2.86945e-37 0)
(5.84296e-36 -3.11012e-36 0)
(-6.85068e-32 5.19979e-32 0)
(-5.22623e-31 3.75455e-31 0)
(-2.20597e-30 2.50437e-30 0)
(-1.408e-29 4.54164e-31 0)
(-4.65109e-30 -4.86609e-30 0)
(1.25074e-29 -1.05851e-30 0)
(1.19064e-30 3.05394e-30 0)
(-3.95423e-30 1.92229e-31 0)
(2.61583e-31 -1.71549e-30 0)
(5.368e-30 -1.0777e-30 0)
(6.21327e-30 -2.4272e-31 0)
(6.36844e-30 -7.84457e-31 0)
(6.21335e-30 5.79959e-32 0)
(5.5216e-30 9.53561e-31 0)
(8.753e-31 9.77244e-31 0)
(2.69244e-32 2.6416e-31 0)
(-6.74469e-31 8.36842e-31 0)
(-4.62459e-30 2.59593e-33 0)
(-7.00957e-31 -8.13989e-31 0)
(-1.70161e-31 -1.20782e-31 0)
(-2.29786e-32 -1.99519e-32 0)
(-3.50648e-33 -2.29332e-33 0)
(-4.13247e-34 -2.71784e-34 0)
(-4.97007e-35 -2.74629e-35 0)
(-5.17533e-36 -2.76541e-36 0)
(-5.31073e-37 -2.52967e-37 0)
(-4.96488e-38 -2.26791e-38 0)
(-4.51808e-39 -1.90037e-39 0)
(-3.84533e-40 -1.55036e-40 0)
(-3.17374e-41 -1.20076e-41 0)
(-2.48695e-42 -9.03718e-43 0)
(-1.88917e-43 -6.5191e-44 0)
(-1.37544e-44 -4.57157e-45 0)
(-9.90182e-46 -3.23182e-46 0)
(-2.81522e-46 -1.97214e-46 0)
(-2.37556e-45 -2.10433e-45 0)
(-2.40114e-44 -2.40478e-44 0)
(-2.28187e-43 -2.57457e-43 0)
(-1.88069e-42 -2.64852e-42 0)
(-1.37744e-41 -2.49692e-41 0)
(-6.53515e-41 -2.27364e-40 0)
(-3.48736e-41 -1.83575e-39 0)
(5.94336e-39 -1.4727e-38 0)
(9.26944e-38 -1.01515e-37 0)
(1.09692e-36 -7.77869e-37 0)
(-1.20582e-32 1.62117e-32 0)
(-6.87458e-32 5.56912e-32 0)
(-1.57366e-31 3.03471e-31 0)
(-7.76554e-31 4.71287e-32 0)
(-2.66346e-31 -5.83917e-31 0)
(6.58735e-31 -1.32439e-31 0)
(7.02754e-32 3.61896e-31 0)
(-1.81275e-31 2.68073e-32 0)
(3.38493e-32 -2.07796e-31 0)
(3.1874e-31 -1.35397e-31 0)
(3.926e-31 -3.40125e-32 0)
(4.00843e-31 -7.47633e-32 0)
(3.72061e-31 8.95821e-33 0)
(3.33726e-31 1.17529e-31 0)
(6.94807e-32 1.21165e-31 0)
(3.86165e-33 3.7584e-32 0)
(-4.4522e-32 1.0118e-31 0)
(-2.62476e-31 4.10188e-34 0)
(-4.83326e-32 -9.77632e-32 0)
(-2.07091e-32 -1.71058e-32 0)
(-3.24373e-33 -2.95743e-33 0)
(-5.69826e-34 -3.61129e-34 0)
(-7.19224e-35 -4.39377e-35 0)
(-9.1588e-36 -4.58496e-36 0)
(-9.88294e-37 -4.70153e-37 0)
(-1.04406e-37 -4.38975e-38 0)
(-9.96289e-39 -3.98928e-39 0)
(-9.21876e-40 -3.39129e-40 0)
(-7.94503e-41 -2.79611e-41 0)
(-6.62435e-42 -2.18913e-42 0)
(-5.23181e-43 -1.66168e-43 0)
(-3.99949e-44 -1.20897e-44 0)
(-2.9412e-45 -8.6367e-46 0)
(-3.99882e-46 -1.90044e-46 0)
(-2.28455e-45 -1.65866e-45 0)
(-2.57034e-44 -1.96784e-44 0)
(-2.71165e-43 -2.24904e-43 0)
(-2.73356e-42 -2.39918e-42 0)
(-2.49418e-41 -2.45244e-41 0)
(-2.16597e-40 -2.27546e-40 0)
(-1.60059e-39 -2.01875e-39 0)
(-1.12157e-38 -1.53353e-38 0)
(-5.61961e-38 -1.1131e-37 0)
(-2.62444e-37 -5.89518e-37 0)
(-1.90745e-37 -2.97606e-36 0)
(-4.62266e-32 5.13357e-32 0)
(-8.28585e-32 2.6078e-32 0)
(-2.05213e-32 5.82767e-32 0)
(-3.25981e-32 8.63601e-33 0)
(-1.16246e-32 -8.65056e-32 0)
(2.3209e-32 -1.98895e-32 0)
(2.36244e-33 5.34883e-32 0)
(-3.81015e-33 4.03519e-33 0)
(3.12003e-33 -3.09503e-32 0)
(1.41155e-32 -2.05623e-32 0)
(1.89556e-32 -5.9106e-33 0)
(1.92377e-32 -1.4669e-32 0)
(1.63502e-32 8.63047e-34 0)
(1.51811e-32 1.74978e-32 0)
(4.20658e-33 1.82357e-32 0)
(3.8594e-34 5.86895e-33 0)
(-1.98303e-33 1.51221e-32 0)
(-1.08628e-32 7.31814e-35 0)
(-2.36455e-33 -1.45415e-32 0)
(-1.80669e-33 -2.64954e-33 0)
(-3.20888e-34 -4.98507e-34 0)
(-6.11669e-35 -6.40294e-35 0)
(-8.14032e-36 -8.19188e-36 0)
(-1.07257e-36 -8.84215e-37 0)
(-1.19058e-37 -9.33118e-38 0)
(-1.28244e-38 -8.89415e-39 0)
(-1.2453e-39 -8.22068e-40 0)
(-1.16707e-40 -7.07829e-41 0)
(-1.0177e-41 -5.89686e-42 0)
(-8.56202e-43 -4.65406e-43 0)
(-6.81892e-44 -3.55562e-44 0)
(-5.25859e-45 -2.60543e-45 0)
(-5.33498e-46 -2.61638e-46 0)
(-1.87344e-45 -1.02373e-45 0)
(-2.19338e-44 -1.27557e-44 0)
(-2.5041e-43 -1.52753e-43 0)
(-2.66776e-42 -1.76056e-42 0)
(-2.72273e-41 -1.89848e-41 0)
(-2.52077e-40 -1.96518e-40 0)
(-2.23087e-39 -1.85424e-39 0)
(-1.68866e-38 -1.67632e-38 0)
(-1.22231e-37 -1.30757e-37 0)
(-6.45523e-37 -9.73727e-37 0)
(-3.27514e-36 -5.34869e-36 0)
(-4.91453e-36 -2.72265e-35 0)
(-7.01213e-31 4.47061e-31 0)
(-8.41272e-31 5.093e-32 0)
(-9.7851e-32 8.38553e-33 0)
(-2.09396e-32 8.51338e-34 0)
(-2.78949e-33 -8.46395e-33 0)
(-4.88236e-34 -1.98128e-33 0)
(-1.18596e-34 5.18512e-33 0)
(4.67739e-34 4.11915e-34 0)
(3.14284e-34 -3.0342e-33 0)
(3.90675e-34 -2.05826e-33 0)
(7.53977e-34 -6.47858e-34 0)
(7.14212e-34 -1.51666e-33 0)
(3.72651e-34 6.45658e-35 0)
(4.63896e-34 1.72312e-33 0)
(2.53701e-34 1.80974e-33 0)
(4.07691e-35 6.13985e-34 0)
(-3.65475e-35 1.48461e-33 0)
(-2.06981e-34 8.38387e-36 0)
(-7.70315e-35 -1.42073e-33 0)
(-1.74673e-34 -2.75758e-34 0)
(-3.367e-35 -5.4453e-35 0)
(-6.91393e-36 -7.30585e-36 0)
(-9.55139e-37 -9.63626e-37 0)
(-1.29898e-37 -1.06888e-37 0)
(-1.4733e-38 -1.14981e-38 0)
(-1.61528e-39 -1.11522e-39 0)
(-1.58968e-40 -1.04405e-40 0)
(-1.50609e-41 -9.09636e-42 0)
(-1.32473e-42 -7.64708e-43 0)
(-1.12228e-43 -6.08637e-44 0)
(-8.99452e-45 -4.68409e-45 0)
(-7.81441e-46 -3.87803e-46 0)
(-1.18388e-45 -6.20411e-46 0)
(-1.42812e-44 -7.84409e-45 0)
(-1.70861e-43 -9.97508e-44 0)
(-1.96759e-42 -1.20576e-42 0)
(-2.1195e-41 -1.40568e-41 0)
(-2.19146e-40 -1.5356e-40 0)
(-2.06499e-39 -1.61599e-39 0)
(-1.86523e-38 -1.55432e-38 0)
(-1.45569e-37 -1.44108e-37 0)
(-1.09092e-36 -1.15841e-36 0)
(-6.15191e-36 -8.97495e-36 0)
(-3.36605e-35 -5.16578e-35 0)
(-7.46006e-35 -2.78291e-34 0)
(-3.30726e-32 5.27348e-31 0)
(-8.35854e-32 5.31187e-32 0)
(-1.3422e-32 -7.13238e-33 0)
(-2.87177e-33 -1.54158e-33 0)
(-3.89501e-34 -1.19302e-33 0)
(-1.5072e-34 -2.47471e-34 0)
(-2.50316e-35 5.46426e-34 0)
(6.80286e-35 4.36886e-35 0)
(2.71925e-35 -3.24042e-34 0)
(-1.01617e-36 -2.2319e-34 0)
(2.56026e-35 -7.80633e-35 0)
(1.91774e-35 -1.97418e-34 0)
(-1.22657e-35 6.05216e-37 0)
(3.33966e-36 1.83166e-34 0)
(1.54701e-35 1.94418e-34 0)
(3.6455e-36 6.74037e-35 0)
(2.8907e-36 1.58881e-34 0)
(1.19829e-35 9.93873e-37 0)
(-7.41625e-37 -1.51525e-34 0)
(-1.46543e-35 -3.01228e-35 0)
(-3.00088e-36 -6.23975e-36 0)
(-6.4353e-37 -8.62878e-37 0)
(-9.1638e-38 -1.17163e-37 0)
(-1.27362e-38 -1.32693e-38 0)
(-1.47165e-39 -1.45255e-39 0)
(-1.63562e-40 -1.42786e-40 0)
(-1.62954e-41 -1.35137e-41 0)
(-1.55822e-42 -1.18767e-42 0)
(-1.38219e-43 -1.00544e-43 0)
(-1.17899e-44 -8.0487e-45 0)
(-9.98443e-46 -6.36536e-46 0)
(-7.43709e-46 -2.56767e-46 0)
(-8.81768e-45 -2.91391e-45 0)
(-1.12011e-43 -3.85882e-44 0)
(-1.35287e-42 -4.94916e-43 0)
(-1.57575e-41 -6.04949e-42 0)
(-1.71951e-40 -7.14138e-41 0)
(-1.80749e-39 -7.93875e-40 0)
(-1.73659e-38 -8.51755e-39 0)
(-1.61005e-37 -8.43014e-38 0)
(-1.29872e-36 -8.05937e-37 0)
(-1.02059e-35 -6.80172e-36 0)
(-6.18645e-35 -5.51733e-35 0)
(-3.78338e-34 -3.44242e-34 0)
(-1.16068e-33 -1.93793e-33 0)
(5.25844e-33 1.32667e-30 0)
(-8.92986e-33 1.44629e-31 0)
(-1.56747e-33 9.60671e-33 0)
(-4.5306e-34 3.89951e-34 0)
(-6.74268e-35 -9.28888e-35 0)
(-2.26245e-35 -2.3025e-35 0)
(-3.48543e-36 4.74545e-35 0)
(7.05507e-36 3.88083e-36 0)
(2.4392e-36 -2.84897e-35 0)
(-1.38532e-36 -1.99234e-35 0)
(9.67819e-37 -7.52313e-36 0)
(6.06384e-38 -1.90602e-35 0)
(-3.03988e-36 -3.30509e-37 0)
(-1.16381e-36 1.60768e-35 0)
(1.11358e-36 1.72087e-35 0)
(3.31437e-37 6.13923e-36 0)
(5.04972e-37 1.39839e-35 0)
(2.21595e-36 9.59207e-38 0)
(1.73044e-37 -1.32917e-35 0)
(-1.29362e-36 -2.73415e-36 0)
(-2.72927e-37 -5.84432e-37 0)
(-6.04721e-38 -8.30516e-38 0)
(-8.78463e-39 -1.1511e-38 0)
(-1.24266e-39 -1.3277e-39 0)
(-1.45524e-40 -1.47319e-40 0)
(-1.63533e-41 -1.46597e-41 0)
(-1.64391e-42 -1.40036e-42 0)
(-1.58331e-43 -1.24116e-43 0)
(-1.41298e-44 -1.05768e-44 0)
(-1.22734e-45 -8.57204e-46 0)
(-3.37428e-46 -1.48802e-46 0)
(-3.31168e-45 -1.1915e-45 0)
(-4.37714e-44 -1.65214e-44 0)
(-5.60913e-43 -2.21064e-43 0)
(-6.84924e-42 -2.86561e-42 0)
(-8.07639e-41 -3.54313e-41 0)
(-8.96619e-40 -4.24021e-40 0)
(-9.60772e-39 -4.78385e-39 0)
(-9.50031e-38 -5.22908e-38 0)
(-9.09474e-37 -5.28063e-37 0)
(-7.74069e-36 -5.19176e-36 0)
(-6.45881e-35 -4.51612e-35 0)
(-4.41995e-34 -3.85387e-34 0)
(-3.08794e-33 -2.53996e-33 0)
(-1.4116e-32 -1.62637e-32 0)
(-4.80459e-32 8.8575e-31 0)
(1.78783e-32 9.88345e-32 0)
(2.06741e-33 8.8737e-33 0)
(1.86073e-34 6.83057e-34 0)
(2.33359e-36 5.29696e-35 0)
(-3.72358e-36 3.85749e-36 0)
(-7.40083e-37 4.91631e-36 0)
(5.15539e-37 4.17061e-37 0)
(1.87716e-37 -2.56885e-36 0)
(-1.42623e-37 -1.82369e-36 0)
(5.02295e-38 -7.47828e-37 0)
(-4.01054e-38 -1.98715e-36 0)
(-3.03681e-37 -8.32261e-38 0)
(-1.34458e-37 1.44348e-36 0)
(8.05647e-38 1.56077e-36 0)
(2.70034e-38 5.65289e-37 0)
(4.7882e-38 1.26545e-36 0)
(2.07155e-37 9.23544e-39 0)
(2.07221e-38 -1.19995e-36 0)
(-1.02745e-37 -2.51056e-37 0)
(-2.2265e-38 -5.51226e-38 0)
(-5.04114e-39 -7.97943e-39 0)
(-7.45624e-40 -1.125e-39 0)
(-1.06907e-40 -1.31488e-40 0)
(-1.26741e-41 -1.47506e-41 0)
(-1.43737e-42 -1.48102e-42 0)
(-1.45718e-43 -1.42495e-43 0)
(-1.41253e-44 -1.27055e-44 0)
(-1.27428e-45 -1.08805e-45 0)
(-2.04043e-46 -9.16114e-47 0)
(-1.36986e-45 -6.23576e-47 0)
(-1.89342e-44 -8.16334e-46 0)
(-2.53103e-43 -1.15642e-44 0)
(-3.27745e-42 -1.59111e-43 0)
(-4.04729e-41 -2.09852e-42 0)
(-4.83687e-40 -2.68415e-41 0)
(-5.44813e-39 -3.26107e-40 0)
(-5.94542e-38 -3.8451e-39 0)
(-5.99504e-37 -4.2458e-38 0)
(-5.89572e-36 -4.57414e-37 0)
(-5.15953e-35 -4.51085e-36 0)
(-4.50344e-34 -4.40933e-35 0)
(-3.21127e-33 -3.76283e-34 0)
(-2.46345e-32 -3.22702e-33 0)
(-1.19283e-31 -2.0073e-32 0)
(-8.88724e-32 -3.22223e-31 0)
(-6.59022e-32 -1.81723e-32 0)
(-1.11003e-32 1.23427e-32 0)
(-2.57432e-33 2.05785e-33 0)
(-3.62082e-34 3.3875e-34 0)
(-5.49544e-35 3.93843e-35 0)
(-6.59221e-36 4.97375e-36 0)
(-7.40433e-37 4.96707e-37 0)
(-6.67722e-38 -1.60108e-37 0)
(-2.03291e-38 -1.44091e-37 0)
(3.76037e-39 -6.45267e-38 0)
(-4.55486e-39 -1.74835e-37 0)
(-2.72848e-38 -1.0194e-38 0)
(-1.21957e-38 1.15357e-37 0)
(6.12266e-39 1.25822e-37 0)
(2.17858e-39 4.64113e-38 0)
(4.06595e-39 1.01692e-37 0)
(1.73976e-38 7.86263e-40 0)
(1.86281e-39 -9.62058e-38 0)
(-8.19447e-39 -2.05701e-38 0)
(-1.80238e-39 -4.60428e-39 0)
(-4.15056e-40 -6.78198e-40 0)
(-6.21613e-41 -9.68898e-41 0)
(-9.00893e-42 -1.14631e-41 0)
(-1.07763e-42 -1.29775e-42 0)
(-1.23093e-43 -1.31404e-43 0)
(-1.25561e-44 -1.27241e-44 0)
(-1.2233e-45 -1.1413e-45 0)
(-1.15437e-46 -9.90487e-47 0)
(-8.77605e-47 -2.21464e-47 0)
(-1.14262e-45 -2.18254e-46 0)
(-1.60906e-44 -3.25776e-45 0)
(-2.19641e-43 -4.69174e-44 0)
(-2.87955e-42 -6.59149e-43 0)
(-3.64923e-41 -8.84139e-42 0)
(-4.40675e-40 -1.1592e-40 0)
(-5.13619e-39 -1.43427e-39 0)
(-5.63319e-38 -1.74528e-38 0)
(-5.96452e-37 -1.9697e-37 0)
(-5.811e-36 -2.22517e-36 0)
(-5.48534e-35 -2.2786e-35 0)
(-4.53131e-34 -2.44043e-34 0)
(-3.63662e-33 -2.27184e-33 0)
(-2.16407e-32 -2.29308e-32 0)
(-1.20505e-31 -1.63018e-31 0)
(-7.88044e-31 -2.62631e-32 0)
(-9.28587e-31 -4.20486e-33 0)
(-1.0749e-31 -2.93515e-34 0)
(-2.28646e-32 -1.11514e-35 0)
(-2.80335e-33 6.55489e-37 0)
(-4.01554e-34 1.45428e-37 0)
(-4.50525e-35 4.7599e-38 0)
(-5.21511e-36 4.27873e-39 0)
(-5.25963e-37 -1.64133e-38 0)
(-5.36262e-38 -1.20209e-38 0)
(-4.41755e-39 -5.62991e-39 0)
(-7.95212e-40 -1.5668e-38 0)
(-2.18473e-39 -1.17417e-39 0)
(-9.53896e-40 9.17863e-39 0)
(4.37892e-40 1.01102e-38 0)
(1.62443e-40 3.77201e-39 0)
(3.08816e-40 8.16076e-39 0)
(1.30221e-39 6.56997e-41 0)
(1.43714e-40 -7.70756e-39 0)
(-6.03404e-40 -1.66927e-39 0)
(-1.34884e-40 -3.79608e-40 0)
(-3.1458e-41 -5.66014e-41 0)
(-4.76786e-42 -8.17248e-42 0)
(-6.97069e-43 -9.75525e-43 0)
(-8.40855e-44 -1.11232e-43 0)
(-9.66426e-45 -1.13323e-44 0)
(-9.91677e-46 -1.10262e-45 0)
(-9.84105e-47 -9.92693e-47 0)
(-3.08657e-47 -7.98533e-48 0)
(-3.36484e-46 8.37161e-48 0)
(-4.96473e-45 1.36697e-46 0)
(-7.08182e-44 2.00314e-45 0)
(-9.81806e-43 2.83153e-44 0)
(-1.30478e-41 3.88058e-43 0)
(-1.68503e-40 5.10001e-42 0)
(-2.06628e-39 6.4778e-41 0)
(-2.46697e-38 7.77884e-40 0)
(-2.75362e-37 8.8701e-39 0)
(-3.01256e-36 8.92237e-38 0)
(-2.99518e-35 7.07781e-37 0)
(-2.9681e-34 4.82115e-37 0)
(-2.50902e-33 -1.33602e-34 0)
(-2.18763e-32 -3.73042e-33 0)
(-1.32748e-31 -6.41681e-32 0)
(-8.97781e-31 -7.68473e-31 0)
(-7.59124e-32 -6.04145e-32 0)
(-7.25719e-32 -2.04667e-32 0)
(-1.20683e-32 -1.50174e-32 0)
(-2.75149e-33 -2.19642e-33 0)
(-3.82257e-34 -3.43398e-34 0)
(-5.73213e-35 -3.94517e-35 0)
(-6.82222e-36 -4.59872e-36 0)
(-8.13986e-37 -4.64564e-37 0)
(-8.49832e-38 -4.76594e-38 0)
(-8.75416e-39 -5.14156e-39 0)
(-7.74941e-40 -8.23873e-40 0)
(-1.01169e-40 -1.29041e-39 0)
(-1.7254e-40 -1.12958e-40 0)
(-7.24866e-41 6.73646e-40 0)
(3.10433e-41 7.48927e-40 0)
(1.18653e-41 2.83045e-40 0)
(2.27844e-41 6.03469e-40 0)
(9.51415e-41 5.04826e-42 0)
(1.06541e-41 -5.69024e-40 0)
(-4.38285e-41 -1.25117e-40 0)
(-9.90203e-42 -2.87996e-41 0)
(-2.33303e-42 -4.34492e-42 0)
(-3.56686e-43 -6.328e-43 0)
(-5.25095e-44 -7.61696e-44 0)
(-6.37375e-45 -8.73862e-45 0)
(-7.36034e-46 -8.9551e-46 0)
(-7.58255e-47 -8.74968e-47 0)
(-7.13374e-48 -7.66928e-48 0)
(4.15523e-48 3.25077e-48 0)
(7.29878e-47 6.17057e-47 0)
(1.07368e-45 9.38988e-46 0)
(1.52194e-44 1.38889e-44 0)
(2.0941e-43 1.98151e-43 0)
(2.76143e-42 2.74733e-42 0)
(3.53164e-41 3.64979e-41 0)
(4.28832e-40 4.70585e-40 0)
(5.05313e-39 5.73605e-39 0)
(5.56839e-38 6.71818e-38 0)
(5.9785e-37 7.0482e-37 0)
(5.84123e-36 6.35659e-36 0)
(5.61942e-35 2.59173e-35 0)
(4.63088e-34 -5.77821e-34 0)
(3.82062e-33 -2.21405e-32 0)
(2.21946e-32 -4.35834e-31 0)
(1.29647e-31 -6.26775e-30 0)
(-1.53703e-32 -4.92368e-31 0)
(1.32581e-33 -5.5576e-32 0)
(-1.97588e-34 -5.79903e-33 0)
(-2.11006e-34 -5.34295e-34 0)
(-4.06838e-35 -5.96469e-35 0)
(-7.67264e-36 -6.34221e-36 0)
(-1.0251e-36 -7.23106e-37 0)
(-1.33386e-37 -7.45164e-38 0)
(-1.47265e-38 -7.67156e-39 0)
(-1.576e-39 -7.74835e-40 0)
(-1.48572e-40 -9.90014e-41 0)
(-1.60268e-41 -1.059e-40 0)
(-1.31931e-41 -1.04742e-41 0)
(-5.18871e-42 4.86051e-41 0)
(2.07164e-42 5.45912e-41 0)
(8.16239e-43 2.08188e-41 0)
(1.57892e-42 4.39614e-41 0)
(6.52207e-42 3.78171e-43 0)
(7.39523e-43 -4.14017e-41 0)
(-2.99616e-42 -9.19577e-42 0)
(-6.84892e-43 -2.1376e-42 0)
(-1.62673e-43 -3.25272e-43 0)
(-2.50805e-44 -4.7698e-44 0)
(-3.71362e-45 -5.77714e-45 0)
(-4.53435e-46 -6.6592e-46 0)
(-5.25676e-47 -6.85344e-47 0)
(-5.25695e-48 -6.71883e-48 0)
(2.41306e-48 -6.12625e-49 0)
(4.62123e-47 -1.06783e-49 0)
(7.03155e-46 -8.51645e-49 0)
(1.0398e-44 -1.28917e-47 0)
(1.48303e-43 -1.90839e-46 0)
(2.05578e-42 -2.72433e-45 0)
(2.73128e-41 -3.78003e-44 0)
(3.52633e-40 -5.02245e-43 0)
(4.32204e-39 -6.47258e-42 0)
(5.15771e-38 -7.85782e-41 0)
(5.75227e-37 -9.08293e-40 0)
(6.28815e-36 -9.08866e-39 0)
(6.24345e-35 -6.81449e-38 0)
(6.17885e-34 1.79908e-37 0)
(5.21185e-33 2.07795e-35 0)
(4.53479e-32 5.64058e-34 0)
(2.7424e-31 1.02658e-32 0)
(1.84882e-30 1.40185e-31 0)
(1.006e-32 -4.9891e-31 0)
(-5.47171e-33 -5.54359e-32 0)
(-7.60766e-34 -4.49495e-33 0)
(-1.58467e-34 -2.96086e-34 0)
(-1.97713e-35 -1.97277e-35 0)
(-2.75228e-36 -1.46231e-36 0)
(-3.09177e-37 -1.39945e-37 0)
(-3.53572e-38 -1.3904e-38 0)
(-3.57401e-39 -1.43754e-39 0)
(-3.55983e-40 -1.41202e-40 0)
(-3.23322e-41 -1.51839e-41 0)
(-3.03346e-42 -8.51449e-42 0)
(-1.08923e-42 -9.06358e-43 0)
(-3.71747e-43 3.29853e-42 0)
(1.34747e-43 3.74458e-42 0)
(5.47388e-44 1.4421e-42 0)
(1.06733e-43 3.01308e-42 0)
(4.37501e-43 2.66199e-44 0)
(5.00323e-44 -2.83428e-42 0)
(-2.00667e-43 -6.36643e-43 0)
(-4.62619e-44 -1.49146e-43 0)
(-1.10589e-44 -2.28846e-44 0)
(-1.71591e-45 -3.37506e-45 0)
(-2.55216e-46 -4.11189e-46 0)
(-3.13009e-47 -4.75919e-47 0)
(-3.63982e-48 -4.91874e-48 0)
(-3.62215e-49 -4.98312e-49 0)
(2.12468e-49 -2.89627e-49 0)
(3.88967e-48 -3.96162e-48 0)
(5.87832e-47 -6.21169e-47 0)
(8.62595e-46 -9.44481e-46 0)
(1.22066e-44 -1.39718e-44 0)
(1.6761e-43 -1.99353e-43 0)
(2.20573e-42 -2.76435e-42 0)
(2.81351e-41 -3.67272e-41 0)
(3.40769e-40 -4.73593e-40 0)
(4.00125e-39 -5.77253e-39 0)
(4.39486e-38 -6.7593e-38 0)
(4.69452e-37 -7.08252e-37 0)
(4.56638e-36 -6.35936e-36 0)
(4.35705e-35 -2.49594e-35 0)
(3.56682e-34 6.08941e-34 0)
(2.8955e-33 2.28457e-32 0)
(1.66137e-32 4.47959e-31 0)
(9.22534e-32 6.42699e-30 0)
(-7.51803e-34 -9.0824e-32 0)
(3.78197e-34 -1.43651e-32 0)
(5.01331e-35 -1.44476e-33 0)
(6.70637e-36 -1.08794e-34 0)
(5.02421e-37 -8.16562e-36 0)
(1.68602e-38 -6.1857e-37 0)
(-2.80662e-39 -5.51119e-38 0)
(-8.07589e-40 -4.9443e-39 0)
(-1.22056e-40 -4.62059e-40 0)
(-1.56422e-41 -4.10073e-41 0)
(-1.68261e-42 -3.70657e-42 0)
(-1.80686e-43 -8.27172e-43 0)
(-7.25803e-44 -8.71321e-44 0)
(-2.45645e-44 2.17947e-43 0)
(8.39458e-45 2.51253e-43 0)
(3.50336e-45 9.75075e-44 0)
(6.87789e-45 2.02207e-43 0)
(2.79622e-44 1.82262e-45 0)
(3.22608e-45 -1.90038e-43 0)
(-1.28086e-44 -4.30365e-44 0)
(-2.97988e-45 -1.01451e-44 0)
(-7.16028e-46 -1.56645e-45 0)
(-1.11785e-46 -2.32053e-46 0)
(-1.66892e-47 -2.83966e-47 0)
(-2.05574e-48 -3.2968e-48 0)
(-2.45078e-49 -3.41785e-49 0)
(-1.13852e-49 -3.54304e-50 0)
(-1.43479e-48 -3.22779e-50 0)
(-2.24799e-47 -4.68381e-49 0)
(-3.41798e-46 -7.30275e-48 0)
(-5.05633e-45 -1.10352e-46 0)
(-7.21477e-44 -1.62073e-45 0)
(-1.00064e-42 -2.29557e-44 0)
(-1.33021e-41 -3.15485e-43 0)
(-1.71864e-40 -4.15293e-42 0)
(-2.1081e-39 -5.28784e-41 0)
(-2.51818e-38 -6.34494e-40 0)
(-2.81152e-37 -7.20987e-39 0)
(-3.07774e-36 -7.08299e-38 0)
(-3.06057e-35 -5.09673e-37 0)
(-3.03502e-34 1.60345e-36 0)
(-2.56569e-33 1.56175e-34 0)
(-2.2387e-32 3.97751e-33 0)
(-1.3579e-31 6.68813e-32 0)
(-9.18845e-31 7.93084e-31 0)
(-1.09585e-32 -5.26091e-31 0)
(5.63911e-33 -5.8184e-32 0)
(7.51178e-34 -4.44796e-33 0)
(1.35378e-34 -2.59674e-34 0)
(1.49689e-35 -1.14748e-35 0)
(1.80921e-36 -3.49932e-37 0)
(1.79062e-37 1.89523e-39 0)
(1.81001e-38 1.40768e-39 0)
(1.63337e-39 1.69154e-40 0)
(1.46125e-40 1.53587e-41 0)
(1.21166e-41 1.28547e-42 0)
(9.83025e-43 6.50054e-44 0)
(7.17553e-44 3.06479e-45 0)
(4.15353e-45 1.4482e-44 0)
(9.22307e-46 1.6121e-44 0)
(2.47256e-46 6.28935e-45 0)
(4.33998e-46 1.29317e-44 0)
(1.74584e-45 1.18823e-46 0)
(2.02787e-46 -1.21426e-44 0)
(-7.9887e-46 -2.774e-45 0)
(-1.87167e-46 -6.57189e-46 0)
(-4.5156e-47 -1.02091e-46 0)
(-7.08341e-48 -1.51803e-47 0)
(-1.06057e-48 -1.86536e-48 0)
(-1.31093e-49 -2.17124e-49 0)
(-1.63262e-50 -2.22821e-50 0)
(-1.83419e-50 2.60613e-51 0)
(-2.68555e-49 7.99241e-50 0)
(-4.18809e-48 1.29115e-48 0)
(-6.33023e-47 2.02695e-47 0)
(-9.30032e-46 3.0828e-46 0)
(-1.31781e-44 4.56194e-45 0)
(-1.81238e-43 6.51167e-44 0)
(-2.38912e-42 9.03488e-43 0)
(-3.05398e-41 1.20164e-41 0)
(-3.70732e-40 1.55349e-40 0)
(-4.3661e-39 1.90735e-39 0)
(-4.81059e-38 2.28232e-38 0)
(-5.16113e-37 2.55829e-37 0)
(-5.04284e-36 2.82557e-36 0)
(-4.84489e-35 2.87099e-35 0)
(-3.99321e-34 2.96699e-34 0)
(-3.28136e-33 2.72511e-33 0)
(-1.90409e-32 2.61073e-32 0)
(-1.09146e-31 1.83654e-31 0)
(1.25353e-32 -5.19084e-31 0)
(-6.4614e-33 -5.71062e-32 0)
(-8.92637e-34 -4.25977e-33 0)
(-1.6628e-34 -2.37872e-34 0)
(-1.90537e-35 -8.61888e-36 0)
(-2.38675e-36 -3.56198e-38 0)
(-2.45284e-37 3.75689e-38 0)
(-2.57237e-38 5.01275e-39 0)
(-2.4106e-39 5.28368e-40 0)
(-2.23689e-40 4.83382e-41 0)
(-1.92445e-41 4.23859e-42 0)
(-1.61936e-42 3.46268e-43 0)
(-1.29028e-43 2.75e-44 0)
(-1.00661e-44 2.97922e-45 0)
(-7.0805e-46 1.16094e-45 0)
(-4.00275e-47 4.06211e-46 0)
(2.24036e-47 8.08535e-46 0)
(1.04478e-46 7.5829e-48 0)
(1.22343e-47 -7.57972e-46 0)
(-4.78818e-47 -1.74335e-46 0)
(-1.13005e-47 -4.1463e-47 0)
(-2.73511e-48 -6.47149e-48 0)
(-4.31013e-49 -9.64995e-49 0)
(-6.46863e-50 -1.18953e-49 0)
(-8.0163e-51 -1.38676e-50 0)
(-9.50355e-52 -1.34577e-51 0)
(-2.9799e-52 1.53024e-51 0)
(-3.17626e-51 2.75894e-50 0)
(-4.8666e-50 4.42613e-49 0)
(-7.2287e-49 6.91068e-48 0)
(-1.03932e-47 1.04532e-46 0)
(-1.43688e-46 1.5372e-45 0)
(-1.9161e-45 2.1806e-44 0)
(-2.43857e-44 3.00312e-43 0)
(-2.98008e-43 3.96551e-42 0)
(-3.43495e-42 5.07956e-41 0)
(-3.77785e-41 6.18261e-40 0)
(-3.83958e-40 7.30624e-39 0)
(-3.68381e-39 8.09118e-38 0)
(-3.13382e-38 8.74888e-37 0)
(-2.4529e-37 8.67239e-36 0)
(-1.52882e-36 8.53211e-35 0)
(-7.87324e-36 7.35033e-34 0)
(-1.86388e-35 6.36294e-33 0)
(4.46103e-35 4.00942e-32 0)
(1.25844e-32 -5.40036e-32 0)
(-6.82551e-33 -8.21229e-33 0)
(-9.83045e-34 -5.78247e-34 0)
(-2.0567e-34 -1.21177e-35 0)
(-2.58393e-35 4.82666e-36 0)
(-3.58607e-36 9.04882e-37 0)
(-4.02279e-37 1.30355e-37 0)
(-4.5808e-38 1.48833e-38 0)
(-4.61568e-39 1.61024e-39 0)
(-4.57491e-40 1.56534e-40 0)
(-4.17672e-41 1.46272e-41 0)
(-3.70934e-42 1.2725e-42 0)
(-3.09959e-43 1.067e-43 0)
(-2.51166e-44 8.52838e-45 0)
(-1.93652e-45 7.10758e-46 0)
(-1.44275e-46 7.16275e-47 0)
(-8.88803e-48 5.18795e-47 0)
(5.40598e-48 6.91031e-49 0)
(6.7254e-49 -4.545e-47 0)
(-2.80515e-48 -1.05299e-47 0)
(-6.65441e-49 -2.5123e-48 0)
(-1.6141e-49 -3.939e-49 0)
(-2.5527e-50 -5.88739e-50 0)
(-3.83468e-51 -7.27781e-51 0)
(-4.27103e-52 -8.36452e-52 0)
(7.81266e-52 1.52018e-52 0)
(1.38059e-50 4.08834e-51 0)
(2.21503e-49 6.80409e-50 0)
(3.45925e-48 1.09837e-48 0)
(5.23445e-47 1.72777e-47 0)
(7.70166e-46 2.6333e-46 0)
(1.0933e-44 3.90629e-45 0)
(1.50709e-43 5.58982e-44 0)
(1.99238e-42 7.77921e-43 0)
(2.55582e-41 1.03782e-41 0)
(3.11615e-40 1.34685e-40 0)
(3.68936e-39 1.66006e-39 0)
(4.09217e-38 1.9968e-38 0)
(4.42548e-37 2.25048e-37 0)
(4.36918e-36 2.50643e-36 0)
(4.24746e-35 2.57216e-35 0)
(3.5572e-34 2.70195e-34 0)
(2.96804e-33 2.53205e-33 0)
(1.76113e-32 2.48782e-32 0)
(1.02029e-31 1.79399e-31 0)
(-1.35313e-32 -3.70147e-32 0)
(-9.22809e-34 -4.27872e-33 0)
(-6.46229e-34 1.58635e-33 0)
(-3.32751e-34 3.36509e-34 0)
(-5.84376e-35 5.98576e-35 0)
(-1.04264e-35 7.45059e-36 0)
(-1.35747e-36 8.99391e-37 0)
(-1.73412e-37 9.38843e-38 0)
(-1.89271e-38 9.5536e-39 0)
(-2.00107e-39 8.89961e-40 0)
(-1.9187e-40 8.04387e-41 0)
(-1.77552e-41 6.82093e-42 0)
(-1.53341e-42 5.60167e-43 0)
(-1.27825e-43 4.3757e-44 0)
(-1.01038e-44 3.31468e-45 0)
(-7.72064e-46 2.41789e-46 0)
(-5.64092e-47 1.97713e-47 0)
(-3.65763e-48 1.17781e-48 0)
(-2.32509e-49 -2.58635e-48 0)
(-1.76607e-49 -6.15337e-49 0)
(-3.90164e-50 -1.47998e-49 0)
(-9.27281e-51 -2.33166e-50 0)
(-1.46367e-51 -3.49257e-51 0)
(-2.04835e-52 -4.3448e-52 0)
(2.38487e-52 -8.05706e-53 0)
(4.52126e-51 -5.26978e-52 0)
(7.51288e-50 -8.85182e-51 0)
(1.21261e-48 -1.46476e-49 0)
(1.90718e-47 -2.35583e-48 0)
(2.90625e-46 -3.69039e-47 0)
(4.31042e-45 -5.60044e-46 0)
(6.16682e-44 -8.26647e-45 0)
(8.58025e-43 -1.17689e-43 0)
(1.14433e-41 -1.62777e-42 0)
(1.48448e-40 -2.15779e-41 0)
(1.82825e-39 -2.7767e-40 0)
(2.1955e-38 -3.38803e-39 0)
(2.46392e-37 -4.00342e-38 0)
(2.71687e-36 -4.36607e-37 0)
(2.72005e-35 -4.49877e-36 0)
(2.72598e-34 -3.78558e-35 0)
(2.32571e-33 -2.29951e-34 0)
(2.06382e-32 8.03817e-34 0)
(1.26849e-31 4.07553e-32 0)
(8.87469e-31 6.55281e-31 0)
(-5.70364e-32 -4.31122e-31 0)
(-1.04476e-31 -2.83131e-32 0)
(-1.69616e-32 1.42841e-32 0)
(-3.76052e-33 2.44089e-33 0)
(-5.1119e-34 4.06714e-34 0)
(-7.52502e-35 4.75228e-35 0)
(-8.84129e-36 5.57243e-36 0)
(-1.04434e-36 5.63435e-37 0)
(-1.08261e-37 5.62702e-38 0)
(-1.09921e-38 5.13712e-39 0)
(-1.02322e-39 4.57955e-40 0)
(-9.24634e-41 3.82829e-41 0)
(-7.83977e-42 3.11045e-42 0)
(-6.43801e-43 2.40353e-43 0)
(-5.02834e-44 1.80332e-44 0)
(-3.80503e-45 1.29818e-45 0)
(-2.76215e-46 9.09414e-47 0)
(-1.94341e-47 6.12865e-48 0)
(-1.31971e-48 2.51582e-49 0)
(-9.60543e-50 -9.70937e-51 0)
(-7.68755e-51 -6.86992e-51 0)
(-8.59385e-52 -1.23953e-51 0)
(-1.04143e-52 -1.94743e-52 0)
(-4.38361e-53 -2.85255e-53 0)
(-5.29871e-52 -7.43115e-53 0)
(-8.96388e-51 -1.24626e-51 0)
(-1.48348e-49 -2.11784e-50 0)
(-2.38606e-48 -3.51179e-49 0)
(-3.73795e-47 -5.65989e-48 0)
(-5.67266e-46 -8.8869e-47 0)
(-8.37321e-45 -1.35187e-45 0)
(-1.19204e-43 -2.0009e-44 0)
(-1.64875e-42 -2.85655e-43 0)
(-2.1857e-41 -3.96395e-42 0)
(-2.81411e-40 -5.27125e-41 0)
(-3.43985e-39 -6.80801e-40 0)
(-4.09006e-38 -8.32567e-39 0)
(-4.54621e-37 -9.83542e-38 0)
(-4.94472e-36 -1.05789e-36 0)
(-4.88813e-35 -1.03423e-35 0)
(-4.80056e-34 -6.81458e-35 0)
(-4.02476e-33 1.13339e-34 0)
(-3.45413e-32 1.75737e-32 0)
(-2.06845e-31 3.93864e-31 0)
(-1.34862e-30 6.09849e-30 0)
(-8.95866e-31 6.2579e-31 0)
(-1.1383e-30 7.13005e-32 0)
(-1.32425e-31 5.5359e-33 0)
(-2.80692e-32 3.2646e-34 0)
(-3.43597e-33 1.45827e-35 0)
(-4.90654e-34 4.54247e-37 0)
(-5.4947e-35 -1.22129e-39 0)
(-6.35274e-36 -1.67939e-39 0)
(-6.40829e-37 -2.04828e-40 0)
(-6.40567e-38 -1.8663e-41 0)
(-5.85807e-39 -1.57282e-42 0)
(-5.23132e-40 -1.23195e-43 0)
(-4.38006e-41 -9.34711e-45 0)
(-3.56362e-42 -6.77214e-46 0)
(-2.75702e-43 -4.77006e-47 0)
(-2.07065e-44 -3.23315e-48 0)
(-1.49192e-45 -2.04932e-49 0)
(-1.04417e-46 -1.35832e-50 0)
(-7.05243e-48 -9.17639e-51 0)
(-4.63756e-49 -2.01176e-51 0)
(-2.96061e-50 -4.73126e-52 0)
(-1.85647e-51 -7.45892e-53 0)
(-1.18204e-52 -1.10332e-53 0)
(-7.1031e-53 1.21223e-54 0)
(-1.11446e-51 4.62494e-53 0)
(-1.89261e-50 8.08863e-52 0)
(-3.13658e-49 1.37354e-50 0)
(-5.05219e-48 2.27509e-49 0)
(-7.92745e-47 3.66257e-48 0)
(-1.20506e-45 5.74344e-47 0)
(-1.78217e-44 8.7254e-46 0)
(-2.54213e-43 1.28948e-44 0)
(-3.52439e-42 1.83799e-43 0)
(-4.68317e-41 2.54545e-42 0)
(-6.04752e-40 3.37695e-41 0)
(-7.41367e-39 4.3437e-40 0)
(-8.84943e-38 5.26895e-39 0)
(-9.87242e-37 6.09077e-38 0)
(-1.07962e-35 6.13842e-37 0)
(-1.0724e-34 4.76031e-36 0)
(-1.0619e-33 -5.75607e-36 0)
(-8.96258e-33 -1.23333e-33 0)
(-7.80469e-32 -3.44285e-32 0)
(-4.72398e-31 -6.30891e-31 0)
(-3.18853e-30 -8.64169e-30 0)
(-7.2689e-32 1.64853e-30 0)
(-9.64201e-32 1.65402e-31 0)
(-1.58264e-32 -3.61987e-33 0)
(-3.55131e-33 -1.80644e-33 0)
(-4.87366e-34 -3.77172e-34 0)
(-7.23193e-35 -4.64663e-35 0)
(-8.54502e-36 -5.55435e-36 0)
(-1.01392e-36 -5.64738e-37 0)
(-1.05468e-37 -5.64877e-38 0)
(-1.07387e-38 -5.15816e-39 0)
(-1.00189e-39 -4.5976e-40 0)
(-9.07085e-41 -3.84252e-41 0)
(-7.70325e-42 -3.12127e-42 0)
(-6.3346e-43 -2.41138e-43 0)
(-4.95344e-44 -1.80884e-44 0)
(-3.75225e-45 -1.30186e-45 0)
(-2.72637e-46 -9.10288e-47 0)
(-1.92166e-47 -6.143e-48 0)
(-1.30685e-48 -4.03682e-49 0)
(-8.63846e-50 -2.57583e-50 0)
(-5.53529e-51 -1.61499e-51 0)
(-3.45985e-52 -9.97694e-53 0)
(-1.99248e-53 -5.88044e-54 0)
(1.98067e-53 6.02429e-54 0)
(3.67456e-52 1.14635e-52 0)
(6.24523e-51 1.99979e-51 0)
(1.03524e-49 3.39832e-50 0)
(1.66792e-48 5.63348e-49 0)
(2.61794e-47 9.07674e-48 0)
(3.98091e-46 1.42471e-46 0)
(5.88983e-45 2.16652e-45 0)
(8.40521e-44 3.20537e-44 0)
(1.16594e-42 4.57414e-43 0)
(1.55023e-41 6.34381e-42 0)
(2.00337e-40 8.42954e-41 0)
(2.45796e-39 1.08703e-39 0)
(2.937e-38 1.32448e-38 0)
(3.28025e-37 1.54842e-37 0)
(3.59237e-36 1.61292e-36 0)
(3.57405e-35 1.4177e-35 0)
(3.54624e-34 4.55586e-35 0)
(2.99982e-33 -1.6746e-33 0)
(2.61925e-32 -5.78838e-32 0)
(1.58996e-31 -1.11338e-30 0)
(1.07625e-30 -1.57315e-29 0)
(-3.05767e-32 7.17584e-31 0)
(7.84892e-33 8.4234e-32 0)
(6.15103e-34 4.82292e-33 0)
(-9.85753e-35 5.54378e-35 0)
(-3.15275e-35 -4.04778e-35 0)
(-7.10113e-36 -6.65021e-36 0)
(-1.01959e-36 -8.71893e-37 0)
(-1.38616e-37 -9.31633e-38 0)
(-1.57218e-38 -9.54886e-39 0)
(-1.70957e-39 -8.91244e-40 0)
(-1.67277e-40 -8.05898e-41 0)
(-1.57285e-41 -6.83387e-42 0)
(-1.37548e-42 -5.61178e-43 0)
(-1.15847e-43 -4.38283e-44 0)
(-9.23527e-45 -3.31642e-45 0)
(-7.10839e-46 -2.40744e-46 0)
(-5.2334e-47 -1.69548e-47 0)
(-3.72953e-48 -1.1522e-48 0)
(-2.55967e-49 -7.61153e-50 0)
(-1.70465e-50 -4.87473e-51 0)
(-1.09866e-51 -3.04641e-52 0)
(-6.86994e-53 -1.85825e-53 0)
(-6.63749e-55 -1.23556e-54 0)
(6.28655e-53 -2.25449e-54 0)
(1.10068e-51 -3.90767e-53 0)
(1.8703e-50 -6.81522e-52 0)
(3.10019e-49 -1.15826e-50 0)
(4.99461e-48 -1.92035e-49 0)
(7.83902e-47 -3.0946e-48 0)
(1.19194e-45 -4.85837e-47 0)
(1.76333e-44 -7.38971e-46 0)
(2.51614e-43 -1.09364e-44 0)
(3.48984e-42 -1.56125e-43 0)
(4.63941e-41 -2.16663e-42 0)
(5.99445e-40 -2.88256e-41 0)
(7.35314e-39 -3.7293e-40 0)
(8.78405e-38 -4.58768e-39 0)
(9.80776e-37 -5.51941e-38 0)
(1.07374e-35 -6.28289e-37 0)
(1.06781e-34 -7.21365e-36 0)
(1.05905e-33 -8.04409e-35 0)
(8.95361e-33 -9.78839e-34 0)
(7.81479e-32 -1.1715e-32 0)
(4.74102e-31 -1.42929e-31 0)
(3.21071e-30 -1.35309e-30 0)
(-3.82915e-33 6.64831e-31 0)
(1.63431e-33 7.62677e-32 0)
(2.45095e-34 5.87357e-33 0)
(2.12578e-35 3.30029e-34 0)
(2.332e-37 1.05616e-35 0)
(-3.75124e-37 -2.84749e-37 0)
(-7.64626e-38 -1.10282e-37 0)
(-1.23248e-38 -1.44324e-38 0)
(-1.53486e-39 -1.61448e-39 0)
(-1.77662e-40 -1.57934e-40 0)
(-1.81787e-41 -1.47604e-41 0)
(-1.76697e-42 -1.28248e-42 0)
(-1.5867e-43 -1.074e-43 0)
(-1.36447e-44 -8.52061e-45 0)
(-1.10697e-45 -6.53169e-46 0)
(-8.64298e-47 -4.79218e-47 0)
(-6.44252e-48 -3.40497e-48 0)
(-4.63904e-49 -2.3309e-49 0)
(-3.21315e-50 -1.54881e-50 0)
(-2.15649e-51 -9.96258e-52 0)
(-1.39945e-52 -6.23632e-53 0)
(-8.89168e-54 -3.81353e-54 0)
(-1.78375e-54 -5.72531e-55 0)
(-2.22361e-53 -6.35931e-54 0)
(-3.87233e-52 -1.13334e-52 0)
(-6.58004e-51 -1.97701e-51 0)
(-1.09076e-49 -3.36032e-50 0)
(-1.75742e-48 -5.5718e-49 0)
(-2.75853e-47 -8.97955e-48 0)
(-4.1949e-46 -1.40986e-46 0)
(-6.20684e-45 -2.14456e-45 0)
(-8.85835e-44 -3.17399e-44 0)
(-1.22892e-42 -4.5311e-43 0)
(-1.63419e-41 -6.2875e-42 0)
(-2.1122e-40 -8.36164e-41 0)
(-2.59201e-39 -1.0803e-39 0)
(-3.09793e-38 -1.32287e-38 0)
(-3.46104e-37 -1.56941e-37 0)
(-3.7918e-36 -1.71165e-36 0)
(-3.77427e-35 -1.74734e-35 0)
(-3.74707e-34 -1.38128e-34 0)
(-3.1721e-33 -5.55112e-34 0)
(-2.77195e-32 1.25431e-32 0)
(-1.68452e-31 3.60778e-31 0)
(-1.14126e-30 6.0888e-30 0)
(-1.07029e-32 6.35239e-31 0)
(5.49041e-33 7.17275e-32 0)
(6.96855e-34 5.86962e-33 0)
(1.21592e-34 3.76256e-34 0)
(1.28898e-35 2.16869e-35 0)
(1.49621e-36 1.19594e-36 0)
(1.41099e-37 7.39962e-38 0)
(1.35716e-38 4.99529e-39 0)
(1.15708e-39 3.7381e-40 0)
(9.75117e-41 2.76198e-41 0)
(7.55793e-42 2.02822e-42 0)
(5.70809e-43 1.40751e-43 0)
(4.03701e-44 9.40539e-45 0)
(2.76138e-45 5.90962e-46 0)
(1.78352e-46 3.52615e-47 0)
(1.10736e-47 1.95832e-48 0)
(6.49747e-49 1.00496e-49 0)
(3.63008e-50 4.56898e-51 0)
(1.89705e-51 1.68331e-52 0)
(9.208e-53 3.0957e-54 0)
(3.98186e-54 -2.3946e-55 0)
(-4.79102e-56 -2.88214e-56 0)
(-3.4922e-54 1.76749e-55 0)
(-6.24161e-53 3.2986e-54 0)
(-1.08878e-51 5.89147e-53 0)
(-1.85053e-50 1.02775e-51 0)
(-3.06829e-49 1.74691e-50 0)
(-4.94464e-48 2.89664e-49 0)
(-7.76306e-47 4.66832e-48 0)
(-1.18076e-45 7.32969e-47 0)
(-1.74743e-44 1.11493e-45 0)
(-2.49435e-43 1.6501e-44 0)
(-3.46108e-42 2.35551e-43 0)
(-4.60304e-41 3.26808e-42 0)
(-5.9505e-40 4.3439e-41 0)
(-7.30268e-39 5.60281e-40 0)
(-8.72941e-38 6.8232e-39 0)
(-9.75215e-37 7.95742e-38 0)
(-1.06858e-35 8.20945e-37 0)
(-1.06339e-34 6.95892e-36 0)
(-1.05604e-33 1.35777e-35 0)
(-8.9359e-33 -1.10028e-33 0)
(-7.81819e-32 -3.45966e-32 0)
(-4.74984e-31 -6.506e-31 0)
(-3.23679e-30 -9.04276e-30 0)
(3.35366e-32 2.20874e-31 0)
(-1.72873e-32 3.49086e-32 0)
(-2.42335e-33 3.48274e-33 0)
(-4.47295e-34 2.58618e-34 0)
(-5.10315e-35 1.87432e-35 0)
(-6.31522e-36 1.35512e-36 0)
(-6.42447e-37 1.14702e-37 0)
(-6.65251e-38 9.88626e-39 0)
(-6.16194e-39 8.94739e-40 0)
(-5.64754e-40 7.69193e-41 0)
(-4.802e-41 6.52297e-42 0)
(-3.99314e-42 5.24027e-43 0)
(-3.14013e-43 4.10223e-44 0)
(-2.40472e-44 3.06952e-45 0)
(-1.76122e-45 2.23373e-46 0)
(-1.25492e-46 1.56475e-47 0)
(-8.61315e-48 1.06634e-48 0)
(-5.75371e-49 7.02976e-50 0)
(-3.72043e-50 4.51291e-51 0)
(-2.34378e-51 2.81265e-52 0)
(-1.43416e-52 1.70922e-53 0)
(-8.42926e-54 1.0275e-54 0)
(1.91313e-54 3.67358e-55 0)
(4.30237e-53 5.6544e-54 0)
(7.50972e-52 1.00903e-52 0)
(1.27633e-50 1.75984e-51 0)
(2.11609e-49 2.99058e-50 0)
(3.40984e-48 4.9576e-49 0)
(5.35282e-47 7.98782e-48 0)
(8.14053e-46 1.25381e-46 0)
(1.20453e-44 1.90664e-45 0)
(1.71903e-43 2.82091e-44 0)
(2.38467e-42 4.02551e-43 0)
(3.17053e-41 5.58289e-42 0)
(4.09715e-40 7.41802e-41 0)
(5.02601e-39 9.56387e-40 0)
(6.00484e-38 1.16441e-38 0)
(6.70419e-37 1.35789e-37 0)
(7.34061e-36 1.40229e-36 0)
(7.2983e-35 1.19271e-35 0)
(7.24052e-34 2.44532e-35 0)
(6.11867e-33 -1.86363e-33 0)
(5.34734e-32 -5.92712e-32 0)
(3.24353e-31 -1.12799e-30 0)
(2.21017e-30 -1.59523e-29 0)
(4.04785e-32 1.85727e-30 0)
(-2.12422e-32 2.04281e-31 0)
(-2.90073e-33 1.55611e-32 0)
(-5.54393e-34 9.17869e-34 0)
(-6.47458e-35 4.39524e-35 0)
(-8.35798e-36 1.89708e-36 0)
(-8.81892e-37 9.64917e-38 0)
(-9.51765e-38 7.58573e-39 0)
(-9.15561e-39 8.32196e-40 0)
(-8.71928e-40 8.99339e-41 0)
(-7.68503e-41 9.29453e-42 0)
(-6.61922e-42 8.74998e-43 0)
(-5.38164e-43 7.80672e-44 0)
(-4.25619e-44 6.51032e-45 0)
(-3.21449e-45 5.1969e-46 0)
(-2.35914e-46 3.94183e-47 0)
(-1.6657e-47 2.88016e-48 0)
(-1.14342e-48 2.01898e-49 0)
(-7.58934e-50 1.36917e-50 0)
(-4.90292e-51 8.96322e-52 0)
(-3.07372e-52 5.69441e-53 0)
(-1.86298e-53 3.49877e-54 0)
(1.64844e-54 4.97259e-56 0)
(4.92821e-53 -2.92399e-54 0)
(8.60174e-52 -5.246e-53 0)
(1.46089e-50 -9.15581e-52 0)
(2.42022e-49 -1.55697e-50 0)
(3.89687e-48 -2.58298e-49 0)
(6.11207e-47 -4.16496e-48 0)
(9.28711e-46 -6.54303e-47 0)
(1.37281e-44 -9.95842e-46 0)
(1.95727e-43 -1.47481e-44 0)
(2.71197e-42 -2.1067e-43 0)
(3.6016e-41 -2.92533e-42 0)
(4.64755e-40 -3.89242e-41 0)
(5.69358e-39 -5.03013e-40 0)
(6.78993e-38 -6.15127e-39 0)
(7.56855e-37 -7.25533e-38 0)
(8.26617e-36 -7.7421e-37 0)
(8.20218e-35 -7.35493e-36 0)
(8.10582e-34 -4.12047e-35 0)
(6.83151e-33 3.27404e-34 0)
(5.92693e-32 1.8539e-32 0)
(3.57856e-31 3.9628e-31 0)
(2.39244e-30 6.13105e-30 0)
(-6.92413e-32 1.79287e-30 0)
(2.6567e-32 1.95722e-31 0)
(3.18988e-33 1.65131e-32 0)
(3.45547e-34 1.18615e-33 0)
(1.61576e-35 9.50546e-35 0)
(-1.70442e-36 8.37592e-36 0)
(-5.17941e-37 8.8248e-37 0)
(-9.20952e-38 8.9761e-38 0)
(-1.18904e-38 9.19421e-39 0)
(-1.40361e-39 8.68969e-40 0)
(-1.44973e-40 7.97089e-41 0)
(-1.41844e-41 6.84752e-42 0)
(-1.27784e-42 5.68732e-43 0)
(-1.10182e-43 4.48549e-44 0)
(-8.95015e-45 3.42316e-45 0)
(-6.99677e-46 2.50347e-46 0)
(-5.21837e-47 1.77474e-47 0)
(-3.7601e-48 1.21311e-48 0)
(-2.60523e-49 8.05338e-50 0)
(-1.74924e-50 5.17763e-51 0)
(-1.13537e-51 3.23892e-52 0)
(-7.16408e-53 1.96774e-53 0)
(-5.22277e-54 1.00511e-54 0)
(-1.53163e-53 -2.87478e-54 0)
(-2.6302e-52 -5.24497e-53 0)
(-4.47691e-51 -9.13379e-52 0)
(-7.43522e-50 -1.5497e-50 0)
(-1.20027e-48 -2.56455e-49 0)
(-1.888e-47 -4.12506e-48 0)
(-2.87736e-46 -6.46255e-47 0)
(-4.26782e-45 -9.80948e-46 0)
(-6.10622e-44 -1.44824e-44 0)
(-8.4958e-43 -2.06263e-43 0)
(-1.13304e-41 -2.85399e-42 0)
(-1.46969e-40 -3.78589e-41 0)
(-1.80979e-39 -4.8762e-40 0)
(-2.17294e-38 -5.96119e-39 0)
(-2.43784e-37 -7.07226e-38 0)
(-2.68762e-36 -7.79676e-37 0)
(-2.68919e-35 -8.2633e-36 0)
(-2.6958e-34 -7.57978e-35 0)
(-2.29833e-33 -6.15702e-34 0)
(-2.04594e-32 -2.677e-33 0)
(-1.25865e-31 7.62932e-33 0)
(-8.94754e-31 4.09307e-31 0)
(-1.70559e-31 -5.14127e-31 0)
(-6.6006e-32 -3.53944e-32 0)
(-1.18622e-32 1.60524e-32 0)
(-2.91676e-33 2.77181e-33 0)
(-4.27497e-34 4.64096e-34 0)
(-6.68135e-35 5.43155e-35 0)
(-8.17336e-36 6.37514e-36 0)
(-9.96239e-37 6.44943e-37 0)
(-1.05698e-37 6.44371e-38 0)
(-1.09342e-38 5.88451e-39 0)
(-1.033e-39 5.24723e-40 0)
(-9.45056e-41 4.38741e-41 0)
(-8.09523e-42 3.56543e-42 0)
(-6.70619e-43 2.75557e-43 0)
(-5.27712e-44 2.06775e-44 0)
(-4.01944e-45 1.48866e-45 0)
(-2.93453e-46 1.0412e-46 0)
(-2.07719e-47 7.02817e-48 0)
(-1.41795e-48 4.61446e-49 0)
(-9.40188e-50 2.93619e-50 0)
(-6.03803e-51 1.81985e-51 0)
(-3.77368e-52 1.0965e-52 0)
(-2.34078e-53 6.39376e-54 0)
(-1.0108e-53 -5.54088e-55 0)
(-1.51427e-52 -1.62882e-53 0)
(-2.55048e-51 -2.81129e-52 0)
(-4.18936e-50 -4.7238e-51 0)
(-6.68997e-49 -7.73177e-50 0)
(-1.03954e-47 -1.23099e-48 0)
(-1.56573e-46 -1.90521e-47 0)
(-2.29049e-45 -2.86083e-46 0)
(-3.23504e-44 -4.16589e-45 0)
(-4.42943e-43 -5.86603e-44 0)
(-5.82317e-42 -7.98768e-43 0)
(-7.40913e-41 -1.04713e-41 0)
(-8.9781e-40 -1.32309e-40 0)
(-1.0521e-38 -1.5994e-39 0)
(-1.15908e-37 -1.85594e-38 0)
(-1.23675e-36 -2.03885e-37 0)
(-1.21215e-35 -2.13354e-36 0)
(-1.15722e-34 -2.0581e-35 0)
(-9.6323e-34 -1.829e-34 0)
(-7.85146e-33 -1.33409e-33 0)
(-4.69025e-32 -6.91837e-33 0)
(-2.65096e-31 1.00798e-32 0)
(-1.10061e-30 -1.25357e-30 0)
(-1.27162e-30 -1.36329e-31 0)
(-1.47036e-31 -9.7838e-33 0)
(-3.13088e-32 -5.13902e-34 0)
(-3.84063e-33 -1.37842e-35 0)
(-5.50579e-34 5.52494e-37 0)
(-6.18029e-35 1.46939e-37 0)
(-7.16281e-36 1.63919e-38 0)
(-7.23796e-37 1.58195e-39 0)
(-7.24667e-38 1.35508e-40 0)
(-6.63554e-39 1.11984e-41 0)
(-5.93242e-40 8.71314e-43 0)
(-4.9718e-41 6.59363e-44 0)
(-4.04854e-42 4.77041e-45 0)
(-3.1345e-43 3.35773e-46 0)
(-2.35573e-44 2.27666e-47 0)
(-1.69833e-45 1.50263e-48 0)
(-1.18928e-46 9.60073e-50 0)
(-8.03643e-48 5.97725e-51 0)
(-5.28152e-49 3.61514e-52 0)
(-3.36356e-50 2.13315e-53 0)
(-2.08645e-51 1.22713e-54 0)
(-1.27663e-52 8.99435e-56 0)
(-4.05167e-53 3.88465e-55 0)
(-5.74748e-52 6.8418e-54 0)
(-9.70712e-51 1.1882e-52 0)
(-1.59942e-49 2.01053e-51 0)
(-2.56269e-48 3.31752e-50 0)
(-3.99617e-47 5.32034e-49 0)
(-6.04216e-46 8.30797e-48 0)
(-8.8751e-45 1.25687e-46 0)
(-1.25918e-43 1.84863e-45 0)
(-1.73241e-42 2.62276e-44 0)
(-2.28995e-41 3.61192e-43 0)
(-2.93091e-40 4.76531e-42 0)
(-3.57559e-39 6.08193e-41 0)
(-4.22206e-38 7.3067e-40 0)
(-4.69192e-37 8.2777e-39 0)
(-5.05938e-36 7.96199e-38 0)
(-5.01813e-35 5.08506e-37 0)
(-4.87311e-34 -4.26484e-36 0)
(-4.13546e-33 -2.40059e-34 0)
(-3.5006e-32 -5.81745e-33 0)
(-2.19403e-31 -9.72758e-32 0)
(-1.41411e-30 -1.16449e-30 0)
(-5.55053e-32 -7.16432e-31 0)
(-1.25247e-31 -9.71281e-32 0)
(-2.01251e-32 -2.56861e-32 0)
(-4.4309e-33 -3.29343e-33 0)
(-5.98914e-34 -4.81145e-34 0)
(-8.78207e-35 -5.41862e-35 0)
(-1.02887e-35 -6.27602e-36 0)
(-1.21285e-36 -6.33066e-37 0)
(-1.25533e-37 -6.32679e-38 0)
(-1.27308e-38 -5.78371e-39 0)
(-1.18395e-39 -5.16371e-40 0)
(-1.06907e-40 -4.32235e-41 0)
(-9.05874e-42 -3.51616e-42 0)
(-7.43519e-43 -2.71991e-43 0)
(-5.80463e-44 -2.04263e-44 0)
(-4.39083e-45 -1.47162e-45 0)
(-3.18641e-46 -1.02995e-46 0)
(-2.24347e-47 -6.95628e-48 0)
(-1.52422e-48 -4.56968e-49 0)
(-1.00636e-49 -2.90911e-50 0)
(-6.43832e-51 -1.80386e-51 0)
(-4.00968e-52 -1.08725e-52 0)
(-2.43396e-53 -6.23261e-54 0)
(-2.60649e-54 2.56213e-54 0)
(-1.98452e-53 5.21191e-53 0)
(-3.24311e-52 9.06556e-52 0)
(-5.16692e-51 1.53607e-50 0)
(-8.01228e-50 2.53807e-49 0)
(-1.20183e-48 4.07721e-48 0)
(-1.75198e-47 6.37723e-47 0)
(-2.45766e-46 9.66816e-46 0)
(-3.34656e-45 1.42489e-44 0)
(-4.35129e-44 2.02708e-43 0)
(-5.4907e-43 2.79903e-42 0)
(-6.53417e-42 3.70743e-41 0)
(-7.56404e-41 4.75456e-40 0)
(-8.07997e-40 5.7672e-39 0)
(-8.47172e-39 6.66551e-38 0)
(-7.85113e-38 6.80185e-37 0)
(-7.34493e-37 5.51196e-36 0)
(-5.4964e-36 3.41061e-36 0)
(-4.57332e-35 -1.12155e-33 0)
(-2.28011e-34 -3.31293e-32 0)
(-1.99478e-33 -6.21655e-31 0)
(-3.73667e-33 -8.70343e-30 0)
(1.46861e-32 -7.06343e-32 0)
(-1.66337e-32 -1.29379e-32 0)
(-2.86933e-33 -3.55664e-33 0)
(-7.68652e-34 -5.10434e-34 0)
(-1.10412e-34 -7.69612e-35 0)
(-1.72513e-35 -9.08454e-36 0)
(-2.08699e-36 -1.07213e-36 0)
(-2.53015e-37 -1.10881e-37 0)
(-2.66485e-38 -1.12296e-38 0)
(-2.74181e-39 -1.04304e-39 0)
(-2.57526e-40 -9.40777e-41 0)
(-2.34392e-41 -7.96417e-42 0)
(-1.9974e-42 -6.53155e-43 0)
(-1.64658e-43 -5.09571e-44 0)
(-1.28943e-44 -3.85236e-45 0)
(-9.77491e-46 -2.79427e-46 0)
(-7.10333e-47 -1.96655e-47 0)
(-5.00493e-48 -1.33559e-48 0)
(-3.40102e-49 -8.81553e-50 0)
(-2.24492e-50 -5.63837e-51 0)
(-1.43529e-51 -3.51067e-52 0)
(-8.92231e-53 -2.12463e-53 0)
(-4.01925e-54 -1.23701e-54 0)
(2.4314e-53 2.32552e-55 0)
(4.29619e-52 5.38445e-54 0)
(7.30125e-51 9.30251e-53 0)
(1.21039e-49 1.5649e-51 0)
(1.95015e-48 2.56521e-50 0)
(3.06096e-47 4.08803e-49 0)
(4.65424e-46 6.33652e-48 0)
(6.88542e-45 9.52076e-47 0)
(9.82401e-44 1.38845e-45 0)
(1.36245e-42 1.95507e-44 0)
(1.81082e-41 2.66521e-43 0)
(2.33919e-40 3.48583e-42 0)
(2.86812e-39 4.38877e-41 0)
(3.42485e-38 5.20011e-40 0)
(3.8211e-37 5.70813e-39 0)
(4.18028e-36 5.11213e-38 0)
(4.15203e-35 2.05942e-37 0)
(4.11299e-34 -6.75853e-36 0)
(3.47019e-33 -2.53175e-34 0)
(3.02287e-32 -5.65887e-33 0)
(1.82787e-31 -9.20121e-32 0)
(1.23392e-30 -1.0709e-30 0)
(2.1819e-33 -1.24503e-32 0)
(-1.52634e-33 -2.2265e-33 0)
(-2.92541e-34 -6.60619e-34 0)
(-8.50024e-35 -9.7359e-35 0)
(-1.29267e-35 -1.53838e-35 0)
(-2.08366e-36 -1.86581e-36 0)
(-2.59602e-37 -2.261e-37 0)
(-3.20176e-38 -2.37895e-38 0)
(-3.43052e-39 -2.44462e-39 0)
(-3.56865e-40 -2.29374e-40 0)
(-3.38893e-41 -2.08575e-41 0)
(-3.10814e-42 -1.77604e-42 0)
(-2.66867e-43 -1.46312e-43 0)
(-2.21216e-44 -1.14512e-44 0)
(-1.74167e-45 -8.67671e-46 0)
(-1.32578e-46 -6.30263e-47 0)
(-9.6723e-48 -4.43915e-48 0)
(-6.83622e-49 -3.01559e-49 0)
(-4.65905e-50 -1.98996e-50 0)
(-3.08255e-51 -1.27197e-51 0)
(-1.97513e-52 -7.91209e-53 0)
(-1.22955e-53 -4.78597e-54 0)
(-4.75874e-55 -3.46997e-55 0)
(4.75017e-54 -1.20927e-54 0)
(8.32504e-53 -2.13118e-53 0)
(1.40837e-51 -3.7183e-52 0)
(2.323e-50 -6.32119e-51 0)
(3.72332e-49 -1.04835e-49 0)
(5.80977e-48 -1.68986e-48 0)
(8.7806e-47 -2.65381e-47 0)
(1.28988e-45 -4.03752e-46 0)
(1.82727e-44 -5.97708e-45 0)
(2.51237e-43 -8.53441e-44 0)
(3.31047e-42 -1.18465e-42 0)
(4.22973e-41 -1.57609e-41 0)
(5.13098e-40 -2.03854e-40 0)
(6.03806e-39 -2.50365e-39 0)
(6.64513e-38 -2.9975e-38 0)
(7.12056e-37 -3.3609e-37 0)
(6.94442e-36 -3.7146e-36 0)
(6.65905e-35 -3.77547e-35 0)
(5.47225e-34 -3.90546e-34 0)
(4.48513e-33 -3.58857e-33 0)
(2.59155e-32 -3.44216e-32 0)
(1.48267e-31 -2.42228e-31 0)
(3.30117e-34 -1.24614e-33 0)
(-1.77933e-34 -2.43305e-34 0)
(-3.44158e-35 -7.41147e-35 0)
(-1.06495e-35 -1.14184e-35 0)
(-1.65258e-36 -1.85025e-36 0)
(-2.72667e-37 -2.30842e-37 0)
(-3.44486e-38 -2.84641e-38 0)
(-4.30133e-39 -3.04853e-39 0)
(-4.64935e-40 -3.16954e-40 0)
(-4.87084e-41 -3.00869e-41 0)
(-4.65048e-42 -2.75838e-42 0)
(-4.28258e-43 -2.36771e-43 0)
(-3.68856e-44 -1.96223e-44 0)
(-3.06433e-45 -1.54462e-45 0)
(-2.41647e-46 -1.17561e-46 0)
(-1.84117e-47 -8.57575e-48 0)
(-1.34396e-48 -6.06065e-49 0)
(-9.49937e-50 -4.1302e-50 0)
(-6.47247e-51 -2.73251e-51 0)
(-4.27979e-52 -1.75079e-52 0)
(-2.73998e-53 -1.09118e-53 0)
(-1.7027e-54 -6.6146e-55 0)
(-4.54243e-56 -5.23197e-56 0)
(1.02141e-54 -2.45168e-55 0)
(1.78467e-53 -4.32109e-54 0)
(3.01877e-52 -7.50471e-53 0)
(4.97652e-51 -1.26976e-51 0)
(7.96833e-50 -2.09478e-50 0)
(1.24139e-48 -3.35823e-49 0)
(1.87202e-47 -5.24129e-48 0)
(2.74178e-46 -7.9235e-47 0)
(3.86893e-45 -1.1643e-45 0)
(5.29296e-44 -1.64993e-44 0)
(6.92997e-43 -2.26938e-43 0)
(8.78395e-42 -2.99162e-42 0)
(1.05471e-40 -3.82432e-41 0)
(1.22556e-39 -4.64251e-40 0)
(1.32646e-38 -5.46886e-39 0)
(1.39264e-37 -6.0305e-38 0)
(1.32026e-36 -6.48666e-37 0)
(1.22443e-35 -6.38133e-36 0)
(9.57514e-35 -6.2202e-35 0)
(7.46583e-34 -5.28477e-34 0)
(3.96816e-33 -4.51377e-33 0)
(2.18198e-32 -2.79097e-32 0)
(9.45984e-35 1.47946e-34 0)
(-4.69694e-35 2.21011e-35 0)
(-8.85538e-36 1.33079e-36 0)
(-2.30166e-36 -1.23035e-37 0)
(-3.33272e-37 -6.60005e-38 0)
(-5.07821e-38 -1.17354e-38 0)
(-6.11997e-39 -1.80087e-39 0)
(-7.29964e-40 -2.2041e-40 0)
(-7.6403e-41 -2.52946e-41 0)
(-7.76654e-42 -2.57975e-42 0)
(-7.24398e-43 -2.50332e-43 0)
(-6.52754e-44 -2.24697e-44 0)
(-5.52248e-45 -1.9317e-45 0)
(-4.51214e-46 -1.56711e-46 0)
(-3.50772e-47 -1.22329e-47 0)
(-2.63721e-48 -9.11626e-49 0)
(-1.90246e-49 -6.56106e-50 0)
(-1.3299e-50 -4.54167e-51 0)
(-8.97119e-52 -3.04549e-52 0)
(-5.8763e-53 -1.97425e-53 0)
(-3.7296e-54 -1.243e-54 0)
(-2.30269e-55 -7.62311e-56 0)
(-1.33591e-56 -1.00335e-56 0)
(7.423e-57 -1.00911e-55 0)
(1.42929e-55 -1.7915e-54 0)
(2.41531e-54 -3.11267e-53 0)
(3.97031e-53 -5.26684e-52 0)
(6.32878e-52 -8.68611e-51 0)
(9.79516e-51 -1.39146e-49 0)
(1.46435e-49 -2.16894e-48 0)
(2.1202e-48 -3.27281e-47 0)
(2.94902e-47 -4.79687e-46 0)
(3.96111e-46 -6.77444e-45 0)
(5.07031e-45 -9.27687e-44 0)
(6.24685e-44 -1.21596e-42 0)
(7.24199e-43 -1.54329e-41 0)
(8.05216e-42 -1.85595e-40 0)
(8.24153e-41 -2.16075e-39 0)
(8.06215e-40 -2.34444e-38 0)
(6.95407e-39 -2.46977e-37 0)
(5.72261e-38 -2.35381e-36 0)
(3.75178e-37 -2.20068e-35 0)
(2.37538e-36 -1.74585e-34 0)
(8.63796e-36 -1.38587e-33 0)
(3.68905e-35 -7.60706e-33 0)
(6.40566e-34 2.33571e-33 0)
(-3.22271e-34 4.02053e-34 0)
(-5.50515e-35 7.06347e-35 0)
(-1.17602e-35 8.13428e-36 0)
(-1.49597e-36 9.78811e-37 0)
(-1.9944e-37 9.94805e-38 0)
(-2.15653e-38 1.0197e-38 0)
(-2.32499e-39 9.42804e-40 0)
(-2.22791e-40 8.57159e-41 0)
(-2.08794e-41 7.245e-42 0)
(-1.80914e-42 5.96476e-43 0)
(-1.52274e-43 4.6465e-44 0)
(-1.20951e-44 3.51644e-45 0)
(-9.31734e-46 2.54545e-46 0)
(-6.85479e-47 1.79003e-47 0)
(-4.89343e-48 1.21255e-48 0)
(-3.36156e-49 7.98732e-50 0)
(-2.24364e-50 5.09265e-51 0)
(-1.44845e-51 3.16179e-52 0)
(-9.09954e-53 1.9067e-53 0)
(-5.54985e-54 1.1212e-54 0)
(-3.32833e-55 6.36262e-56 0)
(-7.28443e-56 -7.30958e-57 0)
(-9.57858e-55 -1.98353e-55 0)
(-1.66241e-53 -3.53055e-54 0)
(-2.81297e-52 -6.13091e-53 0)
(-4.63945e-51 -1.03732e-51 0)
(-7.43272e-50 -1.7116e-50 0)
(-1.15873e-48 -2.74498e-49 0)
(-1.74872e-47 -4.28678e-48 0)
(-2.5636e-46 -6.48634e-47 0)
(-3.62134e-45 -9.54264e-46 0)
(-4.96064e-44 -1.35446e-44 0)
(-6.50436e-43 -1.86672e-43 0)
(-8.25921e-42 -2.46725e-42 0)
(-9.93702e-41 -3.16405e-41 0)
(-1.15758e-39 -3.85687e-40 0)
(-1.25646e-38 -4.56613e-39 0)
(-1.32394e-37 -5.06902e-38 0)
(-1.26038e-36 -5.49767e-37 0)
(-1.1752e-35 -5.47352e-36 0)
(-9.24805e-35 -5.41416e-35 0)
(-7.26683e-34 -4.70217e-34 0)
(-3.89722e-33 -4.10223e-33 0)
(-2.16245e-32 -2.61332e-32 0)
(4.35511e-33 2.38667e-32 0)
(-2.24652e-33 3.65318e-33 0)
(-3.74686e-34 5.58051e-34 0)
(-7.19895e-35 5.73364e-35 0)
(-8.69639e-36 6.3936e-36 0)
(-1.09509e-36 6.14494e-37 0)
(-1.14121e-37 6.13348e-38 0)
(-1.19054e-38 5.55151e-39 0)
(-1.11381e-39 4.99897e-40 0)
(-1.02274e-40 4.18576e-41 0)
(-8.72045e-42 3.43132e-42 0)
(-7.24028e-43 2.66097e-43 0)
(-5.68628e-44 2.01035e-44 0)
(-4.33818e-45 1.45274e-45 0)
(-3.16537e-46 1.02161e-46 0)
(-2.24363e-47 6.92112e-48 0)
(-1.53177e-48 4.56479e-49 0)
(-1.01689e-49 2.91462e-50 0)
(-6.53403e-51 1.81353e-51 0)
(-4.08803e-52 1.09624e-52 0)
(-2.48429e-53 6.46512e-54 0)
(-1.48408e-54 3.68588e-55 0)
(-3.04427e-55 -3.19421e-56 0)
(-3.90701e-54 -9.65727e-55 0)
(-6.77532e-53 -1.72915e-53 0)
(-1.14616e-51 -3.02124e-52 0)
(-1.89086e-50 -5.14395e-51 0)
(-3.03191e-49 -8.54575e-50 0)
(-4.73394e-48 -1.38005e-48 0)
(-7.1614e-47 -2.17187e-47 0)
(-1.05334e-45 -3.31183e-46 0)
(-1.49469e-44 -4.91578e-45 0)
(-2.05941e-43 -7.03894e-44 0)
(-2.72101e-42 -9.80358e-43 0)
(-3.4881e-41 -1.30898e-41 0)
(-4.24939e-40 -1.70053e-40 0)
(-5.02611e-39 -2.09833e-39 0)
(-5.56838e-38 -2.5276e-38 0)
(-6.01342e-37 -2.85328e-37 0)
(-5.9268e-36 -3.18487e-36 0)
(-5.75021e-35 -3.2774e-35 0)
(-4.80398e-34 -3.45622e-34 0)
(-3.99838e-33 -3.25442e-33 0)
(-2.36511e-32 -3.21362e-32 0)
(-1.36751e-31 -2.32893e-31 0)
(3.70459e-32 1.1902e-31 0)
(-1.90736e-32 1.88462e-32 0)
(-2.64754e-33 1.75556e-33 0)
(-4.84494e-34 1.1915e-34 0)
(-5.47386e-35 6.9566e-36 0)
(-6.70254e-36 3.74212e-37 0)
(-6.74155e-37 2.2221e-38 0)
(-6.89894e-38 1.46652e-39 0)
(-6.31282e-39 1.12409e-40 0)
(-5.71517e-40 8.7403e-42 0)
(-4.79925e-41 6.92785e-43 0)
(-3.94159e-42 5.25585e-44 0)
(-3.06108e-43 3.91419e-45 0)
(-2.31535e-44 2.79031e-46 0)
(-1.67489e-45 1.94088e-47 0)
(-1.1789e-46 1.30051e-48 0)
(-7.99336e-48 8.49696e-50 0)
(-5.27585e-49 5.37456e-51 0)
(-3.37091e-50 3.31645e-52 0)
(-2.0987e-51 1.98835e-53 0)
(-1.26936e-52 1.16433e-54 0)
(-7.55128e-54 7.28761e-56 0)
(-1.55531e-54 1.24979e-55 0)
(-2.01338e-53 2.21523e-54 0)
(-3.51221e-52 3.94925e-53 0)
(-5.97718e-51 6.87699e-52 0)
(-9.92499e-50 1.16674e-50 0)
(-1.6019e-48 1.93069e-49 0)
(-2.5194e-47 3.10505e-48 0)
(-3.83909e-46 4.86374e-47 0)
(-5.69381e-45 7.38058e-46 0)
(-8.1458e-44 1.08932e-44 0)
(-1.13334e-42 1.55071e-43 0)
(-1.51146e-41 2.14458e-42 0)
(-1.96066e-40 2.84255e-41 0)
(-2.41461e-39 3.65733e-40 0)
(-2.89949e-38 4.46182e-39 0)
(-3.25382e-37 5.27117e-38 0)
(-3.58762e-36 5.74721e-37 0)
(-3.59159e-35 5.91949e-36 0)
(-3.59906e-34 4.9772e-35 0)
(-3.07033e-33 3.0153e-34 0)
(-2.72418e-32 -1.07641e-33 0)
(-1.67417e-31 -5.39046e-32 0)
(-1.17094e-30 -8.65128e-31 0)
(1.53781e-32 1.39506e-30 0)
(-7.91054e-33 1.50082e-31 0)
(-1.05642e-33 1.09471e-32 0)
(-1.91631e-34 5.97736e-34 0)
(-2.13141e-35 2.0432e-35 0)
(-2.59529e-36 -1.72057e-38 0)
(-2.58803e-37 -9.81525e-38 0)
(-2.63713e-38 -1.21026e-38 0)
(-2.39955e-39 -1.19903e-39 0)
(-2.16488e-40 -1.03421e-40 0)
(-1.81057e-41 -8.5622e-42 0)
(-1.48278e-42 -6.66195e-43 0)
(-1.14796e-43 -5.03967e-44 0)
(-8.66217e-45 -3.64422e-45 0)
(-6.2504e-46 -2.56385e-46 0)
(-4.39045e-47 -1.73754e-47 0)
(-2.97068e-48 -1.14632e-48 0)
(-1.95725e-49 -7.32109e-50 0)
(-1.24833e-50 -4.55629e-51 0)
(-7.75978e-52 -2.7547e-52 0)
(-4.68532e-53 -1.62481e-53 0)
(-2.63883e-54 -9.1804e-55 0)
(2.0758e-54 2.38088e-55 0)
(3.98316e-53 5.31091e-54 0)
(6.93842e-52 9.48964e-53 0)
(1.17728e-50 1.65541e-51 0)
(1.94833e-49 2.81369e-50 0)
(3.13365e-48 4.6654e-49 0)
(4.90893e-47 7.51871e-48 0)
(7.44945e-46 1.18047e-46 0)
(1.09953e-44 1.79558e-45 0)
(1.56526e-43 2.6574e-44 0)
(2.16483e-42 3.7934e-43 0)
(2.86966e-41 5.26334e-42 0)
(3.69443e-40 6.99826e-41 0)
(4.51553e-39 9.03705e-40 0)
(5.36848e-38 1.10498e-38 0)
(5.9665e-37 1.30513e-37 0)
(6.48852e-36 1.4037e-36 0)
(6.41321e-35 1.3726e-35 0)
(6.29692e-34 9.06315e-35 0)
(5.27808e-33 -1.43559e-34 0)
(4.52835e-32 -2.31483e-32 0)
(2.7109e-31 -5.19403e-31 0)
(1.76674e-30 -8.04382e-30 0)
(-5.32339e-32 7.21608e-31 0)
(2.73976e-32 7.92897e-32 0)
(3.76669e-33 5.91845e-33 0)
(6.88416e-34 3.32687e-34 0)
(7.75228e-35 1.27042e-35 0)
(9.48545e-36 1.69984e-37 0)
(9.52533e-37 -3.43939e-38 0)
(9.74174e-38 -4.83603e-39 0)
(8.90509e-39 -4.9418e-40 0)
(8.05762e-40 -4.30292e-41 0)
(6.76134e-41 -3.57424e-42 0)
(5.55033e-42 -2.78511e-43 0)
(4.30797e-43 -2.10852e-44 0)
(3.25706e-44 -1.52561e-45 0)
(2.35499e-45 -1.07382e-46 0)
(1.65695e-46 -7.28057e-48 0)
(1.12301e-47 -4.80504e-49 0)
(7.40954e-49 -3.06989e-50 0)
(4.73246e-50 -1.91115e-51 0)
(2.94543e-51 -1.15581e-52 0)
(1.781e-52 -6.82002e-54 0)
(1.07654e-53 -4.01267e-55 0)
(5.36525e-54 -1.96862e-55 0)
(8.50347e-53 -3.19797e-54 0)
(1.48209e-51 -5.70534e-53 0)
(2.51784e-50 -9.9456e-52 0)
(4.17252e-49 -1.68921e-50 0)
(6.72038e-48 -2.7986e-49 0)
(1.05442e-46 -4.50635e-48 0)
(1.60269e-45 -7.06831e-47 0)
(2.36998e-44 -1.07406e-45 0)
(3.38021e-43 -1.5877e-44 0)
(4.68563e-42 -2.2636e-43 0)
(6.22526e-41 -3.13572e-42 0)
(8.03733e-40 -4.16085e-41 0)
(9.85091e-39 -5.35278e-40 0)
(1.17555e-37 -6.49071e-39 0)
(1.31106e-36 -7.49153e-38 0)
(1.43319e-35 -7.50131e-37 0)
(1.423e-34 -5.65446e-36 0)
(1.40826e-33 1.32028e-35 0)
(1.18786e-32 1.66874e-33 0)
(1.03354e-31 4.55023e-32 0)
(6.25029e-31 8.29121e-31 0)
(4.21365e-30 1.13257e-29 0)
(-2.15315e-32 -6.0842e-31 0)
(1.10894e-32 -6.05228e-32 0)
(1.58615e-33 -4.01312e-33 0)
(2.92761e-34 -1.90814e-34 0)
(3.34938e-35 -2.56443e-36 0)
(4.12333e-36 5.38911e-37 0)
(4.17672e-37 9.14412e-38 0)
(4.2909e-38 9.50686e-39 0)
(3.94442e-39 8.97082e-40 0)
(3.58159e-40 7.61727e-41 0)
(3.01737e-41 6.27093e-42 0)
(2.48392e-42 4.86683e-43 0)
(1.93373e-43 3.67678e-44 0)
(1.46539e-44 2.65589e-45 0)
(1.06205e-45 1.86702e-46 0)
(7.48699e-47 1.26432e-47 0)
(5.08422e-48 8.33576e-49 0)
(3.36008e-49 5.32036e-50 0)
(2.14958e-50 3.30931e-51 0)
(1.33979e-51 1.99972e-52 0)
(8.11158e-53 1.17889e-53 0)
(4.71972e-54 6.55436e-55 0)
(-1.03144e-54 -3.66726e-55 0)
(-2.33379e-53 -7.39823e-54 0)
(-4.07595e-52 -1.32103e-52 0)
(-6.93145e-51 -2.30338e-51 0)
(-1.14996e-49 -3.91314e-50 0)
(-1.85428e-48 -6.48489e-49 0)
(-2.91312e-47 -1.04451e-47 0)
(-4.43374e-46 -1.63887e-46 0)
(-6.56644e-45 -2.49117e-45 0)
(-9.37992e-44 -3.68397e-44 0)
(-1.30265e-42 -5.25448e-43 0)
(-1.73385e-41 -7.28289e-42 0)
(-2.24372e-40 -9.67051e-41 0)
(-2.75612e-39 -1.24571e-39 0)
(-3.29887e-38 -1.51499e-38 0)
(-3.68933e-37 -1.7632e-37 0)
(-4.04962e-36 -1.81319e-36 0)
(-4.03513e-35 -1.52178e-35 0)
(-4.01797e-34 -2.49521e-35 0)
(-3.40555e-33 2.56447e-33 0)
(-2.99484e-32 7.9408e-32 0)
(-1.82477e-31 1.49504e-30 0)
(-1.26039e-30 2.08898e-29 0)
(1.52417e-32 -4.16991e-32 0)
(-7.84765e-33 -6.68388e-33 0)
(-1.03805e-33 -4.49466e-34 0)
(-1.86599e-34 -1.49044e-35 0)
(-2.05842e-35 1.56531e-36 0)
(-2.49009e-36 3.01323e-37 0)
(-2.46786e-37 3.78394e-38 0)
(-2.50302e-38 3.70918e-39 0)
(-2.26754e-39 3.44423e-40 0)
(-2.03895e-40 2.92207e-41 0)
(-1.69986e-41 2.40986e-42 0)
(-1.38867e-42 1.87672e-43 0)
(-1.07259e-43 1.42191e-44 0)
(-8.07835e-45 1.03032e-45 0)
(-5.81891e-46 7.26147e-47 0)
(-4.08148e-47 4.9302e-48 0)
(-2.75794e-48 3.25775e-49 0)
(-1.81506e-49 2.08389e-50 0)
(-1.15645e-50 1.29872e-51 0)
(-7.18244e-52 7.86286e-53 0)
(-4.3349e-53 4.6439e-54 0)
(-2.73995e-54 2.68808e-55 0)
(-3.58268e-54 4.65502e-56 0)
(-6.13293e-53 5.81761e-55 0)
(-1.06883e-51 1.04461e-53 0)
(-1.81513e-50 1.83567e-52 0)
(-3.00685e-49 3.14359e-51 0)
(-4.84104e-48 5.25504e-50 0)
(-7.59228e-47 8.53967e-49 0)
(-1.15352e-45 1.35315e-47 0)
(-1.70494e-44 2.07755e-46 0)
(-2.43051e-43 3.1075e-45 0)
(-3.36726e-42 4.48406e-44 0)
(-4.47124e-41 6.30288e-43 0)
(-5.76882e-40 8.50048e-42 0)
(-7.06601e-39 1.12118e-40 0)
(-8.42494e-38 1.41871e-39 0)
(-9.389e-37 1.80855e-38 0)
(-1.02518e-35 2.3247e-37 0)
(-1.01695e-34 3.38148e-36 0)
(-1.00469e-33 5.4752e-35 0)
(-8.46428e-33 9.85177e-34 0)
(-7.34162e-32 1.67069e-32 0)
(-4.43117e-31 2.46544e-31 0)
(-2.96331e-30 2.70615e-30 0)
(1.42846e-33 -1.11262e-32 0)
(-7.4609e-34 -1.66594e-33 0)
(-1.22971e-34 -2.56895e-34 0)
(-2.21855e-35 -2.64275e-35 0)
(-2.58893e-36 -2.95839e-36 0)
(-3.12779e-37 -2.83882e-37 0)
(-3.16707e-38 -2.82815e-38 0)
(-3.21678e-39 -2.55083e-39 0)
(-2.94931e-40 -2.29048e-40 0)
(-2.66128e-41 -1.91204e-41 0)
(-2.23771e-42 -1.56378e-42 0)
(-1.83603e-43 -1.20992e-43 0)
(-1.42791e-44 -9.12474e-45 0)
(-1.08042e-45 -6.58264e-46 0)
(-7.82863e-47 -4.62293e-47 0)
(-5.51658e-48 -3.12798e-48 0)
(-3.74756e-49 -2.06099e-49 0)
(-2.47754e-50 -1.31473e-50 0)
(-1.58631e-51 -8.17439e-52 0)
(-9.89565e-53 -4.93793e-53 0)
(-6.00046e-54 -2.9101e-54 0)
(-3.90233e-55 -1.59765e-55 0)
(-6.86229e-55 1.31535e-55 0)
(-1.18159e-53 2.58596e-54 0)
(-2.04896e-52 4.62699e-53 0)
(-3.46153e-51 8.08669e-52 0)
(-5.70139e-50 1.37727e-50 0)
(-9.12497e-49 2.28865e-49 0)
(-1.42159e-47 3.6971e-48 0)
(-2.14509e-46 5.81953e-47 0)
(-3.14552e-45 8.87697e-46 0)
(-4.448e-44 1.31782e-44 0)
(-6.10292e-43 1.88771e-43 0)
(-8.02472e-42 2.62938e-42 0)
(-1.02269e-40 3.51254e-41 0)
(-1.23741e-39 4.56329e-40 0)
(-1.45138e-38 5.63537e-39 0)
(-1.59192e-37 6.78828e-38 0)
(-1.6981e-36 7.67682e-37 0)
(-1.64818e-35 8.57481e-36 0)
(-1.5702e-34 8.87123e-35 0)
(-1.28136e-33 9.38735e-34 0)
(-1.04138e-32 8.95382e-33 0)
(-5.96465e-32 8.85191e-32 0)
(-3.39236e-31 6.49511e-31 0)
)
;

boundaryField
{
    leftWall
    {
        type            fixedValue;
        value           uniform (0 0 0);
    }
    rightWall
    {
        type            fixedValue;
        value           nonuniform 0();
    }
    lowerWall
    {
        type            fixedValue;
        value           nonuniform 0();
    }
    atmosphere
    {
        type            pressureInletOutletVelocity;
        value           nonuniform List<vector> 
45
(
(0 -1.11262e-32 0)
(0 -1.66594e-33 0)
(0 -2.56895e-34 0)
(0 -2.64275e-35 0)
(0 -2.95839e-36 0)
(0 -2.83882e-37 0)
(0 -2.82815e-38 0)
(0 -2.55083e-39 0)
(0 -2.29048e-40 0)
(0 -1.91204e-41 0)
(0 -1.56378e-42 0)
(0 -1.20992e-43 0)
(0 -9.12474e-45 0)
(0 -6.58264e-46 0)
(0 -4.62293e-47 0)
(0 -3.12798e-48 0)
(0 -2.06099e-49 0)
(0 -1.31473e-50 0)
(0 -8.17439e-52 0)
(0 -4.93793e-53 0)
(0 -2.9101e-54 0)
(0 -1.59765e-55 0)
(-6.86229e-55 1.31535e-55 0)
(-1.18159e-53 2.58596e-54 0)
(-2.04896e-52 4.62699e-53 0)
(-3.46153e-51 8.08669e-52 0)
(-5.70139e-50 1.37727e-50 0)
(-9.12497e-49 2.28865e-49 0)
(-1.42159e-47 3.6971e-48 0)
(-2.14509e-46 5.81953e-47 0)
(-3.14552e-45 8.87697e-46 0)
(-4.448e-44 1.31782e-44 0)
(-6.10292e-43 1.88771e-43 0)
(-8.02472e-42 2.62938e-42 0)
(-1.02269e-40 3.51254e-41 0)
(-1.23741e-39 4.56329e-40 0)
(-1.45138e-38 5.63537e-39 0)
(-1.59192e-37 6.78828e-38 0)
(-1.6981e-36 7.67682e-37 0)
(-1.64818e-35 8.57481e-36 0)
(-1.5702e-34 8.87123e-35 0)
(-1.28136e-33 9.38735e-34 0)
(-1.04138e-32 8.95382e-33 0)
(-5.96465e-32 8.85191e-32 0)
(-3.39236e-31 6.49511e-31 0)
)
;
    }
    defaultFaces
    {
        type            empty;
    }
    procBoundary2to0
    {
        type            processor;
        value           nonuniform List<vector> 
46
(
(-3.24373e-33 2.95743e-33 0)
(-5.69826e-34 3.61129e-34 0)
(-7.19224e-35 4.39377e-35 0)
(-9.1588e-36 4.58496e-36 0)
(-9.88294e-37 4.70153e-37 0)
(-1.04406e-37 4.38975e-38 0)
(-9.96289e-39 3.98928e-39 0)
(-9.21876e-40 3.39129e-40 0)
(-7.94503e-41 2.79611e-41 0)
(-6.62435e-42 2.18913e-42 0)
(-5.23181e-43 1.66168e-43 0)
(-3.99938e-44 1.2089e-44 0)
(-2.9265e-45 8.54323e-46 0)
(-2.15728e-46 6.86446e-47 0)
(-9.45882e-47 1.39536e-46 0)
(-6.54766e-46 1.67577e-45 0)
(-2.85563e-45 2.01416e-44 0)
(2.84281e-44 2.30987e-43 0)
(1.12996e-42 2.60096e-42 0)
(2.12233e-41 2.78725e-41 0)
(3.26586e-40 2.98458e-40 0)
(4.3266e-39 3.04366e-39 0)
(5.21572e-38 3.17674e-38 0)
(5.77683e-37 3.15337e-37 0)
(5.83381e-36 3.24761e-36 0)
(-6.85869e-32 -5.10586e-32 0)
(-5.22319e-31 -3.75105e-31 0)
(-2.2059e-30 -2.5041e-30 0)
(-1.40799e-29 -4.54118e-31 0)
(-4.65109e-30 4.8661e-30 0)
(1.25074e-29 1.05851e-30 0)
(1.19064e-30 -3.05394e-30 0)
(-3.95429e-30 -1.92247e-31 0)
(2.61032e-31 1.71508e-30 0)
(5.36467e-30 1.07057e-30 0)
(6.19109e-30 1.48828e-31 0)
(6.36844e-30 -7.22326e-32 0)
(6.23553e-30 -1.51887e-31 0)
(5.52492e-30 -9.60689e-31 0)
(8.75851e-31 -9.77655e-31 0)
(2.6988e-32 -2.64178e-31 0)
(-6.74462e-31 -8.36842e-31 0)
(-4.62459e-30 -2.59592e-33 0)
(-7.00957e-31 8.13989e-31 0)
(-1.70161e-31 1.20782e-31 0)
(-1.70161e-31 1.20782e-31 0)
)
;
    }
    procBoundary2to3
    {
        type            processor;
        value           nonuniform List<vector> 
43
(
(3.47366e-34 9.76243e-39 0)
(5.58876e-35 -3.11626e-35 0)
(1.0394e-35 -5.49715e-36 0)
(1.39014e-36 -4.40073e-36 0)
(-3.80564e-36 -3.40339e-35 0)
(-1.89019e-34 -3.63265e-34 0)
(-4.46012e-33 -2.86761e-33 0)
(-7.66025e-32 -2.70615e-32 0)
(-8.86364e-31 -1.1461e-31 0)
(-7.418e-32 -1.13291e-30 0)
(1.66344e-32 -5.21387e-30 0)
(-3.14046e-33 -6.19339e-29 0)
(-4.33811e-32 1.32381e-30 0)
(-2.07393e-33 6.33839e-29 0)
(2.16115e-32 5.36729e-30 0)
(2.48295e-33 1.18767e-30 0)
(-4.7349e-36 2.29675e-31 0)
(-2.38027e-33 1.18254e-30 0)
(-2.10564e-32 4.52616e-30 0)
(3.14373e-32 6.38832e-29 0)
(7.48633e-32 -8.16969e-29 0)
(-2.53308e-32 -1.52213e-28 0)
(-7.55245e-32 -8.97751e-30 0)
(2.68875e-32 6.5454e-29 0)
(7.61921e-32 -8.59051e-29 0)
(-5.19547e-32 -1.56701e-28 0)
(-5.63641e-32 6.66855e-29 0)
(1.47667e-32 2.57104e-30 0)
(-1.04242e-31 6.2023e-31 0)
(-1.2425e-30 -8.24774e-30 0)
(-1.10288e-31 -8.52398e-29 0)
(-3.53872e-32 -7.23448e-30 0)
(-3.62997e-33 -1.56843e-30 0)
(-4.46251e-34 -1.59129e-31 0)
(1.85443e-37 -4.22349e-32 0)
(4.42353e-34 -1.50038e-31 0)
(3.17984e-33 -1.53891e-30 0)
(2.778e-32 -5.97568e-30 0)
(-4.11731e-32 -8.42358e-29 0)
(-9.88603e-32 1.06969e-28 0)
(2.97121e-32 2.01378e-28 0)
(6.94948e-32 1.81907e-29 0)
(7.84535e-33 4.13245e-30 0)
)
;
    }
}


// ************************************************************************* //
