/*--------------------------------*- C++ -*----------------------------------*\
| =========                 |                                                 |
| \\      /  F ield         | OpenFOAM: The Open Source CFD Toolbox           |
|  \\    /   O peration     | Version:  2.4.0                                 |
|   \\  /    A nd           | Web:      www.OpenFOAM.org                      |
|    \\/     M anipulation  |                                                 |
\*---------------------------------------------------------------------------*/
FoamFile
{
    version     2.0;
    format      ascii;
    class       volVectorField;
    location    "0.05";
    object      U;
}
// * * * * * * * * * * * * * * * * * * * * * * * * * * * * * * * * * * * * * //

dimensions      [0 1 -1 0 0 0 0];

internalField   nonuniform List<vector> 
1915
(
(-1.48692e-36 7.49887e-36 0)
(-1.0184e-37 1.03285e-37 0)
(-1.5805e-39 4.78419e-39 0)
(-6.99286e-41 6.69512e-41 0)
(-1.07075e-42 2.24009e-42 0)
(-3.4436e-44 3.08964e-44 0)
(-5.09946e-46 7.96363e-46 0)
(-1.27119e-47 1.06107e-47 0)
(-1.79369e-49 2.19278e-49 0)
(-3.60719e-51 2.7794e-51 0)
(-4.78939e-53 4.73035e-53 0)
(-7.98083e-55 5.62804e-55 0)
(-9.85561e-57 8.03662e-57 0)
(-1.3738e-58 8.86133e-59 0)
(9.9874e-59 1.41736e-60 0)
(9.18075e-57 2.06404e-59 0)
(6.4714e-55 1.54281e-57 0)
(5.41334e-53 7.31878e-56 0)
(3.2112e-51 5.04709e-54 0)
(2.51218e-49 1.78217e-52 0)
(1.23294e-47 1.14383e-50 0)
(9.12757e-46 2.71584e-49 0)
(3.61678e-44 1.63027e-47 0)
(2.56665e-42 2.03442e-46 0)
(7.92059e-41 1.12526e-44 0)
(-3.74861e-34 4.25139e-38 0)
(-2.74038e-32 1.47979e-39 0)
(-1.91198e-31 8.40081e-40 0)
(-1.87386e-29 -3.47795e-41 0)
(-6.23515e-30 3.30469e-40 0)
(1.86079e-29 5.63626e-41 0)
(1.123e-31 -2.17536e-40 0)
(-6.19863e-30 -3.53489e-41 0)
(9.56704e-33 -2.85364e-38 0)
(6.29599e-30 -5.38445e-36 0)
(6.36566e-30 -7.89379e-34 0)
(6.37486e-30 -8.07916e-32 0)
(6.36598e-30 -7.89379e-34 0)
(6.30507e-30 -5.38456e-36 0)
(6.99265e-32 -2.87024e-38 0)
(1.24166e-34 -3.55086e-41 0)
(-6.06893e-32 -5.39403e-41 0)
(-6.23502e-30 4.93237e-44 0)
(-6.08134e-32 5.48585e-41 0)
(-9.10441e-33 7.1545e-43 0)
(-1.15738e-34 5.20365e-44 0)
(-8.34584e-36 7.14253e-46 0)
(-1.14852e-37 3.29181e-47 0)
(-5.31909e-39 4.59048e-49 0)
(-7.44397e-41 1.53214e-50 0)
(-2.4908e-42 2.10628e-52 0)
(-3.43559e-44 5.42264e-54 0)
(-8.85539e-46 7.20367e-56 0)
(-1.17992e-47 1.4879e-57 0)
(-2.43833e-49 1.88102e-59 0)
(-3.09066e-51 3.20059e-61 0)
(-5.25991e-53 3.79744e-63 0)
(-6.25806e-55 -1.44042e-64 0)
(-8.93584e-57 -1.72795e-62 0)
(-9.73233e-59 -1.60735e-60 0)
(1.10443e-58 -1.21724e-58 0)
(8.6778e-57 -1.05357e-56 0)
(7.21131e-55 -6.90172e-55 0)
(4.6054e-53 -5.61387e-53 0)
(3.49394e-51 -3.15128e-51 0)
(1.81766e-49 -2.42814e-49 0)
(1.28049e-47 -1.14891e-47 0)
(5.32484e-46 -8.44914e-46 0)
(3.53376e-44 -3.28278e-44 0)
(1.13838e-42 -2.32523e-42 0)
(-4.7084e-36 2.27685e-35 0)
(-2.94008e-34 3.13398e-34 0)
(-2.16347e-33 2.35154e-32 0)
(-1.47925e-31 7.50588e-33 0)
(-4.91774e-32 -4.68639e-32 0)
(1.46447e-31 -8.0161e-33 0)
(1.27977e-33 3.11155e-32 0)
(-4.87858e-32 1.8867e-34 0)
(1.03629e-34 -1.57111e-32 0)
(4.98693e-32 -8.02867e-33 0)
(5.07541e-32 -9.06405e-34 0)
(5.07512e-32 -8.07917e-32 0)
(5.05549e-32 -6.79837e-34 0)
(4.99638e-32 7.91627e-33 0)
(7.87708e-34 7.92903e-33 0)
(1.58878e-36 2.11693e-34 0)
(-6.88523e-34 7.81951e-33 0)
(-4.91758e-32 1.08138e-37 0)
(-6.90111e-34 -7.8119e-33 0)
(-9.7588e-35 -1.02043e-34 0)
(-1.48692e-36 -7.49887e-36 0)
(-1.0184e-37 -1.03285e-37 0)
(-1.5805e-39 -4.78419e-39 0)
(-6.99286e-41 -6.69512e-41 0)
(-1.07075e-42 -2.24009e-42 0)
(-3.4436e-44 -3.08964e-44 0)
(-5.09946e-46 -7.96363e-46 0)
(-1.27119e-47 -1.06107e-47 0)
(-1.79369e-49 -2.19278e-49 0)
(-3.60719e-51 -2.7794e-51 0)
(-4.78939e-53 -4.73035e-53 0)
(-7.98083e-55 -5.62804e-55 0)
(-9.85563e-57 -8.03662e-57 0)
(-1.39165e-58 -8.8892e-59 0)
(-3.53463e-59 -2.32384e-59 0)
(-2.52302e-57 -1.26786e-57 0)
(-1.19529e-55 -9.08535e-56 0)
(-8.22683e-54 -4.12589e-54 0)
(-2.89211e-52 -2.73163e-52 0)
(-1.84934e-50 -9.35573e-51 0)
(-4.31893e-49 -5.77049e-49 0)
(-2.56975e-47 -1.35792e-47 0)
(-2.91051e-46 -7.83827e-46 0)
(-1.54541e-44 -1.02256e-44 0)
(7.63947e-44 -5.46862e-43 0)
(-2.5784e-36 5.82431e-35 0)
(-2.46398e-35 5.82423e-36 0)
(-2.02813e-35 2.5021e-34 0)
(-7.85528e-34 7.87558e-35 0)
(-2.6703e-34 -4.95823e-34 0)
(7.69608e-34 -8.52663e-35 0)
(2.33549e-36 3.28937e-34 0)
(-2.40346e-34 2.42351e-36 0)
(7.14458e-36 -1.66433e-34 0)
(2.72978e-34 -8.55141e-35 0)
(3.84194e-34 -1.16004e-35 0)
(2.89395e-34 -7.27248e-34 0)
(1.81413e-34 -8.71397e-36 0)
(2.76938e-34 8.38925e-35 0)
(1.11485e-35 8.41415e-35 0)
(1.06719e-37 2.70514e-36 0)
(-4.47963e-36 8.27456e-35 0)
(-2.6692e-34 1.48512e-39 0)
(-4.5875e-36 -8.26525e-35 0)
(-6.6497e-36 -1.30612e-36 0)
(-9.93987e-38 -9.14661e-38 0)
(-8.53334e-39 -1.42126e-39 0)
(-1.27714e-40 -6.28983e-41 0)
(-6.02789e-42 -9.63088e-43 0)
(-8.85114e-44 -3.09713e-44 0)
(-2.87486e-45 -4.58625e-46 0)
(-4.0705e-47 -1.14324e-47 0)
(-9.96736e-49 -1.61313e-49 0)
(-1.34143e-50 -3.24413e-51 0)
(-2.60362e-52 -4.30735e-53 0)
(-3.2878e-54 -7.17783e-55 0)
(-5.21969e-56 -8.8641e-57 0)
(-6.11065e-58 -1.24975e-58 0)
(-3.27054e-59 -2.25235e-59 0)
(-1.40719e-57 -1.69021e-57 0)
(-1.00805e-55 -9.41755e-56 0)
(-4.57391e-54 -6.96678e-54 0)
(-3.02671e-52 -3.06777e-52 0)
(-1.03439e-50 -2.1192e-50 0)
(-6.37323e-49 -6.99982e-49 0)
(-1.48948e-47 -4.55779e-47 0)
(-8.57415e-46 -1.02617e-45 0)
(-1.08138e-44 -6.3347e-44 0)
(-5.71423e-43 -7.69947e-43 0)
(-5.68371e-43 -4.4449e-41 0)
(-5.57195e-34 5.44349e-34 0)
(-7.53844e-34 1.15385e-34 0)
(-1.17755e-35 1.2812e-34 0)
(-4.58385e-36 7.20731e-36 0)
(-1.14061e-36 -3.55885e-35 0)
(3.02649e-36 -6.12748e-36 0)
(-3.24206e-38 2.36813e-35 0)
(-8.17466e-37 1.62649e-37 0)
(8.11448e-38 -1.1976e-35 0)
(1.15853e-36 -6.22464e-36 0)
(2.37464e-36 -1.36056e-36 0)
(1.31084e-36 -9.49366e-35 0)
(9.89182e-38 -1.159e-36 0)
(1.19706e-36 5.9592e-36 0)
(9.60565e-38 6.05387e-36 0)
(1.35397e-39 1.86274e-37 0)
(-2.10449e-38 5.95814e-36 0)
(-1.1164e-36 1.20437e-40 0)
(-2.24159e-38 -5.95033e-36 0)
(-7.4806e-38 -8.92646e-38 0)
(-1.26704e-39 -7.68022e-39 0)
(-1.04869e-40 -1.14956e-40 0)
(-1.72044e-42 -5.42493e-42 0)
(-7.7995e-44 -7.96554e-44 0)
(-1.23013e-45 -2.58701e-45 0)
(-3.85223e-47 -3.66284e-47 0)
(-5.77255e-49 -8.96883e-49 0)
(-1.36981e-50 -1.20703e-50 0)
(-1.92785e-52 -2.34274e-52 0)
(-3.6453e-54 -2.95833e-54 0)
(-4.76434e-56 -4.69666e-56 0)
(-7.40892e-58 -5.49668e-58 0)
(-3.23405e-59 -1.70205e-59 0)
(-1.8782e-57 -6.28533e-58 0)
(-1.04642e-55 -4.79656e-56 0)
(-7.74097e-54 -2.55183e-54 0)
(-3.40854e-52 -1.80437e-52 0)
(-2.35455e-50 -7.67902e-51 0)
(-7.77651e-49 -5.07948e-49 0)
(-5.06336e-47 -1.64921e-47 0)
(-1.13977e-45 -1.02939e-45 0)
(-7.03563e-44 -2.33961e-44 0)
(-8.54702e-43 -1.38517e-42 0)
(-4.93446e-41 -1.78586e-41 0)
(-5.03422e-41 -9.8615e-40 0)
(-8.60963e-32 4.87277e-32 0)
(-8.76004e-32 4.77938e-34 0)
(-9.72171e-34 3.61686e-36 0)
(-1.28313e-34 8.32757e-38 0)
(-1.72482e-36 -4.02822e-37 0)
(-1.37089e-37 -6.9454e-38 0)
(-5.0554e-39 2.67176e-37 0)
(1.53143e-38 2.08375e-39 0)
(3.68057e-39 -1.35319e-37 0)
(-6.61103e-40 -7.0694e-38 0)
(7.88325e-38 -1.7776e-38 0)
(4.87113e-39 -1.04137e-36 0)
(-7.57555e-38 -1.52134e-38 0)
(3.61166e-40 6.72616e-38 0)
(3.3124e-39 6.84861e-38 0)
(5.76988e-41 2.37483e-39 0)
(1.63185e-41 6.72697e-38 0)
(1.94382e-39 1.61962e-42 0)
(-4.27278e-41 -6.71736e-38 0)
(-3.36462e-39 -1.1398e-39 0)
(-5.43178e-41 -9.43976e-41 0)
(-4.79899e-42 -1.54868e-42 0)
(-7.5453e-44 -7.01958e-44 0)
(-3.45576e-45 -1.10709e-45 0)
(-5.22506e-47 -3.46662e-47 0)
(-1.60825e-48 -5.19461e-49 0)
(-2.30827e-50 -1.23262e-50 0)
(-5.29227e-52 -1.73476e-52 0)
(-7.12131e-54 -3.28015e-54 0)
(-1.2853e-55 -4.28707e-56 0)
(-1.60172e-57 -6.66474e-58 0)
(-3.43587e-59 -1.60331e-59 0)
(-6.98686e-58 -6.85936e-58 0)
(-5.33052e-56 -4.33833e-56 0)
(-2.83588e-54 -3.42435e-54 0)
(-2.00519e-52 -1.77652e-52 0)
(-8.53339e-51 -1.31212e-50 0)
(-5.64449e-49 -5.41906e-49 0)
(-1.83251e-47 -3.78754e-47 0)
(-1.14376e-45 -1.18806e-45 0)
(-2.59911e-44 -7.94677e-44 0)
(-1.53882e-42 -1.73997e-42 0)
(-1.98513e-41 -1.12535e-40 0)
(-1.09816e-39 -1.40298e-39 0)
(-1.44003e-39 -8.71807e-38 0)
(-4.20899e-34 4.97452e-32 0)
(-8.21818e-34 3.84841e-34 0)
(-1.2419e-35 -1.06599e-34 0)
(-1.50122e-36 -1.50115e-36 0)
(-2.36237e-38 -1.23876e-37 0)
(-1.85948e-39 -4.63196e-39 0)
(-6.49506e-41 1.19887e-38 0)
(2.16665e-40 8.79194e-41 0)
(4.29138e-41 -6.10306e-39 0)
(-4.63229e-41 -3.22262e-39 0)
(8.78114e-40 -1.10514e-39 0)
(1.48796e-41 -6.97102e-38 0)
(-9.25357e-40 -9.94323e-40 0)
(-3.81994e-41 2.99407e-39 0)
(3.73434e-41 3.08692e-39 0)
(7.28361e-43 1.02191e-40 0)
(1.10011e-42 3.03501e-39 0)
(6.22265e-41 7.10613e-44 0)
(3.52945e-43 -3.03062e-39 0)
(-3.89044e-41 -4.89312e-41 0)
(-6.89684e-43 -4.32082e-42 0)
(-5.84161e-44 -6.79327e-44 0)
(-9.87846e-46 -3.1107e-45 0)
(-4.34597e-47 -4.70319e-47 0)
(-6.95789e-49 -1.4475e-48 0)
(-2.06606e-50 -2.07749e-50 0)
(-3.09975e-52 -4.76298e-52 0)
(-6.88877e-54 -6.40899e-54 0)
(-9.58073e-56 -1.15672e-55 0)
(-1.68369e-57 -1.44137e-57 0)
(-3.03919e-59 -2.30067e-59 0)
(-7.62515e-58 -1.30042e-58 0)
(-4.82148e-56 -1.04925e-56 0)
(-3.80568e-54 -6.32515e-55 0)
(-1.97434e-52 -4.74726e-53 0)
(-1.4582e-50 -2.3776e-51 0)
(-6.02219e-49 -1.67454e-49 0)
(-4.20898e-47 -6.79457e-48 0)
(-1.32015e-45 -4.54002e-46 0)
(-8.83003e-44 -1.43774e-44 0)
(-1.93309e-42 -9.2251e-43 0)
(-1.25035e-40 -2.1484e-41 0)
(-1.56197e-39 -1.34171e-39 0)
(-9.74219e-38 -2.02587e-38 0)
(-1.65377e-37 -1.21242e-36 0)
(1.21278e-34 1.51982e-31 0)
(-6.64522e-35 1.48849e-33 0)
(-8.70432e-37 9.0978e-36 0)
(-1.54733e-37 3.65816e-38 0)
(-2.28406e-39 -1.31606e-39 0)
(-1.72488e-40 -5.67783e-41 0)
(-3.73335e-42 1.3848e-40 0)
(7.38397e-42 1.11926e-42 0)
(1.39526e-42 -7.06424e-41 0)
(-1.82391e-42 -3.74882e-41 0)
(3.8138e-41 -1.44901e-41 0)
(-2.79872e-46 -8.12854e-40 0)
(-4.06246e-41 -1.30896e-41 0)
(-1.84908e-42 3.45864e-41 0)
(1.18085e-42 3.57614e-41 0)
(2.22617e-44 1.29545e-42 0)
(4.33973e-44 3.51061e-41 0)
(2.47069e-42 9.2876e-46 0)
(2.03226e-44 -3.50525e-41 0)
(-1.25548e-42 -6.21385e-43 0)
(-2.12928e-44 -5.25977e-44 0)
(-1.82234e-45 -8.89415e-46 0)
(-2.96038e-47 -3.91212e-47 0)
(-1.28034e-48 -6.26309e-49 0)
(-1.97067e-50 -1.85959e-50 0)
(-5.6563e-52 -2.78991e-52 0)
(-8.15235e-54 -6.19995e-54 0)
(-1.73099e-55 -8.62261e-56 0)
(-2.30796e-57 -1.5152e-57 0)
(-4.04421e-59 -2.06078e-59 0)
(-1.44787e-58 -1.17592e-58 0)
(-1.16663e-56 -8.24377e-57 0)
(-7.03299e-55 -6.91196e-55 0)
(-5.27853e-53 -4.08325e-53 0)
(-2.64373e-51 -3.20693e-51 0)
(-1.86194e-49 -1.56496e-49 0)
(-7.55489e-48 -1.16555e-47 0)
(-5.0479e-46 -4.58179e-46 0)
(-1.59847e-44 -3.28033e-44 0)
(-1.02562e-42 -1.00092e-42 0)
(-2.38909e-41 -7.0073e-41 0)
(-1.49385e-39 -1.5647e-39 0)
(-2.30274e-38 -1.09798e-37 0)
(-1.43064e-36 -1.58817e-36 0)
(-1.14385e-35 -1.14266e-34 0)
(-5.07502e-34 1.00339e-31 0)
(2.47554e-34 9.84771e-34 0)
(2.70799e-36 7.97984e-36 0)
(1.35474e-37 5.68932e-38 0)
(1.40911e-39 1.39818e-39 0)
(1.79046e-41 1.94344e-41 0)
(-4.65134e-44 5.3641e-42 0)
(6.26485e-44 4.85209e-44 0)
(1.57217e-44 -2.27897e-42 0)
(-2.0493e-44 -1.22187e-42 0)
(4.50059e-43 -5.96135e-43 0)
(-4.6843e-46 -3.54932e-41 0)
(-4.79557e-43 -5.52844e-43 0)
(-2.25866e-44 1.10161e-42 0)
(1.34977e-44 1.15302e-42 0)
(2.74127e-46 4.00039e-44 0)
(5.46876e-46 1.13299e-42 0)
(2.88142e-44 2.78093e-47 0)
(2.61883e-46 -1.13132e-42 0)
(-1.44342e-44 -1.91858e-44 0)
(-2.63911e-46 -1.64092e-45 0)
(-2.15985e-47 -2.66555e-47 0)
(-3.72142e-49 -1.15259e-48 0)
(-1.54494e-50 -1.77399e-50 0)
(-2.48784e-52 -5.09135e-52 0)
(-6.88495e-54 -7.33793e-54 0)
(-1.02559e-55 -1.558e-55 0)
(-2.10848e-57 -2.07726e-57 0)
(-3.01675e-59 -3.45778e-59 0)
(-1.30905e-58 -4.38338e-61 0)
(-9.1666e-57 -1.43975e-60 0)
(-7.68574e-55 -1.26286e-58 0)
(-4.54053e-53 -8.97697e-57 0)
(-3.56605e-51 -7.26881e-55 0)
(-1.74025e-49 -4.36069e-53 0)
(-1.29607e-47 -3.28434e-51 0)
(-5.09481e-46 -1.63258e-49 0)
(-3.64747e-44 -1.15716e-47 0)
(-1.11287e-42 -4.64034e-46 0)
(-7.79076e-41 -3.13447e-44 0)
(-1.7399e-39 -9.7433e-43 0)
(-1.22198e-37 -6.36708e-41 0)
(-1.79884e-36 -1.43974e-39 0)
(-1.33122e-34 -9.2881e-38 0)
(-1.01533e-33 -1.34855e-36 0)
(-1.00457e-33 -5.02493e-32 0)
(-6.43698e-34 -3.67148e-34 0)
(-1.07053e-35 1.19092e-34 0)
(-1.40975e-36 1.67618e-36 0)
(-2.29842e-38 1.17547e-37 0)
(-1.52114e-39 1.67167e-39 0)
(-2.4467e-41 7.51007e-41 0)
(-1.05914e-42 1.07079e-42 0)
(-1.61938e-44 8.90337e-45 0)
(-9.8691e-46 -1.36392e-44 0)
(1.43276e-44 -7.68034e-45 0)
(-1.39219e-47 -4.1895e-43 0)
(-1.50661e-44 -7.1589e-45 0)
(-6.05522e-46 1.26379e-44 0)
(3.28142e-46 1.3274e-44 0)
(6.41339e-48 4.94942e-46 0)
(1.29957e-47 1.30273e-44 0)
(7.11667e-46 3.49002e-49 0)
(6.25914e-48 -1.30075e-44 0)
(-3.55216e-46 -2.37805e-46 0)
(-6.24889e-48 -1.94488e-47 0)
(-5.02613e-49 -3.35085e-49 0)
(-8.3545e-51 -1.39082e-50 0)
(-3.35172e-52 -2.23958e-52 0)
(-5.20832e-54 -6.19738e-54 0)
(-1.37717e-55 -9.23149e-56 0)
(-1.97688e-57 -1.89778e-57 0)
(-3.85221e-59 -2.58567e-59 0)
(-5.46462e-61 -4.13467e-61 0)
(-3.62463e-60 1.98647e-61 0)
(-2.84608e-58 2.74121e-59 0)
(-2.16385e-56 8.96762e-59 0)
(-1.51075e-54 1.20248e-55 0)
(-1.01224e-52 -7.15907e-54 0)
(-6.29193e-51 3.87649e-52 0)
(-3.67531e-49 -6.59604e-50 0)
(-2.04076e-47 8.93755e-49 0)
(-1.02017e-45 -3.4972e-46 0)
(-5.07966e-44 1.47025e-45 0)
(-2.10756e-42 -1.27175e-42 0)
(-9.45843e-41 2.17416e-42 0)
(-3.09021e-39 -3.29147e-39 0)
(-1.2585e-37 4.73809e-39 0)
(-2.89763e-36 -6.07247e-36 0)
(-1.04413e-34 5.52441e-36 0)
(-9.56124e-32 -3.51336e-34 0)
(-9.72608e-32 -5.07592e-36 0)
(-1.07936e-33 1.4664e-39 0)
(-1.42484e-34 3.35475e-40 0)
(-1.91716e-36 2.9696e-41 0)
(-1.30768e-37 4.13815e-43 0)
(-1.85723e-39 1.58621e-44 0)
(-8.33707e-41 2.07367e-46 0)
(-1.18912e-42 -6.40054e-46 0)
(-3.90402e-44 -3.50941e-46 0)
(-3.77668e-46 -2.31418e-46 0)
(-1.40379e-47 -1.32499e-44 0)
(-1.75503e-46 -2.18801e-46 0)
(-7.12305e-48 3.06987e-46 0)
(3.6558e-48 3.26331e-46 0)
(7.59085e-50 1.17082e-47 0)
(1.54704e-49 3.2056e-46 0)
(7.97731e-48 7.82325e-51 0)
(7.46782e-50 -3.201e-46 0)
(-3.98033e-48 -5.63065e-48 0)
(-7.449e-50 -4.52591e-49 0)
(-5.71794e-51 -7.52268e-51 0)
(-9.96561e-53 -3.01741e-52 0)
(-3.83247e-54 -4.68869e-54 0)
(-6.16333e-56 -1.23967e-55 0)
(-1.56876e-57 -1.77947e-57 0)
(-2.30221e-59 -3.46733e-59 0)
(-4.45528e-61 -4.53921e-61 0)
(-1.21913e-60 -6.09807e-63 0)
(-9.99903e-59 7.65398e-62 0)
(-9.06719e-57 6.45751e-60 0)
(-6.35005e-55 5.42763e-58 0)
(-5.33594e-53 3.96827e-56 0)
(-3.13549e-51 3.03022e-54 0)
(-2.47301e-49 1.90172e-52 0)
(-1.19681e-47 1.33209e-50 0)
(-8.97957e-46 7.05669e-49 0)
(-3.48421e-44 4.57883e-47 0)
(-2.5254e-42 1.98743e-45 0)
(-7.54823e-41 1.18395e-43 0)
(-5.39277e-39 3.31879e-42 0)
(-1.16403e-37 3.78407e-41 0)
(-8.4524e-36 -3.4449e-38 0)
(-1.14921e-34 -6.17371e-36 0)
(-8.80646e-33 -7.74486e-34 0)
(-8.91513e-34 -6.79298e-34 0)
(-7.00268e-34 -1.28717e-34 0)
(-1.13574e-35 -1.2242e-34 0)
(-1.46406e-36 -1.6936e-36 0)
(-2.36855e-38 -1.17538e-37 0)
(-1.55578e-39 -1.67072e-39 0)
(-2.49337e-41 -7.50044e-41 0)
(-1.0775e-42 -1.06974e-42 0)
(-1.68142e-44 -3.51197e-44 0)
(-5.33191e-46 -4.93961e-46 0)
(-3.9078e-48 -1.5373e-47 0)
(-2.00462e-49 -1.54492e-46 0)
(-4.24129e-48 -2.74972e-48 0)
(-1.51182e-49 3.42908e-48 0)
(7.05183e-50 3.66049e-48 0)
(1.41587e-51 1.3932e-49 0)
(2.91907e-51 3.59218e-48 0)
(1.55722e-49 9.31682e-53 0)
(1.41112e-51 -3.58694e-48 0)
(-7.77039e-50 -6.71211e-50 0)
(-1.40756e-51 -5.14895e-51 0)
(-1.04308e-52 -8.97345e-53 0)
(-1.76216e-54 -3.45026e-54 0)
(-6.46901e-56 -5.54846e-56 0)
(-1.00769e-57 -1.41215e-57 0)
(-2.42974e-59 -2.07231e-59 0)
(-3.44509e-61 -3.90004e-61 0)
(-5.67331e-63 -4.8127e-63 0)
(4.2897e-62 3.31846e-62 0)
(3.55666e-60 3.29804e-60 0)
(3.18335e-58 2.71767e-58 0)
(2.24432e-56 2.46479e-56 0)
(1.85533e-54 1.72605e-54 0)
(1.1002e-52 1.45071e-52 0)
(8.50497e-51 8.52356e-51 0)
(4.16381e-49 6.72449e-49 0)
(3.04871e-47 3.25332e-47 0)
(1.19952e-45 2.44044e-45 0)
(8.43958e-44 9.41486e-44 0)
(2.56351e-42 6.68705e-42 0)
(1.76521e-40 1.54346e-40 0)
(3.87943e-39 2.10638e-39 0)
(2.68511e-37 -2.36936e-36 0)
(3.71778e-36 -4.58606e-34 0)
(2.6521e-34 -6.84316e-32 0)
(-1.41953e-34 -5.59728e-32 0)
(6.46614e-35 -5.49896e-34 0)
(6.15117e-37 -5.04594e-36 0)
(-3.84089e-38 -4.16891e-38 0)
(-8.20773e-40 -1.46133e-39 0)
(-9.18878e-41 -2.23327e-41 0)
(-1.50311e-42 -9.5321e-43 0)
(-7.48942e-44 -1.4894e-44 0)
(-1.14826e-45 -4.7343e-46 0)
(-3.80823e-47 -7.17926e-48 0)
(-5.0682e-49 -2.43189e-49 0)
(-1.37253e-50 -3.75049e-48 0)
(-4.80307e-50 -6.46571e-50 0)
(-1.72041e-51 6.60888e-50 0)
(7.53497e-52 7.13901e-50 0)
(1.59039e-53 2.62856e-51 0)
(3.2986e-53 7.0116e-50 0)
(1.67483e-51 1.64442e-54 0)
(1.59734e-53 -7.00204e-50 0)
(-8.35719e-52 -1.26826e-51 0)
(-1.59334e-53 -9.39271e-53 0)
(-1.12425e-54 -1.58671e-54 0)
(-1.9713e-56 -5.82386e-56 0)
(-6.92119e-58 -9.07162e-58 0)
(-1.10436e-59 -2.18718e-59 0)
(-2.55593e-61 -3.10115e-61 0)
(-3.40817e-63 -5.50084e-63 0)
(2.46493e-62 -7.44608e-65 0)
(2.45045e-60 -4.29502e-64 0)
(2.01915e-58 -4.2488e-62 0)
(1.83138e-56 -3.50116e-60 0)
(1.28239e-54 -3.17508e-58 0)
(1.07792e-52 -2.22346e-56 0)
(6.33258e-51 -1.86862e-54 0)
(4.99664e-49 -1.09787e-52 0)
(2.41729e-47 -8.66076e-51 0)
(1.81462e-45 -4.18962e-49 0)
(7.03769e-44 -3.14167e-47 0)
(5.10425e-42 -1.20836e-45 0)
(1.52471e-40 -8.48646e-44 0)
(1.09011e-38 -1.64219e-42 0)
(2.35131e-37 5.77738e-41 0)
(1.70867e-35 4.85797e-38 0)
(2.32127e-34 9.12985e-36 0)
(1.78e-32 1.3384e-33 0)
(1.36281e-34 -5.60395e-32 0)
(-6.8222e-35 -5.49494e-34 0)
(-7.79722e-37 -3.9051e-36 0)
(-6.6238e-38 -2.24044e-38 0)
(-8.55552e-40 -1.86224e-40 0)
(-4.30238e-41 -1.79338e-42 0)
(-5.82682e-43 -6.98905e-44 0)
(-2.05707e-44 -1.05173e-45 0)
(-2.79501e-46 -3.46434e-47 0)
(-7.47969e-48 -5.03163e-49 0)
(-9.83602e-50 -1.3226e-50 0)
(-2.10904e-51 -4.25151e-50 0)
(-9.49768e-52 -7.79772e-52 0)
(-3.02706e-53 7.0779e-52 0)
(1.18348e-53 7.68434e-52 0)
(2.42955e-55 2.9703e-53 0)
(5.09949e-55 7.54121e-52 0)
(2.6631e-53 1.83668e-56 0)
(2.47347e-55 -7.53091e-52 0)
(-1.32904e-53 -1.43564e-53 0)
(-2.46771e-55 -1.01237e-54 0)
(-1.65881e-56 -1.77502e-56 0)
(-2.8327e-58 -6.23098e-58 0)
(-9.40463e-60 -9.9419e-60 0)
(-1.45828e-61 -2.30081e-61 0)
(-3.17684e-63 -3.2992e-63 0)
(-4.44928e-65 -5.94673e-65 0)
(-3.88907e-65 -3.48703e-64 0)
(-4.22597e-63 -3.34676e-62 0)
(-3.32774e-61 -3.31867e-60 0)
(-3.43797e-59 -2.73456e-58 0)
(-2.25632e-57 -2.48025e-56 0)
(-2.20413e-55 -1.73676e-54 0)
(-1.19335e-53 -1.45984e-52 0)
(-1.1156e-51 -8.57638e-51 0)
(-4.90786e-50 -6.76703e-49 0)
(-4.44591e-48 -3.27345e-47 0)
(-1.5539e-46 -2.45595e-45 0)
(-1.38452e-44 -9.47234e-44 0)
(-3.71298e-43 -6.72741e-42 0)
(-3.32342e-41 -1.546e-40 0)
(-6.45267e-40 -1.95037e-39 0)
(-6.01299e-38 2.42084e-36 0)
(-7.47418e-37 4.68009e-34 0)
(-7.6896e-35 6.97873e-32 0)
(-7.91941e-36 -1.03161e-33 0)
(3.96276e-36 -1.42104e-35 0)
(4.53892e-38 -2.2877e-37 0)
(3.74107e-39 -2.23529e-39 0)
(4.79113e-41 -8.15732e-41 0)
(2.34243e-42 -1.06826e-42 0)
(3.12943e-44 -3.70146e-44 0)
(1.07786e-45 -4.99559e-46 0)
(1.44099e-47 -1.32869e-47 0)
(3.77537e-49 -1.75269e-49 0)
(4.93371e-51 -3.71803e-51 0)
(1.02734e-52 -8.66252e-52 0)
(-8.68538e-54 -1.54215e-53 0)
(-3.01032e-55 1.11052e-53 0)
(1.19949e-55 1.22093e-53 0)
(2.56339e-57 4.59186e-55 0)
(5.40669e-57 1.19908e-53 0)
(2.71193e-55 2.63405e-58 0)
(2.62675e-57 -1.19756e-53 0)
(-1.35344e-55 -2.22334e-55 0)
(-2.62079e-57 -1.4937e-56 0)
(-1.6721e-58 -2.55061e-58 0)
(-2.93585e-60 -8.46668e-60 0)
(-9.28981e-62 -1.3128e-61 0)
(-1.46072e-63 -2.85971e-63 0)
(-3.15951e-65 -3.96843e-65 0)
(-1.30071e-64 -6.50261e-67 0)
(-1.24683e-62 -1.52094e-66 0)
(-1.23632e-60 -1.47237e-64 0)
(-1.01866e-58 -1.38012e-62 0)
(-9.23891e-57 -1.1652e-60 0)
(-6.46899e-55 -9.80577e-59 0)
(-5.43738e-53 -7.14039e-57 0)
(-3.19416e-51 -5.44314e-55 0)
(-2.52026e-49 -3.38199e-53 0)
(-1.21919e-47 -2.35229e-51 0)
(-9.15219e-46 -1.226e-49 0)
(-3.54935e-44 -7.79307e-48 0)
(-2.57427e-42 -3.23161e-46 0)
(-7.68952e-41 -1.61865e-44 0)
(-5.4979e-39 2.43023e-43 0)
(-1.1859e-37 1.7516e-40 0)
(-8.61833e-36 4.06342e-38 0)
(-1.17101e-34 6.61585e-36 0)
(-8.98018e-33 7.94964e-34 0)
(-1.44222e-34 -5.92155e-32 0)
(7.21682e-35 -5.80524e-34 0)
(8.23686e-37 -4.02115e-36 0)
(6.88577e-38 -2.20027e-38 0)
(8.83197e-40 -6.4959e-41 0)
(4.37945e-41 1.31601e-43 0)
(5.874e-43 1.81702e-44 0)
(2.04779e-44 2.60376e-46 0)
(2.75127e-46 7.00178e-48 0)
(7.27776e-48 9.20306e-50 0)
(9.54051e-50 1.93337e-51 0)
(2.00467e-51 1.54304e-53 0)
(2.50042e-53 2.51373e-55 0)
(4.28146e-55 1.17528e-55 0)
(6.68129e-57 1.24481e-55 0)
(1.06275e-58 4.86921e-57 0)
(7.05908e-59 1.22107e-55 0)
(3.57839e-57 2.72583e-60 0)
(3.39622e-59 -1.21953e-55 0)
(-1.78611e-57 -2.36122e-57 0)
(-3.38911e-59 -1.50566e-58 0)
(-2.03791e-60 -2.64347e-60 0)
(-3.49985e-62 -8.36331e-62 0)
(-1.03936e-63 -1.31498e-63 0)
(-1.5918e-65 -2.73794e-65 0)
(-3.29851e-67 -3.70508e-67 0)
(-2.09205e-66 1.05582e-66 0)
(-2.01753e-64 1.16711e-64 0)
(-1.95578e-62 1.12243e-62 0)
(-1.62719e-60 1.11299e-60 0)
(-1.4331e-58 9.17059e-59 0)
(-1.01882e-56 8.31758e-57 0)
(-8.25057e-55 5.82407e-55 0)
(-4.95012e-53 4.89538e-53 0)
(-3.72872e-51 2.87588e-51 0)
(-1.85358e-49 2.26916e-49 0)
(-1.31396e-47 1.09778e-47 0)
(-5.26905e-46 8.24089e-46 0)
(-3.55958e-44 3.19618e-44 0)
(-1.10627e-42 2.31818e-42 0)
(-7.22932e-41 6.92602e-41 0)
(-1.63215e-39 4.95327e-39 0)
(-1.0514e-37 1.07163e-37 0)
(-1.49917e-36 7.81338e-36 0)
(-9.50281e-35 1.10908e-34 0)
(1.4577e-34 -5.91515e-32 0)
(-7.29419e-35 -5.7978e-34 0)
(-8.34542e-37 -3.96088e-36 0)
(-6.97845e-38 -2.12255e-38 0)
(-8.96874e-40 -2.59006e-41 0)
(-4.44799e-41 6.61383e-43 0)
(-5.97634e-43 3.69103e-44 0)
(-2.08358e-44 5.15501e-46 0)
(-2.8036e-46 1.38419e-47 0)
(-7.41587e-48 1.82988e-49 0)
(-9.73419e-50 3.86912e-51 0)
(-2.04514e-51 4.88068e-53 0)
(-2.56988e-53 8.44438e-55 0)
(-4.42013e-55 1.1569e-56 0)
(-5.2189e-57 1.78663e-57 0)
(-7.4909e-59 6.44526e-59 0)
(-1.41981e-61 1.61117e-57 0)
(3.40343e-59 3.26306e-62 0)
(3.3413e-61 -1.60928e-57 0)
(-1.69936e-59 -3.05324e-59 0)
(-3.33559e-61 -1.83501e-60 0)
(-1.89524e-62 -3.15122e-62 0)
(-3.31658e-64 -9.35691e-64 0)
(-9.34194e-66 -1.43297e-65 0)
(-1.43607e-67 -2.79531e-67 0)
(-2.57049e-69 -3.43068e-69 0)
(1.07156e-68 3.61558e-68 0)
(1.11859e-66 3.90658e-66 0)
(1.15903e-64 3.76726e-64 0)
(1.02957e-62 3.64507e-62 0)
(9.64056e-61 3.0263e-60 0)
(7.24867e-59 2.66016e-58 0)
(6.21763e-57 1.88728e-56 0)
(3.90199e-55 1.5253e-54 0)
(3.1058e-53 9.13409e-53 0)
(1.59306e-51 6.86626e-51 0)
(1.19164e-49 3.40811e-49 0)
(4.84108e-48 2.41086e-47 0)
(3.44816e-46 9.66006e-46 0)
(1.05535e-44 6.51219e-44 0)
(7.26366e-43 2.02516e-42 0)
(1.52912e-41 1.32087e-40 0)
(1.03526e-39 2.99579e-39 0)
(1.19524e-38 1.92959e-37 0)
(8.10695e-37 2.82748e-36 0)
(1.4578e-34 -6.0233e-34 0)
(-7.298e-35 -8.02992e-36 0)
(-8.36419e-37 -7.16837e-38 0)
(-7.11608e-38 -1.94284e-40 0)
(-9.21574e-40 6.11994e-41 0)
(-4.63867e-41 1.13005e-42 0)
(-6.29779e-43 6.38745e-44 0)
(-2.22486e-44 1.01201e-45 0)
(-3.02993e-46 3.50785e-47 0)
(-8.11313e-48 5.17891e-49 0)
(-1.0789e-49 1.31148e-50 0)
(-2.29322e-51 1.81213e-52 0)
(-2.92092e-53 3.59114e-54 0)
(-5.08069e-55 4.61819e-56 0)
(-6.10059e-57 7.59238e-58 0)
(-8.86749e-59 9.43118e-60 0)
(-9.8193e-61 1.54464e-59 0)
(3.65418e-61 1.58385e-63 0)
(3.52997e-63 -1.53109e-59 0)
(-1.88515e-61 -3.00493e-61 0)
(-3.64787e-63 -1.70653e-62 0)
(-1.9355e-64 -2.98617e-64 0)
(-3.32459e-66 -8.4101e-66 0)
(-8.73593e-68 -1.29278e-67 0)
(-1.12141e-69 -2.31176e-69 0)
(2.08876e-68 1.05271e-68 0)
(2.2521e-66 1.18061e-66 0)
(2.16761e-64 1.29821e-64 0)
(2.09357e-62 1.24831e-62 0)
(1.73471e-60 1.23823e-60 0)
(1.52203e-58 1.02e-58 0)
(1.07767e-56 9.25547e-57 0)
(8.69307e-55 6.47856e-55 0)
(5.19607e-53 5.44875e-53 0)
(3.89822e-51 3.19955e-51 0)
(1.93193e-49 2.52644e-49 0)
(1.36382e-47 1.2216e-47 0)
(5.45979e-46 9.17886e-46 0)
(3.67295e-44 3.55783e-44 0)
(1.14255e-42 2.58339e-42 0)
(7.43615e-41 7.71346e-41 0)
(1.68934e-39 5.52413e-39 0)
(1.08444e-37 1.19441e-37 0)
(1.57451e-36 8.7244e-36 0)
(9.93936e-35 1.23834e-34 0)
(-1.57298e-34 -4.84222e-34 0)
(7.10751e-35 -5.32385e-36 0)
(6.59196e-37 1.50556e-36 0)
(-5.25205e-38 2.56343e-38 0)
(-1.07065e-39 1.72473e-39 0)
(-1.14389e-40 2.75654e-41 0)
(-1.86059e-42 1.18596e-42 0)
(-9.17957e-44 1.84557e-44 0)
(-1.40427e-45 5.83384e-46 0)
(-4.6375e-47 8.7234e-48 0)
(-6.72535e-49 2.15121e-49 0)
(-1.66121e-50 3.05297e-51 0)
(-2.26981e-52 6.09789e-53 0)
(-4.43105e-54 8.12272e-55 0)
(-5.6518e-56 1.34773e-56 0)
(-9.01286e-58 1.6671e-58 0)
(-1.06186e-59 2.50812e-60 0)
(-1.38022e-61 2.6567e-62 0)
(-1.48739e-63 -1.69516e-61 0)
(-1.66942e-63 -3.28273e-63 0)
(-3.30017e-65 -1.74239e-64 0)
(-1.6379e-66 -2.99299e-66 0)
(-2.84016e-68 -7.86429e-68 0)
(-6.0846e-70 -1.17906e-69 0)
(1.17209e-68 -1.14515e-70 0)
(1.31169e-66 -1.1642e-68 0)
(1.44234e-64 -1.30181e-66 0)
(1.38689e-62 -1.43003e-64 0)
(1.37568e-60 -1.37556e-62 0)
(1.13321e-58 -1.3626e-60 0)
(1.02827e-56 -1.12321e-58 0)
(7.19748e-55 -1.01742e-56 0)
(6.05333e-53 -7.12873e-55 0)
(3.55448e-51 -5.98236e-53 0)
(2.80667e-49 -3.51758e-51 0)
(1.35704e-47 -2.77004e-49 0)
(1.01964e-45 -1.3416e-47 0)
(3.95198e-44 -1.00471e-45 0)
(2.86952e-42 -3.90088e-44 0)
(8.56598e-41 -2.81833e-42 0)
(6.13306e-39 -8.34252e-41 0)
(1.32207e-37 -5.78047e-39 0)
(9.62488e-36 -8.34048e-38 0)
(1.30714e-34 -1.9294e-36 0)
(1.00492e-32 7.66561e-34 0)
(-7.3626e-34 -6.2016e-32 0)
(-1.00583e-33 -4.59315e-34 0)
(-1.55253e-35 1.42639e-34 0)
(-1.91457e-36 2.00878e-36 0)
(-3.04482e-38 1.40921e-37 0)
(-1.96675e-39 2.00414e-39 0)
(-3.12588e-41 8.99737e-41 0)
(-1.33933e-42 1.28321e-42 0)
(-2.07984e-44 4.2114e-44 0)
(-6.56035e-46 5.87696e-46 0)
(-9.79648e-48 1.49632e-47 0)
(-2.41232e-49 2.00808e-49 0)
(-3.42026e-51 4.11715e-51 0)
(-6.82426e-53 5.24084e-53 0)
(-9.08377e-55 8.87432e-55 0)
(-1.50596e-56 1.05831e-56 0)
(-1.86173e-58 1.50634e-58 0)
(-2.60952e-60 1.66262e-60 0)
(-2.9634e-62 1.86466e-62 0)
(-3.70892e-64 1.73539e-64 0)
(-3.97039e-66 6.35785e-67 0)
(-5.19901e-68 -6.37803e-69 0)
(-5.91984e-70 -4.61606e-70 0)
(-1.11685e-70 -1.07151e-71 0)
(-1.27461e-68 -3.48967e-70 0)
(-1.42534e-66 -4.31781e-68 0)
(-1.56616e-64 -4.82819e-66 0)
(-1.50648e-62 -5.30827e-64 0)
(-1.4928e-60 -5.10497e-62 0)
(-1.23042e-58 -5.06253e-60 0)
(-1.11501e-56 -4.17119e-58 0)
(-7.81124e-55 -3.7837e-56 0)
(-6.55854e-53 -2.64924e-54 0)
(-3.8554e-51 -2.22715e-52 0)
(-3.03796e-49 -1.30827e-50 0)
(-1.47087e-47 -1.03246e-48 0)
(-1.10237e-45 -4.99386e-47 0)
(-4.27933e-44 -3.74814e-45 0)
(-3.09764e-42 -1.44761e-43 0)
(-9.26299e-41 -1.03437e-41 0)
(-6.60702e-39 -2.57401e-40 0)
(-1.42678e-37 -8.27659e-39 0)
(-1.03372e-35 2.56648e-36 0)
(-1.40596e-34 5.12929e-34 0)
(-1.07353e-32 7.79597e-32 0)
(-1.14129e-31 6.60975e-32 0)
(-1.1684e-31 6.50192e-34 0)
(-1.29674e-33 4.5169e-36 0)
(-1.71042e-34 2.47822e-38 0)
(-2.30128e-36 7.56746e-41 0)
(-1.56913e-37 -1.13825e-43 0)
(-2.22844e-39 -1.92528e-44 0)
(-1.00014e-40 -2.7723e-46 0)
(-1.42645e-42 -7.45776e-48 0)
(-4.68199e-44 -9.8107e-50 0)
(-6.534e-46 -2.06015e-51 0)
(-1.66367e-47 -2.58949e-53 0)
(-2.23273e-49 -4.45069e-55 0)
(-4.57773e-51 -5.27162e-57 0)
(-5.82722e-53 -7.5739e-59 0)
(-9.867e-55 -8.33428e-61 0)
(-1.17669e-56 -1.01382e-62 0)
(-1.67477e-58 -1.02338e-64 0)
(-1.84852e-60 -1.50631e-65 0)
(-2.23857e-62 -2.85463e-67 0)
(-2.25816e-64 -1.28101e-68 0)
(-2.3448e-66 -2.17832e-70 0)
(-2.13273e-68 -4.98817e-72 0)
(-4.83315e-70 1.33084e-72 0)
(-3.62395e-68 1.82559e-70 0)
(-4.0522e-66 2.2592e-68 0)
(-4.45484e-64 2.52631e-66 0)
(-4.28436e-62 2.77657e-64 0)
(-4.24837e-60 2.67053e-62 0)
(-3.50055e-58 2.64714e-60 0)
(-3.17498e-56 2.18152e-58 0)
(-2.22318e-54 1.97772e-56 0)
(-1.86869e-52 1.38518e-54 0)
(-1.09779e-50 1.16365e-52 0)
(-8.66196e-49 6.83838e-51 0)
(-4.19042e-47 5.39188e-49 0)
(-3.14568e-45 2.6091e-47 0)
(-1.21998e-43 1.95531e-45 0)
(-8.84824e-42 7.52397e-44 0)
(-2.64306e-40 5.28143e-42 0)
(-1.88973e-38 1.02658e-40 0)
(-4.07606e-37 -3.49784e-39 0)
(-2.96212e-35 -3.0008e-36 0)
(-4.02433e-34 -5.64172e-34 0)
(-3.08607e-32 -8.27192e-32 0)
(-8.99471e-34 1.93777e-31 0)
(-9.24166e-34 1.75339e-33 0)
(-1.45888e-35 -1.33593e-34 0)
(-1.83636e-36 -1.95867e-36 0)
(-2.94417e-38 -1.40726e-37 0)
(-1.91691e-39 -2.00376e-39 0)
(-3.05886e-41 -8.99909e-41 0)
(-1.31599e-42 -1.28347e-42 0)
(-2.04842e-44 -4.21214e-44 0)
(-6.47732e-46 -5.87793e-46 0)
(-9.68746e-48 -1.49653e-47 0)
(-2.38944e-49 -2.00833e-49 0)
(-3.39149e-51 -4.11759e-51 0)
(-6.77482e-53 -5.24136e-53 0)
(-9.0252e-55 -8.87506e-55 0)
(-1.49754e-56 -1.05839e-56 0)
(-1.85247e-58 -1.50643e-58 0)
(-2.59827e-60 -1.66272e-60 0)
(-2.95206e-62 -2.01362e-62 0)
(-3.54171e-64 -2.03128e-64 0)
(-3.65347e-66 -2.10928e-66 0)
(-3.77632e-68 -1.91836e-68 0)
(-3.48487e-70 -1.71389e-70 0)
(9.66859e-71 2.70939e-72 0)
(1.23529e-68 5.32647e-70 0)
(1.38128e-66 6.59304e-68 0)
(1.51845e-64 7.37241e-66 0)
(1.46029e-62 8.10494e-64 0)
(1.44795e-60 7.79472e-62 0)
(1.19302e-58 7.72925e-60 0)
(1.08201e-56 6.36867e-58 0)
(7.57617e-55 5.77639e-56 0)
(6.36782e-53 4.04472e-54 0)
(3.74076e-51 3.39983e-52 0)
(2.95145e-49 1.99729e-50 0)
(1.42779e-47 1.57594e-48 0)
(1.07178e-45 7.62315e-47 0)
(4.15656e-44 5.71948e-45 0)
(3.01455e-42 2.2059e-43 0)
(9.00482e-41 1.56679e-41 0)
(6.43802e-39 3.60347e-40 0)
(1.38873e-37 4.6368e-39 0)
(1.00917e-35 -5.61371e-36 0)
(1.37126e-34 -1.08472e-33 0)
(1.0515e-32 -1.61608e-31 0)
(-3.17066e-34 6.71954e-32 0)
(1.5102e-34 6.63952e-34 0)
(1.57814e-36 3.15226e-36 0)
(2.41889e-38 5.41656e-40 0)
(-8.17376e-41 -1.59746e-39 0)
(-6.5446e-41 -2.70052e-41 0)
(-1.20154e-42 -1.18199e-42 0)
(-6.88636e-44 -1.84211e-44 0)
(-1.09519e-45 -5.82601e-46 0)
(-3.82133e-47 -8.71345e-48 0)
(-5.65267e-49 -2.14912e-49 0)
(-1.43616e-50 -3.05038e-51 0)
(-1.98676e-52 -6.09341e-53 0)
(-3.94475e-54 -8.11748e-55 0)
(-5.0755e-56 -1.34695e-56 0)
(-8.18515e-58 -1.66621e-58 0)
(-9.70747e-60 -2.3371e-60 0)
(-1.30235e-61 -2.65539e-62 0)
(-1.4084e-63 -3.18589e-64 0)
(-1.59626e-65 -3.28652e-66 0)
(-1.55482e-67 -3.39716e-68 0)
(-1.50257e-69 -3.14198e-70 0)
(-1.07043e-71 -2.81606e-72 0)
(2.98892e-70 -1.44894e-72 0)
(3.70083e-68 -1.85528e-70 0)
(4.1382e-66 -2.29626e-68 0)
(4.54928e-64 -2.56759e-66 0)
(4.37501e-62 -2.82253e-64 0)
(4.33818e-60 -2.71438e-62 0)
(3.57439e-58 -2.6914e-60 0)
(3.24192e-56 -2.21755e-58 0)
(2.26993e-54 -2.01118e-56 0)
(1.90799e-52 -1.40821e-54 0)
(1.12082e-50 -1.1836e-52 0)
(8.84378e-49 -6.95308e-51 0)
(4.27814e-47 -5.48591e-49 0)
(3.21162e-45 -2.65395e-47 0)
(1.24548e-43 -1.99221e-45 0)
(9.03363e-42 -7.72773e-44 0)
(2.69834e-40 -5.60739e-42 0)
(1.92938e-38 -1.68415e-40 0)
(4.16159e-37 -1.22032e-38 0)
(3.02455e-35 -3.045e-37 0)
(4.10951e-34 -2.61726e-35 0)
(3.15178e-32 -1.13905e-33 0)
(4.35136e-37 6.83689e-32 0)
(-2.51709e-37 6.72629e-34 0)
(1.88937e-39 4.68734e-36 0)
(-1.30369e-39 2.55505e-38 0)
(-1.93515e-41 2.11759e-41 0)
(-1.78063e-42 -1.16999e-42 0)
(-2.82329e-44 -8.08784e-44 0)
(-1.33154e-45 -1.25773e-45 0)
(-2.07127e-47 -4.17271e-47 0)
(-6.62512e-49 -6.04943e-49 0)
(-9.85822e-51 -1.4948e-50 0)
(-2.37065e-52 -2.04164e-52 0)
(-3.32298e-54 -3.98651e-54 0)
(-6.34049e-56 -5.08355e-56 0)
(-8.26689e-58 -8.10799e-58 0)
(-1.29324e-59 -9.55114e-60 0)
(-1.54964e-61 -1.27138e-61 0)
(-2.02985e-63 -1.3675e-63 0)
(-2.20803e-65 -1.54083e-65 0)
(-2.4544e-67 -1.49407e-67 0)
(-2.39208e-69 -1.4372e-69 0)
(-2.27366e-71 -1.23882e-71 0)
(-1.01281e-72 -1.3182e-73 0)
(-1.06313e-70 -4.21592e-72 0)
(-1.31577e-68 -5.48434e-70 0)
(-1.47119e-66 -6.78852e-68 0)
(-1.61722e-64 -7.59092e-66 0)
(-1.5552e-62 -8.34552e-64 0)
(-1.54198e-60 -8.02592e-62 0)
(-1.27044e-58 -7.95898e-60 0)
(-1.15217e-56 -6.55773e-58 0)
(-8.06704e-55 -5.94833e-56 0)
(-6.78009e-53 -4.1649e-54 0)
(-3.98278e-51 -3.50119e-52 0)
(-3.14226e-49 -2.05671e-50 0)
(-1.52005e-47 -1.62303e-48 0)
(-1.14098e-45 -7.85081e-47 0)
(-4.42485e-44 -5.89287e-45 0)
(-3.20902e-42 -2.27899e-43 0)
(-9.58577e-41 -1.63636e-41 0)
(-6.85319e-39 -4.33797e-40 0)
(-1.47836e-37 -2.02147e-38 0)
(-1.07429e-35 2.49194e-36 0)
(-1.45999e-34 5.29292e-34 0)
(-1.11949e-32 8.2921e-32 0)
(-1.6283e-34 6.79557e-32 0)
(8.14797e-35 6.6668e-34 0)
(9.27154e-37 4.82918e-36 0)
(7.75336e-38 2.81241e-38 0)
(9.92145e-40 2.2006e-40 0)
(4.92068e-41 1.80516e-42 0)
(6.58666e-43 4.702e-44 0)
(2.29664e-44 6.1239e-46 0)
(3.0802e-46 1.59464e-47 0)
(8.14935e-48 2.08229e-49 0)
(1.06669e-49 4.34427e-51 0)
(2.24179e-51 5.43041e-53 0)
(2.81016e-53 9.27919e-55 0)
(4.83492e-55 1.09248e-56 0)
(5.71434e-57 1.56042e-58 0)
(8.21681e-59 1.706e-60 0)
(9.0265e-61 2.06566e-62 0)
(1.10024e-62 2.068e-64 0)
(1.10769e-64 2.1417e-66 0)
(1.15492e-66 1.9349e-68 0)
(1.05007e-68 1.72135e-70 0)
(9.40547e-71 1.3814e-72 0)
(-1.62462e-72 2.60951e-74 0)
(-3.1029e-70 2.20435e-72 0)
(-3.84096e-68 2.86803e-70 0)
(-4.29496e-66 3.55015e-68 0)
(-4.72212e-64 3.96981e-66 0)
(-4.54121e-62 4.3646e-64 0)
(-4.50358e-60 4.19747e-62 0)
(-3.71057e-58 4.16264e-60 0)
(-3.36598e-56 3.42975e-58 0)
(-2.35668e-54 3.11119e-56 0)
(-1.98129e-52 2.17837e-54 0)
(-1.16379e-50 1.83134e-52 0)
(-9.18492e-49 1.07576e-50 0)
(-4.4427e-47 8.48984e-49 0)
(-3.33606e-45 4.10626e-47 0)
(-1.29357e-43 3.08153e-45 0)
(-9.38539e-42 1.18824e-43 0)
(-2.80293e-40 8.43978e-42 0)
(-2.00493e-38 1.93312e-40 0)
(-4.32365e-37 2.30615e-39 0)
(-3.14383e-35 -3.06477e-36 0)
(-4.27049e-34 -5.91144e-34 0)
(-3.27747e-32 -8.79374e-32 0)
(3.60364e-34 2.50957e-33 0)
(-1.80323e-34 3.45681e-35 0)
(-2.0677e-36 5.55319e-37 0)
(-1.72671e-37 5.41605e-39 0)
(-2.22227e-39 1.9677e-40 0)
(-1.10086e-40 2.57062e-42 0)
(-1.48062e-42 8.88105e-44 0)
(-5.15713e-44 1.19556e-45 0)
(-6.94476e-46 3.17168e-47 0)
(-1.8356e-47 4.17202e-49 0)
(-2.41097e-49 8.79375e-51 0)
(-5.06254e-51 1.10782e-52 0)
(-6.36443e-53 1.91156e-54 0)
(-1.09418e-54 2.27037e-56 0)
(-1.29626e-56 3.27426e-58 0)
(-1.86278e-58 3.61419e-60 0)
(-2.05016e-60 4.41879e-62 0)
(-2.49776e-62 4.46943e-64 0)
(-2.5182e-64 4.67506e-66 0)
(-2.62475e-66 4.26976e-68 0)
(-2.38879e-68 3.83839e-70 0)
(-2.13956e-70 3.11574e-72 0)
(-9.84761e-74 4.94157e-74 0)
(2.12305e-70 3.59488e-72 0)
(2.62831e-68 4.67709e-70 0)
(2.93908e-66 5.78914e-68 0)
(3.2316e-64 6.47352e-66 0)
(3.10789e-62 7.11674e-64 0)
(3.08236e-60 6.84439e-62 0)
(2.53966e-58 6.78691e-60 0)
(2.304e-56 5.59225e-58 0)
(1.61316e-54 5.07217e-56 0)
(1.35633e-52 3.55165e-54 0)
(7.96692e-51 2.98536e-52 0)
(6.28836e-49 1.75382e-50 0)
(3.0416e-47 1.38382e-48 0)
(2.28423e-45 6.69373e-47 0)
(8.85687e-44 5.02153e-45 0)
(6.42686e-42 1.93454e-43 0)
(1.91926e-40 1.36809e-41 0)
(1.37304e-38 2.94916e-40 0)
(2.96067e-37 -1.24916e-39 0)
(2.15314e-35 -6.07011e-36 0)
(2.92422e-34 -1.15783e-33 0)
(2.2448e-32 -1.71376e-31 0)
(5.19467e-34 2.12421e-31 0)
(-2.59977e-34 2.08216e-33 0)
(-2.97102e-36 1.43459e-35 0)
(-2.49762e-37 7.8207e-38 0)
(-3.21352e-39 2.57386e-40 0)
(-1.60138e-40 1.82039e-43 0)
(-2.15655e-42 -1.44523e-44 0)
(-7.55214e-44 -7.83013e-47 0)
(-1.01932e-45 7.09928e-48 0)
(-2.70778e-47 1.58262e-49 0)
(-3.56729e-49 5.90031e-51 0)
(-7.52622e-51 9.2933e-53 0)
(-9.49553e-53 2.1453e-54 0)
(-1.63995e-54 2.95773e-56 0)
(-1.95062e-56 5.17288e-58 0)
(-2.81564e-58 6.41647e-60 0)
(-3.11233e-60 9.05549e-62 0)
(-3.80867e-62 1.01166e-63 0)
(-3.85752e-64 1.18717e-65 0)
(-4.0388e-66 1.18602e-67 0)
(-3.69344e-68 1.17604e-69 0)
(-3.32348e-70 1.0391e-71 0)
(-1.09227e-72 7.23632e-74 0)
(2.09296e-70 -2.17994e-72 0)
(2.59057e-68 -2.83745e-70 0)
(2.89681e-66 -3.51287e-68 0)
(3.18418e-64 -3.92832e-66 0)
(3.06242e-62 -4.31983e-64 0)
(3.03611e-60 -4.15449e-62 0)
(2.50185e-58 -4.12098e-60 0)
(2.26861e-56 -3.39539e-58 0)
(1.5887e-54 -3.08084e-56 0)
(1.33498e-52 -2.15704e-54 0)
(7.84377e-51 -1.81396e-52 0)
(6.18678e-49 -1.06549e-50 0)
(2.99358e-47 -8.41158e-49 0)
(2.24627e-45 -4.0681e-47 0)
(8.71367e-44 -3.0541e-45 0)
(6.3166e-42 -1.17776e-43 0)
(1.88736e-40 -8.37435e-42 0)
(1.34858e-38 -1.93436e-40 0)
(2.90974e-37 -2.69378e-39 0)
(2.11288e-35 2.96556e-36 0)
(2.87151e-34 5.75912e-34 0)
(2.19955e-32 8.63089e-32 0)
(-7.12872e-34 2.1169e-31 0)
(3.47937e-34 2.07389e-33 0)
(3.81391e-36 1.57873e-35 0)
(1.94835e-37 1.0355e-37 0)
(2.05624e-39 1.97217e-39 0)
(3.12608e-41 2.79364e-41 0)
(5.12539e-44 1.18386e-42 0)
(-2.92819e-44 1.87423e-44 0)
(-5.87249e-46 6.04813e-46 0)
(-2.61783e-47 9.16306e-48 0)
(-4.16671e-49 2.29121e-49 0)
(-1.16152e-50 3.28108e-51 0)
(-1.66862e-52 6.61681e-53 0)
(-3.47711e-54 8.87177e-55 0)
(-4.58168e-56 1.48228e-56 0)
(-7.60901e-58 1.84258e-58 0)
(-9.17794e-60 2.59782e-60 0)
(-1.25574e-61 2.9629e-62 0)
(-1.37567e-63 3.56881e-64 0)
(-1.58133e-65 3.69277e-66 0)
(-1.55647e-67 3.82865e-68 0)
(-1.52049e-69 3.54975e-70 0)
(-1.40652e-71 3.16698e-72 0)
(-1.03025e-70 -1.47227e-72 0)
(-1.27436e-68 -1.94723e-70 0)
(-1.4251e-66 -2.40568e-68 0)
(-1.56749e-64 -2.68868e-66 0)
(-1.50745e-62 -2.94949e-64 0)
(-1.4957e-60 -2.83708e-62 0)
(-1.23227e-58 -2.80598e-60 0)
(-1.11846e-56 -2.31414e-58 0)
(-7.8301e-55 -2.09232e-56 0)
(-6.58698e-53 -1.46755e-54 0)
(-3.86862e-51 -1.22887e-52 0)
(-3.05533e-49 -7.23724e-51 0)
(-1.47764e-47 -5.6847e-49 0)
(-1.11042e-45 -2.75926e-47 0)
(-4.30504e-44 -2.0604e-45 0)
(-3.12623e-42 -8.02385e-44 0)
(-9.335e-41 -5.78357e-42 0)
(-6.68448e-39 -1.73494e-40 0)
(-1.44122e-37 -1.23063e-38 0)
(-1.04952e-35 -2.66906e-37 0)
(-1.42515e-34 -2.01628e-35 0)
(-1.09664e-32 -5.82932e-34 0)
(-1.93085e-33 -7.15243e-32 0)
(-6.13167e-34 -5.30849e-34 0)
(-1.16154e-35 1.63821e-34 0)
(-1.68045e-36 2.30733e-36 0)
(-2.83002e-38 1.61895e-37 0)
(-1.92892e-39 2.30246e-39 0)
(-3.14668e-41 1.03375e-40 0)
(-1.38404e-42 1.47435e-42 0)
(-2.18128e-44 4.83896e-44 0)
(-6.98732e-46 6.75279e-46 0)
(-1.05334e-47 1.71937e-47 0)
(-2.62013e-49 2.30743e-49 0)
(-3.73936e-51 4.73102e-51 0)
(-7.51385e-53 6.02231e-53 0)
(-1.00498e-54 1.01978e-54 0)
(-1.67473e-56 1.21614e-56 0)
(-2.07797e-58 1.731e-58 0)
(-2.92396e-60 1.91062e-60 0)
(-3.33004e-62 2.31387e-62 0)
(-4.00503e-64 2.33417e-64 0)
(-4.13932e-66 2.42375e-66 0)
(-4.28664e-68 2.2043e-68 0)
(-3.97117e-70 1.96934e-70 0)
(-1.05664e-71 -3.49679e-74 0)
(-8.20604e-70 -2.01761e-70 0)
(-9.01877e-68 -2.27019e-68 0)
(-9.2536e-66 -2.49868e-66 0)
(-8.93714e-64 -2.42513e-64 0)
(-8.11047e-62 -2.39966e-62 0)
(-6.89229e-60 -2.00559e-60 0)
(-5.57155e-58 -1.80522e-58 0)
(-4.15385e-56 -1.29255e-56 0)
(-3.01038e-54 -1.06888e-54 0)
(-1.95413e-52 -6.50046e-53 0)
(-1.27752e-50 -4.98051e-51 0)
(-7.12467e-49 -2.54082e-49 0)
(-4.22884e-47 -1.81628e-47 0)
(-1.98357e-45 -7.63778e-46 0)
(-1.07682e-43 -5.12188e-44 0)
(-4.10771e-42 -1.72911e-42 0)
(-2.05904e-40 -1.08537e-40 0)
(-6.0399e-39 -2.63546e-39 0)
(-2.83225e-37 -1.20904e-37 0)
(-5.67809e-36 5.80317e-36 0)
(-2.45333e-34 1.11967e-33 0)
(-1.31902e-31 -1.4667e-31 0)
(-1.33906e-31 -1.43713e-33 0)
(-1.48601e-33 -9.6079e-36 0)
(-1.96213e-34 -4.97768e-38 0)
(-2.64016e-36 7.9198e-41 0)
(-1.80104e-37 3.56068e-42 0)
(-2.55796e-39 1.577e-43 0)
(-1.14834e-40 2.16224e-45 0)
(-1.63791e-42 5.74333e-47 0)
(-5.37696e-44 7.544e-49 0)
(-7.50418e-46 1.58405e-50 0)
(-1.91092e-47 1.99065e-52 0)
(-2.56463e-49 3.42207e-54 0)
(-5.25867e-51 4.05276e-56 0)
(-6.69421e-53 5.8237e-58 0)
(-1.13357e-54 6.40786e-60 0)
(-1.35188e-56 7.80673e-62 0)
(-1.9242e-58 7.86912e-64 0)
(-2.12388e-60 8.20211e-66 0)
(-2.5721e-62 7.46386e-68 0)
(-2.59465e-64 6.68559e-70 0)
(-2.69417e-66 5.40594e-72 0)
(-2.45046e-68 4.18521e-74 0)
(-5.45989e-70 3.58484e-74 0)
(-3.79662e-68 4.60832e-72 0)
(-4.20099e-66 5.64428e-70 0)
(-4.26163e-64 6.29999e-68 0)
(-4.17328e-62 6.83209e-66 0)
(-3.72371e-60 6.5763e-64 0)
(-3.23766e-58 6.40825e-62 0)
(-2.5543e-56 5.30192e-60 0)
(-1.97037e-54 4.70463e-58 0)
(-1.38078e-52 3.31996e-56 0)
(-9.40095e-51 2.71622e-54 0)
(-5.87755e-49 1.6146e-52 0)
(-3.49504e-47 1.23275e-50 0)
(-1.95875e-45 6.05871e-49 0)
(-9.99482e-44 4.36501e-47 0)
(-5.05026e-42 1.70532e-45 0)
(-2.14938e-40 1.11738e-43 0)
(-9.8722e-39 1.50688e-42 0)
(-3.34414e-37 -2.6945e-40 0)
(-1.41424e-35 -1.00463e-37 0)
(-3.48062e-34 -1.7602e-35 0)
(-1.35016e-32 -2.3588e-33 0)
(-6.74182e-34 -7.48041e-32 0)
(-1.24199e-33 -9.01048e-34 0)
(-1.88212e-35 -1.73526e-34 0)
(-2.28215e-36 -2.35874e-36 0)
(-3.60396e-38 -1.61913e-37 0)
(-2.31224e-39 -2.30023e-39 0)
(-3.66197e-41 -1.03263e-40 0)
(-1.56349e-42 -1.47282e-42 0)
(-2.42281e-44 -4.83487e-44 0)
(-7.62566e-46 -6.74742e-46 0)
(-1.13714e-47 -1.71825e-47 0)
(-2.79609e-49 -2.30601e-49 0)
(-3.96048e-51 -4.72859e-51 0)
(-7.89399e-53 -6.01942e-53 0)
(-1.05e-54 -1.01936e-54 0)
(-1.73943e-56 -1.21568e-56 0)
(-2.14915e-58 -1.73045e-58 0)
(-3.01068e-60 -1.91006e-60 0)
(-3.41746e-62 -2.31328e-62 0)
(-4.09615e-64 -2.33364e-64 0)
(-4.22224e-66 -2.42328e-66 0)
(-4.36091e-68 -2.20391e-68 0)
(-4.03084e-70 -1.96894e-70 0)
(-5.49291e-72 1.52578e-72 0)
(-1.93545e-70 3.95719e-70 0)
(-2.01979e-68 4.67146e-68 0)
(-1.66355e-66 5.18388e-66 0)
(-1.63136e-64 5.37799e-64 0)
(-9.91452e-63 5.23942e-62 0)
(-1.00241e-60 4.82253e-60 0)
(-3.45262e-59 4.12606e-58 0)
(-4.65853e-57 3.39851e-56 0)
(6.91386e-57 2.54326e-54 0)
(-1.6061e-53 1.89003e-52 0)
(9.1863e-52 1.22632e-50 0)
(-3.92693e-50 8.29092e-49 0)
(6.28089e-48 4.5966e-47 0)
(-6.05385e-47 2.8508e-45 0)
(2.52501e-44 1.31435e-43 0)
(-3.29173e-44 7.36668e-42 0)
(6.8697e-41 2.16399e-40 0)
(7.63957e-41 -1.50569e-39 0)
(1.28499e-37 -3.17936e-36 0)
(1.40221e-37 -6.26343e-34 0)
(1.52091e-34 -9.22271e-32 0)
(1.80803e-34 -7.49762e-34 0)
(-9.92481e-35 -1.18916e-35 0)
(-1.31217e-36 -2.0116e-36 0)
(-2.33242e-37 -3.2168e-38 0)
(-3.45145e-39 -2.07845e-39 0)
(-2.41515e-40 -3.29304e-41 0)
(-3.61627e-42 -1.40601e-42 0)
(-1.56991e-43 -2.17873e-44 0)
(-2.30644e-45 -6.85721e-46 0)
(-7.16078e-47 -1.02253e-47 0)
(-1.01317e-48 -2.51431e-49 0)
(-2.41378e-50 -3.56135e-51 0)
(-3.24243e-52 -7.09872e-53 0)
(-6.18239e-54 -9.44233e-55 0)
(-7.78574e-56 -1.56428e-56 0)
(-1.22128e-57 -1.93279e-58 0)
(-1.42437e-59 -2.70773e-60 0)
(-1.87286e-61 -3.07367e-62 0)
(-1.99774e-63 -3.68427e-64 0)
(-2.22968e-65 -3.79782e-66 0)
(-2.14647e-67 -3.92275e-68 0)
(-2.04893e-69 -3.62584e-70 0)
(-1.66822e-71 -3.2359e-72 0)
(1.12423e-70 1.1525e-75 0)
(1.39336e-68 3.38635e-72 0)
(1.55804e-66 3.79611e-70 0)
(1.71297e-64 4.11663e-68 0)
(1.64731e-62 3.98212e-66 0)
(1.63369e-60 3.86956e-64 0)
(1.34595e-58 3.22044e-62 0)
(1.22103e-56 2.83922e-60 0)
(8.54811e-55 2.01702e-58 0)
(7.18735e-53 1.63232e-56 0)
(4.22106e-51 9.76332e-55 0)
(3.33201e-49 7.34025e-53 0)
(1.61126e-47 3.61446e-51 0)
(1.21023e-45 2.55991e-49 0)
(4.69103e-44 9.95703e-48 0)
(3.40472e-42 6.67165e-46 0)
(1.01634e-40 1.52007e-44 0)
(7.27264e-39 1.51438e-43 0)
(1.56748e-37 -2.53734e-40 0)
(1.14013e-35 -5.30185e-38 0)
(1.54782e-34 -8.79038e-36 0)
(1.18791e-32 -1.05024e-33 0)
(2.17774e-36 -8.74804e-35 0)
(-1.12713e-36 -1.14944e-36 0)
(-1.73444e-38 -2.09685e-37 0)
(-2.86002e-39 -3.10535e-39 0)
(-4.72064e-41 -2.17357e-40 0)
(-3.12428e-42 -3.25456e-42 0)
(-5.08385e-44 -1.41271e-43 0)
(-2.10581e-45 -2.07543e-45 0)
(-3.30464e-47 -6.44324e-47 0)
(-9.85966e-49 -9.11626e-49 0)
(-1.47076e-50 -2.17183e-50 0)
(-3.38913e-52 -2.91739e-52 0)
(-4.74784e-54 -5.56264e-54 0)
(-8.80837e-56 -7.00523e-56 0)
(-1.14583e-57 -1.09886e-57 0)
(-1.75825e-59 -1.2816e-59 0)
(-2.09991e-61 -1.68517e-61 0)
(-2.71341e-63 -1.79754e-63 0)
(-2.94011e-65 -2.00627e-65 0)
(-3.23616e-67 -1.93143e-67 0)
(-3.14074e-69 -1.8437e-69 0)
(-2.96277e-71 -1.57899e-71 0)
(-2.3954e-73 -1.34771e-73 0)
(1.86462e-72 -7.79298e-73 0)
(2.28214e-70 -1.01264e-70 0)
(2.55355e-68 -1.25341e-68 0)
(2.76029e-66 -1.40148e-66 0)
(2.66739e-64 -1.5408e-64 0)
(2.58612e-62 -1.48167e-62 0)
(2.15163e-60 -1.46938e-60 0)
(1.89536e-58 -1.21052e-58 0)
(1.34739e-56 -1.09815e-56 0)
(1.09143e-54 -7.68754e-55 0)
(6.54743e-53 -6.46375e-53 0)
(4.93368e-51 -3.79594e-51 0)
(2.452e-49 -2.99646e-49 0)
(1.73896e-47 -1.44896e-47 0)
(6.97087e-46 -1.08836e-45 0)
(4.71189e-44 -4.21868e-44 0)
(1.46366e-42 -3.06205e-42 0)
(9.57099e-41 -9.14213e-41 0)
(2.1594e-39 -6.5439e-39 0)
(1.392e-37 -1.41468e-37 0)
(1.98315e-36 -1.03246e-35 0)
(1.25786e-34 -1.46462e-34 0)
(1.42326e-37 -1.00723e-36 0)
(-7.10512e-38 -1.54553e-38 0)
(-9.85178e-40 -2.5712e-39 0)
(-1.6435e-40 -4.24564e-41 0)
(-2.54048e-42 -2.81025e-42 0)
(-1.68452e-43 -4.57297e-44 0)
(-2.59628e-45 -1.89418e-45 0)
(-1.05558e-46 -2.97254e-47 0)
(-1.57506e-48 -8.86901e-49 0)
(-4.54505e-50 -1.32299e-50 0)
(-6.45359e-52 -3.04873e-52 0)
(-1.42242e-53 -4.27102e-54 0)
(-1.8957e-55 -7.92407e-56 0)
(-3.33411e-57 -1.03082e-57 0)
(-4.11773e-59 -1.58182e-59 0)
(-5.94561e-61 -1.88922e-61 0)
(-6.71814e-63 -2.44126e-63 0)
(-8.11675e-65 -2.64529e-65 0)
(-8.27946e-67 -2.91174e-67 0)
(-8.47388e-69 -2.82596e-69 0)
(-7.69284e-71 -2.66591e-71 0)
(-6.7148e-73 -2.28487e-73 0)
(-4.88209e-75 -1.94106e-75 0)
(6.55577e-74 -1.29612e-74 0)
(8.71566e-72 -1.68031e-72 0)
(1.06027e-69 -2.05432e-70 0)
(1.23361e-67 -2.29867e-68 0)
(1.28608e-65 -2.4848e-66 0)
(1.33115e-63 -2.40122e-64 0)
(1.18518e-61 -2.32809e-62 0)
(1.10726e-59 -1.93699e-60 0)
(8.34865e-58 -1.70631e-58 0)
(7.13607e-56 -1.21303e-56 0)
(4.4936e-54 -9.82608e-55 0)
(3.55944e-52 -5.89483e-53 0)
(1.83315e-50 -4.44199e-51 0)
(1.36267e-48 -2.20775e-49 0)
(5.56179e-47 -1.56576e-47 0)
(3.9306e-45 -6.27702e-46 0)
(1.20922e-43 -4.24297e-44 0)
(8.24278e-42 -1.31821e-42 0)
(1.74441e-40 -8.62094e-41 0)
(1.16704e-38 -1.94769e-39 0)
(1.35322e-37 -1.25749e-37 0)
(9.04285e-36 -1.82305e-36 0)
(5.31925e-39 7.79672e-38 0)
(-2.65065e-39 9.31734e-40 0)
(-3.95471e-41 3.42752e-41 0)
(-4.55858e-42 2.59811e-43 0)
(-7.30979e-44 -2.30514e-44 0)
(-4.02206e-45 -5.17849e-46 0)
(-6.39603e-47 -3.36799e-47 0)
(-2.29926e-48 -5.67602e-49 0)
(-3.52155e-50 -1.96257e-50 0)
(-9.28928e-52 -2.97894e-52 0)
(-1.34569e-53 -7.23569e-54 0)
(-2.76898e-55 -1.00786e-55 0)
(-3.73983e-57 -1.88299e-57 0)
(-6.23091e-59 -2.40222e-59 0)
(-7.74364e-61 -3.6137e-61 0)
(-1.07029e-62 -4.18854e-63 0)
(-1.20805e-64 -5.21255e-65 0)
(-1.40712e-66 -5.42957e-67 0)
(-1.42295e-68 -5.68366e-69 0)
(-1.40975e-70 -5.25262e-71 0)
(-1.25864e-72 -4.66819e-73 0)
(-1.06422e-74 -3.77328e-75 0)
(-8.32566e-77 -3.42424e-77 0)
(-1.0095e-76 -8.77571e-76 0)
(-1.32133e-74 -1.24733e-73 0)
(-1.59817e-72 -1.65717e-71 0)
(-1.82553e-70 -2.01576e-69 0)
(-1.88781e-68 -2.3453e-67 0)
(-1.90104e-66 -2.44482e-65 0)
(-1.67879e-64 -2.53059e-63 0)
(-1.5117e-62 -2.25288e-61 0)
(-1.13273e-60 -2.10496e-59 0)
(-9.2376e-59 -1.58696e-57 0)
(-5.80408e-57 -1.35666e-55 0)
(-4.33699e-55 -8.542e-54 0)
(-2.24304e-53 -6.7675e-52 0)
(-1.55277e-51 -3.48497e-50 0)
(-6.42654e-50 -2.59117e-48 0)
(-4.16691e-48 -1.05751e-46 0)
(-1.31907e-46 -7.47575e-45 0)
(-8.10351e-45 -2.2998e-43 0)
(-1.80546e-43 -1.56825e-41 0)
(-1.06387e-41 -3.31944e-40 0)
(-1.34679e-40 -2.22193e-38 0)
(-7.64672e-39 -2.58056e-37 0)
(3.15305e-37 2.06093e-36 0)
(-1.57306e-37 2.89307e-38 0)
(-2.0156e-39 2.24787e-39 0)
(-2.02414e-40 3.27275e-41 0)
(-2.82941e-42 1.53983e-42 0)
(-1.42877e-43 2.27022e-44 0)
(-2.02156e-45 7.56601e-46 0)
(-6.81599e-47 1.09458e-47 0)
(-9.44766e-49 2.78685e-49 0)
(-2.36537e-50 3.87566e-51 0)
(-3.14501e-52 7.89191e-53 0)
(-6.18717e-54 1.03852e-54 0)
(-7.76201e-56 1.74288e-56 0)
(-1.24244e-57 2.14085e-58 0)
(-1.44925e-59 3.02213e-60 0)
(-1.93125e-61 3.42094e-62 0)
(-2.06513e-63 4.11827e-64 0)
(-2.32606e-65 4.24108e-66 0)
(-2.24761e-67 4.39099e-68 0)
(-2.15967e-69 4.0588e-70 0)
(-1.85743e-71 3.62733e-72 0)
(-1.52866e-73 2.96564e-74 0)
(-1.66486e-75 1.27624e-76 0)
(-7.2987e-74 -1.41272e-74 0)
(-9.69505e-72 -1.82744e-72 0)
(-1.17917e-69 -2.22662e-70 0)
(-1.3719e-67 -2.48226e-68 0)
(-1.42997e-65 -2.67368e-66 0)
(-1.48016e-63 -2.57363e-64 0)
(-1.31758e-61 -2.48591e-62 0)
(-1.23114e-59 -2.06002e-60 0)
(-9.28051e-58 -1.80759e-58 0)
(-7.9345e-56 -1.28001e-56 0)
(-4.99508e-54 -1.03261e-54 0)
(-3.95797e-52 -6.17292e-53 0)
(-2.03783e-50 -4.6314e-51 0)
(-1.51545e-48 -2.29559e-49 0)
(-6.18364e-47 -1.62064e-47 0)
(-4.37233e-45 -6.48879e-46 0)
(-1.34475e-43 -4.36542e-44 0)
(-9.17257e-42 -1.35819e-42 0)
(-1.94076e-40 -8.84104e-41 0)
(-1.29948e-38 -2.01127e-39 0)
(-1.50669e-37 -1.2933e-37 0)
(-1.00797e-35 -1.91244e-36 0)
(4.49406e-36 1.94056e-34 0)
(-2.24761e-36 2.26125e-36 0)
(-3.14142e-38 1.79334e-37 0)
(-2.49304e-39 2.29855e-39 0)
(-3.63574e-41 1.13485e-40 0)
(-1.71369e-42 1.52463e-42 0)
(-2.52734e-44 5.3093e-44 0)
(-8.42593e-46 7.14414e-46 0)
(-1.21921e-47 1.88826e-47 0)
(-3.1047e-49 2.47852e-49 0)
(-4.31829e-51 5.20456e-51 0)
(-8.79393e-53 6.5394e-53 0)
(-1.15734e-54 1.12434e-54 0)
(-1.94229e-56 1.33141e-56 0)
(-2.38592e-58 1.91345e-58 0)
(-3.36793e-60 2.10523e-60 0)
(-3.81238e-62 2.56509e-62 0)
(-4.58912e-64 2.58548e-64 0)
(-4.72576e-66 2.69511e-66 0)
(-4.89223e-68 2.45249e-68 0)
(-4.52172e-70 2.1969e-70 0)
(-4.04059e-72 1.77637e-72 0)
(-4.87283e-74 7.58068e-75 0)
(-2.03059e-72 -8.63456e-73 0)
(-2.47383e-70 -1.12349e-70 0)
(-2.75783e-68 -1.39076e-68 0)
(-2.97048e-66 -1.55494e-66 0)
(-2.8593e-64 -1.70977e-64 0)
(-2.76183e-62 -1.64396e-62 0)
(-2.28863e-60 -1.63063e-60 0)
(-2.00817e-58 -1.34317e-58 0)
(-1.42202e-56 -1.21876e-56 0)
(-1.14715e-54 -8.53044e-55 0)
(-6.85748e-53 -7.17433e-53 0)
(-5.14492e-51 -4.21258e-51 0)
(-2.55002e-49 -3.32632e-49 0)
(-1.80022e-47 -1.60827e-47 0)
(-7.20734e-46 -1.20842e-45 0)
(-4.8487e-44 -4.68376e-44 0)
(-1.50832e-42 -3.40102e-42 0)
(-9.8168e-41 -1.01544e-40 0)
(-2.22999e-39 -7.27257e-39 0)
(-1.43147e-37 -1.5725e-37 0)
(-2.0777e-36 -1.14869e-35 0)
(-1.31155e-34 -1.63071e-34 0)
(4.13711e-34 1.3982e-33 0)
(-2.07017e-34 1.94672e-35 0)
(-2.37101e-36 2.3904e-37 0)
(-1.98012e-37 2.04345e-39 0)
(-2.54605e-39 5.83472e-41 0)
(-1.26122e-40 7.3584e-43 0)
(-1.69493e-42 2.50287e-44 0)
(-5.90344e-44 3.34666e-46 0)
(-7.94404e-46 8.85664e-48 0)
(-2.09971e-47 1.15864e-49 0)
(-2.75613e-49 2.43687e-51 0)
(-5.78738e-51 3.05359e-53 0)
(-7.27177e-53 5.25671e-55 0)
(-1.25021e-54 6.21109e-57 0)
(-1.48045e-56 8.93446e-59 0)
(-2.12755e-58 9.8125e-61 0)
(-2.34076e-60 1.19629e-62 0)
(-2.85192e-62 1.20412e-64 0)
(-2.87452e-64 1.25553e-66 0)
(-2.99627e-66 1.1413e-68 0)
(-2.72646e-68 1.02238e-70 0)
(-2.44228e-70 8.26091e-73 0)
(-2.9346e-72 1.30302e-74 0)
(-1.24904e-70 9.46085e-73 0)
(-1.54606e-68 1.23072e-70 0)
(-1.72865e-66 1.52245e-68 0)
(-1.90083e-64 1.70243e-66 0)
(-1.82775e-62 1.87011e-64 0)
(-1.81298e-60 1.79889e-62 0)
(-1.49344e-58 1.78194e-60 0)
(-1.35513e-56 1.46888e-58 0)
(-9.48539e-55 1.33052e-56 0)
(-7.9775e-53 9.32257e-55 0)
(-4.68436e-51 7.82335e-53 0)
(-3.69881e-49 4.6001e-51 0)
(-1.78841e-47 3.62247e-49 0)
(-1.34375e-45 1.75447e-47 0)
(-5.20819e-44 1.31389e-45 0)
(-3.78162e-42 5.10131e-44 0)
(-1.12888e-40 3.68553e-42 0)
(-8.08245e-39 1.09087e-40 0)
(-1.7423e-37 7.55674e-39 0)
(-1.2684e-35 1.086e-37 0)
(-1.72261e-34 2.44752e-36 0)
(-1.32429e-32 -1.01144e-33 0)
(2.01053e-34 1.66299e-31 0)
(-1.00606e-34 1.62697e-33 0)
(-1.14813e-36 1.10186e-35 0)
(-9.60038e-38 5.83199e-38 0)
(-1.23133e-39 1.63629e-41 0)
(-6.1063e-41 -2.59353e-42 0)
(-8.18987e-43 -1.2836e-43 0)
(-2.85523e-44 -1.77142e-45 0)
(-3.83594e-46 -4.71545e-47 0)
(-1.01469e-47 -6.19226e-49 0)
(-1.33011e-49 -1.30055e-50 0)
(-2.79479e-51 -1.63378e-52 0)
(-3.50768e-53 -2.80903e-54 0)
(-6.03362e-55 -3.32572e-56 0)
(-7.13823e-57 -4.77951e-58 0)
(-1.02619e-58 -5.25764e-60 0)
(-1.12819e-60 -6.40585e-62 0)
(-1.37487e-62 -6.45579e-64 0)
(-1.38495e-64 -6.72917e-66 0)
(-1.44375e-66 -6.12257e-68 0)
(-1.31315e-68 -5.48414e-70 0)
(-1.17616e-70 -4.43378e-72 0)
(8.4589e-74 -9.25212e-75 0)
(1.34693e-70 3.52599e-72 0)
(1.66664e-68 4.58806e-70 0)
(1.86375e-66 5.67926e-68 0)
(2.04788e-64 6.35066e-66 0)
(1.96985e-62 6.98218e-64 0)
(1.95196e-60 6.71488e-62 0)
(1.60888e-58 6.65912e-60 0)
(1.45797e-56 5.48677e-58 0)
(1.02138e-54 4.97709e-56 0)
(8.57581e-53 3.48488e-54 0)
(5.04126e-51 2.92967e-52 0)
(3.97237e-49 1.72098e-50 0)
(1.92328e-47 1.35816e-48 0)
(1.44142e-45 6.56934e-47 0)
(5.59556e-44 4.9306e-45 0)
(4.05038e-42 1.90431e-43 0)
(1.2112e-40 1.36065e-41 0)
(8.63908e-39 3.38473e-40 0)
(1.8656e-37 1.08535e-38 0)
(1.35163e-35 -3.38343e-36 0)
(1.83837e-34 -6.76045e-34 0)
(1.40367e-32 -1.02738e-31 0)
(-6.20202e-34 8.24685e-32 0)
(3.10344e-34 8.08317e-34 0)
(3.55045e-36 5.52198e-36 0)
(2.96647e-37 2.95938e-38 0)
(3.81136e-39 3.71284e-41 0)
(1.88869e-40 -9.01896e-43 0)
(2.53661e-42 -5.03389e-44 0)
(8.83757e-44 -6.99665e-46 0)
(1.18863e-45 -1.86558e-47 0)
(3.14244e-47 -2.45095e-49 0)
(4.12308e-49 -5.14713e-51 0)
(8.6593e-51 -6.46738e-53 0)
(1.08764e-52 -1.11184e-54 0)
(1.87019e-54 -1.31658e-56 0)
(2.21395e-56 -1.89193e-58 0)
(3.18194e-58 -2.08148e-60 0)
(3.49994e-60 -2.5359e-62 0)
(4.26445e-62 -2.55593e-64 0)
(4.29739e-64 -2.66406e-66 0)
(4.47945e-66 -2.4241e-68 0)
(4.07543e-68 -2.17129e-70 0)
(3.65068e-70 -1.75567e-72 0)
(5.90896e-72 -2.63416e-74 0)
(3.84855e-70 -1.81967e-72 0)
(4.7634e-68 -2.36748e-70 0)
(5.32663e-66 -2.93016e-68 0)
(5.85598e-64 -3.27668e-66 0)
(5.632e-62 -3.60185e-64 0)
(5.58475e-60 -3.46427e-62 0)
(4.6018e-58 -3.43462e-60 0)
(4.17384e-56 -2.83037e-58 0)
(2.92267e-54 -2.56659e-56 0)
(2.45666e-52 -1.79747e-54 0)
(1.44324e-50 -1.51046e-52 0)
(1.13877e-48 -8.87533e-51 0)
(5.50919e-47 -7.00046e-49 0)
(4.13565e-45 -3.38691e-47 0)
(1.60394e-43 -2.53927e-45 0)
(1.1633e-41 -9.76836e-44 0)
(3.47492e-40 -6.85888e-42 0)
(2.48444e-38 -1.32781e-40 0)
(5.3588e-37 4.66657e-39 0)
(3.89418e-35 3.92541e-36 0)
(5.29035e-34 7.37744e-34 0)
(4.05676e-32 1.0815e-31 0)
(-2.07592e-34 -8.30913e-32 0)
(1.03876e-34 -8.08475e-34 0)
(1.19398e-36 -5.33348e-36 0)
(9.96115e-38 -2.71385e-38 0)
(1.28404e-39 7.81383e-41 0)
(6.35403e-41 2.43896e-42 0)
(8.55587e-43 1.03747e-43 0)
(2.97719e-44 1.41697e-45 0)
(4.01272e-46 3.76273e-47 0)
(1.05974e-47 4.93789e-49 0)
(1.39287e-49 1.03726e-50 0)
(2.92276e-51 1.30259e-52 0)
(3.67637e-53 2.24001e-54 0)
(6.31716e-55 2.65135e-56 0)
(7.4871e-57 3.81085e-58 0)
(1.07552e-58 4.19122e-60 0)
(1.18412e-60 5.10702e-62 0)
(1.4423e-62 5.14604e-64 0)
(1.4545e-64 5.36425e-66 0)
(1.51587e-66 4.88015e-68 0)
(1.37991e-68 4.37136e-70 0)
(1.23592e-70 3.53378e-72 0)
(1.34814e-74 -4.25246e-75 0)
(-1.28313e-70 -4.4588e-72 0)
(-1.58866e-68 -5.80167e-70 0)
(-1.77649e-66 -7.18093e-68 0)
(-1.95357e-64 -8.03002e-66 0)
(-1.8787e-62 -8.82754e-64 0)
(-1.86361e-60 -8.49006e-62 0)
(-1.53537e-58 -8.41824e-60 0)
(-1.39322e-56 -6.93683e-58 0)
(-9.75352e-55 -6.29117e-56 0)
(-8.20303e-53 -4.40555e-54 0)
(-4.81758e-51 -3.7027e-52 0)
(-3.80389e-49 -2.17544e-50 0)
(-1.83952e-47 -1.71625e-48 0)
(-1.38205e-45 -8.30264e-47 0)
(-5.35746e-44 -6.2274e-45 0)
(-3.88954e-42 -2.39935e-43 0)
(-1.16121e-40 -1.69633e-41 0)
(-8.31245e-39 -3.65455e-40 0)
(-1.79186e-37 1.61195e-39 0)
(-1.30414e-35 7.53404e-36 0)
(-1.77065e-34 1.43578e-33 0)
(-1.36075e-32 2.12273e-31 0)
(2.06018e-34 -5.62936e-34 0)
(-1.0309e-34 -8.16522e-36 0)
(-1.17642e-36 1.31089e-38 0)
(-9.83308e-38 6.86065e-40 0)
(-1.26105e-39 5.53844e-41 0)
(-6.2532e-41 7.69109e-43 0)
(-8.38642e-43 2.70725e-44 0)
(-2.92389e-44 3.65634e-46 0)
(-3.92811e-46 9.65475e-48 0)
(-1.03917e-47 1.27003e-49 0)
(-1.36222e-49 2.66411e-51 0)
(-2.86262e-51 3.35331e-53 0)
(-3.59295e-53 5.76073e-55 0)
(-6.18112e-55 6.83152e-57 0)
(-7.31317e-57 9.81219e-59 0)
(-1.05148e-58 1.08081e-60 0)
(-1.15608e-60 1.3164e-62 0)
(-1.40903e-62 1.32806e-64 0)
(-1.41949e-64 1.38412e-66 0)
(-1.47993e-66 1.26038e-68 0)
(-1.34618e-68 1.12901e-70 0)
(-1.2061e-70 9.1342e-73 0)
(-2.97105e-72 1.30771e-74 0)
(-2.59726e-70 8.5806e-73 0)
(-3.21436e-68 1.11661e-70 0)
(-3.59435e-66 1.38309e-68 0)
(-3.95092e-64 1.5467e-66 0)
(-3.79984e-62 1.70197e-64 0)
(-3.76721e-60 1.63661e-62 0)
(-3.1043e-58 1.62481e-60 0)
(-2.81492e-56 1.33831e-58 0)
(-1.97127e-54 1.21567e-56 0)
(-1.65646e-52 8.50702e-55 0)
(-9.73266e-51 7.1638e-53 0)
(-7.67669e-49 4.2048e-51 0)
(-3.7145e-47 3.32515e-49 0)
(-2.78723e-45 1.60682e-47 0)
(-1.08121e-43 1.20951e-45 0)
(-7.83786e-42 4.68744e-44 0)
(-2.34189e-40 3.41828e-42 0)
(-1.67337e-38 1.04387e-40 0)
(-3.61051e-37 7.93314e-39 0)
(-2.62177e-35 2.83089e-37 0)
(-3.56308e-34 3.16634e-35 0)
(-2.72935e-32 2.56849e-33 0)
(1.87824e-36 -9.73575e-35 0)
(-9.39831e-37 -1.13028e-36 0)
(-1.3354e-38 -9.03273e-38 0)
(-1.0059e-39 -1.15702e-39 0)
(-1.4806e-41 -5.72203e-41 0)
(-6.85689e-43 -7.68359e-43 0)
(-1.02074e-44 -2.6784e-44 0)
(-3.3924e-46 -3.6032e-46 0)
(-4.95486e-48 -9.53101e-48 0)
(-1.26636e-49 -1.25096e-49 0)
(-1.77754e-51 -2.6285e-51 0)
(-3.64557e-53 -3.30285e-53 0)
(-4.84042e-55 -5.68161e-55 0)
(-8.1948e-57 -6.72894e-57 0)
(-1.0153e-58 -9.67469e-59 0)
(-1.44672e-60 -1.06464e-60 0)
(-1.65128e-62 -1.29766e-62 0)
(-2.0065e-64 -1.30826e-64 0)
(-2.08295e-66 -1.36415e-66 0)
(-2.17579e-68 -1.24163e-68 0)
(-2.02671e-70 -1.11251e-70 0)
(-1.82634e-72 -8.99695e-73 0)
(-4.80946e-74 5.56346e-75 0)
(-4.27133e-72 1.77398e-72 0)
(-5.21252e-70 2.30845e-70 0)
(-5.82187e-68 2.85778e-68 0)
(-6.28114e-66 3.19604e-66 0)
(-6.05861e-64 3.51428e-64 0)
(-5.8618e-62 3.38032e-62 0)
(-4.86827e-60 3.35267e-60 0)
(-4.2787e-58 2.76305e-58 0)
(-3.03671e-56 2.5067e-56 0)
(-2.45366e-54 1.75569e-54 0)
(-1.46995e-52 1.47615e-52 0)
(-1.10456e-50 8.67502e-51 0)
(-5.48466e-49 6.84683e-49 0)
(-3.87761e-47 3.31407e-47 0)
(-1.55411e-45 2.48851e-45 0)
(-1.04688e-43 9.65891e-44 0)
(-3.25504e-42 7.00716e-42 0)
(-2.1206e-40 2.09607e-40 0)
(-4.79863e-39 1.49929e-38 0)
(-3.08166e-37 3.25216e-37 0)
(-4.42105e-36 2.37264e-35 0)
(-2.79324e-34 3.41406e-34 0)
)
;

boundaryField
{
    leftWall
    {
        type            fixedValue;
        value           uniform (0 0 0);
    }
    rightWall
    {
        type            fixedValue;
        value           nonuniform 0();
    }
    lowerWall
    {
        type            fixedValue;
        value           nonuniform 0();
    }
    atmosphere
    {
        type            pressureInletOutletVelocity;
        value           nonuniform List<vector> 
45
(
(0 -9.73575e-35 0)
(0 -1.13028e-36 0)
(0 -9.03273e-38 0)
(0 -1.15702e-39 0)
(0 -5.72203e-41 0)
(0 -7.68359e-43 0)
(0 -2.6784e-44 0)
(0 -3.6032e-46 0)
(0 -9.53101e-48 0)
(0 -1.25096e-49 0)
(0 -2.6285e-51 0)
(0 -3.30285e-53 0)
(0 -5.68161e-55 0)
(0 -6.72894e-57 0)
(0 -9.67469e-59 0)
(0 -1.06464e-60 0)
(0 -1.29766e-62 0)
(0 -1.30826e-64 0)
(0 -1.36415e-66 0)
(0 -1.24163e-68 0)
(0 -1.11251e-70 0)
(0 -8.99695e-73 0)
(-4.80946e-74 5.56346e-75 0)
(-4.27133e-72 1.77398e-72 0)
(-5.21252e-70 2.30845e-70 0)
(-5.82187e-68 2.85778e-68 0)
(-6.28114e-66 3.19604e-66 0)
(-6.05861e-64 3.51428e-64 0)
(-5.8618e-62 3.38032e-62 0)
(-4.86827e-60 3.35267e-60 0)
(-4.2787e-58 2.76305e-58 0)
(-3.03671e-56 2.5067e-56 0)
(-2.45366e-54 1.75569e-54 0)
(-1.46995e-52 1.47615e-52 0)
(-1.10456e-50 8.67502e-51 0)
(-5.48466e-49 6.84683e-49 0)
(-3.87761e-47 3.31407e-47 0)
(-1.55411e-45 2.48851e-45 0)
(-1.04688e-43 9.65891e-44 0)
(-3.25504e-42 7.00716e-42 0)
(-2.1206e-40 2.09607e-40 0)
(-4.79863e-39 1.49929e-38 0)
(-3.08166e-37 3.25216e-37 0)
(-4.42105e-36 2.37264e-35 0)
(-2.79324e-34 3.41406e-34 0)
)
;
    }
    defaultFaces
    {
        type            empty;
    }
    procBoundary2to0
    {
        type            processor;
        value           nonuniform List<vector> 
46
(
(-9.93987e-38 9.14661e-38 0)
(-8.53334e-39 1.42126e-39 0)
(-1.27714e-40 6.28983e-41 0)
(-6.02789e-42 9.63088e-43 0)
(-8.85114e-44 3.09713e-44 0)
(-2.87486e-45 4.58625e-46 0)
(-4.0705e-47 1.14324e-47 0)
(-9.96736e-49 1.61313e-49 0)
(-1.34143e-50 3.24413e-51 0)
(-2.60362e-52 4.30735e-53 0)
(-3.2878e-54 7.17783e-55 0)
(-5.21969e-56 8.8641e-57 0)
(-6.10756e-58 1.24669e-58 0)
(-8.46598e-60 1.62157e-60 0)
(-2.18031e-59 1.63887e-59 0)
(-1.6021e-57 9.64357e-58 0)
(-7.26134e-56 7.08111e-56 0)
(-4.88463e-54 3.41999e-54 0)
(-1.5187e-52 2.36512e-52 0)
(-9.20875e-51 9.30547e-51 0)
(-1.19775e-49 6.21459e-49 0)
(-5.29527e-48 2.03276e-47 0)
(3.06754e-46 1.3531e-45 0)
(2.28536e-44 3.92333e-44 0)
(1.12633e-42 2.66359e-42 0)
(-4.78626e-36 -2.20643e-35 0)
(-2.93944e-34 -3.13305e-34 0)
(-2.16347e-33 -2.35153e-32 0)
(-1.47925e-31 -7.50588e-33 0)
(-4.91774e-32 4.68639e-32 0)
(1.46447e-31 8.0161e-33 0)
(1.27977e-33 -3.11155e-32 0)
(-4.87858e-32 -1.8867e-34 0)
(1.03435e-34 1.57111e-32 0)
(4.98666e-32 8.02313e-33 0)
(5.05523e-32 1.06915e-34 0)
(5.07512e-32 -7.27144e-34 0)
(5.07567e-32 -1.19653e-34 0)
(4.99665e-32 -7.92182e-33 0)
(7.87902e-34 -7.92906e-33 0)
(1.59145e-36 -2.11693e-34 0)
(-6.88523e-34 -7.81951e-33 0)
(-4.91758e-32 -1.08138e-37 0)
(-6.90111e-34 7.8119e-33 0)
(-9.7588e-35 1.02043e-34 0)
(-9.7588e-35 1.02043e-34 0)
)
;
    }
    procBoundary2to3
    {
        type            processor;
        value           nonuniform List<vector> 
43
(
(5.47514e-39 1.10401e-44 0)
(7.21337e-41 -7.13516e-41 0)
(6.26585e-42 -1.54353e-42 0)
(1.04754e-42 -4.48744e-41 0)
(3.29659e-41 -1.00278e-39 0)
(-1.63078e-38 -8.87731e-38 0)
(-3.90649e-36 -1.25842e-36 0)
(-7.1934e-34 -1.1858e-34 0)
(-9.08258e-32 -8.52048e-35 0)
(-7.16764e-34 -8.13139e-33 0)
(2.40643e-34 -5.53675e-32 0)
(-7.37471e-36 -7.03084e-30 0)
(-4.94298e-34 1.36972e-31 0)
(2.14162e-36 7.16905e-30 0)
(2.49378e-34 5.67625e-32 0)
(2.63254e-36 8.41352e-33 0)
(-2.21627e-38 1.78284e-34 0)
(-2.75662e-36 9.41608e-33 0)
(-2.79074e-34 5.41584e-32 0)
(2.98099e-34 8.0418e-30 0)
(8.56988e-34 -8.46556e-30 0)
(-2.91999e-34 -1.65736e-29 0)
(-8.75244e-34 -8.24897e-32 0)
(3.10884e-34 8.56046e-30 0)
(9.10152e-34 -9.00312e-30 0)
(-6.23377e-34 -1.76029e-29 0)
(-6.10823e-34 8.92836e-30 0)
(2.98936e-34 -8.41288e-32 0)
(-1.02571e-33 1.32891e-31 0)
(-1.29976e-31 -2.09828e-31 0)
(-1.03674e-33 -9.48724e-30 0)
(-3.35489e-34 -7.50945e-32 0)
(-3.50798e-36 -1.11202e-32 0)
(-2.47025e-37 -1.15274e-34 0)
(2.10324e-40 -1.72493e-35 0)
(2.75417e-37 -1.20335e-34 0)
(3.63742e-36 -1.24005e-32 0)
(3.67769e-34 -7.14663e-32 0)
(-3.89773e-34 -1.05974e-29 0)
(-1.12654e-33 1.10681e-29 0)
(3.77884e-34 2.17652e-29 0)
(7.57922e-34 1.84107e-31 0)
(7.74273e-36 2.58204e-32 0)
)
;
    }
}


// ************************************************************************* //
