/*--------------------------------*- C++ -*----------------------------------*\
| =========                 |                                                 |
| \\      /  F ield         | OpenFOAM: The Open Source CFD Toolbox           |
|  \\    /   O peration     | Version:  2.4.0                                 |
|   \\  /    A nd           | Web:      www.OpenFOAM.org                      |
|    \\/     M anipulation  |                                                 |
\*---------------------------------------------------------------------------*/
FoamFile
{
    version     2.0;
    format      ascii;
    class       surfaceScalarField;
    location    "0.55";
    object      phi;
}
// * * * * * * * * * * * * * * * * * * * * * * * * * * * * * * * * * * * * * //

dimensions      [0 3 -1 0 0 0 0];

internalField   nonuniform List<scalar> 
3731
(
5.79327e-45
-1.02484e-42
-1.3175e-43
6.51005e-44
-9.28969e-42
-1.18982e-42
6.11723e-43
-8.08967e-41
-1.02955e-41
5.41629e-42
-6.55219e-40
-8.31444e-41
4.61529e-41
-5.14735e-39
-6.47554e-40
3.61952e-40
-3.62223e-38
-4.55859e-39
2.753e-39
-2.55267e-37
-3.15891e-38
1.81577e-38
-1.46134e-36
-1.82736e-37
1.19849e-37
-9.52479e-36
-1.12814e-36
5.53604e-37
-3.57503e-35
-4.44342e-36
-1.90349e-39
-3.59553e-41
-1.12296e-38
-2.44964e-40
-1.59842e-38
-2.27113e-39
-4.54989e-37
-1.84288e-39
2.86286e-46
4.39794e-39
4.54989e-37
4.39794e-39
1.59842e-38
-1.84287e-39
1.12308e-38
-2.27112e-39
1.90559e-39
-2.4492e-40
1.79915e-40
-3.53214e-41
2.13947e-41
-3.32808e-42
1.72871e-42
-3.51972e-43
-1.72882e-42
-5.95704e-44
-2.1396e-41
-3.51988e-43
-1.79931e-40
-3.32829e-42
-1.90578e-39
-3.53241e-41
-1.12328e-38
-2.4495e-40
-1.60058e-38
-2.27147e-39
-4.5517e-37
-1.84623e-39
-1.92719e-39
4.36227e-39
4.43576e-37
4.14966e-39
-1.92719e-39
-4.14966e-39
-4.5517e-37
-4.36227e-39
-1.60058e-38
1.84623e-39
-1.12328e-38
2.27147e-39
-1.9058e-39
2.4495e-40
-1.80119e-40
3.53214e-41
-2.33406e-41
3.29811e-42
-2.34974e-41
-2.42148e-45
-1.81846e-40
-3.32544e-42
-1.92528e-39
-3.56408e-41
-1.13911e-38
-2.47925e-40
-1.77296e-38
-2.30343e-39
-4.64474e-37
-2.05548e-39
-6.49873e-39
2.33943e-39
6.49855e-39
4.61358e-39
4.64473e-37
2.33941e-39
1.77087e-38
-2.05581e-39
1.12724e-38
-2.30583e-39
-2.64266e-40
-4.44713e-40
3.83992e-41
-2.62705e-39
3.36226e-40
-2.08497e-38
3.0023e-39
-3.5395e-38
2.40813e-39
1.35332e-46
-5.79642e-39
3.5395e-38
-5.79642e-39
2.08497e-38
2.40813e-39
2.62746e-39
3.00229e-39
4.46427e-40
3.36467e-40
4.77619e-41
4.49909e-41
5.75761e-42
4.10114e-42
4.9262e-43
4.08996e-43
-4.92653e-43
6.6894e-44
-5.758e-42
4.09012e-43
-4.77665e-41
4.10135e-42
-4.46482e-40
4.49937e-41
-2.62802e-39
3.36501e-40
-2.08555e-38
3.0027e-39
-3.54433e-38
2.41226e-39
-4.52244e-40
-5.75102e-39
3.27192e-38
-5.45582e-39
-4.52244e-40
5.45582e-39
-3.54433e-38
5.75102e-39
-2.08555e-38
-2.41226e-39
-2.62802e-39
-3.0027e-39
-4.46486e-40
-3.36501e-40
-4.78212e-41
-4.49909e-41
-6.3134e-42
-4.06749e-42
-6.35852e-42
2.62331e-45
-4.83131e-41
4.09828e-42
-4.51697e-40
4.53634e-41
-2.66996e-39
3.40193e-40
-2.12536e-38
3.04356e-39
-3.76186e-38
2.70333e-39
-1.86262e-38
-3.08933e-39
1.86261e-38
-6.09538e-39
3.76181e-38
-3.08931e-39
2.12474e-38
2.70354e-39
2.63149e-39
3.04181e-39
2.6338e-40
-9.00067e-41
1.01444e-41
-3.92254e-40
8.56635e-41
-2.33158e-39
6.42769e-40
-3.79899e-39
4.92075e-40
1.63237e-48
-1.23386e-39
3.79899e-39
-1.23386e-39
2.33158e-39
4.92075e-40
3.92294e-40
6.42767e-40
8.98917e-41
8.5729e-41
1.096e-41
1.19816e-41
1.47791e-42
1.17265e-42
1.34065e-43
1.20207e-43
-1.34075e-43
2.04483e-44
-1.47803e-42
1.20212e-43
-1.09614e-41
1.17272e-42
-8.99074e-41
1.19825e-41
-3.92445e-40
8.57393e-41
-2.33308e-39
6.42888e-40
-3.8101e-39
4.93258e-40
-9.13867e-41
-1.22175e-39
3.39558e-39
-1.14694e-39
-9.13867e-41
1.14694e-39
-3.8101e-39
1.22175e-39
-2.33308e-39
-4.93258e-40
-3.92445e-40
-6.42888e-40
-8.99088e-41
-8.57392e-41
-1.09772e-41
-1.19816e-41
-1.63032e-42
-1.16236e-42
-1.64326e-42
8.15771e-46
-1.1111e-41
1.17176e-42
-9.12371e-41
1.20906e-41
-4.0191e-40
8.67916e-41
-2.41186e-39
6.53686e-40
-4.11101e-39
5.66885e-40
-2.01956e-39
-6.65899e-40
2.01956e-39
-1.30974e-39
4.11095e-39
-6.65892e-40
2.41124e-39
5.66943e-40
3.9813e-40
6.53225e-40
6.69408e-41
-1.28928e-41
2.46803e-42
-4.34593e-41
1.9349e-41
-1.98602e-40
1.36507e-40
-3.10748e-40
1.02804e-40
-3.2775e-48
-2.61949e-40
3.10748e-40
-2.61949e-40
1.98601e-40
1.02804e-40
4.34594e-41
1.36507e-40
1.28271e-41
1.93714e-41
1.74735e-42
2.92983e-42
2.53259e-43
3.02042e-43
2.41069e-44
3.24803e-44
-2.4109e-44
5.71127e-45
-2.53283e-43
3.24818e-44
-1.74762e-42
3.02062e-43
-1.283e-41
2.93009e-42
-4.34867e-41
1.93743e-41
-1.98857e-40
1.36539e-40
-3.12523e-40
1.03109e-40
-1.30836e-41
-2.58987e-40
2.65514e-40
-2.42273e-40
-1.30836e-41
2.42273e-40
-3.12523e-40
2.58987e-40
-1.98857e-40
-1.03109e-40
-4.34867e-41
-1.36539e-40
-1.28303e-41
-1.93742e-41
-1.75058e-42
-2.92983e-42
-2.80806e-43
-2.99168e-43
-2.83208e-43
2.33829e-46
-1.77464e-42
3.01786e-43
-1.30566e-41
2.95918e-42
-4.49776e-41
1.96438e-41
-2.0991e-40
1.39164e-40
-3.42899e-40
1.19518e-40
-1.6645e-40
-1.42157e-40
1.6645e-40
-2.78938e-40
3.42898e-40
-1.42156e-40
2.09898e-40
1.19523e-40
4.48568e-41
1.38997e-40
1.49412e-41
-1.80214e-42
4.21235e-43
-4.42583e-42
3.15768e-42
-1.27862e-41
2.09198e-41
-1.83203e-41
1.54556e-41
-1.42518e-48
-4.01027e-41
1.83203e-41
-4.01027e-41
1.2786e-41
1.54556e-41
4.42454e-42
2.09199e-41
1.78212e-42
3.16243e-42
2.65082e-43
5.03796e-43
4.11579e-44
5.43518e-44
4.06282e-45
6.03777e-45
-4.0632e-45
1.09219e-45
-4.11623e-44
6.03809e-45
-2.6513e-43
5.43559e-44
-1.78263e-42
5.03846e-43
-4.42916e-42
3.16298e-42
-1.28277e-41
2.0926e-41
-1.859e-41
1.55105e-41
-1.82384e-42
-3.95928e-41
1.3626e-41
-3.68853e-41
-1.82384e-42
3.68853e-41
-1.859e-41
3.95928e-41
-1.28277e-41
-1.55105e-41
-4.42916e-42
-2.0926e-41
-1.78268e-42
-3.16298e-42
-2.65646e-43
-5.03796e-43
-4.58236e-44
-5.38021e-44
-4.6241e-44
4.55353e-47
-2.697e-43
5.4302e-44
-1.81927e-42
5.09234e-43
-4.65253e-42
3.21129e-42
-1.43401e-41
2.13749e-41
-2.11907e-41
1.81631e-41
-9.91555e-42
-2.18902e-41
9.91561e-42
-4.28595e-41
2.1192e-41
-2.18902e-41
1.43537e-41
1.81628e-41
4.71659e-42
2.13388e-41
2.40779e-42
-2.25518e-43
6.78469e-44
-4.28939e-43
4.82761e-43
-5.63422e-43
3.09309e-42
-5.82451e-43
2.26174e-42
-2.24639e-49
-5.93082e-42
5.82448e-43
-5.93082e-42
5.63379e-43
2.26176e-42
4.2863e-43
3.09325e-42
2.21904e-43
4.8459e-43
3.52946e-44
8.10435e-44
5.74535e-45
9.04238e-45
5.84234e-46
1.03476e-45
-5.84294e-46
1.91313e-46
-5.74601e-45
1.03481e-45
-3.53017e-44
9.04311e-45
-2.21979e-43
8.10524e-44
-4.29296e-43
4.84687e-43
-5.69207e-43
3.09429e-42
-6.1841e-43
2.2709e-42
-2.27732e-43
-5.84874e-42
1.17857e-43
-5.43709e-42
-2.27732e-43
5.43709e-42
-6.1841e-43
5.84874e-42
-5.69207e-43
-2.2709e-42
-4.29297e-43
-3.09429e-42
-2.21986e-43
-4.84686e-43
-3.5378e-44
-8.10434e-44
-6.41886e-45
-8.94606e-45
-6.48024e-45
8.10688e-48
-3.5961e-44
9.03349e-45
-2.27072e-43
8.1973e-44
-4.58764e-43
4.92693e-43
-7.55149e-43
3.16619e-42
-8.19308e-43
2.67341e-42
-3.26518e-43
-3.24922e-42
3.26542e-43
-6.35066e-42
8.19635e-43
-3.24923e-42
7.5842e-43
2.67314e-42
4.74576e-43
3.15909e-42
3.63939e-43
-2.72905e-44
2.3842e-44
-4.37517e-44
5.56968e-44
1.23687e-45
4.00977e-43
4.32827e-44
2.90725e-43
7.70731e-49
-7.70973e-43
-4.32766e-44
-7.70963e-43
-1.19347e-45
2.90854e-43
4.37222e-44
4.02144e-43
2.72149e-44
6.51987e-44
4.52267e-45
1.13009e-44
7.62935e-46
1.29787e-45
7.92589e-47
1.51926e-46
-7.92674e-47
2.86263e-47
-7.63029e-46
1.51935e-46
-4.52368e-45
1.29798e-45
-2.72254e-44
1.13022e-44
-4.38129e-44
6.52131e-44
4.19056e-46
4.02296e-43
3.86633e-44
2.92166e-43
-2.79894e-44
-7.59509e-43
-9.16124e-44
-7.04451e-43
-2.79894e-44
7.04451e-43
3.86633e-44
7.59509e-43
4.19048e-46
-2.92166e-43
-4.3813e-44
-4.02296e-43
-2.72264e-44
-6.5213e-44
-4.53426e-45
-1.13009e-44
-8.54598e-46
-1.28346e-45
-8.63076e-46
1.22879e-48
-4.61334e-45
1.29652e-45
-2.78997e-44
1.14371e-44
-4.75613e-44
6.63589e-44
-2.21825e-44
4.12284e-43
2.29304e-44
3.45912e-43
2.15401e-44
-4.23876e-43
-2.15348e-44
-8.27193e-43
-2.28704e-44
-4.2388e-43
2.2759e-44
3.45848e-43
5.03437e-44
4.11148e-43
4.84216e-44
8.76778e-45
-3.24294e-44
-3.03591e-45
-7.08748e-44
4.4304e-45
4.10434e-44
1.10294e-44
3.52377e-44
7.47954e-48
-9.65433e-44
-1.09623e-44
-9.64787e-44
-3.85862e-45
3.61217e-44
4.5193e-45
5.03127e-44
3.12647e-45
8.35068e-45
5.3654e-46
1.49036e-45
9.28009e-47
1.74913e-46
9.81276e-48
2.08583e-47
-9.81387e-48
3.98811e-48
-9.28131e-47
2.08596e-47
-5.36669e-46
1.74929e-46
-3.12779e-45
1.49055e-45
-4.53054e-45
8.35269e-45
3.76443e-45
5.03336e-44
1.04152e-44
3.6299e-44
-3.22072e-45
-9.49624e-44
-1.60301e-44
-8.7946e-44
-3.22072e-45
8.7946e-44
1.04152e-44
9.49624e-44
3.76443e-45
-3.6299e-44
-4.53055e-45
-5.03335e-44
-3.12792e-45
-8.35267e-45
-5.38e-46
-1.49036e-45
-1.04178e-46
-1.72904e-46
-1.05243e-46
1.73013e-49
-5.4779e-46
1.74723e-46
-3.2096e-45
1.50902e-45
-4.97286e-45
8.50671e-45
1.18576e-45
5.1647e-44
9.11659e-45
4.31384e-44
5.70512e-45
-5.31772e-44
-5.70426e-45
-1.03648e-43
-9.10776e-45
-5.31781e-44
-1.10391e-45
4.31267e-44
5.36432e-45
5.14795e-44
6.14094e-45
2.82553e-43
2.2376e-42
2.39063e-44
-6.56004e-43
7.09079e-45
-6.962e-44
2.17396e-45
-1.92036e-45
6.67966e-47
-1.1633e-44
-1.50681e-45
-1.12162e-44
-6.12722e-46
4.1556e-45
4.76847e-46
5.83346e-45
3.48312e-46
9.89576e-46
6.10819e-47
1.80546e-46
1.07634e-47
2.15848e-47
1.15338e-48
2.61166e-48
-1.15352e-48
5.05682e-49
-1.07649e-47
2.61183e-48
-6.10972e-47
2.15869e-47
-3.48467e-46
1.80571e-46
-4.78141e-46
9.89838e-46
6.02217e-46
5.8362e-45
1.44989e-45
4.17944e-45
-3.59246e-46
-1.10026e-44
-2.05153e-45
-1.01743e-44
-3.59246e-46
1.01743e-44
1.44989e-45
1.10026e-44
6.02217e-46
-4.17944e-45
-4.78143e-46
-5.8362e-45
-3.48483e-46
-9.89836e-46
-6.12559e-47
-1.80546e-46
-1.21035e-47
-2.13302e-47
-1.223e-47
2.21259e-50
-6.24064e-47
2.15605e-47
-3.57937e-46
1.82879e-46
-5.2829e-46
1.00881e-45
3.16315e-46
5.99491e-45
1.33232e-45
4.98586e-45
7.93141e-46
-6.18044e-45
-7.9302e-46
-1.20335e-44
-1.33115e-45
-6.18058e-45
-3.05766e-46
4.98412e-45
5.7843e-46
5.97286e-45
7.22117e-46
5.75196e-42
-1.13336e-41
5.71552e-43
-1.15553e-42
6.39079e-44
-9.84841e-44
5.61086e-45
-6.84047e-45
4.55351e-46
-1.94283e-45
-1.36738e-46
-1.44415e-45
-6.98065e-47
5.18071e-46
4.90613e-47
7.34085e-46
3.6692e-47
1.26531e-46
6.54779e-48
2.34718e-47
1.17006e-48
2.84479e-48
1.26828e-49
3.48011e-49
-1.2684e-49
6.80225e-50
-1.17018e-48
3.48036e-49
-6.54882e-48
2.84511e-48
-3.66983e-47
2.34757e-47
-4.90368e-47
1.26575e-46
7.11101e-47
7.34585e-46
1.64445e-46
5.23356e-46
-3.78701e-47
-1.38413e-45
-2.26722e-46
-1.27853e-45
-3.78701e-47
1.27853e-45
1.64445e-46
1.38413e-45
7.111e-47
-5.23356e-46
-4.90369e-47
-7.34585e-46
-3.67001e-47
-1.26574e-46
-6.56646e-48
-2.34724e-47
-1.31762e-48
-2.81056e-48
-1.33165e-48
2.99556e-51
-6.69297e-48
2.84153e-48
-3.77259e-47
2.37828e-47
-5.4395e-47
1.29071e-46
4.11223e-47
7.55178e-46
1.53424e-46
6.26076e-46
9.00144e-47
-7.79316e-46
-8.99993e-47
-1.51612e-45
-1.53284e-46
-7.79337e-46
-3.98941e-47
6.25812e-46
6.01924e-47
7.5212e-46
9.17817e-47
6.11221e-36
-2.18349e-35
-4.22353e-35
6.6767e-36
-2.42461e-37
-1.77359e-33
-3.32084e-35
-9.4158e-37
1.75786e-35
1.99212e-33
4.87195e-35
-1.31449e-35
1.24452e-36
3.30068e-35
4.86201e-35
7.12142e-37
6.83252e-36
5.92592e-35
7.73702e-36
7.54546e-36
-6.86396e-37
1.01934e-34
1.33059e-35
-7.81206e-37
-1.28239e-35
2.03995e-34
9.31523e-35
-1.42877e-35
-2.29e-35
3.24144e-33
2.34824e-34
-2.54419e-35
-7.09674e-37
3.44369e-33
2.39202e-34
-7.87558e-37
2.28354e-35
9.78943e-35
2.53688e-35
1.27627e-35
1.51782e-35
2.16416e-36
1.68214e-36
2.30179e-37
2.15074e-37
3.19398e-38
1.90731e-38
5.14997e-38
1.3955e-39
5.64947e-37
-5.37514e-39
4.78019e-36
-5.6949e-38
5.11221e-35
-6.52879e-37
2.96224e-34
-4.94558e-36
4.46929e-34
-4.65718e-35
1.16724e-32
-4.22272e-35
4.46929e-34
4.22272e-35
2.96219e-34
4.65716e-35
5.10884e-35
4.9381e-36
4.46274e-36
4.46852e-37
2.76895e-37
-4.0709e-36
3.368e-37
-1.06373e-34
3.2208e-37
-4.12742e-36
3.40808e-38
-2.0599e-37
4.49911e-39
-7.45216e-39
4.99112e-40
8.4377e-41
7.76478e-40
2.05857e-39
1.24615e-38
8.61774e-37
-2.73546e-36
1.33242e-37
-1.54477e-37
1.43486e-38
-7.5662e-39
-3.48316e-40
1.6981e-39
-1.36661e-37
-2.09511e-36
-1.70738e-38
-1.10342e-37
-1.60468e-39
-4.46049e-39
-1.27318e-40
-1.23291e-40
-1.00987e-36
3.10548e-36
-1.17073e-37
1.63947e-37
-1.09688e-38
6.41301e-39
1.49657e-40
-7.5097e-40
9.9253e-38
3.17627e-36
1.97015e-38
1.72823e-37
2.55168e-39
7.36432e-39
2.38393e-40
3.7472e-40
1.05513e-36
7.7185e-37
1.63236e-37
6.51096e-38
1.80318e-38
5.85552e-39
5.03419e-40
2.13392e-39
-1.2917e-37
1.36234e-36
-2.15874e-38
1.17114e-37
-2.58118e-39
1.07115e-38
9.24556e-40
-3.1834e-40
-2.06264e-36
6.47733e-36
-3.21591e-37
3.80891e-37
-3.59595e-38
1.90597e-38
8.6949e-40
-4.26281e-39
-3.59855e-36
1.52515e-35
-5.5724e-37
8.16129e-37
-6.17361e-38
3.09547e-38
5.43277e-40
-7.28714e-39
-1.10472e-37
1.55188e-35
-1.70581e-38
8.29133e-37
-1.88246e-39
3.12789e-38
5.29448e-40
-2.21782e-40
3.58686e-36
6.76379e-36
5.55398e-37
3.94133e-37
6.15246e-38
1.9259e-38
8.36701e-40
7.26202e-39
2.19054e-36
1.26183e-36
3.41715e-37
1.05105e-37
3.82201e-38
9.25338e-39
7.79297e-40
4.5328e-39
2.75534e-37
2.93708e-37
4.52838e-38
3.08659e-38
5.36131e-39
3.40636e-39
3.26183e-40
6.55965e-40
3.66713e-38
3.54275e-38
6.46632e-39
4.11483e-39
8.0022e-40
4.86802e-40
4.9077e-41
1.02021e-40
3.40187e-39
5.44939e-39
6.26552e-40
7.31759e-40
8.01175e-41
9.26124e-41
1.02234e-41
1.04843e-41
-1.59453e-40
8.65908e-39
-3.28035e-41
1.62026e-39
-1.04786e-41
2.08853e-40
2.65618e-41
-1.52588e-42
-6.24586e-39
8.9645e-38
-1.18679e-39
1.61377e-38
-2.25669e-40
1.98625e-39
2.45843e-40
-3.0937e-41
-6.44217e-38
7.35501e-37
-1.1938e-38
1.18918e-37
-2.17607e-39
1.3713e-38
1.59973e-39
-2.90321e-40
-7.30751e-37
7.03246e-36
-1.27697e-37
1.00473e-36
-2.22771e-38
1.0454e-37
1.13633e-38
-2.85491e-39
-5.49618e-36
3.89306e-35
-9.20576e-37
3.90789e-36
-1.49227e-37
3.05379e-37
2.45451e-38
-1.8266e-38
-5.06872e-35
3.13078e-34
-7.40701e-36
2.26538e-35
-1.14319e-36
1.25002e-36
5.22018e-38
-1.32218e-37
-4.58631e-35
5.61054e-34
-6.6033e-36
3.92929e-35
-1.01427e-36
2.07455e-36
7.52871e-38
-1.16545e-37
4.58631e-35
3.13079e-34
6.60329e-36
2.26542e-35
1.01426e-36
1.2501e-36
5.2217e-38
1.16544e-37
5.0687e-35
3.89351e-35
7.40689e-36
3.91302e-36
1.14312e-36
3.0628e-37
2.47028e-38
1.32205e-37
5.49128e-36
7.06612e-36
9.18764e-37
1.04346e-36
1.48489e-37
1.11048e-37
1.24211e-38
1.81343e-38
6.06077e-37
1.05251e-36
9.74112e-38
4.76953e-37
1.30715e-38
6.61368e-38
9.70906e-39
1.38458e-39
-2.31035e-36
3.7704e-37
-3.80258e-37
3.40169e-37
-7.71055e-38
4.87266e-38
7.44518e-39
-1.06173e-38
-5.37983e-36
-2.79233e-37
-3.72715e-36
-3.22474e-37
-7.14182e-37
-4.6529e-38
-7.11873e-39
-8.85643e-38
-2.37428e-36
-3.1621e-37
-3.92093e-37
-3.57862e-37
-7.92302e-38
-5.22845e-38
-7.48867e-39
-1.08602e-38
-1.24619e-37
-3.35749e-38
-3.02019e-38
-3.85643e-38
-8.80988e-39
-5.3735e-39
5.11028e-39
-8.80887e-40
-4.72319e-39
-4.26205e-39
-8.75718e-40
-3.71025e-39
4.37075e-39
1.06812e-38
6.56773e-38
8.78032e-39
1.47592e-39
6.79237e-40
9.24007e-39
8.60833e-39
5.4926e-38
7.71873e-38
4.72548e-37
1.29569e-37
1.66599e-38
7.45417e-39
1.03814e-37
6.54645e-38
6.81136e-37
5.92223e-37
3.79669e-36
2.15197e-36
1.07974e-37
7.59602e-37
5.7915e-36
2.76156e-35
1.47611e-40
-1.64073e-41
1.29584e-41
-2.25842e-43
1.0152e-42
-4.51855e-45
7.8956e-44
-8.01617e-46
5.6724e-45
-2.42781e-46
3.81185e-46
-1.07459e-46
1.83807e-47
3.20671e-47
6.97727e-48
4.74902e-47
4.09856e-48
8.33007e-48
7.27224e-49
1.58181e-48
1.30391e-49
1.9493e-49
1.42228e-50
2.42396e-50
-1.42021e-50
4.79907e-51
-1.30033e-49
2.42437e-50
-7.20942e-49
1.94991e-49
-3.99335e-48
1.58266e-48
-5.26358e-48
8.34145e-48
8.10699e-48
4.76342e-47
1.8439e-47
3.37725e-47
-4.12356e-48
-8.97215e-47
-2.51605e-47
-8.27918e-47
-4.12356e-48
8.27918e-47
1.8439e-47
8.97215e-47
8.10699e-48
-3.37725e-47
-5.2636e-48
-4.76342e-47
-3.99355e-48
-8.34143e-48
-7.22931e-49
-1.58242e-48
-1.46561e-49
-1.92553e-49
-1.48141e-49
2.13571e-52
-7.37096e-49
1.94735e-49
-4.1074e-48
1.60401e-48
-5.85218e-48
8.51214e-48
4.85273e-48
4.90193e-47
1.73154e-47
4.05049e-47
1.01001e-47
-5.0648e-47
-1.00982e-47
-9.84334e-47
-1.72984e-47
-5.06497e-47
-4.70409e-48
4.04846e-47
6.56557e-48
4.88013e-47
5.98692e-48
-5.69283e-42
-1.05781e-42
8.65599e-44
1.25851e-43
4.8909e-44
1.13918e-45
7.5097e-45
-8.50979e-46
7.85452e-46
-1.57939e-46
7.29737e-47
-2.1851e-47
5.60394e-48
8.42888e-49
7.87492e-49
3.11533e-48
2.72537e-49
5.62775e-49
4.59353e-50
1.08411e-49
8.11687e-51
1.34842e-50
8.87831e-52
1.68433e-51
-8.77641e-52
3.351e-52
-7.9636e-51
1.68669e-51
-4.35777e-50
1.35221e-50
-2.38366e-49
1.08987e-49
-3.11886e-49
5.71168e-49
4.90502e-49
3.22833e-48
1.10838e-48
2.28012e-48
-2.46341e-49
-6.07776e-48
-1.50841e-48
-5.60373e-48
-2.46341e-49
5.60373e-48
1.10838e-48
6.07776e-48
4.90502e-49
-2.28012e-48
-3.11887e-49
-3.22833e-48
-2.38378e-49
-5.71166e-49
-4.3702e-50
-1.0897e-49
-8.98737e-51
-1.33518e-50
-9.08593e-51
1.4937e-53
-4.45779e-50
1.35042e-50
-2.4534e-49
1.10472e-49
-3.47356e-49
5.82999e-49
2.96838e-49
3.32361e-48
1.04385e-48
2.74046e-48
6.07722e-49
-3.4358e-48
-6.07596e-49
-6.67461e-48
-1.04274e-48
-3.43594e-48
-2.87265e-49
2.73893e-48
3.92867e-49
3.30787e-48
4.09198e-49
-3.14366e-41
-4.43949e-42
1.32758e-42
-7.15333e-43
3.52695e-43
-5.02679e-44
5.09065e-44
-2.66847e-45
5.09038e-45
-9.44929e-47
4.73358e-46
-7.65359e-49
3.8248e-47
5.34907e-49
2.9847e-48
2.46203e-49
2.25823e-49
3.98348e-50
1.72066e-50
7.163e-51
1.43363e-51
8.78541e-52
1.13632e-52
1.0896e-52
-5.1277e-53
2.15866e-53
-4.94224e-52
1.07359e-52
-2.69289e-51
8.53964e-52
-1.46193e-50
6.81728e-51
-1.90494e-50
3.53422e-50
3.02019e-50
1.97512e-49
6.80388e-50
1.38957e-49
-1.51144e-50
-3.71693e-49
-9.25358e-50
-3.42421e-49
-1.51144e-50
3.42421e-49
6.80388e-50
3.71693e-49
3.02019e-50
-1.38957e-49
-1.90495e-50
-1.97512e-49
-1.46201e-50
-3.53421e-50
-2.70069e-51
-6.81621e-51
-5.58336e-52
-8.43045e-52
-5.64502e-52
9.62013e-55
-2.75534e-51
8.5281e-52
-1.5052e-50
6.91167e-51
-2.12389e-50
3.60885e-50
1.83457e-50
2.03464e-49
6.4167e-50
1.67365e-49
3.73326e-50
-2.10485e-49
-3.73242e-50
-4.08657e-49
-6.4095e-50
-2.10494e-49
-1.77294e-50
1.67261e-49
2.41855e-50
2.02439e-49
2.52012e-50
3.70906e-41
4.46583e-42
3.81062e-42
-1.27537e-44
3.35703e-43
6.60791e-45
2.94952e-44
1.57061e-45
2.34003e-45
2.18769e-46
1.82235e-46
2.12059e-47
1.31809e-47
1.86878e-48
9.31206e-49
1.54969e-49
6.28289e-50
1.25936e-50
4.17661e-51
1.12552e-51
2.77802e-52
9.88671e-53
1.8213e-53
9.51863e-54
-2.34323e-54
1.51659e-54
-2.87663e-53
6.74014e-54
-1.55947e-52
5.34205e-53
-8.39411e-52
4.24269e-52
-1.08952e-51
2.19149e-51
1.73651e-51
1.21529e-50
3.90244e-51
8.5244e-51
-8.68269e-52
-2.28614e-50
-5.30749e-51
-2.10475e-50
-8.68269e-52
2.10475e-50
3.90244e-51
2.28614e-50
1.7365e-51
-8.5244e-51
-1.08953e-51
-1.21529e-50
-8.39458e-52
-2.19148e-51
-1.56408e-52
-4.24202e-52
-3.25651e-53
-5.27333e-53
-3.29281e-53
6.05563e-56
-1.59612e-52
5.33473e-53
-8.64606e-52
4.30185e-52
-1.21613e-51
2.23816e-51
1.05716e-51
1.25231e-50
3.6849e-51
1.02843e-50
2.14302e-51
-1.29601e-50
-2.14251e-51
-2.51543e-50
-3.68053e-51
-1.29607e-50
-1.02036e-51
1.02774e-50
1.3916e-51
1.24572e-50
1.5607e-51
1.81147e-40
4.75579e-41
1.57612e-41
3.59849e-42
1.22214e-42
2.78708e-43
9.44473e-44
2.0001e-44
6.7398e-45
1.41911e-45
4.73209e-46
9.46366e-47
3.12932e-47
6.18371e-48
2.02465e-48
3.8521e-49
1.24927e-49
2.34829e-50
7.52787e-51
1.38662e-51
4.36705e-52
8.06328e-53
2.47429e-53
4.65497e-54
1.15417e-54
3.08353e-55
-1.58485e-54
4.08564e-55
-8.93726e-54
3.13566e-54
-4.78519e-53
2.474e-53
-6.19343e-53
1.27032e-52
9.90412e-53
6.98524e-52
2.22191e-52
4.88419e-52
-4.95106e-53
-1.31354e-51
-3.02217e-52
-1.2085e-51
-4.95106e-53
1.2085e-51
2.22191e-52
1.31354e-51
9.90412e-53
-4.88419e-52
-6.19346e-53
-6.98524e-52
-4.78547e-53
-1.27032e-52
-8.96746e-54
-2.4736e-53
-1.87248e-54
-3.09441e-54
-1.89343e-54
3.59365e-57
-9.15221e-54
3.13074e-54
-4.92993e-53
2.50884e-53
-6.91883e-53
1.2977e-52
6.03679e-53
7.20085e-52
2.09982e-52
5.90278e-52
1.22091e-52
-7.45578e-52
-1.2206e-52
-1.44652e-51
-2.09723e-52
-7.45616e-52
-5.82084e-53
5.89857e-52
7.95285e-53
7.16134e-52
9.02475e-53
-2.82337e-41
8.68546e-41
-2.5055e-42
6.50532e-42
-1.98521e-43
4.97338e-43
-1.54723e-44
3.52402e-44
-1.11468e-45
2.46699e-45
-7.83925e-47
1.62426e-46
-5.19528e-48
1.04731e-47
-3.3515e-49
6.43081e-49
-2.06141e-50
3.85622e-50
-1.23331e-51
2.22121e-51
-7.08625e-53
1.24882e-52
-3.96124e-54
6.78868e-54
-2.24926e-55
3.6285e-55
-1.01858e-55
4.126e-56
-4.87758e-55
1.81389e-55
-2.59106e-54
1.41862e-54
-3.34347e-54
7.26731e-54
5.3648e-54
3.97168e-53
1.2014e-53
2.77017e-53
-2.68171e-54
-7.46606e-53
-1.63433e-53
-6.86541e-53
-2.68171e-54
6.86541e-53
1.2014e-53
7.46606e-53
5.3648e-54
-2.77017e-53
-3.34348e-54
-3.97168e-53
-2.59118e-54
-7.26728e-54
-4.88639e-55
-1.41834e-54
-1.02426e-55
-1.78118e-55
-1.03578e-55
2.07703e-58
-4.98781e-55
1.80217e-55
-2.67011e-54
1.43865e-54
-3.73841e-54
7.42485e-54
3.27401e-54
4.09524e-53
1.1364e-53
3.35254e-53
6.60588e-54
-4.24144e-53
-6.60411e-54
-8.22706e-53
-1.13494e-53
-4.24167e-53
-3.15401e-54
3.35002e-53
4.31342e-54
4.07204e-53
5.15903e-54
-3.63328e-40
4.09104e-41
-3.15512e-41
1.93981e-42
-2.4455e-42
1.17463e-43
-1.8825e-43
7.63237e-45
-1.33934e-44
5.18252e-46
-9.35496e-46
3.36888e-47
-6.15779e-47
2.15846e-48
-3.95981e-48
1.31851e-49
-2.42847e-49
7.87499e-51
-1.45241e-50
4.51696e-52
-8.34912e-52
2.52981e-53
-4.6792e-53
1.36879e-54
-2.53477e-54
7.24551e-56
-1.3872e-55
4.95365e-57
-3.29149e-56
1.0084e-56
-1.38291e-55
7.7475e-56
-1.77607e-55
3.95594e-55
2.85683e-55
2.14787e-54
6.38865e-55
1.4942e-54
-1.42803e-55
-4.03628e-54
-8.69181e-55
-3.7095e-54
-1.42803e-55
3.7095e-54
6.38865e-55
4.03628e-54
2.85684e-55
-1.4942e-54
-1.77591e-55
-2.14787e-54
-1.37955e-55
-3.95592e-55
-2.61329e-56
-7.74532e-56
-5.4867e-57
-9.76964e-57
-5.54861e-57
1.1462e-59
-2.66774e-56
9.88536e-57
-1.4218e-55
7.85692e-56
-1.98704e-55
4.04232e-55
1.74493e-55
2.2153e-54
6.0471e-55
1.81095e-54
3.5146e-55
-2.29515e-54
-3.51362e-55
-4.45067e-54
-6.03914e-55
-2.29529e-54
-1.67973e-55
1.80952e-54
2.30076e-55
2.20236e-54
2.80505e-55
-6.17739e-40
-6.00806e-41
-5.34839e-41
-7.52598e-42
-4.13058e-42
-6.56732e-43
-3.17252e-43
-4.82235e-44
-2.25134e-44
-3.40825e-45
-1.56975e-45
-2.24817e-46
-1.03127e-46
-1.44893e-47
-6.62228e-48
-8.88746e-49
-4.05518e-49
-5.32165e-50
-2.42247e-50
-3.05983e-51
-1.39087e-51
-1.71641e-52
-7.78743e-53
-9.29886e-54
-4.21339e-54
-4.9157e-55
-2.22637e-55
-2.5134e-56
-1.27251e-56
-7.30912e-58
-7.62039e-57
4.07831e-57
-9.08282e-57
2.11133e-56
1.46047e-56
1.1408e-55
3.26149e-56
7.9193e-56
-7.30099e-57
-2.14315e-55
-4.43783e-56
-1.96874e-55
-7.30099e-57
1.96874e-55
3.2615e-56
2.14315e-55
1.4606e-56
-7.9193e-56
-9.05517e-57
-1.1408e-55
-7.05159e-57
-2.11161e-56
-1.34221e-57
-4.13905e-57
-2.82362e-58
-5.23604e-58
-2.85558e-58
6.12996e-61
-1.3703e-57
5.29821e-58
-7.26884e-57
4.19888e-57
-1.01391e-56
2.15791e-56
8.92919e-57
1.17681e-55
3.08935e-56
9.60959e-56
1.79522e-56
-1.21949e-55
-1.7947e-56
-2.36438e-55
-3.08516e-56
-1.21956e-55
-8.58979e-57
9.60172e-56
1.17768e-56
1.16977e-55
1.49693e-56
-1.87558e-41
-6.35525e-41
-1.62168e-42
-7.84513e-42
-1.25039e-43
-6.82724e-43
-9.59367e-45
-5.00986e-44
-6.7999e-46
-3.54016e-45
-4.73729e-47
-2.33511e-46
-3.10939e-48
-1.50497e-47
-1.99533e-49
-9.23132e-49
-1.22097e-50
-5.52764e-50
-7.28962e-52
-3.17831e-51
-4.18288e-53
-1.78289e-52
-2.34085e-54
-9.65918e-54
-1.2659e-55
-5.10633e-55
-6.69132e-57
-2.61748e-56
-4.09088e-58
-1.28303e-57
-3.70196e-58
1.48898e-58
-4.53393e-58
1.08036e-57
7.31516e-58
5.82268e-57
1.63159e-57
4.03331e-57
-3.65676e-58
-1.09357e-56
-2.22026e-57
-1.00411e-56
-3.65675e-58
1.00411e-56
1.63159e-57
1.09358e-56
7.31555e-58
-4.03327e-57
-4.52564e-58
-5.82282e-57
-3.53135e-58
-1.08342e-57
-6.74585e-59
-2.12669e-58
-1.42008e-59
-2.69336e-59
-1.43616e-59
-2.43443e-62
-6.88735e-59
2.72987e-59
-3.64056e-58
2.15751e-58
-5.07037e-58
1.10728e-57
4.47518e-58
6.00782e-57
1.54635e-57
4.90022e-57
8.98464e-58
-6.22713e-57
-8.98196e-58
-1.2071e-56
-1.54421e-57
-6.22742e-57
-4.30269e-58
4.89603e-57
5.90638e-58
5.97104e-57
7.6774e-58
6.15581e-40
3.51988e-41
5.32962e-41
1.43705e-42
4.11596e-42
7.68862e-44
3.16125e-43
4.69901e-45
2.24329e-44
3.11155e-46
1.56412e-45
1.99746e-47
1.02756e-46
1.27074e-48
6.59835e-48
7.71346e-50
4.04048e-49
4.5841e-51
2.41366e-50
2.61581e-52
1.38579e-51
1.45845e-53
7.75893e-53
7.8527e-55
4.19789e-54
4.13008e-56
2.21568e-55
2.10662e-57
1.13417e-56
1.06337e-58
5.5001e-58
1.5677e-59
5.72086e-60
5.41344e-59
3.67318e-59
2.90865e-58
7.89547e-59
2.01938e-58
-1.77031e-59
-5.45843e-58
-1.07367e-58
-5.0141e-58
-1.77001e-59
5.01544e-58
7.88923e-59
5.4768e-58
3.54136e-59
-2.00733e-58
-2.18638e-59
-2.90752e-58
-1.70918e-59
-5.45439e-59
-3.27728e-60
-1.07294e-59
-6.96095e-61
-1.91726e-61
-6.98706e-61
-1.22292e-60
-3.34322e-60
1.16454e-60
-1.7623e-59
1.0802e-59
-2.45061e-59
5.5668e-59
2.16792e-59
3.00845e-58
7.48123e-59
2.45212e-58
4.3467e-59
-3.11885e-58
-4.34466e-59
-6.03464e-58
-7.47144e-59
-3.0982e-58
-2.08391e-59
2.44073e-58
2.86276e-59
2.98253e-58
3.7741e-59
3.8647e-40
7.20781e-41
3.35707e-41
5.36134e-42
2.60263e-42
4.08385e-43
2.00387e-43
2.88725e-44
1.42592e-44
2.01741e-45
9.96124e-46
1.32598e-46
6.5577e-47
8.53498e-48
4.21746e-48
5.23156e-49
2.58674e-49
3.13125e-50
1.5472e-50
1.79972e-51
8.89477e-52
1.00926e-52
4.98539e-53
5.46633e-54
2.70019e-54
2.88913e-55
1.42647e-55
1.48082e-56
7.31034e-57
7.40784e-58
3.64883e-58
3.46198e-59
1.68184e-59
-6.31997e-60
2.61538e-60
1.02786e-59
3.77939e-60
2.58046e-59
-8.90584e-61
-1.35468e-59
-5.05017e-60
-2.17586e-59
-7.60757e-61
2.43691e-59
3.70595e-60
5.27882e-59
1.59799e-60
6.82752e-61
-1.0796e-60
-8.00827e-60
-7.59921e-61
-6.50464e-60
-1.48572e-61
-1.96633e-60
-1.57609e-61
2.45899e-59
-4.21114e-62
-2.59567e-59
-8.60753e-62
-4.34163e-60
-7.93772e-61
-5.33032e-62
-1.11434e-60
4.79913e-60
9.94886e-61
2.64272e-59
3.46569e-60
2.27427e-59
2.13267e-60
-2.77459e-59
-1.9743e-60
-3.07281e-59
-3.63751e-60
1.71508e-59
-1.08982e-60
1.90255e-60
1.42348e-60
1.04593e-59
-1.47107e-59
5.78483e-41
3.24131e-41
5.12485e-42
2.48611e-42
4.05758e-43
1.91807e-43
3.16683e-44
1.36578e-44
2.28581e-45
9.58e-46
1.61273e-46
6.31895e-47
1.07257e-47
4.07742e-48
6.94985e-49
2.50568e-49
4.29499e-50
1.50267e-50
2.5839e-51
8.65414e-52
1.49408e-52
4.86095e-53
8.4125e-54
2.63705e-54
4.57695e-55
1.39564e-55
2.4268e-56
7.16184e-57
1.24756e-57
3.50243e-58
6.20069e-59
-2.53269e-59
4.19927e-60
-2.31306e-58
2.30308e-60
-8.36015e-59
3.3017e-61
3.50567e-58
-1.28131e-60
2.78171e-58
3.85334e-61
5.11166e-59
1.66486e-60
-2.24739e-60
-3.80083e-61
5.41877e-58
-1.65727e-60
2.19129e-58
-1.09111e-60
1.29734e-58
1.03138e-60
-8.55789e-59
1.70328e-61
-3.66815e-59
-2.70309e-60
5.0971e-58
-1.9134e-61
-5.37912e-58
1.58507e-60
-9.07339e-59
8.84186e-61
-1.14555e-59
9.7006e-61
4.57802e-59
-7.02653e-61
2.59505e-58
-1.59475e-60
2.3727e-58
1.72546e-60
-2.78546e-58
1.7196e-60
-4.15947e-59
-2.37213e-60
6.67155e-58
-2.23842e-60
-2.20567e-58
1.51723e-60
-8.24143e-59
-3.35623e-58
9.2906e-42
5.02677e-42
8.41277e-43
3.95767e-43
6.77953e-44
3.10147e-44
5.35922e-45
2.24325e-45
3.90908e-46
1.59004e-46
2.77952e-47
1.06021e-47
1.86039e-48
6.89436e-49
1.21117e-49
4.27052e-50
7.51353e-51
2.57626e-51
4.53246e-52
1.49261e-52
2.62623e-53
8.42256e-54
1.48066e-54
4.59013e-55
8.06257e-56
2.43773e-56
4.27382e-57
1.23221e-57
2.06962e-58
-1.19305e-58
-1.90089e-60
-8.9922e-58
2.69642e-59
-4.91045e-57
4.624e-59
-1.78504e-57
3.30299e-60
7.40171e-57
-2.8002e-59
5.90016e-57
1.18098e-59
1.0745e-57
3.62293e-59
-2.0806e-58
-1.06314e-59
1.07206e-56
-3.66595e-59
4.50641e-57
-2.31215e-59
2.72647e-57
2.22654e-59
-1.83546e-57
4.27547e-60
-8.83037e-58
-5.67898e-59
1.02062e-56
-3.90474e-60
-1.08003e-56
3.38157e-59
-1.80993e-57
2.01686e-59
-2.19003e-58
2.26328e-59
9.64031e-58
-1.67668e-59
5.46711e-57
-3.94002e-59
4.98928e-57
3.43738e-59
-5.9089e-57
3.87623e-59
-9.84097e-58
-4.72356e-59
1.34221e-56
-4.53567e-59
-4.79209e-57
3.1189e-59
-1.68995e-57
-6.56346e-57
9.75184e-43
1.09041e-42
8.96088e-44
9.14164e-44
7.30619e-45
7.36774e-45
5.82718e-46
5.56592e-46
4.28003e-47
4.03494e-47
3.06025e-48
2.77954e-48
2.05693e-49
1.84252e-49
1.34373e-50
1.17081e-50
8.35661e-52
7.18152e-52
5.05122e-53
4.2468e-53
2.93071e-54
2.4304e-54
1.65402e-55
1.34581e-55
9.0015e-57
7.1623e-57
4.24831e-58
-1.05763e-58
-2.57056e-58
-3.7352e-57
-2.80155e-58
-1.85644e-56
5.74217e-58
-1.01509e-55
1.00427e-57
-3.69659e-56
6.98612e-59
1.52992e-55
-6.16683e-58
1.21799e-55
2.16592e-58
2.15866e-56
7.53746e-58
-7.03298e-57
-1.97419e-58
2.07568e-55
-7.57694e-58
9.04331e-56
-5.0107e-58
5.57497e-56
4.53211e-58
-3.85242e-56
9.99659e-59
-2.04058e-56
-1.16676e-57
1.99738e-55
-7.83089e-59
-2.11963e-55
7.02276e-58
-3.52482e-56
4.31418e-58
-4.05436e-57
4.89634e-58
1.98814e-56
-3.66943e-58
1.12883e-55
-8.639e-58
1.0271e-55
7.08361e-58
-1.22881e-55
8.10544e-58
-2.30067e-56
-9.87614e-58
2.63683e-55
-9.15337e-58
-1.01406e-55
6.54218e-58
-3.35932e-56
-1.25131e-55
-2.01966e-43
2.89257e-42
-2.01387e-44
2.63874e-43
-2.00161e-45
2.17076e-44
-1.71246e-46
1.73303e-45
-1.43335e-47
1.28221e-46
-1.08946e-48
9.19013e-48
-8.04694e-50
6.21187e-49
-5.54634e-51
4.06918e-50
-3.70795e-52
2.54103e-51
-2.34954e-53
1.53888e-52
-1.44413e-54
8.93447e-54
-8.4945e-56
5.02633e-55
-5.06045e-57
2.59017e-56
-1.38774e-57
-8.16437e-57
-5.95887e-57
-7.47471e-56
-5.95001e-57
-3.70002e-55
1.21177e-56
-2.03214e-54
2.1202e-56
-7.41297e-55
1.43847e-57
3.06253e-54
-1.31915e-56
2.43507e-54
3.71573e-57
4.19562e-55
1.51962e-56
-1.95424e-55
-3.4476e-57
3.86972e-54
-1.51654e-56
1.756e-54
-1.05496e-56
1.10375e-54
8.91325e-57
-7.8295e-55
2.25843e-57
-4.51454e-55
-2.31957e-56
3.76891e-54
-1.51568e-57
-4.01257e-54
1.41312e-56
-6.62452e-55
8.96368e-57
-7.16288e-56
1.02945e-56
3.97233e-55
-7.79541e-57
2.2577e-54
-1.84008e-56
2.0502e-54
1.41284e-56
-2.47428e-54
1.64299e-56
-5.13818e-55
-2.00257e-56
4.99831e-54
-1.78282e-56
-2.07675e-54
1.33088e-56
-6.45995e-55
-2.28983e-54
-3.53439e-42
2.60661e-41
-3.38984e-43
2.33922e-42
-3.14197e-44
1.89426e-43
-2.6132e-45
1.49736e-44
-2.09974e-46
1.09672e-45
-1.56238e-47
7.80833e-47
-1.12361e-48
5.24183e-48
-7.61861e-50
3.41754e-49
-4.99896e-51
2.12277e-50
-3.12697e-52
1.27977e-51
-1.89548e-53
7.37416e-53
-1.10325e-54
4.10574e-54
-6.66243e-56
1.93418e-55
-2.64412e-56
-1.74754e-55
-1.2288e-55
-1.45476e-54
-1.23058e-55
-7.20136e-54
2.50089e-55
-3.97728e-53
4.3776e-55
-1.45393e-53
2.89498e-56
5.99332e-53
-2.75805e-55
4.75872e-53
5.98365e-56
7.96581e-54
2.99663e-55
-4.85406e-54
-5.69847e-56
7.04478e-53
-2.96738e-55
3.33462e-53
-2.17246e-55
2.13708e-53
1.71182e-55
-1.55476e-53
4.95967e-56
-9.63989e-54
-4.50652e-55
6.95355e-53
-2.85697e-56
-7.42772e-53
2.7806e-55
-1.21543e-53
1.82143e-55
-1.22406e-54
2.11565e-55
7.74747e-54
-1.62045e-55
4.41314e-53
-3.83035e-55
3.99498e-53
2.75641e-55
-4.87166e-53
3.25876e-55
-1.10522e-53
-3.97264e-55
9.26566e-53
-3.3863e-55
-4.15279e-53
2.6494e-55
-1.21404e-53
-4.08436e-53
-3.22178e-41
1.63513e-40
-3.03702e-42
1.42428e-41
-2.76954e-43
1.13251e-42
-2.27794e-44
8.8204e-44
-1.81265e-45
6.394e-45
-1.33921e-46
4.51378e-46
-9.57439e-48
3.0111e-47
-6.46318e-49
1.95296e-48
-4.22591e-50
1.20571e-49
-2.63589e-51
7.2129e-51
-1.59385e-52
4.07573e-52
-9.25325e-54
2.19033e-53
-6.06938e-55
6.23966e-55
-4.86973e-55
-3.42447e-54
-2.45312e-54
-2.72787e-53
-2.46343e-54
-1.35153e-52
4.99626e-54
-7.50378e-52
8.74902e-54
-2.74849e-52
5.63574e-55
1.13059e-51
-5.58117e-54
8.96501e-52
8.52313e-55
1.4561e-52
5.70141e-54
-1.11133e-52
-8.49205e-55
1.22625e-51
-5.59721e-54
6.09716e-52
-4.33026e-54
3.9875e-52
3.15858e-54
-2.97597e-52
1.05055e-54
-1.97113e-52
-8.42964e-54
1.22914e-51
-5.16436e-55
-1.31811e-51
5.27763e-54
-2.13947e-52
3.5824e-54
-1.96816e-53
4.21174e-54
1.45747e-52
-3.25777e-54
8.31794e-52
-7.72044e-54
7.51709e-52
5.17806e-54
-9.24361e-52
6.23946e-54
-2.27408e-52
-7.60951e-54
1.64741e-51
-6.16771e-54
-8.00116e-52
5.09314e-54
-2.19615e-52
-6.92986e-52
-3.07409e-40
1.10179e-39
-2.82686e-41
9.30978e-41
-2.53213e-42
7.22367e-42
-2.04978e-43
5.53905e-43
-1.61212e-44
3.95644e-44
-1.17823e-45
2.76387e-45
-8.35527e-47
1.82479e-46
-5.59723e-48
1.17391e-47
-3.63806e-49
7.14311e-49
-2.25531e-50
4.18562e-50
-1.35599e-51
2.22291e-51
-7.81717e-53
1.05161e-52
-6.03392e-54
-4.66315e-54
-9.15281e-54
-6.32359e-53
-4.79191e-53
-4.99099e-52
-4.82539e-53
-2.47732e-51
9.76129e-53
-1.38489e-50
1.71026e-52
-5.0855e-51
1.07234e-53
2.08629e-50
-1.10396e-52
1.65177e-50
1.03367e-53
2.60102e-51
1.06173e-52
-2.39524e-51
-1.1263e-53
2.08658e-50
-1.0327e-52
1.09126e-50
-8.44344e-53
7.28162e-51
5.69356e-53
-5.56869e-51
2.16559e-53
-3.90398e-51
-1.5418e-52
2.12759e-50
-9.08333e-54
-2.2906e-50
9.80117e-53
-3.67913e-51
6.89158e-53
-3.04296e-52
8.19467e-53
2.67631e-51
-6.41094e-53
1.53293e-50
-1.52071e-52
1.38068e-50
9.52461e-53
-1.71622e-50
1.16981e-52
-4.52596e-51
-1.42693e-52
2.86872e-50
-1.09519e-52
-1.5061e-50
9.58741e-53
-3.88466e-51
-1.14629e-50
-1.87287e-39
1.95828e-39
-1.6741e-40
1.49205e-40
-1.46115e-41
1.10923e-41
-1.16294e-42
8.36324e-43
-9.01282e-44
5.92554e-44
-6.51947e-45
4.12289e-45
-4.5833e-46
2.71394e-46
-3.05112e-47
1.73085e-47
-1.97254e-48
9.33856e-49
-1.21508e-49
3.97755e-50
-7.24113e-51
-9.94342e-52
-4.11162e-52
-3.96352e-52
-5.36208e-53
-2.01971e-52
-1.68237e-52
-1.10939e-51
-9.01834e-52
-8.7426e-51
-9.10339e-52
-4.3512e-50
1.83702e-51
-2.44779e-49
3.22023e-51
-9.00943e-50
1.96368e-52
3.68686e-49
-2.10335e-51
2.9148e-49
7.14747e-53
4.44255e-50
1.89594e-51
-4.85323e-50
-1.0782e-52
3.35969e-49
-1.82486e-51
1.86755e-49
-1.58568e-51
1.27288e-49
9.77831e-52
-9.98006e-50
4.29018e-52
-7.37842e-50
-2.69578e-51
3.49611e-49
-1.51748e-52
-3.78225e-49
1.74479e-51
-6.01941e-50
1.27686e-51
-4.30407e-51
1.53737e-51
4.71115e-50
-1.21376e-51
2.70669e-49
-2.8868e-51
2.4348e-49
1.67492e-51
-3.05044e-49
2.10461e-51
-8.59127e-50
-2.5686e-51
4.75009e-49
-1.84684e-51
-2.71439e-49
1.73265e-51
-6.56731e-50
-1.7778e-49
-1.31603e-38
1.30636e-39
-1.13937e-39
-2.67901e-41
-9.75388e-41
-5.6965e-42
-7.60588e-42
-5.30302e-43
-5.81436e-43
-3.98751e-44
-4.14642e-44
-2.82318e-45
-2.88538e-45
-1.85115e-46
-1.9009e-46
-1.39969e-47
-1.21834e-47
-3.06553e-48
-7.38959e-49
-4.57446e-49
-4.3004e-50
-8.23095e-50
-2.33108e-51
-1.03784e-50
-6.8746e-52
-3.62283e-51
-3.06414e-51
-1.88801e-50
-1.66155e-50
-1.49572e-49
-1.68224e-50
-7.47216e-49
3.38374e-50
-4.23996e-48
5.93583e-50
-1.56547e-48
3.51723e-51
6.38482e-48
-3.92035e-50
5.03903e-48
-7.78364e-52
7.42634e-49
3.31996e-50
-9.41598e-49
-2.10446e-52
5.30391e-48
-3.15975e-50
3.13575e-48
-2.91588e-50
2.18215e-48
1.6433e-50
-1.75151e-48
8.28349e-51
-1.35508e-48
-4.61727e-50
5.64579e-48
-2.46539e-51
-6.13674e-48
3.0444e-50
-9.64226e-49
2.31602e-50
-5.76114e-50
2.82043e-50
8.10165e-49
-2.25221e-50
4.68047e-48
-5.35877e-50
4.19474e-48
2.8915e-50
-5.31587e-48
3.71482e-50
-1.58292e-48
-4.53454e-50
7.73004e-48
-3.03769e-50
-4.78781e-48
3.07164e-50
-1.08751e-48
-2.69151e-48
-1.15659e-38
6.19953e-40
-9.97508e-40
-1.90044e-40
-8.52116e-41
-2.10526e-41
-6.62756e-42
-1.77482e-42
-5.0581e-43
-1.29908e-43
-3.60038e-44
-9.05926e-45
-2.50271e-45
-5.64041e-46
-1.64786e-46
-7.02258e-47
-1.03224e-47
-4.05136e-47
-4.85447e-49
-6.87226e-48
-9.22662e-51
-1.30154e-48
1.92965e-51
-1.65514e-49
-9.62557e-51
-5.81502e-50
-5.356e-50
-3.04578e-49
-2.92854e-49
-2.42671e-48
-2.97289e-49
-1.21841e-47
5.96211e-49
-6.96697e-47
1.04656e-48
-2.57942e-47
6.01957e-50
1.04887e-46
-6.99037e-49
8.26494e-47
-5.28347e-50
1.17516e-47
5.52555e-49
-1.71908e-47
2.9574e-50
7.79584e-47
-5.19063e-49
4.98369e-47
-5.12809e-49
3.54643e-47
2.59775e-49
-2.91671e-47
1.528e-49
-2.35765e-47
-7.48085e-49
8.53584e-47
-3.74561e-50
-9.33546e-47
5.04614e-49
-1.45136e-47
4.01763e-49
-6.53315e-49
4.95679e-49
1.32375e-47
-3.99071e-49
7.6827e-47
-9.5232e-49
6.88121e-47
4.72209e-49
-8.78315e-47
6.23831e-49
-2.76247e-47
-7.62024e-49
1.18086e-46
-4.67106e-49
-8.01115e-47
5.1842e-49
-1.70336e-47
-3.7248e-47
1.15657e-38
1.30837e-39
9.97485e-40
-2.65669e-41
8.52089e-41
-5.67679e-42
6.62732e-42
-5.29516e-43
5.05796e-43
-3.91916e-44
3.59951e-44
-1.59899e-45
2.49009e-45
4.47597e-46
1.61197e-46
-5.20663e-46
1.4479e-47
-6.1665e-46
3.42593e-48
-1.0757e-46
5.41536e-49
-2.05376e-47
7.30955e-50
-2.59994e-48
-1.62252e-49
-9.11793e-49
-9.1841e-49
-4.79959e-48
-5.06398e-48
-3.85494e-47
-5.15951e-48
-1.94799e-46
1.03047e-47
-1.12646e-45
1.81056e-47
-4.18711e-46
1.00974e-48
1.69535e-45
-1.222e-47
1.33321e-45
-1.51981e-48
1.8265e-46
9.05485e-48
-3.03536e-46
1.02908e-48
1.13097e-45
-8.38819e-48
7.80905e-46
-8.85184e-48
5.67744e-46
4.03513e-48
-4.7749e-46
2.75419e-48
-4.00386e-46
-1.19231e-47
1.27773e-45
-5.53396e-49
-1.40538e-45
8.22954e-48
-2.14959e-46
6.83873e-48
-6.43446e-48
8.53438e-48
2.11827e-46
-6.9499e-48
1.23965e-45
-1.65809e-47
1.10565e-45
7.61238e-48
-1.42893e-45
1.03197e-47
-4.7004e-46
-1.2607e-47
1.78558e-45
-7.01882e-48
-1.31706e-45
8.61514e-48
-2.62351e-46
-5.04573e-46
1.31582e-38
1.97819e-39
1.13913e-39
1.51361e-40
9.75113e-41
1.12712e-41
7.60352e-42
8.36936e-43
5.81353e-43
6.86792e-44
4.13392e-44
2.26108e-44
2.69084e-45
9.8543e-45
1.34742e-46
-7.68052e-45
7.66743e-47
-9.30236e-45
4.62298e-47
-1.60867e-45
8.21528e-48
-3.04714e-46
1.15014e-48
-3.82771e-47
-2.62659e-48
-1.33558e-47
-1.49256e-47
-7.07025e-47
-8.29168e-47
-5.72312e-46
-8.47514e-47
-2.91688e-45
1.68608e-46
-1.70301e-44
2.96506e-46
-6.35135e-45
1.60125e-47
2.56214e-44
-2.02294e-46
2.01134e-44
-3.57493e-47
2.64681e-45
1.39188e-46
-5.00036e-45
2.6194e-47
1.48687e-44
-1.26757e-46
1.14051e-44
-1.446e-46
8.49023e-45
5.77479e-47
-7.31258e-45
4.69932e-47
-6.36198e-45
-1.76848e-46
1.75168e-44
-7.43191e-48
-1.94243e-44
1.25771e-46
-2.93442e-45
1.10187e-46
-2.91957e-47
1.39428e-46
3.17756e-45
-1.14284e-46
1.87208e-44
-2.73635e-46
1.6704e-44
1.14233e-46
-2.17206e-44
1.60356e-46
-7.48375e-45
-1.96063e-46
2.4841e-44
-9.58755e-47
-2.0252e-44
1.34587e-46
-3.76156e-45
-5.92583e-45
1.85292e-39
1.22943e-39
1.65168e-40
1.06318e-40
1.43664e-41
8.12728e-42
1.14423e-42
4.00354e-43
9.06116e-44
1.6772e-43
4.65425e-45
2.78728e-43
-2.66814e-45
1.43558e-43
-8.57752e-46
-1.1566e-43
1.04601e-45
-1.3936e-43
7.3356e-46
-2.37409e-44
1.30375e-46
-4.45107e-45
1.82337e-47
-5.52797e-46
-4.16864e-47
-1.91606e-46
-2.38279e-46
-1.02179e-45
-1.33845e-45
-8.3658e-45
-1.3748e-45
-4.30901e-44
2.71756e-45
-2.55443e-43
4.7862e-45
-9.57637e-44
2.49882e-46
3.84146e-43
-3.29732e-45
3.00819e-43
-7.25359e-46
3.79504e-44
2.1246e-45
-8.05012e-44
5.52989e-46
1.95698e-43
-1.89873e-45
1.65805e-43
-2.32878e-45
1.26176e-43
8.20438e-46
-1.10984e-43
7.87484e-46
-9.94506e-44
-2.60327e-45
2.41364e-43
-9.70264e-47
-2.69473e-43
1.90592e-45
-3.98255e-44
1.75069e-45
3.85563e-46
2.24126e-45
4.69475e-44
-1.856e-45
2.80087e-43
-4.44084e-45
2.4867e-43
1.71201e-45
-3.27923e-43
2.47436e-45
-1.17067e-43
-3.02424e-45
3.46967e-43
-1.28596e-45
-3.08454e-43
2.08406e-45
-5.34557e-44
-6.81827e-44
9.98966e-41
1.08854e-39
5.98464e-42
1.07877e-40
1.71528e-43
5.49846e-42
5.30347e-44
-2.73259e-42
3.54385e-44
1.70566e-42
-2.58401e-44
3.77521e-42
-4.67603e-44
1.96131e-42
-1.32397e-44
-1.58774e-42
1.57594e-44
-1.90801e-42
1.10273e-44
-3.20953e-43
1.94135e-45
-5.93496e-44
2.699e-46
-7.28854e-45
-6.16381e-46
-2.50506e-45
-3.55075e-45
-1.34833e-44
-2.01418e-44
-1.11624e-43
-2.07883e-44
-5.83332e-43
4.07218e-44
-3.50116e-42
7.18591e-44
-1.318e-42
3.62047e-45
5.26243e-42
-5.00243e-44
4.1128e-42
-1.34044e-44
4.952e-43
2.98506e-44
-1.1868e-42
1.0619e-44
2.22127e-42
-2.59361e-44
2.19233e-42
-3.48416e-44
1.7109e-42
1.04004e-44
-1.54033e-42
1.23174e-44
-1.42447e-42
-3.47161e-44
2.93491e-42
-1.08082e-45
-3.31415e-42
2.649e-44
-4.82663e-43
2.59171e-44
1.83253e-44
3.37034e-44
6.3647e-43
-2.78791e-44
3.83464e-42
-6.71156e-44
3.41139e-42
2.3335e-44
-4.51863e-42
3.517e-44
-1.67852e-42
-4.29772e-44
4.31347e-42
-1.48475e-44
-4.29538e-42
2.9665e-44
-6.89258e-43
-5.79146e-43
-1.31479e-39
8.65338e-40
-1.33265e-40
1.01895e-40
-1.33306e-41
-4.19823e-41
-2.38722e-43
-4.77984e-41
4.70951e-43
2.28264e-41
-3.87112e-43
5.20506e-41
-6.94021e-43
2.70309e-41
-1.93433e-43
-2.20014e-41
2.37584e-43
-2.63259e-41
1.65008e-43
-4.33364e-42
2.86149e-44
-7.88055e-43
3.94967e-45
-9.51617e-44
-9.00531e-45
-3.23642e-44
-5.23823e-44
-1.76229e-43
-3.01814e-43
-1.48368e-42
-3.14501e-43
-7.88925e-42
6.01999e-43
-4.83979e-41
1.0676e-42
-1.83497e-41
5.17355e-44
7.27012e-41
-7.49994e-43
5.66371e-41
-2.24664e-43
6.48696e-42
4.25897e-43
-1.73808e-41
1.87679e-43
2.60408e-41
-3.53979e-43
2.93947e-41
-5.14567e-43
2.34578e-41
1.36523e-43
-2.15301e-41
1.91437e-43
-2.03782e-41
-4.67828e-43
3.69971e-41
-1.15626e-44
-4.21055e-41
3.70654e-43
-5.93901e-42
3.82156e-43
3.79119e-43
5.03879e-43
8.59956e-42
-4.12963e-43
5.28309e-41
-9.9779e-43
4.67112e-41
3.28283e-43
-6.29053e-41
5.04773e-43
-2.39937e-41
-6.1334e-43
5.53951e-41
-1.73665e-43
-6.02141e-41
4.19998e-43
-8.94745e-42
-4.44263e-42
-1.05657e-38
-5.00753e-40
-1.02038e-39
1.43998e-40
-9.89142e-41
-6.02951e-40
4.00816e-42
-5.885e-40
6.91474e-42
2.76723e-40
-5.05467e-42
6.3144e-40
-9.10531e-42
3.2747e-40
-2.42346e-42
-2.67718e-40
3.27411e-42
-3.19256e-40
2.24638e-42
-5.16423e-41
3.84218e-43
-9.16761e-42
5.24698e-44
-1.08831e-42
-1.19445e-43
-3.64939e-43
-7.04165e-43
-2.01809e-42
-4.11398e-42
-1.72774e-41
-4.35946e-42
-9.42302e-41
7.81862e-42
-5.87787e-40
1.40548e-41
-2.24035e-40
6.51453e-43
8.82253e-40
-9.98178e-42
6.85729e-40
-3.23329e-42
7.42186e-41
5.54801e-42
-2.25034e-40
3.091e-42
2.36705e-40
-4.08711e-42
3.43848e-40
-6.64887e-42
2.81925e-40
1.63767e-42
-2.64686e-40
2.72994e-42
-2.5746e-40
-5.44065e-42
3.84571e-40
-8.31405e-44
-4.45235e-40
4.58791e-42
-6.17341e-41
5.12104e-42
6.56235e-42
6.92081e-42
1.028e-40
-5.23893e-42
6.40901e-40
-1.30388e-41
5.69359e-40
4.19939e-42
-7.67966e-40
6.49552e-42
-3.03119e-40
-7.74114e-42
5.97176e-40
-1.71903e-42
-7.42229e-40
5.06345e-42
-1.00811e-40
8.31592e-42
-1.39618e-39
2.99792e-39
-2.63129e-40
2.78137e-39
-8.38224e-42
-7.54202e-39
1.5864e-40
-7.43807e-39
9.83764e-41
3.50631e-39
-6.20752e-41
7.97079e-39
-1.11335e-40
4.12529e-39
-2.48078e-41
-3.39897e-39
4.67142e-41
-4.02762e-39
3.10798e-41
-6.29836e-40
5.18935e-42
-1.08722e-40
6.99651e-43
-1.25721e-41
-1.58893e-42
-4.14579e-42
-9.52436e-42
-2.33503e-41
-5.70416e-41
-2.05212e-40
-6.31158e-41
-1.15224e-39
9.22283e-41
-7.43603e-39
1.7378e-40
-2.86394e-39
7.55619e-42
1.11521e-38
-1.2489e-40
8.62864e-39
-3.43167e-41
8.76737e-40
8.10981e-41
-2.98298e-39
4.99365e-41
2.40166e-39
-4.27445e-41
4.22865e-39
-7.72567e-41
3.5443e-39
2.71918e-41
-3.38345e-39
4.0134e-41
-3.34687e-39
-6.62947e-41
4.43516e-39
-3.97277e-43
-5.1721e-39
5.88842e-41
-6.80393e-40
6.98055e-41
9.53382e-41
9.76744e-41
1.25368e-39
-5.62982e-41
8.0706e-39
-1.52936e-40
7.11365e-39
6.46809e-41
-9.79464e-39
8.82931e-41
-3.9288e-39
-9.8199e-41
7.05869e-39
-2.77824e-41
-9.51105e-39
5.31322e-41
-1.17956e-39
5.65624e-40
-4.70822e-40
4.02537e-38
-1.02084e-39
2.97754e-38
5.96568e-41
-7.7508e-38
1.38814e-39
-7.65778e-38
8.97963e-40
3.612e-38
-4.58226e-40
8.19571e-38
-7.56387e-40
4.23242e-38
4.10659e-41
-3.50906e-38
6.11308e-40
-4.1386e-38
3.76796e-40
-6.30626e-39
6.13314e-41
-1.04141e-39
8.09432e-42
-1.17099e-40
-1.83387e-41
-3.76753e-41
-1.12808e-40
-2.17958e-40
-6.93075e-40
-1.96877e-39
-8.54688e-40
-1.15828e-38
4.80298e-40
-7.65654e-38
1.25886e-39
-2.96969e-38
4.53436e-41
1.1469e-37
-9.4151e-40
8.8489e-38
1.16622e-40
8.35983e-39
1.23748e-39
-3.2517e-38
7.82334e-40
1.38304e-38
-7.76071e-41
4.18958e-38
-3.40607e-40
3.61402e-38
5.87674e-40
-3.52494e-38
5.46512e-40
-3.56941e-38
-6.25921e-40
3.6711e-38
7.62188e-42
-4.40444e-38
6.24549e-40
-5.69281e-39
8.31698e-40
1.18594e-39
1.27207e-39
1.25986e-38
-6.11712e-42
8.30107e-38
-7.28557e-40
7.39141e-38
1.10753e-39
-1.01352e-37
1.07165e-39
-4.18347e-38
-9.1957e-40
6.24617e-38
-7.0103e-40
-9.92728e-38
2.16631e-41
-1.09931e-38
1.45753e-38
7.11205e-39
4.59182e-37
4.26849e-39
3.44989e-37
7.62219e-40
-8.81966e-37
7.52629e-40
-8.72431e-37
2.38198e-39
4.12607e-37
3.26234e-39
9.30288e-37
8.7184e-39
4.78975e-37
1.11051e-38
-4.02084e-37
9.22519e-39
-4.69352e-37
4.87091e-39
-6.73716e-38
7.54624e-40
-1.06379e-38
9.70188e-41
-1.14679e-39
-2.18993e-40
-3.59668e-40
-1.39171e-39
-2.13943e-39
-8.9967e-39
-2.01576e-38
-1.36856e-38
-1.24217e-37
-1.35923e-38
-8.72314e-37
-1.02071e-38
-3.44093e-37
-7.11209e-40
1.3054e-36
6.07001e-39
9.99648e-37
2.03701e-38
8.6498e-38
2.58513e-38
-3.83357e-37
1.34727e-38
1.19646e-37
1.04098e-38
4.66963e-37
1.41016e-38
4.1076e-37
1.74407e-38
-4.055e-37
8.5428e-39
-4.13959e-37
-6.58251e-39
3.98728e-37
2.00686e-40
-4.76605e-37
7.25949e-39
-5.5432e-38
1.05692e-38
1.3653e-38
1.88968e-38
1.34435e-37
2.0765e-38
9.39264e-37
2.62885e-38
8.2856e-37
2.67203e-38
-1.16679e-36
1.57295e-38
-4.81853e-37
-5.54587e-39
6.92262e-37
-2.45945e-38
-1.14483e-36
-1.77184e-38
-1.13172e-37
1.97019e-37
3.88068e-37
3.46778e-36
5.63829e-37
2.63089e-36
7.62235e-39
-6.65075e-36
-5.10301e-37
-6.587e-36
-2.5102e-37
3.1179e-36
3.10867e-37
7.00901e-36
6.46872e-37
3.59716e-36
4.31207e-37
-3.0478e-36
1.34251e-37
-3.53284e-36
5.2122e-38
-4.85672e-37
7.55403e-39
-7.08004e-38
9.22969e-40
-7.28201e-39
-2.07476e-39
-2.18764e-39
-1.39958e-38
-1.36321e-38
-9.67779e-38
-1.34488e-37
-2.17388e-37
-9.01228e-37
-7.34339e-37
-6.58629e-36
-9.04875e-37
-2.625e-36
-4.28738e-38
9.84033e-36
6.14485e-37
7.50465e-36
7.85766e-37
5.88343e-37
5.7143e-37
-3.03295e-36
2.32725e-37
-4.0117e-38
4.4341e-37
3.4068e-36
7.04665e-37
3.07866e-36
4.81404e-37
-3.09474e-36
1.29581e-37
-3.21211e-36
-3.43551e-38
2.22478e-36
4.05264e-39
-2.78047e-36
5.89431e-38
-3.21245e-37
1.10455e-37
1.12692e-37
2.73006e-37
9.73586e-37
8.44925e-37
7.08827e-36
1.35071e-36
6.42311e-36
6.47472e-37
-8.84781e-36
2.20862e-37
-3.72362e-36
1.33675e-37
4.36963e-36
-7.41232e-37
-8.74436e-36
-7.27372e-37
-7.48986e-37
2.2832e-36
1.04549e-35
3.20209e-35
1.65823e-35
2.5261e-35
8.41714e-38
-6.16871e-35
-1.59275e-35
-6.11952e-35
-8.19509e-36
2.9167e-35
8.9208e-36
6.45993e-35
1.81818e-35
3.30158e-35
1.09964e-35
-2.86292e-35
2.23017e-36
-3.25199e-35
6.40523e-37
-3.89524e-36
8.35122e-38
-5.42794e-37
9.68097e-39
-5.25848e-38
-2.16342e-38
-1.54061e-38
-1.55452e-37
-9.86523e-38
-1.19842e-36
-1.03415e-36
-3.83036e-36
-7.25252e-36
-1.98319e-35
-6.11902e-35
-2.59013e-35
-2.52196e-35
-1.09561e-36
9.14023e-35
1.77402e-35
6.85594e-35
2.03076e-35
4.61661e-36
1.26012e-35
-2.85665e-35
4.13833e-36
-2.45638e-35
1.12835e-35
3.15014e-35
1.88888e-35
2.87948e-35
1.14831e-35
-2.90511e-35
2.19553e-36
-2.98728e-35
-1.68214e-37
-2.22497e-36
6.0659e-38
-2.20771e-36
5.79295e-37
-2.65194e-36
1.32883e-36
9.17965e-37
4.48025e-36
7.78238e-36
2.17126e-35
6.50601e-35
3.65064e-35
5.85709e-35
1.46821e-35
-8.36548e-35
3.73837e-36
-3.40655e-35
5.20559e-36
1.90978e-35
-1.84555e-35
-8.24791e-35
-1.88235e-35
-6.17037e-36
4.42116e-35
2.04801e-34
3.43567e-34
6.12348e-37
-3.38106e-34
-1.75912e-34
1.81905e-34
3.66968e-34
2.09475e-34
2.87073e-35
5.3745e-36
6.08789e-37
6.31911e-38
-1.40211e-37
-1.14275e-36
-1.01457e-35
-5.21086e-35
-3.90761e-34
-5.29082e-34
-1.90859e-35
3.62714e-34
3.91314e-34
2.19989e-34
5.76565e-35
2.15119e-34
3.72883e-34
2.10512e-34
2.87507e-35
4.66198e-36
7.24527e-37
1.66347e-36
1.08056e-35
5.75705e-35
4.16265e-34
7.24934e-34
2.56827e-34
4.8193e-35
1.2466e-34
-3.52307e-34
-3.67272e-34
)
;

boundaryField
{
    leftWall
    {
        type            calculated;
        value           nonuniform 0();
    }
    rightWall
    {
        type            calculated;
        value           uniform 0;
    }
    lowerWall
    {
        type            calculated;
        value           uniform 0;
    }
    atmosphere
    {
        type            calculated;
        value           nonuniform 0();
    }
    defaultFaces
    {
        type            empty;
        value           nonuniform 0();
    }
    procBoundary1to0
    {
        type            processor;
        value           nonuniform List<scalar> 
44
(
4.29017e-45
5.202e-44
4.98758e-43
4.51648e-42
3.94866e-41
3.19737e-40
2.5184e-39
1.74254e-38
1.20156e-37
6.06823e-37
6.04522e-36
-2.12099e-36
-1.46414e-35
-6.33731e-37
6.74184e-36
-6.90388e-37
-1.28335e-35
-2.29167e-35
-7.10191e-37
2.28521e-35
2.05924e-34
-1.3624e-35
-1.48201e-36
-1.88573e-37
-1.66455e-38
-1.98716e-39
-5.20537e-39
-5.23147e-38
-5.98045e-37
-4.51689e-36
-4.24153e-35
-3.84488e-35
3.84488e-35
4.24154e-35
4.52174e-36
7.22173e-37
2.42285e-36
4.87785e-36
2.37094e-36
1.24162e-37
4.85016e-39
9.89646e-41
-2.30884e-40
-1.32984e-39
)
;
    }
    procBoundary1to3
    {
        type            processor;
        value           nonuniform List<scalar> 
45
(
6.49614e-40
6.58097e-39
5.77381e-38
5.25517e-37
3.38437e-36
2.89756e-35
2.2948e-35
-5.58477e-35
-5.5411e-35
2.64289e-35
5.8446e-35
2.98591e-35
-2.59515e-35
-2.94188e-35
-3.47122e-36
-4.8169e-37
-4.63441e-38
-1.35442e-38
-8.69632e-38
-9.18045e-37
-6.46499e-36
-5.54066e-35
-2.29117e-35
8.27631e-35
6.198e-35
4.25231e-36
-2.33156e-35
9.38123e-35
3.10952e-35
2.6245e-35
-2.61846e-35
-2.46154e-35
1.11573e-34
-1.15521e-34
-4.80734e-36
6.85057e-37
7.07459e-36
6.14717e-35
5.49277e-35
-7.31003e-35
-2.80655e-35
1.33593e-34
-7.23568e-35
-7.81158e-36
-6.68884e-35
)
;
    }
}


// ************************************************************************* //
