/*--------------------------------*- C++ -*----------------------------------*\
| =========                 |                                                 |
| \\      /  F ield         | OpenFOAM: The Open Source CFD Toolbox           |
|  \\    /   O peration     | Version:  2.4.0                                 |
|   \\  /    A nd           | Web:      www.OpenFOAM.org                      |
|    \\/     M anipulation  |                                                 |
\*---------------------------------------------------------------------------*/
FoamFile
{
    version     2.0;
    format      ascii;
    class       volVectorField;
    location    "0.55";
    object      U;
}
// * * * * * * * * * * * * * * * * * * * * * * * * * * * * * * * * * * * * * //

dimensions      [0 1 -1 0 0 0 0];

internalField   nonuniform List<vector> 
1915
(
(6.0776e-42 -2.06628e-39 0)
(1.59259e-40 -2.6623e-40 0)
(6.12257e-41 -2.00499e-38 0)
(1.7967e-39 -2.57694e-39 0)
(5.24083e-40 -1.80422e-37 0)
(1.69341e-38 -2.30994e-38 0)
(4.09452e-39 -1.56533e-36 0)
(1.50483e-37 -1.99077e-37 0)
(2.92844e-38 -1.25743e-35 0)
(1.28789e-36 -1.59518e-36 0)
(1.73998e-37 -9.85057e-35 0)
(1.01559e-35 -1.23791e-35 0)
(8.41923e-37 -6.83173e-34 0)
(7.7727e-35 -8.59955e-35 0)
(1.47976e-36 -4.8255e-33 0)
(5.16731e-34 -5.95699e-34 0)
(-1.12878e-35 -2.67103e-32 0)
(3.43171e-33 -3.34775e-33 0)
(-1.50775e-34 -1.78835e-31 0)
(1.59503e-32 -2.09976e-32 0)
(-4.54805e-36 -1.35588e-36 0)
(-4.97764e-35 -1.04711e-35 0)
(-2.7071e-34 -9.70962e-35 0)
(-3.39525e-33 -7.86807e-35 0)
(-3.1703e-33 1.87847e-34 0)
(3.1703e-33 1.87847e-34 0)
(3.39525e-33 -7.86807e-35 0)
(2.70711e-34 -9.70958e-35 0)
(4.98111e-35 -1.04742e-35 0)
(4.57342e-36 -1.44812e-36 0)
(5.61257e-37 -1.33146e-37 0)
(4.93366e-38 -1.36598e-38 0)
(-1.98789e-43 -2.26541e-39 0)
(-4.93392e-38 -1.36604e-38 0)
(-5.61291e-37 -1.33153e-37 0)
(-4.57382e-36 -1.44822e-36 0)
(-4.98161e-35 -1.04753e-35 0)
(-2.70761e-34 -9.71094e-35 0)
(-3.39582e-33 -7.8815e-35 0)
(-3.17492e-33 1.86385e-34 0)
(3.11992e-33 1.77238e-34 0)
(3.11992e-33 -1.77238e-34 0)
(-3.17492e-33 -1.86385e-34 0)
(-3.39582e-33 7.8815e-35 0)
(-2.70761e-34 9.71094e-35 0)
(-4.98161e-35 1.04753e-35 0)
(-4.57423e-36 1.44812e-36 0)
(-5.66272e-37 1.32006e-37 0)
(-9.98553e-38 -9.04588e-41 0)
(-5.70748e-37 -1.33047e-37 0)
(-4.61902e-36 -1.46054e-36 0)
(-5.03272e-35 -1.05948e-35 0)
(-2.74768e-34 -9.84233e-35 0)
(-3.44101e-33 -8.78274e-35 0)
(-3.39525e-33 9.98977e-35 0)
(-3.28502e-40 1.97115e-34 0)
(3.39525e-33 9.98968e-35 0)
(3.44097e-33 -8.78374e-35 0)
(2.74212e-34 -9.84433e-35 0)
(4.74952e-35 -9.68224e-36 0)
(-1.17529e-36 6.20747e-37 0)
(-1.15166e-35 5.46268e-36 0)
(-6.34579e-35 5.06613e-35 0)
(-5.3158e-34 4.10019e-35 0)
(-4.78574e-34 -9.79278e-35 0)
(4.78574e-34 -9.79278e-35 0)
(5.3158e-34 4.10019e-35 0)
(6.34584e-35 5.06613e-35 0)
(1.15279e-35 5.46665e-36 0)
(1.21284e-36 7.25952e-37 0)
(1.5026e-37 6.51007e-38 0)
(1.40592e-38 6.46354e-39 0)
(-6.22038e-44 1.04745e-39 0)
(-1.406e-38 6.46379e-39 0)
(-1.5027e-37 6.5104e-38 0)
(-1.21296e-36 7.25997e-37 0)
(-1.15294e-35 5.46717e-36 0)
(-6.34727e-35 5.06677e-35 0)
(-5.31732e-34 4.10675e-35 0)
(-4.79801e-34 -9.71954e-35 0)
(4.66894e-34 -9.23956e-35 0)
(4.66894e-34 9.23956e-35 0)
(-4.79801e-34 9.71954e-35 0)
(-5.31732e-34 -4.10675e-35 0)
(-6.34727e-35 -5.06677e-35 0)
(-1.15294e-35 -5.46717e-36 0)
(-1.21308e-36 -7.25952e-37 0)
(-1.51709e-37 -6.45739e-38 0)
(-2.84718e-38 4.095e-41 0)
(-1.52997e-37 6.50561e-38 0)
(-1.22583e-36 7.31844e-37 0)
(-1.16654e-35 5.5258e-36 0)
(-6.45338e-35 5.1328e-35 0)
(-5.42032e-34 4.58018e-35 0)
(-5.3158e-34 -5.20664e-35 0)
(-1.10638e-40 -1.02787e-34 0)
(5.31578e-34 -5.20661e-35 0)
(5.42019e-34 4.5805e-35 0)
(6.43694e-35 5.1299e-35 0)
(1.07318e-35 4.27915e-36 0)
(-2.78884e-37 1.64351e-37 0)
(-2.28986e-36 1.41169e-36 0)
(-8.90485e-36 1.07227e-35 0)
(-5.76372e-35 8.23396e-36 0)
(-5.07838e-35 -2.0584e-35 0)
(5.07838e-35 -2.0584e-35 0)
(5.76372e-35 8.23395e-36 0)
(8.90483e-36 1.07226e-35 0)
(2.29102e-36 1.41266e-36 0)
(2.7444e-37 1.93917e-37 0)
(3.83526e-38 1.87499e-38 0)
(3.82615e-39 1.89865e-39 0)
(-1.99216e-44 3.2024e-40 0)
(-3.8264e-39 1.89873e-39 0)
(-3.83559e-38 1.87509e-38 0)
(-2.74476e-37 1.93931e-37 0)
(-2.29143e-36 1.41282e-36 0)
(-8.90873e-36 1.07245e-35 0)
(-5.76759e-35 8.25286e-36 0)
(-5.10621e-35 -2.03881e-35 0)
(4.8454e-35 -1.91524e-35 0)
(4.8454e-35 1.91524e-35 0)
(-5.10621e-35 2.03881e-35 0)
(-5.76759e-35 -8.25286e-36 0)
(-8.90873e-36 -1.07245e-35 0)
(-2.29143e-36 -1.41282e-36 0)
(-2.74513e-37 -1.93917e-37 0)
(-3.87706e-38 -1.85888e-38 0)
(-7.75775e-39 1.26854e-41 0)
(-3.91399e-38 1.8736e-38 0)
(-2.77963e-37 1.95641e-37 0)
(-2.32589e-36 1.42967e-36 0)
(-9.1444e-36 1.08995e-35 0)
(-5.96886e-35 9.46971e-36 0)
(-5.76372e-35 -1.10971e-35 0)
(-1.66704e-41 -2.18369e-35 0)
(5.7637e-35 -1.1097e-35 0)
(5.96873e-35 9.47079e-36 0)
(9.12818e-36 1.08929e-35 0)
(2.23422e-36 1.10583e-36 0)
(-4.52265e-38 4.30585e-38 0)
(-3.22727e-37 3.39753e-37 0)
(-9.17577e-37 2.4192e-36 0)
(-4.7504e-36 1.82685e-36 0)
(-4.11818e-36 -4.64307e-36 0)
(4.11818e-36 -4.64307e-36 0)
(4.7504e-36 1.82685e-36 0)
(9.17557e-37 2.4192e-36 0)
(3.2275e-37 3.4013e-37 0)
(4.33286e-38 5.10551e-38 0)
(6.53988e-39 5.22572e-39 0)
(6.88003e-40 5.59064e-40 0)
(-4.02932e-45 9.78388e-41 0)
(-6.88054e-40 5.5909e-40 0)
(-6.54051e-39 5.22606e-39 0)
(-4.33356e-38 5.10595e-38 0)
(-3.22827e-37 3.4018e-37 0)
(-9.18259e-37 2.41976e-36 0)
(-4.75702e-36 1.83213e-36 0)
(-4.16221e-36 -4.59146e-36 0)
(3.78881e-36 -4.29767e-36 0)
(3.78881e-36 4.29767e-36 0)
(-4.16221e-36 4.59146e-36 0)
(-4.75702e-36 -1.83213e-36 0)
(-9.18259e-37 -2.41976e-36 0)
(-3.22827e-37 -3.40179e-37 0)
(-4.33426e-38 -5.10551e-38 0)
(-6.61781e-39 -5.17648e-39 0)
(-1.39624e-39 3.99356e-42 0)
(-6.68636e-39 5.22135e-39 0)
(-4.39608e-38 5.15606e-38 0)
(-3.28666e-37 3.44846e-37 0)
(-9.5497e-37 2.46554e-36 0)
(-5.03574e-36 2.12065e-36 0)
(-4.7504e-36 -2.51767e-36 0)
(-1.61668e-42 -4.94162e-36 0)
(4.75039e-36 -2.51765e-36 0)
(5.03572e-36 2.12075e-36 0)
(9.54658e-37 2.46273e-36 0)
(3.25529e-37 2.62818e-37 0)
(-7.04756e-39 7.40196e-39 0)
(-4.43844e-38 5.58512e-38 0)
(-8.19263e-38 3.71777e-37 0)
(-2.82985e-37 2.75041e-37 0)
(-2.39866e-37 -7.12663e-37 0)
(2.39866e-37 -7.12663e-37 0)
(2.82984e-37 2.75041e-37 0)
(8.19198e-38 3.71779e-37 0)
(4.4354e-38 5.59308e-38 0)
(6.50661e-39 8.84735e-39 0)
(1.05867e-39 9.49737e-40 0)
(1.15951e-40 1.05017e-40 0)
(-7.51341e-46 1.8932e-41 0)
(-1.15961e-40 1.05023e-40 0)
(-1.05879e-39 9.49807e-40 0)
(-6.50786e-39 8.84821e-39 0)
(-4.43674e-38 5.59403e-38 0)
(-8.20382e-38 3.71884e-37 0)
(-2.84056e-37 2.76e-37 0)
(-2.46491e-37 -7.0371e-37 0)
(1.94439e-37 -6.55773e-37 0)
(1.94439e-37 6.55773e-37 0)
(-2.46491e-37 7.0371e-37 0)
(-2.84056e-37 -2.76e-37 0)
(-8.20382e-38 -3.71884e-37 0)
(-4.43675e-38 -5.59402e-38 0)
(-6.50911e-39 -8.84734e-39 0)
(-1.07227e-39 -9.40208e-40 0)
(-2.35511e-40 7.87239e-43 0)
(-1.08418e-39 9.48875e-40 0)
(-6.61291e-39 8.94197e-39 0)
(-4.53079e-38 5.67849e-38 0)
(-8.74727e-38 3.79772e-37 0)
(-3.21785e-37 3.22979e-37 0)
(-2.82984e-37 -3.88821e-37 0)
(3.67208e-44 -7.61463e-37 0)
(2.82986e-37 -3.88819e-37 0)
(3.21821e-37 3.22977e-37 0)
(8.78249e-38 3.79161e-37 0)
(4.6784e-38 4.26656e-38 0)
(-9.55458e-40 1.21048e-39 0)
(-5.48069e-39 8.70969e-39 0)
(-6.761e-39 5.59421e-38 0)
(-9.31873e-39 4.09585e-38 0)
(-7.30408e-39 -1.07264e-37 0)
(7.30408e-39 -1.07264e-37 0)
(9.31867e-39 4.09585e-38 0)
(6.75985e-39 5.59429e-38 0)
(5.47301e-39 8.72732e-39 0)
(8.59992e-40 1.4531e-39 0)
(1.47295e-40 1.61523e-40 0)
(1.66738e-41 1.84288e-41 0)
(-1.17275e-46 3.39854e-42 0)
(-1.66753e-41 1.84298e-41 0)
(-1.47313e-40 1.61536e-40 0)
(-8.60179e-40 1.45325e-39 0)
(-5.47498e-39 8.72903e-39 0)
(-6.77689e-39 5.59614e-38 0)
(-9.46795e-39 4.11218e-38 0)
(-8.18112e-39 -1.05792e-37 0)
(1.68178e-39 -9.8373e-38 0)
(1.68178e-39 9.8373e-38 0)
(-8.18112e-39 1.05792e-37 0)
(-9.46795e-39 -4.11218e-38 0)
(-6.77689e-39 -5.59614e-38 0)
(-5.475e-39 -8.72902e-39 0)
(-8.60367e-40 -1.4531e-39 0)
(-1.49301e-40 -1.59812e-40 0)
(-3.38901e-41 1.43761e-43 0)
(-1.51052e-40 1.61365e-40 0)
(-8.75253e-40 1.46966e-39 0)
(-5.60526e-39 8.8721e-39 0)
(-7.4876e-39 5.72512e-38 0)
(-1.40639e-38 4.83776e-38 0)
(-9.31867e-39 -5.87396e-38 0)
(3.94373e-44 -1.14829e-37 0)
(9.31927e-39 -5.87397e-38 0)
(1.40726e-38 4.8373e-38 0)
(7.57222e-39 5.71263e-38 0)
(5.9719e-39 6.56325e-39 0)
(-1.09792e-40 1.76699e-40 0)
(-6.69065e-40 1.16068e-39 0)
(-5.79583e-40 7.29834e-39 0)
(6.14883e-40 5.28439e-39 0)
(6.20379e-40 -1.39961e-38 0)
(-6.20357e-40 -1.39961e-38 0)
(-6.14733e-40 5.28467e-39 0)
(5.80672e-40 7.3007e-39 0)
(6.67136e-40 1.18046e-39 0)
(1.09563e-40 2.03892e-40 0)
(1.95117e-41 2.33546e-41 0)
(2.26202e-42 2.7275e-42 0)
(-1.69788e-47 5.12977e-43 0)
(-2.26223e-42 2.72766e-42 0)
(-1.95142e-41 2.33566e-41 0)
(-1.09589e-40 2.03916e-40 0)
(-6.67409e-40 1.18072e-39 0)
(-5.82986e-40 7.30343e-39 0)
(5.94946e-40 5.30828e-39 0)
(5.08482e-40 -1.37894e-38 0)
(-1.30728e-39 -1.2792e-38 0)
(-1.30728e-39 1.2792e-38 0)
(5.08482e-40 1.37894e-38 0)
(5.94946e-40 -5.30828e-39 0)
(-5.82986e-40 -7.30343e-39 0)
(-6.67412e-40 -1.18072e-39 0)
(-1.09616e-40 -2.03892e-40 0)
(-1.97895e-41 -2.30963e-41 0)
(-4.60026e-42 2.19898e-44 0)
(-2.00314e-41 2.33305e-41 0)
(-1.11631e-40 2.06337e-40 0)
(-6.84611e-40 1.20135e-39 0)
(-6.72762e-40 7.48371e-39 0)
(3.96874e-41 6.28213e-39 0)
(6.14734e-40 -7.69282e-39 0)
(9.84388e-45 -1.50146e-38 0)
(-6.14602e-40 -7.69288e-39 0)
(-3.81057e-41 6.28102e-39 0)
(6.87636e-40 7.46349e-39 0)
(7.49144e-40 8.77722e-40 0)
(2.98793e-40 3.10766e-40 0)
(-4.85655e-41 -2.19179e-41 0)
(-3.80776e-41 8.99906e-40 0)
(1.64519e-40 6.59673e-40 0)
(1.50254e-40 -1.76697e-39 0)
(-1.5004e-40 -1.76678e-39 0)
(-1.62817e-40 6.62039e-40 0)
(5.26946e-41 9.214e-40 0)
(7.62835e-41 1.52568e-40 0)
(1.29441e-41 2.71627e-41 0)
(2.36843e-42 3.18123e-42 0)
(2.80053e-43 3.78728e-43 0)
(-2.21846e-48 7.23068e-44 0)
(-2.8008e-43 3.78751e-43 0)
(-2.36875e-42 3.18152e-42 0)
(-1.29475e-41 2.71661e-41 0)
(-7.63179e-41 1.52604e-40 0)
(-5.29812e-41 9.21778e-40 0)
(1.60416e-40 6.65257e-40 0)
(1.36827e-40 -1.73922e-39 0)
(-2.28744e-40 -1.61098e-39 0)
(-2.28744e-40 1.61098e-39 0)
(1.36827e-40 1.73922e-39 0)
(1.60416e-40 -6.65257e-40 0)
(-5.29812e-41 -9.21778e-40 0)
(-7.63182e-41 -1.52604e-40 0)
(-1.29508e-41 -2.71627e-41 0)
(-2.40338e-42 -3.14482e-42 0)
(-5.69815e-43 3.13367e-45 0)
(-2.43375e-42 3.17779e-42 0)
(-1.31999e-41 2.75016e-41 0)
(-7.84002e-41 1.55406e-40 0)
(-6.35223e-41 9.45724e-40 0)
(9.73632e-41 7.90284e-40 0)
(1.62819e-40 -9.73611e-40 0)
(1.67446e-45 -1.89788e-39 0)
(-1.62798e-40 -9.73625e-40 0)
(-9.71324e-41 7.90076e-40 0)
(6.56273e-41 9.427e-40 0)
(8.74675e-41 1.1229e-40 0)
(7.54425e-39 -9.73807e-40 0)
(5.19663e-40 -1.42716e-39 0)
(1.62609e-40 -6.07459e-41 0)
(3.97578e-41 6.07856e-41 0)
(2.22857e-41 -2.06928e-40 0)
(-2.03794e-41 -2.05791e-40 0)
(-2.2624e-41 7.64943e-41 0)
(5.13731e-42 1.07277e-40 0)
(8.47164e-42 1.81672e-41 0)
(1.46898e-42 3.30872e-42 0)
(2.74266e-43 3.94978e-43 0)
(3.29172e-44 4.77336e-44 0)
(-2.71353e-49 9.23276e-45 0)
(-3.29205e-44 4.77366e-44 0)
(-2.74304e-43 3.95016e-43 0)
(-1.46938e-42 3.30917e-42 0)
(-8.47567e-42 1.81719e-41 0)
(-5.1702e-42 1.07325e-40 0)
(2.23571e-41 7.69001e-41 0)
(1.9022e-41 -2.02345e-40 0)
(-2.92747e-41 -1.87134e-40 0)
(-2.92747e-41 1.87134e-40 0)
(1.9022e-41 2.02345e-40 0)
(2.23571e-41 -7.69001e-41 0)
(-5.1702e-42 -1.07325e-40 0)
(-8.47571e-42 -1.81719e-41 0)
(-1.46978e-42 -3.30872e-42 0)
(-2.78426e-43 -3.90328e-43 0)
(-6.70015e-44 4.03691e-46 0)
(-2.82035e-43 3.94534e-43 0)
(-1.49901e-42 3.35136e-42 0)
(-8.7163e-42 1.85191e-41 0)
(-6.36079e-42 1.10234e-40 0)
(1.53882e-41 9.17109e-41 0)
(2.26355e-41 -1.13634e-40 0)
(2.45146e-46 -2.21268e-40 0)
(-2.26326e-41 -1.13637e-40 0)
(-1.53578e-41 9.16794e-41 0)
(6.63143e-42 1.09833e-40 0)
(9.87662e-42 1.32653e-41 0)
(1.49524e-37 4.67231e-38 0)
(1.46336e-38 -1.19853e-38 0)
(1.67816e-39 -1.36268e-39 0)
(1.45735e-40 -1.00049e-40 0)
(1.43955e-41 -3.09164e-41 0)
(-1.40007e-42 -2.3531e-41 0)
(-2.50234e-42 8.46972e-42 0)
(5.10108e-43 1.19921e-41 0)
(8.90072e-43 2.06532e-42 0)
(1.57097e-43 3.82663e-43 0)
(2.97731e-44 4.63385e-44 0)
(3.61961e-45 5.66368e-45 0)
(-2.72684e-50 1.10625e-45 0)
(-3.61992e-45 5.66408e-45 0)
(-2.97763e-44 4.63435e-44 0)
(-1.57123e-43 3.82724e-43 0)
(-8.90227e-43 2.06601e-42 0)
(-5.09254e-43 1.19999e-41 0)
(2.5387e-42 8.55138e-42 0)
(2.15447e-42 -2.26111e-41 0)
(-3.23526e-42 -2.08871e-41 0)
(-3.23526e-42 2.08871e-41 0)
(2.15447e-42 2.26111e-41 0)
(2.5387e-42 -8.55138e-42 0)
(-5.09255e-43 -1.19999e-41 0)
(-8.90231e-43 -2.066e-42 0)
(-1.57169e-43 -3.8267e-43 0)
(-3.02342e-44 -4.57817e-44 0)
(-7.36989e-45 4.86882e-47 0)
(-3.06345e-44 4.62853e-44 0)
(-1.60379e-43 3.87723e-43 0)
(-9.16298e-43 2.10667e-42 0)
(-6.36103e-43 1.23357e-41 0)
(1.80971e-42 1.02285e-41 0)
(2.56893e-42 -1.27292e-41 0)
(3.14662e-47 -2.47652e-41 0)
(-2.56856e-42 -1.27295e-41 0)
(-1.80609e-42 1.02242e-41 0)
(6.67534e-43 1.2286e-41 0)
(1.05032e-42 1.49889e-42 0)
(5.10635e-34 -6.89767e-31 0)
(1.18209e-31 -8.75385e-32 0)
(1.16214e-32 -9.3759e-30 0)
(-1.63308e-32 -8.239e-31 0)
(1.55554e-31 1.1731e-30 0)
(-1.01689e-31 1.07261e-31 0)
(1.16201e-32 1.06489e-29 0)
(1.25528e-32 9.44107e-31 0)
(5.62769e-34 8.18321e-31 0)
(1.32148e-31 1.05117e-31 0)
(2.33964e-35 4.60494e-31 0)
(-1.33555e-32 6.18485e-32 0)
(3.74509e-35 1.73924e-30 0)
(-2.49122e-31 2.25293e-31 0)
(6.57219e-35 1.89019e-29 0)
(-4.44861e-31 1.78494e-30 0)
(2.02845e-36 3.59063e-29 0)
(-1.37863e-32 3.28257e-30 0)
(-6.5545e-35 1.9976e-29 0)
(4.43606e-31 1.87943e-30 0)
(2.64664e-31 2.33137e-31 0)
(2.87902e-32 4.22822e-32 0)
(3.66328e-33 4.4205e-33 0)
(3.22715e-34 5.46761e-34 0)
(3.06829e-35 1.42502e-34 0)
(6.26637e-37 9.68864e-34 0)
(-2.00805e-35 1.12227e-32 0)
(-2.4881e-34 9.19339e-32 0)
(-2.07507e-33 1.01128e-30 0)
(-2.02719e-32 5.38123e-30 0)
(-1.8427e-32 6.51045e-29 0)
(1.84271e-32 6.51045e-29 0)
(2.02707e-32 5.38122e-30 0)
(2.00193e-33 1.01119e-30 0)
(-1.76532e-33 9.12948e-32 0)
(-4.03006e-32 5.01134e-33 0)
(-5.40025e-31 9.64065e-34 0)
(-4.03208e-32 6.30409e-33 0)
(-2.01413e-33 6.46403e-34 0)
(-7.31002e-35 8.90621e-35 0)
(-7.80869e-37 8.02892e-36 0)
(4.15404e-36 2.74193e-36 0)
(2.36129e-35 1.40145e-35 0)
(1.44004e-32 -7.34232e-33 0)
(2.33822e-33 -6.26321e-34 0)
(2.49798e-34 -5.75531e-35 0)
(2.89011e-35 -4.947e-36 0)
(-2.35179e-33 -5.51125e-32 0)
(-3.02632e-34 -2.90062e-33 0)
(-2.89985e-35 -1.15195e-34 0)
(-2.16981e-36 -3.00559e-36 0)
(-1.7541e-32 7.27793e-33 0)
(-2.07416e-33 3.81355e-34 0)
(-1.99792e-34 1.33552e-35 0)
(-1.32597e-35 9.87183e-38 0)
(1.58841e-33 6.36251e-32 0)
(3.39422e-34 3.36181e-33 0)
(4.32485e-35 1.33064e-34 0)
(6.31381e-36 3.31817e-36 0)
(1.76375e-32 8.89408e-33 0)
(2.85674e-33 5.8401e-34 0)
(3.13852e-34 3.5075e-35 0)
(3.63859e-35 2.12471e-36 0)
(-2.13434e-33 8.72844e-33 0)
(-3.74574e-34 9.02542e-34 0)
(-4.47258e-35 9.86155e-35 0)
(-5.40947e-36 9.36912e-36 0)
(-3.44428e-32 2.23759e-32 0)
(-5.6206e-33 1.77134e-33 0)
(-6.25793e-34 1.45946e-34 0)
(-7.26618e-35 1.17399e-35 0)
(-6.01474e-32 1.25511e-31 0)
(-9.74863e-33 6.92498e-33 0)
(-1.07486e-33 2.89216e-34 0)
(-1.24264e-34 8.11187e-36 0)
(-1.8472e-33 2.22704e-31 0)
(-2.98545e-34 1.17085e-32 0)
(-3.27811e-35 4.17527e-34 0)
(-3.78265e-36 4.29197e-36 0)
(5.99525e-32 1.31613e-31 0)
(9.71653e-33 7.22187e-33 0)
(1.07118e-33 2.96619e-34 0)
(1.23836e-34 7.79613e-36 0)
(3.65756e-32 2.28144e-32 0)
(5.97217e-33 1.77679e-33 0)
(6.65101e-34 1.43094e-34 0)
(7.72619e-35 1.1307e-35 0)
(4.56523e-33 5.99517e-33 0)
(7.86582e-34 6.22927e-34 0)
(9.2983e-35 6.81749e-35 0)
(1.11518e-35 6.48551e-36 0)
(6.00496e-34 7.10641e-34 0)
(1.11785e-34 8.17892e-35 0)
(1.3813e-35 9.59768e-36 0)
(1.73e-36 9.61756e-37 0)
(5.52848e-35 9.82245e-35 0)
(1.07911e-35 1.21587e-35 0)
(1.37868e-36 1.51676e-36 0)
(1.77479e-37 1.58748e-37 0)
(-2.63861e-36 2.61936e-35 0)
(-4.5852e-37 4.54848e-36 0)
(-1.78636e-37 5.97721e-37 0)
(-2.48944e-38 7.46692e-38 0)
(-1.02134e-34 1.71507e-34 0)
(-1.91816e-35 3.24446e-35 0)
(-3.86984e-36 4.17071e-36 0)
(-5.1342e-37 5.31777e-37 0)
(-1.05685e-33 1.87523e-33 0)
(-1.94442e-34 3.36004e-34 0)
(-3.74343e-35 4.11785e-35 0)
(-4.83237e-36 5.0812e-36 0)
(-1.20984e-32 1.49174e-32 0)
(-2.09528e-33 2.37907e-33 0)
(-3.85038e-34 2.7191e-34 0)
(-4.76588e-35 3.14432e-35 0)
(-9.14658e-32 1.45645e-31 0)
(-1.52886e-32 2.05606e-32 0)
(-2.59214e-33 2.11489e-33 0)
(-3.0635e-34 2.27999e-34 0)
(-8.60629e-31 7.43202e-31 0)
(-1.23888e-31 6.86625e-32 0)
(-1.99813e-32 4.85738e-33 0)
(-2.22327e-33 3.32402e-34 0)
(-7.80299e-31 6.40486e-30 0)
(-1.10518e-31 4.48558e-31 0)
(-1.77403e-32 2.36825e-32 0)
(-1.96022e-33 8.59445e-34 0)
(7.80299e-31 6.40486e-30 0)
(1.10518e-31 4.48559e-31 0)
(1.77402e-32 2.36826e-32 0)
(1.9602e-33 8.59476e-34 0)
(8.60627e-31 7.4321e-31 0)
(1.23887e-31 6.86719e-32 0)
(1.99802e-32 4.85912e-33 0)
(2.22306e-33 3.3272e-34 0)
(9.13937e-32 1.45738e-31 0)
(1.52656e-32 2.06684e-32 0)
(2.57992e-33 2.13373e-33 0)
(3.04238e-34 2.31284e-34 0)
(1.01101e-32 1.55925e-32 0)
(1.66201e-33 3.15531e-33 0)
(2.30041e-34 4.01673e-34 0)
(2.38519e-35 5.23084e-35 0)
(-3.8812e-32 8.43784e-33 0)
(-6.06293e-33 7.73427e-33 0)
(-1.32297e-33 1.10833e-33 0)
(-1.74678e-34 1.69364e-34 0)
(-5.35433e-31 1.70552e-34 0)
(-5.99847e-32 3.2321e-35 0)
(-1.24092e-32 4.17222e-36 0)
(-1.46264e-33 6.20487e-37 0)
(-3.98608e-32 -6.54588e-33 0)
(-6.25579e-33 -7.3949e-33 0)
(-1.35998e-33 -1.0665e-33 0)
(-1.78942e-34 -1.63152e-34 0)
(-1.98763e-33 -6.73682e-34 0)
(-4.32888e-34 -7.7563e-34 0)
(-1.53735e-34 -1.27235e-34 0)
(-1.73824e-35 -7.82595e-36 0)
(-7.1686e-35 -9.28855e-35 0)
(-2.00545e-35 -1.04852e-34 0)
(3.04503e-36 4.55012e-36 0)
(8.18497e-35 1.24501e-34 0)
(2.33204e-36 -4.4237e-36 0)
(2.63354e-35 2.01413e-35 0)
(1.53138e-34 2.39319e-34 0)
(9.13711e-34 1.37501e-33 0)
(3.49622e-35 1.99317e-35 0)
(2.88629e-34 1.764e-34 0)
(1.72779e-33 1.52299e-33 0)
(1.15022e-32 9.41399e-33 0)
(2.13093e-34 1.50258e-34 0)
(1.88413e-33 1.31826e-33 0)
(1.28699e-32 1.19984e-32 0)
(9.96206e-32 7.72704e-32 0)
(2.6337e-36 -3.54752e-37 0)
(2.33408e-37 -1.15594e-38 0)
(1.82882e-38 -4.83858e-40 0)
(1.43053e-39 -2.56734e-41 0)
(1.03063e-40 -3.61748e-42 0)
(7.11468e-42 -1.88077e-42 0)
(2.89232e-43 6.33146e-43 0)
(6.77831e-44 9.10591e-43 0)
(6.77393e-44 1.59459e-43 0)
(1.18688e-44 3.02541e-44 0)
(2.2564e-45 3.72612e-45 0)
(2.76236e-46 4.63217e-46 0)
(1.90852e-50 9.16819e-47 0)
(-2.75872e-46 4.63259e-46 0)
(-2.24982e-45 3.72668e-45 0)
(-1.17533e-44 3.02614e-44 0)
(-6.58111e-44 1.59549e-43 0)
(-3.64255e-44 9.11712e-43 0)
(1.93891e-43 6.4656e-43 0)
(1.64257e-43 -1.71731e-42 0)
(-2.44351e-43 -1.58476e-42 0)
(-2.44351e-43 1.58476e-42 0)
(1.64257e-43 1.71731e-42 0)
(1.93891e-43 -6.4656e-43 0)
(-3.64255e-44 -9.11712e-43 0)
(-6.58114e-44 -1.59549e-43 0)
(-1.17568e-44 -3.02569e-44 0)
(-2.28494e-45 -3.6801e-45 0)
(-5.61777e-46 4.07971e-48 0)
(-2.31562e-45 3.72179e-45 0)
(-1.20013e-44 3.06694e-44 0)
(-6.77784e-44 1.62811e-43 0)
(-4.58907e-44 9.38196e-43 0)
(1.40147e-43 7.75343e-43 0)
(1.96176e-43 -9.69338e-43 0)
(2.70539e-48 -1.88394e-42 0)
(-1.96145e-43 -9.6937e-43 0)
(-1.39849e-43 7.74957e-43 0)
(4.84796e-44 9.34041e-43 0)
(7.90461e-44 1.14525e-43 0)
(-1.11437e-37 1.92938e-38 0)
(8.63236e-40 6.94191e-39 0)
(8.18052e-40 3.91473e-40 0)
(1.31927e-40 9.28384e-42 0)
(1.39368e-41 -1.34635e-42 0)
(1.3193e-42 -3.16298e-43 0)
(9.80935e-44 2.24877e-44 0)
(1.0754e-44 6.03777e-44 0)
(4.5418e-45 1.08552e-44 0)
(7.51797e-46 2.08703e-45 0)
(1.40423e-46 2.59359e-46 0)
(1.72341e-47 3.23774e-47 0)
(1.05611e-50 6.4384e-48 0)
(-1.70573e-47 3.24206e-47 0)
(-1.37623e-46 2.60041e-46 0)
(-7.08803e-46 2.09712e-45 0)
(-3.92107e-45 1.09977e-44 0)
(-2.13682e-45 6.22021e-44 0)
(1.1664e-44 4.39423e-44 0)
(9.86446e-45 -1.17106e-43 0)
(-1.46492e-44 -1.07978e-43 0)
(-1.46492e-44 1.07978e-43 0)
(9.86446e-45 1.17106e-43 0)
(1.1664e-44 -4.39423e-44 0)
(-2.13682e-45 -6.22021e-44 0)
(-3.92109e-45 -1.09976e-44 0)
(-7.09024e-46 -2.0968e-45 0)
(-1.39817e-46 -2.56768e-46 0)
(-3.47477e-47 2.86897e-49 0)
(-1.41732e-46 2.59697e-46 0)
(-7.24122e-46 2.12566e-45 0)
(-4.04122e-45 1.12252e-44 0)
(-2.70561e-45 6.40357e-44 0)
(8.47122e-45 5.28075e-44 0)
(1.18038e-44 -6.61944e-44 0)
(1.85644e-49 -1.28598e-43 0)
(-1.18018e-44 -6.61969e-44 0)
(-8.45183e-45 5.27782e-44 0)
(2.87217e-45 6.37335e-44 0)
(4.75863e-45 7.88124e-45 0)
(-6.30439e-37 -4.09214e-38 0)
(1.98341e-38 -4.3688e-39 0)
(5.95212e-39 -3.68182e-40 0)
(8.98409e-40 -2.66827e-41 0)
(9.03673e-41 -1.88282e-42 0)
(8.5052e-42 -1.3046e-43 0)
(6.89011e-43 -5.25426e-45 0)
(5.38954e-44 3.31735e-45 0)
(4.07774e-45 6.51137e-46 0)
(3.08507e-46 1.2951e-46 0)
(2.57034e-47 1.63337e-47 0)
(2.14256e-48 2.05981e-48 0)
(6.45575e-50 4.12949e-49 0)
(-1.06053e-48 2.06495e-48 0)
(-8.53898e-48 1.64283e-47 0)
(-4.37661e-47 1.31188e-46 0)
(-2.4019e-46 6.80244e-46 0)
(-1.29814e-46 3.8033e-45 0)
(7.16437e-46 2.67624e-45 0)
(6.05106e-46 -7.15751e-45 0)
(-8.9868e-46 -6.59408e-45 0)
(-8.9868e-46 6.59408e-45 0)
(6.05106e-46 7.15751e-45 0)
(7.16437e-46 -2.67624e-45 0)
(-1.29815e-46 -3.8033e-45 0)
(-2.40191e-46 -6.80243e-46 0)
(-4.37801e-47 -1.31167e-46 0)
(-8.67654e-48 -1.62183e-47 0)
(-2.16824e-48 1.85003e-50 0)
(-8.79629e-48 1.64061e-47 0)
(-4.47217e-47 1.33003e-46 0)
(-2.47639e-46 6.94602e-46 0)
(-1.64892e-46 3.91784e-45 0)
(5.21228e-46 3.22304e-45 0)
(7.25114e-46 -4.05295e-45 0)
(1.2468e-50 -7.86896e-45 0)
(-7.24976e-46 -4.05312e-45 0)
(-5.19966e-46 3.22105e-45 0)
(1.756e-46 3.89817e-45 0)
(2.94164e-46 4.85092e-46 0)
(6.524e-37 -4.98469e-38 0)
(6.80254e-38 -1.02567e-38 0)
(5.98975e-39 -6.5958e-40 0)
(5.30746e-40 -2.7876e-41 0)
(4.21507e-41 -4.91547e-44 0)
(3.30055e-42 1.14812e-43 0)
(2.39075e-43 1.61908e-44 0)
(1.69429e-44 1.71643e-45 0)
(1.14429e-45 1.63311e-46 0)
(7.60659e-47 1.69423e-47 0)
(5.05807e-48 1.62861e-48 0)
(3.3778e-49 1.67947e-49 0)
(1.59781e-50 2.84027e-50 0)
(-6.14916e-50 1.30082e-49 0)
(-4.97247e-49 1.03161e-48 0)
(-2.53177e-48 8.19614e-48 0)
(-1.37724e-47 4.23501e-47 0)
(-7.38982e-48 2.34964e-46 0)
(4.11186e-47 1.64838e-46 0)
(3.468e-47 -4.42009e-46 0)
(-5.15447e-47 -4.06953e-46 0)
(-5.15447e-47 4.06953e-46 0)
(3.468e-47 4.42009e-46 0)
(4.11186e-47 -1.64838e-46 0)
(-7.38983e-48 -2.34964e-46 0)
(-1.37725e-47 -4.235e-47 0)
(-2.53259e-48 -8.19484e-48 0)
(-5.05389e-49 -1.01835e-48 0)
(-1.27137e-49 1.16866e-51 0)
(-5.12438e-49 1.03021e-48 0)
(-2.58777e-48 8.31036e-48 0)
(-1.42058e-47 4.32514e-47 0)
(-9.41547e-48 2.42114e-46 0)
(2.99492e-47 1.98851e-46 0)
(4.1624e-47 -2.50557e-46 0)
(7.79593e-52 -4.86318e-46 0)
(-4.16155e-47 -2.50569e-46 0)
(-2.98729e-47 1.98719e-46 0)
(1.00541e-47 2.40844e-46 0)
(1.69755e-47 3.01644e-47 0)
(3.23439e-36 1.41154e-37 0)
(2.84109e-37 9.99592e-39 0)
(2.20259e-38 7.94683e-40 0)
(1.7122e-39 5.99883e-41 0)
(1.22289e-40 4.52204e-42 0)
(8.62054e-42 3.18756e-43 0)
(5.70783e-43 2.20177e-44 0)
(3.70373e-44 1.45203e-45 0)
(2.28831e-45 9.41731e-47 0)
(1.3819e-46 6.0698e-48 0)
(8.0264e-48 3.92793e-49 0)
(4.55891e-49 2.66679e-50 0)
(2.46998e-50 2.60512e-51 0)
(-2.28194e-51 7.72458e-51 0)
(-2.85012e-50 6.06036e-50 0)
(-1.45091e-49 4.78326e-49 0)
(-7.84355e-49 2.45636e-48 0)
(-4.1862e-49 1.35114e-47 0)
(2.34234e-48 9.44868e-48 0)
(1.97337e-48 -2.5408e-47 0)
(-2.93504e-48 -2.3377e-47 0)
(-2.93504e-48 2.3377e-47 0)
(1.97337e-48 2.5408e-47 0)
(2.34234e-48 -9.44868e-48 0)
(-4.18621e-49 -1.35114e-47 0)
(-7.8436e-49 -2.45635e-48 0)
(-1.45142e-49 -4.78249e-49 0)
(-2.90367e-50 -5.9815e-50 0)
(-7.33316e-51 6.94504e-53 0)
(-2.94437e-50 6.05173e-50 0)
(-1.48323e-49 4.8506e-49 0)
(-8.09236e-49 2.50927e-48 0)
(-5.34636e-49 1.39283e-47 0)
(1.70718e-48 1.14183e-47 0)
(2.37137e-48 -1.44212e-47 0)
(4.72713e-53 -2.79795e-47 0)
(-2.37086e-48 -1.44219e-47 0)
(-1.70267e-48 1.14102e-47 0)
(5.72062e-49 1.3852e-47 0)
(9.72652e-49 1.74513e-48 0)
(-5.03304e-37 8.31199e-37 0)
(-4.50896e-38 6.35777e-38 0)
(-3.57565e-39 4.90369e-39 0)
(-2.80302e-40 3.48945e-40 0)
(-2.0223e-41 2.44926e-41 0)
(-1.42787e-42 1.61615e-42 0)
(-9.4778e-44 1.04412e-43 0)
(-6.132e-45 6.42386e-45 0)
(-3.77745e-46 3.85951e-46 0)
(-2.26516e-47 2.22806e-47 0)
(-1.30341e-48 1.2558e-48 0)
(-7.29784e-50 6.8506e-50 0)
(-3.96224e-51 3.69938e-51 0)
(-4.06587e-52 6.28794e-52 0)
(-1.57185e-51 3.50701e-51 0)
(-7.90206e-51 2.75008e-50 0)
(-4.24252e-50 1.40907e-49 0)
(-2.25164e-50 7.70342e-49 0)
(1.26719e-49 5.3737e-49 0)
(1.06633e-49 -1.44813e-48 0)
(-1.58721e-49 -1.33167e-48 0)
(-1.58721e-49 1.33167e-48 0)
(1.06633e-49 1.44813e-48 0)
(1.26719e-49 -5.3737e-49 0)
(-2.25164e-50 -7.70342e-49 0)
(-4.24254e-50 -1.40907e-49 0)
(-7.90416e-51 -2.74959e-50 0)
(-1.58687e-51 -3.45218e-51 0)
(-4.0258e-52 4.02425e-54 0)
(-1.60926e-51 3.49286e-51 0)
(-8.07876e-51 2.78894e-50 0)
(-4.37839e-50 1.43961e-49 0)
(-2.88287e-50 7.94296e-49 0)
(9.24211e-50 6.50294e-49 0)
(1.28306e-49 -8.22637e-49 0)
(2.71263e-54 -1.59568e-48 0)
(-1.28277e-49 -8.22682e-49 0)
(-9.21676e-50 6.49806e-49 0)
(3.0906e-50 7.89803e-49 0)
(5.28753e-50 1.00036e-49 0)
(-6.48832e-36 9.44602e-37 0)
(-5.68745e-37 6.94281e-38 0)
(-4.40865e-38 5.26473e-39 0)
(-3.41336e-39 3.71563e-40 0)
(-2.43098e-40 2.59467e-41 0)
(-1.70469e-41 1.70476e-42 0)
(-1.12359e-42 1.09718e-43 0)
(-7.24628e-44 6.72437e-45 0)
(-4.45017e-45 4.02478e-46 0)
(-2.66752e-46 2.31336e-47 0)
(-1.53547e-47 1.2975e-48 0)
(-8.62109e-49 7.02932e-50 0)
(-4.67499e-50 3.71933e-51 0)
(-2.48395e-51 2.14795e-52 0)
(-2.1047e-52 2.0161e-52 0)
(-4.2885e-52 1.50381e-51 0)
(-2.25722e-51 7.67755e-51 0)
(-1.1925e-51 4.16957e-50 0)
(6.74144e-51 2.90092e-50 0)
(5.66749e-51 -7.83556e-50 0)
(-8.44122e-51 -7.20135e-50 0)
(-8.44122e-51 7.20135e-50 0)
(5.66749e-51 7.83556e-50 0)
(6.74144e-51 -2.90092e-50 0)
(-1.19248e-51 -4.16957e-50 0)
(-2.25693e-51 -7.67751e-51 0)
(-4.22635e-52 -1.5031e-51 0)
(-8.49548e-53 -1.89567e-52 0)
(-2.16155e-53 2.22386e-55 0)
(-8.61572e-53 1.91812e-52 0)
(-4.32009e-52 1.52475e-51 0)
(-2.32962e-51 7.84516e-51 0)
(-1.5299e-51 4.30042e-50 0)
(4.91913e-51 3.51568e-50 0)
(6.82639e-51 -4.45539e-50 0)
(1.51005e-55 -8.63978e-50 0)
(-6.82479e-51 -4.45564e-50 0)
(-4.90526e-51 3.51291e-50 0)
(1.64265e-51 4.27534e-50 0)
(2.8262e-51 5.444e-51 0)
(-1.10342e-35 -1.0816e-37 0)
(-9.64362e-37 -2.97674e-38 0)
(-7.44764e-38 -2.86313e-39 0)
(-5.75343e-39 -2.15515e-40 0)
(-4.08678e-40 -1.53507e-41 0)
(-2.86079e-41 -1.01597e-42 0)
(-1.88188e-42 -6.55863e-44 0)
(-1.21195e-43 -4.02859e-45 0)
(-7.4316e-45 -2.41469e-46 0)
(-4.44946e-46 -1.38984e-47 0)
(-2.55805e-47 -7.80265e-49 0)
(-1.43485e-48 -4.23073e-50 0)
(-7.77289e-50 -2.23793e-51 0)
(-4.10944e-51 -1.13514e-52 0)
(-2.14929e-52 4.56426e-54 0)
(-3.22364e-53 8.02188e-53 0)
(-1.15777e-52 4.1063e-52 0)
(-6.06418e-53 2.21906e-51 0)
(3.44315e-52 1.54062e-51 0)
(2.89178e-52 -4.16887e-51 0)
(-4.30988e-52 -3.82971e-51 0)
(-4.30988e-52 3.82971e-51 0)
(2.89178e-52 4.16887e-51 0)
(3.44316e-52 -1.54062e-51 0)
(-6.06174e-53 -2.21906e-51 0)
(-1.15265e-52 -4.10642e-52 0)
(-2.1701e-53 -8.04857e-53 0)
(-4.3692e-54 -1.01802e-53 0)
(-1.11522e-54 1.19633e-56 0)
(-4.43128e-54 1.0301e-53 0)
(-2.21846e-53 8.1649e-53 0)
(-1.19001e-52 4.19645e-52 0)
(-7.79354e-53 2.2891e-51 0)
(2.51371e-52 1.86933e-51 0)
(3.48685e-52 -2.37208e-51 0)
(8.0449e-57 -4.5991e-51 0)
(-3.486e-52 -2.37223e-51 0)
(-2.50643e-52 1.8678e-51 0)
(8.38003e-53 2.27542e-51 0)
(1.44945e-52 2.91112e-52 0)
(-3.35058e-37 -1.12023e-36 0)
(-2.92439e-38 -1.24106e-37 0)
(-2.25468e-39 -1.05642e-38 0)
(-1.73997e-40 -7.70448e-40 0)
(-1.23443e-41 -5.43332e-41 0)
(-8.634e-43 -3.58057e-42 0)
(-5.67432e-44 -2.30658e-43 0)
(-3.65184e-45 -1.41424e-44 0)
(-2.23763e-46 -8.4658e-46 0)
(-1.33896e-47 -4.8662e-47 0)
(-7.69326e-49 -2.72905e-48 0)
(-4.31319e-50 -1.47814e-49 0)
(-2.33538e-51 -7.81256e-51 0)
(-1.23429e-52 -4.00368e-52 0)
(-6.53922e-54 -1.95082e-53 0)
(-1.40664e-54 3.16508e-54 0)
(-5.78382e-54 2.10445e-53 0)
(-3.0226e-54 1.13374e-52 0)
(1.72311e-53 7.85388e-53 0)
(1.44599e-53 -2.12931e-52 0)
(-2.15625e-53 -1.95516e-52 0)
(-2.15625e-53 1.95516e-52 0)
(1.44599e-53 2.12931e-52 0)
(1.72312e-53 -7.85389e-53 0)
(-3.02188e-54 -1.13376e-52 0)
(-5.76846e-54 -2.10909e-53 0)
(-1.09063e-54 -4.13997e-54 0)
(-2.19643e-55 -5.25257e-55 0)
(-5.61858e-56 5.69822e-58 0)
(-2.22765e-55 5.31546e-55 0)
(-1.11499e-54 4.20004e-54 0)
(-5.95621e-54 2.15554e-53 0)
(-3.89217e-54 1.16977e-52 0)
(1.25845e-53 9.54152e-53 0)
(1.74508e-53 -1.21246e-52 0)
(4.20031e-58 -2.35033e-52 0)
(-1.74464e-53 -1.21254e-52 0)
(-1.25473e-53 9.53345e-53 0)
(4.19001e-54 1.16262e-52 0)
(7.28219e-54 1.49462e-53 0)
(1.09957e-35 -1.79146e-37 0)
(9.6098e-37 -3.62927e-38 0)
(7.42129e-38 -3.39456e-39 0)
(5.733e-39 -2.53853e-40 0)
(4.07219e-40 -1.80479e-41 0)
(2.85054e-41 -1.19372e-42 0)
(1.8751e-42 -7.70443e-44 0)
(1.20758e-43 -4.73164e-45 0)
(7.40465e-45 -2.83583e-46 0)
(4.43328e-46 -1.63207e-47 0)
(2.54872e-47 -9.16196e-49 0)
(1.4296e-48 -4.96743e-50 0)
(7.74436e-50 -2.62768e-51 0)
(4.09377e-51 -1.34793e-52 0)
(2.09843e-52 -6.7242e-54 0)
(1.04507e-53 -1.20772e-55 0)
(2.32336e-55 1.04411e-54 0)
(-1.21217e-55 5.67475e-54 0)
(8.34672e-55 3.92502e-54 0)
(6.98895e-55 -1.0656e-53 0)
(-1.04275e-54 -9.78094e-54 0)
(-1.04268e-54 9.78107e-54 0)
(6.98885e-55 1.06576e-53 0)
(8.33471e-55 -3.92401e-54 0)
(-1.45619e-55 -5.67539e-54 0)
(-2.7905e-55 -1.06032e-54 0)
(-5.29306e-56 -2.08183e-55 0)
(-1.07252e-56 -2.54194e-56 0)
(-2.7953e-57 -1.06756e-57 0)
(-1.07759e-56 2.65939e-56 0)
(-5.41607e-56 2.11145e-55 0)
(-2.88137e-55 1.08366e-54 0)
(-1.87856e-55 5.85707e-54 0)
(6.08939e-55 4.77313e-54 0)
(8.44169e-55 -6.07174e-54 0)
(1.06995e-58 -1.17676e-53 0)
(-8.43988e-55 -6.07029e-54 0)
(-6.07219e-55 4.76819e-54 0)
(2.02452e-55 5.81998e-54 0)
(3.53592e-55 7.50728e-55 0)
(6.90142e-36 8.9881e-37 0)
(6.05138e-37 6.56741e-38 0)
(4.69185e-38 4.96655e-39 0)
(3.63338e-39 3.49927e-40 0)
(2.58811e-40 2.44097e-41 0)
(1.81516e-41 1.60212e-42 0)
(1.19655e-42 1.03025e-43 0)
(7.71772e-44 6.30871e-45 0)
(4.74016e-45 3.77308e-46 0)
(2.84161e-46 2.16689e-47 0)
(1.63581e-47 1.21439e-48 0)
(9.1852e-49 6.57297e-50 0)
(4.98115e-50 3.47211e-51 0)
(2.63548e-51 1.77864e-52 0)
(1.35221e-52 8.89832e-54 0)
(6.77053e-54 4.41298e-55 0)
(3.16737e-55 6.27021e-56 0)
(9.93267e-57 2.72178e-55 0)
(4.08669e-56 2.03746e-55 0)
(3.25416e-56 -5.04152e-55 0)
(-4.98398e-56 -4.70721e-55 0)
(-4.82517e-56 4.73335e-55 0)
(3.34752e-56 5.40063e-55 0)
(3.8507e-56 -1.80122e-55 0)
(-7.46869e-57 -2.69233e-55 0)
(-1.35009e-56 -5.48666e-56 0)
(-1.25937e-57 -1.11859e-56 0)
(-1.6264e-57 2.14994e-56 0)
(-1.43491e-57 -2.39359e-56 0)
(6.16966e-58 -2.78416e-57 0)
(-2.28884e-57 9.70963e-57 0)
(-1.31289e-56 5.45081e-56 0)
(-8.51545e-57 2.93915e-55 0)
(2.78395e-56 2.40395e-55 0)
(3.94759e-56 -3.04966e-55 0)
(1.94779e-57 -5.70602e-55 0)
(-4.02953e-56 -2.64193e-55 0)
(-3.03575e-56 2.2204e-55 0)
(9.18946e-57 2.78003e-55 0)
(1.84593e-56 2.09119e-56 0)
(1.03137e-36 5.74874e-37 0)
(9.22345e-38 4.3942e-38 0)
(7.30755e-39 3.38316e-39 0)
(5.73645e-40 2.40392e-40 0)
(4.14614e-41 1.68376e-41 0)
(2.93686e-42 1.10894e-42 0)
(1.95616e-43 7.14779e-44 0)
(1.27122e-44 4.38756e-45 0)
(7.86792e-46 2.62897e-46 0)
(4.74411e-47 1.51276e-47 0)
(2.74704e-48 8.4912e-49 0)
(1.54958e-49 4.60331e-50 0)
(8.44171e-51 2.43491e-51 0)
(4.48285e-52 1.249e-52 0)
(2.30818e-53 6.24751e-54 0)
(1.15007e-54 2.66526e-55 0)
(5.43142e-56 -1.91918e-55 0)
(2.725e-56 -6.20256e-56 0)
(1.74836e-56 3.23847e-55 0)
(-1.10706e-56 2.27179e-55 0)
(-1.38168e-56 2.58518e-56 0)
(2.13013e-56 2.49084e-56 0)
(1.1036e-56 5.39227e-55 0)
(-1.84185e-56 1.94081e-55 0)
(-1.37714e-56 1.05498e-55 0)
(-7.42165e-57 -7.81251e-56 0)
(2.74546e-56 -2.9017e-56 0)
(-2.41463e-56 4.81258e-55 0)
(-2.83569e-56 -5.06766e-55 0)
(2.46405e-56 -8.59834e-56 0)
(6.14694e-57 -1.07995e-56 0)
(1.10269e-56 4.36134e-56 0)
(7.81492e-57 2.46407e-55 0)
(-2.14628e-56 2.24594e-55 0)
(-9.51257e-57 -2.62316e-55 0)
(4.30269e-56 -5.76537e-56 0)
(-9.62644e-57 6.14852e-55 0)
(-3.64483e-56 -1.83141e-55 0)
(-7.02942e-57 -6.4156e-56 0)
(3.64991e-56 -3.21682e-55 0)
(1.65334e-37 8.78344e-38 0)
(1.51207e-38 6.88821e-39 0)
(1.21981e-39 5.38459e-40 0)
(9.70075e-41 3.88509e-41 0)
(7.0868e-42 2.74932e-42 0)
(5.05956e-43 1.83015e-43 0)
(3.39202e-44 1.18876e-44 0)
(2.21488e-45 7.35481e-46 0)
(1.37618e-46 4.43329e-47 0)
(8.32074e-48 2.56639e-48 0)
(4.8283e-49 1.44734e-49 0)
(2.72724e-50 7.88328e-51 0)
(1.48704e-51 4.1856e-52 0)
(7.89844e-53 2.15285e-53 0)
(4.02773e-54 9.13451e-55 0)
(-7.81453e-57 -7.84352e-55 0)
(-2.91072e-56 -4.53729e-54 0)
(5.52844e-55 -1.64726e-54 0)
(3.45293e-55 6.84373e-54 0)
(-2.81138e-55 5.46021e-54 0)
(-2.62756e-55 1.01926e-54 0)
(4.92143e-55 -7.08578e-56 0)
(2.11552e-55 1.05398e-53 0)
(-4.1805e-55 4.28616e-54 0)
(-2.94002e-55 2.54701e-54 0)
(-1.55096e-55 -1.67159e-54 0)
(5.87565e-55 -7.20962e-55 0)
(-5.0452e-55 9.9401e-54 0)
(-5.98531e-55 -1.04912e-53 0)
(5.22687e-55 -1.76913e-54 0)
(1.34129e-55 -2.23417e-55 0)
(2.57614e-55 8.92395e-55 0)
(1.81991e-55 5.05936e-54 0)
(-5.07659e-55 4.62655e-54 0)
(-2.57627e-55 -5.43275e-54 0)
(9.25283e-55 -7.92777e-55 0)
(-1.72387e-55 1.30256e-53 0)
(-7.45088e-55 -4.32651e-54 0)
(-1.35893e-55 -1.62086e-54 0)
(7.41689e-55 -6.54035e-54 0)
(1.73322e-38 1.49413e-38 0)
(1.60914e-39 1.20351e-39 0)
(1.31368e-40 9.56572e-41 0)
(1.05427e-41 7.01376e-42 0)
(7.75636e-43 5.01615e-43 0)
(5.56909e-44 3.37514e-44 0)
(3.74955e-45 2.20839e-45 0)
(2.45694e-46 1.37656e-46 0)
(1.53041e-47 8.34055e-48 0)
(9.27241e-49 4.85355e-49 0)
(5.38778e-50 2.74708e-50 0)
(3.04649e-51 1.50156e-51 0)
(1.66183e-52 7.98499e-53 0)
(8.65701e-54 3.66495e-54 0)
(-4.0536e-55 -3.35273e-54 0)
(-4.58755e-54 -1.76008e-53 0)
(-8.54013e-55 -9.58603e-53 0)
(1.20073e-53 -3.48491e-53 0)
(7.49903e-54 1.44489e-52 0)
(-6.14209e-54 1.15172e-52 0)
(-5.83599e-54 2.09496e-53 0)
(1.00429e-53 -4.18306e-54 0)
(4.59737e-54 2.08651e-52 0)
(-8.43191e-54 8.78504e-53 0)
(-6.28509e-54 5.31975e-53 0)
(-3.44739e-54 -3.58557e-53 0)
(1.22503e-53 -1.73333e-53 0)
(-1.03086e-53 1.98733e-52 0)
(-1.23539e-53 -2.10328e-52 0)
(1.08328e-53 -3.52361e-53 0)
(2.80775e-54 -4.25425e-54 0)
(5.57184e-54 1.88179e-53 0)
(3.93851e-54 1.06719e-52 0)
(-1.10658e-53 9.73826e-53 0)
(-5.71407e-54 -1.15379e-52 0)
(1.94729e-53 -1.93277e-53 0)
(-3.72934e-54 2.61398e-52 0)
(-1.54535e-53 -9.36509e-53 0)
(-2.32548e-54 -3.29313e-53 0)
(1.50326e-53 -1.27654e-52 0)
(-3.56751e-39 7.35293e-39 0)
(-3.55352e-40 6.65562e-40 0)
(-3.58105e-41 5.49813e-41 0)
(-3.06748e-42 4.36614e-42 0)
(-2.58706e-43 3.23356e-43 0)
(-1.96989e-44 2.30781e-44 0)
(-1.46203e-45 1.55876e-45 0)
(-1.00957e-46 1.01724e-46 0)
(-6.77223e-48 6.34255e-48 0)
(-4.29871e-49 3.82932e-49 0)
(-2.64897e-50 2.22203e-50 0)
(-1.56023e-51 1.25003e-51 0)
(-8.96937e-53 6.65882e-53 0)
(-8.59732e-54 -5.82735e-54 0)
(-1.83573e-53 -7.3016e-53 0)
(-9.73842e-53 -3.6196e-52 0)
(-1.81852e-53 -1.97956e-51 0)
(2.53552e-52 -7.20944e-52 0)
(1.58263e-52 2.98353e-51 0)
(-1.30323e-52 2.37509e-51 0)
(-1.259e-52 4.20402e-52 0)
(1.98072e-52 -1.39611e-52 0)
(9.70889e-53 4.03522e-51 0)
(-1.64053e-52 1.76112e-51 0)
(-1.30511e-52 1.08664e-51 0)
(-7.43981e-53 -7.51798e-52 0)
(2.47524e-52 -3.99876e-52 0)
(-2.03657e-52 3.88504e-51 0)
(-2.46882e-52 -4.12339e-51 0)
(2.17443e-52 -6.85438e-52 0)
(5.70331e-53 -7.86398e-53 0)
(1.17072e-52 3.87671e-52 0)
(8.28817e-53 2.20124e-51 0)
(-2.34295e-52 2.0026e-51 0)
(-1.23111e-52 -2.397e-51 0)
(3.97533e-52 -4.5106e-52 0)
(-7.84072e-53 5.12977e-51 0)
(-3.1056e-52 -1.97966e-51 0)
(-3.57246e-53 -6.53905e-52 0)
(2.94226e-52 -2.43074e-51 0)
(-6.26289e-38 5.17876e-38 0)
(-6.02091e-39 4.72952e-39 0)
(-5.63316e-40 3.88845e-40 0)
(-4.69619e-41 3.10668e-41 0)
(-3.79537e-42 2.29821e-42 0)
(-2.83031e-43 1.6482e-43 0)
(-2.04359e-44 1.11418e-44 0)
(-1.38842e-45 7.30247e-46 0)
(-9.13711e-47 4.56105e-47 0)
(-5.72574e-48 2.76341e-48 0)
(-3.47893e-49 1.60451e-49 0)
(-2.02732e-50 9.02665e-51 0)
(-1.15577e-51 4.62989e-52 0)
(-1.38295e-52 -1.61099e-52 0)
(-3.75282e-52 -1.45524e-51 0)
(-2.01147e-51 -7.20299e-51 0)
(-3.78732e-52 -3.95688e-50 0)
(5.23631e-51 -1.44354e-50 0)
(3.26648e-51 5.9632e-50 0)
(-2.70418e-51 4.74115e-50 0)
(-2.65289e-51 8.15784e-51 0)
(3.81511e-51 -3.85597e-51 0)
(2.00536e-51 7.50838e-50 0)
(-3.1122e-51 3.41415e-50 0)
(-2.65146e-51 2.14803e-50 0)
(-1.5682e-51 -1.52561e-50 0)
(4.89313e-51 -8.8304e-51 0)
(-3.9298e-51 7.31729e-50 0)
(-4.82339e-51 -7.79162e-50 0)
(4.26847e-51 -1.28588e-50 0)
(1.1324e-51 -1.38586e-51 0)
(2.40545e-51 7.73403e-51 0)
(1.70386e-51 4.3959e-50 0)
(-4.85132e-51 3.99151e-50 0)
(-2.58851e-51 -4.81913e-50 0)
(7.94239e-51 -1.00543e-50 0)
(-1.61278e-51 9.7064e-50 0)
(-6.10344e-51 -4.04808e-50 0)
(-4.73914e-52 -1.25539e-50 0)
(5.61994e-51 -4.43864e-50 0)
(-5.71759e-37 4.8115e-37 0)
(-5.40195e-38 4.30974e-38 0)
(-4.96972e-39 3.4841e-39 0)
(-4.09672e-40 2.75079e-40 0)
(-3.27808e-41 2.0125e-41 0)
(-2.42701e-42 1.43165e-42 0)
(-1.74186e-43 9.60308e-44 0)
(-1.17811e-44 6.25714e-45 0)
(-7.72544e-46 3.88405e-46 0)
(-4.8272e-47 2.34024e-47 0)
(-2.92584e-48 1.34725e-48 0)
(-1.69969e-49 7.4918e-50 0)
(-9.76101e-51 3.49157e-51 0)
(-2.02779e-51 -3.41187e-51 0)
(-7.43087e-51 -2.82884e-50 0)
(-4.0217e-50 -1.40034e-49 0)
(-7.63122e-51 -7.73613e-49 0)
(1.04675e-49 -2.8283e-49 0)
(6.52602e-50 1.16574e-48 0)
(-5.43137e-50 9.25542e-49 0)
(-5.40916e-50 1.54709e-49 0)
(7.06464e-50 -9.53885e-50 0)
(4.00944e-50 1.36527e-48 0)
(-5.65888e-50 6.47644e-49 0)
(-5.2128e-50 4.1546e-49 0)
(-3.19804e-50 -3.02625e-49 0)
(9.33308e-50 -1.88264e-49 0)
(-7.29256e-50 1.34853e-48 0)
(-9.08067e-50 -1.44073e-48 0)
(8.07757e-50 -2.35644e-49 0)
(2.17337e-50 -2.36409e-50 0)
(4.78485e-50 1.50668e-49 0)
(3.39577e-50 8.58336e-49 0)
(-9.72347e-50 7.76886e-49 0)
(-5.27224e-50 -9.47853e-49 0)
(1.53298e-49 -2.15915e-49 0)
(-3.21063e-50 1.79736e-48 0)
(-1.15696e-49 -8.08586e-49 0)
(-4.10167e-51 -2.35665e-49 0)
(1.03028e-49 -7.90689e-49 0)
(-5.46736e-36 2.86199e-36 0)
(-5.03578e-37 2.48107e-37 0)
(-4.5493e-38 1.96708e-38 0)
(-3.6896e-39 1.52831e-39 0)
(-2.91763e-40 1.10605e-40 0)
(-2.13645e-41 7.79708e-42 0)
(-1.52081e-42 5.19609e-43 0)
(-1.02064e-43 3.36724e-44 0)
(-6.65319e-45 2.07675e-45 0)
(-4.13154e-46 1.2407e-46 0)
(-2.49031e-47 6.98587e-48 0)
(-1.43475e-48 3.72911e-49 0)
(-8.36083e-50 9.26584e-51 0)
(-3.35909e-50 -6.66037e-50 0)
(-1.44188e-49 -5.29443e-49 0)
(-7.86564e-49 -2.62325e-48 0)
(-1.50691e-49 -1.45684e-47 0)
(2.04666e-48 -5.33664e-48 0)
(1.27524e-48 2.195e-47 0)
(-1.06695e-48 1.7404e-47 0)
(-1.07732e-48 2.82238e-48 0)
(1.27809e-48 -2.17681e-48 0)
(7.84145e-49 2.37063e-47 0)
(-1.00291e-48 1.18184e-47 0)
(-1.00294e-48 7.73725e-48 0)
(-6.37067e-49 -5.78196e-48 0)
(1.74295e-48 -3.84184e-48 0)
(-1.32232e-48 2.3782e-47 0)
(-1.67237e-48 -2.55088e-47 0)
(1.49594e-48 -4.13864e-48 0)
(4.07777e-49 -3.78763e-49 0)
(9.30803e-49 2.82923e-48 0)
(6.6088e-49 1.61483e-47 0)
(-1.9061e-48 1.45923e-47 0)
(-1.04764e-48 -1.79513e-47 0)
(2.89764e-48 -4.4336e-48 0)
(-6.25476e-49 3.18851e-47 0)
(-2.14611e-48 -1.55503e-47 0)
(1.88698e-50 -4.25451e-48 0)
(1.84333e-48 -1.33779e-47 0)
(-3.33886e-35 1.96648e-35 0)
(-2.98882e-36 1.65534e-36 0)
(-2.62849e-37 1.28022e-37 0)
(-2.09559e-38 9.79666e-39 0)
(-1.63231e-39 6.98317e-40 0)
(-1.18285e-40 4.87122e-41 0)
(-8.34578e-42 3.2113e-42 0)
(-5.56545e-43 2.06341e-43 0)
(-3.60865e-44 1.25278e-44 0)
(-2.22697e-45 7.31709e-46 0)
(-1.33134e-46 3.84631e-47 0)
(-7.51376e-48 1.77717e-48 0)
(-4.72408e-49 -1.04607e-49 0)
(-5.6909e-49 -1.2263e-48 0)
(-2.69864e-48 -9.67497e-48 0)
(-1.4818e-47 -4.80273e-47 0)
(-2.86384e-48 -2.68582e-46 0)
(3.85451e-47 -9.86398e-47 0)
(2.40028e-47 4.04606e-46 0)
(-2.01887e-47 3.20312e-46 0)
(-2.06655e-47 5.03573e-47 0)
(2.20538e-47 -4.67955e-47 0)
(1.47719e-47 4.02909e-46 0)
(-1.68661e-47 2.11298e-46 0)
(-1.85788e-47 1.4114e-46 0)
(-1.22205e-47 -1.08074e-46 0)
(3.12133e-47 -7.59776e-47 0)
(-2.28803e-47 4.11218e-46 0)
(-2.94809e-47 -4.4282e-46 0)
(2.65335e-47 -7.10837e-47 0)
(7.35634e-48 -5.84278e-48 0)
(1.74447e-47 5.18897e-47 0)
(1.24162e-47 2.97269e-46 0)
(-3.59915e-47 2.67697e-46 0)
(-2.008e-47 -3.32942e-46 0)
(5.26126e-47 -8.81026e-47 0)
(-1.17339e-47 5.54645e-46 0)
(-3.81569e-47 -2.92383e-46 0)
(2.28501e-48 -7.517e-47 0)
(3.1369e-47 -2.20989e-46 0)
(-2.35244e-34 2.03737e-35 0)
(-2.03731e-35 1.39526e-36 0)
(-1.75734e-36 9.87684e-38 0)
(-1.37191e-37 7.30255e-39 0)
(-1.05407e-38 5.132e-40 0)
(-7.528e-40 3.55831e-41 0)
(-5.25747e-41 2.33753e-42 0)
(-3.46911e-42 1.47543e-43 0)
(-2.23082e-43 6.56548e-45 0)
(-1.35598e-44 8.15272e-47 0)
(-7.93252e-46 -5.87931e-47 0)
(-4.20324e-47 -9.88087e-48 0)
(-3.24516e-48 -4.02483e-48 0)
(-1.01077e-47 -2.1456e-47 0)
(-4.94084e-47 -1.69073e-46 0)
(-2.7332e-46 -8.41604e-46 0)
(-5.34274e-47 -4.73609e-45 0)
(7.10664e-46 -1.7434e-45 0)
(4.42276e-46 7.13342e-45 0)
(-3.7396e-46 5.6392e-45 0)
(-3.87505e-46 8.57953e-46 0)
(3.72387e-46 -9.4548e-46 0)
(2.72461e-46 6.46621e-45 0)
(-2.76549e-46 3.60704e-45 0)
(-3.37182e-46 2.46135e-45 0)
(-2.29181e-46 -1.93242e-45 0)
(5.48366e-46 -1.43259e-45 0)
(-3.87472e-46 6.73681e-45 0)
(-5.09358e-46 -7.29024e-45 0)
(4.61472e-46 -1.15963e-45 0)
(1.29853e-46 -8.21569e-47 0)
(3.19996e-46 9.11336e-46 0)
(2.27827e-46 5.23675e-45 0)
(-6.65284e-46 4.71042e-45 0)
(-3.75572e-46 -5.9039e-45 0)
(9.37199e-46 -1.66844e-45 0)
(-2.15656e-46 9.15723e-45 0)
(-6.65105e-46 -5.25737e-45 0)
(7.50814e-47 -1.26756e-45 0)
(5.21534e-46 -3.41384e-45 0)
(-2.06809e-34 6.33582e-36 0)
(-1.78394e-35 -1.943e-36 0)
(-1.53554e-36 -2.15237e-37 0)
(-1.19559e-37 -1.81449e-38 0)
(-9.17083e-39 -1.32847e-39 0)
(-6.53715e-40 -9.33048e-41 0)
(-4.56017e-41 -6.12234e-42 0)
(-3.0094e-42 -4.33719e-43 0)
(-1.91296e-43 -6.92422e-44 0)
(-9.19969e-45 -9.43432e-45 0)
(-2.29349e-46 -1.62408e-45 0)
(5.01371e-47 -2.02313e-46 0)
(-1.26567e-47 -7.00463e-47 0)
(-1.74304e-46 -3.6456e-46 0)
(-8.66013e-46 -2.88903e-45 0)
(-4.82221e-45 -1.44357e-44 0)
(-9.52154e-46 -8.19527e-44 0)
(1.25326e-44 -3.02637e-44 0)
(7.79507e-45 1.23408e-43 0)
(-6.62587e-45 9.73873e-44 0)
(-6.9518e-45 1.43257e-44 0)
(5.92558e-45 -1.83061e-44 0)
(4.80691e-45 1.01976e-43 0)
(-4.23249e-45 6.05056e-44 0)
(-5.84949e-45 4.21541e-44 0)
(-4.11101e-45 -3.38783e-44 0)
(9.15673e-45 -2.6273e-44 0)
(-6.18883e-45 1.08695e-43 0)
(-8.34152e-45 -1.1818e-43 0)
(7.61399e-45 -1.85546e-44 0)
(2.18732e-45 -1.09575e-45 0)
(5.61629e-45 1.5653e-44 0)
(4.01148e-45 9.04587e-44 0)
(-1.17628e-44 8.10539e-44 0)
(-6.7345e-45 -1.02783e-43 0)
(1.59064e-44 -3.06955e-44 0)
(-3.78948e-45 1.48889e-43 0)
(-1.10116e-44 -9.26327e-44 0)
(1.93882e-45 -2.09674e-44 0)
(8.13066e-45 -5.16159e-44 0)
(2.06806e-34 6.33954e-36 0)
(1.7839e-35 -1.94258e-36 0)
(1.53549e-36 -2.15198e-37 0)
(1.19554e-37 -1.81425e-38 0)
(9.17059e-39 -1.32757e-39 0)
(6.53688e-40 -9.19178e-41 0)
(4.54586e-41 -5.40987e-42 0)
(2.90738e-42 -1.0021e-42 0)
(2.23613e-43 -7.59087e-43 0)
(5.76185e-44 -1.31074e-43 0)
(8.92468e-45 -2.49868e-44 0)
(1.59379e-45 -3.18173e-45 0)
(-1.74032e-46 -1.11887e-45 0)
(-2.97745e-45 -5.86274e-45 0)
(-1.48612e-44 -4.67266e-44 0)
(-8.34985e-44 -2.34677e-43 0)
(-1.67167e-44 -1.34249e-42 0)
(2.16868e-43 -4.97117e-43 0)
(1.34805e-43 2.02107e-42 0)
(-1.15192e-43 1.59244e-42 0)
(-1.22162e-43 2.25944e-43 0)
(9.26424e-44 -3.33172e-43 0)
(8.32335e-44 1.49194e-42 0)
(-6.32453e-44 9.58444e-43 0)
(-9.96819e-44 6.82938e-43 0)
(-7.22509e-44 -5.62462e-43 0)
(1.50627e-43 -4.55764e-43 0)
(-9.71311e-44 1.63651e-42 0)
(-1.34456e-43 -1.79052e-42 0)
(1.23708e-43 -2.78187e-43 0)
(3.61379e-44 -1.22617e-44 0)
(9.66934e-44 2.54997e-43 0)
(6.90732e-44 1.48032e-42 0)
(-2.04064e-43 1.32586e-42 0)
(-1.17994e-43 -1.69299e-42 0)
(2.65852e-43 -5.34109e-43 0)
(-6.54081e-44 2.26546e-42 0)
(-1.79462e-43 -1.5453e-42 0)
(4.3133e-44 -3.27297e-43 0)
(1.24202e-43 -7.09944e-43 0)
(2.35208e-34 2.04109e-35 0)
(2.03689e-35 1.3994e-36 0)
(1.75685e-36 9.91324e-38 0)
(1.37147e-37 7.31615e-39 0)
(1.05393e-38 5.26274e-40 0)
(7.52575e-40 5.92255e-41 0)
(5.03738e-41 1.45613e-41 0)
(1.89141e-42 -9.64322e-42 0)
(7.25728e-43 -1.18487e-41 0)
(7.63546e-43 -2.06827e-42 0)
(1.34394e-43 -3.94917e-43 0)
(2.51743e-44 -4.99759e-44 0)
(-2.83477e-45 -1.75233e-44 0)
(-4.81825e-44 -9.22681e-44 0)
(-2.41724e-43 -7.41441e-43 0)
(-1.3688e-42 -3.74812e-42 0)
(-2.77359e-43 -2.16887e-41 0)
(3.55229e-42 -8.06372e-42 0)
(2.20687e-42 3.26415e-41 0)
(-1.89586e-42 2.56659e-41 0)
(-2.03338e-42 3.50846e-42 0)
(1.33901e-42 -5.87284e-42 0)
(1.36449e-42 2.16315e-41 0)
(-8.55716e-43 1.50077e-41 0)
(-1.60634e-42 1.0925e-41 0)
(-1.20229e-42 -9.20015e-42 0)
(2.32395e-42 -7.73039e-42 0)
(-1.41118e-42 2.44875e-41 0)
(-2.02381e-42 -2.69434e-41 0)
(1.87946e-42 -4.11679e-42 0)
(5.63433e-43 -1.19295e-43 0)
(1.57677e-42 4.07594e-42 0)
(1.13139e-42 2.38651e-41 0)
(-3.35118e-42 2.12799e-41 0)
(-1.96374e-42 -2.75225e-41 0)
(4.18254e-42 -9.07618e-42 0)
(-1.06789e-42 3.42419e-41 0)
(-2.74032e-42 -2.5383e-41 0)
(8.78092e-43 -5.03664e-42 0)
(1.73604e-42 -9.60638e-42 0)
(3.30404e-35 2.00344e-35 0)
(2.94966e-36 1.69527e-36 0)
(2.58462e-37 1.31314e-37 0)
(2.05822e-38 9.79558e-39 0)
(1.64262e-39 8.77918e-40 0)
(1.17363e-40 4.03068e-40 0)
(-2.69616e-41 1.86916e-40 0)
(-2.48628e-41 -1.4739e-40 0)
(8.20231e-42 -1.78344e-40 0)
(1.21147e-41 -3.0822e-41 0)
(2.13348e-42 -5.83516e-42 0)
(3.98852e-43 -7.32626e-43 0)
(-4.46922e-44 -2.55545e-43 0)
(-7.65e-43 -1.35329e-42 0)
(-3.86318e-42 -1.09599e-41 0)
(-2.21341e-41 -5.58894e-41 0)
(-4.56909e-42 -3.26503e-40 0)
(5.73533e-41 -1.21794e-40 0)
(3.5611e-41 4.91206e-40 0)
(-3.07574e-41 3.85567e-40 0)
(-3.32876e-41 5.06073e-41 0)
(1.91987e-41 -9.63628e-41 0)
(2.20683e-41 2.8237e-40 0)
(-1.13274e-41 2.18178e-40 0)
(-2.55524e-41 1.62664e-40 0)
(-1.96804e-41 -1.4031e-40 0)
(3.56161e-41 -1.22345e-40 0)
(-2.03205e-41 3.33655e-40 0)
(-3.02439e-41 -3.70201e-40 0)
(2.83593e-41 -5.58795e-41 0)
(8.66007e-42 -4.77631e-43 0)
(2.53443e-41 6.08914e-41 0)
(1.81886e-41 3.58895e-40 0)
(-5.42385e-41 3.20244e-40 0)
(-3.20178e-41 -4.16569e-40 0)
(6.52709e-41 -1.43934e-40 0)
(-1.72105e-41 4.73649e-40 0)
(-4.15305e-41 -3.88683e-40 0)
(1.65529e-41 -7.1871e-41 0)
(2.39267e-41 -1.11551e-40 0)
(1.82705e-36 5.102e-36 0)
(1.13278e-37 4.78468e-37 0)
(2.96442e-39 3.48533e-38 0)
(3.67239e-40 -1.61007e-39 0)
(6.62875e-40 2.55123e-39 0)
(2.54613e-41 5.29571e-39 0)
(-5.27363e-40 2.74823e-39 0)
(-3.80881e-40 -2.21735e-39 0)
(1.23721e-40 -2.67097e-39 0)
(1.82379e-40 -4.54577e-40 0)
(3.18092e-41 -8.517e-41 0)
(5.89853e-42 -1.05697e-41 0)
(-6.56171e-43 -3.66197e-42 0)
(-1.1316e-41 -1.95378e-41 0)
(-5.76515e-41 -1.60085e-40 0)
(-3.33571e-40 -8.25117e-40 0)
(-7.02077e-41 -4.8962e-39 0)
(8.61163e-40 -1.83616e-39 0)
(5.34584e-40 7.36291e-39 0)
(-4.64262e-40 5.76488e-39 0)
(-5.07379e-40 7.25314e-40 0)
(2.47019e-40 -1.54954e-39 0)
(3.32781e-40 3.71881e-39 0)
(-1.26523e-40 3.17182e-39 0)
(-3.77243e-40 2.41708e-39 0)
(-2.99499e-40 -2.12882e-39 0)
(5.01511e-40 -1.91099e-39 0)
(-2.62265e-40 4.60119e-39 0)
(-4.12039e-40 -5.13936e-39 0)
(3.91045e-40 -7.58381e-40 0)
(1.2348e-40 8.36073e-42 0)
(3.79917e-40 8.98981e-40 0)
(2.74717e-40 5.36767e-39 0)
(-8.16224e-40 4.76398e-39 0)
(-4.87389e-40 -6.28803e-39 0)
(9.40634e-40 -2.24957e-39 0)
(-2.57513e-40 6.62033e-39 0)
(-5.7725e-40 -5.91786e-39 0)
(2.8886e-40 -1.02107e-39 0)
(2.87334e-40 -1.28249e-39 0)
(-2.31947e-35 1.71539e-35 0)
(-2.34299e-36 1.72715e-36 0)
(-2.45466e-37 7.75664e-38 0)
(-1.34594e-38 -5.42595e-38 0)
(8.82263e-39 3.23222e-38 0)
(3.24833e-40 7.1891e-38 0)
(-7.84386e-39 3.73521e-38 0)
(-5.63638e-39 -3.02451e-38 0)
(1.87926e-39 -3.63395e-38 0)
(2.73542e-39 -6.10752e-39 0)
(4.69598e-40 -1.12827e-39 0)
(8.62011e-41 -1.38449e-40 0)
(-9.48502e-42 -4.75557e-41 0)
(-1.65429e-40 -2.56138e-40 0)
(-8.52014e-40 -2.12215e-39 0)
(-5.01024e-39 -1.11015e-38 0)
(-1.09844e-39 -6.66874e-38 0)
(1.27913e-38 -2.51113e-38 0)
(7.94512e-39 1.00231e-37 0)
(-6.94025e-39 7.8324e-38 0)
(-7.62719e-39 9.39939e-39 0)
(3.26345e-39 -2.27154e-38 0)
(5.00892e-39 4.16967e-38 0)
(-1.36355e-39 4.16518e-38 0)
(-5.51192e-39 3.25634e-38 0)
(-4.48272e-39 -2.93644e-38 0)
(7.13445e-39 -2.72132e-38 0)
(-3.41609e-39 5.54049e-38 0)
(-5.67071e-39 -6.26208e-38 0)
(5.44612e-39 -9.10999e-39 0)
(1.75325e-39 3.66312e-40 0)
(5.66951e-39 1.21141e-38 0)
(4.11753e-39 7.30341e-38 0)
(-1.21387e-38 6.49842e-38 0)
(-7.24179e-39 -8.60985e-38 0)
(1.36182e-38 -3.20688e-38 0)
(-3.81377e-39 8.15715e-38 0)
(-8.09938e-39 -8.19041e-38 0)
(4.72622e-39 -1.30713e-38 0)
(3.43156e-39 -1.05585e-38 0)
(-1.87272e-34 5.38559e-37 0)
(-1.79491e-35 3.56165e-37 0)
(-1.87012e-36 -9.35922e-37 0)
(-5.11314e-38 -9.23012e-37 0)
(1.28983e-37 4.34379e-37 0)
(5.32424e-39 9.92319e-37 0)
(-1.03503e-37 5.15313e-37 0)
(-7.33529e-38 -4.19588e-37 0)
(2.62811e-38 -5.0191e-37 0)
(3.73133e-38 -8.24966e-38 0)
(6.31913e-39 -1.4984e-38 0)
(1.14369e-39 -1.8072e-39 0)
(-1.24546e-40 -6.14151e-40 0)
(-2.19547e-39 -3.34699e-39 0)
(-1.14818e-38 -2.82127e-38 0)
(-6.84257e-38 -1.502e-37 0)
(-1.62498e-38 -9.22841e-37 0)
(1.68114e-37 -3.50061e-37 0)
(1.04878e-37 1.38619e-36 0)
(-9.22246e-38 1.07966e-36 0)
(-1.01655e-37 1.23231e-37 0)
(3.88539e-38 -3.32647e-37 0)
(6.89073e-38 4.90726e-37 0)
(-8.86963e-39 5.59343e-37 0)
(-7.05159e-38 4.47048e-37 0)
(-5.86278e-38 -4.10833e-37 0)
(9.04369e-38 -3.89433e-37 0)
(-3.74122e-38 7.01026e-37 0)
(-6.82636e-38 -7.98255e-37 0)
(6.66488e-38 -1.12317e-37 0)
(2.24639e-38 7.38504e-39 0)
(7.7004e-38 1.6371e-37 0)
(5.74216e-38 1.00713e-36 0)
(-1.59179e-37 8.90058e-37 0)
(-9.40775e-38 -1.20004e-36 0)
(1.75644e-37 -4.58498e-37 0)
(-4.94788e-38 1.05102e-36 0)
(-1.00881e-37 -1.14921e-36 0)
(6.74912e-38 -1.69865e-37 0)
(3.08583e-38 -8.0274e-38 0)
(-2.34268e-35 -1.07768e-35 0)
(-3.69184e-36 2.58797e-36 0)
(-1.41902e-36 -1.13918e-35 0)
(1.25621e-36 -1.11093e-35 0)
(1.82512e-36 5.22342e-36 0)
(8.56875e-38 1.19179e-35 0)
(-1.2914e-36 6.18002e-36 0)
(-8.711e-37 -5.05409e-36 0)
(3.89248e-37 -6.0255e-36 0)
(5.18101e-37 -9.73364e-37 0)
(8.55746e-38 -1.72454e-37 0)
(1.52202e-38 -2.04439e-38 0)
(-1.6306e-39 -6.84728e-39 0)
(-2.92318e-38 -3.79143e-38 0)
(-1.55763e-37 -3.25035e-37 0)
(-9.52178e-37 -1.7764e-36 0)
(-2.73746e-37 -1.10949e-35 0)
(2.06513e-36 -4.23048e-36 0)
(1.31026e-36 1.66521e-35 0)
(-1.16349e-36 1.29405e-35 0)
(-1.26229e-36 1.39422e-36 0)
(5.95747e-37 -4.26833e-36 0)
(9.79454e-37 4.34886e-36 0)
(-9.51745e-39 6.47086e-36 0)
(-8.20725e-37 5.31711e-36 0)
(-6.79862e-37 -5.00085e-36 0)
(1.20802e-36 -4.87452e-36 0)
(-4.2848e-37 7.16179e-36 0)
(-8.59188e-37 -8.30489e-36 0)
(8.51472e-37 -1.14988e-36 0)
(2.92258e-37 1.26787e-37 0)
(1.0636e-36 1.9381e-36 0)
(8.33567e-37 1.20965e-35 0)
(-1.92707e-36 1.07509e-35 0)
(-1.04347e-36 -1.45016e-35 0)
(2.29979e-36 -5.73898e-36 0)
(-5.84837e-37 1.11587e-35 0)
(-1.32252e-36 -1.40262e-35 0)
(7.82892e-37 -1.89128e-36 0)
(2.49116e-37 2.50299e-37 0)
(1.3027e-36 7.20713e-35 0)
(-1.04477e-35 5.4279e-35 0)
(-9.38053e-36 -1.4281e-34 0)
(1.05393e-35 -1.40967e-34 0)
(1.64231e-35 6.64655e-35 0)
(1.01841e-36 1.5105e-34 0)
(-9.91872e-36 7.81643e-35 0)
(-4.77289e-36 -6.44401e-35 0)
(5.57053e-36 -7.63219e-35 0)
(6.30314e-36 -1.19041e-35 0)
(1.01552e-36 -2.05043e-36 0)
(1.75743e-37 -2.36602e-37 0)
(-1.85244e-38 -7.79162e-38 0)
(-3.37675e-37 -4.39499e-37 0)
(-1.85344e-36 -3.87066e-36 0)
(-1.16084e-35 -2.17819e-35 0)
(-4.99253e-36 -1.4094e-34 0)
(1.43216e-35 -5.43248e-35 0)
(1.01298e-35 2.1136e-34 0)
(-9.24905e-36 1.63478e-34 0)
(-9.03827e-36 1.65313e-35 0)
(1.13035e-35 -5.67208e-35 0)
(1.27327e-35 4.47546e-35 0)
(2.46293e-36 7.99868e-35 0)
(-3.97033e-36 6.71486e-35 0)
(-2.64542e-36 -6.41761e-35 0)
(1.406e-35 -6.35545e-35 0)
(-3.44492e-36 8.35181e-35 0)
(-8.71259e-36 -9.74423e-35 0)
(8.86063e-36 -1.27612e-35 0)
(3.27023e-36 1.82247e-36 0)
(1.28842e-35 2.36943e-35 0)
(1.18238e-35 1.52912e-34 0)
(-1.19426e-35 1.34693e-34 0)
(-2.20844e-36 -1.85756e-34 0)
(2.37204e-35 -7.4588e-35 0)
(-2.90529e-36 1.33161e-34 0)
(-1.49559e-35 -1.80434e-34 0)
(1.33949e-36 -2.22257e-35 0)
(-9.18723e-37 1.13143e-35 0)
(8.90933e-35 7.50944e-34 0)
(4.90468e-35 5.54499e-34 0)
(3.38618e-35 -1.44189e-33 0)
(-1.90569e-35 -1.42472e-33 0)
(3.36755e-35 6.72032e-34 0)
(1.25905e-35 1.52462e-33 0)
(5.07752e-35 7.87182e-34 0)
(1.18566e-34 -6.5301e-34 0)
(9.71324e-35 -7.69844e-34 0)
(8.20521e-35 -1.17032e-34 0)
(1.25574e-35 -1.92419e-35 0)
(2.09994e-36 -2.15756e-36 0)
(-2.15502e-37 -6.9238e-37 0)
(-4.03809e-36 -4.01681e-36 0)
(-2.29937e-35 -3.63821e-35 0)
(-1.51753e-34 -2.15037e-34 0)
(-1.14068e-34 -1.42449e-33 0)
(-1.49941e-34 -5.52848e-34 0)
(-4.83165e-35 2.13356e-33 0)
(3.45024e-35 1.64574e-33 0)
(8.33977e-35 1.54391e-34 0)
(3.12259e-34 -6.08112e-34 0)
(1.8986e-34 2.38017e-34 0)
(7.18257e-35 7.76601e-34 0)
(1.30368e-34 6.71761e-34 0)
(1.43534e-34 -6.56522e-34 0)
(1.95223e-34 -6.66235e-34 0)
(-2.92928e-35 6.67063e-34 0)
(-9.85619e-35 -8.03076e-34 0)
(1.0246e-34 -1.03632e-34 0)
(3.85441e-35 2.24249e-35 0)
(1.66746e-34 2.33893e-34 0)
(2.00294e-34 1.5443e-33 0)
(2.03032e-34 1.37653e-33 0)
(3.0758e-34 -1.88645e-33 0)
(2.11419e-34 -7.80751e-34 0)
(9.4102e-35 1.14391e-33 0)
(-2.01822e-34 -1.84927e-33 0)
(-2.75887e-34 -2.02536e-34 0)
(-6.82657e-35 2.86688e-34 0)
(1.64317e-33 8.63734e-33 0)
(5.89442e-33 6.49904e-33 0)
(5.05706e-33 -1.65905e-32 0)
(-4.909e-33 -1.64127e-32 0)
(-5.00277e-33 7.764e-33 0)
(1.27109e-34 1.74957e-32 0)
(5.91097e-33 9.00579e-33 0)
(6.65347e-33 -7.56787e-33 0)
(1.72204e-33 -8.82638e-33 0)
(8.85571e-34 -1.26043e-33 0)
(1.26815e-34 -1.98258e-34 0)
(1.991e-35 -2.12894e-35 0)
(-1.98281e-36 -6.66127e-36 0)
(-3.83161e-35 -3.97253e-35 0)
(-2.3353e-34 -3.75753e-34 0)
(-1.64623e-33 -2.32467e-33 0)
(-2.57618e-33 -1.64106e-32 0)
(-1.16872e-32 -6.48237e-33 0)
(-5.88856e-33 2.45562e-32 0)
(5.05581e-33 1.87927e-32 0)
(6.87958e-33 1.61412e-33 0)
(8.38266e-33 -7.22988e-33 0)
(2.71644e-33 2.20822e-33 0)
(1.80387e-33 8.77077e-33 0)
(6.80867e-33 7.72651e-33 0)
(6.87832e-33 -7.63419e-33 0)
(2.47218e-33 -7.79743e-33 0)
(4.47333e-35 7.4852e-33 0)
(-7.12027e-34 -8.94144e-33 0)
(7.90743e-34 -1.02971e-33 0)
(3.54132e-34 2.56721e-34 0)
(1.79128e-33 2.51472e-33 0)
(3.51142e-33 1.76596e-32 0)
(1.28999e-32 1.55639e-32 0)
(1.33354e-32 -2.19693e-32 0)
(-7.59327e-34 -9.07106e-33 0)
(5.04921e-33 1.30098e-32 0)
(-2.4528e-33 -2.15575e-32 0)
(-1.19445e-32 -2.11134e-33 0)
(-2.18359e-33 3.74149e-33 0)
(3.13929e-32 6.22637e-32 0)
(1.71677e-31 4.72913e-32 0)
(1.50408e-31 -1.19389e-31 0)
(-1.48773e-31 -1.18263e-31 0)
(-1.60594e-31 5.59836e-32 0)
(1.41712e-33 1.25808e-31 0)
(1.71855e-31 6.45405e-32 0)
(1.81296e-31 -5.47464e-32 0)
(3.22907e-32 -6.34049e-32 0)
(1.10268e-32 -8.66948e-33 0)
(1.4143e-33 -1.2493e-33 0)
(2.07793e-34 -1.27596e-34 0)
(-1.97557e-35 -3.80665e-35 0)
(-4.00454e-34 -2.38991e-34 0)
(-2.61896e-33 -2.37394e-33 0)
(-2.06584e-32 -1.61016e-32 0)
(-5.37402e-32 -1.18251e-31 0)
(-3.31463e-31 -4.71875e-32 0)
(-1.71627e-31 1.76636e-31 0)
(1.50347e-31 1.34645e-31 0)
(1.94228e-31 1.0415e-32 0)
(2.00215e-31 -5.47808e-32 0)
(4.45428e-32 -3.02844e-33 0)
(3.58376e-32 6.08835e-32 0)
(1.83326e-31 5.52188e-32 0)
(1.83559e-31 -5.56398e-32 0)
(3.94818e-32 -5.78763e-32 0)
(3.16297e-33 3.80019e-32 0)
(-6.43025e-33 -4.79072e-32 0)
(7.60845e-33 -5.53835e-33 0)
(3.64343e-33 2.04735e-33 0)
(2.21669e-32 1.73909e-32 0)
(6.48547e-32 1.27265e-31 0)
(3.56878e-31 1.15761e-31 0)
(3.522e-31 -1.5893e-31 0)
(-6.70235e-32 -6.70609e-32 0)
(1.39635e-31 7.63301e-32 0)
(-3.85251e-32 -1.57227e-31 0)
(-3.19943e-31 -1.32022e-32 0)
(-4.56725e-32 4.294e-32 0)
(4.56439e-31 5.92426e-31 0)
(3.52148e-30 4.69188e-31 0)
(3.15175e-30 -1.14185e-30 0)
(-3.13986e-30 -1.13291e-30 0)
(-3.4273e-30 5.40356e-31 0)
(1.04926e-32 1.19497e-30 0)
(3.52272e-30 6.10489e-31 0)
(3.60504e-30 -5.30596e-31 0)
(4.63678e-31 -6.01487e-31 0)
(9.39147e-32 -7.09713e-32 0)
(1.04764e-32 -9.84848e-33 0)
(1.34835e-33 -9.47536e-34 0)
(-1.20964e-34 -2.76921e-34 0)
(-2.60241e-33 -1.77802e-33 0)
(-1.95937e-32 -1.87701e-32 0)
(-1.7747e-31 -1.32181e-31 0)
(-8.34656e-31 -1.13283e-30 0)
(-6.75525e-30 -4.68445e-31 0)
(-3.52132e-30 1.69215e-30 0)
(3.15061e-30 1.2671e-30 0)
(3.89454e-30 8.39749e-32 0)
(3.7061e-30 -5.2928e-31 0)
(5.6683e-31 9.5083e-32 0)
(5.53055e-31 5.83183e-31 0)
(3.62528e-30 5.3351e-31 0)
(3.61737e-30 -5.38329e-31 0)
(4.71498e-31 -5.52893e-31 0)
(8.69385e-32 5.10784e-31 0)
(3.61292e-33 -5.91508e-31 0)
(1.04599e-32 -4.86824e-32 0)
(2.18504e-32 1.67211e-32 0)
(1.8803e-31 1.41725e-31 0)
(9.30184e-31 1.20293e-30 0)
(7.15509e-30 1.08176e-30 0)
(6.92559e-30 -1.55145e-30 0)
(-1.93713e-30 -6.29432e-31 0)
(2.87321e-30 9.08415e-31 0)
(-4.51877e-31 -1.52911e-30 0)
(-6.39112e-30 -1.12955e-31 0)
(-7.42554e-31 3.1215e-31 0)
)
;

boundaryField
{
    leftWall
    {
        type            fixedValue;
        value           nonuniform 0();
    }
    rightWall
    {
        type            fixedValue;
        value           uniform (0 0 0);
    }
    lowerWall
    {
        type            fixedValue;
        value           uniform (0 0 0);
    }
    atmosphere
    {
        type            pressureInletOutletVelocity;
        value           nonuniform 0();
    }
    defaultFaces
    {
        type            empty;
    }
    procBoundary1to0
    {
        type            processor;
        value           nonuniform List<vector> 
44
(
(-1.28517e-40 -3.86044e-40 0)
(-1.54585e-39 -3.6856e-39 0)
(-1.47584e-38 -3.26815e-38 0)
(-1.32992e-37 -2.779e-37 0)
(-1.15621e-36 -2.1885e-36 0)
(-9.29911e-36 -1.66213e-35 0)
(-7.27155e-35 -1.12142e-34 0)
(-4.98792e-34 -7.49586e-34 0)
(-3.4179e-33 -3.99299e-33 0)
(-1.71676e-32 -2.36678e-32 0)
(-1.17929e-31 -8.74535e-32 0)
(2.95755e-32 -8.21302e-31 0)
(2.72799e-31 1.07423e-31 0)
(6.89126e-34 9.41658e-31 0)
(-1.31512e-31 1.04883e-31 0)
(1.33863e-32 6.18202e-32 0)
(2.49232e-31 2.2558e-31 0)
(4.45055e-31 1.78766e-30 0)
(1.37923e-32 3.2876e-30 0)
(-4.438e-31 1.8823e-30 0)
(-3.9405e-35 1.80354e-30 0)
(-3.9405e-35 1.80354e-30 0)
(-4.52999e-36 3.12852e-31 0)
(-5.5665e-37 2.92169e-32 0)
(5.9803e-37 3.46005e-33 0)
(7.91458e-36 3.15549e-34 0)
(1.00479e-34 1.8694e-34 0)
(1.03621e-33 1.74362e-33 0)
(1.18649e-32 1.38662e-32 0)
(8.98083e-32 1.35357e-31 0)
(8.4412e-31 6.92833e-31 0)
(7.65234e-31 5.96407e-30 0)
(-7.65234e-31 5.96407e-30 0)
(-8.44121e-31 6.92824e-31 0)
(-8.98294e-32 1.35253e-31 0)
(-1.22617e-32 1.31202e-32 0)
(-6.75926e-33 -5.35216e-33 0)
(-5.48065e-32 1.58413e-34 0)
(-5.73097e-33 7.10913e-33 0)
(-3.97508e-34 7.47141e-34 0)
(-2.11064e-35 1.03828e-34 0)
(-1.14136e-36 9.07633e-36 0)
(3.30512e-37 1.07895e-36 0)
(2.21718e-36 1.33726e-36 0)
)
;
    }
    procBoundary1to3
    {
        type            processor;
        value           nonuniform List<vector> 
45
(
(1.72241e-34 4.22288e-39 0)
(1.59108e-33 -4.6708e-39 0)
(1.48489e-32 -5.46632e-39 0)
(1.04834e-31 -1.09544e-39 0)
(9.10265e-31 -2.22091e-40 0)
(4.36333e-30 -4.86405e-41 0)
(4.73161e-29 -1.97353e-41 0)
(4.37565e-29 4.06762e-41 0)
(-4.36601e-29 4.05591e-41 0)
(-4.64562e-29 -1.93139e-41 0)
(8.53288e-32 -4.3024e-41 0)
(4.73259e-29 -2.20661e-41 0)
(4.80896e-29 1.89065e-41 0)
(4.41773e-30 2.16911e-41 0)
(8.57904e-31 2.7888e-42 0)
(8.52108e-32 4.20695e-43 0)
(1.06567e-32 8.15317e-45 0)
(-9.05464e-34 -5.06333e-43 0)
(-2.06031e-32 -7.28931e-42 0)
(-1.59686e-31 -1.01041e-40 0)
(-1.63147e-30 -1.22415e-39 0)
(-7.98721e-30 -1.25395e-38 0)
(-9.18341e-29 -2.32217e-38 0)
(-4.7315e-29 3.16765e-36 0)
(4.37464e-29 1.24407e-34 0)
(5.08947e-29 2.96653e-33 0)
(4.89404e-29 5.25767e-32 0)
(5.351e-30 6.34419e-31 0)
(5.30338e-30 5.25799e-32 0)
(4.82608e-29 3.08777e-33 0)
(4.81843e-29 2.96653e-33 0)
(4.4232e-30 4.96134e-32 0)
(8.66363e-31 5.81842e-31 0)
(9.44973e-32 -5.81842e-31 0)
(2.61781e-32 -4.9607e-32 0)
(1.70264e-31 -2.71461e-33 0)
(1.70959e-30 2.9198e-33 0)
(8.79867e-30 5.38975e-32 0)
(9.56378e-29 6.50481e-31 0)
(9.34584e-29 5.68641e-32 0)
(-3.21858e-29 5.56145e-32 0)
(4.1035e-29 6.34424e-31 0)
(-4.25095e-30 4.97306e-32 0)
(-8.82571e-29 -4.67577e-32 0)
(-7.40706e-30 -5.82038e-31 0)
)
;
    }
}


// ************************************************************************* //
