/*--------------------------------*- C++ -*----------------------------------*\
| =========                 |                                                 |
| \\      /  F ield         | OpenFOAM: The Open Source CFD Toolbox           |
|  \\    /   O peration     | Version:  2.4.0                                 |
|   \\  /    A nd           | Web:      www.OpenFOAM.org                      |
|    \\/     M anipulation  |                                                 |
\*---------------------------------------------------------------------------*/
FoamFile
{
    version     2.0;
    format      ascii;
    class       surfaceScalarField;
    location    "1";
    object      phi;
}
// * * * * * * * * * * * * * * * * * * * * * * * * * * * * * * * * * * * * * //

dimensions      [0 3 -1 0 0 0 0];

internalField   nonuniform List<scalar> 
3782
(
-1.07793e-38
8.34629e-37
-1.3633e-38
1.96267e-37
-4.5641e-39
4.21059e-38
-1.05633e-38
6.6181e-39
-8.00048e-38
-1.467e-39
-5.49066e-37
-7.62402e-38
-3.85437e-36
-1.24568e-36
-1.83828e-35
-1.46859e-35
-1.22357e-34
-2.23082e-34
-5.45851e-34
2.00653e-37
-3.81776e-34
8.51688e-35
-1.48201e-32
-1.78174e-35
1.51487e-32
-1.81105e-34
4.16749e-34
-1.39755e-35
5.6584e-34
8.8807e-35
1.42937e-34
1.53152e-35
1.36126e-34
1.39761e-37
4.65616e-34
-1.34437e-35
-3.68426e-34
-7.80843e-35
1.58508e-32
1.4347e-34
-3.6012e-32
3.1114e-34
-1.25887e-33
-1.03688e-34
-1.8345e-33
-3.09798e-34
1.67427e-32
1.09684e-34
-3.783e-32
3.07534e-34
-1.21747e-33
-2.10862e-34
1.82847e-32
-2.39045e-34
-1.92715e-32
7.37588e-35
1.91102e-32
1.2214e-35
-2.07471e-32
-1.99126e-34
-7.07806e-34
-2.27305e-35
-7.6641e-34
-1.22909e-34
-1.71108e-34
-2.13097e-35
-2.76301e-35
-3.80284e-36
-2.54612e-35
-3.06131e-38
-1.56472e-34
3.54182e-36
-6.11187e-34
1.82418e-35
4.81231e-34
1.03115e-34
-2.08765e-32
-1.88266e-34
4.74255e-32
-4.12762e-34
2.31015e-33
1.15855e-34
1.98011e-33
2.95534e-34
4.9208e-35
5.21773e-36
-7.54839e-38
2.87832e-35
-4.81691e-37
1.61905e-34
-2.90765e-36
-1.37678e-35
6.60414e-34
1.17041e-36
-9.40156e-38
6.1605e-36
-5.96301e-37
3.13179e-35
-3.5616e-36
-1.66871e-35
1.18621e-34
2.34425e-37
-2.24254e-38
1.11233e-36
-1.39115e-37
4.89843e-36
-7.90039e-37
-3.49117e-36
1.42469e-35
3.42818e-38
-1.99016e-39
1.49938e-37
-2.36306e-38
5.82312e-37
-1.54945e-37
-6.5311e-37
1.31102e-36
2.80433e-39
2.01185e-38
1.76359e-38
3.5701e-38
6.76355e-38
-1.11388e-38
-8.99117e-38
1.14093e-37
-5.05176e-38
9.55042e-38
-2.21018e-38
2.2141e-37
-3.28429e-39
6.07729e-38
2.22095e-39
6.90634e-39
-7.90779e-37
3.71764e-37
-2.70013e-37
1.18501e-36
-9.08198e-38
2.97539e-37
6.36655e-38
-2.07405e-38
-8.89911e-36
-3.5857e-36
-2.2725e-36
1.60729e-37
-5.87792e-37
1.04703e-37
3.11911e-38
-1.19837e-37
-1.63284e-35
-2.95139e-35
-1.25001e-35
-6.67522e-36
-2.98191e-36
-1.09987e-36
-1.74344e-37
-5.49183e-37
9.33916e-36
-1.19175e-34
2.69972e-36
-1.87434e-35
5.18198e-37
-2.24755e-36
-2.48849e-37
7.95003e-38
1.01098e-34
-6.13559e-34
2.35081e-35
-7.09524e-35
4.89024e-36
-6.1535e-36
-3.56821e-37
8.28432e-37
-2.17447e-35
-5.07555e-34
-5.89803e-36
-5.6567e-35
-1.32022e-36
-4.73232e-36
-2.52018e-37
-2.39538e-37
-2.13968e-34
5.47307e-34
-5.03939e-35
6.13322e-35
-1.06248e-35
5.16489e-36
2.79872e-37
-1.82406e-36
-1.7231e-35
6.31256e-34
-4.80833e-36
7.30393e-35
-1.08359e-36
6.32245e-36
3.61417e-37
-1.97661e-37
1.04746e-34
1.22389e-34
2.44842e-35
1.81494e-35
5.13395e-36
2.02531e-36
1.92611e-37
8.76732e-37
1.87679e-35
3.35538e-35
5.12132e-36
6.57593e-36
1.14049e-36
9.99613e-37
1.42832e-37
2.05839e-37
1.86043e-37
3.13062e-35
6.62283e-38
5.98243e-36
1.83314e-38
8.84548e-37
1.23059e-37
3.94765e-39
-1.63847e-35
9.72551e-35
-4.37746e-36
1.23682e-35
-9.50843e-37
1.03531e-36
3.61963e-38
-1.67807e-37
-9.09627e-35
5.30066e-34
-2.00728e-35
5.34303e-35
-4.08247e-36
3.57907e-36
1.23663e-38
-6.76078e-37
1.7116e-34
-3.09997e-34
4.20359e-35
-4.55054e-35
9.02017e-36
-5.06534e-36
-4.82896e-37
1.57477e-36
3.67425e-34
-2.11524e-33
8.63498e-35
-2.45541e-34
1.81789e-35
-2.1604e-35
-1.32164e-36
3.11661e-36
-1.22249e-34
-1.52516e-33
-2.85228e-35
-1.82795e-34
-5.96977e-36
-1.68585e-35
-1.17184e-36
-1.01755e-36
-3.65326e-34
2.51621e-34
-8.53148e-35
9.00295e-36
-1.78848e-35
-1.77654e-36
-5.61913e-37
-3.05358e-36
1.29278e-34
-3.69494e-34
3.01203e-35
-5.64288e-35
6.29737e-36
-6.63878e-36
-6.96317e-37
1.07246e-36
3.61949e-34
-2.13711e-33
8.379e-35
-2.46064e-34
1.75033e-35
-2.15691e-35
-1.32185e-36
2.97794e-36
-2.48302e-34
-9.08087e-34
-5.76256e-35
-1.10628e-34
-1.2076e-35
-1.02501e-35
-7.03522e-37
-2.06107e-36
-2.83032e-34
4.75504e-34
-6.73661e-35
4.44549e-35
-1.42597e-35
2.61047e-36
-6.13021e-38
-2.45769e-36
8.63813e-35
4.00216e-35
1.84114e-35
2.37089e-36
3.66618e-36
-3.53314e-37
-1.35086e-37
5.93321e-37
2.79089e-35
-1.41796e-34
7.72356e-36
-1.90557e-35
1.5715e-36
-1.85137e-36
-1.1829e-37
2.59063e-37
1.19336e-34
-8.78132e-34
1.55621e-35
-1.05681e-34
2.76425e-36
-9.80965e-36
-7.04183e-37
4.17731e-37
-1.47356e-35
-8.72903e-34
-3.73086e-36
-1.05678e-34
-9.45002e-37
-9.91324e-36
-7.32666e-37
-1.89923e-37
-1.44248e-34
-1.66933e-34
-3.41066e-35
-2.54042e-35
-7.24135e-36
-2.95376e-36
-3.04668e-37
-1.25181e-36
-2.60914e-35
-3.98971e-35
-7.17495e-36
-7.82606e-36
-1.61494e-36
-1.19195e-36
-1.71522e-37
-2.94425e-37
-4.7348e-36
-7.24429e-36
-1.37325e-36
-1.61989e-36
-3.27524e-37
-2.79267e-37
-4.45751e-38
-6.25138e-38
-4.0404e-38
-6.60531e-36
-1.41338e-38
-1.44059e-36
-4.10126e-39
-2.42601e-37
-3.7817e-38
-9.16248e-40
4.39297e-36
-3.53023e-35
1.25335e-36
-6.58171e-36
2.93877e-37
-9.45837e-37
-1.27824e-37
5.51926e-38
2.22565e-35
-1.27444e-34
5.97153e-36
-1.61069e-35
1.3033e-36
-1.32645e-36
-4.09906e-38
2.31064e-37
1.20136e-34
-6.99181e-34
2.65259e-35
-7.04237e-35
5.39664e-36
-4.70159e-36
-1.17869e-38
8.94009e-37
-2.24643e-34
4.05077e-34
-5.52153e-35
6.00816e-35
-1.1855e-35
6.77594e-36
6.60581e-37
-2.07084e-36
-4.87663e-34
2.80939e-33
-1.14853e-34
3.28747e-34
-2.42131e-35
2.93144e-35
1.86761e-36
-4.15655e-36
1.35771e-34
2.13969e-33
3.08232e-35
2.57594e-34
6.39152e-36
2.36297e-35
1.59547e-36
1.07949e-36
3.4993e-34
4.34596e-34
8.32289e-35
6.67895e-35
1.76163e-35
7.81393e-36
8.0343e-37
3.03599e-36
6.04361e-35
1.67145e-35
3.79025e-36
6.95884e-37
8.96518e-34
-7.12815e-35
1.35246e-32
-4.73643e-35
2.35052e-35
1.35441e-34
-1.33693e-32
1.33126e-34
-1.87669e-34
-6.18427e-35
3.62592e-34
-1.45266e-34
1.40681e-32
-7.59578e-35
1.01114e-33
5.91948e-35
6.9126e-34
7.36029e-35
1.50923e-34
1.44501e-35
2.32704e-35
2.69648e-36
2.80121e-36
3.99323e-37
-6.51119e-36
1.53915e-37
-4.30219e-35
7.27606e-37
-2.78901e-34
5.00953e-36
-1.23471e-33
2.62503e-35
-1.34974e-33
1.33077e-34
-2.72459e-32
4.69994e-35
1.2843e-32
-2.00034e-34
6.8182e-34
-1.60102e-34
1.46303e-32
-1.64641e-35
1.28919e-33
7.60073e-35
1.40671e-33
7.33652e-35
1.18928e-33
-5.14309e-35
1.42397e-32
-5.82559e-35
1.03715e-33
6.30231e-35
6.95814e-34
8.10188e-35
1.54282e-34
1.86875e-35
3.11604e-35
-1.59532e-36
4.95361e-35
-7.3564e-36
3.00586e-34
-5.9402e-36
1.37408e-33
-2.74674e-35
1.95697e-33
-1.32585e-34
2.79914e-32
6.8744e-35
2.11908e-33
1.88204e-34
-1.21483e-32
9.99036e-35
2.56351e-32
3.42969e-36
-2.69882e-32
1.85818e-34
-1.15286e-33
6.6681e-36
-9.81489e-35
5.45626e-34
-8.41966e-35
8.2392e-34
-5.52377e-35
5.0451e-36
1.59832e-34
-7.93717e-34
1.56999e-34
-4.19842e-34
-7.28015e-35
4.54235e-34
-1.71705e-34
9.19999e-34
-8.9917e-35
5.69713e-34
6.95579e-35
1.24601e-34
8.70356e-35
2.92291e-35
1.753e-35
4.98997e-36
3.3042e-36
6.18339e-37
4.94775e-37
-1.44983e-36
1.91757e-37
-9.19461e-36
9.00899e-37
-5.35438e-35
6.13353e-36
-2.20663e-34
3.1814e-35
-1.01879e-33
1.56939e-34
-1.29302e-33
5.47844e-35
-7.52443e-35
-2.36007e-34
8.98995e-34
-1.89766e-34
1.01905e-33
-2.07586e-35
6.22244e-34
8.20214e-35
2.55216e-34
8.00864e-35
6.05765e-34
-6.80077e-35
9.53678e-34
-6.92149e-35
5.74567e-34
7.34947e-35
1.25802e-34
8.89239e-35
3.1643e-35
2.38562e-35
6.92401e-36
-3.08961e-36
9.82043e-36
-1.81876e-36
5.77857e-35
-6.62544e-36
2.46193e-34
-3.40311e-35
1.12735e-33
-1.64569e-34
1.82084e-33
-1.21389e-34
7.66637e-34
2.12709e-34
2.00057e-34
1.10351e-34
2.33538e-34
-3.43186e-37
-8.56342e-34
2.11679e-34
-9.07351e-34
1.44765e-35
-1.09879e-34
4.80809e-35
-1.52905e-35
6.75817e-35
-9.27717e-36
9.21198e-37
2.88842e-35
-6.2742e-35
2.82601e-35
-3.27634e-35
-1.29675e-35
3.83457e-35
-3.13212e-35
7.8146e-35
-1.65539e-35
5.17659e-35
1.22473e-35
1.50644e-35
1.5918e-35
4.63604e-36
3.68331e-36
9.08228e-37
7.34807e-37
1.22029e-37
1.16496e-37
-2.89741e-37
4.65239e-38
-1.65917e-36
2.11301e-37
-8.37972e-36
1.35808e-36
-2.56298e-35
6.64587e-36
-8.91656e-35
2.82455e-35
-1.07951e-34
9.16966e-36
-7.43151e-36
-4.26028e-35
7.4973e-35
-3.51273e-35
8.92396e-35
-4.39022e-36
5.99653e-35
1.48054e-35
3.12198e-35
1.44738e-35
5.76549e-35
-1.19005e-35
8.35858e-35
-1.21525e-35
5.26726e-35
1.31416e-35
1.53109e-35
1.63338e-35
5.08001e-36
4.98296e-36
1.29573e-36
-5.8103e-37
1.77126e-36
-3.97128e-37
8.93335e-36
-1.4741e-36
2.85794e-35
-7.10648e-36
1.01099e-34
-2.99194e-35
1.58518e-34
-1.54543e-35
7.4824e-35
3.76925e-35
2.27543e-35
2.09244e-35
1.68386e-35
2.20077e-36
-7.30896e-35
3.76219e-35
-8.01211e-35
3.09108e-36
-1.8546e-35
3.08996e-36
-2.69378e-36
3.94429e-36
-1.58491e-36
1.25562e-37
5.09628e-36
-3.35515e-36
4.97313e-36
-1.65027e-36
-2.2763e-36
2.3382e-36
-5.54004e-36
4.80688e-36
-2.94582e-36
3.5183e-36
2.13333e-36
1.40177e-36
2.82021e-36
5.58527e-37
6.89588e-37
1.23451e-37
1.46149e-37
1.75848e-38
2.43428e-38
-4.22162e-38
1.00845e-38
-2.23941e-37
4.39433e-38
-9.96008e-37
2.6906e-37
-2.26488e-36
1.23606e-36
-5.72715e-36
4.96997e-36
-6.48626e-36
1.56282e-36
-5.05993e-37
-7.5222e-36
4.44157e-36
-6.25542e-36
5.73095e-36
-8.31787e-37
4.48264e-36
2.58534e-36
2.95899e-36
2.48435e-36
4.25705e-36
-2.07807e-36
5.47448e-36
-2.11499e-36
3.63737e-36
2.31103e-36
1.44003e-36
2.89157e-36
6.34727e-37
8.718e-37
1.81625e-37
-3.94885e-38
2.32189e-37
-6.67539e-38
1.05076e-36
-2.87976e-37
2.53961e-36
-1.3083e-36
6.72863e-36
-5.22346e-36
1.03127e-35
-2.42949e-36
5.55603e-36
6.67016e-36
1.95464e-36
3.77903e-36
9.23775e-37
4.86501e-37
-4.62624e-36
6.61598e-36
-5.4222e-36
6.34218e-37
-3.12813e-36
1.16923e-37
-3.60001e-37
9.28799e-38
-2.04545e-37
1.66184e-38
6.82518e-37
-2.15926e-38
6.6428e-37
1.29367e-38
-3.03062e-37
7.11419e-38
-7.44264e-37
1.53204e-37
-3.98092e-37
1.66656e-37
2.81778e-37
1.24559e-37
3.79478e-37
6.68974e-38
9.8132e-38
1.62948e-38
2.17926e-38
2.4406e-39
3.78925e-39
-5.91387e-39
1.61563e-39
-2.93695e-38
6.813e-39
-1.17847e-37
3.99769e-38
-1.84987e-37
1.74956e-37
-2.20625e-37
6.63773e-37
-1.84129e-37
2.01216e-37
-1.97419e-38
-1.00791e-36
1.1135e-37
-8.46368e-37
2.21384e-37
-1.1912e-37
2.80288e-37
3.45059e-37
2.69677e-37
3.34795e-37
2.57569e-37
-2.72948e-37
2.34437e-37
-2.78633e-37
1.82618e-37
3.08684e-37
1.29996e-37
3.90604e-37
7.72111e-38
1.25639e-37
2.44193e-38
-6.25236e-39
3.01985e-38
-1.0312e-38
1.22112e-37
-4.26666e-38
2.04621e-37
-1.83736e-37
2.90864e-37
-6.93556e-37
4.39289e-37
-3.0298e-37
3.38873e-37
8.94297e-37
1.53345e-37
5.20426e-37
2.40369e-38
9.19746e-38
-1.79002e-37
8.83688e-37
-2.7078e-37
9.48904e-38
-4.0713e-37
-2.79725e-39
-4.43437e-38
-1.19001e-38
-2.57795e-38
1.9464e-39
8.93054e-38
1.9704e-38
8.67063e-38
1.37594e-38
-3.95119e-38
-4.37135e-39
-9.74528e-38
-7.93517e-39
-5.23577e-38
3.12787e-39
3.65164e-38
1.09013e-38
4.97465e-38
7.35585e-39
1.32944e-38
1.91875e-39
3.07219e-39
2.96839e-40
5.52529e-40
-7.24642e-40
2.41512e-40
-3.44264e-39
9.89903e-40
-1.28364e-38
5.61941e-39
-1.47843e-38
2.35889e-38
3.27474e-39
8.66246e-38
1.43256e-38
2.56772e-38
4.13744e-40
-1.3192e-37
-1.23963e-38
-1.11326e-37
-3.22684e-39
-1.62571e-38
1.54146e-38
4.48457e-38
2.42767e-38
4.35283e-38
1.33897e-38
-3.53222e-38
1.1086e-39
-3.6057e-38
4.98584e-39
4.03282e-38
1.15884e-38
5.12802e-38
8.69363e-39
1.679e-38
2.92414e-39
-5.01745e-40
3.46575e-39
-1.39946e-39
1.30814e-38
-5.93003e-39
1.59308e-38
-2.44349e-38
1.22641e-39
-8.9264e-38
1.88994e-39
-3.39202e-38
1.75555e-38
1.18057e-37
1.17387e-38
6.94285e-38
-1.74161e-39
1.37339e-38
2.20969e-39
1.15613e-37
-7.77963e-39
1.3617e-38
-5.20611e-38
-5.15316e-39
5.91424e-39
-3.16672e-39
-1.38581e-39
1.32318e-40
1.05391e-38
3.39053e-39
1.00506e-38
2.20685e-39
-4.56055e-39
-1.16412e-39
-1.13077e-38
-2.26664e-39
-6.09985e-39
-5.20336e-40
4.19326e-39
1.033e-39
5.77845e-39
8.10078e-40
1.5935e-39
2.20456e-40
3.79807e-40
3.48778e-41
7.02639e-41
-8.56212e-41
3.13206e-41
-3.94238e-40
1.25514e-40
-1.4049e-39
6.92979e-40
-1.29567e-39
2.81655e-39
1.91848e-39
1.00171e-38
3.51382e-39
2.90098e-39
1.98439e-40
-1.52944e-38
-2.74752e-39
-1.29746e-38
-1.91138e-39
-1.95701e-39
8.21096e-40
5.18175e-39
2.35062e-39
5.07537e-39
6.2531e-40
-4.03658e-39
-1.2628e-39
-4.13115e-39
-3.04909e-40
4.66965e-39
1.11498e-39
5.97563e-39
9.65821e-40
2.03506e-39
3.38658e-40
-7.16735e-41
3.92016e-40
-1.7833e-40
1.40383e-39
-7.26589e-40
1.30703e-39
-2.88162e-39
-1.6546e-39
-1.01924e-38
-2.35097e-39
-3.40547e-39
8.58379e-40
1.37907e-38
1.00639e-39
8.21154e-39
-4.15788e-40
1.85288e-39
1.46041e-39
1.34011e-38
3.71147e-40
1.69397e-39
-5.93743e-39
-2.01525e-38
5.43236e-39
-3.25996e-39
5.68633e-40
-3.84782e-40
1.28023e-39
3.51878e-40
1.14117e-39
2.51694e-40
-5.10821e-40
-1.4978e-40
-1.27348e-39
-2.93889e-40
-6.89184e-40
-9.15807e-41
4.6882e-40
9.88868e-41
6.51373e-40
8.38729e-41
1.83569e-40
2.34997e-41
4.48519e-41
3.77343e-42
8.48081e-42
-9.30598e-42
3.84095e-42
-4.19253e-41
1.51124e-41
-1.44818e-40
8.16733e-41
-1.18209e-40
3.23431e-40
2.65673e-40
1.12562e-39
4.4553e-40
3.20605e-40
2.75126e-41
-1.72233e-39
-3.42977e-40
-1.46603e-39
-2.65226e-40
-2.26428e-40
4.61164e-41
5.80986e-40
2.28475e-40
5.71026e-40
2.86039e-41
-4.50256e-40
-1.89264e-40
-4.61196e-40
-6.87352e-41
5.25372e-40
1.07964e-40
6.74768e-40
1.01313e-40
2.33988e-40
3.63759e-41
-6.75282e-42
4.08833e-41
-2.08994e-41
1.4207e-40
-8.47026e-41
1.10279e-40
-3.25695e-40
-2.51488e-40
-1.12613e-39
-3.49137e-40
-3.08927e-40
4.44459e-41
1.57019e-39
9.18068e-41
9.39701e-40
-5.00352e-41
2.26944e-40
2.03397e-40
1.50965e-39
9.08106e-41
2.01866e-40
-6.59039e-40
-8.73634e-38
-2.54288e-38
-1.23073e-38
-3.12644e-39
-1.65245e-39
-2.35564e-40
-1.62431e-40
7.75645e-41
2.87594e-42
-5.76189e-41
-1.88843e-41
-1.33508e-40
-3.23239e-41
-7.22521e-41
-1.08268e-41
4.86311e-41
9.62535e-42
6.81049e-41
8.48078e-42
1.95836e-41
2.42192e-42
4.88027e-42
3.93113e-43
9.39951e-43
-9.7298e-43
4.31222e-43
-4.31331e-42
1.67152e-42
-1.46005e-41
8.87167e-42
-1.12247e-41
3.44154e-41
2.9551e-41
1.17337e-40
4.82419e-41
3.28783e-41
3.08088e-42
-1.79877e-40
-3.69614e-41
-1.53628e-40
-2.95041e-41
-2.42187e-41
3.06057e-42
6.05437e-41
2.24283e-41
5.99347e-41
1.44285e-42
-4.65194e-41
-2.14207e-41
-4.77537e-41
-8.435e-42
5.48383e-41
1.05855e-41
7.07297e-41
1.03025e-41
2.51804e-41
3.7614e-42
-8.46268e-43
4.13944e-42
-2.32497e-42
1.40362e-41
-9.12323e-42
9.45359e-42
-3.41351e-41
-2.91039e-41
-1.15487e-40
-3.90055e-41
-2.53478e-41
3.22782e-42
1.65701e-40
8.91774e-42
9.97244e-41
-5.21552e-42
2.58933e-41
2.26065e-41
1.57731e-40
1.12773e-41
2.20456e-41
-6.81045e-41
8.06168e-39
-2.67489e-38
6.49422e-40
-2.70332e-39
2.51389e-41
-2.74985e-40
1.17245e-42
-1.97175e-41
1.64531e-42
-8.76465e-42
-1.75081e-42
-1.38014e-41
-3.16634e-42
-7.34899e-42
-1.09243e-42
4.88459e-42
9.0406e-43
6.88622e-42
8.12273e-43
2.01062e-42
2.35548e-43
5.09073e-43
3.85427e-44
9.94944e-44
-9.56915e-44
4.61263e-44
-4.18918e-43
1.76632e-43
-1.39504e-42
9.24166e-43
-1.04056e-42
3.52593e-42
2.92198e-42
1.18372e-41
4.72038e-42
3.27483e-42
3.0704e-43
-1.81748e-41
-3.61192e-42
-1.55613e-41
-2.92e-42
-2.49279e-42
2.30617e-43
6.10174e-42
2.11989e-42
6.06382e-42
9.22148e-44
-4.66345e-42
-2.12265e-42
-4.79281e-42
-8.60786e-43
5.53822e-42
9.99826e-43
7.16373e-42
9.9542e-43
2.59014e-42
3.67151e-43
-8.39159e-44
3.93901e-43
-2.43031e-43
1.31451e-42
-9.399e-43
7.87937e-43
-3.43705e-42
-2.94972e-42
-1.14319e-41
-3.81845e-42
-1.78193e-42
3.0178e-43
1.69465e-41
8.49646e-43
1.02173e-41
-4.87711e-43
2.77549e-42
2.23637e-42
1.59447e-41
1.15182e-42
2.30986e-42
-6.8155e-42
1.11766e-37
-1.23403e-39
1.37868e-38
2.76511e-39
1.60959e-39
4.46243e-40
1.77221e-40
5.41915e-41
1.88332e-41
5.0532e-42
1.71376e-42
-7.39286e-43
-1.14502e-43
-6.49644e-43
-8.653e-44
4.69442e-43
8.44868e-44
6.59079e-43
7.55063e-44
1.95056e-43
2.21253e-44
5.00278e-44
3.64257e-45
9.90117e-45
-9.06427e-45
4.63044e-45
-3.9286e-44
1.75516e-44
-1.29213e-43
9.07064e-44
-9.48092e-44
3.41395e-43
2.74119e-43
1.12976e-42
4.40692e-43
3.08766e-43
2.89965e-44
-1.737e-42
-3.37065e-43
-1.49082e-42
-2.74021e-43
-2.4215e-43
1.89773e-44
5.82427e-43
1.9534e-43
5.8213e-43
7.15889e-45
-4.41954e-43
-1.98824e-43
-4.55088e-43
-8.16127e-44
5.29174e-43
9.21263e-44
6.86608e-43
9.28405e-44
2.53032e-43
3.45172e-44
-9.30256e-45
3.62413e-44
-2.4289e-44
1.19139e-43
-9.13525e-44
6.31522e-44
-3.27146e-43
-2.8312e-43
-1.0706e-42
-3.52391e-43
-1.00272e-43
3.25495e-44
1.63882e-42
8.00237e-44
9.89918e-43
-4.37864e-44
2.81536e-43
2.09721e-43
1.52468e-42
1.09301e-43
2.27413e-43
-6.4671e-43
-3.40364e-38
3.45537e-39
-4.40225e-39
2.70041e-39
-5.35249e-40
4.08988e-40
-6.10342e-41
4.82936e-41
-6.62296e-42
5.01116e-42
-7.00544e-43
3.80453e-43
-9.43652e-44
-1.79823e-44
-1.57206e-44
4.70302e-44
6.70543e-45
6.12822e-44
6.63167e-45
1.82699e-44
1.97685e-45
4.73118e-45
3.27586e-46
9.45796e-46
-8.1817e-46
4.45452e-46
-3.51655e-45
1.67424e-45
-1.14393e-44
8.56558e-45
-8.29616e-45
3.18809e-44
2.43967e-44
1.04293e-43
3.91042e-44
2.82189e-44
2.59646e-45
-1.60534e-43
-2.99109e-44
-1.38048e-43
-2.44084e-44
-2.26783e-44
1.56088e-45
5.37537e-44
1.72508e-44
5.39292e-44
6.16771e-46
-4.05754e-44
-1.76437e-44
-4.18365e-44
-7.30308e-45
4.88957e-44
8.13457e-45
6.3592e-44
8.29051e-45
2.3745e-44
3.09762e-45
-9.00882e-46
3.17331e-45
-2.30936e-45
1.03168e-44
-8.52848e-45
4.79089e-45
-2.99854e-44
-2.57219e-44
-9.67933e-44
-3.08159e-44
-2.38289e-45
3.38658e-45
1.53402e-43
7.22832e-45
9.26329e-44
-3.71943e-45
2.7207e-44
1.86812e-44
1.40982e-43
9.77023e-45
2.1544e-44
-5.93782e-44
-2.4984e-37
-2.85052e-39
-3.1262e-38
-2.8421e-39
-3.70451e-39
-4.36199e-40
-4.12858e-40
-5.17605e-41
-4.40357e-41
-5.4681e-42
-4.47444e-42
-5.52654e-43
-4.39351e-43
-5.69121e-44
-4.1782e-44
-8.83655e-46
-3.0877e-45
4.97937e-45
2.50032e-46
1.59502e-45
1.44219e-46
4.2346e-46
2.62837e-47
8.57938e-47
-7.14919e-47
4.07531e-47
-3.04429e-46
1.52144e-46
-9.81307e-46
7.71539e-46
-7.05472e-46
2.84494e-45
2.09847e-45
9.20805e-45
3.35648e-45
2.46796e-45
2.24482e-46
-1.4188e-44
-2.56763e-45
-1.2223e-44
-2.10058e-45
-2.02788e-45
1.27649e-46
4.74804e-45
1.47726e-45
4.78621e-45
5.33506e-47
-3.56152e-45
-1.51333e-45
-3.6787e-45
-6.29797e-46
4.32115e-45
6.96615e-46
5.63353e-45
7.15686e-46
2.13485e-45
2.68435e-46
-8.99183e-47
2.68808e-46
-2.11077e-46
8.6437e-46
-7.59947e-46
3.41424e-46
-2.62613e-45
-2.25946e-45
-8.36672e-45
-2.60023e-45
3.79276e-46
3.4283e-46
1.37293e-44
6.35559e-46
8.28711e-45
-3.06585e-46
2.51254e-45
1.6077e-45
1.24667e-44
8.42334e-46
1.94412e-45
-5.22184e-45
-2.80893e-38
-1.59254e-40
-3.63172e-39
-3.08775e-39
-4.40532e-40
-4.92351e-40
-5.01349e-41
-5.90899e-41
-5.4362e-42
-6.26574e-42
-5.60556e-43
-6.23905e-43
-5.56286e-44
-5.93679e-44
-5.32297e-45
-5.03482e-45
-4.29322e-46
-8.18711e-48
5.12138e-48
1.00897e-46
1.06882e-47
3.38198e-47
2.08712e-48
7.28048e-48
-5.9956e-48
3.57272e-48
-2.53445e-47
1.33259e-47
-8.10226e-47
6.70849e-47
-5.77941e-47
2.45448e-46
1.7357e-46
7.8737e-46
2.77124e-46
2.09333e-46
1.86531e-47
-1.21425e-45
-2.12041e-46
-1.0477e-45
-1.73891e-46
-1.75268e-46
1.00825e-47
4.06105e-46
1.21837e-46
4.10825e-46
4.55617e-48
-3.03068e-46
-1.2482e-46
-3.13477e-46
-5.2227e-47
3.69795e-46
5.74472e-47
4.83061e-46
5.95216e-47
1.85138e-46
2.2371e-47
-8.23991e-48
2.18517e-47
-1.85022e-47
6.96543e-47
-6.52937e-47
2.25849e-47
-2.22092e-46
-1.90684e-46
-6.99345e-46
-2.10977e-46
8.49499e-47
3.26326e-47
1.19052e-45
5.37598e-47
7.17366e-46
-2.42299e-47
2.22803e-46
1.3315e-46
1.06746e-45
6.97676e-47
1.69357e-46
-4.44886e-46
1.1952e-37
1.63967e-38
1.48954e-38
1.22454e-39
1.75904e-39
9.97468e-41
1.95461e-40
8.94528e-42
2.07958e-41
8.33928e-43
2.1077e-42
7.81202e-44
2.05539e-43
7.11924e-45
1.92354e-44
6.6472e-46
1.74358e-45
9.30837e-47
1.5555e-46
1.63055e-47
1.39799e-47
3.47658e-48
1.24327e-48
6.64544e-49
-4.00758e-49
3.06134e-49
-2.03865e-48
1.12147e-48
-6.49194e-48
5.60728e-48
-4.6002e-48
2.03803e-47
1.39272e-47
6.48412e-47
2.22027e-47
1.71086e-47
1.50267e-48
-1.00072e-46
-1.69917e-47
-8.64714e-47
-1.39621e-47
-1.45712e-47
7.78516e-49
3.34663e-47
9.75336e-48
3.39935e-47
3.75954e-49
-2.48332e-47
-9.9909e-48
-2.57289e-47
-4.19859e-48
3.0478e-47
4.59862e-48
3.98924e-47
4.7974e-48
1.54742e-47
1.80547e-48
-7.51796e-49
1.72158e-48
-1.56579e-48
5.43996e-48
-5.39427e-48
1.35162e-48
-1.80713e-47
-1.56158e-47
-5.62628e-47
-1.65916e-47
1.12651e-47
2.98788e-48
9.94051e-47
4.42102e-48
5.97853e-47
-1.86086e-48
1.90068e-47
1.06959e-47
8.80212e-47
5.60469e-48
1.41716e-47
-3.65393e-47
2.89999e-38
1.92061e-38
3.72296e-39
2.17387e-39
4.48983e-40
2.37433e-40
5.08478e-41
2.51644e-41
5.49115e-42
2.55396e-42
5.64128e-43
2.49981e-43
5.56378e-44
2.34885e-44
5.26126e-45
2.13457e-45
4.80229e-46
1.89757e-46
4.25002e-47
1.67797e-47
3.6829e-48
1.55223e-48
3.11233e-49
1.55527e-49
-1.4247e-50
3.28876e-50
-1.57708e-49
9.18681e-50
-5.03112e-49
4.53857e-49
-3.54353e-49
1.64028e-48
1.0808e-48
5.18164e-48
1.7206e-48
1.35814e-48
1.17029e-49
-8.00237e-48
-1.31711e-48
-6.92351e-48
-1.08442e-48
-1.17397e-48
5.80946e-50
2.67596e-48
7.5551e-49
2.72714e-48
3.01921e-50
-1.97586e-48
-7.73525e-49
-2.05006e-48
-3.26539e-49
2.43731e-48
3.56172e-49
3.19562e-48
3.74227e-49
1.25188e-48
1.40858e-49
-6.46112e-50
1.30902e-49
-1.27802e-49
4.10611e-49
-4.31155e-49
6.95815e-50
-1.42378e-48
-1.23612e-48
-4.38621e-48
-1.26176e-48
1.25106e-48
2.60438e-49
8.05602e-48
3.51482e-49
4.83198e-48
-1.3787e-49
1.56518e-48
8.31368e-49
7.04209e-48
4.35326e-49
1.14825e-48
-2.91288e-48
6.49222e-40
1.61588e-38
9.32472e-41
1.79821e-39
1.23157e-41
1.94089e-40
1.49672e-42
2.04058e-41
1.7119e-43
2.05823e-42
1.84266e-44
2.00492e-43
1.889e-45
1.87617e-44
1.84503e-46
1.69721e-45
1.73222e-47
1.48349e-46
1.57957e-48
1.26014e-47
1.42082e-49
1.04614e-48
1.24905e-50
8.57853e-50
-1.9651e-51
8.28155e-51
-1.20213e-50
7.65009e-51
-3.79265e-50
3.55308e-50
-2.6562e-50
1.27689e-49
8.15445e-50
4.00718e-49
1.29657e-49
1.04378e-49
8.85737e-51
-6.19221e-49
-9.92752e-50
-5.36376e-49
-8.18781e-50
-9.14503e-50
4.23166e-51
2.07121e-49
5.69105e-50
2.11842e-49
2.34507e-51
-1.52127e-49
-5.82414e-50
-1.58092e-49
-2.46828e-50
1.88619e-49
2.6827e-50
2.47722e-49
2.836e-50
9.80357e-50
1.06702e-50
-5.45231e-51
9.66552e-51
-1.01059e-50
3.00964e-50
-3.33062e-50
2.54954e-51
-1.08447e-49
-9.5141e-50
-3.30639e-49
-9.32188e-50
1.23768e-49
2.19047e-50
6.31737e-49
2.71956e-50
3.77825e-49
-9.93542e-51
1.24594e-49
6.28199e-50
5.45189e-49
3.28716e-50
8.98758e-50
-2.24871e-49
-2.30854e-38
-6.15706e-39
-2.90908e-39
-1.43564e-39
-3.44985e-40
-1.97192e-40
-3.85436e-41
-2.28908e-41
-4.11373e-42
-2.41868e-42
-4.18524e-43
-2.41574e-43
-4.09336e-44
-2.29889e-44
-3.84368e-45
-2.10576e-45
-3.48442e-46
-1.85751e-46
-3.04816e-47
-1.58529e-47
-2.58277e-48
-1.30872e-48
-2.12005e-49
-1.04769e-49
-1.71275e-50
-8.03382e-51
-2.20053e-51
-7.31008e-53
-2.87483e-51
2.64984e-51
-1.94109e-51
9.6543e-51
5.97225e-51
3.01329e-50
9.48595e-51
7.8055e-51
6.50598e-52
-4.6588e-50
-7.26515e-51
-4.03978e-50
-6.00233e-51
-6.92065e-51
2.99026e-52
1.55877e-50
4.16305e-51
1.59923e-50
1.77279e-52
-1.13942e-50
-4.25769e-51
-1.18582e-50
-1.81164e-51
1.41926e-50
1.96213e-51
1.86679e-50
2.08721e-51
7.45278e-51
7.84329e-52
-4.39575e-52
6.91558e-52
-7.73969e-52
2.13947e-51
-2.49638e-51
-1.01421e-53
-8.01804e-51
-7.10603e-51
-2.42026e-50
-6.68386e-51
1.13812e-50
1.77001e-51
4.81767e-50
2.04206e-51
2.87146e-50
-6.93435e-52
9.61139e-51
4.60964e-51
4.10373e-50
2.40921e-51
6.83012e-51
-1.68836e-50
-9.01003e-38
-4.23075e-38
-1.0998e-38
-7.52049e-39
-1.27757e-39
-9.57199e-40
-1.39852e-40
-1.07391e-40
-1.46949e-41
-1.11194e-41
-1.47258e-42
-1.09569e-42
-1.42222e-43
-1.03143e-43
-1.31949e-44
-9.36456e-45
-1.18365e-45
-8.19622e-46
-1.02518e-46
-6.94875e-47
-8.60978e-48
-5.70483e-48
-7.00825e-49
-4.54943e-49
-5.54678e-50
-3.52388e-50
-4.32909e-51
-2.61858e-51
-5.17518e-52
3.24307e-54
-1.60567e-52
6.95095e-52
4.24497e-52
2.19964e-51
6.76023e-52
5.67007e-52
4.65301e-53
-3.40387e-51
-5.17978e-52
-2.95455e-51
-4.28606e-52
-5.08291e-52
2.06393e-53
1.1395e-51
2.96699e-52
1.17286e-51
1.30079e-53
-8.28812e-52
-3.03263e-52
-8.63902e-52
-1.29503e-52
1.03712e-51
1.39822e-52
1.36617e-51
1.49562e-52
5.50248e-52
5.61089e-53
-3.4622e-53
4.81398e-53
-5.75892e-53
1.4796e-52
-1.81515e-52
-1.49328e-53
-5.75141e-52
-5.1701e-52
-1.7188e-51
-4.66486e-52
9.82766e-52
1.38495e-52
3.56777e-51
1.49444e-52
2.11891e-51
-4.71225e-53
7.19344e-52
3.29481e-52
2.99976e-51
1.71996e-52
5.03459e-52
-1.23169e-51
2.17929e-37
-4.15033e-38
2.75269e-38
-3.15221e-39
3.28395e-39
-2.62051e-40
3.68242e-40
-2.3911e-41
3.94682e-41
-2.25799e-42
4.02678e-42
-2.13648e-43
3.9491e-43
-1.97057e-44
3.71521e-44
-1.76741e-45
3.37354e-45
-1.53267e-46
2.95459e-46
-1.28953e-47
2.50604e-47
-1.05142e-48
2.05853e-48
-8.33313e-50
1.6422e-49
-6.41842e-51
1.27234e-50
-4.78749e-52
9.46579e-52
-2.09711e-53
6.10871e-53
4.81844e-53
3.4662e-53
1.56399e-52
4.72769e-53
4.01457e-53
3.26434e-54
-2.42283e-52
-3.59554e-53
-2.10491e-52
-2.97985e-53
-3.63466e-53
1.38637e-54
8.11548e-53
2.05913e-53
8.3772e-53
9.303e-55
-5.87544e-53
-2.10318e-53
-6.13312e-53
-9.01386e-54
7.3832e-53
9.70216e-54
9.73886e-53
1.04359e-53
3.9535e-53
3.90626e-54
-2.62739e-54
3.25685e-54
-4.16364e-54
9.95013e-54
-1.28373e-53
-2.02421e-54
-4.0133e-53
-3.66098e-53
-1.18756e-52
-3.16823e-53
8.08879e-53
1.04739e-53
2.57428e-52
1.06445e-53
1.52285e-52
-3.10991e-54
5.23303e-53
2.29324e-53
2.13616e-52
1.19527e-53
3.6116e-53
-8.7556e-53
4.26363e-37
-1.9931e-38
5.3295e-38
7.62691e-39
6.30977e-39
1.32898e-39
7.02666e-40
1.62707e-40
7.4898e-41
1.73405e-41
7.60344e-42
1.72565e-42
7.42561e-43
1.62975e-43
6.95922e-44
1.48122e-44
6.29838e-45
1.29681e-45
5.49954e-46
1.09952e-46
4.65214e-47
9.02695e-48
3.81196e-48
7.19877e-49
3.03426e-49
5.57727e-50
2.3468e-50
4.20721e-51
1.76641e-51
3.10081e-52
1.29009e-52
2.56816e-53
1.12854e-53
1.23984e-53
3.82622e-54
2.87609e-54
2.64346e-55
-1.67862e-53
-2.43304e-54
-1.46018e-53
-2.02142e-54
-2.5297e-54
9.10609e-56
5.62924e-54
1.39474e-54
5.82792e-54
6.47661e-56
-4.05618e-54
-1.42357e-54
-4.24051e-54
-6.12163e-55
5.11844e-54
6.5706e-55
6.76046e-54
7.10347e-55
2.76597e-54
2.652e-55
-1.94538e-55
2.14728e-55
-2.93158e-55
6.52017e-55
-8.83279e-55
-2.04798e-55
-2.72429e-54
-2.52959e-54
-7.98067e-54
-2.09816e-54
6.3672e-54
7.69299e-55
1.80871e-53
7.40037e-55
1.06563e-53
-2.00029e-55
3.70402e-54
1.55754e-54
1.48131e-53
8.10526e-55
2.52067e-54
-6.06323e-54
-1.38458e-37
-4.64666e-38
-1.72279e-38
1.72065e-39
-2.0316e-39
5.3926e-40
-2.25472e-40
7.26774e-41
-2.39633e-41
7.96718e-42
-2.4265e-42
8.00298e-43
-2.36455e-43
7.58144e-44
-2.21174e-44
6.89741e-45
-1.99833e-45
6.04051e-46
-1.74225e-46
5.12195e-47
-1.47184e-47
4.20508e-48
-1.20459e-48
3.35336e-49
-9.57825e-50
2.59792e-50
-7.40122e-51
1.95956e-51
-5.56957e-52
1.44026e-52
-4.08638e-53
1.05568e-53
-2.78679e-54
1.45531e-54
6.21159e-57
2.359e-55
6.77937e-58
-1.13267e-54
-1.61971e-55
-9.88324e-55
-1.33894e-55
-1.7174e-55
5.82969e-57
3.81084e-55
9.21969e-56
3.95603e-55
4.40146e-57
-2.73359e-55
-9.40298e-56
-2.86197e-55
-4.05696e-56
3.46298e-55
4.34257e-56
4.57957e-55
4.71844e-56
1.88714e-55
1.75623e-56
-1.39543e-56
1.37906e-56
-2.01075e-56
4.16302e-56
-5.92363e-56
-1.80286e-56
-1.80236e-55
-1.70503e-55
-5.22642e-55
-1.35501e-55
4.82855e-55
5.48423e-56
1.24031e-54
5.01886e-56
7.27593e-55
-1.25192e-56
2.55454e-55
1.03237e-55
1.00247e-54
5.36243e-56
1.7156e-55
-4.09849e-55
-4.16276e-37
-1.00422e-37
-5.18782e-38
-1.28161e-38
-6.12668e-39
-1.46563e-39
-6.80805e-40
-1.57886e-40
-7.2436e-41
-1.60857e-41
-7.34184e-42
-1.57419e-42
-7.16037e-43
-1.47671e-43
-6.70259e-44
-1.33787e-44
-6.05979e-45
-1.16904e-45
-5.28628e-46
-9.89776e-47
-4.46807e-47
-8.11615e-48
-3.65845e-48
-6.46557e-49
-2.91016e-49
-5.00437e-50
-2.24952e-50
-3.77155e-51
-1.69317e-51
-2.76865e-52
-1.24151e-52
-1.98134e-53
-8.87262e-54
-1.33776e-54
-6.06614e-55
-8.24317e-56
-4.13799e-56
-8.13174e-56
-1.32309e-56
-6.57214e-56
-8.84389e-57
-1.14025e-56
3.54019e-58
2.51784e-56
5.95668e-57
2.62106e-56
2.91801e-58
-1.79802e-56
-6.07114e-57
-1.88528e-56
-2.62764e-57
2.28658e-56
2.80546e-57
3.0275e-56
3.06261e-57
1.25639e-56
1.13614e-57
-9.76905e-58
8.64376e-58
-1.3458e-57
2.59356e-57
-3.87371e-57
-1.45807e-57
-1.16246e-56
-1.12316e-56
-3.33562e-56
-8.54585e-57
3.53375e-56
3.8066e-57
8.30036e-56
3.32696e-57
4.84767e-56
-7.6423e-58
1.71813e-56
6.68796e-57
6.62078e-56
3.46736e-57
1.13878e-56
-2.70448e-56
1.4582e-37
-6.91434e-38
1.81342e-38
-6.21559e-39
2.13756e-39
-5.93796e-40
2.37155e-40
-5.89895e-41
2.51984e-41
-5.81966e-42
2.55107e-42
-5.62708e-43
2.48554e-43
-5.25553e-44
2.32463e-44
-4.75333e-45
2.10012e-45
-4.15023e-46
1.83085e-46
-3.51212e-47
1.54659e-47
-2.87884e-48
1.2657e-48
-2.29259e-49
1.00638e-49
-1.77391e-50
7.77611e-51
-1.3365e-51
5.85089e-52
-9.80833e-53
4.28873e-53
-7.02167e-54
3.06776e-54
-4.87668e-55
2.14993e-55
-3.27314e-56
1.46704e-56
-7.07754e-57
3.17388e-58
-4.36345e-57
-4.84075e-58
-7.45624e-58
2.64938e-59
1.62577e-57
3.76608e-58
1.6972e-57
1.89331e-59
-1.15625e-57
-3.83217e-58
-1.21412e-57
-1.66376e-58
1.4758e-57
1.77195e-58
1.95623e-57
1.94332e-58
8.17172e-58
7.18285e-59
-6.65061e-59
5.28676e-59
-8.79301e-59
1.5768e-58
-2.47347e-58
-1.1072e-58
-7.31883e-58
-7.23089e-58
-2.07745e-57
-5.26489e-58
2.50632e-57
2.57237e-58
5.42978e-57
2.15535e-58
3.15657e-57
-4.54545e-59
1.1282e-57
4.23578e-58
4.27413e-57
2.19146e-58
7.38434e-58
-1.74469e-57
4.05131e-37
-2.14576e-38
5.03882e-38
7.31725e-39
5.94227e-39
1.28582e-39
6.59416e-40
1.576e-40
7.00842e-41
1.67913e-41
7.09619e-42
1.67016e-42
6.91479e-43
1.57645e-43
6.46742e-44
1.43211e-44
5.84297e-45
1.2533e-45
5.0937e-46
1.06228e-46
4.30268e-47
8.71889e-48
3.521e-48
6.95167e-49
2.79935e-49
5.38495e-50
2.16278e-50
4.06148e-51
1.62713e-51
2.98371e-52
1.19254e-52
2.13843e-53
8.52755e-54
1.49609e-54
5.95301e-55
1.0231e-55
4.06112e-56
6.52966e-57
2.66816e-57
1.80869e-58
1.42946e-58
-1.79368e-59
1.26536e-59
1.04505e-58
2.39812e-59
1.07567e-58
1.24214e-60
-7.26924e-59
-2.36751e-59
-7.64507e-59
-1.03101e-59
9.31252e-59
1.0955e-59
1.23579e-58
1.2067e-59
5.1956e-59
4.44285e-60
-4.42298e-60
3.15958e-60
-5.61561e-60
9.36433e-60
-1.5429e-59
-8.0081e-60
-4.49981e-59
-4.55587e-59
-1.26286e-58
-3.17177e-59
1.72476e-58
1.69607e-59
3.47256e-58
1.36659e-59
2.00931e-58
-2.63818e-60
7.23842e-59
2.62574e-59
2.69761e-58
1.35557e-59
4.67897e-59
-1.10063e-58
-2.81339e-37
-2.52203e-38
-3.50907e-38
1.55446e-39
-4.14894e-39
3.95064e-40
-4.61432e-40
5.20926e-41
-4.91388e-41
5.70192e-42
-4.98404e-42
5.74955e-43
-4.86414e-43
5.47722e-44
-4.55573e-44
5.01371e-45
-4.12098e-45
4.4185e-46
-3.5966e-46
3.77031e-47
-3.0412e-47
3.1149e-48
-2.49105e-48
2.49959e-49
-1.98222e-49
1.94858e-50
-1.5327e-50
1.47892e-51
-1.15396e-51
1.09323e-52
-8.4634e-53
7.88349e-54
-6.05592e-54
5.54857e-55
-4.2298e-55
3.81627e-56
-2.88721e-56
2.54704e-57
-1.9295e-57
1.52398e-58
-1.27935e-58
7.99619e-60
-7.9727e-60
7.03606e-60
9.04411e-61
6.70126e-60
4.33214e-62
-4.47237e-60
-1.43427e-60
-4.71257e-60
-6.25658e-61
5.752e-60
6.63153e-61
7.64114e-60
7.33608e-61
3.23213e-60
2.68979e-61
-2.86839e-61
1.84516e-61
-3.50711e-61
5.43345e-61
-9.4118e-61
-5.55602e-61
-2.70437e-60
-2.80976e-60
-7.49984e-60
-1.86914e-60
1.15473e-59
1.09135e-60
2.17387e-59
8.48113e-61
1.25181e-59
-1.49294e-61
4.54173e-60
1.59368e-60
1.66654e-59
8.20885e-61
2.90066e-60
-6.79723e-60
-3.37382e-37
-4.51747e-38
-4.23128e-38
-7.31413e-39
-5.02279e-39
-9.00865e-40
-5.60767e-40
-9.91628e-41
-5.99069e-41
-1.01243e-41
-6.09471e-42
-9.84907e-43
-5.96406e-43
-9.1584e-44
-5.60029e-44
-8.21182e-45
-5.07783e-45
-7.09757e-46
-4.44175e-46
-5.94004e-47
-3.76386e-47
-4.81315e-48
-3.08934e-48
-3.78701e-49
-2.46314e-49
-2.89403e-50
-1.90821e-50
-2.15248e-51
-1.43933e-51
-1.55884e-52
-1.05754e-52
-1.10089e-53
-7.58042e-54
-7.58578e-55
-5.30374e-55
-5.10585e-56
-3.62637e-56
-3.35996e-57
-2.42452e-57
-2.1714e-58
-1.58746e-58
-1.37882e-59
-1.01581e-59
-4.55484e-61
-5.54421e-61
3.53264e-61
-3.47598e-62
-2.72735e-61
-8.72971e-62
-2.84649e-61
-3.73329e-62
3.47862e-61
3.93352e-62
4.62606e-61
4.37005e-62
1.96846e-61
1.59533e-62
-1.81931e-62
1.05395e-62
-2.14407e-62
3.08226e-62
-5.61728e-62
-3.72032e-62
-1.58938e-61
-1.69797e-61
-4.35236e-61
-1.07834e-61
7.52818e-61
6.86388e-62
1.33246e-60
5.15741e-62
7.63546e-61
-8.24476e-63
2.78877e-61
9.47915e-62
1.00809e-60
4.8712e-62
1.75999e-61
-4.11096e-61
7.73354e-38
-2.59002e-38
9.21279e-39
-3.27742e-39
1.04271e-39
-3.62129e-40
1.11027e-40
-3.64532e-41
1.13231e-41
-3.42901e-42
1.09958e-42
-3.0324e-43
1.0268e-43
-2.53872e-44
9.19452e-45
-2.00464e-45
7.94192e-46
-1.49265e-46
6.60985e-47
-1.03575e-47
5.32045e-48
-6.61069e-49
4.1406e-49
-3.72417e-50
3.12309e-50
-1.67785e-51
2.2831e-51
-3.36642e-53
1.62017e-52
4.41183e-54
1.11617e-53
8.179e-55
7.47191e-55
9.26512e-56
4.86015e-56
8.79126e-57
3.0728e-57
7.53434e-58
1.88759e-58
6.02235e-59
1.12569e-59
4.56204e-60
6.52477e-61
3.54969e-61
4.14611e-62
4.72728e-62
2.25381e-63
-1.43603e-62
-4.83256e-63
-1.67272e-62
-2.16261e-63
2.06256e-62
2.2886e-63
2.74475e-62
2.55201e-63
1.17455e-62
9.2737e-64
-1.12764e-63
5.88882e-64
-1.28369e-63
1.70971e-63
-3.28286e-63
-2.41224e-63
-9.14121e-63
-1.00574e-62
-2.46976e-62
-6.09246e-63
4.78809e-62
4.22102e-63
8.00418e-62
3.07375e-63
4.56391e-62
-4.43958e-64
1.67705e-62
5.52745e-63
5.97621e-62
2.83354e-63
1.04619e-62
-2.43697e-62
3.13442e-38
-1.3598e-39
3.41342e-39
9.3431e-40
3.27839e-40
1.69437e-40
2.82138e-41
2.2683e-41
2.02293e-42
2.63931e-42
1.06476e-43
2.88164e-43
1.33832e-46
2.96427e-44
-9.49546e-46
2.92817e-45
-1.76562e-46
2.76825e-46
-2.33773e-47
2.52643e-47
-2.67058e-48
2.22163e-48
-2.7613e-49
1.89204e-49
-2.66437e-50
1.55955e-50
-2.42529e-51
1.24835e-51
-2.10608e-52
9.70404e-53
-1.75244e-53
7.3426e-54
-1.40504e-54
5.40972e-55
-1.08814e-55
3.88738e-56
-8.16701e-57
2.72584e-57
-5.95027e-58
1.86744e-58
-4.21747e-59
1.25062e-59
-2.91156e-60
8.2092e-61
-1.95808e-61
5.39829e-62
-1.28793e-62
2.38229e-63
-1.1105e-63
-7.72662e-64
-1.76098e-64
1.21048e-63
1.27375e-64
1.59725e-63
1.45998e-64
6.87044e-64
5.28616e-65
-6.84341e-65
3.22065e-65
-7.533e-65
9.27723e-65
-1.87958e-64
-1.51955e-64
-5.14703e-64
-5.84358e-64
-1.37065e-63
-3.37303e-64
2.97326e-63
2.54103e-64
4.7138e-63
1.79692e-64
2.67428e-63
-2.33156e-65
9.88284e-64
3.16213e-64
3.47338e-63
1.61695e-64
6.09487e-64
-1.4165e-63
3.9401e-38
-3.25456e-38
2.95575e-39
7.8341e-41
5.78599e-41
1.86678e-40
-2.39054e-41
2.59403e-41
-6.13033e-42
2.71211e-42
-9.73347e-43
2.501e-43
-1.31361e-43
2.13789e-44
-1.56619e-44
1.71491e-45
-1.73205e-45
1.29895e-46
-1.78589e-46
9.22985e-48
-1.74813e-47
6.10959e-49
-1.62729e-48
3.67354e-50
-1.45347e-49
1.91292e-51
-1.24715e-50
7.26157e-53
-1.03328e-51
3.24202e-56
-8.27502e-53
-3.83534e-55
-6.42653e-54
-5.40437e-56
-4.84458e-55
-5.5797e-57
-3.55279e-56
-5.00059e-58
-2.53685e-57
-4.1126e-59
-1.76654e-58
-3.1781e-60
-1.20058e-59
-2.33918e-61
-7.97295e-61
-1.64627e-62
-5.17753e-62
-1.18192e-63
-3.30662e-63
-1.30314e-64
-2.11805e-64
6.3503e-65
-5.18397e-66
9.0808e-65
7.47112e-66
3.9396e-65
2.914e-66
-4.06687e-66
1.72183e-66
-4.33472e-66
4.92464e-66
-1.05496e-65
-9.31746e-66
-2.83882e-65
-3.33163e-65
-7.44251e-65
-1.83056e-65
1.80503e-64
1.49804e-65
2.72358e-64
1.03071e-65
1.53732e-64
-1.19288e-66
5.71079e-65
1.77542e-65
1.98061e-64
9.05512e-66
3.48265e-65
-8.07879e-65
-3.121e-38
-3.78255e-38
-4.54979e-39
-6.47945e-40
-6.25512e-40
9.69351e-41
-7.91344e-41
1.54568e-41
-9.51351e-42
1.55996e-42
-1.07404e-42
1.28657e-43
-1.1591e-43
9.16904e-45
-1.18931e-44
5.32076e-46
-1.17237e-45
1.98063e-47
-1.10777e-46
-6.75348e-49
-1.00981e-47
-2.49569e-49
-8.87426e-49
-3.57423e-50
-7.54993e-50
-4.00359e-51
-6.21866e-51
-3.96791e-52
-4.97314e-52
-3.61702e-53
-3.86298e-53
-3.10309e-54
-2.92049e-54
-2.53111e-55
-2.15016e-55
-1.97993e-56
-1.54393e-56
-1.49175e-57
-1.08189e-57
-1.08728e-58
-7.4071e-59
-7.68481e-60
-4.95764e-60
-5.28079e-61
-3.2469e-61
-3.53329e-62
-2.08196e-62
-2.30955e-63
-1.30889e-63
-1.50142e-64
-8.09441e-65
-5.34232e-66
-4.4648e-66
4.54396e-66
1.65143e-67
2.18569e-66
1.45662e-67
-2.38732e-67
8.94557e-68
-2.44857e-67
2.5575e-67
-5.80737e-67
-5.57259e-67
-1.53422e-66
-1.8651e-66
-3.95441e-66
-9.74287e-67
1.07203e-65
8.65673e-67
1.54447e-65
5.80472e-67
8.67305e-66
-5.94236e-68
3.23757e-66
9.78916e-67
1.10847e-65
4.97959e-67
1.95261e-66
-4.52276e-66
-1.73022e-37
-2.97401e-38
-2.18398e-38
-2.67296e-39
-2.61317e-39
-2.59979e-40
-2.9397e-40
-2.67108e-41
-3.16659e-41
-2.73562e-42
-3.24764e-42
-2.75295e-43
-3.20488e-43
-2.67279e-44
-3.03443e-44
-2.5132e-45
-2.77477e-45
-2.27845e-46
-2.44766e-46
-2.00143e-47
-2.09183e-47
-1.70116e-48
-1.73154e-48
-1.40412e-49
-1.39237e-49
-1.12506e-50
-1.08786e-50
-8.7728e-52
-8.2756e-52
-6.65814e-53
-6.13218e-53
-4.92718e-54
-4.43297e-54
-3.55652e-55
-3.12791e-55
-2.50737e-56
-2.15681e-56
-1.7273e-57
-1.45411e-57
-1.16394e-58
-9.59442e-59
-7.67552e-60
-6.19867e-60
-4.9575e-61
-3.92437e-61
-3.13759e-62
-2.43582e-62
-1.94738e-63
-1.48324e-63
-1.18721e-64
-8.86606e-65
-6.87456e-66
-5.18025e-66
-1.35064e-67
-2.75311e-67
9.87038e-68
-8.23068e-69
-1.48752e-68
3.69634e-69
-1.36407e-68
1.2948e-68
-3.13738e-68
-3.25524e-68
-8.12829e-68
-1.02555e-67
-2.05636e-67
-5.08695e-68
6.23512e-67
4.90544e-68
8.60107e-67
3.2107e-68
4.80501e-67
-2.87682e-69
1.80172e-67
5.30245e-68
6.09242e-67
2.68997e-68
1.07487e-67
-2.48679e-67
-4.1973e-38
-2.32621e-38
-5.44436e-39
-2.66274e-39
-6.635e-40
-2.93921e-40
-7.58591e-41
-3.14983e-41
-8.26935e-42
-3.23009e-42
-8.57015e-43
-3.19511e-43
-8.52568e-44
-3.03302e-44
-8.12912e-45
-2.78141e-45
-7.47477e-46
-2.45968e-46
-6.62519e-47
-2.10727e-47
-5.68362e-48
-1.74809e-48
-4.71996e-49
-1.40859e-49
-3.80517e-50
-1.10257e-50
-2.97934e-51
-8.40236e-52
-2.27021e-52
-6.23611e-53
-1.68444e-53
-4.51496e-54
-1.21886e-54
-3.19023e-55
-8.6063e-56
-2.2027e-56
-5.93691e-57
-1.48688e-57
-4.0035e-58
-9.82206e-59
-2.64158e-59
-6.35266e-60
-1.70636e-60
-4.02602e-61
-1.07994e-61
-2.50133e-62
-6.69993e-63
-1.5245e-63
-4.07722e-64
-9.11959e-65
-2.435e-65
-5.34452e-66
-1.42662e-66
-2.93861e-67
-8.09297e-68
-1.08629e-68
-4.19093e-69
-1.73427e-69
-2.55187e-71
-7.92045e-70
6.32134e-70
-1.66637e-69
-1.86017e-69
-4.22278e-69
-5.54196e-69
-1.04653e-68
-2.60646e-69
3.55344e-68
2.72778e-69
4.70557e-68
1.74514e-69
2.61512e-68
-1.35094e-70
9.84703e-69
2.82299e-69
3.28969e-68
1.42819e-69
5.8116e-69
-1.34342e-68
-9.31591e-39
-6.55436e-39
-1.2463e-39
-7.89835e-40
-1.55848e-40
-9.0077e-41
-1.816e-41
-9.84699e-42
-2.0101e-42
-1.024e-42
-2.10766e-43
-1.02274e-43
-2.11631e-44
-9.78285e-45
-2.03248e-45
-9.02206e-46
-1.87952e-46
-8.01492e-47
-1.67321e-47
-6.88971e-48
-1.44023e-48
-5.73043e-49
-1.19902e-49
-4.62592e-50
-9.68342e-51
-3.62559e-51
-7.59068e-52
-2.7649e-52
-5.7877e-53
-2.05269e-53
-4.29522e-54
-1.48598e-54
-3.10746e-55
-1.04953e-55
-2.19306e-56
-7.24115e-57
-1.51164e-57
-4.88314e-58
-1.0183e-58
-3.22176e-59
-6.71038e-60
-2.0808e-60
-4.32833e-61
-1.3166e-61
-2.73487e-62
-8.16552e-63
-1.69367e-63
-4.96718e-64
-1.02868e-64
-2.96511e-65
-6.1307e-66
-1.73719e-66
-3.58651e-67
-9.92383e-68
-2.05466e-68
-5.30451e-69
-1.14004e-69
-3.5644e-70
-5.31286e-71
-5.67214e-71
2.78954e-71
-8.7563e-71
-1.04168e-70
-2.15218e-70
-2.9442e-70
-5.21222e-70
-1.31092e-70
1.98595e-69
1.48911e-70
2.53036e-69
9.32409e-71
1.39889e-69
-6.13086e-72
5.28785e-70
1.47774e-70
1.74597e-69
7.4551e-71
3.08791e-70
-7.13402e-70
-1.58314e-40
-5.45162e-39
-2.3593e-41
-6.45972e-40
-3.23758e-42
-7.27364e-41
-4.06333e-43
-7.86565e-42
-4.7959e-44
-8.10595e-43
-5.30871e-45
-8.02976e-44
-5.59139e-46
-7.62434e-45
-5.5994e-47
-6.98301e-46
-5.37639e-48
-6.16384e-47
-4.95062e-49
-5.26627e-48
-4.3946e-50
-4.35496e-49
-3.7631e-51
-3.49612e-50
-3.11922e-52
-2.7256e-51
-2.50474e-53
-2.06792e-52
-1.95321e-54
-1.52764e-53
-1.48033e-55
-1.10056e-54
-1.09236e-56
-7.73673e-56
-7.85426e-58
-5.31344e-57
-5.51018e-59
-3.56713e-58
-3.77451e-60
-2.34316e-59
-2.52725e-61
-1.50682e-60
-1.65507e-62
-9.49378e-62
-1.06105e-63
-5.86346e-63
-6.66291e-65
-3.55213e-64
-4.10116e-66
-2.11177e-65
-2.47571e-67
-1.23269e-66
-1.46621e-68
-7.06433e-68
-8.49345e-70
-3.96469e-69
-4.74813e-71
-2.22941e-70
-2.17961e-72
-1.41033e-71
1.34259e-72
-5.07793e-72
-5.70592e-72
-1.07905e-71
-1.53831e-71
-2.53989e-71
-6.47349e-72
1.089e-70
7.98512e-72
1.33785e-70
4.89929e-72
7.35733e-71
-2.67547e-73
2.7912e-71
7.60903e-72
9.11144e-71
3.82776e-72
1.61293e-71
-3.72526e-71
8.08928e-39
-1.63353e-38
1.06721e-39
-1.78156e-39
1.31732e-40
-1.89524e-40
1.51762e-41
-1.97275e-41
1.66224e-42
-1.97436e-42
1.72636e-43
-1.91145e-43
1.71803e-44
-1.77918e-44
1.63633e-45
-1.60195e-45
1.50132e-46
-1.39235e-46
1.32662e-47
-1.17339e-47
1.13379e-48
-9.58201e-49
9.37487e-50
-7.60536e-50
7.52161e-51
-5.86713e-51
5.85874e-52
-4.40876e-52
4.43968e-53
-3.22785e-53
3.27513e-54
-2.30627e-54
2.35565e-55
-1.60874e-55
1.65301e-56
-1.0969e-56
1.13305e-57
-7.31409e-58
7.59093e-59
-4.77393e-59
4.97543e-60
-3.05156e-60
3.19232e-61
-1.91176e-61
2.0066e-62
-1.17438e-62
1.2363e-63
-7.07822e-64
7.47099e-65
-4.18764e-65
4.43029e-66
-2.4332e-66
2.57944e-67
-1.38905e-67
1.47521e-68
-7.79388e-69
8.29164e-70
-4.3024e-70
4.58378e-71
-2.34553e-71
2.55893e-72
-1.47013e-72
-1.73051e-73
-5.93228e-73
-7.83736e-73
-1.21365e-72
-3.13555e-73
5.86266e-72
4.20787e-73
6.95785e-72
2.53246e-73
3.80621e-72
-1.11279e-74
1.44884e-72
3.85518e-73
4.67727e-72
1.93375e-73
8.28605e-73
-1.91364e-72
3.19432e-38
9.17462e-39
4.0414e-39
2.02609e-39
4.81015e-40
2.75637e-40
5.3905e-41
3.19251e-41
5.76858e-42
3.37284e-42
5.88211e-43
3.37052e-43
5.76426e-44
3.20963e-44
5.42181e-45
2.94191e-45
4.9223e-46
2.59682e-46
4.31173e-47
2.21794e-47
3.65801e-48
1.83324e-48
3.00619e-49
1.47082e-49
2.39953e-50
1.14588e-50
1.86105e-51
8.68719e-52
1.40527e-52
6.41229e-53
1.03363e-53
4.61556e-54
7.41668e-55
3.24164e-55
5.19456e-56
2.22414e-56
3.55529e-57
1.49165e-57
2.37924e-58
9.78804e-59
1.55823e-59
6.28767e-60
9.99297e-61
3.95718e-61
6.27984e-62
2.44123e-62
3.86914e-63
1.47721e-63
2.33863e-64
8.77177e-65
1.38737e-65
5.11429e-66
8.08235e-67
2.92903e-67
4.62574e-68
1.64857e-68
2.6021e-69
9.12227e-70
1.43924e-70
4.96423e-71
7.8334e-72
2.64752e-72
4.03048e-73
1.14718e-73
-1.79164e-74
-4.90944e-74
-1.38053e-74
3.10406e-73
2.18571e-74
3.56082e-73
1.28855e-74
1.93751e-73
-4.34421e-76
7.39834e-74
1.92267e-74
2.36261e-73
9.61578e-75
4.18796e-74
-9.67358e-74
1.19174e-37
5.66223e-38
1.45504e-38
1.00297e-38
1.69055e-39
1.27586e-39
1.85093e-40
1.43152e-40
1.94515e-41
1.4826e-41
1.94952e-42
1.46136e-42
1.88308e-43
1.37604e-43
1.74726e-44
1.24965e-44
1.56753e-45
1.09399e-45
1.3578e-46
9.27677e-47
1.14042e-47
7.61756e-48
9.28363e-49
6.07594e-49
7.3461e-50
4.70819e-50
5.65093e-51
3.55204e-51
4.23454e-52
2.61007e-52
3.09215e-53
1.87098e-53
2.20368e-54
1.30901e-54
1.53344e-55
8.94949e-56
1.04308e-56
5.98222e-57
6.9394e-58
3.91336e-58
4.51935e-59
2.50659e-59
2.88265e-60
1.57326e-60
1.80217e-61
9.68083e-62
1.10482e-62
5.84384e-63
6.64587e-64
3.46221e-64
3.9243e-65
2.01426e-65
2.27591e-66
1.15124e-66
1.29689e-67
6.46702e-68
7.26457e-69
3.5719e-69
4.00158e-70
1.94056e-70
2.16843e-71
1.03734e-71
1.15551e-72
5.44678e-73
5.87124e-74
2.57199e-74
2.43875e-75
1.7556e-74
1.27048e-75
1.80086e-74
6.53142e-76
9.71164e-75
-1.50551e-77
3.71799e-75
9.44176e-76
1.17476e-74
4.70793e-76
2.08329e-75
-4.81387e-75
-2.86721e-37
5.88887e-38
-3.62309e-38
4.69025e-39
-4.32385e-39
4.07367e-40
-4.84993e-40
3.82615e-41
-5.19944e-41
3.67043e-42
-5.30591e-42
3.50104e-43
-5.2045e-43
3.24489e-44
-4.89704e-44
2.92006e-45
-4.4473e-45
2.53928e-46
-3.89548e-46
2.14158e-47
-3.30444e-47
1.75003e-48
-2.71462e-48
1.38983e-49
-2.1658e-49
1.07265e-50
-1.67871e-50
8.06286e-52
-1.26668e-51
5.90443e-53
-9.30908e-53
4.21913e-54
-6.67353e-54
2.94313e-55
-4.66936e-55
2.00663e-56
-3.19241e-56
1.33784e-57
-2.13395e-57
8.73046e-59
-1.39592e-58
5.57923e-60
-8.94084e-60
3.49424e-61
-5.61138e-61
2.14573e-62
-3.45264e-62
1.29276e-63
-2.08401e-63
7.64493e-65
-1.23457e-64
4.43992e-66
-7.1818e-66
2.53338e-67
-4.10427e-67
1.42085e-68
-2.30529e-68
7.83582e-70
-1.27312e-69
4.25092e-71
-6.91581e-71
2.26927e-72
-3.69662e-72
1.19196e-73
-1.94587e-73
6.05714e-75
-1.01077e-74
1.13782e-75
-4.58432e-76
9.05406e-76
5.96795e-78
4.79735e-76
-1.74437e-78
1.83958e-76
4.56046e-77
5.75171e-76
2.26998e-77
1.02029e-76
-2.35892e-76
-5.69243e-37
4.34569e-38
-7.12188e-38
-8.10522e-39
-8.438e-39
-1.54079e-39
-9.4025e-40
-1.92349e-40
-1.00274e-40
-2.06377e-41
-1.0184e-41
-2.05965e-42
-9.94953e-43
-1.94814e-43
-9.32766e-44
-1.77234e-44
-8.44429e-45
-1.55289e-45
-7.37511e-46
-1.31749e-46
-6.24006e-47
-1.08227e-47
-5.1141e-48
-8.63519e-49
-4.07143e-49
-6.69318e-50
-3.1495e-50
-5.05082e-51
-2.37214e-51
-3.71219e-52
-1.74038e-52
-2.66153e-53
-1.24569e-53
-1.86242e-54
-8.70303e-55
-1.27349e-55
-5.94202e-56
-8.5137e-57
-3.96677e-57
-5.57002e-58
-2.59169e-58
-3.56808e-59
-1.65806e-59
-2.23971e-60
-1.03948e-60
-1.37828e-61
-6.38923e-62
-8.32053e-63
-3.85273e-63
-4.92982e-64
-2.28022e-64
-2.86823e-65
-1.32527e-65
-1.63939e-66
-7.56717e-67
-9.20949e-68
-4.24684e-68
-5.08678e-69
-2.34351e-69
-2.76364e-70
-1.27207e-70
-1.47741e-71
-6.79441e-72
-7.77427e-73
-3.5723e-73
-4.02851e-74
-1.8495e-74
-2.01423e-75
-9.4028e-76
-5.98942e-77
-4.58329e-77
1.81526e-77
-2.35455e-78
8.70973e-78
2.06173e-78
2.77258e-77
1.07308e-78
4.92065e-78
-1.13863e-77
1.46306e-37
5.31154e-38
1.81292e-38
-4.20146e-39
2.13283e-39
-9.78267e-40
2.36123e-40
-1.26993e-40
2.50509e-41
-1.38107e-41
2.53209e-42
-1.38644e-42
2.46386e-43
-1.31571e-43
2.30133e-44
-1.19964e-44
2.07669e-45
-1.053e-45
1.80836e-46
-8.94737e-47
1.526e-47
-7.36004e-48
1.24758e-48
-5.87965e-49
9.91019e-50
-4.56255e-50
7.65026e-51
-3.44658e-51
5.75107e-52
-2.53559e-52
4.21189e-53
-1.81957e-53
3.00971e-54
-1.27433e-54
2.09947e-55
-8.72054e-56
1.43134e-56
-5.83428e-57
9.54218e-58
-3.8197e-58
6.22632e-59
-2.44848e-59
3.97845e-60
-1.5379e-60
2.4913e-61
-9.46964e-62
1.52959e-62
-5.72001e-63
9.21378e-64
-3.39091e-64
5.44763e-65
-1.97391e-65
3.16313e-66
-1.12879e-66
1.80445e-67
-6.34424e-68
1.0118e-68
-3.50583e-69
5.57858e-70
-1.90557e-70
3.02561e-71
-1.01914e-71
1.61477e-72
-5.36509e-73
8.48339e-74
-2.78095e-74
4.38857e-75
-1.4177e-75
2.23761e-76
-6.932e-77
1.13014e-77
-2.42563e-78
5.55772e-79
2.56997e-79
1.29306e-79
1.30963e-78
5.1804e-80
2.33446e-79
-5.4155e-79
4.16755e-37
7.68325e-38
5.22624e-38
6.5843e-39
6.20246e-39
6.01571e-40
6.92252e-40
5.77913e-41
7.39204e-41
5.56528e-42
7.51652e-42
5.2857e-43
7.35091e-43
4.86533e-44
6.89797e-44
4.34669e-45
6.24988e-45
3.75396e-46
5.46277e-46
3.14601e-47
4.62525e-47
2.55592e-48
3.79314e-48
2.01904e-49
3.0216e-49
1.55062e-50
2.33871e-50
1.16027e-51
1.7624e-51
8.4607e-53
1.29367e-52
6.0219e-54
9.26386e-54
4.1851e-55
6.4751e-55
2.84345e-56
4.42277e-56
1.88951e-57
2.95374e-57
1.2292e-58
1.93058e-58
7.83188e-60
1.23556e-59
4.89118e-61
7.74886e-61
2.99542e-62
4.76452e-62
1.80001e-63
2.87399e-63
1.06181e-64
1.7015e-64
6.15187e-66
9.89229e-66
3.50209e-67
5.65014e-67
1.95978e-68
3.1719e-68
1.07846e-69
1.75084e-69
5.8384e-71
9.50635e-71
3.11043e-72
5.07895e-72
1.63131e-73
2.67105e-73
8.42515e-75
1.38316e-74
4.28727e-76
7.05496e-76
2.15858e-77
3.54567e-77
1.11426e-78
1.75592e-78
7.20826e-80
9.0459e-80
6.43317e-80
6.45943e-81
1.10901e-80
-2.54267e-80
9.96687e-38
1.2983e-38
1.58478e-39
1.81303e-40
1.97426e-41
2.04251e-42
2.02637e-43
1.92606e-44
1.76443e-45
1.55766e-46
1.33047e-47
1.0999e-48
8.82513e-50
6.87618e-51
5.21321e-52
3.84831e-53
2.77011e-54
1.94565e-55
1.335e-56
8.95396e-58
5.87586e-59
3.77485e-60
2.37592e-61
1.46588e-62
8.87108e-64
5.26834e-65
3.07204e-66
1.75965e-67
9.90545e-69
5.48205e-70
2.98409e-71
1.59821e-72
8.42495e-74
4.37274e-75
2.23529e-76
1.12574e-77
5.58704e-79
2.75442e-80
1.42362e-81
)
;

boundaryField
{
    leftWall
    {
        type            calculated;
        value           nonuniform 0();
    }
    rightWall
    {
        type            calculated;
        value           uniform 0;
    }
    lowerWall
    {
        type            calculated;
        value           nonuniform 0();
    }
    atmosphere
    {
        type            calculated;
        value           nonuniform List<scalar> 
45
(
8.30923e-34
1.9408e-34
3.5974e-35
5.13711e-36
6.83037e-37
8.58453e-38
9.24116e-39
9.75226e-40
1.01007e-40
1.00792e-41
9.73716e-43
9.04923e-44
8.13646e-45
7.06357e-46
5.94603e-47
4.85057e-48
3.84602e-49
2.96412e-50
2.22517e-51
1.6276e-52
1.16179e-53
8.0964e-55
5.51515e-56
3.67394e-57
2.39566e-58
1.52984e-59
9.57475e-61
5.87583e-62
3.53791e-63
2.09098e-64
1.2137e-65
6.92157e-67
3.88001e-68
2.13873e-69
1.15971e-70
6.18811e-72
3.25042e-73
1.68123e-74
8.56576e-76
4.30085e-77
2.1323e-78
1.05658e-79
1.06901e-80
1.24732e-81
-2.32462e-81
)
;
    }
    defaultFaces
    {
        type            empty;
        value           nonuniform 0();
    }
    procBoundary3to1
    {
        type            processor;
        value           nonuniform List<scalar> 
45
(
-1.08171e-38
-7.54382e-38
-4.81633e-37
-2.90763e-36
-1.37678e-35
-7.12815e-35
-4.73643e-35
1.35441e-34
1.33126e-34
-6.18427e-35
-1.45266e-34
-7.59578e-35
5.91948e-35
7.36029e-35
1.44501e-35
2.69648e-36
3.99323e-37
1.53915e-37
7.27606e-37
5.00953e-36
2.62503e-35
1.33077e-34
4.69992e-35
-2.00042e-34
-1.60255e-34
-1.85148e-35
5.52191e-35
-1.16614e-34
-7.2227e-35
-6.04513e-35
6.09724e-35
6.22731e-35
-1.50504e-34
1.67596e-34
1.13729e-35
-4.19888e-36
-2.94251e-35
-1.53895e-34
-1.26161e-34
1.64843e-34
7.70212e-35
-1.8656e-34
1.66925e-34
2.34103e-35
6.60609e-35
)
;
    }
    procBoundary3to2
    {
        type            processor;
        value           nonuniform List<scalar> 
43
(
-1.1874e-37
-2.87707e-38
-6.49984e-39
-9.20219e-40
3.23672e-39
6.33084e-38
8.96083e-37
9.69493e-36
2.0736e-35
2.34456e-35
8.03426e-35
-1.6324e-35
-1.66554e-34
-1.29229e-35
8.165e-35
1.41476e-35
1.32006e-37
-1.23984e-35
-7.16708e-35
1.32107e-34
2.86128e-34
-9.53226e-35
-2.84826e-34
1.00829e-34
2.82682e-34
-1.93843e-34
-2.19709e-34
7.05979e-35
4.46296e-35
1.40958e-34
1.23809e-35
-1.1011e-34
-1.95009e-35
-3.52247e-36
-2.89134e-38
3.28469e-36
1.68284e-35
9.46469e-35
-1.7336e-34
-3.79612e-34
1.06442e-34
2.71857e-34
4.54436e-35
)
;
    }
}


// ************************************************************************* //
