/*--------------------------------*- C++ -*----------------------------------*\
| =========                 |                                                 |
| \\      /  F ield         | OpenFOAM: The Open Source CFD Toolbox           |
|  \\    /   O peration     | Version:  2.4.0                                 |
|   \\  /    A nd           | Web:      www.OpenFOAM.org                      |
|    \\/     M anipulation  |                                                 |
\*---------------------------------------------------------------------------*/
FoamFile
{
    version     2.0;
    format      ascii;
    class       volVectorField;
    location    "0.2";
    object      U;
}
// * * * * * * * * * * * * * * * * * * * * * * * * * * * * * * * * * * * * * //

dimensions      [0 1 -1 0 0 0 0];

internalField   nonuniform List<vector> 
1935
(
(2.24848e-36 2.10802e-41 0)
(1.15076e-37 -9.12622e-38 0)
(1.44191e-38 -5.58559e-39 0)
(1.62509e-39 -1.92392e-38 0)
(-5.54255e-39 -2.87367e-37 0)
(-2.79607e-36 -7.48648e-36 0)
(-1.94043e-34 -8.18414e-35 0)
(-9.92111e-33 -2.07061e-33 0)
(-3.35756e-31 -4.79954e-33 0)
(-9.78871e-33 -1.27941e-31 0)
(3.1719e-33 -7.37504e-31 0)
(-2.04239e-34 -2.52531e-29 0)
(-6.82786e-33 5.04677e-31 0)
(-6.8326e-35 2.57747e-29 0)
(3.43661e-33 7.57084e-31 0)
(1.35435e-34 1.32766e-31 0)
(-1.07416e-36 9.90025e-33 0)
(-1.37724e-34 1.43849e-31 0)
(-3.71473e-33 6.93522e-31 0)
(4.34705e-33 2.81288e-29 0)
(1.18261e-32 -3.11866e-29 0)
(-4.02728e-33 -6.02112e-29 0)
(-1.20465e-32 -1.15771e-30 0)
(4.28521e-33 2.97074e-29 0)
(1.24222e-32 -3.30548e-29 0)
(-8.4896e-33 -6.33769e-29 0)
(-8.55439e-33 3.07187e-29 0)
(3.6865e-33 1.44581e-31 0)
(-1.39143e-32 4.39048e-31 0)
(-4.77104e-31 -1.47721e-30 0)
(-1.42972e-32 -3.42346e-29 0)
(-4.83688e-33 -1.00617e-30 0)
(-1.84255e-34 -1.754e-31 0)
(-1.68124e-35 -6.53541e-33 0)
(3.15593e-38 -1.2698e-33 0)
(1.81383e-35 -6.6041e-33 0)
(1.82268e-34 -1.89006e-31 0)
(4.89666e-33 -9.15456e-31 0)
(-5.68568e-33 -3.70752e-29 0)
(-1.55612e-32 4.07808e-29 0)
(5.07077e-33 7.9221e-29 0)
(1.06057e-32 2.49235e-30 0)
(4.04233e-34 4.23423e-31 0)
(3.20801e-35 -2.24193e-41 0)
(6.34429e-34 -2.38838e-41 0)
(6.39407e-33 -1.87869e-42 0)
(1.26584e-31 -3.50741e-43 0)
(1.63661e-36 -1.98284e-36 0)
(3.00971e-35 -2.71585e-35 0)
(3.02092e-34 -5.32937e-34 0)
(5.2282e-33 -5.12119e-33 0)
(1.92131e-37 -1.00996e-37 0)
(3.40176e-36 -1.3851e-36 0)
(2.88985e-35 -2.5246e-35 0)
(4.50836e-34 -2.40238e-34 0)
(9.72435e-39 4.39976e-39 0)
(1.44901e-37 -1.45224e-37 0)
(1.20006e-36 -2.88671e-36 0)
(1.70054e-35 -2.42109e-35 0)
(-2.2488e-39 2.54163e-37 0)
(-1.16094e-38 2.66243e-37 0)
(5.89601e-38 -1.03655e-37 0)
(1.11209e-36 -1.01516e-36 0)
(-2.72793e-36 6.61028e-36 0)
(-5.15204e-37 7.06544e-36 0)
(-3.25735e-37 4.74864e-37 0)
(1.77758e-38 -1.20225e-38 0)
(-1.91536e-34 6.7025e-35 0)
(-2.06728e-35 7.20076e-35 0)
(-8.7496e-36 4.85082e-36 0)
(-5.74654e-37 4.95783e-37 0)
(-9.84878e-33 1.68353e-33 0)
(-6.29539e-34 1.79278e-33 0)
(-1.02735e-34 1.03536e-34 0)
(-6.12499e-36 1.05096e-35 0)
(-3.33952e-31 -3.03266e-34 0)
(-1.53312e-32 -3.12724e-35 0)
(-2.48355e-33 -1.69439e-36 0)
(-1.29672e-34 -1.23959e-37 0)
(-4.70214e-33 -8.80109e-33 0)
(-2.96397e-34 -2.47954e-33 0)
(-6.69483e-35 -1.37516e-34 0)
(-4.16719e-36 -1.29568e-35 0)
(1.29573e-31 -4.05377e-32 0)
(7.12671e-33 -1.36523e-33 0)
(7.52608e-34 -3.42918e-35 0)
(3.80221e-35 -8.60829e-37 0)
(-7.81605e-33 -9.81106e-31 0)
(-4.82328e-34 -2.63879e-32 0)
(-5.20401e-35 -5.29237e-34 0)
(-2.7959e-36 -4.25537e-36 0)
(-2.63289e-31 1.9883e-32 0)
(-1.45141e-32 5.48811e-34 0)
(-1.54734e-33 1.14817e-35 0)
(-7.84991e-35 1.37366e-37 0)
(-2.67937e-33 1.00191e-30 0)
(-1.97831e-34 2.6969e-32 0)
(-2.14307e-35 5.41525e-34 0)
(-1.23306e-36 4.39592e-36 0)
(1.32492e-31 4.15415e-32 0)
(7.29974e-33 1.34622e-33 0)
(7.77625e-34 3.14018e-35 0)
(3.94302e-35 4.69708e-37 0)
(5.26559e-33 7.27032e-33 0)
(3.40842e-34 7.01661e-34 0)
(3.66359e-35 3.47255e-35 0)
(2.0046e-36 2.50098e-36 0)
(-4.33135e-35 6.25565e-34 0)
(-2.66854e-36 6.38285e-35 0)
(-3.25787e-37 3.44943e-36 0)
(-1.76079e-38 2.51103e-37 0)
(-5.32368e-33 7.82244e-33 0)
(-3.44421e-34 7.51364e-34 0)
(-3.63134e-35 3.69716e-35 0)
(-1.97877e-36 2.6585e-36 0)
(-1.43124e-31 3.80239e-32 0)
(-7.81845e-33 6.51386e-34 0)
(-8.31723e-34 -7.82873e-36 0)
(-4.19678e-35 -2.59547e-36 0)
(1.6773e-31 1.07639e-30 0)
(9.36362e-33 2.80869e-32 0)
(9.99e-34 5.33547e-34 0)
(5.10213e-35 1.36906e-36 0)
(4.55996e-31 -1.22857e-30 0)
(2.51316e-32 -3.39027e-32 0)
(2.67854e-33 -7.0906e-34 0)
(1.35861e-34 -8.50783e-36 0)
(-1.5526e-31 -2.35426e-30 0)
(-8.55574e-33 -6.36383e-32 0)
(-9.11319e-34 -1.28352e-33 0)
(-4.62117e-35 -1.07332e-35 0)
(-4.64422e-31 -6.35797e-32 0)
(-2.55802e-32 -3.22473e-33 0)
(-2.72491e-33 -1.21355e-34 0)
(-1.38147e-34 -6.78146e-36 0)
(1.65181e-31 1.13181e-30 0)
(9.10155e-33 2.83596e-32 0)
(9.68923e-34 4.8969e-34 0)
(4.91233e-35 -4.27222e-36 0)
(4.78887e-31 -1.3e-30 0)
(2.63227e-32 -3.53249e-32 0)
(2.80436e-33 -7.17292e-34 0)
(1.42027e-34 -6.35337e-36 0)
(-3.27316e-31 -2.46537e-30 0)
(-1.79818e-32 -6.69676e-32 0)
(-1.91667e-33 -1.36973e-33 0)
(-9.70578e-35 -1.38299e-35 0)
(-3.29736e-31 1.16382e-30 0)
(-1.82357e-32 3.07649e-32 0)
(-1.94413e-33 6.07033e-34 0)
(-9.87969e-35 4.44143e-36 0)
(1.52509e-31 1.58351e-32 0)
(8.26899e-33 -4.79207e-34 0)
(8.7138e-34 -5.22474e-35 0)
(4.36569e-35 -5.19596e-36 0)
(-1.75613e-33 1.87595e-32 0)
(-1.02081e-34 2.92588e-33 0)
(-6.26368e-35 1.52006e-34 0)
(-4.16338e-36 1.47361e-35 0)
(-3.01148e-31 -7.32556e-32 0)
(-1.21871e-32 -2.28254e-33 0)
(-2.51767e-33 -5.21208e-35 0)
(-1.33012e-34 -7.67473e-37 0)
(-1.65628e-32 -1.33591e-30 0)
(-1.03653e-33 -3.9112e-32 0)
(-1.61624e-34 -9.08605e-34 0)
(-9.50772e-36 -2.40842e-35 0)
(-1.76055e-31 -5.53636e-32 0)
(-9.72063e-33 -1.91958e-33 0)
(-1.04568e-33 -5.04781e-35 0)
(-5.32421e-35 -1.48326e-36 0)
(-7.0149e-33 -9.61437e-33 0)
(-4.5486e-34 -9.36997e-34 0)
(-4.93529e-35 -4.65613e-35 0)
(-2.71095e-36 -3.38464e-36 0)
(-6.85924e-34 -4.13579e-34 0)
(-4.45013e-35 -4.31041e-35 0)
(-5.55985e-36 -2.34567e-36 0)
(-3.12901e-37 -1.73155e-37 0)
(1.18944e-36 -7.98521e-35 0)
(8.23572e-38 -9.84864e-36 0)
(8.21086e-39 -5.53148e-37 0)
(4.51806e-40 -4.34637e-38 0)
(7.39595e-34 -4.17412e-34 0)
(4.77591e-35 -4.21632e-35 0)
(5.92891e-36 -2.27349e-36 0)
(3.32127e-37 -1.64716e-37 0)
(7.04775e-33 -1.02734e-32 0)
(4.5611e-34 -9.85784e-34 0)
(4.81372e-35 -4.84758e-35 0)
(2.62426e-36 -3.48404e-36 0)
(1.88664e-31 -5.01916e-32 0)
(1.03068e-32 -8.66721e-34 0)
(1.09645e-33 9.90291e-36 0)
(5.53278e-35 3.39046e-36 0)
(-2.19383e-31 -1.4189e-30 0)
(-1.22482e-32 -3.70294e-32 0)
(-1.3068e-33 -7.03554e-34 0)
(-6.67449e-35 -1.81675e-36 0)
(-6.00055e-31 1.60668e-30 0)
(-3.30787e-32 4.43693e-32 0)
(-3.52645e-33 9.2943e-34 0)
(-1.78902e-34 1.12967e-35 0)
(1.95466e-31 3.10052e-30 0)
(1.0699e-32 8.45588e-32 0)
(1.14007e-33 1.7357e-33 0)
(5.76155e-35 1.7772e-35 0)
(4.08987e-31 1.36804e-31 0)
(2.26157e-32 5.15692e-33 0)
(2.41073e-33 1.48983e-34 0)
(1.22493e-34 5.31683e-36 0)
(1.56612e-32 2.33653e-32 0)
(1.01772e-33 2.18274e-33 0)
(1.09367e-34 1.07094e-34 0)
(6.00427e-36 7.62696e-36 0)
(7.61114e-31 -1.78722e-42 0)
(2.03738e-29 -1.60642e-42 0)
(1.97319e-29 3.49009e-42 0)
(-1.97263e-29 3.47599e-42 0)
(-2.02546e-29 -1.70283e-42 0)
(5.13194e-33 -3.56498e-42 0)
(2.03743e-29 -1.7973e-42 0)
(2.04879e-29 1.69492e-42 0)
(7.61139e-31 1.78887e-42 0)
(1.19198e-31 9.40185e-44 0)
(5.13048e-33 1.04819e-44 0)
(4.65524e-34 4.80925e-46 0)
(-1.88062e-35 -8.48141e-47 0)
(-9.14885e-34 -3.67127e-45 0)
(-9.79425e-33 -1.05951e-43 0)
(-2.33285e-31 -2.47728e-42 0)
(-1.40352e-30 -5.95398e-41 0)
(-4.02193e-29 -5.88043e-40 0)
(-2.03738e-29 2.33315e-38 0)
(1.97314e-29 3.2494e-36 0)
(2.10166e-29 1.95851e-34 0)
(2.06059e-29 8.8692e-33 0)
(8.8502e-31 2.70629e-31 0)
(8.82505e-31 8.86923e-33 0)
(2.04982e-29 1.99077e-34 0)
(2.04934e-29 1.95851e-34 0)
(7.60428e-31 8.67338e-33 0)
(1.20476e-31 2.6176e-31 0)
(6.42556e-33 -2.6176e-31 0)
(2.05886e-34 -8.67333e-33 0)
(1.02223e-32 -1.8927e-34 0)
(2.38059e-31 1.97544e-34 0)
(1.52026e-30 9.09201e-33 0)
(4.08761e-29 2.77431e-31 0)
(4.04513e-29 9.28787e-33 0)
(-1.76863e-29 9.06995e-33 0)
(1.92082e-29 2.7063e-31 0)
(-7.50496e-31 8.67643e-33 0)
(-3.95775e-29 -8.48523e-33 0)
(-1.42326e-30 -2.61779e-31 0)
(3.13044e-32 -9.84405e-32 0)
(6.01874e-31 -9.00731e-32 0)
(5.75445e-31 1.93583e-31 0)
(-5.7518e-31 1.93161e-31 0)
(-5.96954e-31 -9.47036e-32 0)
(2.42477e-34 -1.97356e-31 0)
(6.01894e-31 -9.93008e-32 0)
(6.06549e-31 9.4265e-32 0)
(3.13462e-32 9.88788e-32 0)
(4.91748e-33 4.61496e-33 0)
(2.42402e-34 4.39873e-34 0)
(2.20053e-35 1.91379e-35 0)
(-9.5828e-37 3.77582e-36 0)
(-4.31869e-35 3.68503e-35 0)
(-4.62739e-34 8.60752e-34 0)
(-9.5935e-33 8.79128e-33 0)
(-5.77958e-32 1.9316e-31 0)
(-1.18197e-30 9.00696e-32 0)
(-6.01872e-31 -2.88727e-31 0)
(5.75418e-31 -2.0199e-31 0)
(6.28286e-31 -5.04256e-33 0)
(6.10163e-31 9.84146e-32 0)
(3.64849e-32 1.0377e-31 0)
(3.761e-32 -9.38505e-32 0)
(6.07087e-31 -9.42473e-32 0)
(6.06767e-31 9.47375e-32 0)
(3.01243e-32 9.92987e-32 0)
(6.22209e-33 1.32888e-32 0)
(1.54788e-33 -8.23523e-33 0)
(-1.17913e-33 -4.18678e-34 0)
(4.27098e-34 -8.88474e-34 0)
(9.75433e-33 -9.01545e-33 0)
(6.1251e-32 -1.88299e-31 0)
(1.2091e-30 9.17958e-32 0)
(1.19279e-30 2.89059e-31 0)
(-4.92401e-31 1.04551e-31 0)
(5.53902e-31 -6.79915e-32 0)
(-2.95512e-32 2.81204e-31 0)
(-1.15432e-30 4.11647e-33 0)
(-6.03453e-32 -1.84981e-31 0)
(1.03393e-33 -3.9594e-33 0)
(1.15599e-32 -3.5668e-33 0)
(1.09534e-32 7.76424e-33 0)
(-1.09277e-32 7.74442e-33 0)
(-1.11301e-32 -3.78417e-33 0)
(2.3098e-35 -7.94128e-33 0)
(1.15619e-32 -3.99993e-33 0)
(1.19657e-32 3.76345e-33 0)
(1.03539e-33 3.98006e-33 0)
(4.29214e-34 2.16672e-34 0)
(2.30887e-35 2.07799e-35 0)
(2.49895e-36 9.75853e-37 0)
(-1.11726e-37 1.9258e-37 0)
(-4.90296e-36 1.87858e-36 0)
(-4.3671e-35 4.05916e-35 0)
(-8.3545e-34 4.12626e-34 0)
(-1.64395e-33 7.74435e-33 0)
(-2.29165e-32 3.56652e-33 0)
(-1.15594e-32 -1.15692e-32 0)
(1.09507e-32 -8.15875e-33 0)
(1.21676e-32 -2.3178e-34 0)
(1.234e-32 4.00249e-33 0)
(1.4853e-33 5.18532e-33 0)
(1.52449e-33 -3.6995e-33 0)
(1.20145e-32 -3.7573e-33 0)
(1.1989e-32 3.79094e-33 0)
(9.85905e-34 4.03925e-33 0)
(4.84353e-34 1.55498e-33 0)
(7.83139e-35 -1.3176e-33 0)
(-4.48451e-35 -5.9084e-35 0)
(3.76485e-35 -4.65865e-35 0)
(7.96534e-34 -4.17653e-34 0)
(7.21361e-34 -7.51814e-33 0)
(2.3589e-32 1.92444e-33 0)
(2.50853e-32 1.15882e-32 0)
(-8.69121e-33 4.29676e-33 0)
(1.07777e-32 -1.55452e-33 0)
(-9.39499e-34 1.12561e-32 0)
(-2.2314e-32 1.62488e-34 0)
(-2.54869e-33 -8.28472e-33 0)
(2.58754e-35 -3.87903e-34 0)
(1.59965e-34 -3.49614e-34 0)
(1.50214e-34 7.6182e-34 0)
(-1.49143e-34 7.59547e-34 0)
(-1.43691e-34 -3.71302e-34 0)
(9.59855e-37 -7.78874e-34 0)
(1.60049e-34 -3.92793e-34 0)
(1.75238e-34 3.68926e-34 0)
(2.59825e-35 3.90515e-34 0)
(1.62453e-35 2.15968e-35 0)
(9.59431e-37 2.38434e-36 0)
(1.06842e-37 1.14859e-37 0)
(-5.03278e-39 2.40717e-38 0)
(-2.09414e-37 2.20566e-37 0)
(-1.81168e-36 4.65479e-36 0)
(-3.15361e-35 4.08171e-35 0)
(-3.58212e-35 7.59539e-34 0)
(-3.25335e-34 3.49591e-34 0)
(-1.59943e-34 -1.13551e-33 0)
(1.50077e-34 -8.0058e-34 0)
(1.69622e-34 -2.37144e-35 0)
(1.8638e-34 3.88628e-34 0)
(4.3085e-35 4.26134e-34 0)
(4.75394e-35 -3.66051e-34 0)
(1.77393e-34 -3.68615e-34 0)
(1.76097e-34 3.717e-34 0)
(2.12597e-35 3.9323e-34 0)
(2.13554e-35 7.36838e-35 0)
(6.07324e-36 -4.971e-35 0)
(-4.52826e-36 -2.68911e-36 0)
(1.38488e-36 -4.77773e-36 0)
(2.94413e-35 -3.71754e-35 0)
(-4.95292e-36 -7.13544e-34 0)
(3.37807e-34 7.11882e-34 0)
(4.12984e-34 1.16062e-33 0)
(-1.06505e-34 4.23334e-34 0)
(1.56835e-34 -2.34236e-34 0)
(-1.90933e-35 1.10215e-33 0)
(-3.13431e-34 2.06434e-35 0)
(-8.14221e-35 -7.3503e-34 0)
(1.10316e-36 -1.50283e-35 0)
(-3.67968e-37 -1.34274e-35 0)
(-4.13611e-37 2.94797e-35 0)
(4.85561e-37 2.93825e-35 0)
(1.43639e-36 -1.43377e-35 0)
(6.39859e-38 -3.01919e-35 0)
(-3.62312e-37 -1.52393e-35 0)
(6.32883e-37 1.42359e-35 0)
(1.11043e-36 1.51419e-35 0)
(1.06605e-36 9.06353e-37 0)
(6.39548e-38 1.02169e-37 0)
(7.58338e-39 5.18253e-39 0)
(-3.59517e-40 1.09342e-39 0)
(-1.48632e-38 9.94762e-39 0)
(-1.20301e-37 1.99201e-37 0)
(-2.06849e-36 1.71089e-36 0)
(-1.16202e-36 2.93822e-35 0)
(-2.10934e-37 1.34262e-35 0)
(3.69913e-37 -4.39197e-35 0)
(-4.22556e-37 -3.11024e-35 0)
(-3.22125e-37 -9.79307e-37 0)
(1.49649e-36 1.51939e-35 0)
(2.23318e-36 1.92328e-35 0)
(2.39371e-36 -1.39797e-35 0)
(7.7091e-37 -1.42039e-35 0)
(6.95483e-37 1.43728e-35 0)
(9.27496e-37 1.53736e-35 0)
(1.26895e-36 5.55128e-36 0)
(2.67085e-37 -4.54309e-36 0)
(-1.69621e-37 -2.30336e-37 0)
(8.57528e-38 -2.19054e-37 0)
(1.85148e-36 -1.52018e-36 0)
(-3.04521e-36 -2.72543e-35 0)
(4.37834e-37 2.83732e-35 0)
(7.50008e-36 4.51904e-35 0)
(1.71356e-36 1.66972e-35 0)
(6.25949e-37 -5.99231e-36 0)
(-7.97703e-37 4.26459e-35 0)
(-1.72859e-37 7.93629e-37 0)
(-4.20753e-36 -3.08051e-35 0)
(3.40834e-38 -1.00129e-36 0)
(-8.61608e-38 -8.97638e-37 0)
(-8.33154e-38 1.97166e-36 0)
(8.61459e-38 1.96474e-36 0)
(1.26031e-37 -9.59015e-37 0)
(2.52312e-39 -2.01872e-36 0)
(-8.58007e-38 -1.01955e-36 0)
(-4.8687e-38 9.51775e-37 0)
(3.71394e-38 1.01263e-36 0)
(3.99094e-38 6.08765e-38 0)
(2.52183e-39 7.26667e-39 0)
(3.0219e-40 3.71416e-40 0)
(-1.48265e-41 8.03268e-41 0)
(-5.91866e-40 7.12157e-40 0)
(-4.74044e-39 1.41653e-38 0)
(-7.73116e-38 1.14512e-37 0)
(-3.46557e-38 1.96472e-36 0)
(1.32325e-37 8.97769e-37 0)
(8.61017e-38 -2.93795e-36 0)
(-8.3702e-38 -2.07993e-36 0)
(-8.90258e-38 -6.68839e-38 0)
(-2.19448e-38 1.00903e-36 0)
(7.92818e-38 1.15217e-36 0)
(9.08035e-38 -9.40855e-37 0)
(-4.29912e-38 -9.5035e-37 0)
(-4.64262e-38 9.60699e-37 0)
(2.50391e-38 1.02263e-36 0)
(5.30962e-38 2.43534e-37 0)
(1.57172e-38 -1.75413e-37 0)
(-1.15818e-38 -9.86624e-39 0)
(2.98611e-39 -1.42977e-38 0)
(6.77742e-38 -9.08429e-38 0)
(-1.34588e-37 -1.75691e-36 0)
(-1.27944e-37 3.15288e-36 0)
(1.51779e-37 3.08756e-36 0)
(1.14646e-37 1.12244e-36 0)
(-3.97471e-38 -5.34263e-37 0)
(-1.94283e-38 2.84818e-36 0)
(1.34298e-37 6.00768e-38 0)
(-1.60606e-37 -1.93601e-36 0)
(-6.0377e-38 -1.24628e-38 0)
(-9.02983e-39 -3.18998e-38 0)
(-5.91795e-39 7.40852e-38 0)
(5.84556e-39 7.37419e-38 0)
(8.05244e-39 -3.59487e-38 0)
(1.33971e-40 -7.58682e-38 0)
(-5.92076e-39 -3.83395e-38 0)
(-3.95482e-39 3.56602e-38 0)
(1.8829e-39 3.80639e-38 0)
(2.11476e-39 2.40472e-39 0)
(1.33921e-40 2.89794e-40 0)
(1.64385e-41 1.53287e-41 0)
(-8.07524e-43 3.32375e-42 0)
(-3.21967e-41 2.93843e-41 0)
(-2.51348e-40 5.64401e-40 0)
(-4.09639e-39 4.52072e-39 0)
(-1.6666e-39 7.3737e-38 0)
(9.67678e-39 3.35289e-38 0)
(5.93719e-39 -1.10252e-37 0)
(-5.72407e-39 -7.82849e-38 0)
(-6.16667e-39 -2.60608e-39 0)
(-2.34106e-39 3.81939e-38 0)
(4.11587e-39 4.85112e-38 0)
(4.53067e-39 -3.49512e-38 0)
(-3.66093e-39 -3.55632e-38 0)
(-3.82706e-39 3.60548e-38 0)
(1.42916e-39 3.86985e-38 0)
(2.61682e-39 1.42757e-38 0)
(6.36371e-40 -1.15821e-38 0)
(-4.26516e-40 -6.2832e-40 0)
(1.44589e-40 -5.97419e-40 0)
(3.45151e-39 -3.45621e-39 0)
(-9.80212e-39 -6.47053e-38 0)
(-9.52804e-39 1.28374e-37 0)
(7.88874e-39 1.17027e-37 0)
(7.44824e-39 4.28155e-38 0)
(-3.29011e-39 -1.42332e-38 0)
(-1.15084e-39 1.0696e-37 0)
(9.50495e-39 2.22621e-39 0)
(-8.03884e-39 -7.72414e-38 0)
(-5.50545e-37 4.93302e-37 0)
(-2.68175e-38 3.01237e-38 0)
(-1.93499e-39 5.27582e-39 0)
(1.41273e-40 3.98596e-39 0)
(2.92744e-40 -1.90596e-39 0)
(4.79812e-42 -4.02742e-39 0)
(-2.2046e-40 -2.03583e-39 0)
(-1.50273e-40 1.89306e-39 0)
(6.65209e-41 2.02083e-39 0)
(7.56912e-41 1.27832e-40 0)
(4.9601e-42 1.5773e-41 0)
(6.10124e-43 8.35876e-43 0)
(-3.0694e-44 1.82899e-43 0)
(-1.19438e-42 1.6017e-42 0)
(-9.30792e-42 3.07178e-41 0)
(-1.46453e-40 2.3995e-40 0)
(-5.79277e-41 3.9146e-39 0)
(3.62782e-40 1.78011e-39 0)
(2.21059e-40 -5.8542e-39 0)
(-2.12649e-40 -4.15609e-39 0)
(-2.30592e-40 -1.40067e-40 0)
(-1.00745e-40 2.01767e-39 0)
(1.4659e-40 2.38664e-39 0)
(1.6956e-40 -1.86471e-39 0)
(-1.38998e-40 -1.88911e-39 0)
(-1.45863e-40 1.91327e-39 0)
(4.25637e-41 2.04641e-39 0)
(1.01895e-40 5.78309e-40 0)
(3.1177e-41 -4.34749e-40 0)
(-2.29734e-41 -2.51523e-41 0)
(4.6433e-42 -3.02968e-41 0)
(1.20271e-40 -1.62288e-40 0)
(-3.83139e-40 -3.30257e-39 0)
(-3.57922e-40 9.17528e-39 0)
(2.95741e-40 6.34515e-39 0)
(2.66698e-40 2.28585e-39 0)
(-1.2411e-40 -9.43851e-40 0)
(-3.14691e-41 5.67228e-39 0)
(3.63363e-40 1.27017e-40 0)
(-3.01074e-40 -3.92718e-39 0)
(-1.16106e-35 -5.75417e-39 0)
(-5.21854e-37 -3.63512e-40 0)
(-3.3714e-38 1.28394e-40 0)
(-1.4136e-39 1.39491e-40 0)
(-6.20517e-41 -6.82465e-41 0)
(-2.75157e-42 -1.44231e-40 0)
(-1.01013e-41 -7.29327e-41 0)
(-6.83288e-42 6.76421e-41 0)
(2.9675e-42 7.23764e-41 0)
(3.3849e-42 4.73638e-42 0)
(2.21907e-43 5.85656e-43 0)
(2.7531e-44 3.17792e-44 0)
(-1.38477e-45 6.94642e-45 0)
(-5.38955e-44 6.08922e-44 0)
(-4.16187e-43 1.13983e-42 0)
(-6.54927e-42 8.88935e-42 0)
(-2.57654e-42 1.40045e-40 0)
(1.64321e-41 6.34575e-41 0)
(9.99349e-42 -2.09415e-40 0)
(-9.60892e-42 -1.4899e-40 0)
(-1.04149e-41 -5.13065e-42 0)
(-4.38629e-42 7.26865e-41 0)
(6.54823e-42 9.32035e-41 0)
(7.3494e-42 -6.6162e-41 0)
(-6.33355e-42 -6.74322e-41 0)
(-6.62195e-42 6.84533e-41 0)
(2.1118e-42 7.36944e-41 0)
(4.33e-42 2.82709e-41 0)
(1.16747e-42 -2.29505e-41 0)
(-8.13153e-43 -1.30027e-42 0)
(1.83044e-43 -1.16037e-42 0)
(5.15238e-42 -5.70589e-42 0)
(-2.10001e-41 -1.15241e-40 0)
(-1.62203e-41 3.57969e-40 0)
(1.68813e-41 2.29796e-40 0)
(1.2461e-41 8.29357e-41 0)
(-5.61094e-42 -2.51817e-41 0)
(-1.63672e-42 2.03057e-40 0)
(1.62342e-41 4.47096e-42 0)
(-1.30571e-41 -1.47327e-40 0)
(-4.17038e-37 -6.02152e-37 0)
(-2.06743e-38 -3.75329e-38 0)
(-1.40876e-39 -1.56155e-39 0)
(-6.30111e-41 -7.51123e-41 0)
(-3.00945e-42 -6.23241e-42 0)
(-1.34952e-43 -6.5946e-42 0)
(-3.44083e-43 -3.2681e-42 0)
(-2.31811e-43 3.02572e-42 0)
(9.9935e-44 3.23778e-42 0)
(1.1445e-43 2.11959e-43 0)
(7.6891e-45 2.6433e-44 0)
(9.51653e-46 1.43415e-45 0)
(-4.86903e-47 3.13836e-46 0)
(-1.86226e-45 2.74787e-45 0)
(-1.44232e-44 5.14454e-44 0)
(-2.21259e-43 3.97588e-43 0)
(-8.63398e-44 6.26493e-42 0)
(5.5643e-43 2.83887e-42 0)
(3.38407e-43 -9.36881e-42 0)
(-3.2511e-43 -6.66509e-42 0)
(-3.53623e-43 -2.31275e-43 0)
(-1.58866e-43 3.24024e-42 0)
(2.21176e-43 3.95283e-42 0)
(2.57998e-43 -2.97067e-42 0)
(-2.13946e-43 -3.01804e-42 0)
(-2.24828e-43 3.06102e-42 0)
(6.17749e-44 3.28725e-42 0)
(1.56271e-43 1.05893e-42 0)
(4.95238e-44 -8.20603e-43 0)
(-3.6738e-44 -4.85301e-44 0)
(5.28872e-45 -4.92786e-44 0)
(1.68545e-43 -2.22255e-43 0)
(-7.71085e-43 -4.93793e-42 0)
(-5.49217e-43 1.9698e-41 0)
(6.29294e-43 1.04965e-41 0)
(4.16039e-43 3.73261e-42 0)
(-1.88648e-43 -1.34184e-42 0)
(-4.43093e-44 9.07564e-42 0)
(5.58527e-43 2.09283e-43 0)
(-4.5862e-43 -6.3925e-42 0)
(2.56688e-36 -2.10074e-38 0)
(1.08148e-37 -1.02238e-39 0)
(5.6863e-39 -4.38708e-41 0)
(2.23263e-40 -2.29871e-42 0)
(1.00927e-41 -2.09031e-43 0)
(3.68729e-43 -2.2329e-43 0)
(1.50072e-45 -1.1057e-43 0)
(-8.54218e-45 1.02155e-43 0)
(3.91782e-45 1.09506e-43 0)
(4.467e-45 7.34582e-45 0)
(3.00138e-46 9.13925e-46 0)
(3.71696e-47 5.04213e-47 0)
(-1.90054e-48 1.09928e-47 0)
(-7.27346e-47 9.66182e-47 0)
(-5.62939e-46 1.77791e-45 0)
(-8.63461e-45 1.37813e-44 0)
(-3.36848e-45 2.11712e-43 0)
(2.17261e-44 9.56779e-44 0)
(1.32123e-44 -3.1657e-43 0)
(-1.26914e-44 -2.2558e-43 0)
(-1.37957e-44 -7.93965e-45 0)
(-5.99341e-45 1.10127e-43 0)
(8.63098e-45 1.42965e-43 0)
(9.85577e-45 -9.97166e-44 0)
(-8.36443e-45 -1.01813e-43 0)
(-8.77196e-45 1.03452e-43 0)
(2.61175e-45 1.11679e-43 0)
(5.88621e-45 4.48482e-44 0)
(1.72027e-45 -3.65906e-44 0)
(-1.23447e-45 -2.13793e-45 0)
(1.71183e-46 -1.73557e-45 0)
(6.26793e-45 -7.15815e-45 0)
(-3.51623e-44 -1.61671e-43 0)
(-2.14434e-44 7.2425e-43 0)
(2.96275e-44 3.5978e-43 0)
(1.67632e-44 1.27732e-43 0)
(-7.32385e-45 -3.50753e-44 0)
(-1.94835e-45 3.06874e-43 0)
(2.1605e-44 6.94822e-45 0)
(-1.75262e-44 -2.24253e-43 0)
(-1.9186e-37 1.65361e-37 0)
(-8.42888e-39 1.51306e-38 0)
(-4.50185e-40 6.46456e-40 0)
(-1.82524e-41 2.99722e-41 0)
(-8.35926e-43 1.10038e-42 0)
(-3.14062e-44 3.57693e-44 0)
(-1.68968e-45 -2.79145e-45 0)
(-3.3211e-46 4.04212e-45 0)
(1.22125e-46 4.27585e-45 0)
(1.4205e-46 2.86817e-46 0)
(9.72188e-48 3.57003e-47 0)
(1.19777e-48 1.96778e-48 0)
(-6.20132e-50 4.27534e-49 0)
(-2.34327e-48 3.77121e-48 0)
(-1.82451e-47 6.94481e-47 0)
(-2.74543e-46 5.37959e-46 0)
(-1.06504e-46 8.26324e-45 0)
(6.90887e-46 3.73431e-45 0)
(4.20259e-46 -1.2356e-44 0)
(-4.03446e-46 -8.80465e-45 0)
(-4.39757e-46 -3.11382e-46 0)
(-2.00602e-46 4.288e-45 0)
(2.74421e-46 5.37708e-45 0)
(3.23093e-46 -3.90226e-45 0)
(-2.65305e-46 -3.97527e-45 0)
(-2.79429e-46 4.03636e-45 0)
(7.35575e-47 4.35005e-45 0)
(1.97116e-46 1.55786e-45 0)
(6.4745e-47 -1.23548e-45 0)
(-4.85125e-47 -7.44026e-47 0)
(4.24412e-48 -6.41972e-47 0)
(1.91451e-46 -2.36925e-46 0)
(-1.21052e-45 -6.01272e-45 0)
(-6.81811e-46 3.31219e-44 0)
(1.03317e-45 1.43384e-44 0)
(5.29977e-46 5.01775e-45 0)
(-2.3118e-46 -1.56948e-45 0)
(-5.1001e-47 1.19688e-44 0)
(6.95907e-46 2.79195e-46 0)
(-5.74925e-46 -8.56779e-45 0)
(-5.34932e-36 -1.20592e-39 0)
(-2.26444e-37 -1.98243e-40 0)
(-1.20132e-38 -8.9346e-42 0)
(-4.74142e-40 -4.23321e-43 0)
(-2.15838e-41 -1.59217e-44 0)
(-7.93873e-43 -9.12139e-46 0)
(-3.19082e-44 -1.59279e-46 0)
(-1.10425e-45 1.25911e-46 0)
(-3.52248e-47 1.35981e-46 0)
(3.6824e-48 9.29099e-48 0)
(2.97048e-49 1.15058e-48 0)
(4.03134e-50 6.41801e-50 0)
(-2.18821e-51 1.38649e-50 0)
(-8.13138e-50 1.2303e-49 0)
(-6.35839e-49 2.23765e-48 0)
(-9.56276e-48 1.74376e-47 0)
(-3.70894e-48 2.62782e-46 0)
(2.40639e-47 1.1851e-46 0)
(1.46381e-47 -3.92893e-46 0)
(-1.40508e-47 -2.80328e-46 0)
(-1.53098e-47 -1.00108e-47 0)
(-6.8248e-48 1.37014e-46 0)
(9.55854e-48 1.80367e-46 0)
(1.10911e-47 -1.23414e-46 0)
(-9.24759e-48 -1.26248e-46 0)
(-9.72718e-48 1.28371e-46 0)
(2.71586e-48 1.3894e-46 0)
(6.70359e-48 5.85614e-47 0)
(2.09276e-48 -4.81212e-47 0)
(-1.53861e-48 -2.87883e-48 0)
(1.06277e-49 -2.08553e-48 0)
(6.30862e-48 -6.90898e-48 0)
(-4.78706e-47 -1.83794e-46 0)
(-2.37464e-47 1.14162e-45 0)
(4.1701e-47 4.63268e-46 0)
(1.89814e-47 1.61413e-46 0)
(-8.00372e-48 -3.96764e-47 0)
(-1.94207e-48 3.80814e-46 0)
(2.4084e-47 8.71762e-48 0)
(-1.97434e-47 -2.80711e-46 0)
(-8.43231e-38 -1.67258e-37 0)
(-3.84483e-39 -1.54186e-38 0)
(-2.04653e-40 -6.59995e-40 0)
(-8.48962e-42 -3.06766e-41 0)
(-3.87867e-43 -1.1327e-42 0)
(-1.47855e-44 -4.55515e-44 0)
(-5.96786e-46 -1.56738e-45 0)
(-2.13168e-47 -5.20392e-47 0)
(-6.33963e-49 2.92818e-48 0)
(1.2305e-49 2.64175e-49 0)
(9.44537e-51 3.81398e-50 0)
(1.22565e-51 2.17022e-51 0)
(-6.60593e-53 4.75994e-52 0)
(-2.44639e-51 4.26516e-51 0)
(-1.92864e-50 7.76517e-50 0)
(-2.85811e-49 6.07734e-49 0)
(-1.10363e-49 9.1537e-48 0)
(7.19214e-49 4.12791e-48 0)
(4.376e-49 -1.36855e-47 0)
(-4.19841e-49 -9.76525e-48 0)
(-4.5849e-49 -3.49761e-49 0)
(-2.12444e-49 4.7654e-48 0)
(2.85683e-49 6.12757e-48 0)
(3.39728e-49 -4.30664e-48 0)
(-2.75795e-49 -4.39884e-48 0)
(-2.91146e-49 4.47034e-48 0)
(7.31481e-50 4.8333e-48 0)
(2.08796e-49 1.89256e-48 0)
(7.10572e-50 -1.52895e-48 0)
(-5.38559e-50 -9.35276e-50 0)
(1.85673e-51 -6.87959e-50 0)
(1.79351e-49 -1.94474e-49 0)
(-1.54333e-48 -6.05695e-48 0)
(-7.09654e-49 4.52311e-47 0)
(1.35785e-48 1.6481e-47 0)
(5.6729e-49 5.66124e-48 0)
(-2.37489e-49 -1.53389e-48 0)
(-4.87322e-50 1.32577e-47 0)
(7.27384e-49 3.09196e-49 0)
(-6.05181e-49 -9.63726e-48 0)
(2.6858e-36 5.57257e-41 0)
(1.13656e-37 -3.90586e-40 0)
(6.02837e-39 -1.9425e-41 0)
(2.37879e-40 -9.284e-43 0)
(1.08276e-41 -3.54381e-44 0)
(3.98198e-43 -1.43122e-45 0)
(1.59968e-44 -5.03131e-47 0)
(5.48783e-46 -1.68689e-48 0)
(1.9832e-47 8.24048e-50 0)
(6.40254e-49 7.85724e-51 0)
(2.12527e-50 1.14206e-51 0)
(6.67249e-52 6.56955e-53 0)
(1.69826e-53 1.43349e-53 0)
(-7.6204e-53 1.29479e-52 0)
(-6.0954e-52 2.33639e-51 0)
(-9.02511e-51 1.84351e-50 0)
(-3.48376e-51 2.73616e-49 0)
(2.27086e-50 1.23187e-49 0)
(1.38175e-50 -4.09031e-49 0)
(-1.32552e-50 -2.92164e-49 0)
(-1.44735e-50 -1.05353e-50 0)
(-6.60749e-51 1.43014e-49 0)
(9.02109e-51 1.91104e-49 0)
(1.06266e-50 -1.28144e-49 0)
(-8.71184e-51 -1.31348e-49 0)
(-9.18991e-51 1.3363e-49 0)
(2.4046e-51 1.44995e-49 0)
(6.49305e-51 6.41979e-50 0)
(2.14353e-51 -5.3182e-50 0)
(-1.60832e-51 -3.24325e-51 0)
(1.72733e-53 -2.06735e-51 0)
(5.30368e-51 -5.00785e-51 0)
(-5.428e-50 -1.72318e-49 0)
(-2.24058e-50 1.4596e-48 0)
(4.84279e-50 5.01256e-49 0)
(1.83707e-50 1.7104e-49 0)
(-7.45213e-51 -3.71769e-50 0)
(-1.63867e-51 3.96458e-49 0)
(2.28711e-50 9.07195e-51 0)
(-1.89378e-50 -2.95088e-49 0)
(1.36805e-37 1.09212e-37 0)
(6.06621e-39 5.75095e-39 0)
(3.22395e-40 2.26589e-40 0)
(1.31363e-41 1.03077e-41 0)
(5.99311e-43 3.79014e-43 0)
(2.25628e-44 1.52238e-44 0)
(9.08766e-46 5.22224e-46 0)
(3.17368e-47 1.88703e-47 0)
(1.15002e-48 6.09184e-49 0)
(3.75103e-50 2.02203e-50 0)
(1.24374e-51 6.35118e-52 0)
(3.8568e-53 2.02157e-53 0)
(1.08077e-54 9.56374e-55 0)
(-2.12761e-54 4.07147e-54 0)
(-1.73248e-53 7.3291e-53 0)
(-2.53573e-52 5.82657e-52 0)
(-9.75322e-53 8.64017e-51 0)
(6.37995e-52 3.88955e-51 0)
(3.88275e-52 -1.29155e-50 0)
(-3.7233e-52 -9.22638e-51 0)
(-4.07312e-52 -3.33276e-52 0)
(-1.91829e-52 4.51222e-51 0)
(2.53459e-52 5.93861e-51 0)
(3.04597e-52 -4.05085e-51 0)
(-2.44317e-52 -4.14834e-51 0)
(-2.58515e-52 4.21868e-51 0)
(6.1696e-53 4.57496e-51 0)
(1.88608e-52 1.93605e-51 0)
(6.64488e-53 -1.5883e-51 0)
(-5.09675e-53 -9.8525e-53 0)
(-7.40082e-55 -6.17543e-53 0)
(1.39903e-52 -1.14988e-52 0)
(-1.63937e-51 -5.0967e-51 0)
(-6.29438e-52 5.14014e-50 0)
(1.47418e-51 1.61715e-50 0)
(5.18502e-52 5.43998e-51 0)
(-2.07874e-52 -1.26602e-51 0)
(-3.91929e-53 1.25138e-50 0)
(6.48139e-52 2.89327e-52 0)
(-5.43213e-52 -9.2314e-51 0)
(-1.27452e-39 1.14984e-38 0)
(-5.55401e-41 6.05739e-40 0)
(-3.02352e-42 2.46414e-41 0)
(-1.20984e-43 1.12261e-42 0)
(-5.5655e-45 4.22668e-44 0)
(-2.05837e-46 1.70198e-45 0)
(-8.2903e-48 5.94648e-47 0)
(-2.84603e-49 2.15526e-48 0)
(-1.02577e-50 7.02265e-50 0)
(-3.24259e-52 2.3254e-51 0)
(-1.04816e-53 7.14174e-53 0)
(-2.8928e-55 2.20013e-54 0)
(-1.13221e-56 7.33957e-56 0)
(-6.22663e-56 1.16633e-55 0)
(-5.02163e-55 2.063e-54 0)
(-7.34052e-54 1.65616e-53 0)
(-2.82208e-54 2.42773e-52 0)
(1.84667e-53 1.09147e-52 0)
(1.12392e-53 -3.62858e-52 0)
(-1.07764e-53 -2.59433e-52 0)
(-1.17895e-53 -9.41545e-54 0)
(-5.50451e-54 1.27217e-52 0)
(7.33725e-54 1.7268e-52 0)
(8.76877e-54 -1.13385e-52 0)
(-7.07306e-54 -1.16463e-52 0)
(-7.48196e-54 1.18539e-52 0)
(1.83126e-54 1.28938e-52 0)
(5.41206e-54 5.99699e-53 0)
(1.87569e-54 -5.01005e-53 0)
(-1.43221e-54 -3.10564e-54 0)
(-5.66841e-56 -1.72086e-54 0)
(3.73793e-54 -2.40491e-54 0)
(-5.21526e-53 -1.34542e-52 0)
(-1.82183e-53 1.55359e-51 0)
(4.73724e-53 4.62966e-52 0)
(1.53665e-53 1.54407e-52 0)
(-5.97843e-54 -2.92224e-53 0)
(-1.17994e-54 3.51738e-52 0)
(1.87147e-53 7.9778e-54 0)
(-1.56452e-53 -2.64545e-52 0)
(-1.33637e-37 1.15697e-37 0)
(-5.91546e-39 6.08954e-39 0)
(-3.12928e-40 2.39379e-40 0)
(-1.27459e-41 1.08867e-41 0)
(-5.80485e-43 3.9963e-43 0)
(-2.18651e-44 1.60486e-44 0)
(-8.80519e-46 5.49826e-46 0)
(-3.07838e-47 1.98598e-47 0)
(-1.11623e-48 6.35944e-49 0)
(-3.63372e-50 2.09355e-50 0)
(-1.20173e-51 6.27739e-52 0)
(-3.65309e-53 1.90178e-53 0)
(-1.11238e-54 5.3522e-55 0)
(-3.32922e-56 1.83132e-56 0)
(-1.42885e-56 5.96083e-56 0)
(-1.94033e-55 4.80012e-55 0)
(-7.43704e-56 7.02778e-54 0)
(4.88029e-55 3.15909e-54 0)
(2.97075e-55 -1.05031e-53 0)
(-2.8475e-55 -7.51059e-54 0)
(-3.12014e-55 -2.72815e-55 0)
(-1.49437e-55 3.68152e-54 0)
(1.93922e-55 4.95268e-54 0)
(2.35618e-55 -3.28393e-54 0)
(-1.86637e-55 -3.37168e-54 0)
(-1.9795e-55 3.43073e-54 0)
(4.46458e-56 3.73115e-54 0)
(1.46998e-55 1.69218e-54 0)
(5.35596e-56 -1.40658e-54 0)
(-4.15713e-56 -8.83755e-56 0)
(-2.47433e-57 -4.70271e-56 0)
(9.10607e-56 -3.46133e-56 0)
(-1.47714e-54 -3.59597e-54 0)
(-4.81436e-55 4.94695e-53 0)
(1.35032e-54 1.36992e-53 0)
(4.09531e-55 4.50331e-54 0)
(-1.56867e-55 -8.88273e-55 0)
(-2.67738e-56 1.01789e-53 0)
(4.98185e-55 2.31768e-55 0)
(-4.20687e-55 -7.61673e-54 0)
(-2.85685e-36 -1.36826e-37 0)
(-1.20508e-37 -7.65161e-39 0)
(-6.38941e-39 -3.06506e-40 0)
(-2.51555e-40 -1.39954e-41 0)
(-1.14472e-41 -5.1666e-43 0)
(-4.20281e-43 -2.07637e-44 0)
(-1.68806e-44 -7.14114e-46 0)
(-5.78379e-46 -2.58091e-47 0)
(-2.08933e-47 -8.28939e-49 0)
(-6.69078e-49 -2.73051e-50 0)
(-2.20279e-50 -8.20679e-52 0)
(-6.60504e-52 -2.48772e-53 0)
(-2.00108e-53 -7.01091e-55 0)
(-5.62911e-55 -1.96117e-56 0)
(-1.61649e-56 1.04049e-57 0)
(-5.60904e-57 1.27901e-56 0)
(-1.99978e-57 1.85748e-55 0)
(1.30564e-56 8.34081e-56 0)
(7.94843e-57 -2.7757e-55 0)
(-7.61781e-57 -1.98625e-55 0)
(-8.34891e-57 -7.2382e-57 0)
(-3.98281e-57 9.75909e-56 0)
(5.18894e-57 1.34631e-55 0)
(6.28865e-57 -8.65127e-56 0)
(-4.99322e-57 -8.90561e-56 0)
(-5.29635e-57 9.06745e-56 0)
(1.20896e-57 9.88712e-56 0)
(3.91819e-57 4.82876e-56 0)
(1.41797e-57 -4.06823e-56 0)
(-1.09945e-57 -2.5584e-57 0)
(-9.2258e-59 -1.21762e-57 0)
(2.19978e-57 -2.10607e-58 0)
(-4.30131e-56 -8.76786e-56 0)
(-1.28799e-56 1.40198e-54 0)
(3.96199e-56 3.69381e-55 0)
(1.12072e-56 1.20186e-55 0)
(-4.16905e-57 -1.94057e-56 0)
(-7.28543e-58 2.69112e-55 0)
(1.33141e-56 6.00933e-57 0)
(-1.12336e-56 -2.04637e-55 0)
(3.47742e-36 -3.22934e-37 0)
(1.47845e-37 -2.40228e-38 0)
(7.84484e-39 -1.00154e-39 0)
(3.10581e-40 -4.6247e-41 0)
(1.41413e-41 -1.70479e-42 0)
(5.21336e-43 -6.85198e-44 0)
(2.09496e-44 -2.35013e-45 0)
(7.20048e-46 -8.48996e-47 0)
(2.60225e-47 -2.72067e-48 0)
(8.35367e-49 -8.95735e-50 0)
(2.75143e-50 -2.68725e-51 0)
(8.26603e-52 -8.14153e-53 0)
(2.50535e-53 -2.29097e-54 0)
(7.05794e-55 -6.43318e-56 0)
(1.98187e-56 -1.65967e-57 0)
(3.95573e-58 2.98566e-58 0)
(-3.56349e-59 4.9689e-57 0)
(3.25229e-58 2.23129e-57 0)
(1.97817e-58 -7.42618e-57 0)
(-1.89529e-58 -5.31502e-57 0)
(-2.08002e-58 -1.93738e-58 0)
(-1.01354e-58 2.61153e-57 0)
(1.2913e-58 3.58753e-57 0)
(1.58687e-58 -2.31491e-57 0)
(-1.2408e-58 -2.38293e-57 0)
(-1.3192e-58 2.42572e-57 0)
(2.79571e-59 2.64549e-57 0)
(9.97532e-59 1.27786e-57 0)
(3.75476e-59 -1.07443e-57 0)
(-2.94804e-59 -6.83169e-59 0)
(-2.97114e-60 -3.06514e-59 0)
(4.90528e-59 1.9242e-59 0)
(-1.14402e-57 -2.11943e-57 0)
(-3.20472e-58 4.08525e-56 0)
(1.05932e-57 1.01089e-56 0)
(2.82124e-58 3.24077e-57 0)
(-1.02988e-58 -5.31087e-58 0)
(-1.56116e-59 7.19895e-57 0)
(3.3335e-58 1.60528e-58 0)
(-2.83666e-58 -5.46248e-57 0)
(9.25678e-36 7.2382e-38 0)
(3.91802e-37 1.19995e-38 0)
(2.07841e-38 5.38829e-40 0)
(8.20241e-40 2.53259e-41 0)
(3.73373e-41 9.3822e-43 0)
(1.37322e-42 3.7746e-44 0)
(5.51674e-44 1.29647e-45 0)
(1.89265e-45 4.68463e-47 0)
(6.8381e-47 1.50274e-48 0)
(2.19196e-48 4.94856e-50 0)
(7.21743e-50 1.4858e-51 0)
(2.16577e-51 4.50249e-53 0)
(6.56218e-53 1.26782e-54 0)
(1.84688e-54 3.56104e-56 0)
(5.18671e-56 9.4312e-58 0)
(1.3684e-57 3.32629e-59 0)
(3.46714e-59 1.24295e-58 0)
(8.97746e-60 5.54943e-59 0)
(4.9442e-60 -1.84781e-58 0)
(-4.71524e-60 -1.32329e-58 0)
(-5.17706e-60 -4.83384e-60 0)
(-2.52166e-60 6.51571e-59 0)
(3.21357e-60 9.13949e-59 0)
(3.94834e-60 -5.74445e-59 0)
(-3.08687e-60 -5.92689e-59 0)
(-3.2832e-60 6.03627e-59 0)
(6.95995e-61 6.59818e-59 0)
(2.48226e-60 3.3818e-59 0)
(9.34191e-61 -2.87274e-59 0)
(-7.34313e-61 -1.8303e-60 0)
(-9.07677e-62 -7.38383e-61 0)
(1.06256e-60 9.8987e-61 0)
(-3.07579e-59 -4.73184e-59 0)
(-7.97396e-60 1.08708e-57 0)
(2.86495e-59 2.56952e-58 0)
(7.17743e-60 8.14119e-59 0)
(-2.545e-60 -1.09036e-59 0)
(-3.8625e-61 1.79194e-58 0)
(8.29446e-60 3.9168e-60 0)
(-7.06165e-60 -1.37832e-58 0)
(-3.14749e-36 3.80871e-37 0)
(-1.33198e-37 3.57191e-38 0)
(-7.06464e-39 1.53172e-39 0)
(-2.78777e-40 7.12272e-41 0)
(-1.2689e-41 2.63003e-42 0)
(-4.66665e-43 1.05745e-43 0)
(-1.87474e-44 3.62808e-45 0)
(-6.43169e-46 1.31074e-46 0)
(-2.32379e-47 4.20123e-48 0)
(-7.44906e-49 1.38324e-49 0)
(-2.45285e-50 4.1505e-51 0)
(-7.36065e-52 1.25752e-52 0)
(-2.23037e-53 3.53906e-54 0)
(-6.27755e-55 9.93869e-56 0)
(-1.76309e-56 2.6282e-57 0)
(-4.66348e-58 6.90003e-59 0)
(-1.22334e-59 4.78974e-60 0)
(-1.14191e-61 1.42225e-60 0)
(1.08014e-61 -4.59682e-60 0)
(-1.10759e-61 -3.29332e-60 0)
(-1.21552e-61 -1.2028e-61 0)
(-6.02814e-62 1.62219e-60 0)
(7.5376e-62 2.27396e-60 0)
(9.37223e-62 -1.42904e-60 0)
(-7.23093e-62 -1.47489e-60 0)
(-7.70696e-62 1.50189e-60 0)
(1.52451e-62 1.64245e-60 0)
(5.93637e-62 8.4103e-61 0)
(2.30591e-62 -7.14386e-61 0)
(-1.83052e-62 -4.59389e-62 0)
(-2.53825e-63 -1.71978e-62 0)
(2.12599e-62 4.02253e-62 0)
(-7.69281e-61 -1.02625e-60 0)
(-1.87e-61 2.9242e-59 0)
(7.19697e-61 6.54488e-60 0)
(1.70761e-61 2.04217e-60 0)
(-5.9246e-62 -2.69817e-61 0)
(-7.77326e-63 4.45862e-60 0)
(1.95579e-61 9.68777e-62 0)
(-1.67737e-61 -3.4299e-60 0)
(-9.40979e-36 -2.74329e-37 0)
(-3.98157e-37 -1.40152e-38 0)
(-2.11182e-38 -5.48643e-40 0)
(-8.33263e-40 -2.49112e-41 0)
(-3.79276e-41 -9.15654e-43 0)
(-1.39476e-42 -3.67754e-44 0)
(-5.60313e-44 -1.26154e-45 0)
(-1.92214e-45 -4.55754e-47 0)
(-6.94468e-47 -1.46087e-48 0)
(-2.22603e-48 -4.81011e-50 0)
(-7.32978e-50 -1.4434e-51 0)
(-2.19945e-51 -4.37351e-53 0)
(-6.66445e-53 -1.23094e-54 0)
(-1.87567e-54 -3.4571e-56 0)
(-5.26781e-56 -9.14267e-58 0)
(-1.39308e-57 -2.39257e-59 0)
(-3.64635e-59 -5.23457e-61 0)
(-9.03126e-61 1.77599e-62 0)
(-1.95468e-62 -1.0817e-61 0)
(-3.09267e-63 -7.72824e-62 0)
(-2.83923e-63 -2.82609e-63 0)
(-1.40571e-63 3.81363e-62 0)
(1.75288e-63 5.44113e-62 0)
(2.18304e-63 -3.3434e-62 0)
(-1.68076e-63 -3.45786e-62 0)
(-1.79256e-63 3.52246e-62 0)
(3.50917e-64 3.85998e-62 0)
(1.38436e-63 2.07486e-62 0)
(5.40095e-64 -1.77661e-62 0)
(-4.29793e-64 -1.14566e-63 0)
(-6.85963e-65 -3.85665e-64 0)
(4.00898e-64 1.26403e-63 0)
(-1.922e-62 -2.05761e-62 0)
(-4.34791e-63 7.31651e-61 0)
(1.80664e-62 1.56983e-61 0)
(4.05951e-63 4.8344e-62 0)
(-1.36769e-63 -5.1536e-63 0)
(-1.75279e-64 1.04599e-61 0)
(4.55121e-63 2.22614e-63 0)
(-3.90916e-63 -8.14158e-62 0)
(3.34476e-36 -5.94883e-37 0)
(1.41531e-37 -3.88133e-38 0)
(7.50551e-39 -1.58792e-39 0)
(2.96158e-40 -7.29678e-41 0)
(1.34794e-41 -2.68753e-42 0)
(4.95724e-43 -1.07996e-43 0)
(1.99146e-44 -3.70419e-45 0)
(6.83218e-46 -1.33817e-46 0)
(2.46855e-47 -4.28848e-48 0)
(7.91331e-49 -1.41193e-49 0)
(2.60582e-50 -4.23606e-51 0)
(7.82003e-52 -1.28342e-52 0)
(2.36969e-53 -3.61158e-54 0)
(6.67005e-55 -1.01421e-55 0)
(1.87344e-56 -2.68175e-57 0)
(4.95487e-58 -7.01866e-59 0)
(1.29702e-59 -1.74502e-60 0)
(3.22954e-61 -4.20325e-62 0)
(7.96908e-63 -3.51068e-63 0)
(1.2869e-64 -1.82019e-63 0)
(-5.83496e-65 -6.61979e-65 0)
(-3.15262e-65 8.87457e-64 0)
(3.8793e-65 1.26883e-63 0)
(4.88195e-65 -7.76965e-64 0)
(-3.71498e-65 -8.04041e-64 0)
(-3.96972e-65 8.18983e-64 0)
(7.27174e-66 8.9807e-64 0)
(3.11582e-65 4.8576e-64 0)
(1.24772e-65 -4.16423e-64 0)
(-1.00089e-65 -2.70685e-65 0)
(-1.73685e-66 -8.33024e-66 0)
(6.79455e-66 3.80575e-65 0)
(-4.52645e-64 -3.89089e-64 0)
(-9.62006e-65 1.82871e-62 0)
(4.2706e-64 3.73943e-63 0)
(9.13399e-65 1.13344e-63 0)
(-3.00327e-65 -1.15166e-64 0)
(-3.28646e-66 2.43213e-63 0)
(1.01189e-64 5.12471e-65 0)
(-8.7479e-65 -1.89663e-63 0)
(9.67522e-36 1.94196e-37 0)
(4.09106e-37 1.89412e-38 0)
(2.16997e-38 8.15186e-40 0)
(8.55776e-40 3.79461e-41 0)
(3.89519e-41 1.40093e-42 0)
(1.43186e-42 5.63282e-44 0)
(5.75196e-44 1.93209e-45 0)
(1.97258e-45 6.97992e-47 0)
(7.12647e-47 2.23675e-48 0)
(2.2837e-48 7.36413e-50 0)
(7.51913e-50 2.20926e-51 0)
(2.25576e-51 6.69332e-53 0)
(6.83452e-53 1.88343e-54 0)
(1.92317e-54 5.28895e-56 0)
(5.40071e-56 1.39843e-57 0)
(1.42798e-57 3.65985e-59 0)
(3.73729e-59 9.10805e-61 0)
(9.30045e-61 2.23248e-62 0)
(2.27819e-62 4.67785e-64 0)
(5.33102e-64 -2.77462e-65 0)
(1.09232e-65 -1.18859e-66 0)
(-4.20862e-67 1.96859e-65 0)
(8.51901e-67 2.85709e-65 0)
(1.06808e-66 -1.71545e-65 0)
(-8.09729e-67 -1.77863e-65 0)
(-8.65998e-67 1.81218e-65 0)
(1.55404e-67 1.99089e-65 0)
(6.82941e-67 1.12165e-65 0)
(2.75523e-67 -9.67765e-66 0)
(-2.2172e-67 -6.31176e-67 0)
(-4.26972e-68 -1.73806e-67 0)
(9.90805e-68 1.01788e-66 0)
(-1.05609e-65 -6.62765e-66 0)
(-2.09769e-66 4.30808e-64 0)
(1.00026e-65 8.47213e-65 0)
(2.03716e-66 2.53125e-65 0)
(-6.49993e-67 -2.01037e-66 0)
(-6.73767e-68 5.38308e-65 0)
(2.20979e-66 1.10984e-66 0)
(-1.91473e-66 -4.2416e-65 0)
(-6.6138e-36 2.76395e-37 0)
(-2.79634e-37 3.07554e-38 0)
(-1.48345e-38 1.34035e-39 0)
(-5.84988e-40 6.25761e-41 0)
(-2.66282e-41 2.31248e-42 0)
(-9.78776e-43 9.30019e-44 0)
(-3.93192e-44 3.19125e-45 0)
(-1.34831e-45 1.15303e-46 0)
(-4.87105e-47 3.69608e-48 0)
(-1.56082e-48 1.21703e-49 0)
(-5.13885e-50 3.6521e-51 0)
(-1.54155e-51 1.10662e-52 0)
(-4.67034e-53 3.11464e-54 0)
(-1.31408e-54 8.74756e-56 0)
(-3.69002e-56 2.3134e-57 0)
(-9.75582e-58 6.05529e-59 0)
(-2.55309e-59 1.50718e-60 0)
(-6.35296e-61 3.69222e-62 0)
(-1.55599e-62 8.64986e-64 0)
(-3.64966e-64 1.90566e-65 0)
(-8.42114e-66 4.09417e-67 0)
(-2.00461e-67 4.39149e-67 0)
(1.36588e-68 6.2646e-67 0)
(2.24461e-68 -3.73765e-67 0)
(-1.69045e-68 -3.87855e-67 0)
(-1.81099e-68 3.95147e-67 0)
(3.0426e-69 4.3449e-67 0)
(1.44896e-68 2.47571e-67 0)
(5.97607e-69 -2.1402e-67 0)
(-4.84135e-69 -1.4057e-68 0)
(-9.96087e-70 -3.48221e-69 0)
(1.02718e-69 2.64839e-68 0)
(-2.34485e-67 -9.76105e-68 0)
(-4.38299e-68 1.00545e-65 0)
(2.22794e-67 1.89434e-66 0)
(4.33785e-68 5.56688e-67 0)
(-1.34749e-68 -4.00982e-68 0)
(-1.16061e-69 1.17392e-66 0)
(4.63775e-68 2.38723e-68 0)
(-4.04204e-68 -9.27992e-67 0)
(-6.7328e-36 -2.09152e-37 0)
(-2.85344e-37 -1.83284e-38 0)
(-1.51404e-38 -7.77528e-40 0)
(-5.98109e-40 -3.59694e-41 0)
(-2.72332e-41 -1.32319e-42 0)
(-1.00242e-42 -5.30201e-44 0)
(-4.02823e-44 -1.81302e-45 0)
(-1.38293e-45 -6.5281e-47 0)
(-4.99801e-47 -2.08545e-48 0)
(-1.60308e-48 -6.84315e-50 0)
(-5.28009e-50 -2.04642e-51 0)
(-1.58527e-51 -6.17909e-53 0)
(-4.80485e-53 -1.73304e-54 0)
(-1.35296e-54 -4.84994e-56 0)
(-3.80088e-56 -1.27803e-57 0)
(-1.00559e-57 -3.33303e-59 0)
(-2.63282e-59 -8.26551e-61 0)
(-6.55554e-61 -2.01725e-62 0)
(-1.60635e-62 -4.71485e-64 0)
(-3.76979e-64 -1.08209e-65 0)
(-8.67407e-66 -2.38903e-67 0)
(-1.92396e-67 3.85714e-69 0)
(-3.79771e-69 1.31851e-68 0)
(3.76977e-70 -7.79655e-69 0)
(-3.4822e-70 -8.1028e-69 0)
(-3.71603e-70 8.25674e-69 0)
(6.05355e-71 9.09466e-69 0)
(2.99181e-70 5.36733e-69 0)
(1.24566e-70 -4.66475e-69 0)
(-1.01274e-70 -3.07525e-70 0)
(-2.2587e-71 -6.7448e-71 0)
(-1.92314e-72 6.38292e-70 0)
(-5.12814e-69 -1.04375e-69 0)
(-8.98803e-70 2.23297e-67 0)
(4.88816e-69 4.05778e-68 0)
(9.10441e-70 1.17401e-68 0)
(-2.74165e-70 -6.14391e-70 0)
(-2.13869e-71 2.45362e-68 0)
(9.5299e-70 4.87532e-70 0)
(-8.32958e-70 -1.95786e-68 0)
(2.94148e-36 -2.41644e-37 0)
(1.23175e-37 -1.26707e-38 0)
(6.46159e-39 -4.92688e-40 0)
(2.52415e-40 -2.16708e-41 0)
(1.13627e-41 -7.77532e-43 0)
(4.13681e-43 -3.00314e-44 0)
(1.64345e-44 -9.98597e-46 0)
(5.58023e-46 -3.45112e-47 0)
(1.99348e-47 -1.06433e-48 0)
(6.3224e-49 -3.3295e-50 0)
(2.05796e-50 -9.52459e-52 0)
(6.10756e-52 -2.71631e-53 0)
(1.82886e-53 -7.20104e-55 0)
(5.08826e-55 -1.8785e-56 0)
(1.41168e-56 -4.60179e-58 0)
(3.68841e-58 -1.09702e-59 0)
(9.53236e-60 -2.46673e-61 0)
(2.34262e-61 -5.33243e-63 0)
(5.663e-63 -1.08363e-64 0)
(1.31083e-64 -2.07569e-66 0)
(2.97331e-66 -3.65578e-68 0)
(6.48944e-68 -3.88043e-70 0)
(1.39181e-69 2.67208e-70 0)
(3.77731e-71 -1.59724e-70 0)
(-6.26172e-72 -1.66164e-70 0)
(-7.33248e-72 1.69317e-70 0)
(1.1183e-72 1.8669e-70 0)
(5.99158e-72 1.11827e-70 0)
(2.54294e-72 -9.74216e-71 0)
(-2.07931e-72 -6.46339e-72 0)
(-4.89973e-73 -1.25028e-72 0)
(-5.04248e-73 1.49845e-71 0)
(-1.07462e-70 5.58304e-73 0)
(-1.77492e-71 4.88462e-69 0)
(1.02715e-70 8.54095e-70 0)
(1.83587e-71 2.42872e-70 0)
(-5.36991e-72 -1.04789e-71 0)
(-3.28316e-73 5.03231e-70 0)
(1.88976e-71 9.82688e-72 0)
(-1.66067e-71 -4.03282e-70 0)
(-4.77053e-37 6.88969e-37 0)
(-2.42976e-38 4.45209e-38 0)
(-1.73834e-39 1.88024e-39 0)
(-7.93751e-41 9.99462e-41 0)
(-4.44451e-42 3.94338e-42 0)
(-1.84934e-43 1.79736e-43 0)
(-8.70601e-45 6.6105e-45 0)
(-3.32895e-46 2.65773e-46 0)
(-1.36875e-47 9.11826e-48 0)
(-4.83733e-49 3.29595e-49 0)
(-1.77821e-50 1.05652e-50 0)
(-5.83444e-52 3.47983e-52 0)
(-1.94756e-53 1.04418e-53 0)
(-5.95443e-55 3.16437e-55 0)
(-1.82467e-56 8.90539e-57 0)
(-5.2145e-58 2.5012e-58 0)
(-1.47862e-59 6.61382e-60 0)
(-3.96013e-61 1.7311e-61 0)
(-1.04526e-62 4.30804e-63 0)
(-2.62951e-64 1.05526e-64 0)
(-6.48955e-66 2.47518e-66 0)
(-1.53633e-67 5.693e-68 0)
(-3.55737e-69 1.2656e-69 0)
(-7.92037e-71 2.41322e-71 0)
(-1.8613e-72 -2.71052e-72 0)
(-1.78428e-73 3.35535e-72 0)
(1.99932e-74 3.69317e-72 0)
(1.16731e-73 2.28186e-72 0)
(5.00844e-74 -1.99696e-72 0)
(-4.11061e-74 -1.33014e-73 0)
(-1.03328e-74 -2.23663e-74 0)
(-1.93702e-74 3.32261e-73 0)
(-2.20927e-72 4.56149e-73 0)
(-3.43024e-73 1.0238e-70 0)
(2.11741e-72 1.73118e-71 0)
(3.63459e-73 4.8411e-72 0)
(-1.02926e-73 -1.22375e-73 0)
(-5.24168e-75 9.9407e-72 0)
(3.66123e-73 1.89334e-73 0)
(-3.22808e-73 -8.03572e-72 0)
(-1.30444e-35 -1.77843e-40 0)
(-5.95759e-37 6.25242e-40 0)
(-4.0243e-38 3.0748e-41 0)
(-1.72203e-39 1.46703e-42 0)
(-9.36487e-41 5.55847e-44 0)
(-3.73024e-42 2.24226e-45 0)
(-1.72481e-43 7.82243e-47 0)
(-6.3908e-45 2.83473e-48 0)
(-2.59479e-46 9.20832e-50 0)
(-8.9548e-48 3.04275e-51 0)
(-3.25997e-49 9.23224e-53 0)
(-1.04996e-50 2.80837e-54 0)
(-3.47676e-52 7.97901e-56 0)
(-1.04731e-53 2.25025e-57 0)
(-3.18711e-55 5.9998e-59 0)
(-8.9983e-57 1.57721e-60 0)
(-2.5357e-58 3.95407e-62 0)
(-6.72312e-60 9.72889e-64 0)
(-1.76447e-61 2.29717e-65 0)
(-4.40109e-63 5.30723e-67 0)
(-1.08046e-64 1.18193e-68 0)
(-2.53923e-66 2.5711e-70 0)
(-5.85092e-68 5.51262e-72 0)
(-1.29729e-69 5.01098e-74 0)
(-2.81321e-71 -6.12064e-74 0)
(-5.91754e-73 6.46634e-74 0)
(-1.16838e-74 7.14532e-74 0)
(1.97085e-75 4.49226e-74 0)
(9.59541e-76 -3.94175e-74 0)
(-7.95368e-76 -2.64084e-75 0)
(-2.09576e-76 -3.80907e-76 0)
(-5.47812e-76 7.17141e-75 0)
(-4.37355e-74 1.80079e-74 0)
(-6.40647e-75 2.10517e-72 0)
(4.20169e-74 3.4377e-73 0)
(6.94434e-75 9.44067e-74 0)
(-1.90582e-75 -1.39276e-75 0)
(-6.52677e-77 1.92153e-73 0)
(6.86516e-75 3.58371e-75 0)
(-6.0838e-75 -1.5613e-73 0)
(-8.39073e-37 -6.29154e-37 0)
(-4.02337e-38 -3.27468e-38 0)
(-2.58236e-39 -1.3488e-39 0)
(-1.13619e-40 -7.49222e-41 0)
(-6.00447e-42 -3.01831e-42 0)
(-2.43516e-43 -1.42526e-43 0)
(-1.10645e-44 -5.33492e-45 0)
(-4.15149e-46 -2.19696e-46 0)
(-1.66683e-47 -7.64253e-48 0)
(-5.80566e-49 -2.81017e-49 0)
(-2.09821e-50 -9.10859e-51 0)
(-6.80542e-52 -3.03858e-52 0)
(-2.24294e-53 -9.20068e-54 0)
(-6.79369e-55 -2.81591e-55 0)
(-2.06137e-56 -7.98441e-57 0)
(-5.84564e-58 -2.26022e-58 0)
(-1.64454e-59 -6.01431e-60 0)
(-4.3761e-61 -1.58429e-61 0)
(-1.14761e-62 -3.96378e-63 0)
(-2.87119e-64 -9.76098e-65 0)
(-7.04793e-66 -2.3e-66 0)
(-1.66069e-67 -5.31346e-68 0)
(-3.82796e-69 -1.18082e-69 0)
(-8.50708e-71 -2.56623e-71 0)
(-1.84598e-72 -5.39665e-73 0)
(-3.87867e-74 -9.82386e-75 0)
(-7.86548e-76 1.11789e-75 0)
(2.4951e-77 8.60168e-76 0)
(1.76536e-77 -7.61563e-76 0)
(-1.48736e-77 -5.12296e-77 0)
(-4.13216e-78 -6.22331e-78 0)
(-1.36041e-77 1.47793e-76 0)
(-8.47085e-76 5.13906e-76 0)
(-1.16871e-76 4.16814e-74 0)
(8.15696e-76 6.59809e-75 0)
(1.29915e-76 1.77991e-75 0)
(-3.44647e-77 3.19702e-78 0)
(-7.62006e-79 3.58987e-75 0)
(1.25595e-76 6.51553e-77 0)
(-1.1171e-76 -2.94091e-75 0)
(-3.66101e-36 -4.30986e-38 0)
(-1.55642e-37 -2.18399e-39 0)
(-8.32843e-39 -9.23827e-41 0)
(-3.30308e-40 -4.93278e-42 0)
(-1.51602e-41 -2.01734e-43 0)
(-5.60577e-43 -9.30665e-45 0)
(-2.26997e-44 -3.52089e-46 0)
(-7.83244e-46 -1.42921e-47 0)
(-2.85166e-47 -5.01134e-49 0)
(-9.19631e-49 -1.82579e-50 0)
(-3.05089e-50 -5.95422e-52 0)
(-9.21266e-52 -1.97455e-53 0)
(-2.81213e-53 -6.00789e-55 0)
(-7.9662e-55 -1.83186e-56 0)
(-2.2537e-56 -5.21463e-58 0)
(-5.9999e-58 -1.47284e-59 0)
(-1.58191e-59 -3.93196e-61 0)
(-3.96437e-61 -1.03454e-62 0)
(-9.78258e-63 -2.59552e-64 0)
(-2.31111e-64 -6.38895e-66 0)
(-5.35516e-66 -1.50907e-67 0)
(-1.19417e-67 -3.48676e-69 0)
(-2.60496e-69 -7.76531e-71 0)
(-5.48895e-71 -1.68847e-72 0)
(-1.12944e-72 -3.55215e-74 0)
(-2.25088e-74 -7.0581e-76 0)
(-4.37423e-76 9.95394e-78 0)
(-7.5241e-78 1.58128e-77 0)
(1.74738e-79 -1.42209e-77 0)
(-2.74203e-79 -9.61629e-79 0)
(-7.86883e-80 -9.57436e-80 0)
(-3.06854e-79 2.96253e-78 0)
(-1.58538e-77 1.28219e-77 0)
(-2.06545e-78 8.07418e-76 0)
(1.52982e-77 1.23816e-76 0)
(2.35301e-78 3.27728e-77 0)
(-6.0358e-79 4.36514e-79 0)
(-3.1348e-81 6.55045e-77 0)
(2.22828e-78 1.15975e-78 0)
(-1.99165e-78 -5.39751e-77 0)
(-1.86638e-37 -1.48473e-37 0)
(-8.31048e-39 -7.88707e-39 0)
(-4.45162e-40 -3.12272e-40 0)
(-1.82191e-41 -1.43233e-41 0)
(-8.37239e-43 -5.29477e-43 0)
(-3.16671e-44 -2.1437e-44 0)
(-1.28414e-45 -7.39569e-46 0)
(-4.50635e-47 -2.69248e-47 0)
(-1.64331e-48 -8.68224e-49 0)
(-5.36835e-50 -2.8803e-50 0)
(-1.78401e-51 -8.69721e-52 0)
(-5.44142e-53 -2.65483e-53 0)
(-1.66393e-54 -7.52058e-55 0)
(-4.75086e-56 -2.12771e-56 0)
(-1.34645e-57 -5.66461e-58 0)
(-3.607e-59 -1.49359e-59 0)
(-9.52658e-61 -3.74318e-61 0)
(-2.39925e-62 -9.23737e-63 0)
(-5.93014e-64 -2.18242e-64 0)
(-1.40647e-65 -5.05735e-66 0)
(-3.26386e-67 -1.12783e-67 0)
(-7.30065e-69 -2.46045e-69 0)
(-1.59465e-70 -5.18484e-71 0)
(-3.36812e-72 -1.06696e-72 0)
(-6.93803e-74 -2.12648e-74 0)
(-1.38512e-75 -4.13001e-76 0)
(-2.69456e-77 -7.36539e-78 0)
(-4.96211e-79 1.49057e-79 0)
(-3.60741e-81 -2.61791e-79 0)
(-4.96972e-81 -1.7653e-80 0)
(-1.45776e-81 -1.3913e-81 0)
(-6.50554e-81 5.7076e-80 0)
(-2.89764e-79 2.89996e-79 0)
(-3.56083e-80 1.51133e-77 0)
(2.80172e-79 2.2516e-78 0)
(4.16526e-80 5.84785e-79 0)
(-1.03095e-80 1.69271e-80 0)
(9.06112e-83 1.15802e-78 0)
(3.85366e-80 1.98966e-80 0)
(-3.45807e-80 -9.61803e-79 0)
(-2.29544e-38 -7.97349e-39 0)
(-1.02967e-39 -4.24443e-40 0)
(-5.65221e-41 -1.73471e-41 0)
(-2.31145e-42 -7.96727e-43 0)
(-1.06983e-43 -3.01292e-44 0)
(-4.02367e-45 -1.22156e-45 0)
(-1.62858e-46 -4.28629e-47 0)
(-5.66474e-48 -1.56287e-48 0)
(-2.05098e-49 -5.10514e-50 0)
(-6.62607e-51 -1.69638e-51 0)
(-2.17893e-52 -5.17376e-53 0)
(-6.56126e-54 -1.58196e-54 0)
(-1.98084e-55 -4.51655e-56 0)
(-5.57611e-57 -1.27996e-57 0)
(-1.55768e-58 -3.4287e-59 0)
(-4.10961e-60 -9.05521e-61 0)
(-1.06852e-61 -2.28043e-62 0)
(-2.64782e-63 -5.63621e-64 0)
(-6.43645e-65 -1.33671e-65 0)
(-1.50084e-66 -3.10184e-67 0)
(-3.42261e-68 -6.938e-69 0)
(-7.52151e-70 -1.51539e-70 0)
(-1.61339e-71 -3.20061e-72 0)
(-3.34586e-73 -6.59278e-74 0)
(-6.76443e-75 -1.31615e-75 0)
(-1.32519e-76 -2.55983e-77 0)
(-2.52903e-78 -4.76068e-79 0)
(-4.66281e-80 -3.7426e-81 0)
(-7.45963e-82 -4.73838e-81 0)
(-9.76685e-83 -3.15416e-82 0)
(-2.62979e-83 -1.84925e-83 0)
(-1.30106e-82 1.06903e-81 0)
(-5.13019e-81 6.15941e-81 0)
(-5.95708e-82 2.7626e-79 0)
(4.96947e-81 3.99781e-80 0)
(7.15399e-82 1.01785e-80 0)
(-1.70814e-82 4.19505e-82 0)
(4.49819e-84 1.99698e-80 0)
(6.47208e-82 3.33322e-82 0)
(-5.83551e-82 -1.66917e-80 0)
(2.64055e-41 -2.02089e-39 0)
(1.12189e-42 -1.1021e-40 0)
(4.88586e-44 -4.49457e-42 0)
(1.81868e-45 -2.07493e-43 0)
(6.46906e-47 -7.78846e-45 0)
(2.08895e-48 -3.14546e-46 0)
(5.94785e-50 -1.09204e-47 0)
(1.56158e-51 -3.94573e-49 0)
(2.88682e-53 -1.2724e-50 0)
(3.25474e-55 -4.17597e-52 0)
(-1.58225e-56 -1.25521e-53 0)
(-1.08415e-57 -3.78225e-55 0)
(-5.50052e-59 -1.06281e-56 0)
(-2.06672e-60 -2.96343e-58 0)
(-7.42171e-62 -7.80451e-60 0)
(-2.33975e-63 -2.02551e-61 0)
(-7.16308e-65 -5.01037e-63 0)
(-2.02006e-66 -1.21575e-64 0)
(-5.53832e-68 -2.82984e-66 0)
(-1.42957e-69 -6.44176e-68 0)
(-3.58512e-71 -1.41313e-69 0)
(-8.56658e-73 -3.02578e-71 0)
(-1.98766e-74 -6.26372e-73 0)
(-4.42593e-76 -1.26408e-74 0)
(-9.5674e-78 -2.47198e-76 0)
(-1.99384e-79 -4.70901e-78 0)
(-4.03332e-81 -8.69393e-80 0)
(-7.53655e-83 -1.4789e-81 0)
(1.50921e-85 -1.06333e-82 0)
(-1.415e-84 -5.87785e-84 0)
(-4.53727e-85 -2.25716e-85 0)
(-2.48893e-84 1.93246e-83 0)
(-8.859e-83 1.23335e-82 0)
(-9.7133e-84 4.89159e-81 0)
(8.59659e-83 6.89112e-82 0)
(1.19942e-83 1.71966e-82 0)
(-2.75767e-84 9.66867e-84 0)
(1.16289e-85 3.34198e-82 0)
(1.05891e-83 5.39446e-84 0)
(-9.58772e-84 -2.81527e-82 0)
(2.42363e-38 -7.53563e-39 0)
(1.08281e-39 -3.96101e-40 0)
(5.91647e-41 -1.61124e-41 0)
(2.41047e-42 -7.33483e-43 0)
(1.11091e-43 -2.76253e-44 0)
(4.16315e-45 -1.11236e-45 0)
(1.67828e-46 -3.88866e-47 0)
(5.81702e-48 -1.40986e-48 0)
(2.09802e-49 -4.58924e-50 0)
(6.75439e-51 -1.51753e-51 0)
(2.21284e-52 -4.6127e-53 0)
(6.64025e-54 -1.4043e-54 0)
(1.99736e-55 -3.99612e-56 0)
(5.60315e-57 -1.12798e-57 0)
(1.55959e-58 -3.01178e-59 0)
(4.10039e-60 -7.92451e-61 0)
(1.06231e-61 -1.98924e-62 0)
(2.62328e-63 -4.89903e-64 0)
(6.3541e-65 -1.15813e-65 0)
(1.47645e-66 -2.67817e-67 0)
(3.35501e-68 -5.97096e-69 0)
(7.34696e-70 -1.29973e-70 0)
(1.57031e-71 -2.73615e-72 0)
(3.24493e-73 -5.61697e-74 0)
(6.53676e-75 -1.11762e-75 0)
(1.27598e-76 -2.16688e-77 0)
(2.42627e-78 -4.07813e-79 0)
(4.47751e-80 -7.47402e-81 0)
(8.04589e-82 -1.34472e-82 0)
(1.40228e-83 -2.40024e-84 0)
(2.31042e-85 -4.09559e-86 0)
(-4.1595e-86 3.38887e-85 0)
(-1.48431e-84 2.36169e-84 0)
(-1.53857e-85 8.4477e-83 0)
(1.44274e-84 1.15871e-83 0)
(1.95396e-85 2.83181e-84 0)
(-4.32323e-86 1.95557e-85 0)
(2.62527e-87 5.45096e-84 0)
(1.68393e-85 8.50785e-86 0)
(-1.53192e-85 -4.62323e-84 0)
(1.77332e-37 -1.51567e-37 0)
(7.85181e-39 -7.97578e-39 0)
(4.15471e-40 -3.13457e-40 0)
(1.69253e-41 -1.42544e-41 0)
(7.70908e-43 -5.23181e-43 0)
(2.90398e-44 -2.10098e-44 0)
(1.16947e-45 -7.19738e-46 0)
(4.08865e-47 -2.59975e-47 0)
(1.4825e-48 -8.32447e-49 0)
(4.82595e-50 -2.74053e-50 0)
(1.59591e-51 -8.21702e-52 0)
(4.85116e-53 -2.48943e-53 0)
(1.47697e-54 -7.00217e-55 0)
(4.20306e-56 -1.96632e-56 0)
(1.18644e-57 -5.19758e-58 0)
(3.16796e-59 -1.3603e-59 0)
(8.33571e-61 -3.38452e-61 0)
(2.09252e-62 -8.29029e-63 0)
(5.1535e-64 -1.94433e-64 0)
(1.21831e-65 -4.47193e-66 0)
(2.8174e-67 -9.89864e-68 0)
(6.28148e-69 -2.14311e-69 0)
(1.36734e-70 -4.48191e-71 0)
(2.87854e-72 -9.15205e-73 0)
(5.90936e-74 -1.80988e-74 0)
(1.17581e-75 -3.49081e-76 0)
(2.27973e-77 -6.53228e-78 0)
(4.2906e-79 -1.19133e-79 0)
(7.86501e-81 -2.11056e-81 0)
(1.40092e-82 -3.64243e-83 0)
(2.42956e-84 -6.11082e-85 0)
(4.01709e-86 -4.21086e-87 0)
(-2.35655e-86 4.30822e-86 0)
(-2.36315e-87 1.41556e-84 0)
(2.3595e-86 1.89372e-85 0)
(3.10463e-87 4.53129e-86 0)
(-6.59946e-88 3.79197e-87 0)
(5.18084e-89 8.63743e-86 0)
(2.60771e-87 1.29806e-87 0)
(-2.38273e-87 -7.38321e-86 0)
(3.76631e-36 1.79008e-37 0)
(1.58875e-37 1.00149e-38 0)
(8.42369e-39 4.01226e-40 0)
(3.31652e-40 1.8321e-41 0)
(1.50921e-41 6.76372e-43 0)
(5.5411e-43 2.71824e-44 0)
(2.22559e-44 9.34891e-46 0)
(7.62559e-46 3.37883e-47 0)
(2.75467e-47 1.08523e-48 0)
(8.8215e-49 3.57474e-50 0)
(2.90428e-50 1.07443e-51 0)
(8.70852e-52 3.25692e-53 0)
(2.63836e-53 9.17883e-55 0)
(7.42126e-55 2.57899e-56 0)
(2.08397e-56 6.82793e-58 0)
(5.50858e-58 1.78798e-59 0)
(1.44165e-59 4.45446e-61 0)
(3.58684e-61 1.0917e-62 0)
(8.78546e-63 2.56319e-64 0)
(2.06039e-64 5.89844e-66 0)
(4.73859e-66 1.30683e-67 0)
(1.04884e-67 2.83084e-69 0)
(2.27065e-69 5.92486e-71 0)
(4.74834e-71 1.21046e-72 0)
(9.69543e-73 2.39542e-74 0)
(1.91721e-74 4.62241e-76 0)
(3.69755e-76 8.65507e-78 0)
(6.91864e-78 1.5792e-79 0)
(1.26169e-79 2.7992e-81 0)
(2.23502e-81 4.83289e-83 0)
(3.8568e-83 8.11222e-85 0)
(6.46999e-85 1.33546e-86 0)
(1.01855e-86 9.73282e-88 0)
(1.32345e-88 2.31192e-86 0)
(3.77385e-88 3.01724e-87 0)
(4.80158e-89 7.06333e-88 0)
(-9.7881e-90 6.84813e-89 0)
(9.63815e-91 1.33315e-87 0)
(3.92702e-89 1.92671e-89 0)
(-3.60533e-89 -1.14781e-87 0)
(-4.54917e-36 4.2528e-37 0)
(-1.93418e-37 3.16483e-38 0)
(-1.02631e-38 1.31959e-39 0)
(-4.06333e-40 6.09355e-41 0)
(-1.85011e-41 2.24634e-42 0)
(-6.82079e-43 9.02866e-44 0)
(-2.7409e-44 3.09676e-45 0)
(-9.42074e-46 1.11872e-46 0)
(-3.40465e-47 3.58505e-48 0)
(-1.09296e-48 1.18031e-49 0)
(-3.59986e-50 3.54099e-51 0)
(-1.0815e-51 1.07279e-52 0)
(-3.27792e-53 3.01875e-54 0)
(-9.23443e-55 8.47701e-56 0)
(-2.5942e-56 2.24137e-57 0)
(-6.86581e-58 5.86588e-59 0)
(-1.79758e-59 1.45975e-60 0)
(-4.47696e-61 3.57544e-62 0)
(-1.097e-62 8.38647e-64 0)
(-2.57489e-64 1.92876e-65 0)
(-5.92416e-66 4.26955e-67 0)
(-1.31218e-67 9.24316e-69 0)
(-2.84182e-69 1.93305e-70 0)
(-5.94632e-71 3.94697e-72 0)
(-1.21459e-72 7.8052e-74 0)
(-2.403e-74 1.5053e-75 0)
(-4.63606e-76 2.81669e-77 0)
(-8.6786e-78 5.13646e-79 0)
(-1.58316e-79 9.099e-81 0)
(-2.80558e-81 1.57011e-82 0)
(-4.84289e-83 2.63398e-84 0)
(-8.12722e-85 4.30307e-86 0)
(-1.3287e-86 6.96637e-88 0)
(-2.11613e-88 3.77247e-88 0)
(2.53147e-90 4.69193e-89 0)
(6.73508e-91 1.07081e-89 0)
(-1.4202e-91 1.19239e-90 0)
(1.67148e-92 2.00032e-89 0)
(5.75709e-91 2.76831e-91 0)
(-5.30966e-91 -1.73587e-89 0)
(-1.21911e-35 -8.67027e-38 0)
(-5.16059e-37 -1.52715e-38 0)
(-2.73774e-38 -6.87524e-40 0)
(-1.08053e-39 -3.234e-41 0)
(-4.9187e-41 -1.19759e-42 0)
(-1.80912e-42 -4.81799e-44 0)
(-7.26798e-44 -1.65413e-45 0)
(-2.49352e-45 -5.9765e-47 0)
(-9.00898e-47 -1.91645e-48 0)
(-2.88787e-48 -6.31024e-50 0)
(-9.50872e-50 -1.89405e-51 0)
(-2.85333e-51 -5.73895e-53 0)
(-8.64529e-53 -1.61554e-54 0)
(-2.43314e-54 -4.53712e-56 0)
(-6.83302e-56 -1.20003e-57 0)
(-1.80694e-57 -3.14094e-59 0)
(-4.7292e-59 -7.81845e-61 0)
(-1.17701e-60 -1.91522e-62 0)
(-2.88304e-62 -4.49331e-64 0)
(-6.76298e-64 -1.0335e-65 0)
(-1.55544e-65 -2.28821e-67 0)
(-3.44339e-67 -4.95427e-69 0)
(-7.45484e-69 -1.03627e-70 0)
(-1.55913e-70 -2.1161e-72 0)
(-3.18357e-72 -4.1852e-74 0)
(-6.29582e-74 -8.07228e-76 0)
(-1.21423e-75 -1.51065e-77 0)
(-2.27211e-77 -2.75505e-79 0)
(-4.14346e-79 -4.88097e-81 0)
(-7.3401e-81 -8.42327e-83 0)
(-1.26662e-82 -1.41321e-84 0)
(-2.12488e-84 -2.30883e-86 0)
(-3.47129e-86 -3.66671e-88 0)
(-5.51568e-88 -1.09578e-92 0)
(-8.44488e-90 6.20732e-91 0)
(-1.17805e-91 1.5676e-91 0)
(-3.8631e-93 1.97326e-92 0)
(2.51032e-94 2.9222e-91 0)
(8.20921e-93 3.86336e-93 0)
(-7.60807e-93 -2.55519e-91 0)
(3.9257e-36 -3.39455e-37 0)
(1.65759e-37 -3.84361e-38 0)
(8.79268e-39 -1.67846e-39 0)
(3.46401e-40 -7.83914e-41 0)
(1.57665e-41 -2.89791e-42 0)
(5.79109e-43 -1.16543e-43 0)
(2.32616e-44 -3.99973e-45 0)
(7.97222e-46 -1.44506e-46 0)
(2.87984e-47 -4.63265e-48 0)
(9.22363e-49 -1.52532e-49 0)
(3.03646e-50 -4.57746e-51 0)
(9.10538e-52 -1.3869e-52 0)
(2.7583e-53 -3.90359e-54 0)
(7.75857e-55 -1.09625e-55 0)
(2.17841e-56 -2.89914e-57 0)
(5.75788e-58 -7.58785e-59 0)
(1.50666e-59 -1.88858e-60 0)
(3.74826e-61 -4.62611e-62 0)
(9.17932e-63 -1.08524e-63 0)
(2.1525e-64 -2.49605e-65 0)
(4.94956e-66 -5.52597e-67 0)
(1.09538e-67 -1.1964e-68 0)
(2.37097e-69 -2.50231e-70 0)
(4.95735e-71 -5.10961e-72 0)
(1.01203e-72 -1.01052e-73 0)
(2.00088e-74 -1.949e-75 0)
(3.85818e-76 -3.6472e-77 0)
(7.21789e-78 -6.65135e-79 0)
(1.31601e-79 -1.17833e-80 0)
(2.3308e-81 -2.03343e-82 0)
(4.02129e-83 -3.41144e-84 0)
(6.74477e-85 -5.57327e-86 0)
(1.10165e-86 -8.85587e-88 0)
(1.7501e-88 -1.36146e-89 0)
(2.70802e-90 -1.95797e-91 0)
(4.08774e-92 -7.5157e-94 0)
(5.69375e-94 2.73058e-94 0)
(1.28931e-95 4.15082e-93 0)
(1.14052e-94 5.21781e-95 0)
(-1.06085e-94 -3.65939e-93 0)
(8.34608e-36 1.70755e-37 0)
(3.53665e-37 7.80385e-39 0)
(1.87618e-38 2.9584e-40 0)
(7.41048e-40 1.33241e-41 0)
(3.37345e-41 4.86663e-43 0)
(1.2415e-42 1.95259e-44 0)
(4.98794e-44 6.672e-46 0)
(1.71209e-45 2.40849e-47 0)
(6.18625e-47 7.69578e-49 0)
(1.9838e-48 2.53174e-50 0)
(6.53268e-50 7.57695e-52 0)
(1.96094e-51 2.29366e-53 0)
(5.94217e-53 6.44086e-55 0)
(1.67285e-54 1.80712e-56 0)
(4.6985e-56 4.76961e-58 0)
(1.2428e-57 1.24714e-59 0)
(3.25314e-59 3.0987e-61 0)
(8.09828e-61 7.58297e-63 0)
(1.98392e-62 1.77616e-64 0)
(4.6548e-64 4.08116e-66 0)
(1.07072e-65 9.02274e-68 0)
(2.37079e-67 1.95156e-69 0)
(5.13342e-69 4.07662e-71 0)
(1.07381e-70 8.31623e-73 0)
(2.19292e-72 1.64278e-74 0)
(4.33741e-74 3.1654e-76 0)
(8.36644e-76 5.91706e-78 0)
(1.5658e-77 1.07807e-79 0)
(2.85582e-79 1.90793e-81 0)
(5.05982e-81 3.28944e-83 0)
(8.73248e-83 5.51325e-85 0)
(1.46517e-84 8.99889e-87 0)
(2.39388e-86 1.42859e-88 0)
(3.80423e-88 2.20927e-90 0)
(5.88552e-90 3.33486e-92 0)
(8.85844e-92 5.176e-94 0)
(1.29731e-93 1.17771e-95 0)
(1.85613e-95 5.74962e-95 0)
(1.79457e-96 6.84822e-97 0)
(-1.43572e-96 -5.10008e-95 0)
(4.09683e-37 3.31728e-37 0)
(1.82184e-38 1.73974e-38 0)
(9.6846e-40 6.84155e-40 0)
(3.95531e-41 3.10511e-41 0)
(1.80539e-42 1.14009e-42 0)
(6.81035e-44 4.57179e-44 0)
(2.74487e-45 1.56637e-45 0)
(9.60261e-47 5.65147e-47 0)
(3.48206e-48 1.80955e-48 0)
(1.13365e-49 5.95183e-50 0)
(3.7475e-51 1.78429e-51 0)
(1.13886e-52 5.40151e-53 0)
(3.46509e-54 1.51897e-54 0)
(9.85574e-56 4.26266e-56 0)
(2.77978e-57 1.12644e-57 0)
(7.41724e-59 2.94635e-59 0)
(1.94983e-60 7.32845e-61 0)
(4.89061e-62 1.79412e-62 0)
(1.20325e-63 4.20637e-64 0)
(2.84193e-65 9.6698e-66 0)
(6.56513e-67 2.13967e-67 0)
(1.46228e-68 4.63039e-69 0)
(3.17964e-70 9.68013e-71 0)
(6.68694e-72 1.97583e-72 0)
(1.37127e-73 3.90593e-74 0)
(2.72564e-75 7.53052e-76 0)
(5.27888e-77 1.40867e-77 0)
(9.92476e-79 2.56806e-79 0)
(1.81734e-80 4.54791e-81 0)
(3.23366e-82 7.84569e-83 0)
(5.60239e-84 1.31583e-84 0)
(9.43795e-86 2.14902e-86 0)
(1.54782e-87 3.41377e-88 0)
(2.46916e-89 5.27947e-90 0)
(3.83396e-91 7.94335e-92 0)
(5.79169e-93 1.16364e-93 0)
(8.51386e-95 1.66455e-95 0)
(1.21871e-96 1.01181e-96 0)
(3.70332e-98 1.1884e-98 0)
(-1.84163e-98 -6.9652e-97 0)
)
;

boundaryField
{
    leftWall
    {
        type            fixedValue;
        value           nonuniform 0();
    }
    rightWall
    {
        type            fixedValue;
        value           uniform (0 0 0);
    }
    lowerWall
    {
        type            fixedValue;
        value           nonuniform 0();
    }
    atmosphere
    {
        type            pressureInletOutletVelocity;
        value           nonuniform List<vector> 
45
(
(4.04233e-34 4.23423e-31 0)
(1.56612e-32 2.33653e-32 0)
(1.01772e-33 2.18274e-33 0)
(1.09367e-34 1.07094e-34 0)
(6.00427e-36 7.62696e-36 0)
(4.09683e-37 3.31728e-37 0)
(1.82184e-38 1.73974e-38 0)
(9.6846e-40 6.84155e-40 0)
(3.95531e-41 3.10511e-41 0)
(1.80539e-42 1.14009e-42 0)
(6.81035e-44 4.57179e-44 0)
(2.74487e-45 1.56637e-45 0)
(9.60261e-47 5.65147e-47 0)
(3.48206e-48 1.80955e-48 0)
(1.13365e-49 5.95183e-50 0)
(3.7475e-51 1.78429e-51 0)
(1.13886e-52 5.40151e-53 0)
(3.46509e-54 1.51897e-54 0)
(9.85574e-56 4.26266e-56 0)
(2.77978e-57 1.12644e-57 0)
(7.41724e-59 2.94635e-59 0)
(1.94983e-60 7.32845e-61 0)
(4.89061e-62 1.79412e-62 0)
(1.20325e-63 4.20637e-64 0)
(2.84193e-65 9.6698e-66 0)
(6.56513e-67 2.13967e-67 0)
(1.46228e-68 4.63039e-69 0)
(3.17964e-70 9.68013e-71 0)
(6.68694e-72 1.97583e-72 0)
(1.37127e-73 3.90593e-74 0)
(2.72564e-75 7.53052e-76 0)
(5.27888e-77 1.40867e-77 0)
(9.92476e-79 2.56806e-79 0)
(1.81734e-80 4.54791e-81 0)
(3.23366e-82 7.84569e-83 0)
(5.60239e-84 1.31583e-84 0)
(9.43795e-86 2.14902e-86 0)
(1.54782e-87 3.41377e-88 0)
(2.46916e-89 5.27947e-90 0)
(3.83396e-91 7.94335e-92 0)
(5.79169e-93 1.16364e-93 0)
(8.51386e-95 1.66455e-95 0)
(1.21871e-96 1.01181e-96 0)
(3.70332e-98 1.1884e-98 0)
(0 -6.9652e-97 0)
)
;
    }
    defaultFaces
    {
        type            empty;
    }
    procBoundary3to1
    {
        type            processor;
        value           nonuniform List<vector> 
45
(
(1.15124e-37 9.1648e-38 0)
(1.63666e-36 1.98243e-36 0)
(3.00971e-35 2.71581e-35 0)
(3.02092e-34 5.32937e-34 0)
(5.2282e-33 5.12119e-33 0)
(3.13044e-32 9.84405e-32 0)
(6.01874e-31 9.00731e-32 0)
(5.75445e-31 -1.93583e-31 0)
(-5.7518e-31 -1.93161e-31 0)
(-5.96954e-31 9.47036e-32 0)
(2.42477e-34 1.97356e-31 0)
(6.01894e-31 9.93008e-32 0)
(6.06549e-31 -9.4265e-32 0)
(3.13462e-32 -9.88788e-32 0)
(4.91748e-33 -4.61496e-33 0)
(2.42402e-34 -4.39873e-34 0)
(2.20053e-35 -1.91379e-35 0)
(-9.5828e-37 -3.77582e-36 0)
(-4.31869e-35 -3.68503e-35 0)
(-4.62739e-34 -8.60752e-34 0)
(-9.5935e-33 -8.79128e-33 0)
(-5.77958e-32 -1.9316e-31 0)
(-1.18197e-30 -9.00696e-32 0)
(-6.01872e-31 2.88727e-31 0)
(5.75429e-31 2.01994e-31 0)
(6.284e-31 5.25323e-33 0)
(6.1272e-31 -8.91309e-32 0)
(3.64849e-32 1.75946e-31 0)
(3.50538e-32 1.03134e-31 0)
(6.06984e-31 9.44616e-32 0)
(6.06857e-31 -9.45268e-32 0)
(3.25668e-32 -9.02256e-32 0)
(3.6654e-33 2.57144e-31 0)
(-1.00874e-33 -2.62198e-31 0)
(1.2644e-33 -8.65434e-33 0)
(5.41e-34 6.85201e-34 0)
(9.88178e-33 9.2278e-33 0)
(6.38728e-32 1.97816e-31 0)
(1.20911e-30 1.94951e-31 0)
(1.19028e-30 -2.79332e-31 0)
(-4.89961e-31 -9.50517e-32 0)
(5.5388e-31 3.47708e-31 0)
(-3.22023e-32 -2.72127e-31 0)
(-1.15685e-30 -1.2983e-32 0)
(-5.55562e-32 -8.54602e-32 0)
)
;
    }
    procBoundary3to2
    {
        type            processor;
        value           nonuniform List<vector> 
43
(
(1.0149e-37 2.27474e-41 0)
(5.43516e-39 -5.11668e-39 0)
(6.48516e-40 -9.34747e-40 0)
(-7.24748e-40 -1.764e-38 0)
(-2.25031e-38 -2.63876e-37 0)
(-5.16594e-37 -6.80865e-36 0)
(-2.0019e-35 -6.97649e-35 0)
(-5.88363e-34 -1.73415e-33 0)
(-1.43386e-32 -2.79115e-34 0)
(-5.61369e-33 -4.81478e-33 0)
(-1.26651e-31 -3.73618e-32 0)
(7.62712e-33 -9.0663e-31 0)
(2.5693e-31 1.83745e-32 0)
(2.61763e-33 9.25868e-31 0)
(-1.29292e-31 3.84206e-32 0)
(-5.14145e-33 6.68948e-33 0)
(4.22487e-35 5.75797e-34 0)
(5.19883e-33 7.19745e-33 0)
(1.39664e-31 3.52101e-32 0)
(-1.63686e-31 9.94694e-31 0)
(-4.44983e-31 -1.13532e-30 0)
(1.51511e-31 -2.17561e-30 0)
(4.53206e-31 -5.87171e-32 0)
(-1.61192e-31 1.04597e-30 0)
(-4.67318e-31 -1.20137e-30 0)
(3.19407e-31 -2.27822e-30 0)
(3.21772e-31 1.07539e-30 0)
(-1.49115e-31 1.45596e-32 0)
(-1.29279e-32 1.26183e-32 0)
(-1.94257e-31 -6.77365e-32 0)
(1.52952e-33 -1.22976e-30 0)
(1.71506e-31 -5.10136e-32 0)
(6.84492e-33 -8.82776e-33 0)
(6.69022e-34 -3.79923e-34 0)
(-1.16121e-36 -7.3326e-35 0)
(-7.21411e-34 -3.84234e-34 0)
(-6.88242e-33 -9.45262e-33 0)
(-1.84103e-31 -4.64769e-32 0)
(2.14094e-31 -1.31121e-30 0)
(5.85563e-31 1.48474e-30 0)
(-1.90741e-31 2.86521e-30 0)
(-3.99114e-31 1.26473e-31 0)
(-1.52937e-32 2.15047e-32 0)
)
;
    }
}


// ************************************************************************* //
