/*--------------------------------*- C++ -*----------------------------------*\
| =========                 |                                                 |
| \\      /  F ield         | OpenFOAM: The Open Source CFD Toolbox           |
|  \\    /   O peration     | Version:  2.4.0                                 |
|   \\  /    A nd           | Web:      www.OpenFOAM.org                      |
|    \\/     M anipulation  |                                                 |
\*---------------------------------------------------------------------------*/
FoamFile
{
    version     2.0;
    format      ascii;
    class       surfaceScalarField;
    location    "0.45";
    object      phi;
}
// * * * * * * * * * * * * * * * * * * * * * * * * * * * * * * * * * * * * * //

dimensions      [0 3 -1 0 0 0 0];

internalField   nonuniform List<scalar> 
3782
(
-2.43419e-40
4.32514e-38
-2.74056e-40
4.79399e-39
-6.60087e-41
7.32326e-40
-3.93237e-40
6.81569e-41
-5.30317e-39
-4.74631e-41
-4.89017e-38
-5.21749e-39
-5.93207e-37
-1.75671e-37
-2.60894e-36
-4.26263e-36
-2.93991e-35
-1.3275e-34
-1.64218e-34
-1.85864e-36
-9.35525e-35
2.81852e-35
-9.07546e-33
-3.06416e-36
9.26215e-33
-5.80149e-35
1.03108e-34
-1.90238e-36
1.69263e-34
2.90162e-35
3.27059e-35
2.46304e-36
3.3616e-35
-1.13837e-38
1.52378e-34
-2.38391e-36
-1.22897e-34
-2.94995e-35
1.01341e-32
4.00176e-35
-2.1636e-32
1.00257e-34
-3.01593e-34
-3.40116e-35
-5.54272e-34
-1.01521e-34
1.07758e-32
3.6122e-35
-2.28849e-32
1.0334e-34
-3.33965e-34
-7.05293e-35
1.14692e-32
-7.40817e-35
-1.18442e-32
3.01924e-35
1.19176e-32
-4.82084e-37
-1.24592e-32
-1.51344e-34
-1.73617e-34
-6.63747e-36
-2.2618e-34
-3.90069e-35
-4.05084e-35
-3.32341e-36
-3.509e-36
-4.20271e-37
-3.42676e-36
2.82636e-40
-4.12421e-35
4.31644e-37
-2.00804e-34
3.17608e-36
1.59935e-34
3.89049e-35
-1.3354e-32
-5.23821e-35
2.84388e-32
-1.3222e-34
6.0901e-34
4.1069e-35
5.67062e-34
9.18085e-35
7.50565e-36
4.51412e-37
-2.8243e-39
3.57447e-36
-2.7327e-38
3.51877e-35
-2.87368e-37
-2.02862e-36
1.8691e-34
4.74406e-38
-3.14297e-39
3.64722e-37
-3.03571e-38
3.21722e-36
-3.174e-37
-2.23328e-36
1.64029e-35
6.80481e-39
-3.49471e-40
4.60548e-38
-3.47163e-39
3.50552e-37
-3.44296e-38
-2.32109e-37
1.11511e-36
5.63977e-40
1.94823e-40
3.59204e-39
-2.05062e-40
2.464e-38
-4.71993e-39
-2.96415e-38
5.82986e-38
-5.07581e-42
3.32202e-39
2.56827e-40
3.94001e-39
2.08249e-39
1.83032e-40
-2.30514e-39
3.75042e-39
-3.26313e-39
2.66583e-38
-1.12979e-39
3.25484e-38
-3.30547e-40
4.56005e-39
4.58334e-40
1.50725e-40
-1.02787e-37
2.96332e-37
-2.23975e-38
3.60402e-37
-6.78358e-39
4.42566e-38
6.21664e-39
-9.24436e-40
-2.38897e-36
1.09785e-38
-3.35141e-37
2.9429e-37
-6.31462e-38
3.65359e-38
5.25956e-39
-7.5415e-39
-5.23672e-36
-3.65161e-36
-3.82497e-36
-7.66885e-37
-6.88875e-37
-7.93283e-38
-9.50827e-39
-7.38716e-38
2.13239e-37
-1.82408e-35
2.79818e-38
-1.75099e-36
-1.06704e-38
-1.2665e-37
-1.1134e-38
-2.00766e-39
3.00333e-35
-1.84055e-34
3.61077e-36
-1.05185e-35
4.99528e-37
-4.44367e-37
-1.07751e-38
4.94677e-38
-3.30442e-36
-1.65579e-34
-4.5165e-37
-9.2859e-36
-6.54119e-38
-3.84129e-37
-8.50267e-39
-6.87953e-39
-6.16652e-35
1.76805e-34
-7.45391e-36
9.94395e-36
-1.04088e-36
4.13054e-37
9.32454e-39
-1.03827e-37
-2.07088e-36
1.88426e-34
-3.00817e-37
1.07614e-35
-4.40003e-38
4.53173e-37
1.06526e-38
-4.71209e-39
3.08347e-35
1.84356e-35
3.71972e-36
1.43628e-36
5.18502e-37
8.56916e-38
5.16623e-39
5.1637e-38
2.66622e-36
3.71989e-36
3.72151e-37
4.82163e-37
5.38136e-38
4.36128e-38
4.32347e-39
5.67793e-39
-1.206e-38
3.77675e-36
-1.41483e-39
4.83086e-37
-1.85166e-40
4.31475e-38
4.24252e-39
-1.6128e-41
-2.57781e-36
1.63998e-35
-3.57021e-37
1.04338e-36
-5.06976e-38
4.41036e-38
5.84533e-40
-5.29086e-39
-3.12785e-35
1.87119e-34
-3.70102e-36
9.91745e-36
-5.1223e-37
3.60599e-37
8.99749e-40
-5.05036e-38
4.26492e-35
-4.98433e-35
5.27283e-36
-3.75227e-36
7.40856e-37
-2.18229e-37
-1.26932e-38
7.46456e-38
1.06557e-34
-6.40203e-34
1.28712e-35
-3.66692e-35
1.79631e-36
-1.56264e-36
-3.98614e-38
1.79086e-37
-3.61432e-35
-4.41313e-34
-4.36009e-36
-2.58199e-35
-6.0756e-37
-1.14125e-36
-3.45039e-38
-6.04922e-38
-1.07876e-34
1.53422e-34
-1.30064e-35
6.7885e-36
-1.81274e-36
1.43844e-37
-1.5238e-38
-1.80485e-37
3.83833e-35
-5.68856e-35
4.62773e-36
-4.52656e-36
6.44308e-37
-2.8207e-37
-1.85494e-38
6.41133e-38
1.0976e-34
-6.63241e-34
1.31818e-35
-3.7828e-35
1.83582e-36
-1.60826e-36
-4.10466e-38
1.82488e-37
-7.49082e-35
-2.47179e-34
-8.99369e-36
-1.46089e-35
-1.25366e-36
-6.48117e-37
-1.9352e-38
-1.24675e-37
-7.87917e-35
1.88847e-34
-9.57883e-36
9.82971e-36
-1.33931e-36
3.51155e-37
5.58187e-40
-1.33926e-37
3.2093e-35
1.03153e-35
3.74119e-36
6.21839e-37
5.12383e-37
1.88753e-38
4.19886e-40
4.99483e-38
2.66694e-36
-2.09597e-35
3.65879e-37
-1.0324e-36
3.02884e-38
-2.10895e-38
4.65018e-39
1.84333e-39
3.40609e-35
-2.56577e-34
-4.66795e-37
-1.54005e-35
-2.87648e-37
-7.11584e-37
-2.7093e-38
-3.61369e-38
-3.98164e-36
-2.53825e-34
-5.47342e-37
-1.53052e-35
-9.99093e-38
-7.13417e-37
-2.80746e-38
-1.175e-38
-4.13417e-35
-2.47291e-35
-5.01238e-36
-1.99132e-36
-7.05204e-37
-1.24427e-37
-8.27547e-39
-7.07242e-38
-3.59513e-36
-4.57887e-36
-5.03817e-37
-5.95598e-37
-7.35005e-38
-5.39021e-38
-5.382e-39
-7.80475e-39
-4.57475e-37
-4.48699e-37
-6.65204e-38
-6.62979e-38
-1.05787e-38
-6.66255e-39
-7.0883e-40
-1.17514e-39
2.869e-40
-4.36131e-37
2.09826e-41
-6.28739e-38
-4.805e-42
-6.22799e-39
-6.5161e-40
-1.16029e-42
4.6938e-37
-4.5878e-36
6.76775e-38
-5.80387e-37
1.06623e-38
-5.12843e-38
-5.00693e-39
1.17494e-39
3.43498e-36
-2.16053e-35
4.76316e-37
-1.37255e-36
6.77687e-38
-5.77783e-38
-7.25826e-40
7.08267e-39
4.1252e-35
-2.46778e-34
4.88193e-36
-1.30823e-35
6.75711e-37
-4.75765e-37
-1.19381e-39
6.66279e-38
-5.58284e-35
6.3567e-35
-6.90385e-36
4.85138e-36
-9.70173e-37
2.86382e-37
1.70859e-38
-9.77672e-38
-1.4054e-34
8.43886e-34
-1.69879e-35
4.867e-35
-2.37215e-36
2.10206e-36
5.75247e-38
-2.36616e-37
4.35787e-35
6.02171e-34
5.19058e-36
3.53536e-35
7.21764e-37
1.56028e-36
4.61831e-38
7.15019e-38
9.7647e-35
6.21196e-35
1.18675e-35
5.10874e-36
1.65902e-36
3.25134e-37
2.18411e-38
1.6586e-37
8.1288e-36
1.14173e-36
1.66333e-37
1.76733e-38
2.52547e-34
-2.07325e-35
8.04301e-33
-1.70969e-35
2.87195e-36
4.01521e-35
-8.00994e-33
3.991e-35
-5.41468e-35
-1.91727e-35
8.97511e-35
-4.1738e-35
8.20424e-33
-2.12229e-35
2.78026e-34
1.89113e-35
1.93654e-34
2.09793e-35
3.27127e-35
2.06971e-36
2.85786e-36
2.6326e-37
2.75594e-37
2.17953e-38
-5.99626e-37
5.84293e-39
-5.39853e-36
4.11844e-38
-6.25871e-35
5.0511e-37
-3.54889e-34
3.878e-36
-3.64885e-34
3.99081e-35
-1.61597e-32
1.70813e-35
7.86893e-33
-5.95898e-35
1.7407e-34
-4.38277e-35
8.36773e-33
-2.23905e-36
3.40346e-34
2.24707e-35
3.90434e-34
2.2366e-35
3.14166e-34
-1.68949e-35
8.23955e-33
-1.88062e-35
2.80933e-34
1.92922e-35
1.94035e-34
2.29213e-35
3.3329e-35
3.27174e-36
3.54166e-36
-9.40782e-37
5.77425e-36
-1.93987e-36
6.52315e-35
-6.11188e-37
3.85989e-34
-3.95229e-36
5.34335e-34
-3.80109e-35
1.63388e-32
6.91722e-35
6.02747e-34
5.95935e-35
-7.67522e-33
2.55091e-35
1.56964e-32
-8.15327e-36
-1.60976e-32
5.8143e-35
-3.43438e-34
1.3073e-37
-3.56192e-35
1.44172e-34
-2.25378e-35
2.48527e-34
-1.85361e-35
2.93158e-37
4.36321e-35
-2.45503e-34
4.33649e-35
-1.27054e-34
-2.08218e-35
1.30336e-34
-4.53769e-35
2.62588e-34
-2.3079e-35
1.46805e-34
2.05331e-35
1.7017e-35
2.28102e-35
2.9862e-36
2.27895e-36
2.91686e-37
2.90736e-37
2.85953e-38
2.42148e-38
-6.25473e-38
6.50298e-39
-5.50191e-37
4.57498e-38
-5.68288e-36
5.57687e-37
-3.10784e-35
4.26922e-36
-2.76845e-34
4.33627e-35
-3.81002e-34
1.85188e-35
-1.15956e-35
-6.47466e-35
2.60089e-34
-4.76813e-35
2.7659e-34
-2.5585e-36
1.52197e-34
2.24431e-35
3.46156e-35
2.29849e-35
1.50426e-34
-2.03204e-35
2.65842e-34
-2.05126e-35
1.46846e-34
2.08614e-35
1.70828e-35
2.30334e-35
3.57541e-36
4.25732e-36
3.8844e-37
-1.68986e-36
3.26678e-37
-2.20892e-37
5.89504e-36
-5.88639e-37
3.35682e-35
-4.44284e-36
2.91437e-34
-4.33531e-35
5.1967e-34
-3.6598e-35
1.752e-34
6.25796e-35
2.83889e-35
2.56972e-35
9.60953e-35
-1.00423e-35
-2.52593e-34
6.12376e-35
-2.63689e-34
1.97179e-36
-3.74958e-35
6.11012e-36
-2.03614e-36
9.99897e-36
-1.62221e-36
3.71574e-38
3.92575e-36
-9.6635e-36
3.89695e-36
-4.94605e-36
-1.86005e-36
5.31314e-36
-4.10533e-36
1.08222e-35
-2.09469e-36
6.3933e-36
1.82878e-36
1.14888e-36
2.06569e-36
3.29606e-37
2.37141e-37
3.69037e-38
3.15132e-38
4.08141e-39
2.79226e-39
-8.97793e-39
7.66977e-40
-6.90352e-38
5.26634e-39
-6.22632e-37
6.02866e-38
-1.97255e-36
4.4301e-37
-1.1669e-35
3.8967e-36
-1.55347e-35
1.62013e-36
-5.58646e-37
-5.81753e-36
1.05539e-35
-4.34518e-36
1.16492e-35
-2.64937e-37
6.99003e-36
2.03903e-36
2.36057e-36
2.21622e-36
6.7924e-36
-1.7926e-36
1.11852e-35
-1.82376e-36
6.4098e-36
1.86706e-36
1.15725e-36
2.10065e-36
3.82794e-37
5.60383e-37
4.94403e-38
-2.91987e-37
4.89745e-38
-3.46084e-38
6.20992e-37
-6.55763e-38
1.95303e-36
-4.56813e-37
1.22961e-35
-3.89214e-36
2.2021e-35
-1.29579e-36
8.37456e-36
5.59918e-36
1.71906e-36
2.38699e-36
3.69126e-36
-6.08562e-37
-1.05017e-35
5.46808e-36
-1.14259e-35
1.99546e-37
-3.40872e-36
1.88702e-37
-2.48099e-37
2.83866e-37
-1.9641e-37
2.90951e-39
4.79052e-37
-2.60052e-37
4.7507e-37
-1.27641e-37
-2.26648e-37
1.53897e-37
-5.01217e-37
3.20715e-37
-2.56411e-37
2.08392e-37
2.22312e-37
5.98478e-38
2.524e-37
2.33184e-38
3.01222e-38
2.88719e-39
4.37319e-39
3.35109e-40
4.05151e-40
-7.40749e-40
1.16433e-40
-5.37977e-39
7.61753e-40
-4.37774e-38
8.34939e-39
-9.67398e-38
5.59078e-38
-3.59352e-37
4.75032e-37
-4.52719e-37
1.96124e-37
-1.8609e-38
-7.10106e-37
3.01986e-37
-5.31744e-37
3.56579e-37
-3.41402e-38
2.49012e-37
2.46944e-37
1.25739e-37
2.55098e-37
2.38407e-37
-2.19051e-37
3.46654e-37
-2.21771e-37
2.08625e-37
2.27485e-37
6.06701e-38
2.55667e-37
2.97508e-38
5.57835e-38
4.03962e-39
-2.13256e-38
2.6232e-39
-3.19324e-39
4.26652e-38
-8.74077e-39
8.87548e-38
-5.56833e-38
3.77497e-37
-4.64858e-37
6.94133e-37
-6.28593e-38
3.11059e-37
6.92033e-37
7.9077e-38
2.94577e-37
1.03519e-37
-8.47944e-38
-3.17827e-37
6.65886e-37
-3.78342e-37
2.8629e-38
-3.99865e-37
2.6683e-39
-1.87892e-38
1.23977e-39
-1.46562e-38
2.6683e-40
3.62683e-38
8.27714e-40
3.59338e-38
1.28006e-39
-1.71012e-38
1.00783e-39
-3.8034e-38
3.08734e-39
-1.95035e-38
4.3556e-39
1.67359e-38
3.83587e-39
1.91667e-38
2.01827e-39
2.43384e-39
2.64506e-40
3.68708e-40
3.23218e-41
3.56399e-41
-7.16645e-41
1.04838e-41
-4.90799e-40
6.68859e-41
-3.7748e-39
7.02528e-40
-5.6885e-39
4.50226e-39
-5.09387e-39
3.59304e-38
-3.50011e-39
1.46321e-38
-2.90975e-40
-5.37409e-38
1.4901e-39
-4.05018e-38
4.89881e-39
-2.75428e-39
7.89216e-39
1.87984e-38
8.17442e-39
2.02304e-38
6.93436e-39
-1.63691e-38
5.34371e-39
-1.66694e-38
4.42913e-39
1.7192e-38
3.90965e-39
1.95167e-38
2.5063e-39
5.23813e-39
3.6841e-40
-2.43886e-39
2.71909e-40
-3.42405e-40
3.55596e-39
-7.43835e-40
3.94173e-39
-4.40519e-39
4.42226e-39
-3.47538e-38
1.298e-38
-2.81652e-39
1.16657e-38
5.26655e-38
4.35528e-39
2.27877e-38
5.74294e-40
-4.81991e-39
-4.33635e-39
5.03112e-38
-9.03024e-39
2.33682e-39
-3.06563e-38
-1.21093e-40
-1.59776e-39
-4.06894e-40
-1.28891e-39
1.88821e-41
3.22289e-39
5.46465e-40
3.19063e-39
3.47213e-40
-1.51799e-39
-1.91104e-40
-3.38032e-39
-3.12359e-40
-1.73637e-39
2.60098e-42
1.4832e-39
2.28316e-40
1.70434e-39
1.36921e-40
2.21443e-40
1.88028e-41
3.51285e-41
2.35223e-42
3.48226e-42
-5.23154e-42
1.04961e-42
-3.48126e-41
6.52323e-42
-2.55246e-40
6.68512e-41
-3.22266e-40
4.08087e-40
2.07686e-40
3.19025e-39
5.14505e-40
1.2931e-39
1.05469e-41
-4.77577e-39
-4.20172e-40
-3.60514e-39
-2.26188e-40
-2.52613e-40
2.36698e-40
1.66361e-39
4.96568e-40
1.75319e-39
1.84088e-40
-1.45392e-39
-1.58439e-40
-1.47747e-39
3.93025e-42
1.52612e-39
2.34239e-40
1.73274e-39
1.80077e-40
4.31464e-40
2.68307e-41
-1.75207e-40
1.44884e-41
-2.74816e-41
2.34929e-40
-6.8764e-41
1.74073e-40
-3.84407e-40
-3.07593e-40
-3.01067e-39
-1.09536e-40
3.69893e-40
4.59555e-40
4.75088e-39
2.33983e-40
2.04765e-39
-1.23157e-40
-4.50596e-40
2.04959e-40
4.46621e-39
-1.14794e-40
2.25493e-40
-2.67533e-39
-1.39384e-40
4.98816e-40
-5.64108e-41
-3.29447e-41
3.55356e-43
2.26783e-40
5.54642e-41
2.2058e-40
3.37962e-41
-1.04622e-40
-2.2052e-41
-2.33805e-40
-3.89539e-41
-1.20291e-40
-8.55773e-42
1.02085e-40
1.61427e-41
1.1794e-40
1.02787e-41
1.58786e-41
1.44209e-42
2.58499e-42
1.84284e-43
2.63087e-43
-4.10572e-43
8.05004e-44
-2.66487e-42
4.92211e-43
-1.91317e-41
4.91285e-42
-2.22069e-41
2.91975e-41
3.20818e-41
2.20229e-40
6.09299e-41
8.85051e-41
1.73971e-42
-3.29837e-40
-4.69945e-41
-2.49932e-40
-3.33131e-41
-1.80834e-41
9.11615e-42
1.15379e-40
3.51843e-41
1.25124e-40
4.96659e-42
-9.9494e-41
-2.73765e-41
-1.01562e-40
-8.28951e-42
1.0534e-40
1.65895e-41
1.20383e-40
1.32621e-41
3.40797e-41
2.04482e-42
-1.56394e-41
1.18157e-42
-2.36367e-42
1.70878e-41
-5.06497e-42
7.279e-42
-2.6849e-41
-4.38413e-41
-2.04263e-40
-3.49681e-41
4.69629e-41
2.77399e-41
3.31288e-40
1.63087e-41
1.43835e-40
-1.41905e-41
-2.44953e-41
2.96099e-41
3.08307e-40
6.2572e-42
1.62935e-41
-1.86759e-40
-8.53187e-40
5.10231e-40
-7.81374e-41
4.08353e-41
-6.7447e-42
2.01922e-41
3.23708e-42
1.67187e-41
2.23497e-42
-7.78945e-42
-1.53086e-42
-1.74638e-41
-2.73666e-42
-8.99525e-42
-6.98385e-43
7.60968e-42
1.00168e-42
8.81285e-42
6.52584e-43
1.20504e-42
9.38172e-44
2.00895e-43
1.2127e-44
2.07556e-44
-2.70726e-44
6.43557e-45
-1.73162e-43
3.87904e-44
-1.21245e-42
3.81514e-43
-1.36397e-42
2.21121e-42
2.32219e-42
1.64385e-41
4.24324e-42
6.58292e-42
1.29262e-43
-2.46326e-41
-3.24623e-42
-1.86898e-41
-2.41786e-42
-1.37824e-42
4.05285e-43
8.59825e-42
2.20586e-42
9.22592e-42
1.81035e-43
-7.42389e-42
-1.99907e-42
-7.57072e-42
-6.93787e-43
7.86116e-42
1.03307e-42
8.98918e-42
8.74654e-43
2.46129e-42
1.34985e-43
-1.05714e-42
5.92893e-44
-1.692e-43
1.05641e-42
-3.83874e-43
2.75523e-43
-1.95474e-42
-3.20445e-42
-1.48475e-41
-2.61422e-42
6.51791e-42
1.68399e-42
2.51238e-41
1.00348e-42
1.08546e-41
-9.49182e-43
-1.86012e-42
2.15654e-42
2.30082e-41
6.41565e-43
1.27466e-42
-1.38072e-41
-8.10064e-39
-8.82616e-40
-6.76588e-40
-7.56065e-41
-6.03974e-41
-4.41244e-42
-4.29192e-42
6.36444e-43
-1.96379e-43
-5.23205e-43
-1.27653e-43
-1.11353e-42
-1.88151e-43
-5.73299e-43
-4.95789e-44
4.82754e-43
6.5748e-44
5.61137e-43
4.31985e-44
7.85033e-44
6.28623e-45
1.32851e-44
8.2104e-46
1.39604e-45
-1.83499e-45
4.36847e-46
-1.15912e-44
2.60696e-45
-8.01863e-44
2.52071e-44
-8.9204e-44
1.43858e-43
1.59615e-43
1.04497e-42
2.88501e-43
4.16021e-43
8.98608e-45
-1.56636e-42
-2.20134e-43
-1.19149e-42
-1.65594e-43
-8.96209e-44
2.38012e-44
5.4858e-43
1.44697e-43
6.00844e-43
8.5238e-45
-4.68839e-43
-1.37642e-43
-4.79801e-43
-4.87816e-44
4.99754e-43
6.78442e-44
5.74117e-43
5.73203e-44
1.71182e-43
8.99863e-45
-7.95096e-44
3.96792e-45
-1.245e-44
6.77368e-44
-2.52743e-44
2.74057e-45
-1.23528e-43
-2.30955e-43
-9.23835e-43
-1.70848e-43
5.39234e-43
1.21951e-43
1.61637e-42
6.79489e-44
7.00003e-43
-6.41111e-44
-9.55957e-44
1.47139e-43
1.46286e-42
4.77807e-44
8.33317e-44
-8.85429e-43
-3.44927e-40
-9.08801e-40
-3.54742e-41
-7.42116e-41
-3.75122e-42
-5.28738e-42
-3.00053e-43
-3.34308e-43
-1.7473e-44
-5.96802e-44
-8.07056e-45
-7.49155e-44
-1.11814e-44
-3.78218e-44
-2.97593e-45
3.16782e-44
3.84693e-45
3.68967e-44
2.54274e-45
5.22052e-45
3.75893e-46
8.94907e-46
4.93992e-47
9.49651e-47
-1.10558e-46
2.99363e-47
-6.92635e-46
1.77228e-46
-4.71421e-45
1.69712e-45
-5.20612e-45
9.55556e-45
9.4771e-45
6.86551e-44
1.70598e-44
2.72561e-44
5.40186e-46
-1.02942e-43
-1.30189e-44
-7.83918e-44
-9.88054e-45
-5.97278e-45
1.29376e-45
3.60203e-44
8.52417e-45
3.92497e-44
5.06983e-46
-3.07784e-44
-8.15752e-45
-3.14886e-44
-2.96262e-45
3.28277e-44
3.97941e-45
3.77445e-44
3.46863e-45
1.11061e-44
5.4314e-46
-4.99828e-45
1.80257e-46
-8.07361e-46
3.87149e-45
-1.66472e-45
-4.94336e-46
-7.87382e-45
-1.4203e-44
-5.89914e-44
-9.66338e-45
4.76215e-44
7.64006e-45
1.07882e-43
4.02727e-45
4.64651e-44
-3.6865e-45
-6.22557e-45
8.81039e-45
9.60913e-44
2.85043e-45
5.63439e-45
-5.78646e-44
4.40211e-39
2.2835e-40
3.30539e-40
5.23077e-41
2.51914e-41
4.26884e-42
1.71466e-42
3.083e-43
1.1669e-43
1.7241e-44
6.87955e-45
-3.12181e-45
-2.13374e-46
-2.1525e-45
-1.52162e-46
1.86349e-45
2.30168e-46
2.17146e-45
1.51651e-46
3.12115e-46
2.26042e-47
5.39688e-47
2.98625e-48
5.793e-48
-6.68827e-48
1.83605e-48
-4.16205e-47
1.08056e-47
-2.80823e-46
1.02284e-46
-3.09115e-46
5.70815e-46
5.66196e-46
4.03537e-45
1.01766e-45
1.59523e-45
3.25011e-47
-6.05186e-45
-7.76504e-46
-4.61712e-45
-5.89755e-46
-3.56415e-46
7.63146e-47
2.12355e-45
5.06651e-46
2.34974e-45
2.90466e-47
-1.79983e-45
-4.86828e-46
-1.84663e-45
-1.76956e-46
1.92971e-45
2.36651e-46
2.22653e-45
2.05979e-46
6.9585e-46
3.25285e-47
-3.30225e-46
1.01203e-47
-5.26196e-47
2.23012e-46
-9.95635e-47
-8.01278e-47
-4.54701e-46
-8.91007e-46
-3.38121e-45
-5.34409e-46
3.34325e-45
5.03211e-46
6.42518e-45
2.47287e-46
2.76547e-45
-2.18042e-46
-2.99361e-46
5.25059e-46
5.64912e-45
1.70944e-46
3.37177e-46
-3.42515e-45
-6.33313e-40
2.88936e-40
-4.94964e-41
5.32199e-41
-3.88025e-42
4.27126e-42
-2.72229e-43
3.06699e-43
-1.88899e-44
1.93493e-44
-1.23139e-45
9.5761e-46
-1.12232e-46
-6.12647e-47
-1.426e-47
1.14162e-46
1.22126e-47
1.28998e-46
8.28018e-48
1.86832e-47
1.24978e-48
3.25205e-48
1.65721e-49
3.51413e-49
-3.71644e-49
1.11812e-49
-2.30209e-48
6.55203e-49
-1.53538e-47
6.16013e-48
-1.68315e-47
3.41268e-47
3.09852e-47
2.39189e-46
5.56123e-47
9.43375e-47
1.79379e-48
-3.58776e-46
-4.24586e-47
-2.7398e-46
-3.24079e-47
-2.13419e-47
4.01451e-48
1.25876e-46
2.77727e-47
1.39029e-46
1.71405e-48
-1.06565e-46
-2.65906e-47
-1.09353e-46
-9.80674e-48
1.14362e-46
1.29296e-47
1.32083e-46
1.15139e-47
4.11877e-47
1.81086e-48
-1.92905e-47
3.96293e-49
-3.12725e-48
1.18065e-47
-5.87255e-48
-6.65848e-48
-2.60191e-47
-5.06363e-47
-1.94311e-46
-2.7324e-47
2.40313e-46
2.94838e-47
3.86874e-46
1.37319e-47
1.65531e-46
-1.16335e-47
-1.71633e-47
2.89415e-47
3.34785e-46
9.26311e-48
2.03584e-47
-2.02486e-46
-9.33345e-39
-2.91003e-40
-7.06378e-40
-5.57916e-41
-5.43648e-41
-4.50516e-42
-3.72899e-42
-3.24618e-43
-2.55172e-43
-2.06888e-44
-1.60542e-44
-1.30709e-45
-9.9858e-46
-8.25811e-47
-5.85272e-47
1.69275e-48
-2.6319e-48
6.80582e-48
2.7309e-49
1.02008e-48
5.91586e-50
1.80044e-49
8.64287e-51
1.96508e-50
-2.04969e-50
6.27975e-51
-1.26385e-49
3.66893e-50
-8.37286e-49
3.42155e-49
-9.15761e-49
1.88634e-48
1.69034e-48
1.30644e-47
3.03151e-48
5.13601e-48
9.84014e-50
-1.95984e-47
-2.31475e-48
-1.49876e-47
-1.76797e-48
-1.17806e-48
2.17856e-49
6.89285e-48
1.51311e-48
7.70464e-48
9.35072e-50
-5.7964e-48
-1.44905e-48
-5.9623e-48
-5.35174e-49
6.24692e-48
7.04403e-49
7.23505e-48
6.28296e-49
2.35982e-48
9.91407e-50
-1.148e-48
1.82324e-50
-1.84458e-49
6.20472e-49
-3.22629e-49
-5.13821e-49
-1.38345e-48
-2.89091e-48
-1.031e-47
-1.35996e-48
1.50461e-47
1.75349e-48
2.14289e-47
7.7086e-49
9.14396e-48
-6.27486e-49
-7.66068e-49
1.57811e-48
1.82889e-47
5.04296e-49
1.12514e-48
-1.11245e-47
-4.34735e-40
-2.79031e-40
-3.42212e-41
-5.82245e-41
-2.68212e-42
-4.74992e-42
-1.88704e-43
-3.43268e-43
-1.30932e-44
-2.19041e-44
-8.38692e-46
-1.37108e-45
-5.27433e-47
-8.03214e-47
-3.13225e-48
-4.25242e-48
-1.44265e-49
1.34144e-49
1.33326e-50
4.33001e-50
3.01536e-51
9.25242e-51
4.4409e-52
1.05293e-51
-1.05849e-51
3.45709e-52
-6.51155e-51
2.02459e-51
-4.27689e-50
1.8789e-50
-4.66326e-50
1.03208e-49
8.63632e-50
7.09811e-49
1.54734e-49
2.78513e-49
5.06004e-51
-1.06491e-48
-1.18212e-49
-8.15051e-49
-9.06395e-50
-6.44841e-50
1.07943e-50
3.74682e-49
7.74642e-50
4.18909e-49
5.08671e-51
-3.1452e-49
-7.39226e-50
-3.23674e-49
-2.76152e-50
3.39364e-49
3.59664e-50
3.93462e-49
3.26671e-50
1.28858e-49
5.12866e-51
-6.24945e-50
5.21373e-52
-1.0138e-50
3.0552e-50
-1.73554e-50
-3.30176e-50
-7.21891e-50
-1.53375e-49
-5.41455e-49
-6.37025e-50
9.43478e-49
9.56876e-50
1.18276e-48
4.01248e-50
5.01527e-49
-3.1343e-50
-3.91849e-50
8.11229e-50
9.9354e-49
2.5525e-50
6.18791e-50
-6.03891e-49
4.63545e-39
3.14898e-40
3.50427e-40
1.99108e-41
2.69459e-41
1.26126e-42
1.84684e-42
8.42723e-44
1.26302e-43
5.23655e-45
7.94138e-45
3.24422e-46
4.92808e-46
1.8783e-47
2.86645e-47
1.08971e-48
1.63789e-48
7.75481e-50
8.9823e-50
5.98461e-51
4.8794e-51
6.6806e-52
2.62514e-52
6.4115e-53
-4.19086e-53
1.84183e-53
-3.30023e-52
1.05097e-52
-2.15986e-51
9.69488e-52
-2.35045e-51
5.31354e-51
4.362e-51
3.62114e-50
7.81048e-51
1.41725e-50
2.56744e-52
-5.43302e-50
-5.96806e-51
-4.16297e-50
-4.58054e-51
-3.31479e-51
5.41133e-52
1.91575e-50
3.91105e-51
2.16267e-50
2.59609e-52
-1.59899e-50
-3.73026e-51
-1.64894e-50
-1.39713e-51
1.73139e-50
1.81513e-51
2.01204e-50
1.65475e-51
6.82431e-51
2.59762e-52
-3.40555e-51
1.48896e-53
-5.49086e-52
1.48065e-51
-8.83325e-52
-2.06127e-51
-3.55554e-51
-8.08324e-51
-2.67221e-50
-2.87638e-51
5.38314e-50
5.21303e-51
6.12272e-50
2.08328e-51
2.58553e-50
-1.56297e-51
-1.60675e-51
4.10048e-51
5.06931e-50
1.28503e-51
3.18123e-51
-3.09631e-50
5.20375e-40
3.69424e-40
4.06313e-41
2.82084e-41
3.1708e-42
1.92889e-42
2.21946e-43
1.32579e-43
1.53528e-44
8.35624e-45
9.7991e-46
5.21098e-46
6.1371e-47
3.03927e-47
3.61047e-48
1.74242e-48
2.07737e-49
9.55933e-50
1.14089e-50
5.17897e-51
6.14418e-52
2.82018e-52
3.21317e-53
1.56046e-53
-1.0498e-54
1.52899e-54
-1.58786e-53
5.37711e-54
-1.03542e-52
4.91709e-53
-1.12402e-52
2.69139e-52
2.09137e-52
1.82352e-51
3.74186e-52
7.12524e-52
1.23727e-53
-2.73602e-51
-2.86054e-52
-2.09797e-51
-2.20261e-52
-1.67851e-52
2.52711e-53
9.65477e-52
1.87865e-52
1.09162e-51
1.30902e-53
-8.04058e-52
-1.78632e-52
-8.2975e-52
-6.7545e-53
8.71799e-52
8.6995e-53
1.01423e-51
8.05034e-53
3.46679e-52
1.25652e-53
-1.73446e-52
-2.37604e-55
-2.81113e-53
6.80709e-53
-4.38706e-53
-1.16169e-52
-1.70951e-52
-4.02199e-52
-1.29587e-51
-1.23059e-52
3.04013e-51
2.65962e-52
3.13251e-51
1.01981e-52
1.31405e-51
-7.33833e-53
-7.35027e-53
1.97651e-52
2.55253e-51
6.10978e-53
1.61479e-52
-1.55973e-51
-1.26604e-42
3.59946e-40
-7.94493e-44
2.73849e-41
-5.18323e-45
1.86562e-42
-2.83193e-46
1.27962e-43
-1.58429e-47
8.04539e-45
-7.49574e-49
5.00941e-46
-3.56261e-50
2.91648e-47
-1.38195e-51
1.66918e-48
-4.64744e-53
9.05938e-50
1.55598e-54
4.81783e-51
4.15553e-55
2.4578e-52
5.82551e-56
1.22909e-53
-1.22603e-55
6.26034e-55
-7.55602e-55
2.86305e-55
-4.88356e-54
2.3733e-54
-5.29237e-54
1.29787e-53
9.86398e-54
8.7302e-53
1.76395e-53
3.40427e-53
5.85817e-55
-1.3099e-52
-1.34879e-53
-1.00537e-52
-1.03983e-53
-8.0809e-54
1.18059e-54
4.63164e-53
8.86215e-54
5.27922e-53
6.27091e-55
-3.83802e-53
-8.41866e-54
-3.96796e-53
-3.19415e-54
4.17397e-53
4.10106e-54
4.86553e-53
3.81416e-54
1.71098e-53
5.93877e-55
-8.75432e-54
-4.1467e-56
-1.41262e-54
3.06476e-54
-2.08248e-54
-6.38835e-54
-7.8363e-54
-1.97479e-53
-5.97346e-53
-5.01792e-54
1.60114e-52
1.34229e-53
1.5225e-52
4.94058e-54
6.35378e-53
-3.41324e-54
-2.71208e-54
9.3372e-54
1.22218e-52
2.87037e-54
7.7686e-54
-7.50074e-53
-4.784e-40
-9.44499e-41
-3.70765e-41
-1.19586e-41
-2.87147e-42
-9.34411e-43
-2.0006e-43
-6.71296e-44
-1.37789e-44
-4.32446e-45
-8.76982e-46
-2.72449e-46
-5.47905e-47
-1.60487e-47
-3.21826e-48
-9.25392e-49
-1.84858e-49
-5.06279e-50
-1.00989e-50
-2.70586e-51
-5.38564e-52
-1.38424e-52
-2.75354e-53
-6.91006e-54
-1.37927e-54
-3.30692e-55
-1.00388e-55
-3.34584e-57
-2.23739e-55
1.11425e-55
-2.3876e-55
6.13704e-55
4.45657e-55
4.10802e-54
7.96469e-55
1.59963e-54
2.65783e-56
-6.16374e-54
-6.0928e-55
-4.73386e-54
-4.71025e-55
-3.81832e-55
5.21104e-56
2.18157e-54
4.01097e-55
2.49263e-54
2.95411e-56
-1.80325e-54
-3.79989e-55
-1.86589e-54
-1.45361e-55
1.96391e-54
1.85255e-55
2.29189e-54
1.74504e-55
8.13956e-55
2.70013e-56
-4.18832e-55
-3.84956e-57
-6.77655e-56
1.31955e-55
-9.63253e-56
-3.27535e-55
-3.49601e-55
-9.25242e-55
-2.69431e-54
-1.93362e-55
8.29398e-54
6.42992e-55
7.27949e-54
2.28229e-55
3.01687e-54
-1.51167e-55
-1.09299e-55
4.23895e-55
5.75059e-54
1.287e-55
3.67387e-55
-3.53355e-54
-4.51168e-39
-1.1192e-39
-3.3893e-40
-1.22348e-40
-2.59716e-41
-9.11712e-42
-1.77239e-42
-6.42792e-43
-1.20894e-43
-4.07284e-44
-7.5775e-45
-2.54232e-45
-4.6927e-46
-1.48142e-46
-2.72316e-47
-8.48189e-48
-1.55172e-48
-4.60223e-49
-8.39239e-50
-2.44548e-50
-4.44293e-51
-1.2431e-51
-2.25214e-52
-6.17769e-53
-1.11586e-53
-2.95604e-54
-5.34167e-55
-1.3765e-55
-3.46197e-56
-1.16644e-57
-1.1683e-56
2.75777e-56
1.97055e-56
1.85337e-55
3.52875e-56
7.2051e-56
1.18196e-57
-2.78095e-55
-2.70027e-56
-2.1375e-55
-2.09038e-56
-1.7299e-56
2.28438e-57
9.86141e-56
1.77891e-56
1.1346e-55
1.33379e-57
-8.11469e-56
-1.68325e-56
-8.4107e-56
-6.46439e-57
8.86115e-56
8.20942e-57
1.03591e-55
7.77827e-57
3.76749e-56
1.19868e-57
-1.97444e-56
-2.37752e-58
-3.18405e-57
5.54686e-57
-4.28753e-57
-1.63894e-56
-1.49652e-56
-4.26151e-56
-1.16392e-55
-6.95643e-57
4.06797e-55
3.03125e-56
3.3356e-55
1.03858e-56
1.37418e-55
-6.60155e-57
-3.42795e-57
1.8831e-56
2.59483e-55
5.67963e-57
1.66221e-56
-1.60081e-55
6.73525e-39
-7.49835e-40
5.12763e-40
-4.63997e-41
3.95721e-41
-2.91744e-42
2.72512e-42
-1.94491e-43
1.86882e-43
-1.20888e-44
1.17907e-44
-7.49388e-46
7.33289e-46
-4.3465e-47
4.27646e-47
-2.48199e-48
2.44518e-48
-1.34277e-49
1.32762e-49
-7.12028e-51
7.04832e-51
-3.61084e-52
3.58402e-52
-1.79122e-53
1.77995e-53
-8.55411e-55
8.5177e-55
-3.99045e-56
3.93874e-56
-1.57726e-57
1.34974e-57
1.15804e-57
9.23704e-58
8.19704e-57
1.51065e-57
3.18372e-57
5.08313e-59
-1.23034e-56
-1.15376e-57
-9.46229e-57
-8.95379e-58
-7.67756e-58
9.55668e-59
4.36792e-57
7.6144e-58
5.04052e-57
5.90699e-59
-3.58456e-57
-7.18716e-58
-3.71891e-57
-2.78031e-58
3.92019e-57
3.5079e-58
4.58809e-57
3.361e-58
1.68725e-57
5.14496e-59
-8.90756e-58
-1.38538e-59
-1.43821e-58
2.24138e-58
-1.85901e-58
-7.77692e-58
-6.22273e-58
-1.88688e-57
-4.90751e-57
-2.3093e-58
1.95587e-56
1.36878e-57
1.49976e-56
4.54195e-58
6.13399e-57
-2.76679e-58
-1.13074e-58
8.08274e-58
1.14799e-56
2.40983e-58
7.37495e-58
-7.09475e-57
1.60915e-38
5.73517e-40
1.21739e-39
1.67019e-40
9.36652e-41
1.39703e-41
6.42298e-42
1.01551e-42
4.39428e-43
6.48491e-44
2.76391e-44
4.05655e-45
1.71563e-45
2.36479e-46
9.98189e-47
1.35405e-47
5.69829e-48
7.34647e-49
3.08813e-49
3.90341e-50
1.63726e-50
1.98401e-51
8.31263e-52
9.85904e-53
4.1235e-53
4.7173e-54
1.97086e-54
2.20532e-55
9.19834e-56
9.98324e-57
4.13762e-57
4.93782e-58
2.18775e-58
3.68884e-58
7.09428e-59
1.36481e-58
2.45756e-60
-5.25027e-58
-4.82882e-59
-4.04089e-58
-3.75386e-59
-3.28668e-59
3.95234e-60
1.86743e-58
3.19066e-59
2.16827e-58
2.5228e-60
-1.5262e-58
-3.00741e-59
-1.58589e-58
-1.16835e-59
1.67308e-58
1.46853e-59
1.96122e-58
1.41596e-59
7.36169e-59
2.15624e-60
-3.94696e-59
-7.09078e-61
-6.3565e-60
8.8233e-60
-7.79314e-60
-3.60137e-59
-2.4923e-59
-8.19591e-59
-1.99161e-58
-6.69247e-60
8.99309e-58
6.06563e-59
6.50253e-58
1.9515e-59
2.6421e-58
-1.14024e-59
-2.27296e-60
3.39288e-59
4.89974e-58
1.00411e-59
3.15119e-59
-3.03945e-58
-5.42874e-39
-2.21213e-40
-4.10318e-40
6.76982e-41
-3.15451e-41
6.38627e-42
-2.16176e-42
4.7716e-43
-1.47821e-43
3.06729e-44
-9.29349e-45
1.92204e-45
-5.76675e-46
1.12071e-46
-3.35418e-47
6.41682e-48
-1.91434e-48
3.48079e-49
-1.03724e-49
1.84916e-50
-5.49844e-51
9.39696e-52
-2.79127e-52
4.66881e-53
-1.38449e-53
2.23348e-54
-6.61678e-55
1.04397e-55
-3.08869e-56
4.72096e-57
-1.3961e-57
2.10783e-58
-6.01444e-59
2.35746e-59
-8.2063e-62
6.04092e-60
-2.39523e-62
-2.19324e-59
-1.9629e-60
-1.68997e-59
-1.52561e-60
-1.3771e-60
1.57109e-61
7.81594e-60
1.29582e-60
9.10552e-60
1.05555e-61
-6.3697e-60
-1.21859e-60
-6.62578e-60
-4.76545e-61
6.99352e-60
5.95478e-61
8.20735e-60
5.79947e-61
3.11703e-60
8.76939e-62
-1.68491e-60
-3.49973e-62
-2.7145e-61
3.34904e-61
-3.18311e-61
-1.59775e-60
-9.68038e-61
-3.4405e-60
-7.87545e-60
-1.53377e-61
4.04683e-59
2.59109e-60
2.76285e-59
8.10281e-61
1.11419e-59
-4.53537e-61
-2.39631e-62
1.38148e-60
2.04817e-59
4.04385e-61
1.31881e-60
-1.2733e-59
-1.62008e-38
-2.28522e-39
-1.22457e-39
-2.04281e-40
-9.41572e-41
-1.45347e-41
-6.45285e-42
-1.01052e-42
-4.4128e-43
-6.3734e-44
-2.77441e-44
-3.97182e-45
-1.72163e-45
-2.31193e-46
-1.00139e-46
-1.32289e-47
-5.71533e-48
-7.17323e-49
-3.09673e-49
-3.80987e-50
-1.64158e-50
-1.93564e-51
-8.33333e-52
-9.61557e-53
-4.13335e-53
-4.59921e-54
-1.97537e-54
-2.14953e-55
-9.22054e-56
-9.7185e-57
-4.16546e-57
-4.29246e-58
-1.83762e-58
-1.78194e-59
-7.77539e-60
-5.42575e-61
-3.26418e-61
-9.20301e-61
-9.12037e-62
-6.86082e-61
-6.11937e-62
-5.59477e-62
6.13534e-63
3.17074e-61
5.15032e-62
3.71452e-61
4.27801e-63
-2.5741e-61
-4.83602e-62
-2.68158e-61
-1.89962e-62
2.83235e-61
2.36439e-62
3.32878e-61
2.31801e-62
1.28735e-61
3.4838e-63
-7.05245e-62
-1.60889e-63
-1.13391e-62
1.23592e-62
-1.26125e-62
-6.91917e-62
-3.62813e-62
-1.41536e-61
-3.00664e-61
-1.13699e-63
1.75347e-60
1.08467e-61
1.13708e-60
3.3007e-62
4.55321e-61
-1.77101e-62
2.99729e-63
5.50098e-62
8.29555e-61
1.59742e-62
5.34065e-62
-5.17553e-61
5.75007e-39
-1.23341e-39
4.34431e-40
-8.27885e-41
3.33866e-41
-5.39685e-42
2.28737e-42
-3.64781e-43
1.56376e-43
-2.28283e-44
9.82979e-45
-1.41946e-45
6.09873e-46
-8.25757e-47
3.54693e-47
-4.72413e-48
2.0242e-48
-2.56143e-49
1.09671e-49
-1.36037e-50
5.81345e-51
-6.91128e-52
2.95111e-52
-3.43317e-53
1.46376e-53
-1.64207e-54
6.99561e-55
-7.67428e-56
3.26548e-56
-3.46963e-57
1.47526e-57
-1.53271e-58
6.51083e-59
-6.54944e-60
2.79397e-60
-2.6643e-61
1.16982e-61
-4.64806e-62
1.76401e-63
-2.76149e-62
-2.15519e-63
-2.23775e-63
2.40475e-64
1.25885e-62
1.99057e-63
1.48009e-62
1.69785e-64
-1.01903e-62
-1.86474e-63
-1.06277e-62
-7.36967e-64
1.12303e-62
9.12347e-64
1.32138e-62
9.02698e-64
5.17186e-63
1.34673e-64
-2.85751e-63
-7.16689e-65
-4.5939e-64
4.40296e-64
-4.87172e-64
-2.88989e-63
-1.31588e-63
-5.64895e-63
-1.11681e-62
1.45233e-64
7.4308e-62
4.39713e-63
4.58355e-62
1.30457e-63
1.82119e-62
-6.70234e-64
2.35059e-64
2.13088e-63
3.28934e-62
6.1228e-64
2.11736e-63
-2.05723e-62
1.6374e-38
5.74421e-40
1.23649e-39
1.69993e-40
9.50396e-41
1.42199e-41
6.50907e-42
1.0335e-42
4.44981e-43
6.59649e-44
2.7963e-44
4.12533e-45
1.73471e-45
2.40399e-46
1.00859e-46
1.37623e-47
5.75494e-48
7.46477e-49
3.11716e-49
3.96568e-50
1.65201e-50
2.01527e-51
8.38388e-52
1.00132e-52
4.15748e-53
4.79039e-54
1.9864e-54
2.2393e-55
9.27009e-56
1.01263e-56
4.18687e-57
4.47427e-58
1.84728e-58
1.91919e-59
7.91434e-60
8.04901e-61
3.31369e-61
3.14706e-62
1.33929e-62
2.62479e-64
4.49586e-64
-3.47311e-65
2.96107e-65
4.87923e-64
7.60736e-65
5.74377e-64
6.5774e-66
-3.91937e-64
-7.04132e-65
-4.09349e-64
-2.79562e-65
4.32815e-64
3.44704e-65
5.09955e-64
3.43375e-65
2.02887e-64
5.08843e-66
-1.13433e-64
-3.04117e-66
-1.82069e-65
1.52111e-65
-1.82991e-65
-1.1787e-64
-4.6033e-65
-2.20859e-64
-4.01096e-64
1.29679e-65
3.0469e-63
1.74576e-64
1.79561e-63
5.05522e-65
7.08126e-64
-2.488e-65
1.4724e-65
8.07479e-65
1.2678e-63
2.30067e-65
8.15122e-65
-7.95643e-64
-1.11955e-38
-8.2277e-41
-8.45786e-40
4.29182e-41
-6.50415e-41
3.97984e-42
-4.45592e-42
2.97489e-43
-3.04718e-43
1.92084e-44
-1.91529e-44
1.2099e-45
-1.18842e-45
7.09335e-47
-6.91075e-47
4.0835e-48
-3.94376e-48
2.22711e-49
-2.13635e-49
1.18952e-50
-1.13231e-50
6.07719e-52
-5.74682e-52
3.03551e-53
-2.84995e-53
1.45984e-54
-1.36173e-54
6.85974e-56
-6.35505e-56
3.11816e-57
-2.87033e-57
1.38488e-58
-1.26642e-58
5.97077e-60
-5.42565e-60
2.51617e-61
-2.27168e-61
1.0268e-62
-9.2633e-63
3.74348e-64
-3.72305e-64
1.29519e-65
-1.40327e-65
1.89826e-65
2.22902e-66
2.18044e-65
2.26986e-67
-1.47644e-65
-2.59082e-66
-1.54392e-65
-1.03427e-66
1.63311e-65
1.26883e-66
1.92637e-65
1.27479e-66
7.7571e-66
1.87472e-67
-4.37421e-66
-1.25364e-67
-7.01854e-67
5.0677e-67
-6.70452e-67
-4.65813e-66
-1.55248e-66
-8.4019e-66
-1.39901e-65
7.52108e-67
1.22181e-64
6.73468e-66
6.88919e-65
1.90634e-66
2.69516e-65
-8.97861e-67
7.26349e-67
2.9832e-66
4.78392e-65
8.4126e-67
3.07201e-66
-3.01028e-65
-1.20494e-38
-1.10825e-39
-9.1336e-40
-1.18886e-40
-7.0353e-41
-8.76118e-42
-4.83147e-42
-6.09998e-43
-3.30883e-43
-3.82194e-44
-2.08371e-44
-2.35508e-45
-1.29463e-45
-1.35573e-46
-7.54042e-47
-7.65771e-48
-4.30837e-48
-4.10083e-49
-2.33712e-49
-2.1481e-50
-1.24014e-50
-1.0766e-51
-6.30198e-52
-5.26965e-53
-3.12866e-53
-2.48349e-54
-1.49663e-54
-1.14246e-55
-6.99187e-56
-5.08306e-57
-3.16138e-57
-2.20762e-58
-1.39624e-58
-9.30388e-60
-5.98798e-60
-3.82886e-61
-2.50956e-61
-1.533e-62
-1.0239e-62
-6.00954e-64
-4.08586e-64
-2.29709e-65
-1.58836e-65
-1.75268e-67
-5.05047e-67
7.74982e-67
-1.34136e-68
-5.42909e-67
-9.41343e-68
-5.67371e-67
-3.74644e-68
6.0041e-67
4.57393e-68
7.09151e-67
4.62707e-68
2.89883e-67
6.75555e-69
-1.6522e-67
-4.97714e-69
-2.64757e-68
1.63009e-68
-2.39302e-68
-1.79877e-67
-5.0312e-68
-3.13097e-67
-4.71698e-67
3.74123e-68
4.75744e-66
2.54415e-67
2.5752e-66
7.04659e-68
9.99583e-67
-3.177e-68
3.41545e-68
1.07868e-67
1.75893e-66
3.0152e-68
1.1272e-67
-1.11054e-66
4.40925e-39
-5.90106e-43
3.2739e-40
7.61013e-42
2.47626e-41
9.55085e-43
1.66905e-42
1.16248e-43
1.12286e-43
9.82581e-45
6.94543e-45
8.17022e-46
4.23948e-46
5.77094e-47
2.42574e-47
3.99771e-48
1.36147e-48
2.50779e-49
7.2541e-50
1.53717e-50
3.77986e-51
8.78717e-52
1.88589e-52
4.8986e-53
9.18938e-54
2.58859e-54
4.31348e-55
1.33311e-55
1.9766e-56
6.57341e-57
8.76344e-58
3.1592e-58
3.7934e-59
1.46341e-59
1.59386e-60
6.61073e-61
6.54092e-62
2.89159e-62
2.61188e-63
1.23431e-63
1.01918e-64
5.11879e-65
3.87766e-66
2.09806e-66
1.47751e-67
1.10983e-67
5.56524e-69
-1.63206e-68
-3.09523e-69
-2.02994e-68
-1.31713e-69
2.16213e-68
1.60976e-69
2.55613e-68
1.64141e-69
1.05748e-68
2.37765e-70
-6.07812e-69
-1.92336e-70
-9.73569e-70
5.03277e-70
-8.33638e-70
-6.75244e-69
-1.55934e-69
-1.13778e-68
-1.53998e-68
1.68039e-69
1.81208e-67
9.36248e-69
9.42934e-68
2.54056e-69
3.63e-68
-1.09541e-69
1.45705e-69
3.80915e-69
6.33319e-68
1.054e-69
4.04989e-69
-4.00982e-68
-7.22375e-41
6.6086e-40
-1.8284e-41
6.70159e-41
-2.87268e-42
5.17109e-42
-2.7767e-43
4.04997e-43
-2.60862e-44
2.77902e-44
-2.02915e-45
1.91469e-45
-1.54534e-46
1.2048e-46
-1.05188e-47
7.51166e-48
-6.98868e-49
4.3742e-49
-4.29475e-50
2.50491e-50
-2.57084e-51
1.35893e-51
-1.45054e-52
7.2217e-53
-7.96636e-54
3.67051e-54
-4.17205e-55
1.82411e-55
-2.12698e-56
8.72748e-57
-1.04198e-57
4.08007e-58
-4.97201e-59
1.84509e-59
-2.29189e-60
8.15259e-61
-1.02988e-61
3.49672e-62
-4.4878e-63
1.46587e-63
-1.90815e-64
5.98087e-65
-7.89008e-66
2.3872e-66
-3.18511e-67
9.3889e-68
-1.25297e-68
2.85234e-69
-5.95578e-70
-5.85814e-70
-6.39418e-71
7.64556e-70
5.48216e-71
8.99688e-70
5.6952e-71
3.77385e-70
8.18964e-72
-2.19038e-70
-7.20278e-72
-3.50485e-71
1.48638e-71
-2.83278e-71
-2.47853e-70
-4.59212e-71
-4.05106e-70
-4.84692e-70
7.09111e-71
6.71993e-69
3.37448e-70
3.37038e-69
8.97901e-71
1.28695e-69
-3.70292e-71
6.02574e-71
1.31722e-70
2.22608e-69
3.61175e-71
1.41955e-70
-1.41411e-69
-5.34632e-39
-8.25516e-40
-4.95679e-40
-2.49743e-41
-5.01388e-41
-1.15173e-42
-4.0182e-42
-1.03754e-43
-3.30421e-43
-8.3918e-45
-2.35724e-44
-6.98266e-46
-1.68044e-45
-4.94872e-47
-1.08703e-46
-3.44463e-48
-6.93745e-48
-2.16638e-49
-4.12099e-49
-1.33137e-50
-2.39996e-50
-7.62165e-52
-1.32146e-51
-4.25512e-53
-7.11222e-53
-2.25045e-54
-3.6564e-54
-1.15999e-55
-1.83513e-55
-5.72275e-57
-8.85972e-57
-2.75187e-58
-4.1747e-58
-1.27514e-59
-1.90164e-59
-5.7622e-61
-8.45665e-61
-2.52093e-62
-3.64877e-62
-1.07636e-63
-1.53778e-63
-4.46443e-65
-6.30536e-65
-1.80863e-66
-2.52706e-66
-7.13249e-68
-9.87428e-68
-2.77585e-69
-3.77778e-69
-1.28278e-70
-1.42415e-70
2.23463e-71
-3.27642e-72
3.08705e-71
1.75121e-72
1.3159e-71
2.69498e-73
-7.70367e-72
-2.63206e-73
-1.23211e-72
4.15696e-73
-9.40005e-73
-8.86587e-72
-1.2665e-72
-1.40898e-71
-1.46853e-71
2.83119e-72
2.43878e-70
1.18711e-71
1.18047e-70
3.10069e-72
4.4695e-71
-1.22193e-72
2.35084e-72
4.45456e-72
7.66547e-71
1.20916e-72
4.87393e-72
-4.88371e-71
-1.30604e-39
-9.43556e-40
-1.14005e-40
-3.59539e-41
-1.03017e-41
-1.98962e-42
-7.95646e-43
-1.67842e-43
-6.18013e-44
-1.27782e-44
-4.30319e-45
-9.96719e-46
-2.96684e-46
-6.8226e-47
-1.88694e-47
-4.60362e-48
-1.17861e-48
-2.83993e-49
-6.91538e-50
-1.71499e-50
-3.96832e-51
-9.69919e-52
-2.1649e-52
-5.35498e-53
-1.15289e-53
-2.80868e-54
-5.88502e-55
-1.43666e-55
-2.93058e-56
-7.04498e-57
-1.40699e-57
-3.36881e-58
-6.59036e-59
-1.55389e-59
-2.98881e-60
-6.99216e-61
-1.32303e-61
-3.04813e-62
-5.68832e-63
-1.29715e-63
-2.38872e-64
-5.36487e-65
-9.76669e-66
-2.16768e-66
-3.90314e-67
-8.53257e-68
-1.52163e-68
-3.2847e-69
-5.80374e-70
-1.24185e-70
-2.1669e-71
-3.65329e-72
-7.26601e-73
8.82193e-73
3.62359e-74
4.43835e-73
8.12196e-75
-2.65671e-73
-9.37474e-75
-4.24327e-74
1.08463e-74
-3.04546e-74
-3.10311e-73
-3.19725e-74
-4.8031e-73
-4.25634e-73
1.08552e-73
8.63482e-72
4.09158e-73
4.0422e-72
1.04988e-73
1.51762e-72
-3.95351e-74
8.92998e-74
1.47603e-73
2.58063e-72
3.96928e-74
1.63518e-73
-1.64955e-72
-6.41179e-39
-5.60195e-40
-4.88377e-40
-3.90811e-41
-3.7904e-41
-2.63413e-42
-2.61786e-42
-1.85552e-43
-1.80623e-43
-1.20162e-44
-1.1445e-44
-7.76786e-46
-7.16342e-46
-4.67583e-47
-4.19942e-47
-2.77624e-48
-2.417e-48
-1.55721e-49
-1.31996e-49
-8.57144e-51
-7.05524e-51
-4.50301e-52
-3.60999e-52
-2.31561e-53
-1.80528e-53
-1.14467e-54
-8.6964e-55
-5.53242e-56
-4.09241e-56
-2.58362e-57
-1.86356e-57
-1.17929e-58
-8.29071e-59
-5.22065e-60
-3.58119e-60
-2.25925e-61
-1.5119e-61
-9.50936e-63
-6.21324e-63
-3.91422e-64
-2.49698e-64
-1.57048e-65
-9.7877e-66
-6.16537e-67
-3.75423e-67
-2.36332e-68
-1.40676e-68
-8.86942e-70
-5.16149e-70
-3.25718e-71
-1.85259e-71
-1.14079e-72
-6.49386e-73
-6.6423e-75
-2.03324e-74
1.36041e-74
-4.63003e-76
-8.99039e-75
-3.49e-76
-1.43015e-75
2.54927e-76
-9.63936e-76
-1.06044e-74
-6.94581e-76
-1.60162e-74
-1.17139e-74
4.00167e-75
2.99351e-73
1.37856e-74
1.35688e-73
3.47817e-75
5.05028e-74
-1.25044e-75
3.25352e-75
4.78832e-75
8.51509e-74
1.27474e-75
5.37606e-75
-5.45927e-74
-7.21774e-40
-4.61924e-40
-5.67264e-41
-3.55674e-41
-4.46232e-42
-2.4459e-42
-3.14344e-43
-1.69459e-43
-2.19036e-44
-1.07472e-44
-1.40676e-45
-6.75394e-46
-8.87102e-47
-3.96531e-47
-5.25104e-48
-2.28947e-48
-3.03989e-49
-1.25225e-49
-1.67207e-50
-6.71001e-51
-8.97831e-52
-3.43843e-52
-4.61897e-53
-1.723e-53
-2.31828e-54
-8.31157e-55
-1.12142e-55
-3.91802e-56
-5.29264e-57
-1.78645e-57
-2.41787e-58
-7.95936e-59
-1.07817e-59
-3.44215e-60
-4.66876e-61
-1.45507e-61
-1.97463e-62
-5.98622e-63
-8.13033e-64
-2.40849e-64
-3.27202e-65
-9.45032e-66
-1.2844e-66
-3.62852e-67
-4.93171e-68
-1.36091e-68
-1.84988e-69
-4.99785e-70
-6.79231e-71
-1.79531e-71
-2.43948e-72
-6.30863e-73
-8.57561e-74
-2.06554e-74
-2.88926e-75
-2.43597e-76
-9.05008e-77
-3.19619e-76
-1.42604e-77
-4.79317e-77
4.91843e-78
-2.98282e-77
-3.54833e-76
-1.06899e-77
-5.23663e-76
-3.01544e-76
1.42912e-76
1.01409e-74
4.55254e-76
4.45844e-75
1.13021e-76
1.64509e-75
-3.87844e-77
1.15656e-76
1.52285e-76
2.75017e-75
4.01545e-77
1.72932e-76
-1.76899e-75
-1.14575e-40
-6.39795e-41
-9.23886e-42
-5.04971e-42
-7.45433e-43
-3.55583e-43
-5.3236e-44
-2.49375e-44
-3.7556e-45
-1.60382e-45
-2.42847e-46
-1.01558e-46
-1.53981e-47
-6.01694e-48
-9.13795e-49
-3.49144e-49
-5.29786e-50
-1.92113e-50
-2.91346e-51
-1.03275e-51
-1.56273e-52
-5.31266e-53
-8.02279e-54
-2.66741e-54
-4.0155e-55
-1.28976e-55
-1.93574e-56
-6.08601e-57
-9.09952e-58
-2.77839e-58
-4.13856e-59
-1.23822e-59
-1.83649e-60
-5.35699e-61
-7.91124e-62
-2.26379e-62
-3.32755e-63
-9.31088e-64
-1.36218e-64
-3.74316e-65
-5.44892e-66
-1.46757e-66
-2.1256e-67
-5.62816e-68
-8.10903e-69
-2.10833e-69
-3.02162e-70
-7.73097e-71
-1.10194e-71
-2.77266e-72
-3.93027e-73
-9.73734e-74
-1.37273e-74
-3.31487e-75
-4.67447e-76
-9.71747e-77
-1.54494e-77
-1.32733e-77
-8.79255e-79
-1.64382e-78
4.18464e-80
-9.04264e-79
-1.16099e-77
4.1169e-80
-1.67667e-77
-7.05428e-78
4.94496e-78
3.3656e-76
1.47147e-77
1.43675e-76
3.59724e-78
5.25449e-77
-1.17725e-78
3.9773e-78
4.74595e-78
8.70991e-77
1.23881e-78
5.45376e-78
-5.61973e-77
-1.94833e-43
-5.82009e-41
-2.02421e-44
-4.54293e-42
-2.05045e-45
-3.17571e-43
-1.69795e-46
-2.20999e-44
-1.37215e-47
-1.41299e-45
-9.82621e-49
-8.89209e-47
-6.84728e-50
-5.24117e-48
-4.38868e-51
-3.02507e-49
-2.73312e-52
-1.65673e-50
-1.59827e-53
-8.86357e-52
-9.07893e-55
-4.53971e-53
-4.90462e-56
-2.26925e-54
-2.57499e-57
-1.09271e-55
-1.29647e-58
-5.13467e-57
-6.3492e-60
-2.33478e-58
-2.99915e-61
-1.03637e-59
-1.37942e-62
-4.46642e-61
-6.14498e-64
-1.88016e-62
-2.66831e-65
-7.70389e-64
-1.12567e-66
-3.08544e-65
-4.63389e-68
-1.20522e-66
-1.85764e-69
-4.60491e-68
-7.27403e-71
-1.71871e-69
-2.77889e-72
-6.27919e-71
-1.03795e-73
-2.24379e-72
-3.78798e-75
-7.85376e-74
-1.35214e-76
-2.69053e-75
-4.66147e-78
-8.99209e-77
-1.52887e-79
-3.27881e-78
-1.71236e-80
-1.44335e-79
-1.43887e-81
-2.96259e-80
-3.72161e-79
1.30998e-80
-5.26601e-79
-1.39799e-79
1.66516e-79
1.09289e-77
4.66378e-79
4.53662e-78
1.12342e-79
1.64442e-78
-3.50504e-80
1.33637e-79
1.45081e-79
2.7027e-78
3.75005e-80
1.68453e-79
-1.74951e-78
1.13624e-40
-4.22165e-40
9.1013e-42
-3.20149e-41
7.29535e-43
-2.17381e-42
5.18024e-44
-1.48822e-43
3.63382e-45
-9.33628e-45
2.3376e-46
-5.80512e-46
1.47462e-47
-3.37423e-47
8.70916e-49
-1.92898e-48
5.02525e-50
-1.04511e-49
2.75101e-51
-5.54765e-51
1.46895e-52
-2.81702e-52
7.50846e-54
-1.3989e-53
3.7418e-55
-6.68884e-55
1.79618e-56
-3.12553e-56
8.40806e-58
-1.41287e-57
3.80833e-59
-6.24117e-59
1.68302e-60
-2.67634e-60
7.22085e-62
-1.12185e-61
3.02495e-63
-4.577e-63
1.23338e-64
-1.82626e-64
4.91414e-66
-7.10687e-66
1.90946e-67
-2.70637e-67
7.2559e-69
-1.00676e-68
2.69319e-70
-3.66716e-70
9.78356e-72
-1.30655e-71
3.47597e-73
-4.56093e-73
1.20955e-74
-1.55895e-74
4.12078e-76
-5.22384e-76
1.37594e-77
-1.7165e-77
4.49817e-79
-5.54132e-79
1.43146e-80
-1.82262e-80
-1.12245e-80
2.29957e-82
-1.61971e-80
-1.80235e-81
5.45701e-81
3.47866e-79
1.44819e-80
1.40552e-79
3.4396e-81
5.04865e-80
-1.02215e-81
4.36573e-81
4.34928e-81
8.22752e-80
1.11279e-81
5.10357e-81
-5.34255e-80
6.41417e-40
1.28959e-40
4.97627e-41
1.61404e-41
3.85767e-42
1.25948e-42
2.68959e-43
9.04959e-44
1.85353e-44
5.83249e-45
1.18026e-45
3.67627e-46
7.37653e-47
2.16641e-47
4.33409e-48
1.24957e-48
2.49007e-49
6.83842e-50
1.3606e-50
3.65579e-51
7.25703e-52
1.87104e-52
3.71089e-53
9.34584e-54
1.85122e-54
4.49711e-55
8.9046e-56
2.11172e-56
4.179e-57
9.5956e-58
1.899e-58
4.25643e-59
8.42322e-60
1.83316e-60
3.62904e-61
7.71165e-62
1.52717e-62
3.15776e-63
6.25737e-64
1.26388e-64
2.50608e-65
4.9337e-66
9.79107e-67
1.88388e-67
3.74186e-68
7.02682e-69
1.39713e-69
2.5656e-70
5.10649e-71
9.16217e-72
1.82573e-72
3.20502e-73
6.39423e-74
1.09774e-74
2.19285e-75
3.68527e-76
7.3714e-77
1.21239e-77
2.42845e-78
3.91155e-79
7.84603e-80
1.23572e-80
2.12723e-81
4.18568e-82
-4.12423e-82
3.3772e-83
1.76854e-82
1.08454e-80
4.41239e-82
4.27022e-81
1.03375e-82
1.51994e-81
-2.92444e-83
1.39505e-82
1.27957e-82
2.45595e-81
3.24128e-83
1.51565e-82
-1.59999e-81
5.95237e-39
1.47632e-39
4.47182e-40
1.61427e-40
3.42678e-41
1.20312e-41
2.33864e-42
8.4835e-43
1.59522e-43
5.37592e-44
9.9989e-45
3.356e-45
6.19237e-46
1.95571e-46
3.59349e-47
1.11981e-47
2.04768e-48
6.07638e-49
1.1075e-49
3.22892e-50
5.86316e-51
1.64141e-51
2.97211e-52
8.15737e-53
1.47256e-53
3.90353e-54
7.02929e-55
1.82505e-55
3.27808e-56
8.25462e-57
1.47946e-57
3.6478e-58
6.52364e-59
1.56485e-59
2.7932e-60
6.56113e-61
1.16893e-61
2.67751e-62
4.76213e-63
1.0685e-63
1.89726e-64
4.15862e-65
7.37295e-66
1.58374e-66
2.80374e-67
5.89172e-68
1.0416e-68
2.14604e-69
3.78903e-70
7.64578e-71
1.34826e-71
2.6688e-72
4.7006e-73
9.12129e-74
1.60475e-74
3.05611e-75
5.37096e-76
1.00348e-76
1.76177e-77
3.23197e-78
5.66865e-79
1.02088e-79
1.78779e-80
3.16598e-81
5.39523e-82
9.91825e-83
2.22853e-83
3.34471e-82
1.36802e-83
1.27437e-82
3.0627e-84
4.49146e-83
-8.19677e-85
4.34821e-84
3.69412e-84
7.19541e-83
9.26153e-85
4.41702e-84
-4.70257e-83
-8.82259e-39
1.0366e-39
-6.71752e-40
6.54046e-41
-5.18462e-41
4.15149e-42
-3.57066e-42
2.778e-43
-2.44881e-43
1.7305e-44
-1.54508e-44
1.07387e-45
-9.60957e-46
6.23559e-47
-5.60443e-47
3.56331e-48
-3.20457e-48
1.92946e-49
-1.73999e-49
1.02378e-50
-9.23778e-51
5.1956e-52
-4.69744e-52
2.57882e-53
-2.33296e-53
1.23232e-54
-1.1165e-54
5.75518e-56
-5.21736e-56
2.59996e-57
-2.35974e-57
1.14783e-58
-1.04235e-58
4.91896e-60
-4.4711e-60
2.06063e-61
-1.87397e-61
8.40157e-63
-7.64632e-63
3.35015e-64
-3.05043e-64
1.30284e-65
-1.18703e-65
4.9581e-67
-4.51931e-67
1.84316e-68
-1.68093e-68
6.70927e-70
-6.12116e-70
2.38878e-71
-2.18038e-71
8.33316e-73
-7.60891e-73
2.84638e-74
-2.60003e-74
9.53157e-76
-8.7095e-76
3.12802e-77
-2.85924e-77
1.00694e-78
-9.20693e-79
3.17901e-80
-2.90767e-80
9.85038e-82
-9.0158e-82
3.01006e-83
-2.72429e-83
1.08331e-83
-4.32192e-85
3.75334e-84
6.42501e-86
1.30297e-84
-2.32596e-86
1.3271e-85
1.04691e-85
2.06854e-84
2.59852e-86
1.26269e-85
-1.35633e-84
-2.12695e-38
-3.06058e-40
-1.60967e-39
-1.85101e-40
-1.23879e-40
-1.60149e-41
-8.49678e-42
-1.17386e-42
-5.81404e-43
-7.51386e-44
-3.65748e-44
-4.70396e-45
-2.27055e-45
-2.74328e-46
-1.32119e-46
-1.57111e-47
-7.54277e-48
-8.52578e-49
-4.08803e-49
-4.53062e-50
-2.1675e-50
-2.30312e-51
-1.10053e-51
-1.14458e-52
-5.45938e-53
-5.47706e-54
-2.60944e-54
-2.56067e-55
-1.21813e-55
-1.15815e-56
-5.50342e-57
-5.11779e-58
-2.42876e-58
-2.19537e-59
-1.0408e-59
-9.20437e-61
-4.35871e-61
-3.756e-62
-1.77696e-62
-1.49882e-63
-7.08366e-64
-5.8331e-65
-2.75438e-65
-2.22131e-66
-1.04793e-66
-8.26307e-68
-3.895e-68
-3.00962e-69
-1.41746e-69
-1.07218e-70
-5.04582e-71
-3.74225e-72
-1.75979e-72
-1.27892e-73
-6.00978e-74
-4.28477e-75
-2.012e-75
-1.40682e-76
-6.60154e-77
-4.53071e-78
-2.12461e-78
-1.43102e-79
-6.70624e-80
-4.43569e-81
-2.07742e-81
-1.34923e-82
-6.31491e-83
-3.73756e-84
-1.87397e-84
-1.10592e-86
-5.27409e-86
3.36703e-86
-2.19965e-87
3.86176e-87
2.86919e-87
5.83877e-86
7.14426e-88
3.5436e-87
-3.84099e-86
6.41038e-39
1.65171e-40
4.83129e-40
-1.05056e-40
3.7108e-41
-9.65412e-42
2.53803e-42
-7.17842e-43
1.73396e-43
-4.61651e-44
1.08853e-44
-2.89518e-45
6.7488e-46
-1.69057e-46
3.92071e-47
-9.68952e-48
2.23592e-48
-5.26257e-49
1.21026e-49
-2.79826e-50
6.41087e-51
-1.42347e-51
3.2516e-52
-7.07805e-53
1.61169e-53
-3.389e-54
7.69652e-55
-1.58521e-55
3.59024e-56
-7.17336e-57
1.62078e-57
-3.17127e-58
7.14814e-59
-1.361e-59
3.06112e-60
-5.70848e-61
1.28118e-61
-2.33041e-62
5.21995e-63
-9.30292e-64
2.07975e-64
-3.62189e-65
8.08236e-66
-1.37974e-66
3.07348e-67
-5.13433e-68
1.14179e-68
-1.87067e-69
4.15327e-70
-6.66648e-71
1.47778e-71
-2.32754e-72
5.1517e-73
-7.95692e-74
1.75858e-74
-2.66659e-75
5.88512e-76
-8.75785e-77
1.93018e-77
-2.82129e-78
6.20963e-79
-8.91348e-80
1.9593e-80
-2.76365e-81
6.06718e-82
-8.40895e-83
1.8438e-83
-2.50371e-84
5.50476e-85
-7.06664e-86
1.61892e-86
-1.08687e-87
4.47775e-88
5.55984e-89
9.27789e-89
1.61655e-87
1.97259e-89
9.75665e-89
-1.068e-87
1.49185e-38
1.46698e-39
1.13055e-39
9.86726e-41
8.70528e-41
6.4075e-42
5.97641e-42
4.31174e-43
4.09138e-43
2.68509e-44
2.57558e-44
1.66286e-45
1.59958e-45
9.63473e-47
9.31287e-47
5.49385e-48
5.31879e-48
2.96902e-49
2.88402e-49
1.5725e-50
1.52965e-50
7.96708e-52
7.76979e-52
3.9483e-53
3.85558e-53
1.88401e-54
1.84352e-54
8.78683e-56
8.6084e-56
3.96447e-57
3.89046e-57
1.74812e-58
1.71741e-58
7.48289e-60
7.36182e-60
3.13129e-61
3.08382e-61
1.27535e-62
1.25756e-62
5.08044e-64
5.01437e-64
1.97383e-65
1.95027e-65
7.50469e-67
7.42177e-67
2.78735e-68
2.75923e-68
1.01375e-69
1.00437e-69
3.60634e-71
3.57613e-71
1.25703e-72
1.24749e-72
4.29028e-74
4.2612e-74
1.43556e-75
1.42691e-75
4.7076e-77
4.6828e-77
1.51431e-78
1.50741e-78
4.77739e-80
4.75904e-80
1.47919e-81
1.47452e-81
4.49463e-83
4.4835e-83
1.34122e-84
1.33855e-84
3.93684e-86
3.92406e-86
1.15896e-87
1.12946e-87
3.52712e-89
3.41e-89
4.49721e-89
1.40303e-90
2.66676e-90
-2.91847e-89
1.62843e-39
1.27839e-40
1.00133e-41
7.03537e-43
4.87941e-44
3.12288e-45
1.95978e-46
1.15542e-47
6.65608e-49
3.64532e-50
1.94774e-51
9.97497e-53
4.98176e-54
2.39861e-55
1.12644e-56
5.12159e-58
2.27251e-59
9.79328e-61
4.12156e-62
1.68878e-63
6.76284e-65
2.64176e-66
1.00934e-67
3.76749e-69
1.37649e-70
4.91933e-72
1.72207e-73
5.90274e-75
1.98315e-76
6.52959e-78
2.10851e-79
6.67749e-81
2.07514e-82
6.32846e-84
1.89479e-85
5.57028e-87
1.60827e-88
4.61766e-90
1.41091e-91
)
;

boundaryField
{
    leftWall
    {
        type            calculated;
        value           nonuniform 0();
    }
    rightWall
    {
        type            calculated;
        value           uniform 0;
    }
    lowerWall
    {
        type            calculated;
        value           nonuniform 0();
    }
    atmosphere
    {
        type            calculated;
        value           nonuniform List<scalar> 
45
(
1.91729e-34
2.17117e-35
2.66451e-36
2.3195e-37
2.22109e-38
1.85402e-39
1.39571e-40
9.44348e-42
6.44388e-43
4.03397e-44
2.50245e-45
1.45199e-46
8.2849e-48
4.4816e-49
2.37498e-50
1.20423e-51
5.97111e-53
2.8512e-54
1.33046e-55
6.00651e-57
2.64987e-58
1.13492e-59
4.75145e-61
1.93624e-62
7.71664e-64
2.99949e-65
1.14094e-66
4.23954e-68
1.54256e-69
5.48994e-71
1.91437e-72
6.53652e-74
2.18805e-75
7.1781e-77
2.30989e-78
7.29017e-80
2.25806e-81
6.86388e-83
2.04862e-84
6.00415e-86
1.72983e-87
4.90609e-89
3.71442e-90
1.77493e-91
-1.55536e-90
)
;
    }
    defaultFaces
    {
        type            empty;
        value           nonuniform 0();
    }
    procBoundary3to1
    {
        type            processor;
        value           nonuniform List<scalar> 
45
(
-2.44468e-40
-2.82321e-39
-2.73258e-38
-2.87367e-37
-2.02862e-36
-2.07325e-35
-1.70969e-35
4.01521e-35
3.991e-35
-1.91727e-35
-4.1738e-35
-2.12229e-35
1.89113e-35
2.09793e-35
2.06971e-36
2.6326e-37
2.17953e-38
5.84293e-39
4.11844e-38
5.0511e-37
3.878e-36
3.99081e-35
1.70813e-35
-5.95901e-35
-4.38373e-35
-2.50922e-36
1.67804e-35
-8.41809e-35
-2.25854e-35
-1.90858e-35
1.90221e-35
1.7501e-35
-9.75848e-35
9.99158e-35
3.48005e-36
-3.60447e-37
-4.21988e-36
-4.38441e-35
-4.00609e-35
5.349e-35
1.9542e-35
-1.14701e-34
5.27135e-35
5.28943e-36
6.36227e-35
)
;
    }
    procBoundary3to2
    {
        type            processor;
        value           nonuniform List<scalar> 
43
(
-4.09027e-39
-4.62844e-40
-7.47281e-41
-6.14951e-42
7.80771e-41
3.52443e-39
1.06557e-37
2.43164e-36
5.31492e-36
4.61952e-36
2.58617e-35
-2.77959e-36
-5.26877e-35
-1.73265e-36
2.63505e-35
2.24166e-36
-1.03271e-38
-2.16856e-36
-2.67816e-35
3.63546e-35
9.10501e-35
-3.08868e-35
-9.21936e-35
3.28026e-35
9.38414e-35
-6.40472e-35
-6.7272e-35
2.77898e-35
8.61427e-36
4.31501e-35
3.01492e-36
-3.50435e-35
-3.01308e-36
-3.83364e-37
2.46259e-40
3.93835e-37
2.88933e-36
3.53206e-35
-4.75875e-35
-1.2008e-34
3.72904e-35
8.33837e-35
6.82993e-36
)
;
    }
}


// ************************************************************************* //
