/*--------------------------------*- C++ -*----------------------------------*\
| =========                 |                                                 |
| \\      /  F ield         | OpenFOAM: The Open Source CFD Toolbox           |
|  \\    /   O peration     | Version:  2.4.0                                 |
|   \\  /    A nd           | Web:      www.OpenFOAM.org                      |
|    \\/     M anipulation  |                                                 |
\*---------------------------------------------------------------------------*/
FoamFile
{
    version     2.0;
    format      ascii;
    class       volVectorField;
    location    "0.15";
    object      U;
}
// * * * * * * * * * * * * * * * * * * * * * * * * * * * * * * * * * * * * * //

dimensions      [0 1 -1 0 0 0 0];

internalField   nonuniform List<vector> 
1915
(
(1.69593e-46 -1.63629e-43 0)
(5.74817e-45 -6.89193e-45 0)
(9.6171e-46 -3.52673e-42 0)
(1.28346e-43 -1.45338e-43 0)
(1.92972e-44 -6.47867e-41 0)
(2.7886e-42 -2.66307e-42 0)
(3.20156e-43 -1.31214e-39 0)
(5.10319e-41 -5.23344e-41 0)
(5.68322e-42 -2.05029e-38 0)
(1.02965e-39 -8.20267e-40 0)
(7.02952e-41 -3.89621e-37 0)
(1.59986e-38 -1.49595e-38 0)
(1.00112e-39 -4.87136e-36 0)
(3.02534e-37 -1.89689e-37 0)
(4.9226e-39 -8.94508e-35 0)
(3.73559e-36 -3.27581e-36 0)
(1.48101e-38 -7.86074e-34 0)
(6.77501e-35 -2.99459e-35 0)
(-9.53495e-37 -1.52596e-32 0)
(5.52051e-34 -5.22094e-34 0)
(-1.89069e-37 -4.13342e-38 0)
(-5.56136e-36 -4.75586e-37 0)
(-3.74844e-35 -1.3755e-35 0)
(-1.37852e-33 -1.28843e-35 0)
(-1.34644e-33 2.71587e-35 0)
(1.34644e-33 2.71587e-35 0)
(1.37852e-33 -1.28843e-35 0)
(3.74844e-35 -1.3755e-35 0)
(5.56162e-36 -4.7564e-37 0)
(1.80799e-37 -4.22785e-38 0)
(1.5324e-38 -1.41857e-39 0)
(5.10055e-40 -8.7309e-41 0)
(-6.20472e-47 -5.68877e-42 0)
(-5.10056e-40 -8.73091e-41 0)
(-1.5324e-38 -1.41857e-39 0)
(-1.808e-37 -4.22787e-38 0)
(-5.56165e-36 -4.75643e-37 0)
(-3.74849e-35 -1.37551e-35 0)
(-1.37854e-33 -1.28857e-35 0)
(-1.34662e-33 2.71163e-35 0)
(1.34086e-33 2.66816e-35 0)
(1.34086e-33 -2.66816e-35 0)
(-1.34662e-33 -2.71163e-35 0)
(-1.37854e-33 1.28857e-35 0)
(-3.74849e-35 1.37551e-35 0)
(-5.56165e-36 4.75643e-37 0)
(-1.80801e-37 4.22785e-38 0)
(-1.53553e-38 1.41572e-39 0)
(-1.02311e-39 -1.33949e-43 0)
(-1.53854e-38 -1.41843e-39 0)
(-1.81281e-37 -4.23629e-38 0)
(-5.57646e-36 -4.76974e-37 0)
(-3.76503e-35 -1.37959e-35 0)
(-1.38392e-33 -1.3319e-35 0)
(-1.37852e-33 1.38384e-35 0)
(-7.18745e-43 2.75947e-35 0)
(1.37852e-33 1.38384e-35 0)
(1.38392e-33 -1.3319e-35 0)
(3.76357e-35 -1.37961e-35 0)
(5.49582e-36 -4.53104e-37 0)
(-1.29437e-38 1.98533e-38 0)
(-3.34883e-37 2.39574e-37 0)
(-2.53565e-36 6.93846e-36 0)
(-6.66215e-35 6.49932e-36 0)
(-6.44092e-35 -1.36992e-35 0)
(6.44092e-35 -1.36992e-35 0)
(6.66215e-35 6.49932e-36 0)
(2.53565e-36 6.93846e-36 0)
(3.34906e-37 2.39609e-37 0)
(1.25908e-38 2.10296e-38 0)
(1.01577e-39 7.02459e-40 0)
(3.68598e-41 4.29207e-41 0)
(-4.7539e-48 2.78545e-42 0)
(-3.68599e-41 4.29208e-41 0)
(-1.01577e-39 7.02461e-40 0)
(-1.25908e-38 2.10297e-38 0)
(-3.34909e-37 2.3961e-37 0)
(-2.53569e-36 6.93851e-36 0)
(-6.66225e-35 6.50002e-36 0)
(-6.44218e-35 -1.36781e-35 0)
(6.40732e-35 -1.34589e-35 0)
(6.40732e-35 1.34589e-35 0)
(-6.44218e-35 1.36781e-35 0)
(-6.66225e-35 -6.50002e-36 0)
(-2.53569e-36 -6.93851e-36 0)
(-3.34909e-37 -2.3961e-37 0)
(-1.25909e-38 -2.10296e-38 0)
(-1.01797e-39 -7.01064e-40 0)
(-7.39437e-41 6.53147e-44 0)
(-1.02009e-39 7.02391e-40 0)
(-1.26256e-38 2.10711e-38 0)
(-3.35887e-37 2.40269e-37 0)
(-2.54726e-36 6.95883e-36 0)
(-6.69448e-35 6.71856e-36 0)
(-6.66215e-35 -6.97995e-36 0)
(-6.26182e-44 -1.39191e-35 0)
(6.66215e-35 -6.97994e-36 0)
(6.69448e-35 6.71859e-36 0)
(2.54614e-36 6.95852e-36 0)
(3.28121e-37 2.01035e-37 0)
(-1.68379e-39 1.30741e-39 0)
(-3.80669e-38 1.65133e-38 0)
(-1.2307e-37 4.01581e-37 0)
(-2.18637e-36 3.71195e-37 0)
(-2.09996e-36 -7.9074e-37 0)
(2.09996e-36 -7.9074e-37 0)
(2.18637e-36 3.71195e-37 0)
(1.23069e-37 4.01581e-37 0)
(3.8066e-38 1.65155e-38 0)
(1.54664e-39 1.39432e-39 0)
(1.50935e-40 5.09467e-41 0)
(5.6147e-42 3.03711e-42 0)
(-8.07933e-49 2.09377e-43 0)
(-5.61472e-42 3.03711e-42 0)
(-1.50936e-40 5.09469e-41 0)
(-1.54665e-39 1.39432e-39 0)
(-3.80664e-38 1.65156e-38 0)
(-1.23075e-37 4.01584e-37 0)
(-2.18652e-36 3.71246e-37 0)
(-2.10152e-36 -7.89343e-37 0)
(2.06175e-36 -7.74174e-37 0)
(2.06175e-36 7.74174e-37 0)
(-2.10152e-36 7.89343e-37 0)
(-2.18652e-36 -3.71246e-37 0)
(-1.23075e-37 -4.01584e-37 0)
(-3.80664e-38 -1.65156e-38 0)
(-1.54667e-39 -1.39432e-39 0)
(-1.51296e-40 -5.08419e-41 0)
(-1.12662e-41 4.83595e-45 0)
(-1.51642e-40 5.09417e-41 0)
(-1.55193e-39 1.39725e-39 0)
(-3.82117e-38 1.65635e-38 0)
(-1.2447e-37 4.02928e-37 0)
(-2.22303e-36 3.86364e-37 0)
(-2.18637e-36 -4.04328e-37 0)
(-1.89702e-45 -8.05958e-37 0)
(2.18637e-36 -4.04328e-37 0)
(2.22303e-36 3.86367e-37 0)
(1.24481e-37 4.02907e-37 0)
(3.84629e-38 1.38732e-38 0)
(-1.01398e-40 1.9657e-40 0)
(-2.06298e-39 2.10958e-39 0)
(-4.42899e-39 5.02704e-38 0)
(-5.49805e-38 4.64471e-38 0)
(-5.25309e-38 -9.90454e-38 0)
(5.25309e-38 -9.90454e-38 0)
(5.49805e-38 4.64471e-38 0)
(4.42897e-39 5.02705e-38 0)
(2.06286e-39 2.11009e-39 0)
(9.23425e-41 2.09437e-40 0)
(9.27182e-42 7.8194e-42 0)
(3.6542e-43 4.99691e-43 0)
(-5.62698e-50 3.46546e-44 0)
(-3.65421e-43 4.99692e-43 0)
(-9.27186e-42 7.81942e-42 0)
(-9.23433e-41 2.09438e-40 0)
(-2.06288e-39 2.11011e-39 0)
(-4.42934e-39 5.0271e-38 0)
(-5.49898e-38 4.6455e-38 0)
(-5.26236e-38 -9.88355e-38 0)
(5.04588e-38 -9.69275e-38 0)
(5.04588e-38 9.69275e-38 0)
(-5.26236e-38 9.88355e-38 0)
(-5.49898e-38 -4.6455e-38 0)
(-4.42934e-39 -5.0271e-38 0)
(-2.06288e-39 -2.11011e-39 0)
(-9.23442e-41 -2.09437e-40 0)
(-9.29539e-42 -7.80204e-42 0)
(-7.33342e-43 8.23249e-46 0)
(-9.31795e-42 7.81854e-42 0)
(-9.2687e-41 2.09919e-40 0)
(-2.07179e-39 2.11743e-39 0)
(-4.51239e-39 5.04726e-38 0)
(-5.69599e-38 4.83551e-38 0)
(-5.49805e-38 -5.0683e-38 0)
(-1.60553e-47 -1.00961e-37 0)
(5.49805e-38 -5.0683e-38 0)
(5.696e-38 4.83551e-38 0)
(4.51523e-39 5.04667e-38 0)
(2.10277e-39 1.73243e-39 0)
(-8.41199e-42 1.20541e-41 0)
(-1.63031e-40 1.27257e-40 0)
(-2.04704e-40 2.79051e-39 0)
(-8.60287e-40 2.56027e-39 0)
(-8.11908e-40 -5.49151e-39 0)
(8.11908e-40 -5.49151e-39 0)
(8.60287e-40 2.56027e-39 0)
(2.04702e-40 2.79051e-39 0)
(1.63011e-40 1.27291e-40 0)
(7.4612e-42 1.28906e-41 0)
(8.02866e-43 5.09572e-43 0)
(3.19381e-44 3.26745e-44 0)
(-5.07552e-51 2.35666e-45 0)
(-3.19382e-44 3.26746e-44 0)
(-8.0287e-43 5.09574e-43 0)
(-7.46128e-42 1.28906e-41 0)
(-1.63013e-40 1.27292e-40 0)
(-2.04734e-40 2.79054e-39 0)
(-8.61092e-40 2.56078e-39 0)
(-8.19401e-40 -5.47858e-39 0)
(6.48092e-40 -5.3637e-39 0)
(6.48092e-40 5.3637e-39 0)
(-8.19401e-40 5.47858e-39 0)
(-8.61092e-40 -2.56078e-39 0)
(-2.04734e-40 -2.79054e-39 0)
(-1.63013e-40 -1.27292e-40 0)
(-7.46136e-42 -1.28906e-41 0)
(-8.04979e-43 -5.08392e-43 0)
(-6.4101e-44 5.58641e-47 0)
(-8.07001e-43 5.09514e-43 0)
(-7.49127e-42 1.2922e-41 0)
(-1.63784e-40 1.27769e-40 0)
(-2.1139e-40 2.80292e-39 0)
(-1.01661e-39 2.67515e-39 0)
(-8.60287e-40 -2.81588e-39 0)
(2.18376e-47 -5.60686e-39 0)
(8.60288e-40 -2.81588e-39 0)
(1.01663e-39 2.67515e-39 0)
(2.11956e-40 2.8025e-39 0)
(1.6846e-40 1.04002e-40 0)
(-4.69673e-43 1.04654e-42 0)
(-8.57912e-42 1.03784e-41 0)
(-8.69722e-42 2.25645e-40 0)
(8.72433e-44 2.06994e-40 0)
(5.77054e-43 -4.44188e-40 0)
(-5.77054e-43 -4.44188e-40 0)
(-8.72466e-44 2.06994e-40 0)
(8.69709e-42 2.25646e-40 0)
(8.57775e-42 1.0382e-41 0)
(4.13871e-43 1.11889e-42 0)
(4.51507e-44 4.46136e-44 0)
(1.86141e-45 2.9327e-45 0)
(-3.07137e-52 2.12019e-46 0)
(-1.86142e-45 2.93271e-45 0)
(-4.51509e-44 4.46138e-44 0)
(-4.13876e-43 1.11889e-42 0)
(-8.57787e-42 1.03821e-41 0)
(-8.69896e-42 2.25648e-40 0)
(4.19727e-44 2.07039e-40 0)
(1.61313e-43 -4.43066e-40 0)
(-9.20007e-42 -4.33761e-40 0)
(-9.20007e-42 4.33761e-40 0)
(1.61313e-43 4.43066e-40 0)
(4.19727e-44 -2.07039e-40 0)
(-8.69896e-42 -2.25648e-40 0)
(-8.57787e-42 -1.03821e-41 0)
(-4.1388e-43 -1.11889e-42 0)
(-4.5274e-44 -4.45075e-44 0)
(-3.73628e-45 5.06424e-48 0)
(-4.5392e-44 4.46084e-44 0)
(-4.15623e-43 1.12171e-42 0)
(-8.62115e-42 1.04238e-41 0)
(-9.06755e-42 2.26723e-40 0)
(-8.12003e-42 2.16299e-40 0)
(8.72466e-44 -2.27847e-40 0)
(1.86405e-48 -4.53535e-40 0)
(-8.71889e-44 -2.27847e-40 0)
(8.12149e-42 2.16298e-40 0)
(9.10566e-42 2.26679e-40 0)
(8.92025e-42 8.38086e-42 0)
(-2.99657e-44 6.27403e-44 0)
(-5.49611e-43 5.76881e-43 0)
(-4.98933e-43 1.19513e-41 0)
(1.21327e-42 1.09149e-41 0)
(1.18678e-42 -2.35095e-41 0)
(-1.18678e-42 -2.35095e-41 0)
(-1.21327e-42 1.09149e-41 0)
(4.98938e-43 1.19513e-41 0)
(5.49261e-43 5.7753e-43 0)
(2.67075e-44 6.2969e-44 0)
(2.9858e-45 2.60175e-45 0)
(1.23683e-46 1.71278e-46 0)
(-2.04017e-53 1.26928e-47 0)
(-1.23683e-46 1.71279e-46 0)
(-2.98582e-45 2.60176e-45 0)
(-2.67078e-44 6.29693e-44 0)
(-5.49269e-43 5.77536e-43 0)
(-4.99062e-43 1.19515e-41 0)
(1.21027e-42 1.09175e-41 0)
(1.15995e-42 -2.34463e-41 0)
(-1.73904e-42 -2.29293e-41 0)
(-1.73904e-42 2.29293e-41 0)
(1.15995e-42 2.34463e-41 0)
(1.21027e-42 -1.09175e-41 0)
(-4.99062e-43 -1.19515e-41 0)
(-5.49269e-43 -5.77536e-43 0)
(-2.67081e-44 -6.2969e-44 0)
(-2.99406e-45 -2.5954e-45 0)
(-2.48267e-46 3.02311e-49 0)
(-3.00195e-45 2.60144e-45 0)
(-2.68239e-44 6.31336e-44 0)
(-5.52131e-43 5.79966e-43 0)
(-5.22776e-43 1.20118e-41 0)
(6.87843e-43 1.14319e-41 0)
(1.21327e-42 -1.20751e-41 0)
(1.77451e-49 -2.40289e-41 0)
(-1.21326e-42 -1.20751e-41 0)
(-6.87727e-43 1.14318e-41 0)
(5.25812e-43 1.20091e-41 0)
(5.7494e-43 4.65156e-43 0)
(2.17729e-44 1.83228e-43 0)
(-2.89899e-44 2.54784e-44 0)
(-2.35323e-44 7.67292e-43 0)
(7.48239e-44 7.01088e-43 0)
(7.2684e-44 -1.51074e-42 0)
(-7.2683e-44 -1.51074e-42 0)
(-7.48061e-44 7.01121e-43 0)
(2.3869e-44 7.67938e-43 0)
(2.72116e-44 3.73322e-44 0)
(1.36658e-45 4.1672e-45 0)
(1.53208e-46 1.7299e-46 0)
(6.49396e-48 1.14707e-47 0)
(-1.08471e-54 8.51023e-49 0)
(-6.49399e-48 1.14707e-47 0)
(-1.53209e-46 1.72991e-46 0)
(-1.36659e-45 4.16722e-45 0)
(-2.7212e-44 3.73326e-44 0)
(-2.38755e-44 7.67949e-43 0)
(7.46525e-44 7.01295e-43 0)
(7.13099e-44 -1.50656e-42 0)
(-1.00048e-43 -1.47324e-42 0)
(-1.00048e-43 1.47324e-42 0)
(7.13099e-44 1.50656e-42 0)
(7.46525e-44 -7.01295e-43 0)
(-2.38755e-44 -7.67949e-43 0)
(-2.7212e-44 -3.73326e-44 0)
(-1.36661e-45 -4.1672e-45 0)
(-1.5364e-46 -1.72564e-46 0)
(-1.30359e-47 2.02481e-50 0)
(-1.54053e-46 1.72969e-46 0)
(-1.37269e-45 4.17822e-45 0)
(-2.73587e-44 3.74941e-44 0)
(-2.50885e-44 7.71943e-43 0)
(4.8814e-44 7.34448e-43 0)
(7.48061e-44 -7.76133e-43 0)
(1.09763e-50 -1.54423e-42 0)
(-7.48058e-44 -7.76133e-43 0)
(-4.88073e-44 7.34441e-43 0)
(2.52568e-44 7.71746e-43 0)
(2.86098e-44 2.99231e-44 0)
(1.53213e-42 6.93771e-43 0)
(-5.43861e-44 -1.86886e-43 0)
(8.64622e-45 2.70452e-44 0)
(4.82272e-45 3.42336e-44 0)
(4.2362e-45 -7.49087e-44 0)
(-4.2111e-45 -7.4893e-44 0)
(-4.34199e-45 3.46683e-44 0)
(1.28774e-45 3.8089e-44 0)
(1.48454e-45 1.91148e-45 0)
(7.49462e-47 2.13903e-46 0)
(8.45803e-48 9.08613e-48 0)
(3.5967e-49 6.009e-49 0)
(-5.90505e-56 4.52855e-50 0)
(-3.59672e-49 6.00901e-49 0)
(-8.45807e-48 9.08617e-48 0)
(-7.49471e-47 2.13904e-46 0)
(-1.48457e-45 1.9115e-45 0)
(-1.2881e-45 3.80896e-44 0)
(4.33354e-45 3.46774e-44 0)
(4.13673e-45 -7.46779e-44 0)
(-5.70506e-45 -7.29719e-44 0)
(-5.70506e-45 7.29719e-44 0)
(4.13673e-45 7.46779e-44 0)
(4.33354e-45 -3.46774e-44 0)
(-1.2881e-45 -3.80896e-44 0)
(-1.48457e-45 -1.9115e-45 0)
(-7.4948e-47 -2.13903e-46 0)
(-8.48194e-48 -9.06345e-48 0)
(-7.21995e-49 1.0719e-51 0)
(-8.50478e-48 9.08502e-48 0)
(-7.52848e-47 2.1448e-46 0)
(-1.49266e-45 1.91998e-45 0)
(-1.35456e-45 3.82944e-44 0)
(2.9243e-45 3.63744e-44 0)
(4.34202e-45 -3.85095e-44 0)
(7.06362e-52 -7.66071e-44 0)
(-4.342e-45 -3.85095e-44 0)
(-2.9239e-45 3.63739e-44 0)
(1.36464e-45 3.82836e-44 0)
(1.56714e-45 1.53225e-45 0)
(8.31148e-41 8.38857e-41 0)
(4.07568e-42 -5.1007e-42 0)
(2.04372e-43 -3.02307e-43 0)
(8.8676e-45 -7.77037e-45 0)
(5.15267e-46 -4.42315e-45 0)
(-1.83998e-46 -4.0864e-45 0)
(-2.01639e-46 1.88603e-45 0)
(5.87111e-47 2.07336e-45 0)
(6.80929e-47 1.04585e-46 0)
(3.51444e-48 1.17742e-47 0)
(3.95319e-49 5.01748e-49 0)
(1.70729e-50 3.31237e-50 0)
(-2.62135e-57 2.49736e-51 0)
(-1.7073e-50 3.31238e-50 0)
(-3.95321e-49 5.0175e-49 0)
(-3.51447e-48 1.17743e-47 0)
(-6.80936e-47 1.04587e-46 0)
(-5.87162e-47 2.0734e-45 0)
(2.01615e-46 1.88684e-45 0)
(1.92222e-46 -4.0648e-45 0)
(-2.64242e-46 -3.97152e-45 0)
(-2.64242e-46 3.97152e-45 0)
(1.92222e-46 4.0648e-45 0)
(2.01615e-46 -1.88684e-45 0)
(-5.87162e-47 -2.0734e-45 0)
(-6.80936e-47 -1.04587e-46 0)
(-3.51452e-48 -1.17742e-47 0)
(-3.96447e-49 -5.00497e-49 0)
(-3.42724e-50 5.87648e-53 0)
(-3.97525e-49 5.01687e-49 0)
(-3.53051e-48 1.1806e-47 0)
(-6.84718e-47 1.05055e-46 0)
(-6.18342e-47 2.08468e-45 0)
(1.37054e-46 1.97962e-45 0)
(2.02012e-46 -2.09652e-45 0)
(3.67731e-53 -4.17036e-45 0)
(-2.0201e-46 -2.09652e-45 0)
(-1.37034e-46 1.97959e-45 0)
(6.23259e-47 2.08405e-45 0)
(7.2121e-47 8.37605e-47 0)
(1.61885e-35 -7.50783e-32 0)
(1.26308e-32 -2.90761e-33 0)
(1.15319e-33 -3.32804e-30 0)
(-7.24749e-34 -9.13707e-32 0)
(5.12408e-32 3.89033e-31 0)
(2.43415e-32 1.07822e-32 0)
(1.153e-33 3.72707e-30 0)
(2.20852e-33 1.0254e-31 0)
(1.63218e-35 8.52771e-32 0)
(1.41153e-32 3.31059e-33 0)
(2.18323e-37 3.66344e-32 0)
(-3.39374e-34 1.40697e-33 0)
(1.5103e-36 1.71035e-31 0)
(-2.273e-32 6.60629e-33 0)
(2.96584e-36 5.91727e-30 0)
(-4.48701e-32 1.65721e-31 0)
(9.52271e-38 1.1909e-29 0)
(-1.4432e-33 3.30064e-31 0)
(-2.96279e-36 6.29633e-30 0)
(4.48276e-32 1.76117e-31 0)
(2.42084e-32 6.91632e-33 0)
(8.14438e-34 9.23607e-34 0)
(6.68713e-35 3.36731e-35 0)
(2.13129e-36 2.67836e-36 0)
(1.2329e-37 4.73575e-37 0)
(-6.71571e-39 6.41985e-36 0)
(-1.80071e-37 2.07075e-34 0)
(-5.88789e-36 2.48035e-33 0)
(-7.06958e-35 8.19815e-32 0)
(-2.22684e-33 5.52726e-31 0)
(-2.16186e-33 2.16194e-29 0)
(2.16186e-33 2.16194e-29 0)
(2.22684e-33 5.52726e-31 0)
(7.00342e-35 8.19797e-32 0)
(-5.3931e-35 2.46051e-33 0)
(-4.00811e-33 -4.48897e-34 0)
(-1.78145e-31 6.41455e-36 0)
(-4.00829e-33 6.56354e-34 0)
(-5.98189e-35 1.98516e-35 0)
(-6.61498e-37 1.81253e-36 0)
(6.968e-41 5.47239e-38 0)
(3.08472e-39 4.21316e-39 0)
(2.51093e-38 2.1331e-38 0)
(4.87295e-34 -9.64142e-35 0)
(4.93209e-35 -3.67099e-36 0)
(1.93392e-36 -2.37872e-37 0)
(1.31421e-37 -9.07375e-39 0)
(-2.27466e-35 -2.01503e-33 0)
(6.69255e-37 -3.66444e-35 0)
(7.77309e-38 -9.38935e-37 0)
(1.36073e-38 -2.60302e-38 0)
(6.84473e-34 2.20346e-34 0)
(1.63769e-34 3.52418e-36 0)
(6.79194e-36 2.86367e-38 0)
(6.95805e-37 -3.55752e-40 0)
(9.38882e-35 2.24857e-33 0)
(1.2314e-35 4.0486e-35 0)
(5.41927e-37 9.80127e-37 0)
(4.49118e-38 2.60594e-38 0)
(5.59614e-34 9.1331e-35 0)
(5.61412e-35 2.01277e-36 0)
(2.2284e-36 6.49945e-38 0)
(1.50923e-37 2.08491e-39 0)
(-1.57415e-35 1.28751e-34 0)
(-1.64851e-36 5.05319e-36 0)
(-7.1124e-38 3.36545e-37 0)
(-4.84045e-39 1.29123e-38 0)
(-9.09951e-34 2.75607e-34 0)
(-9.05631e-35 8.30464e-36 0)
(-3.6067e-36 4.34578e-37 0)
(-2.42165e-37 1.57396e-38 0)
(-1.78225e-33 3.46867e-33 0)
(-1.77357e-34 5.76281e-35 0)
(-7.03152e-36 6.63144e-37 0)
(-4.7219e-37 2.98219e-39 0)
(-5.71673e-35 6.74655e-33 0)
(-5.68903e-36 1.08007e-34 0)
(-2.25193e-37 8.88881e-37 0)
(-1.51237e-38 -1.02939e-38 0)
(1.78027e-33 3.67588e-33 0)
(1.77162e-34 6.0808e-35 0)
(7.02314e-36 6.76893e-37 0)
(4.71631e-37 2.12056e-39 0)
(9.68741e-34 2.81715e-34 0)
(9.6444e-35 8.36882e-36 0)
(3.84029e-36 4.30906e-37 0)
(2.57892e-37 1.55267e-38 0)
(3.79204e-35 8.43056e-35 0)
(3.87102e-36 3.31153e-36 0)
(1.67001e-37 2.19817e-37 0)
(1.1301e-38 8.43142e-39 0)
(3.08956e-36 3.31647e-36 0)
(3.63592e-37 1.42579e-37 0)
(1.59295e-38 9.616e-39 0)
(1.13882e-39 3.88434e-40 0)
(1.06058e-37 3.09903e-37 0)
(1.27615e-38 1.36375e-38 0)
(5.87228e-40 9.73328e-40 0)
(4.22639e-41 3.96947e-41 0)
(-6.9834e-39 3.04879e-38 0)
(4.73094e-41 2.92713e-39 0)
(-5.51082e-41 1.49644e-40 0)
(-1.77397e-42 9.76541e-42 0)
(-4.33154e-37 3.32851e-37 0)
(-2.29062e-38 3.86557e-38 0)
(-2.84198e-39 1.80844e-39 0)
(-1.32746e-40 1.28193e-40 0)
(-7.27559e-36 9.86748e-36 0)
(-3.88141e-37 1.12605e-36 0)
(-4.53181e-38 4.98034e-38 0)
(-2.11561e-39 3.51872e-39 0)
(-2.34238e-34 1.1922e-34 0)
(-1.14876e-35 1.14342e-35 0)
(-1.32011e-36 4.94471e-37 0)
(-5.83178e-38 3.27893e-38 0)
(-2.71491e-33 3.413e-33 0)
(-1.33808e-34 3.06808e-34 0)
(-1.32645e-35 1.21073e-35 0)
(-5.76756e-37 7.93774e-37 0)
(-8.47202e-32 2.31631e-32 0)
(-3.56595e-33 7.93868e-34 0)
(-3.48621e-34 2.07417e-35 0)
(-1.39749e-35 8.79218e-37 0)
(-8.22326e-32 6.49686e-31 0)
(-3.44326e-33 1.36953e-32 0)
(-3.36634e-34 2.19794e-34 0)
(-1.34545e-35 1.87913e-36 0)
(8.22326e-32 6.49686e-31 0)
(3.44326e-33 1.36953e-32 0)
(3.36633e-34 2.19795e-34 0)
(1.34545e-35 1.87916e-36 0)
(8.47202e-32 2.31632e-32 0)
(3.56594e-33 7.93928e-34 0)
(3.48616e-34 2.07452e-35 0)
(1.39746e-35 8.79593e-37 0)
(2.71425e-33 3.41492e-33 0)
(1.33701e-34 3.08808e-34 0)
(1.31924e-35 1.22111e-35 0)
(5.72739e-37 8.04983e-37 0)
(1.74718e-34 1.40203e-34 0)
(6.17384e-36 3.3341e-35 0)
(-1.11053e-36 1.62356e-36 0)
(-6.4666e-38 1.37901e-37 0)
(-3.98413e-33 7.03648e-34 0)
(-1.95047e-34 7.20835e-34 0)
(-3.00042e-35 3.1748e-35 0)
(-1.40111e-36 2.94674e-36 0)
(-1.77602e-31 3.32191e-37 0)
(-6.24231e-33 3.863e-38 0)
(-9.62771e-34 1.80916e-39 0)
(-3.91181e-35 1.51115e-40 0)
(-3.99139e-33 -6.93761e-34 0)
(-1.95434e-34 -7.19707e-34 0)
(-3.00494e-35 -3.16981e-35 0)
(-1.40276e-36 -2.94273e-36 0)
(-5.95196e-35 -2.0982e-35 0)
(-5.31364e-36 -2.19066e-35 0)
(-2.43007e-36 -1.12729e-36 0)
(-1.13276e-37 -8.98378e-38 0)
(-6.57611e-37 -1.91604e-36 0)
(-1.05178e-37 -1.99844e-36 0)
(-5.42087e-38 -7.61622e-38 0)
(3.22334e-37 2.37064e-37 0)
(1.51828e-39 -5.517e-38 0)
(2.81023e-38 -2.35963e-38 0)
(2.88046e-37 8.24896e-37 0)
(5.39482e-36 7.51934e-36 0)
(4.34889e-38 1.86137e-38 0)
(9.74397e-37 3.32998e-37 0)
(8.92354e-36 7.72463e-36 0)
(1.81448e-34 8.07718e-35 0)
(3.969e-37 5.74595e-37 0)
(9.16667e-36 8.70771e-36 0)
(1.00139e-34 2.16579e-34 0)
(2.21802e-33 2.26514e-33 0)
(4.63559e-39 -3.63174e-40 0)
(2.25304e-40 -5.24324e-42 0)
(7.15882e-42 -1.51086e-43 0)
(2.91757e-43 -4.35357e-45 0)
(8.75193e-45 -3.08793e-46 0)
(3.02247e-46 -1.42383e-46 0)
(1.46944e-48 6.31871e-47 0)
(2.36735e-48 6.97824e-47 0)
(2.43853e-48 3.59202e-48 0)
(1.25727e-49 4.07236e-49 0)
(1.40756e-50 1.76238e-50 0)
(6.07011e-52 1.16503e-51 0)
(2.94742e-57 8.87786e-53 0)
(-6.06882e-52 1.16503e-51 0)
(-1.40706e-50 1.7624e-50 0)
(-1.25524e-49 4.07243e-49 0)
(-2.43134e-48 3.59223e-48 0)
(-2.09452e-48 6.97887e-47 0)
(7.23027e-48 6.33858e-47 0)
(6.89288e-48 -1.36766e-46 0)
(-9.46442e-48 -1.33564e-46 0)
(-9.46442e-48 1.33564e-46 0)
(6.89288e-48 1.36766e-46 0)
(7.23027e-48 -6.33858e-47 0)
(-2.09452e-48 -6.97887e-47 0)
(-2.43134e-48 -3.59223e-48 0)
(-1.25526e-49 -4.07241e-49 0)
(-1.41104e-50 -1.75794e-50 0)
(-1.21821e-51 2.08456e-54 0)
(-1.41484e-50 1.76217e-50 0)
(-1.26095e-49 4.08359e-49 0)
(-2.4448e-48 3.60869e-48 0)
(-2.20593e-48 7.01783e-47 0)
(4.9251e-48 6.65696e-47 0)
(7.24438e-48 -7.05878e-47 0)
(1.41099e-54 -1.40392e-46 0)
(-7.24434e-48 -7.05879e-47 0)
(-4.92435e-48 6.65685e-47 0)
(2.22469e-48 7.01557e-47 0)
(2.58647e-48 2.87256e-48 0)
(6.35563e-40 -1.4283e-39 0)
(4.55571e-41 -4.78053e-41 0)
(1.74408e-42 -2.38837e-42 0)
(9.05064e-44 -7.7544e-44 0)
(3.12874e-45 -3.22739e-45 0)
(1.31599e-46 -1.02506e-46 0)
(3.98921e-48 -1.43851e-48 0)
(2.05419e-49 2.17651e-48 0)
(6.82955e-50 1.14158e-49 0)
(3.48827e-51 1.30831e-50 0)
(3.78583e-52 5.66708e-52 0)
(1.64455e-53 3.70876e-53 0)
(2.74073e-57 2.81818e-54 0)
(-1.63371e-53 3.71466e-53 0)
(-3.74778e-52 5.6908e-52 0)
(-3.34835e-51 1.31668e-50 0)
(-6.3884e-50 1.17305e-49 0)
(-5.48886e-50 2.2762e-48 0)
(1.901e-49 2.06686e-48 0)
(1.81089e-49 -4.46033e-48 0)
(-2.48712e-49 -4.35566e-48 0)
(-2.48712e-49 4.35566e-48 0)
(1.81089e-49 4.46033e-48 0)
(1.901e-49 -2.06686e-48 0)
(-5.48886e-50 -2.2762e-48 0)
(-6.3884e-50 -1.17305e-49 0)
(-3.34839e-51 -1.31668e-50 0)
(-3.75843e-52 -5.67666e-52 0)
(-3.27941e-53 6.53139e-56 0)
(-3.76861e-52 5.6901e-52 0)
(-3.3637e-51 1.32024e-50 0)
(-6.42424e-50 1.17837e-49 0)
(-5.7861e-50 2.2888e-48 0)
(1.29581e-49 2.17096e-48 0)
(1.90475e-49 -2.30204e-48 0)
(4.04301e-56 -4.57874e-48 0)
(-1.90474e-49 -2.30204e-48 0)
(-1.2956e-49 2.17092e-48 0)
(5.83778e-50 2.28804e-48 0)
(6.8155e-50 9.41059e-50 0)
(2.63144e-38 -4.45033e-41 0)
(1.66016e-39 -1.54294e-42 0)
(5.68479e-41 -6.35911e-44 0)
(2.79827e-42 -1.90046e-45 0)
(9.024e-44 -6.66343e-47 0)
(3.69791e-45 -1.98076e-48 0)
(1.11794e-46 -2.74597e-51 0)
(3.96097e-48 5.92305e-50 0)
(1.13895e-49 3.13764e-51 0)
(3.60949e-51 3.54537e-52 0)
(1.03747e-52 1.5507e-53 0)
(3.09068e-54 1.00715e-54 0)
(6.50506e-56 7.69623e-56 0)
(-4.6499e-55 1.00777e-54 0)
(-1.0725e-53 1.55337e-53 0)
(-9.68775e-53 3.55585e-52 0)
(-1.84817e-51 3.18017e-51 0)
(-1.58752e-51 6.07491e-50 0)
(5.49985e-51 5.50709e-50 0)
(5.23877e-51 -1.18999e-49 0)
(-7.195e-51 -1.1616e-49 0)
(-7.195e-51 1.1616e-49 0)
(5.23877e-51 1.18999e-49 0)
(5.49985e-51 -5.50709e-50 0)
(-1.58752e-51 -6.07491e-50 0)
(-1.84817e-51 -3.18017e-51 0)
(-9.68786e-53 -3.55583e-52 0)
(-1.07551e-53 -1.54951e-53 0)
(-9.36686e-55 1.76977e-57 0)
(-1.07838e-53 1.55318e-53 0)
(-9.73164e-53 3.5655e-52 0)
(-1.85842e-51 3.1947e-51 0)
(-1.67364e-51 6.10892e-50 0)
(3.74906e-51 5.78944e-50 0)
(5.5106e-51 -6.14467e-50 0)
(1.20294e-57 -1.22209e-49 0)
(-5.51057e-51 -6.14468e-50 0)
(-3.74844e-51 5.78933e-50 0)
(1.68883e-51 6.10681e-50 0)
(1.97594e-51 2.55502e-51 0)
(1.73635e-39 1.40205e-39 0)
(9.84114e-41 4.68791e-41 0)
(3.41281e-42 2.35104e-42 0)
(1.57698e-43 7.64384e-44 0)
(5.1292e-45 3.18449e-45 0)
(2.01751e-46 9.69563e-47 0)
(6.13739e-48 3.47328e-48 0)
(2.11385e-49 1.00555e-49 0)
(6.05504e-51 3.21322e-51 0)
(1.87116e-52 9.32201e-53 0)
(5.17671e-54 2.79992e-54 0)
(1.48259e-55 8.70792e-56 0)
(3.39233e-57 3.67795e-57 0)
(-1.17037e-56 2.85213e-56 0)
(-2.68907e-55 4.44941e-55 0)
(-2.45e-54 1.02046e-53 0)
(-4.61683e-53 9.23421e-53 0)
(-3.95696e-53 1.76348e-51 0)
(1.37368e-52 1.59837e-51 0)
(1.30758e-52 -3.45417e-51 0)
(-1.79657e-52 -3.37161e-51 0)
(-1.79657e-52 3.37161e-51 0)
(1.30758e-52 3.45417e-51 0)
(1.37368e-52 -1.59837e-51 0)
(-3.95696e-53 -1.76348e-51 0)
(-4.61683e-53 -9.23421e-53 0)
(-2.45003e-54 -1.02045e-53 0)
(-2.6966e-55 -4.43853e-55 0)
(-2.36644e-56 4.91427e-59 0)
(-2.70379e-55 4.44888e-55 0)
(-2.46109e-54 1.02319e-53 0)
(-4.64254e-53 9.27586e-53 0)
(-4.17499e-53 1.77324e-51 0)
(9.36619e-53 1.68048e-51 0)
(1.37637e-52 -1.7835e-51 0)
(3.14959e-59 -3.54737e-51 0)
(-1.37636e-52 -1.7835e-51 0)
(-9.36458e-53 1.68045e-51 0)
(4.21371e-53 1.77262e-51 0)
(4.94605e-53 7.44458e-53 0)
(5.30239e-39 1.05238e-40 0)
(2.56632e-40 3.54074e-42 0)
(8.1426e-42 1.60794e-43 0)
(3.30935e-43 5.20111e-45 0)
(9.90804e-45 2.02976e-46 0)
(3.49642e-46 6.15048e-48 0)
(9.84108e-48 2.10626e-49 0)
(3.08267e-49 6.0113e-51 0)
(8.14509e-51 1.84919e-52 0)
(2.30021e-52 5.09448e-54 0)
(5.70623e-54 1.45325e-55 0)
(1.46991e-55 4.03782e-57 0)
(3.4107e-57 1.38689e-58 0)
(-2.24065e-58 7.15067e-58 0)
(-6.96333e-57 1.12469e-56 0)
(-6.4303e-56 2.55993e-55 0)
(-1.21169e-54 2.33692e-54 0)
(-1.03824e-54 4.40824e-53 0)
(3.60479e-54 3.98995e-53 0)
(3.43106e-54 -8.63181e-53 0)
(-4.71432e-54 -8.42266e-53 0)
(-4.71432e-54 8.42266e-53 0)
(3.43106e-54 8.63181e-53 0)
(3.60479e-54 -3.98995e-53 0)
(-1.03824e-54 -4.40824e-53 0)
(-1.21169e-54 -2.33692e-54 0)
(-6.43037e-56 -2.55992e-55 0)
(-6.98423e-57 -1.12195e-56 0)
(-6.11622e-58 1.22211e-60 0)
(-7.00255e-57 1.12455e-56 0)
(-6.45901e-56 2.56677e-55 0)
(-1.21835e-54 2.34746e-54 0)
(-1.09556e-54 4.43272e-53 0)
(2.45773e-54 4.19797e-53 0)
(3.61178e-54 -4.45846e-53 0)
(8.32752e-61 -8.86769e-53 0)
(-3.61175e-54 -4.45846e-53 0)
(-2.4573e-54 4.19788e-53 0)
(1.10576e-54 4.43112e-53 0)
(1.30007e-54 1.88916e-54 0)
(-1.78506e-40 6.36633e-40 0)
(-8.53617e-42 2.00823e-41 0)
(-2.78359e-43 8.10773e-43 0)
(-1.11158e-44 2.42268e-44 0)
(-3.37605e-46 8.5055e-46 0)
(-1.16766e-47 2.38853e-47 0)
(-3.30411e-49 7.44546e-49 0)
(-1.01316e-50 1.96179e-50 0)
(-2.67289e-52 5.51367e-52 0)
(-7.38249e-54 1.36288e-53 0)
(-1.81681e-55 3.49293e-55 0)
(-4.56924e-57 8.10621e-57 0)
(-1.05305e-58 1.91832e-58 0)
(-9.58705e-60 2.23162e-59 0)
(-1.62684e-58 2.90807e-58 0)
(-1.51942e-57 6.63124e-57 0)
(-2.83542e-56 6.13422e-56 0)
(-2.42502e-56 1.15706e-54 0)
(8.43375e-56 1.0471e-54 0)
(8.02267e-56 -2.26548e-54 0)
(-1.1027e-55 -2.2105e-54 0)
(-1.1027e-55 2.2105e-54 0)
(8.02267e-56 2.26548e-54 0)
(8.43375e-56 -1.0471e-54 0)
(-2.42502e-56 -1.15706e-54 0)
(-2.83542e-56 -6.13422e-56 0)
(-1.51944e-57 -6.6312e-57 0)
(-1.63076e-58 -2.90024e-58 0)
(-1.43549e-59 3.05794e-62 0)
(-1.63501e-58 2.90684e-58 0)
(-1.52616e-57 6.64865e-57 0)
(-2.85097e-56 6.16147e-56 0)
(-2.56065e-56 1.1634e-54 0)
(5.75103e-56 1.10179e-54 0)
(8.45006e-56 -1.17007e-54 0)
(1.99495e-62 -2.32739e-54 0)
(-8.45001e-56 -1.17007e-54 0)
(-5.75002e-56 1.10177e-54 0)
(2.58473e-56 1.16298e-54 0)
(3.04746e-56 4.9771e-56 0)
(-8.5094e-39 7.5615e-40 0)
(-4.08321e-40 2.36792e-41 0)
(-1.29362e-41 9.52052e-43 0)
(-5.21359e-43 2.83586e-44 0)
(-1.5567e-44 9.92668e-46 0)
(-5.4488e-46 2.77962e-47 0)
(-1.52806e-47 8.63962e-49 0)
(-4.74885e-49 2.26989e-50 0)
(-1.2491e-50 6.36102e-52 0)
(-3.49998e-52 1.56734e-53 0)
(-8.63139e-54 4.00407e-55 0)
(-2.20484e-55 9.25338e-57 0)
(-5.09867e-57 2.17285e-58 0)
(-1.19874e-58 5.13166e-60 0)
(-6.44124e-60 6.92573e-60 0)
(-3.6509e-59 1.54844e-58 0)
(-6.80192e-58 1.4495e-57 0)
(-5.81571e-58 2.70771e-56 0)
(2.0229e-57 2.4475e-56 0)
(1.92412e-57 -5.30011e-56 0)
(-2.64477e-57 -5.17e-56 0)
(-2.64477e-57 5.17e-56 0)
(1.92412e-57 5.30011e-56 0)
(2.0229e-57 -2.4475e-56 0)
(-5.81571e-58 -2.70771e-56 0)
(-6.80191e-58 -1.4495e-57 0)
(-3.6453e-59 -1.54841e-58 0)
(-3.85493e-60 -6.80738e-60 0)
(-3.38559e-61 7.01658e-64 0)
(-3.8648e-60 6.82271e-60 0)
(-3.66118e-59 1.55246e-58 0)
(-6.83866e-58 1.4559e-57 0)
(-6.14168e-58 2.72251e-56 0)
(1.37934e-57 2.57692e-56 0)
(2.02675e-57 -2.73808e-56 0)
(4.75733e-64 -5.44639e-56 0)
(-2.02674e-57 -2.73808e-56 0)
(-1.37909e-57 2.57686e-56 0)
(6.19926e-58 2.72151e-56 0)
(7.31953e-58 1.18009e-57 0)
(-1.65423e-38 -2.71557e-40 0)
(-7.93948e-40 -1.08248e-41 0)
(-2.50975e-41 -4.6002e-43 0)
(-1.01168e-42 -1.38545e-44 0)
(-3.01559e-44 -4.85818e-46 0)
(-1.05566e-45 -1.36295e-47 0)
(-2.95656e-47 -4.23564e-49 0)
(-9.18895e-49 -1.11417e-50 0)
(-2.41443e-50 -3.12173e-52 0)
(-6.76542e-52 -7.69887e-54 0)
(-1.66702e-53 -1.96654e-55 0)
(-4.25821e-55 -4.54773e-57 0)
(-9.8403e-57 -1.06767e-58 0)
(-2.31018e-58 -2.30623e-60 0)
(-5.09197e-60 1.10655e-61 0)
(-9.13563e-61 3.65943e-60 0)
(-1.49058e-59 3.47739e-59 0)
(-1.27228e-59 6.49528e-58 0)
(4.43146e-59 5.86999e-58 0)
(4.21303e-59 -1.27129e-57 0)
(-5.79261e-59 -1.24003e-57 0)
(-5.79261e-59 1.24003e-57 0)
(4.21303e-59 1.27129e-57 0)
(4.43146e-59 -5.86999e-58 0)
(-1.27227e-59 -6.49528e-58 0)
(-1.49036e-59 -3.4774e-59 0)
(-8.04853e-61 -3.66043e-60 0)
(-8.39178e-62 -1.60562e-61 0)
(-7.3937e-63 1.59877e-65 0)
(-8.41304e-62 1.60917e-61 0)
(-8.08324e-61 3.66984e-60 0)
(-1.49836e-59 3.49251e-59 0)
(-1.34436e-59 6.53028e-58 0)
(3.02198e-59 6.18102e-58 0)
(4.43985e-59 -6.56707e-58 0)
(1.04941e-65 -1.30638e-57 0)
(-4.43982e-59 -6.56708e-58 0)
(-3.02144e-59 6.18089e-58 0)
(1.357e-59 6.52789e-58 0)
(1.60613e-59 2.8421e-59 0)
(-5.29269e-40 -1.33202e-39 0)
(-2.54045e-41 -4.63447e-41 0)
(-8.0243e-43 -1.91339e-42 0)
(-3.23479e-44 -5.72532e-44 0)
(-9.63633e-46 -2.00582e-45 0)
(-3.37351e-47 -5.61809e-47 0)
(-9.44357e-49 -1.74601e-48 0)
(-2.93511e-50 -4.58747e-50 0)
(-7.70914e-52 -1.28536e-51 0)
(-2.16015e-53 -3.16703e-53 0)
(-5.32103e-55 -8.0894e-55 0)
(-1.35917e-56 -1.8693e-56 0)
(-3.14009e-58 -4.38827e-58 0)
(-7.37163e-60 -9.51297e-60 0)
(-1.61597e-61 -2.02987e-61 0)
(-2.12498e-62 7.54854e-62 0)
(-3.29268e-61 7.67684e-61 0)
(-2.80935e-61 1.42317e-59 0)
(9.78697e-61 1.28489e-59 0)
(9.30358e-61 -2.78481e-59 0)
(-1.27924e-60 -2.71567e-59 0)
(-1.27924e-60 2.71567e-59 0)
(9.30358e-61 2.78481e-59 0)
(9.78697e-61 -1.28489e-59 0)
(-2.80934e-61 -1.42317e-59 0)
(-3.29198e-61 -7.67768e-61 0)
(-1.77818e-62 -7.96863e-62 0)
(-1.82428e-63 -3.50652e-63 0)
(-1.60333e-64 2.2702e-67 0)
(-1.82882e-63 3.51427e-63 0)
(-1.78571e-62 7.98889e-62 0)
(-3.30937e-61 7.71072e-61 0)
(-2.96891e-61 1.43078e-59 0)
(6.67366e-61 1.35368e-59 0)
(9.80521e-61 -1.43879e-59 0)
(2.30618e-67 -2.86227e-59 0)
(-9.80515e-61 -1.43879e-59 0)
(-6.67247e-61 1.35365e-59 0)
(2.99662e-61 1.43026e-59 0)
(3.55137e-61 6.29891e-61 0)
(1.65217e-38 -3.39744e-40 0)
(7.92966e-40 -1.31078e-41 0)
(2.50654e-41 -5.53421e-43 0)
(1.01038e-42 -1.66444e-44 0)
(3.01163e-44 -5.8353e-46 0)
(1.05428e-45 -1.63654e-47 0)
(2.9526e-47 -5.08585e-49 0)
(9.17666e-49 -1.3375e-50 0)
(2.41115e-50 -3.74738e-52 0)
(6.75621e-52 -9.23999e-54 0)
(1.66472e-53 -2.36011e-55 0)
(4.25233e-55 -5.45694e-57 0)
(9.82654e-57 -1.28107e-58 0)
(2.30691e-58 -2.77849e-60 0)
(5.00115e-60 -6.02391e-62 0)
(1.08196e-61 5.04738e-64 0)
(-4.54864e-63 1.69365e-62 0)
(-5.71451e-63 3.14338e-61 0)
(2.00865e-62 2.83738e-61 0)
(1.90858e-62 -6.15033e-61 0)
(-2.6249e-62 -5.99732e-61 0)
(-2.62489e-62 5.99732e-61 0)
(1.90858e-62 6.15039e-61 0)
(2.00856e-62 -2.83737e-61 0)
(-5.75907e-63 -3.14339e-61 0)
(-6.75744e-63 -1.69617e-62 0)
(-3.67093e-64 -1.73224e-63 0)
(-3.72016e-65 -7.01659e-65 0)
(-3.38828e-66 -5.88239e-66 0)
(-3.70534e-65 7.59198e-65 0)
(-3.68743e-64 1.73665e-63 0)
(-6.79278e-63 1.70333e-62 0)
(-6.08918e-63 3.15995e-61 0)
(1.36972e-62 2.98962e-61 0)
(2.01228e-62 -3.17737e-61 0)
(1.40599e-67 -6.32143e-61 0)
(-2.01226e-62 -3.1773e-61 0)
(-1.36949e-62 2.98955e-61 0)
(6.14574e-63 3.15879e-61 0)
(7.29932e-63 1.39667e-62 0)
(9.06118e-39 7.44469e-40 0)
(4.34831e-40 2.32898e-41 0)
(1.37749e-41 9.36257e-43 0)
(5.5518e-43 2.78727e-44 0)
(1.65756e-44 9.75588e-46 0)
(5.80186e-46 2.73057e-47 0)
(1.62695e-47 8.48645e-49 0)
(5.05614e-49 2.22879e-50 0)
(1.32983e-50 6.24523e-52 0)
(3.72611e-52 1.53829e-53 0)
(9.18846e-54 3.92938e-55 0)
(2.34707e-55 9.07788e-57 0)
(5.42722e-57 2.13116e-58 0)
(1.27414e-58 4.61926e-60 0)
(2.76366e-60 1.00275e-61 0)
(5.99877e-62 2.07404e-63 0)
(1.08283e-63 3.7249e-64 0)
(-9.22099e-65 6.44433e-63 0)
(4.11695e-64 5.84748e-63 0)
(3.8971e-64 -1.26017e-62 0)
(-5.3689e-64 -1.23028e-62 0)
(-5.30349e-64 1.23121e-62 0)
(3.90547e-64 1.29368e-62 0)
(4.04528e-64 -5.79344e-63 0)
(-1.1838e-64 -6.44127e-63 0)
(-1.38279e-64 -3.57778e-64 0)
(-1.18075e-66 -3.00574e-65 0)
(-7.06587e-66 3.05704e-64 0)
(-6.55892e-66 -3.07827e-64 0)
(5.42331e-66 -1.33131e-65 0)
(-7.22081e-66 3.3749e-65 0)
(-1.38493e-64 3.52738e-64 0)
(-1.24042e-64 6.50562e-63 0)
(2.79191e-64 6.15867e-63 0)
(4.11098e-64 -6.54648e-63 0)
(7.1485e-66 -1.29686e-62 0)
(-4.11779e-64 -6.18977e-63 0)
(-2.86918e-64 6.1217e-63 0)
(1.20074e-64 6.47113e-63 0)
(1.61163e-64 3.05321e-66 0)
(4.1762e-40 4.14332e-40 0)
(2.00456e-41 1.30588e-41 0)
(6.57236e-43 5.25513e-43 0)
(2.64435e-44 1.56836e-44 0)
(8.09129e-46 5.48889e-46 0)
(2.82569e-47 1.53902e-47 0)
(8.06745e-49 4.7827e-49 0)
(2.5014e-50 1.25784e-50 0)
(6.66712e-52 3.52441e-52 0)
(1.8642e-53 8.69083e-54 0)
(4.64271e-55 2.22001e-55 0)
(1.18378e-56 5.13341e-57 0)
(2.75739e-58 1.20522e-58 0)
(6.46368e-60 2.6142e-60 0)
(1.40951e-61 5.67487e-62 0)
(3.03607e-63 1.10371e-63 0)
(5.16661e-65 -9.56165e-64 0)
(4.86391e-65 -3.22254e-64 0)
(3.8139e-65 1.59322e-63 0)
(-1.98109e-65 7.84685e-64 0)
(-2.40166e-65 -1.36368e-64 0)
(3.19095e-64 5.53048e-64 0)
(2.73069e-65 1.5496e-62 0)
(-3.12376e-64 1.16393e-63 0)
(-3.73267e-65 4.36157e-64 0)
(-8.79539e-66 -4.04367e-64 0)
(3.31309e-64 2.10441e-64 0)
(-3.29591e-64 1.48894e-62 0)
(-3.39196e-64 -1.49195e-62 0)
(3.22501e-64 -7.17879e-64 0)
(1.65735e-65 -7.53598e-65 0)
(1.9718e-65 6.02988e-65 0)
(2.23208e-65 1.16138e-63 0)
(-4.18899e-65 1.40363e-63 0)
(-1.11965e-65 -1.45313e-63 0)
(3.75633e-64 2.33635e-66 0)
(-2.75951e-65 1.5961e-62 0)
(-3.6756e-64 -5.7801e-64 0)
(-2.85466e-64 -4.65592e-64 0)
(6.15269e-64 -1.38192e-62 0)
(4.25194e-41 1.9116e-41 0)
(2.07795e-42 6.23626e-43 0)
(6.81179e-44 2.50534e-44 0)
(2.75295e-45 7.66325e-46 0)
(8.37922e-47 2.67581e-47 0)
(2.91792e-48 7.63895e-49 0)
(8.26046e-50 2.36843e-50 0)
(2.54234e-51 6.3125e-52 0)
(6.70381e-53 1.76503e-53 0)
(1.85484e-54 4.39568e-55 0)
(4.56193e-56 1.12081e-56 0)
(1.14838e-57 2.61073e-58 0)
(2.63776e-59 6.12007e-60 0)
(6.09364e-61 1.3345e-61 0)
(1.30318e-62 2.61946e-63 0)
(-7.54232e-64 -2.64811e-63 0)
(-4.18182e-64 -5.1529e-62 0)
(2.59135e-63 -2.37581e-62 0)
(1.57689e-63 7.70092e-62 0)
(-1.43091e-63 5.44261e-62 0)
(-7.80718e-64 5.77325e-63 0)
(1.59248e-62 1.28494e-62 0)
(1.03358e-63 7.46713e-61 0)
(-1.54479e-62 6.40976e-62 0)
(-1.76922e-63 2.94313e-62 0)
(-3.75874e-64 -2.09833e-62 0)
(1.60975e-62 8.3552e-63 0)
(-1.59333e-62 7.3143e-61 0)
(-1.64353e-62 -7.32993e-61 0)
(1.56308e-62 -3.48186e-62 0)
(8.11914e-64 -3.74931e-63 0)
(1.16334e-63 2.76018e-63 0)
(1.28999e-63 5.3658e-62 0)
(-2.47292e-63 6.55235e-62 0)
(-1.06395e-63 -6.92603e-62 0)
(1.83378e-62 1.1072e-62 0)
(-1.02267e-63 7.91494e-61 0)
(-1.75778e-62 -3.94634e-62 0)
(-1.37716e-62 -2.89458e-62 0)
(2.95277e-62 -6.76298e-61 0)
(1.63018e-42 1.99231e-42 0)
(7.96818e-44 6.52292e-44 0)
(2.67007e-45 2.63012e-45 0)
(1.07745e-46 8.02032e-47 0)
(3.33036e-48 2.79003e-48 0)
(1.15719e-49 7.91108e-50 0)
(3.31173e-51 2.43308e-51 0)
(1.01671e-52 6.42384e-53 0)
(2.70123e-54 1.77654e-54 0)
(7.45404e-56 4.37364e-56 0)
(1.84251e-57 1.10065e-57 0)
(4.62533e-59 2.53001e-59 0)
(1.0656e-60 5.84336e-61 0)
(2.42581e-62 1.19696e-62 0)
(-2.31041e-63 -1.32413e-62 0)
(-5.39624e-62 -1.30966e-61 0)
(-2.21694e-62 -2.49324e-60 0)
(1.35352e-61 -1.14967e-60 0)
(8.23373e-62 3.72621e-60 0)
(-7.50051e-62 2.63308e-60 0)
(-4.37889e-62 2.67446e-61 0)
(7.80256e-61 4.77729e-61 0)
(5.39728e-62 3.33013e-59 0)
(-7.55346e-61 2.95739e-60 0)
(-8.95962e-62 1.41131e-60 0)
(-2.21941e-62 -1.02765e-60 0)
(7.92345e-61 2.7254e-61 0)
(-7.80696e-61 3.27061e-59 0)
(-8.06916e-61 -3.27819e-59 0)
(7.67947e-61 -1.55299e-60 0)
(3.95732e-62 -1.69369e-61 0)
(6.04485e-62 1.34225e-61 0)
(6.60889e-62 2.59619e-60 0)
(-1.2943e-61 3.1816e-60 0)
(-5.73286e-62 -3.36342e-60 0)
(9.06433e-61 3.91909e-61 0)
(-5.32227e-62 3.54691e-59 0)
(-8.63978e-61 -2.04259e-60 0)
(-6.68402e-61 -1.29052e-60 0)
(1.44384e-60 -3.00673e-59 0)
(-1.97194e-43 3.94038e-43 0)
(-6.33889e-45 1.79902e-44 0)
(-3.83805e-46 6.21515e-46 0)
(-1.21294e-47 2.39463e-47 0)
(-5.45552e-49 7.5086e-49 0)
(-1.63644e-50 2.51789e-50 0)
(-6.02181e-52 7.23321e-52 0)
(-1.69325e-53 2.15668e-53 0)
(-5.35248e-55 5.71083e-55 0)
(-1.40419e-56 1.53629e-56 0)
(-3.92293e-58 3.7643e-58 0)
(-9.5844e-60 9.22821e-60 0)
(-2.41493e-61 2.07911e-61 0)
(-1.96644e-62 -2.42401e-62 0)
(-1.37427e-61 -6.68716e-61 0)
(-2.61128e-60 -6.37242e-60 0)
(-1.07273e-60 -1.22425e-58 0)
(6.54938e-60 -5.64962e-59 0)
(3.98341e-60 1.82987e-58 0)
(-3.64223e-60 1.29208e-58 0)
(-2.26957e-60 1.25858e-59 0)
(3.47885e-59 1.73503e-59 0)
(2.6112e-60 1.53345e-57 0)
(-3.35839e-59 1.39101e-58 0)
(-4.19654e-60 6.8768e-59 0)
(-1.19908e-60 -5.09982e-59 0)
(3.55253e-59 7.78962e-60 0)
(-3.48101e-59 1.51039e-57 0)
(-3.60787e-59 -1.51409e-57 0)
(3.43446e-59 -7.06501e-59 0)
(1.77682e-60 -7.81494e-60 0)
(2.91228e-60 6.54275e-60 0)
(3.20906e-60 1.27273e-58 0)
(-6.27575e-60 1.528e-58 0)
(-2.93758e-60 -1.65931e-58 0)
(4.08947e-59 1.31413e-59 0)
(-2.56365e-60 1.64006e-57 0)
(-3.87114e-59 -1.06028e-58 0)
(-2.94128e-59 -5.86282e-59 0)
(6.41718e-59 -1.38182e-57 0)
(-9.01113e-42 4.95559e-42 0)
(-3.33102e-43 2.38625e-43 0)
(-1.6232e-44 8.07479e-45 0)
(-5.45625e-46 3.23575e-46 0)
(-2.18494e-47 1.00722e-47 0)
(-6.73896e-49 3.48547e-49 0)
(-2.31697e-50 1.00245e-50 0)
(-6.59119e-52 3.07033e-52 0)
(-1.99844e-53 8.18396e-54 0)
(-5.26204e-55 2.2549e-55 0)
(-1.43193e-56 5.5768e-57 0)
(-3.4977e-58 1.39637e-58 0)
(-8.67382e-60 3.11917e-60 0)
(-8.98507e-61 -1.24513e-60 0)
(-6.6846e-60 -3.03524e-59 0)
(-1.28218e-58 -2.84531e-58 0)
(-5.27841e-59 -5.46339e-57 0)
(3.21622e-58 -2.52117e-57 0)
(1.9556e-58 8.16672e-57 0)
(-1.79445e-58 5.76519e-57 0)
(-1.17788e-58 5.35489e-58 0)
(1.60169e-57 4.87023e-58 0)
(1.28213e-58 6.26534e-56 0)
(-1.54252e-57 5.91978e-57 0)
(-2.00195e-58 3.04109e-57 0)
(-6.42099e-59 -2.30269e-57 0)
(1.64436e-57 8.64152e-59 0)
(-1.60276e-57 6.19121e-56 0)
(-1.66506e-57 -6.20776e-56 0)
(1.58632e-57 -2.89182e-57 0)
(8.12952e-59 -3.22677e-58 0)
(1.42258e-58 2.93768e-58 0)
(1.54021e-58 5.68147e-57 0)
(-3.08765e-58 6.87257e-57 0)
(-1.47067e-58 -7.43039e-57 0)
(1.90195e-57 2.98594e-58 0)
(-1.25495e-58 6.74122e-56 0)
(-1.78894e-57 -4.99554e-57 0)
(-1.33905e-57 -2.40272e-57 0)
(2.94786e-57 -5.62376e-56 0)
(-1.39882e-40 1.31187e-40 0)
(-5.19503e-42 6.32631e-42 0)
(-2.51076e-43 2.08657e-43 0)
(-8.50022e-45 8.38282e-45 0)
(-3.40777e-46 2.56163e-46 0)
(-1.06081e-47 8.8888e-48 0)
(-3.6717e-49 2.52248e-49 0)
(-1.05605e-50 7.74632e-51 0)
(-3.23491e-52 2.04442e-52 0)
(-8.62287e-54 5.64564e-54 0)
(-2.37603e-55 1.38433e-55 0)
(-5.87662e-57 3.46855e-57 0)
(-1.48538e-58 7.48176e-59 0)
(-3.52529e-59 -5.90272e-59 0)
(-2.98334e-58 -1.40828e-57 0)
(-5.7216e-57 -1.29895e-56 0)
(-2.35543e-57 -2.52274e-55 0)
(1.4354e-56 -1.16529e-55 0)
(8.72647e-57 3.77145e-55 0)
(-8.03652e-57 2.66011e-55 0)
(-5.55824e-57 2.36415e-56 0)
(6.54221e-56 1.13482e-56 0)
(5.72131e-57 2.71159e-54 0)
(-6.27834e-56 2.62199e-55 0)
(-8.65943e-57 1.39397e-55 0)
(-3.11138e-57 -1.07383e-55 0)
(6.76301e-56 -6.14368e-57 0)
(-6.54706e-56 2.68865e-54 0)
(-6.82508e-56 -2.69622e-54 0)
(6.50395e-56 -1.23363e-55 0)
(3.35502e-57 -1.39288e-56 0)
(6.32306e-57 1.34248e-56 0)
(6.92826e-57 2.61846e-55 0)
(-1.38082e-56 3.08999e-55 0)
(-6.92291e-57 -3.44733e-55 0)
(7.88226e-56 2.67107e-57 0)
(-5.57533e-57 2.93175e-54 0)
(-7.35271e-56 -2.4112e-55 0)
(-5.37799e-56 -1.02458e-55 0)
(1.19935e-55 -2.42851e-54 0)
(-3.84417e-39 1.21621e-39 0)
(-1.37683e-40 5.71278e-41 0)
(-6.66257e-42 1.89182e-42 0)
(-2.19885e-43 7.54318e-44 0)
(-8.83632e-45 2.32379e-45 0)
(-2.70053e-46 8.07787e-47 0)
(-9.37164e-48 2.31702e-48 0)
(-2.65969e-49 7.16769e-50 0)
(-8.16806e-51 1.91184e-51 0)
(-2.15582e-52 5.32826e-53 0)
(-5.95344e-54 1.3077e-54 0)
(-1.4599e-55 3.27962e-56 0)
(-3.72191e-57 5.58455e-58 0)
(-1.56206e-57 -2.51847e-57 0)
(-1.36177e-56 -5.84828e-56 0)
(-2.64198e-55 -5.3177e-55 0)
(-1.09041e-55 -1.0314e-53 0)
(6.62869e-55 -4.76372e-54 0)
(4.02869e-55 1.54202e-53 0)
(-3.72289e-55 1.08743e-53 0)
(-2.68184e-55 9.17496e-55 0)
(2.83102e-54 -3.41176e-56 0)
(2.64182e-55 1.0059e-52 0)
(-2.70911e-54 1.02206e-53 0)
(-3.89233e-55 5.64677e-54 0)
(-1.53265e-55 -4.44055e-54 0)
(2.94484e-54 -7.002e-55 0)
(-2.83327e-54 1.00151e-52 0)
(-2.96168e-54 -1.00461e-52 0)
(2.82505e-54 -4.59495e-54 0)
(1.44068e-55 -5.20431e-55 0)
(2.90432e-55 5.52919e-55 0)
(3.11285e-55 1.07118e-53 0)
(-6.38813e-55 1.28001e-53 0)
(-3.22598e-55 -1.41384e-53 0)
(3.45083e-54 -3.89791e-55 0)
(-2.56747e-55 1.09592e-52 0)
(-3.19564e-54 -1.03112e-53 0)
(-2.29591e-54 -3.83062e-54 0)
(5.17664e-54 -8.96366e-53 0)
(-3.56894e-38 2.79487e-38 0)
(-1.276e-39 1.3135e-39 0)
(-6.02412e-41 4.1979e-41 0)
(-1.99693e-42 1.67661e-42 0)
(-7.9654e-44 5.03324e-44 0)
(-2.45424e-45 1.75249e-45 0)
(-8.53218e-47 4.93019e-47 0)
(-2.44752e-48 1.527e-48 0)
(-7.57167e-50 4.00143e-50 0)
(-2.01971e-51 1.11332e-51 0)
(-5.629e-53 2.64828e-53 0)
(-1.38181e-54 6.52123e-55 0)
(-3.73218e-56 6.00571e-57 0)
(-6.21839e-56 -1.08992e-55 0)
(-5.57405e-55 -2.54216e-54 0)
(-1.0801e-53 -2.27749e-53 0)
(-4.45704e-54 -4.48088e-52 0)
(2.7103e-53 -2.07205e-52 0)
(1.64698e-53 6.70004e-52 0)
(-1.5274e-53 4.72019e-52 0)
(-1.14882e-53 3.80007e-53 0)
(1.04984e-52 -1.89462e-53 0)
(1.08002e-53 4.0939e-51 0)
(-1.00003e-52 4.26562e-52 0)
(-1.54415e-53 2.43627e-52 0)
(-6.68413e-54 -1.94696e-52 0)
(1.10164e-52 -4.61926e-53 0)
(-1.05077e-52 4.09261e-51 0)
(-1.10327e-52 -4.10593e-51 0)
(1.05266e-52 -1.83776e-52 0)
(5.42216e-54 -2.10011e-53 0)
(1.18297e-53 2.3681e-53 0)
(1.28987e-53 4.64326e-52 0)
(-2.61718e-53 5.3837e-52 0)
(-1.3891e-53 -6.1722e-52 0)
(1.30321e-52 -3.43255e-53 0)
(-1.04492e-53 4.48587e-51 0)
(-1.19464e-52 -4.64365e-52 0)
(-8.32541e-53 -1.53342e-52 0)
(1.91007e-52 -3.63883e-51 0)
(-8.63276e-37 2.73357e-38 0)
(-2.93256e-38 1.22536e-39 0)
(-1.38593e-39 3.87031e-41 0)
(-4.4343e-41 1.54242e-42 0)
(-1.77176e-42 4.61742e-44 0)
(-5.31991e-44 1.60778e-45 0)
(-1.85248e-45 4.51527e-47 0)
(-5.21206e-47 1.39039e-48 0)
(-1.61436e-48 2.8257e-50 0)
(-4.2308e-50 5.80869e-52 0)
(-1.17718e-51 -2.3531e-53 0)
(-2.80163e-53 -1.49344e-54 0)
(-8.04895e-55 -3.82874e-55 0)
(-2.68384e-54 -4.13191e-54 0)
(-2.38725e-53 -9.56742e-53 0)
(-4.69259e-52 -8.4728e-52 0)
(-1.94246e-52 -1.6632e-50 0)
(1.1776e-51 -7.68965e-51 0)
(7.15375e-52 2.48702e-50 0)
(-6.65639e-52 1.7519e-50 0)
(-5.17073e-52 1.33128e-51 0)
(4.2722e-51 -1.44668e-51 0)
(4.69221e-52 1.36211e-49 0)
(-4.05563e-51 1.5088e-50 0)
(-6.54346e-52 8.95791e-51 0)
(-3.05226e-52 -7.30794e-51 0)
(4.51589e-51 -2.37838e-51 0)
(-4.27625e-51 1.36906e-49 0)
(-4.50442e-51 -1.37403e-49 0)
(4.30276e-51 -6.15837e-51 0)
(2.1852e-52 -7.00178e-52 0)
(5.11161e-52 8.86855e-52 0)
(5.42089e-52 1.72512e-50 0)
(-1.13911e-51 2.03819e-50 0)
(-6.0316e-52 -2.29747e-50 0)
(5.37512e-51 -2.01848e-51 0)
(-4.52929e-52 1.50759e-49 0)
(-4.8865e-51 -1.79053e-50 0)
(-3.33206e-51 -5.17674e-51 0)
(7.74983e-51 -1.20265e-49 0)
(-8.313e-37 -1.95378e-38 0)
(-2.81824e-38 -2.28242e-39 0)
(-1.33212e-39 -8.0315e-41 0)
(-4.2558e-41 -3.28579e-42 0)
(-1.70062e-42 -9.89847e-44 0)
(-5.1005e-44 -3.44891e-45 0)
(-1.77622e-45 -9.66706e-47 0)
(-4.99467e-47 -3.33664e-48 0)
(-1.53867e-48 -4.28391e-49 0)
(-3.17887e-50 -2.02295e-50 0)
(-6.69303e-52 -2.04535e-51 0)
(2.29847e-53 -8.75928e-53 0)
(-2.81466e-54 -1.62422e-53 0)
(-1.00369e-52 -1.66336e-52 0)
(-8.88082e-52 -3.89581e-51 0)
(-1.74175e-50 -3.40462e-50 0)
(-7.20695e-51 -6.80504e-49 0)
(4.37136e-50 -3.1509e-49 0)
(2.65519e-50 1.01769e-48 0)
(-2.47931e-50 7.16049e-49 0)
(-1.99753e-50 5.17395e-50 0)
(1.42084e-49 -8.24755e-50 0)
(1.74158e-50 5.21924e-48 0)
(-1.34051e-49 5.94063e-49 0)
(-2.35901e-50 3.64154e-49 0)
(-1.19396e-50 -3.01559e-49 0)
(1.51914e-49 -1.18177e-49 0)
(-1.42236e-49 5.27155e-48 0)
(-1.50705e-49 -5.29155e-48 0)
(1.44003e-49 -2.30958e-49 0)
(7.42145e-51 -2.63934e-50 0)
(1.8908e-50 3.55928e-50 0)
(2.0534e-50 7.03955e-49 0)
(-4.23692e-50 8.01472e-49 0)
(-2.35932e-50 -9.44746e-49 0)
(1.83008e-49 -1.05698e-49 0)
(-1.67334e-50 5.81613e-48 0)
(-1.6426e-49 -7.54542e-49 0)
(-1.07429e-49 -1.94637e-49 0)
(2.56043e-49 -4.59462e-48 0)
(8.31299e-37 -1.95368e-38 0)
(2.81824e-38 -2.28236e-39 0)
(1.33211e-39 -8.03127e-41 0)
(4.25579e-41 -3.2857e-42 0)
(1.70062e-42 -9.89701e-44 0)
(5.10048e-44 -3.42626e-45 0)
(1.7751e-45 -8.53272e-47 0)
(4.91907e-47 -1.40289e-47 0)
(1.87661e-48 -1.17046e-47 0)
(4.06477e-49 -6.0418e-49 0)
(2.00249e-50 -6.70659e-50 0)
(2.10789e-51 -2.91652e-51 0)
(-8.36929e-53 -5.53862e-52 0)
(-4.08644e-51 -5.62299e-51 0)
(-3.56869e-50 -1.31127e-49 0)
(-7.12689e-49 -1.1371e-48 0)
(-2.9603e-49 -2.26516e-47 0)
(1.78875e-48 -1.04855e-47 0)
(1.08612e-48 3.38763e-47 0)
(-1.01746e-48 2.38342e-47 0)
(-8.41068e-49 1.61322e-48 0)
(5.44375e-48 -3.69074e-48 0)
(7.12615e-49 1.53124e-46 0)
(-5.11467e-48 1.88271e-47 0)
(-9.43412e-49 1.2004e-47 0)
(-5.0802e-49 -1.01495e-47 0)
(5.87095e-48 -4.7689e-48 0)
(-5.44993e-48 1.55809e-46 0)
(-5.79662e-48 -1.56478e-46 0)
(5.54657e-48 -6.854e-48 0)
(2.80798e-49 -7.69364e-49 0)
(7.69299e-49 1.19757e-48 0)
(8.0673e-49 2.34646e-47 0)
(-1.73661e-48 2.74383e-47 0)
(-9.55515e-49 -3.15259e-47 0)
(7.12208e-48 -4.46395e-48 0)
(-6.83444e-49 1.72988e-46 0)
(-6.3319e-48 -2.59559e-47 0)
(-4.03091e-48 -5.85092e-48 0)
(9.77604e-48 -1.33563e-46 0)
(8.63249e-37 2.73519e-38 0)
(2.93245e-38 1.22637e-39 0)
(1.38586e-39 3.87396e-41 0)
(4.43404e-41 1.54335e-42 0)
(1.77168e-42 4.66636e-44 0)
(5.31955e-44 2.50493e-45 0)
(1.81627e-45 4.96206e-46 0)
(2.75548e-47 -4.24417e-46 0)
(1.25927e-47 -4.48496e-46 0)
(1.22183e-47 -2.27202e-47 0)
(6.3224e-49 -2.55574e-48 0)
(7.00357e-50 -1.09523e-49 0)
(-2.85173e-51 -2.10231e-50 0)
(-1.37546e-49 -2.11188e-49 0)
(-1.19192e-48 -5.00275e-48 0)
(-2.37232e-47 -4.28934e-47 0)
(-9.84769e-48 -8.74446e-46 0)
(5.95462e-47 -4.05533e-46 0)
(3.61523e-47 1.30792e-45 0)
(-3.39856e-47 9.18939e-46 0)
(-2.89933e-47 5.88753e-47 0)
(1.59628e-46 -1.68518e-46 0)
(2.37204e-47 5.53696e-45 0)
(-1.48682e-46 7.00818e-46 0)
(-3.0525e-47 4.6067e-46 0)
(-1.76673e-47 -3.94892e-46 0)
(1.74845e-46 -2.0723e-46 0)
(-1.59836e-46 5.66757e-45 0)
(-1.71375e-46 -5.69284e-45 0)
(1.64047e-46 -2.41213e-46 0)
(8.48275e-48 -2.70703e-47 0)
(2.55283e-47 4.50506e-47 0)
(2.76424e-47 9.02931e-46 0)
(-5.79265e-47 1.00861e-45 0)
(-3.36042e-47 -1.22345e-45 0)
(2.15461e-46 -1.98035e-46 0)
(-2.26395e-47 6.30638e-45 0)
(-1.88413e-46 -1.02673e-45 0)
(-1.12936e-46 -2.06882e-46 0)
(2.84064e-46 -4.81292e-45 0)
(3.52789e-38 2.84076e-38 0)
(1.25902e-39 1.34208e-39 0)
(5.91779e-41 4.29726e-41 0)
(1.95895e-42 1.70019e-42 0)
(7.96185e-44 6.45233e-44 0)
(2.41384e-45 2.80765e-44 0)
(-1.30831e-45 1.32877e-44 0)
(-9.45165e-46 -1.24927e-44 0)
(4.24719e-46 -1.31639e-44 0)
(4.69817e-46 -6.69893e-46 0)
(2.38207e-47 -7.55018e-47 0)
(2.67023e-48 -3.25188e-48 0)
(-1.071e-49 -6.2847e-49 0)
(-5.24801e-48 -6.26866e-48 0)
(-4.49644e-47 -1.47774e-46 0)
(-9.15916e-46 -1.26449e-45 0)
(-3.8203e-46 -2.56611e-44 0)
(2.29889e-45 -1.18963e-44 0)
(1.3952e-45 3.83812e-44 0)
(-1.31574e-45 2.69674e-44 0)
(-1.14546e-45 1.60164e-45 0)
(5.77191e-45 -5.95525e-45 0)
(9.15807e-46 1.39773e-43 0)
(-5.34857e-45 1.95545e-44 0)
(-1.15425e-45 1.33825e-44 0)
(-7.03493e-46 -1.1717e-44 0)
(6.38741e-45 -6.96294e-45 0)
(-5.77977e-45 1.44611e-43 0)
(-6.22557e-45 -1.45356e-43 0)
(5.96951e-45 -6.19876e-45 0)
(3.01611e-46 -6.68606e-46 0)
(9.79718e-46 1.3391e-45 0)
(1.01509e-45 2.65469e-44 0)
(-2.2399e-45 3.07638e-44 0)
(-1.27098e-45 -3.59796e-44 0)
(7.93321e-45 -6.81973e-45 0)
(-8.72932e-46 1.62343e-43 0)
(-6.86227e-45 -3.10131e-44 0)
(-3.97473e-45 -5.4305e-45 0)
(1.02293e-44 -1.19871e-43 0)
(-8.46827e-39 5.45328e-39 0)
(-3.44326e-40 3.03907e-40 0)
(-2.34519e-41 9.72695e-42 0)
(-8.13602e-43 -4.49698e-43 0)
(1.16335e-44 4.75665e-43 0)
(-7.36165e-46 9.59641e-43 0)
(-4.08756e-44 4.83358e-43 0)
(-2.78037e-44 -4.56985e-43 0)
(1.24584e-44 -4.80745e-43 0)
(1.37895e-44 -2.37669e-44 0)
(7.0236e-46 -2.69984e-45 0)
(7.88841e-47 -1.13923e-46 0)
(-3.17842e-48 -2.22059e-47 0)
(-1.55027e-46 -2.19553e-46 0)
(-1.32564e-45 -5.28652e-45 0)
(-2.68799e-44 -4.48411e-44 0)
(-1.12027e-44 -9.37829e-43 0)
(6.74481e-44 -4.35794e-43 0)
(4.09329e-44 1.40289e-42 0)
(-3.87375e-44 9.84043e-43 0)
(-3.46712e-44 5.49801e-44 0)
(1.45616e-43 -2.41626e-43 0)
(2.68768e-44 4.79177e-42 0)
(-1.33191e-43 6.90787e-43 0)
(-3.29353e-44 4.8653e-43 0)
(-2.14213e-44 -4.31293e-43 0)
(1.64732e-43 -2.7556e-43 0)
(-1.45837e-43 4.99383e-42 0)
(-1.58919e-43 -5.02028e-42 0)
(1.52467e-43 -2.05112e-43 0)
(7.94306e-45 -2.19376e-44 0)
(2.86734e-44 4.72688e-44 0)
(3.10024e-44 9.66466e-43 0)
(-6.58502e-44 1.05806e-42 0)
(-3.95707e-44 -1.32233e-42 0)
(2.08967e-43 -2.72697e-43 0)
(-2.54782e-44 5.62011e-42 0)
(-1.76789e-43 -1.15653e-42 0)
(-9.32802e-44 -1.81044e-43 0)
(2.54639e-43 -4.09287e-42 0)
(-1.15715e-37 1.09767e-37 0)
(-4.45194e-39 6.41868e-39 0)
(-2.60998e-40 1.93004e-40 0)
(-7.77949e-42 -1.34496e-41 0)
(1.56099e-42 1.19287e-41 0)
(1.05112e-44 2.4226e-41 0)
(-1.49033e-42 1.22034e-41 0)
(-1.01363e-42 -1.15346e-41 0)
(4.56565e-43 -1.21376e-41 0)
(5.03679e-43 -6.03205e-43 0)
(2.49217e-44 -6.80461e-44 0)
(2.82123e-45 -2.88622e-45 0)
(-1.11296e-46 -5.63435e-46 0)
(-5.54664e-45 -5.56187e-45 0)
(-4.70152e-44 -1.33226e-43 0)
(-9.82546e-43 -1.13855e-42 0)
(-4.12151e-43 -2.36748e-41 0)
(2.462e-42 -1.09963e-41 0)
(1.4938e-42 3.54125e-41 0)
(-1.41812e-42 2.48432e-41 0)
(-1.28905e-42 1.26763e-42 0)
(4.994e-42 -6.98834e-42 0)
(9.82528e-43 1.00263e-40 0)
(-4.53702e-42 1.65496e-41 0)
(-1.18012e-42 1.21525e-41 0)
(-8.00741e-43 -1.10094e-41 0)
(5.71713e-42 -7.72169e-42 0)
(-5.00019e-42 1.06246e-40 0)
(-5.47876e-42 -1.06917e-40 0)
(5.26736e-42 -4.41443e-42 0)
(2.65964e-43 -4.35173e-43 0)
(1.04141e-42 1.21126e-42 0)
(1.06525e-42 2.4458e-41 0)
(-2.40718e-42 2.8139e-41 0)
(-1.39785e-42 -3.34392e-41 0)
(7.31405e-42 -7.76823e-42 0)
(-9.29295e-43 1.21162e-40 0)
(-6.11331e-42 -2.99581e-41 0)
(-3.08681e-42 -4.03362e-42 0)
(8.68739e-42 -8.38348e-41 0)
(-3.24561e-36 4.24317e-40 0)
(-1.15392e-37 3.84258e-40 0)
(-6.79071e-39 -8.26479e-40 0)
(-1.91715e-40 -8.24292e-40 0)
(3.93291e-41 4.04297e-40 0)
(2.88385e-43 8.42276e-40 0)
(-3.73419e-41 4.24385e-40 0)
(-2.53077e-41 -4.02018e-40 0)
(1.15378e-41 -4.22187e-40 0)
(1.27192e-41 -2.01755e-41 0)
(6.32627e-43 -2.28547e-42 0)
(7.11134e-44 -9.4257e-44 0)
(-2.81965e-45 -1.85176e-44 0)
(-1.398e-43 -1.81608e-43 0)
(-1.19396e-42 -4.47731e-42 0)
(-2.48085e-41 -3.80716e-41 0)
(-1.04246e-41 -8.24286e-40 0)
(6.15986e-41 -3.84026e-40 0)
(3.7425e-41 1.23312e-39 0)
(-3.5657e-41 8.63269e-40 0)
(-3.31819e-41 4.10591e-41 0)
(1.0469e-40 -2.61037e-40 0)
(2.48228e-41 3.28939e-39 0)
(-9.28578e-41 5.5865e-40 0)
(-2.86998e-41 4.21259e-40 0)
(-2.05996e-41 -3.85806e-40 0)
(1.23606e-40 -2.84239e-40 0)
(-1.04557e-40 3.51682e-39 0)
(-1.16639e-40 -3.53928e-39 0)
(1.12234e-40 -1.37904e-40 0)
(5.9295e-42 -1.32848e-41 0)
(2.62331e-41 4.02263e-41 0)
(2.84132e-41 8.47593e-40 0)
(-6.03263e-41 9.08185e-40 0)
(-3.71699e-41 -1.17136e-39 0)
(1.62674e-40 -2.87512e-40 0)
(-2.30771e-41 4.02093e-39 0)
(-1.31973e-40 -1.0606e-39 0)
(-5.71815e-41 -1.27418e-40 0)
(1.77783e-40 -2.73793e-39 0)
(-1.15448e-37 -1.00845e-37 0)
(-5.71943e-39 1.62988e-39 0)
(-1.48655e-39 -1.75095e-38 0)
(1.24117e-39 -1.72581e-38 0)
(1.7068e-39 8.45739e-39 0)
(2.11571e-41 1.76273e-38 0)
(-1.26216e-39 8.88035e-39 0)
(-8.42956e-40 -8.41088e-39 0)
(4.04976e-40 -8.83521e-39 0)
(4.42577e-40 -4.24442e-40 0)
(2.11645e-41 -4.69545e-41 0)
(2.3891e-42 -1.94499e-42 0)
(-9.20604e-44 -3.79253e-43 0)
(-4.69905e-42 -3.74846e-42 0)
(-3.99339e-41 -9.1977e-41 0)
(-8.64081e-40 -8.02053e-40 0)
(-3.69664e-40 -1.72478e-38 0)
(2.07236e-39 -8.0313e-39 0)
(1.26532e-39 2.57985e-38 0)
(-1.20962e-39 1.80652e-38 0)
(-1.13318e-39 7.66918e-40 0)
(3.4729e-39 -6.08746e-39 0)
(8.66464e-40 5.36152e-38 0)
(-3.02032e-39 1.10656e-38 0)
(-9.4612e-40 8.71654e-39 0)
(-6.94277e-40 -8.16439e-39 0)
(4.11571e-39 -6.47782e-39 0)
(-3.43063e-39 5.89924e-38 0)
(-3.8519e-39 -5.94636e-38 0)
(3.71622e-39 -2.3567e-39 0)
(1.8774e-40 -1.8946e-40 0)
(9.0737e-40 8.55888e-40 0)
(9.19861e-40 1.77915e-38 0)
(-2.02932e-39 2.03787e-38 0)
(-1.16412e-39 -2.45416e-38 0)
(5.43322e-39 -6.63458e-39 0)
(-7.70534e-40 6.89109e-38 0)
(-4.3746e-39 -2.2716e-38 0)
(-1.85379e-39 -2.30642e-39 0)
(5.79667e-39 -4.29536e-38 0)
(-3.5282e-39 2.90185e-37 0)
(-2.16325e-38 2.70449e-37 0)
(-2.06554e-38 -5.80431e-37 0)
(2.11215e-38 -5.78994e-37 0)
(3.04391e-38 2.84223e-37 0)
(4.45667e-40 5.91027e-37 0)
(-2.11157e-38 2.9763e-37 0)
(-1.23347e-38 -2.8274e-37 0)
(8.73652e-39 -2.96198e-37 0)
(9.27201e-39 -1.34619e-38 0)
(4.45524e-40 -1.48651e-39 0)
(4.90999e-41 -5.92111e-41 0)
(-1.90124e-42 -1.1587e-41 0)
(-9.6563e-41 -1.14111e-40 0)
(-8.41828e-40 -2.91419e-39 0)
(-1.81004e-38 -2.5441e-38 0)
(-8.24808e-39 -5.78989e-37 0)
(3.30143e-38 -2.70701e-37 0)
(2.11772e-38 8.66155e-37 0)
(-2.03643e-38 6.04866e-37 0)
(-1.88215e-38 2.35724e-38 0)
(6.1997e-38 -2.14469e-37 0)
(1.84075e-38 1.71782e-36 0)
(-4.69434e-38 3.6152e-37 0)
(-1.39276e-38 2.91642e-37 0)
(-9.68005e-39 -2.75666e-37 0)
(7.1053e-38 -2.26096e-37 0)
(-5.5786e-38 1.90976e-36 0)
(-6.46099e-38 -1.9247e-36 0)
(6.24259e-38 -7.0084e-38 0)
(3.38368e-39 -5.32466e-39 0)
(1.89704e-38 2.68902e-38 0)
(2.12143e-38 5.93859e-37 0)
(-3.19523e-38 6.21779e-37 0)
(-1.60999e-38 -8.29408e-37 0)
(9.33664e-38 -2.32112e-37 0)
(-1.12314e-38 2.23493e-36 0)
(-7.53248e-38 -7.73115e-37 0)
(-3.31879e-38 -6.96776e-38 0)
(9.02468e-38 -1.37096e-36 0)
(3.20123e-37 4.8026e-36 0)
(-2.03369e-37 4.41077e-36 0)
(-2.10186e-37 -9.46125e-36 0)
(2.25968e-37 -9.43925e-36 0)
(5.15389e-37 4.63195e-36 0)
(1.41493e-38 9.63748e-36 0)
(-2.02225e-37 4.8513e-36 0)
(9.37251e-38 -4.60913e-36 0)
(3.1807e-37 -4.82927e-36 0)
(3.11539e-37 -2.20199e-37 0)
(1.41449e-38 -2.28814e-38 0)
(1.55516e-39 -9.11758e-40 0)
(-5.7884e-41 -1.7404e-40 0)
(-3.06051e-39 -1.75873e-39 0)
(-2.67309e-38 -4.48569e-38 0)
(-6.0899e-37 -4.17574e-37 0)
(-3.26094e-37 -9.43919e-36 0)
(1.18176e-37 -4.41084e-36 0)
(2.04123e-37 1.41163e-35 0)
(-2.027e-37 9.86175e-36 0)
(-1.11926e-37 3.29851e-37 0)
(2.49778e-36 -3.83097e-36 0)
(6.42274e-37 1.93462e-35 0)
(-1.45954e-36 5.56191e-36 0)
(4.84702e-38 4.69858e-36 0)
(1.73539e-37 -4.54621e-36 0)
(2.32961e-36 -3.9641e-36 0)
(-1.78093e-36 2.28043e-35 0)
(-2.07825e-36 -2.30473e-35 0)
(2.01495e-36 -8.65014e-37 0)
(1.0184e-37 -3.75723e-38 0)
(6.33357e-37 4.45648e-37 0)
(6.95445e-37 9.71992e-36 0)
(-6.17284e-38 1.1143e-35 0)
(5.06454e-37 -1.3532e-35 0)
(2.63687e-36 -4.11123e-36 0)
(8.2748e-38 2.77696e-35 0)
(-2.45431e-36 -1.28745e-35 0)
(-1.98934e-36 -9.51279e-37 0)
(2.82529e-36 -1.41733e-35 0)
(7.78008e-36 1.58705e-34 0)
(5.51127e-35 1.4678e-34 0)
(5.25122e-35 -3.12968e-34 0)
(-5.22544e-35 -3.12307e-34 0)
(-4.99624e-35 1.53487e-34 0)
(2.32625e-37 3.18325e-34 0)
(5.51312e-35 1.60142e-34 0)
(6.00202e-35 -1.52803e-34 0)
(7.74075e-36 -1.5948e-34 0)
(5.14379e-36 -6.67898e-36 0)
(2.32559e-37 -6.86281e-37 0)
(2.39688e-38 -2.58397e-38 0)
(-8.93642e-40 -4.93612e-39 0)
(-4.71655e-38 -4.98493e-38 0)
(-4.41094e-37 -1.34688e-36 0)
(-1.00559e-35 -1.26733e-35 0)
(-1.03607e-35 -3.12305e-34 0)
(-1.12506e-34 -1.46783e-34 0)
(-5.51038e-35 4.67148e-34 0)
(5.25783e-35 3.25108e-34 0)
(5.87107e-35 9.69345e-36 0)
(8.94324e-35 -1.30871e-34 0)
(1.30942e-35 6.3793e-34 0)
(-1.13337e-35 1.80046e-34 0)
(5.96129e-35 1.55196e-34 0)
(6.10549e-35 -1.51188e-34 0)
(3.10714e-35 -1.34589e-34 0)
(-1.91237e-35 7.57471e-34 0)
(-2.40339e-35 -7.64834e-34 0)
(2.33815e-35 -2.48876e-35 0)
(1.34385e-36 -8.7633e-37 0)
(1.04388e-35 1.33565e-35 0)
(1.74946e-35 3.1935e-34 0)
(1.15867e-34 3.26271e-34 0)
(1.21377e-34 -4.51191e-34 0)
(-1.53012e-35 -1.39526e-34 0)
(5.49153e-35 9.19411e-34 0)
(-3.24292e-35 -4.30834e-34 0)
(-1.3465e-34 -2.79466e-35 0)
(2.31019e-35 -4.70503e-34 0)
(3.84079e-34 1.74013e-33 0)
(5.17543e-33 1.60747e-33 0)
(4.96565e-33 -3.42692e-33 0)
(-4.95779e-33 -3.42077e-33 0)
(-5.00266e-33 1.68033e-33 0)
(7.10224e-36 3.48725e-33 0)
(5.176e-33 1.75274e-33 0)
(5.34082e-33 -1.67397e-33 0)
(3.82286e-34 -1.74658e-33 0)
(1.72593e-34 -7.26284e-35 0)
(7.10037e-36 -6.38103e-36 0)
(7.19824e-37 -2.36644e-37 0)
(-2.53426e-38 -4.24105e-38 0)
(-1.41775e-36 -4.57567e-37 0)
(-1.34793e-35 -1.25268e-35 0)
(-3.38111e-34 -1.3889e-34 0)
(-5.92671e-34 -3.42075e-33 0)
(-1.03057e-32 -1.60747e-33 0)
(-5.1752e-33 5.11365e-33 0)
(4.9673e-33 3.56025e-33 0)
(5.41191e-33 8.44787e-35 0)
(6.26925e-33 -1.54844e-33 0)
(5.61288e-34 3.65308e-33 0)
(-1.99464e-34 1.85936e-33 0)
(5.3318e-33 1.67949e-33 0)
(5.36939e-33 -1.67513e-33 0)
(1.11327e-33 -1.56688e-33 0)
(-5.83214e-34 5.07514e-33 0)
(-7.48678e-34 -5.15413e-33 0)
(7.32482e-34 -1.79709e-34 0)
(3.74453e-35 7.49206e-36 0)
(3.47859e-34 1.47345e-34 0)
(7.85336e-34 3.51562e-33 0)
(1.05383e-32 4.11171e-33 0)
(1.06445e-32 -4.9416e-33 0)
(-3.40633e-33 -1.63785e-33 0)
(4.92473e-33 6.7352e-33 0)
(-1.14764e-33 -4.80727e-33 0)
(-1.08647e-32 -2.44061e-34 0)
(4.78417e-34 -1.9894e-33 0)
(1.40273e-32 5.71082e-32 0)
(3.52838e-31 5.33911e-32 0)
(3.40908e-31 -1.12724e-31 0)
(-3.40821e-31 -1.1255e-31 0)
(-3.50749e-31 5.54336e-32 0)
(8.02247e-35 1.14412e-31 0)
(3.52844e-31 5.74635e-32 0)
(3.54845e-31 -5.52546e-32 0)
(1.40176e-32 -5.72898e-32 0)
(2.08782e-33 -2.03558e-33 0)
(8.02086e-35 -1.79411e-34 0)
(6.74202e-36 -6.12504e-36 0)
(-2.33911e-37 -1.10554e-36 0)
(-1.32798e-35 -1.18425e-35 0)
(-1.53661e-34 -3.52731e-34 0)
(-4.09566e-33 -3.89211e-33 0)
(-2.59538e-32 -1.1255e-31 0)
(-6.95746e-31 -5.33919e-32 0)
(-3.52837e-31 1.68337e-31 0)
(3.40903e-31 1.16456e-31 0)
(3.64805e-31 2.30316e-33 0)
(3.57667e-31 -5.17396e-32 0)
(1.61791e-32 1.5266e-31 0)
(1.53851e-32 6.04463e-32 0)
(3.54983e-31 5.53424e-32 0)
(3.54952e-31 -5.53523e-32 0)
(1.47334e-32 -5.2192e-32 0)
(1.35451e-33 2.00859e-31 0)
(-6.5287e-34 -2.03074e-31 0)
(7.29336e-34 -5.09821e-33 0)
(1.85265e-34 2.7193e-34 0)
(4.19824e-33 4.07099e-33 0)
(2.87564e-32 1.14614e-31 0)
(7.07911e-31 1.14646e-31 0)
(6.99091e-31 -1.64173e-31 0)
(-3.02297e-31 -5.43082e-32 0)
(3.31048e-31 2.55723e-31 0)
(-1.46254e-32 -1.59695e-31 0)
(-6.84572e-31 -7.01686e-33 0)
(-2.49972e-32 -9.78766e-32 0)
)
;

boundaryField
{
    leftWall
    {
        type            fixedValue;
        value           nonuniform 0();
    }
    rightWall
    {
        type            fixedValue;
        value           uniform (0 0 0);
    }
    lowerWall
    {
        type            fixedValue;
        value           uniform (0 0 0);
    }
    atmosphere
    {
        type            pressureInletOutletVelocity;
        value           nonuniform 0();
    }
    defaultFaces
    {
        type            empty;
    }
    procBoundary1to0
    {
        type            processor;
        value           nonuniform List<vector> 
44
(
(-2.45361e-45 -9.08811e-45 0)
(-1.2156e-43 -1.84436e-43 0)
(-2.65534e-42 -3.37524e-42 0)
(-4.87937e-41 -6.61708e-41 0)
(-9.88614e-40 -1.03009e-39 0)
(-1.54546e-38 -1.86465e-38 0)
(-2.93704e-37 -2.32678e-37 0)
(-3.66593e-36 -3.94862e-36 0)
(-6.69051e-35 -3.47541e-35 0)
(-5.63221e-34 -5.83149e-34 0)
(-1.26163e-32 -2.89845e-33 0)
(1.92765e-33 -9.1029e-32 0)
(2.84808e-32 1.0788e-32 0)
(-1.00611e-33 1.02204e-31 0)
(-1.4099e-32 3.3006e-33 0)
(3.39627e-34 1.40429e-33 0)
(2.27337e-32 6.60727e-33 0)
(4.48774e-32 1.65808e-31 0)
(1.44343e-33 3.3024e-31 0)
(-4.48349e-32 1.7621e-31 0)
(-1.60851e-36 1.79104e-31 0)
(-1.60851e-36 1.79104e-31 0)
(-6.14566e-38 2.39878e-32 0)
(-5.84158e-39 7.61069e-34 0)
(4.00965e-40 6.06428e-35 0)
(1.27621e-38 1.94548e-36 0)
(4.22174e-37 4.16564e-37 0)
(7.09144e-36 9.05609e-36 0)
(2.28304e-34 1.09542e-34 0)
(2.64825e-33 3.13547e-33 0)
(8.26097e-32 2.13766e-32 0)
(8.0183e-32 5.99644e-31 0)
(-8.0183e-32 5.99644e-31 0)
(-8.26097e-32 2.13765e-32 0)
(-2.64835e-33 3.13357e-33 0)
(-2.33087e-34 8.87247e-35 0)
(-1.83026e-34 -6.74338e-34 0)
(-5.61359e-33 3.04836e-37 0)
(-1.75947e-34 6.83408e-34 0)
(-4.78417e-36 2.08179e-35 0)
(-9.66079e-38 1.90041e-36 0)
(-3.9556e-39 5.75214e-38 0)
(3.08817e-42 3.57001e-39 0)
(9.51996e-40 1.15735e-39 0)
)
;
    }
    procBoundary1to3
    {
        type            processor;
        value           nonuniform List<vector> 
45
(
(6.51801e-37 4.54965e-42 0)
(1.02641e-35 -4.82695e-42 0)
(2.567e-34 -5.06469e-42 0)
(2.79092e-33 -3.03571e-43 0)
(7.11699e-32 -7.22981e-44 0)
(4.47491e-31 -8.00849e-43 0)
(1.56825e-29 -7.40591e-43 0)
(1.53028e-29 1.57883e-42 0)
(-1.53004e-29 1.57313e-42 0)
(-1.56154e-29 -7.7466e-43 0)
(2.23612e-33 -1.60512e-42 0)
(1.56827e-29 -8.07403e-43 0)
(1.57473e-29 7.72803e-43 0)
(4.4671e-31 8.05077e-43 0)
(6.70706e-32 3.22909e-44 0)
(2.2357e-33 3.36092e-45 0)
(1.89453e-34 1.22066e-46 0)
(-6.05374e-36 3.99232e-48 0)
(-3.73626e-34 -3.18238e-46 0)
(-4.28159e-33 -1.21721e-44 0)
(-1.31912e-31 -3.88782e-43 0)
(-8.26532e-31 -1.20036e-41 0)
(-3.105e-29 -1.60076e-40 0)
(-1.56825e-29 5.02042e-39 0)
(1.53026e-29 1.1112e-36 0)
(1.60625e-29 8.74259e-35 0)
(1.58137e-29 5.19173e-33 0)
(5.15832e-31 2.08087e-31 0)
(5.14888e-31 5.19174e-33 0)
(1.57518e-29 8.85321e-35 0)
(1.57497e-29 8.74259e-35 0)
(4.46197e-31 5.10431e-33 0)
(6.78118e-32 2.02895e-31 0)
(2.98262e-33 -2.02895e-31 0)
(-1.38524e-34 -5.1043e-33 0)
(4.45301e-33 -8.51756e-35 0)
(1.33999e-31 8.85159e-35 0)
(8.92683e-31 5.32216e-33 0)
(3.14361e-29 2.13316e-31 0)
(3.11811e-29 5.40959e-33 0)
(-1.40969e-29 5.28135e-33 0)
(1.49899e-29 2.08087e-31 0)
(-4.41894e-31 5.10536e-33 0)
(-3.06704e-29 -5.02028e-33 0)
(-8.49315e-31 -2.02904e-31 0)
)
;
    }
}


// ************************************************************************* //
