/*--------------------------------*- C++ -*----------------------------------*\
| =========                 |                                                 |
| \\      /  F ield         | OpenFOAM: The Open Source CFD Toolbox           |
|  \\    /   O peration     | Version:  2.4.0                                 |
|   \\  /    A nd           | Web:      www.OpenFOAM.org                      |
|    \\/     M anipulation  |                                                 |
\*---------------------------------------------------------------------------*/
FoamFile
{
    version     2.0;
    format      ascii;
    class       volVectorField;
    location    "0.55";
    object      U;
}
// * * * * * * * * * * * * * * * * * * * * * * * * * * * * * * * * * * * * * //

dimensions      [0 1 -1 0 0 0 0];

internalField   nonuniform List<vector> 
1935
(
(6.15527e-36 1.80621e-36 0)
(6.23131e-35 1.33749e-35 0)
(3.28648e-34 1.12253e-34 0)
(3.73875e-33 8.88523e-35 0)
(3.46704e-33 -2.16615e-34 0)
(-3.46608e-33 -2.16423e-34 0)
(-3.7317e-33 9.09858e-35 0)
(-2.59956e-34 1.27594e-34 0)
(3.29533e-34 1.39226e-34 0)
(4.06828e-33 2.05199e-34 0)
(7.27439e-33 -1.12059e-34 0)
(3.98065e-34 -3.05467e-34 0)
(-3.06882e-33 8.88521e-35 0)
(3.53645e-33 2.01103e-34 0)
(3.74587e-33 -9.10065e-35 0)
(3.29533e-34 -1.12468e-34 0)
(6.24527e-35 -1.34017e-35 0)
(6.24933e-36 -1.94227e-36 0)
(7.99964e-37 -1.9347e-37 0)
(7.65185e-38 -2.07249e-38 0)
(7.9423e-39 -1.85888e-39 0)
(7.00193e-40 -1.69696e-40 0)
(6.29432e-41 -1.38871e-41 0)
(5.50277e-42 -1.04302e-42 0)
(5.52896e-42 1.04926e-42 0)
(6.33213e-41 1.39657e-41 0)
(7.04871e-40 1.70738e-40 0)
(8.00006e-39 1.87163e-39 0)
(7.7155e-38 2.08806e-38 0)
(8.07196e-37 1.95157e-37 0)
(6.31779e-36 1.96111e-36 0)
(6.31747e-35 1.35741e-35 0)
(3.34967e-34 1.14213e-34 0)
(3.80192e-33 1.02424e-34 0)
(3.80192e-33 -1.02424e-34 0)
(3.34967e-34 -1.14213e-34 0)
(6.31747e-35 -1.35741e-35 0)
(6.31779e-36 -1.96111e-36 0)
(8.07196e-37 -1.95157e-37 0)
(7.71549e-38 -2.08807e-38 0)
(7.99932e-39 -1.8731e-39 0)
(6.9941e-40 -1.81722e-40 0)
(3.78088e-41 -9.60707e-41 0)
(-1.28517e-40 -3.86044e-40 0)
(1.5881e-36 -8.23971e-37 0)
(1.44584e-35 -6.9787e-36 0)
(7.67213e-35 -5.85798e-35 0)
(5.82139e-34 -4.63034e-35 0)
(5.18455e-34 1.12936e-34 0)
(-5.18195e-34 1.12842e-34 0)
(-5.80265e-34 -4.7373e-35 0)
(-6.05668e-35 -6.65498e-35 0)
(7.69611e-35 -7.26542e-35 0)
(6.59098e-34 -1.06937e-34 0)
(1.11672e-33 5.84848e-35 0)
(9.30702e-35 1.5924e-34 0)
(-4.25342e-34 -4.63033e-35 0)
(5.34801e-34 -1.04882e-34 0)
(5.84031e-34 4.73828e-35 0)
(7.69611e-35 5.8685e-35 0)
(1.45005e-35 6.99536e-36 0)
(1.65725e-36 9.75881e-37 0)
(2.14947e-37 9.47875e-38 0)
(2.18416e-38 9.83402e-39 0)
(2.3009e-39 8.61211e-40 0)
(2.09814e-40 7.68488e-41 0)
(1.91111e-41 6.17463e-42 0)
(1.70895e-42 4.56762e-43 0)
(1.71729e-42 -4.59421e-43 0)
(1.92296e-41 -6.20859e-42 0)
(2.11264e-40 -7.73054e-41 0)
(2.3184e-39 -8.66889e-40 0)
(2.20321e-38 -9.90462e-39 0)
(2.17035e-37 -9.55708e-38 0)
(1.67675e-36 -9.84841e-37 0)
(1.46932e-35 -7.08016e-36 0)
(7.83988e-35 -5.95644e-35 0)
(5.9683e-34 -5.33826e-35 0)
(5.9683e-34 5.33826e-35 0)
(7.83988e-35 5.95644e-35 0)
(1.46932e-35 7.08016e-36 0)
(1.67675e-36 9.84841e-37 0)
(2.17035e-37 9.55707e-38 0)
(2.2031e-38 9.9032e-39 0)
(2.31011e-39 8.53615e-40 0)
(1.49211e-40 -2.34555e-41 0)
(-2.72656e-40 -7.59871e-40 0)
(-1.54585e-39 -3.6856e-39 0)
(3.74925e-37 -2.18603e-37 0)
(2.84305e-36 -1.79786e-36 0)
(1.07081e-35 -1.23511e-35 0)
(6.26644e-35 -9.20045e-36 0)
(5.44844e-35 2.36386e-35 0)
(-5.44174e-35 2.36116e-35 0)
(-6.22366e-35 -9.48863e-36 0)
(-7.48462e-36 -1.44143e-35 0)
(1.07691e-35 -1.598e-35 0)
(7.34328e-35 -2.21034e-35 0)
(1.20365e-34 1.23237e-35 0)
(1.398e-35 3.2839e-35 0)
(-4.04926e-35 -9.20042e-36 0)
(5.77556e-35 -2.15512e-35 0)
(6.30966e-35 9.49153e-36 0)
(1.07691e-35 1.23815e-35 0)
(2.85154e-36 1.80244e-36 0)
(3.72597e-37 2.61195e-37 0)
(5.45157e-38 2.73128e-38 0)
(5.92391e-39 2.89624e-39 0)
(6.60006e-40 2.63746e-40 0)
(6.24687e-41 2.39317e-41 0)
(5.86709e-42 1.97195e-42 0)
(5.37275e-43 1.47693e-43 0)
(5.39973e-43 -1.4858e-43 0)
(5.90494e-42 -1.98314e-42 0)
(6.29232e-41 -2.40794e-41 0)
(6.65368e-40 -2.65557e-40 0)
(5.98043e-39 -2.91817e-39 0)
(5.51123e-38 -2.75523e-38 0)
(3.77849e-37 -2.63823e-37 0)
(2.90001e-36 -1.82681e-36 0)
(1.10859e-35 -1.26148e-35 0)
(6.55637e-35 -1.1027e-35 0)
(6.55637e-35 1.1027e-35 0)
(1.10859e-35 1.26148e-35 0)
(2.90001e-36 1.82681e-36 0)
(3.77849e-37 2.63823e-37 0)
(5.51112e-38 2.7551e-38 0)
(5.97039e-39 2.90621e-39 0)
(5.8935e-40 1.52465e-40 0)
(-5.13022e-40 -8.43369e-40 0)
(-2.73712e-39 -6.68248e-39 0)
(-1.47584e-38 -3.26815e-38 0)
(6.03653e-38 -5.79925e-38 0)
(3.97127e-37 -4.32246e-37 0)
(1.09656e-36 -2.78145e-36 0)
(5.11562e-36 -2.03272e-36 0)
(4.36717e-36 5.32233e-36 0)
(-4.35566e-36 5.31483e-36 0)
(-5.04769e-36 -2.10869e-36 0)
(-6.39807e-37 -3.28309e-36 0)
(1.10695e-36 -3.65474e-36 0)
(6.22241e-36 -4.95919e-36 0)
(9.93814e-36 2.77366e-36 0)
(1.56138e-36 7.35502e-36 0)
(-2.80366e-36 -2.03268e-36 0)
(4.83191e-36 -4.81384e-36 0)
(5.1843e-36 2.10954e-36 0)
(1.10695e-36 2.78975e-36 0)
(3.98304e-37 4.33432e-37 0)
(5.85259e-38 6.85084e-38 0)
(9.26339e-39 7.5881e-39 0)
(1.06321e-39 8.49413e-40 0)
(1.2276e-40 8.03619e-41 0)
(1.19779e-41 7.53101e-42 0)
(1.14855e-42 6.35604e-43 0)
(1.07312e-43 4.84905e-44 0)
(1.07864e-43 -4.87902e-44 0)
(1.1562e-42 -6.39335e-43 0)
(1.20685e-41 -7.57947e-42 0)
(1.23808e-40 -8.09447e-41 0)
(1.07402e-39 -8.563e-40 0)
(9.37397e-39 -7.66082e-39 0)
(5.9464e-38 -6.92761e-38 0)
(4.0648e-37 -4.40155e-37 0)
(1.15596e-36 -2.85051e-36 0)
(5.52195e-36 -2.47276e-36 0)
(5.52195e-36 2.47276e-36 0)
(1.15596e-36 2.85051e-36 0)
(4.0648e-37 4.40155e-37 0)
(5.94631e-38 6.92753e-38 0)
(9.36489e-39 7.65107e-39 0)
(9.88339e-40 7.60846e-40 0)
(-5.31288e-40 -8.32432e-40 0)
(-5.01799e-39 -7.09188e-39 0)
(-2.43408e-38 -5.56797e-38 0)
(-1.32992e-37 -2.779e-37 0)
(7.75607e-39 -1.86973e-38 0)
(5.47304e-38 -7.36291e-38 0)
(9.71049e-38 -4.28409e-37 0)
(2.96469e-37 -3.04889e-37 0)
(2.46296e-37 8.15306e-37 0)
(-2.44391e-37 8.13996e-37 0)
(-2.86052e-37 -3.17784e-37 0)
(-3.39035e-38 -5.09608e-37 0)
(9.8571e-38 -5.7015e-37 0)
(3.94864e-37 -7.56372e-37 0)
(6.05336e-37 4.2522e-37 0)
(1.61164e-37 1.11994e-36 0)
(-8.47475e-38 -3.04572e-37 0)
(3.10532e-37 -7.31153e-37 0)
(3.06712e-37 3.17942e-37 0)
(9.8571e-38 4.28146e-37 0)
(5.42483e-38 7.1178e-38 0)
(8.7491e-39 1.18517e-38 0)
(1.49376e-39 1.37666e-39 0)
(1.78834e-40 1.59315e-40 0)
(2.13493e-41 1.55342e-41 0)
(2.13343e-42 1.48652e-42 0)
(2.08442e-43 1.27919e-43 0)
(1.97839e-44 9.88508e-45 0)
(1.98876e-44 -9.94767e-45 0)
(2.09865e-43 -1.2869e-43 0)
(2.15009e-42 -1.4964e-42 0)
(2.15391e-41 -1.56513e-41 0)
(1.80756e-40 -1.60672e-40 0)
(1.51294e-39 -1.39068e-39 0)
(8.90617e-39 -1.19952e-38 0)
(5.5559e-38 -7.23924e-38 0)
(1.05783e-37 -4.3859e-37 0)
(3.51852e-37 -3.76949e-37 0)
(3.51852e-37 3.76949e-37 0)
(1.05783e-37 4.3859e-37 0)
(5.55583e-38 7.23919e-38 0)
(8.89874e-39 1.19889e-38 0)
(1.44036e-39 1.32035e-39 0)
(-5.12479e-40 -5.3473e-40 0)
(-5.34881e-39 -6.73012e-39 0)
(-4.19602e-38 -5.33089e-38 0)
(-2.07284e-37 -4.26643e-37 0)
(-1.15621e-36 -2.1885e-36 0)
(-1.29161e-38 -7.49963e-38 0)
(1.25027e-38 -3.39535e-38 0)
(9.81034e-39 -7.95766e-38 0)
(9.80159e-39 -4.78815e-38 0)
(6.49526e-39 1.22093e-37 0)
(-5.953e-39 1.22284e-37 0)
(-7.08168e-39 -4.74106e-38 0)
(-7.28349e-41 -7.71462e-38 0)
(8.11133e-39 -8.65062e-38 0)
(1.65583e-38 -1.13479e-37 0)
(2.24786e-38 6.38754e-38 0)
(1.5858e-38 1.67806e-37 0)
(9.65059e-39 -4.52302e-38 0)
(1.42382e-38 -1.09337e-37 0)
(9.83245e-39 4.74309e-38 0)
(8.11125e-39 6.43732e-38 0)
(6.65229e-39 1.10974e-38 0)
(1.15279e-39 1.94226e-39 0)
(2.0733e-40 2.33692e-40 0)
(2.56845e-41 2.78969e-41 0)
(3.14294e-42 2.78459e-42 0)
(3.20542e-43 2.71511e-43 0)
(3.17884e-44 2.37169e-44 0)
(3.0596e-45 1.85293e-45 0)
(3.07591e-45 -1.86487e-45 0)
(3.20103e-44 -2.38629e-44 0)
(3.23115e-43 -2.73363e-43 0)
(3.17186e-42 -2.80628e-42 0)
(2.59728e-41 -2.81443e-41 0)
(2.10147e-40 -2.36201e-40 0)
(1.17527e-39 -1.96732e-39 0)
(6.8333e-39 -1.13027e-38 0)
(9.0504e-39 -6.60761e-38 0)
(1.52804e-38 -5.65302e-38 0)
(1.52803e-38 5.65301e-38 0)
(9.04998e-39 6.60759e-38 0)
(6.82848e-39 1.12991e-38 0)
(1.12156e-39 1.92536e-39 0)
(-3.19948e-40 -2.37942e-40 0)
(-5.10563e-39 -4.72267e-39 0)
(-4.03988e-38 -4.6949e-38 0)
(-3.21949e-37 -3.79258e-37 0)
(-1.63313e-36 -3.1239e-36 0)
(-9.29911e-36 -1.66213e-35 0)
(-1.11126e-37 -5.81972e-37 0)
(5.38816e-38 -1.80077e-37 0)
(1.76891e-38 -1.29881e-37 0)
(1.07159e-38 -2.62892e-38 0)
(1.12252e-39 1.23283e-38 0)
(1.26802e-39 1.54927e-38 0)
(1.11077e-39 -6.17955e-39 0)
(2.95744e-40 -1.01332e-38 0)
(6.95591e-40 -1.13855e-38 0)
(-1.95948e-40 -1.47565e-38 0)
(-8.10121e-40 8.32241e-39 0)
(1.64128e-39 2.17946e-38 0)
(2.51715e-39 -5.81912e-39 0)
(1.082e-40 -1.41748e-38 0)
(-7.13597e-40 6.12866e-39 0)
(6.95e-40 8.39439e-39 0)
(8.07623e-40 1.49983e-39 0)
(1.46576e-40 2.72144e-40 0)
(2.74135e-41 3.37449e-41 0)
(3.48113e-42 4.1233e-42 0)
(4.34525e-43 4.19933e-43 0)
(4.50129e-44 4.15591e-44 0)
(4.51843e-45 3.67879e-45 0)
(4.39633e-46 2.9005e-46 0)
(4.42008e-46 -2.91951e-46 0)
(4.55054e-45 -3.70185e-45 0)
(4.5382e-44 -4.1849e-44 0)
(4.38631e-43 -4.23295e-43 0)
(3.52156e-42 -4.16113e-42 0)
(2.78022e-41 -3.41226e-41 0)
(1.49613e-40 -2.7584e-40 0)
(8.31465e-40 -1.52937e-39 0)
(8.13289e-40 -8.63195e-39 0)
(-5.956e-41 -7.34808e-39 0)
(-5.97636e-41 7.34795e-39 0)
(8.10514e-40 8.63034e-39 0)
(7.99279e-40 1.50891e-39 0)
(-2.13624e-40 3.60104e-41 0)
(-3.60467e-39 -2.71109e-39 0)
(-3.5803e-38 -2.79421e-38 0)
(-2.87821e-37 -2.82076e-37 0)
(-2.35673e-36 -2.34535e-36 0)
(-1.23649e-35 -1.99958e-35 0)
(-7.27155e-35 -1.12142e-34 0)
(-7.85204e-37 -4.19773e-36 0)
(5.14984e-37 -1.32614e-36 0)
(1.48822e-37 -9.31272e-37 0)
(9.24e-38 -1.53541e-37 0)
(1.52752e-38 -2.45101e-38 0)
(2.94737e-39 -1.18023e-39 0)
(5.64526e-40 -1.15156e-39 0)
(9.203e-41 -1.32198e-39 0)
(6.72364e-41 -1.44883e-39 0)
(-1.39858e-40 -1.85897e-39 0)
(-2.78897e-40 1.04903e-39 0)
(1.71409e-40 2.7425e-39 0)
(3.56836e-40 -7.27542e-40 0)
(-7.23778e-41 -1.78113e-39 0)
(-1.82204e-40 7.68848e-40 0)
(6.29613e-41 1.05887e-39 0)
(9.21316e-41 1.93734e-40 0)
(1.72948e-41 3.62096e-41 0)
(3.32366e-42 4.59146e-42 0)
(4.30718e-43 5.71831e-43 0)
(5.45979e-44 5.91429e-44 0)
(5.73209e-45 5.92442e-45 0)
(5.81154e-46 5.29833e-46 0)
(5.70874e-47 4.20804e-47 0)
(5.73993e-47 -4.23598e-47 0)
(5.85346e-46 -5.33202e-46 0)
(5.77997e-45 -5.96648e-45 0)
(5.51255e-44 -5.96267e-44 0)
(4.3586e-43 -5.77218e-43 0)
(3.37242e-42 -4.64459e-42 0)
(1.76697e-41 -3.67212e-41 0)
(9.50126e-41 -1.97742e-40 0)
(7.68159e-41 -1.09037e-39 0)
(-1.08327e-40 -9.2527e-40 0)
(-1.09477e-40 9.24597e-40 0)
(6.10166e-41 1.08208e-39 0)
(-9.00236e-41 9.11239e-41 0)
(-2.0971e-39 -1.22938e-39 0)
(-2.14701e-38 -1.47576e-38 0)
(-2.15875e-37 -1.53467e-37 0)
(-1.78034e-36 -1.59803e-36 0)
(-1.50179e-35 -1.38208e-35 0)
(-8.23391e-35 -1.24429e-34 0)
(-4.98792e-34 -7.49586e-34 0)
(-4.16395e-36 -2.96676e-35 0)
(5.19296e-36 -8.84866e-36 0)
(1.33949e-36 -6.1791e-36 0)
(7.26163e-37 -9.88127e-37 0)
(1.16119e-37 -1.64841e-37 0)
(2.00946e-38 -1.90823e-38 0)
(2.4466e-39 -2.35404e-39 0)
(2.97819e-40 -3.73137e-40 0)
(3.54373e-41 -1.90746e-40 0)
(-1.8536e-41 -2.1779e-40 0)
(-3.98225e-41 1.21846e-40 0)
(1.82186e-41 3.18311e-40 0)
(4.29398e-41 -8.39078e-41 0)
(-1.21418e-41 -2.06473e-40 0)
(-2.51556e-41 8.89468e-41 0)
(6.13322e-42 1.23222e-40 0)
(1.02181e-41 2.30566e-41 0)
(1.96113e-42 4.40689e-42 0)
(3.84544e-43 5.696e-43 0)
(5.06026e-44 7.20106e-44 0)
(6.49305e-45 7.54759e-45 0)
(6.88879e-46 7.63605e-46 0)
(7.04015e-47 6.89105e-47 0)
(6.96788e-48 5.50701e-48 0)
(7.00628e-48 -5.54399e-48 0)
(7.09153e-47 -6.93542e-47 0)
(6.94714e-46 -7.6911e-46 0)
(6.55687e-45 -7.61049e-45 0)
(5.12194e-44 -7.27045e-44 0)
(3.90325e-43 -5.76374e-43 0)
(2.00494e-42 -4.47126e-42 0)
(1.05483e-41 -2.35533e-41 0)
(7.66177e-42 -1.27055e-40 0)
(-1.74905e-41 -1.07613e-40 0)
(-2.34658e-41 1.05174e-40 0)
(-7.53761e-41 9.67159e-41 0)
(-9.74739e-40 -3.70853e-40 0)
(-1.14629e-38 -4.74465e-39 0)
(-1.18726e-37 -5.64313e-38 0)
(-1.22714e-36 -6.02776e-37 0)
(-1.04447e-35 -6.52758e-36 0)
(-9.20214e-35 -6.02132e-35 0)
(-5.31295e-34 -5.85416e-34 0)
(-3.4179e-33 -3.99299e-33 0)
(-9.29954e-36 -1.78464e-34 0)
(5.65375e-35 -5.708e-35 0)
(1.19923e-35 -4.18948e-35 0)
(5.01806e-36 -6.38068e-36 0)
(7.5601e-37 -1.02321e-36 0)
(1.24399e-37 -1.15126e-37 0)
(1.45508e-38 -1.31385e-38 0)
(1.71512e-39 -1.27709e-39 0)
(1.70135e-40 -1.38624e-40 0)
(1.39583e-41 -3.43087e-41 0)
(-3.15249e-42 1.27781e-41 0)
(1.994e-42 3.54428e-41 0)
(4.65098e-42 -9.31901e-42 0)
(-1.44047e-42 -2.30092e-41 0)
(-2.84535e-42 9.89769e-42 0)
(6.03609e-43 1.37718e-41 0)
(1.07233e-42 2.62021e-42 0)
(2.09578e-43 5.09343e-43 0)
(4.17177e-44 6.67842e-44 0)
(5.5624e-45 8.53884e-45 0)
(7.20796e-46 9.03962e-46 0)
(7.71782e-47 9.21346e-47 0)
(7.94033e-48 8.37038e-48 0)
(7.91141e-49 6.71916e-49 0)
(7.95514e-49 -6.76469e-49 0)
(7.99846e-48 -8.42485e-48 0)
(7.78324e-47 -9.28079e-47 0)
(7.27855e-46 -9.11629e-46 0)
(5.6292e-45 -8.62304e-45 0)
(4.23223e-44 -6.76039e-44 0)
(2.13817e-43 -5.17115e-43 0)
(1.09942e-42 -2.68068e-42 0)
(6.40834e-43 -1.42496e-41 0)
(-3.81657e-42 -1.25335e-41 0)
(-2.62523e-41 4.24102e-42 0)
(-3.14495e-40 -9.02712e-41 0)
(-3.7907e-39 -1.38105e-39 0)
(-4.4907e-38 -1.69689e-38 0)
(-4.75762e-37 -2.07853e-37 0)
(-5.05751e-36 -2.30195e-36 0)
(-4.47714e-35 -2.66298e-35 0)
(-4.11847e-34 -2.68945e-34 0)
(-2.54572e-33 -2.97323e-33 0)
(-1.71676e-32 -2.36678e-32 0)
(2.28754e-34 -1.34306e-33 0)
(6.88707e-34 -3.43496e-34 0)
(1.26646e-34 -2.3554e-34 0)
(4.21723e-35 -3.42317e-35 0)
(5.82397e-36 -5.13378e-36 0)
(9.06185e-37 -5.5419e-37 0)
(1.01534e-37 -6.07748e-38 0)
(1.16427e-38 -5.68536e-39 0)
(1.12305e-39 -5.29484e-40 0)
(1.07001e-40 -4.61973e-41 0)
(8.83013e-42 -2.61863e-42 0)
(9.05095e-43 2.41259e-42 0)
(4.06745e-43 -7.23825e-43 0)
(-1.07273e-43 -1.74411e-42 0)
(-2.16562e-43 7.49034e-43 0)
(4.31811e-44 1.0459e-42 0)
(7.92339e-44 2.0226e-43 0)
(1.56709e-44 4.02306e-44 0)
(3.15082e-45 5.36551e-45 0)
(4.23815e-46 6.97516e-46 0)
(5.52701e-47 7.48527e-47 0)
(5.95288e-48 7.7216e-48 0)
(6.14899e-49 7.08782e-49 0)
(6.1499e-50 5.73632e-50 0)
(6.17509e-50 -5.7755e-50 0)
(6.1769e-49 -7.1342e-49 0)
(5.97274e-48 -7.77818e-48 0)
(5.52777e-47 -7.54852e-47 0)
(4.19903e-46 -7.04289e-46 0)
(3.04863e-45 -5.42871e-45 0)
(1.36527e-44 -4.07906e-44 0)
(4.53089e-44 -2.05964e-43 0)
(-4.81517e-43 -1.06637e-42 0)
(-7.84252e-42 -7.05271e-43 0)
(-1.03959e-40 3.75078e-42 0)
(-1.37552e-39 3.82153e-41 0)
(-1.68637e-38 4.64041e-40 0)
(-2.05341e-37 5.10613e-39 0)
(-2.23453e-36 4.56934e-38 0)
(-2.47877e-35 6.45251e-38 0)
(-2.2842e-34 -9.64771e-36 0)
(-2.25948e-33 -3.16399e-34 0)
(-1.49126e-32 -6.30039e-33 0)
(-1.17929e-31 -8.74535e-32 0)
(7.34766e-33 -8.02785e-33 0)
(1.22231e-32 -2.69393e-33 0)
(1.71419e-33 -2.08947e-33 0)
(3.58649e-34 -2.66677e-34 0)
(4.31561e-35 -3.86253e-35 0)
(5.90127e-36 -3.94947e-36 0)
(6.20769e-37 -4.23813e-37 0)
(6.74583e-38 -3.84761e-38 0)
(6.2969e-39 -3.5199e-39 0)
(5.84873e-40 -2.90272e-40 0)
(4.91479e-41 -2.3541e-41 0)
(4.05858e-42 -1.60182e-42 0)
(3.31319e-43 -1.79758e-43 0)
(1.64631e-44 -1.27861e-43 0)
(-1.13875e-44 5.02965e-44 0)
(2.64506e-45 7.12999e-44 0)
(4.72593e-45 1.39353e-44 0)
(9.45138e-46 2.7875e-45 0)
(1.92644e-46 3.7432e-46 0)
(2.61987e-47 4.88159e-47 0)
(3.45081e-48 5.25876e-48 0)
(3.74864e-49 5.43246e-49 0)
(3.89995e-50 4.99535e-50 0)
(3.92913e-51 4.04433e-51 0)
(3.98647e-51 -4.05418e-51 0)
(3.99703e-50 -4.99635e-50 0)
(3.90146e-49 -5.41427e-49 0)
(3.69275e-48 -5.20008e-48 0)
(2.99774e-47 -4.75032e-47 0)
(2.51501e-46 -3.48765e-46 0)
(1.83852e-45 -2.33718e-45 0)
(1.80904e-44 -6.50218e-45 0)
(1.94853e-43 4.48816e-44 0)
(2.68945e-42 1.67145e-42 0)
(3.60088e-41 2.47087e-41 0)
(4.67663e-40 3.30582e-40 0)
(5.65947e-39 4.28926e-39 0)
(6.70513e-38 5.00586e-38 0)
(7.19081e-37 5.19535e-37 0)
(7.66941e-36 2.92373e-36 0)
(6.9551e-35 -3.92253e-35 0)
(6.46822e-34 -2.09512e-33 0)
(4.21848e-33 -4.88836e-32 0)
(2.95755e-32 -8.21302e-31 0)
(1.31088e-31 -8.16795e-32 0)
(1.52845e-31 -7.7278e-33 0)
(1.54267e-32 -4.93992e-34 0)
(3.11699e-33 -2.37645e-35 0)
(3.37295e-34 -7.57294e-37 0)
(4.49739e-35 -6.11171e-39 0)
(4.50379e-36 1.98855e-39 0)
(4.80359e-37 2.33037e-40 0)
(4.35974e-38 2.12743e-41 0)
(3.99283e-39 1.64978e-42 0)
(3.29592e-40 1.29182e-43 0)
(2.6856e-41 1.99687e-44 0)
(2.03403e-42 -2.29996e-45 0)
(1.50075e-43 -7.1967e-45 0)
(9.73199e-45 3.10576e-45 0)
(8.72097e-46 4.36103e-45 0)
(3.35774e-46 8.61845e-46 0)
(6.12853e-47 1.74309e-46 0)
(1.21309e-47 2.36385e-47 0)
(1.64511e-48 3.10779e-48 0)
(2.16569e-49 3.37269e-49 0)
(2.35757e-50 3.50417e-50 0)
(2.45598e-51 3.23922e-51 0)
(2.61396e-52 2.63101e-52 0)
(5.071e-52 -2.66207e-52 0)
(7.19343e-51 -3.2838e-51 0)
(1.07601e-49 -3.57272e-50 0)
(1.66864e-48 -3.47747e-49 0)
(2.59363e-47 -3.27027e-48 0)
(4.07612e-46 -2.61352e-47 0)
(6.26419e-45 -2.12981e-46 0)
(9.49487e-44 -1.44727e-45 0)
(1.38167e-42 -1.31715e-44 0)
(1.96142e-41 -1.30445e-43 0)
(2.63734e-40 -1.8012e-42 0)
(3.45944e-39 -2.41245e-41 0)
(4.22572e-38 -3.10596e-40 0)
(5.077e-37 -3.47021e-39 0)
(5.51195e-36 -3.07204e-38 0)
(6.00218e-35 3.21461e-38 0)
(5.53962e-34 9.76668e-36 0)
(5.33719e-33 3.17958e-34 0)
(3.59053e-32 6.75401e-33 0)
(2.72799e-31 1.07423e-31 0)
(1.10502e-32 -8.0107e-32 0)
(1.03266e-32 -5.90232e-33 0)
(1.49089e-33 1.52079e-33 0)
(3.20767e-34 2.38152e-34 0)
(3.93881e-35 3.75649e-35 0)
(5.47516e-36 3.92427e-36 0)
(5.82453e-37 4.24365e-37 0)
(6.38602e-38 3.86012e-38 0)
(6.00076e-39 3.53248e-39 0)
(5.60407e-40 2.91161e-40 0)
(4.73152e-41 2.36888e-41 0)
(3.91195e-42 1.79132e-42 0)
(3.00937e-43 1.3223e-43 0)
(2.25045e-44 8.81051e-45 0)
(1.54971e-45 8.21955e-46 0)
(1.18579e-46 3.1044e-46 0)
(2.37891e-47 5.62487e-47 0)
(3.83435e-48 1.10484e-47 0)
(7.24155e-49 1.49364e-48 0)
(9.75017e-50 1.96121e-49 0)
(1.28174e-50 2.13185e-50 0)
(1.39868e-51 2.21603e-51 0)
(1.45995e-52 2.0504e-52 0)
(1.53984e-53 1.57518e-53 0)
(2.65765e-53 -3.43568e-53 0)
(3.57292e-52 -5.36543e-52 0)
(5.07277e-51 -8.27862e-51 0)
(7.48067e-50 -1.2902e-49 0)
(1.11185e-48 -2.06097e-48 0)
(1.67751e-47 -3.27402e-47 0)
(2.49358e-46 -5.20806e-46 0)
(3.63933e-45 -8.06384e-45 0)
(5.13782e-44 -1.2272e-43 0)
(6.96905e-43 -1.78947e-42 0)
(9.05704e-42 -2.54405e-41 0)
(1.11592e-40 -3.41007e-40 0)
(1.30801e-39 -4.41905e-39 0)
(1.43071e-38 -5.12759e-38 0)
(1.47533e-37 -5.21441e-37 0)
(1.36965e-36 -2.53014e-36 0)
(1.18392e-35 5.41805e-35 0)
(8.11522e-35 2.48834e-33 0)
(5.15258e-34 5.67581e-32 0)
(6.89126e-34 9.41658e-31 0)
(2.3735e-33 -6.29819e-33 0)
(-4.04501e-34 -6.79919e-34 0)
(-5.29056e-36 1.36665e-34 0)
(1.95765e-35 2.71125e-35 0)
(3.54975e-36 4.5555e-36 0)
(6.47743e-37 5.09168e-37 0)
(7.81495e-38 5.67196e-38 0)
(9.44122e-39 5.34658e-39 0)
(9.41255e-40 4.99103e-40 0)
(9.21554e-41 4.20903e-41 0)
(8.04079e-42 3.47544e-42 0)
(6.82786e-43 2.67033e-43 0)
(5.35735e-44 1.99619e-44 0)
(4.07566e-45 1.38772e-45 0)
(2.89803e-46 1.08172e-46 0)
(2.08305e-47 2.18777e-47 0)
(2.29174e-48 3.51908e-48 0)
(2.80016e-49 6.60501e-49 0)
(4.53348e-50 8.86706e-50 0)
(5.84761e-51 1.16249e-50 0)
(7.53414e-52 1.26655e-51 0)
(8.16967e-53 1.31904e-52 0)
(8.20107e-54 1.22389e-53 0)
(-4.8603e-54 1.02205e-54 0)
(-1.06797e-52 -4.85825e-55 0)
(-1.96944e-51 -2.45773e-54 0)
(-3.51843e-50 5.09357e-53 0)
(-6.12362e-49 2.03842e-51 0)
(-1.02994e-47 4.66862e-50 0)
(-1.68764e-46 9.01631e-49 0)
(-2.65911e-45 1.57705e-47 0)
(-4.0838e-44 2.57175e-46 0)
(-5.98543e-43 4.02864e-45 0)
(-8.5669e-42 5.95429e-44 0)
(-1.15648e-40 8.66397e-43 0)
(-1.53238e-39 1.19315e-41 0)
(-1.87835e-38 1.70617e-40 0)
(-2.28716e-37 2.51013e-39 0)
(-2.4886e-36 4.55049e-38 0)
(-2.76099e-35 9.48282e-37 0)
(-2.54401e-34 2.17581e-35 0)
(-2.5175e-33 4.55238e-34 0)
(-1.66136e-32 8.0468e-33 0)
(-1.31512e-31 1.04883e-31 0)
(2.14942e-34 -1.16287e-33 0)
(-7.8888e-35 -1.25705e-34 0)
(-8.29376e-36 7.86206e-36 0)
(6.01026e-37 2.64551e-36 0)
(2.22365e-37 5.59795e-37 0)
(5.18644e-38 6.95686e-38 0)
(6.93276e-39 8.46954e-39 0)
(8.91998e-40 8.45092e-40 0)
(9.29659e-41 8.26605e-41 0)
(9.38288e-42 7.20437e-42 0)
(8.39673e-43 6.11087e-43 0)
(7.26272e-44 4.79032e-44 0)
(5.79256e-45 3.64212e-45 0)
(4.46301e-46 2.59633e-46 0)
(3.22414e-47 1.87695e-47 0)
(2.29889e-48 2.08567e-48 0)
(2.02953e-49 2.55782e-49 0)
(2.03648e-50 4.13127e-50 0)
(2.79644e-51 5.31802e-51 0)
(3.40273e-52 6.8355e-52 0)
(4.25835e-53 7.40228e-53 0)
(4.57637e-54 7.68372e-54 0)
(5.35881e-55 7.55569e-55 0)
(1.25699e-54 9.20843e-55 0)
(2.27065e-53 1.66185e-53 0)
(4.14378e-52 3.12908e-52 0)
(7.33973e-51 5.74707e-51 0)
(1.26614e-49 1.02402e-49 0)
(2.11126e-48 1.77818e-48 0)
(3.42434e-47 2.98492e-47 0)
(5.34027e-46 4.8808e-46 0)
(8.09449e-45 7.67574e-45 0)
(1.1707e-43 1.176e-43 0)
(1.64608e-42 1.71986e-42 0)
(2.18273e-41 2.45426e-41 0)
(2.82077e-40 3.30479e-40 0)
(3.37245e-39 4.36375e-39 0)
(3.958e-38 5.34032e-38 0)
(4.15186e-37 6.49719e-37 0)
(4.34891e-36 7.13158e-36 0)
(3.78522e-35 8.06482e-35 0)
(3.40231e-34 7.85767e-34 0)
(2.04476e-33 8.26341e-33 0)
(1.33863e-32 6.18202e-32 0)
(2.67159e-35 -1.02889e-34 0)
(-1.26116e-35 -1.27229e-35 0)
(-1.5396e-36 1.05678e-37 0)
(-8.34041e-38 1.76126e-37 0)
(7.08453e-39 4.58364e-38 0)
(3.67076e-39 6.22963e-39 0)
(5.82613e-40 8.03686e-40 0)
(8.30157e-41 8.37148e-41 0)
(9.16602e-42 8.43719e-42 0)
(9.65371e-43 7.54138e-43 0)
(8.89976e-44 6.51563e-44 0)
(7.87886e-45 5.1921e-45 0)
(6.39601e-46 3.99772e-46 0)
(4.99858e-47 2.89072e-47 0)
(3.65986e-48 2.06645e-48 0)
(2.61067e-49 1.83653e-49 0)
(2.02028e-50 1.85184e-50 0)
(1.70208e-51 2.54421e-51 0)
(1.8816e-52 3.09286e-52 0)
(2.06017e-53 3.86324e-53 0)
(2.42621e-54 4.14342e-54 0)
(2.87258e-55 4.30099e-55 0)
(6.8668e-55 8.65753e-56 0)
(1.27639e-53 9.33251e-55 0)
(2.3983e-52 1.79782e-53 0)
(4.39728e-51 3.38291e-52 0)
(7.82403e-50 6.21129e-51 0)
(1.35686e-48 1.10674e-49 0)
(2.27503e-47 1.92251e-48 0)
(3.71533e-46 3.22881e-47 0)
(5.83572e-45 5.28352e-46 0)
(8.92767e-44 8.31565e-45 0)
(1.30371e-42 1.27537e-43 0)
(1.8568e-41 1.86724e-42 0)
(2.49518e-40 2.66899e-41 0)
(3.28457e-39 3.60259e-40 0)
(4.00266e-38 4.78256e-39 0)
(4.8296e-37 5.92921e-38 0)
(5.21429e-36 7.45603e-37 0)
(5.70836e-35 8.89454e-36 0)
(5.20359e-34 1.17705e-34 0)
(5.04223e-33 1.52195e-33 0)
(3.2764e-32 2.1012e-32 0)
(2.49232e-31 2.2558e-31 0)
(2.28455e-36 -1.24182e-35 0)
(-1.12932e-36 -1.56469e-36 0)
(-1.514e-37 -8.85311e-38 0)
(-1.3741e-38 5.82203e-39 0)
(-2.6322e-40 3.31524e-39 0)
(2.03636e-40 5.28212e-40 0)
(3.98743e-41 7.51151e-41 0)
(6.25722e-42 8.2782e-42 0)
(7.28584e-43 8.70238e-43 0)
(7.95245e-44 8.01213e-44 0)
(7.52821e-45 7.08497e-45 0)
(6.79602e-46 5.74653e-46 0)
(5.60644e-47 4.48789e-47 0)
(4.43628e-48 3.2864e-48 0)
(3.28583e-49 2.34645e-49 0)
(2.35601e-50 1.82205e-50 0)
(1.73245e-51 1.54096e-51 0)
(1.33354e-52 1.7075e-52 0)
(1.25788e-53 1.8702e-53 0)
(1.2399e-54 2.19866e-54 0)
(1.3836e-55 2.29884e-55 0)
(6.89882e-56 2.19949e-56 0)
(1.09489e-54 -2.65018e-56 0)
(2.11352e-53 -5.66469e-55 0)
(3.97522e-52 -1.09439e-53 0)
(7.29535e-51 -2.05687e-52 0)
(1.29927e-49 -3.77156e-51 0)
(2.25568e-48 -6.71131e-50 0)
(3.78614e-47 -1.164e-48 0)
(6.19122e-46 -1.95187e-47 0)
(9.73702e-45 -3.18788e-46 0)
(1.492e-43 -5.00756e-45 0)
(2.18209e-42 -7.65927e-44 0)
(3.11419e-41 -1.11732e-42 0)
(4.19269e-40 -1.58465e-41 0)
(5.53407e-39 -2.09702e-40 0)
(6.75982e-38 -2.61976e-39 0)
(8.18727e-37 -2.6317e-38 0)
(8.86642e-36 -1.23351e-37 0)
(9.76226e-35 4.87874e-36 0)
(8.93646e-34 2.12813e-34 0)
(8.7456e-33 5.77384e-33 0)
(5.72044e-32 1.1658e-31 0)
(4.45055e-31 1.78766e-30 0)
(2.21905e-37 -1.05033e-36 0)
(-1.09981e-37 -1.4132e-37 0)
(-1.51494e-38 -1.25969e-38 0)
(-1.8771e-39 -2.26362e-40 0)
(-1.12808e-40 1.87288e-40 0)
(5.64306e-42 3.63772e-41 0)
(2.29314e-42 5.67752e-42 0)
(4.34855e-43 6.59232e-43 0)
(5.48755e-44 7.17942e-44 0)
(6.30304e-45 6.78654e-45 0)
(6.16749e-46 6.11912e-46 0)
(5.70478e-47 5.04353e-47 0)
(4.79203e-48 3.98797e-48 0)
(3.84533e-49 2.95325e-49 0)
(2.88103e-50 2.11819e-50 0)
(2.07993e-51 1.56049e-51 0)
(1.4882e-52 1.2043e-52 0)
(1.08027e-53 1.13898e-53 0)
(8.92615e-55 1.12389e-54 0)
(7.83842e-56 1.22913e-55 0)
(7.85536e-57 1.21961e-56 0)
(2.40322e-57 -3.66322e-57 0)
(3.28775e-56 -9.94104e-56 0)
(6.3428e-55 -1.96963e-54 0)
(1.19342e-53 -3.80734e-53 0)
(2.19108e-52 -7.16212e-52 0)
(3.90384e-51 -1.3146e-50 0)
(6.78088e-50 -2.34163e-49 0)
(1.13872e-48 -4.0661e-48 0)
(1.86317e-47 -6.8263e-47 0)
(2.93193e-46 -1.11649e-45 0)
(4.49584e-45 -1.75629e-44 0)
(6.57984e-44 -2.69144e-43 0)
(9.39916e-43 -3.93513e-42 0)
(1.2665e-41 -5.60564e-41 0)
(1.67371e-40 -7.49158e-40 0)
(2.04658e-39 -9.64131e-39 0)
(2.4829e-38 -1.07799e-37 0)
(2.69249e-37 -9.58291e-37 0)
(2.9719e-36 8.00203e-37 0)
(2.72543e-35 2.97131e-34 0)
(2.67838e-34 9.71747e-33 0)
(1.75668e-33 2.06619e-31 0)
(1.37923e-32 3.2876e-30 0)
(1.74715e-38 -1.00653e-37 0)
(-8.59971e-39 -1.37973e-38 0)
(-1.23492e-39 -1.68462e-39 0)
(-1.77368e-40 -9.91461e-41 0)
(-1.3642e-41 5.49852e-42 0)
(-2.93362e-43 2.11066e-42 0)
(1.00657e-43 3.95869e-43 0)
(2.58897e-44 4.97536e-44 0)
(3.59646e-45 5.69913e-45 0)
(4.35838e-46 5.56738e-46 0)
(4.4109e-47 5.14299e-47 0)
(4.17722e-48 4.31609e-48 0)
(3.57198e-49 3.46078e-49 0)
(2.90506e-50 2.59196e-50 0)
(2.20102e-51 1.87113e-51 0)
(1.60117e-52 1.34e-52 0)
(1.13438e-53 9.74168e-54 0)
(8.00168e-55 8.06679e-55 0)
(6.09709e-56 7.09502e-56 0)
(4.76824e-57 7.03703e-57 0)
(-2.27031e-57 5.95867e-58 0)
(-5.50104e-56 -1.59053e-57 0)
(-1.08936e-54 -3.3574e-56 0)
(-2.10551e-53 -6.64139e-55 0)
(-3.96025e-52 -1.28285e-53 0)
(-7.26799e-51 -2.41143e-52 0)
(-1.29441e-49 -4.42238e-51 0)
(-2.24729e-48 -7.87057e-50 0)
(-3.77212e-47 -1.36529e-48 0)
(-6.16839e-46 -2.28976e-47 0)
(-9.70126e-45 -3.74042e-46 0)
(-1.48655e-43 -5.87651e-45 0)
(-2.17415e-42 -8.99052e-44 0)
(-3.10293e-41 -1.31193e-42 0)
(-4.1776e-40 -1.86197e-41 0)
(-5.51429e-39 -2.46864e-40 0)
(-6.73577e-38 -3.10307e-39 0)
(-8.15845e-37 -3.19371e-38 0)
(-8.83534e-36 -1.81604e-37 0)
(-9.72864e-35 4.56427e-36 0)
(-8.90585e-34 2.17561e-34 0)
(-8.71683e-33 6.01831e-33 0)
(-5.7019e-32 1.22231e-31 0)
(-4.438e-31 1.8823e-30 0)
(1.44187e-39 -7.87289e-39 0)
(-7.01856e-40 -1.12209e-39 0)
(-1.02511e-40 -1.59355e-40 0)
(-1.66608e-41 -1.21248e-41 0)
(-1.48315e-42 -2.35532e-43 0)
(-8.71974e-44 9.39746e-44 0)
(8.17267e-46 2.36538e-44 0)
(1.26966e-45 3.26819e-45 0)
(2.13249e-46 3.94814e-46 0)
(2.81713e-47 3.98866e-47 0)
(2.98788e-48 3.7723e-48 0)
(2.91888e-49 3.22272e-49 0)
(2.55031e-50 2.61902e-50 0)
(2.10735e-51 1.98343e-51 0)
(1.61628e-52 1.44257e-52 0)
(1.18609e-53 1.02241e-53 0)
(8.37673e-55 7.21555e-55 0)
(5.81506e-56 5.50804e-56 0)
(4.18658e-57 4.65336e-57 0)
(2.18119e-58 4.51055e-58 0)
(-1.73015e-57 1.50842e-58 0)
(-3.55607e-56 2.17891e-57 0)
(-7.03236e-55 4.41371e-56 0)
(-1.35813e-53 8.73852e-55 0)
(-2.55246e-52 1.68996e-53 0)
(-4.68005e-51 3.1806e-52 0)
(-8.3273e-50 5.84128e-51 0)
(-1.44416e-48 1.04109e-49 0)
(-2.4214e-47 1.80906e-48 0)
(-3.95435e-46 3.03929e-47 0)
(-6.21105e-45 4.97541e-46 0)
(-9.50161e-44 7.83384e-45 0)
(-1.38746e-42 1.20208e-43 0)
(-1.97598e-41 1.76079e-42 0)
(-2.65511e-40 2.51851e-41 0)
(-3.49477e-39 3.40192e-40 0)
(-4.25819e-38 4.52203e-39 0)
(-5.13715e-37 5.61851e-38 0)
(-5.54494e-36 7.10073e-37 0)
(-6.06901e-35 8.55965e-36 0)
(-5.53006e-34 1.15234e-34 0)
(-5.3575e-33 1.52508e-33 0)
(-3.47929e-32 2.14141e-32 0)
(-2.6478e-31 2.33446e-31 0)
(-3.9405e-35 1.80354e-30 0)
(8.12114e-41 -7.85251e-40 0)
(-3.9275e-41 -1.14293e-40 0)
(-5.86786e-42 -1.86675e-41 0)
(-1.00953e-42 -1.681e-42 0)
(-9.58479e-44 -1.03925e-43 0)
(-6.93454e-45 -3.72913e-47 0)
(-1.86942e-46 1.2879e-45 0)
(4.57392e-47 2.24072e-46 0)
(9.63373e-48 2.99988e-47 0)
(1.37567e-48 3.20362e-48 0)
(1.51604e-49 3.14299e-49 0)
(1.51677e-50 2.75427e-50 0)
(1.34712e-51 2.28066e-51 0)
(1.12627e-52 1.7522e-52 0)
(8.7176e-54 1.28676e-53 0)
(6.44101e-55 9.05328e-55 0)
(4.572e-56 5.73224e-56 0)
(3.66591e-57 4.39933e-57 0)
(2.75839e-58 5.38582e-57 0)
(-2.34208e-58 1.05931e-57 0)
(-3.50602e-58 3.00887e-58 0)
(-6.14018e-57 1.56577e-57 0)
(-1.20907e-55 3.11153e-56 0)
(-2.32818e-54 6.15313e-55 0)
(-4.36212e-53 1.18856e-53 0)
(-7.96904e-52 2.23426e-52 0)
(-1.41257e-50 4.09769e-51 0)
(-2.43852e-49 7.29323e-50 0)
(-4.0693e-48 1.26526e-48 0)
(-6.60654e-47 2.12227e-47 0)
(-1.03148e-45 3.46743e-46 0)
(-1.56586e-44 5.44905e-45 0)
(-2.26891e-43 8.34102e-44 0)
(-3.19804e-42 1.21884e-42 0)
(-4.25344e-41 1.73735e-41 0)
(-5.51808e-40 2.33707e-40 0)
(-6.62979e-39 3.08127e-39 0)
(-7.82924e-38 3.76572e-38 0)
(-8.28155e-37 4.57085e-37 0)
(-8.76189e-36 5.00535e-36 0)
(-7.73918e-35 5.63535e-35 0)
(-7.05996e-34 5.4622e-34 0)
(-4.34965e-33 5.69971e-33 0)
(-2.88011e-32 4.23009e-32 0)
(-4.52999e-36 3.12852e-31 0)
(-3.10642e-40 -2.0087e-39 0)
(1.49785e-40 -2.91571e-40 0)
(2.24832e-41 -4.71777e-41 0)
(3.95244e-42 -4.20551e-42 0)
(3.83699e-43 -2.50464e-43 0)
(2.96597e-44 1.62646e-45 0)
(1.10601e-45 3.48176e-45 0)
(-1.27977e-46 5.89966e-46 0)
(-3.2145e-47 7.81928e-47 0)
(-4.80925e-48 8.30616e-48 0)
(-5.40845e-49 8.12214e-49 0)
(-5.47747e-50 7.10096e-50 0)
(-4.90303e-51 5.87027e-51 0)
(-4.12241e-52 4.5036e-52 0)
(-3.20414e-53 3.28908e-53 0)
(-2.37167e-54 2.24025e-54 0)
(-1.63289e-55 3.44639e-56 0)
(4.47339e-58 8.96014e-57 0)
(4.75711e-58 1.13128e-55 0)
(-5.43141e-57 2.28458e-56 0)
(-1.16746e-57 5.00024e-57 0)
(-1.32481e-57 9.65153e-58 0)
(-2.13419e-56 5.50816e-57 0)
(-4.10579e-55 1.06809e-55 0)
(-7.69553e-54 2.05682e-54 0)
(-1.40585e-52 3.85432e-53 0)
(-2.491e-51 7.04271e-52 0)
(-4.29624e-50 1.24865e-50 0)
(-7.15912e-49 2.1561e-49 0)
(-1.1598e-47 3.59909e-48 0)
(-1.80559e-46 5.8452e-47 0)
(-2.73042e-45 9.12979e-46 0)
(-3.93669e-44 1.38662e-44 0)
(-5.51333e-43 2.0103e-43 0)
(-7.2726e-42 2.83539e-42 0)
(-9.33754e-41 3.77422e-41 0)
(-1.10657e-39 4.90163e-40 0)
(-1.28477e-38 5.89913e-39 0)
(-1.32693e-37 6.98623e-38 0)
(-1.36468e-36 7.43466e-37 0)
(-1.15399e-35 7.95399e-36 0)
(-1.00736e-34 7.19766e-35 0)
(-5.73838e-34 6.77163e-34 0)
(-3.66322e-33 4.42105e-33 0)
(-5.5665e-37 2.92169e-32 0)
(-4.39886e-39 -2.41924e-38 0)
(2.13987e-39 -3.45361e-39 0)
(3.13074e-40 -4.96594e-40 0)
(5.10963e-41 -3.85102e-41 0)
(4.57633e-42 -9.57507e-43 0)
(2.751e-43 2.59157e-43 0)
(-1.34315e-45 6.90161e-44 0)
(-3.73591e-45 9.66483e-45 0)
(-6.36615e-46 1.17566e-45 0)
(-8.45969e-47 1.1923e-46 0)
(-8.99792e-48 1.13065e-47 0)
(-8.80707e-49 9.6772e-49 0)
(-7.70465e-50 7.87588e-50 0)
(-6.3729e-51 5.96966e-51 0)
(-4.89159e-52 4.30852e-52 0)
(-3.58603e-53 2.87696e-53 0)
(-2.43332e-54 -5.93351e-55 0)
(9.10642e-56 1.08327e-55 0)
(1.57033e-56 2.45462e-54 0)
(-1.20368e-55 4.94271e-55 0)
(-2.46607e-56 1.08072e-55 0)
(-5.57587e-57 1.51382e-56 0)
(-3.31141e-57 3.00624e-57 0)
(-4.91071e-56 1.91883e-56 0)
(-9.17094e-55 3.65455e-55 0)
(-1.67203e-53 6.85048e-54 0)
(-2.95614e-52 1.2517e-52 0)
(-5.08411e-51 2.21832e-51 0)
(-8.44619e-50 3.82685e-50 0)
(-1.36294e-48 6.37864e-49 0)
(-2.11299e-47 1.03367e-47 0)
(-3.17791e-46 1.60981e-46 0)
(-4.55564e-45 2.43534e-45 0)
(-6.33162e-44 3.51292e-44 0)
(-8.28542e-43 4.9225e-43 0)
(-1.05219e-41 6.49761e-42 0)
(-1.23263e-40 8.34904e-41 0)
(-1.40786e-39 9.90518e-40 0)
(-1.42875e-38 1.15169e-38 0)
(-1.43202e-37 1.19258e-37 0)
(-1.17676e-36 1.23135e-36 0)
(-9.85654e-36 1.04999e-35 0)
(-5.35354e-35 9.26035e-35 0)
(-3.2253e-34 5.39596e-34 0)
(5.9803e-37 3.46005e-33 0)
(-5.37892e-38 -3.0852e-37 0)
(2.64474e-38 -4.24312e-38 0)
(3.8043e-39 -5.2571e-39 0)
(5.5334e-40 -3.20373e-40 0)
(4.33703e-41 1.40025e-41 0)
(1.16557e-42 6.11894e-42 0)
(-2.76285e-43 1.1716e-42 0)
(-7.55082e-44 1.48298e-43 0)
(-1.06379e-44 1.7061e-44 0)
(-1.29845e-45 1.67091e-45 0)
(-1.31934e-46 1.5465e-46 0)
(-1.25292e-47 1.2996e-47 0)
(-1.07344e-48 1.04322e-48 0)
(-8.74372e-50 7.81658e-50 0)
(-6.63257e-51 5.56844e-51 0)
(-4.81722e-52 3.61739e-52 0)
(-3.2007e-53 -2.8989e-53 0)
(3.38685e-54 1.23754e-54 0)
(4.29273e-55 5.17873e-53 0)
(-2.61253e-54 1.0393e-53 0)
(-5.335e-55 2.27473e-54 0)
(-1.18057e-55 3.17102e-55 0)
(-1.68422e-56 4.31426e-56 0)
(-7.88668e-57 7.07334e-57 0)
(-1.05739e-55 4.50939e-56 0)
(-1.92315e-54 8.35173e-55 0)
(-3.39849e-53 1.52368e-53 0)
(-5.83971e-52 2.69609e-52 0)
(-9.68798e-51 4.64057e-51 0)
(-1.56033e-49 7.71703e-50 0)
(-2.41262e-48 1.24642e-48 0)
(-3.61657e-47 1.93473e-47 0)
(-5.16171e-46 2.91287e-46 0)
(-7.13655e-45 4.18228e-45 0)
(-9.27353e-44 5.81976e-44 0)
(-1.16829e-42 7.63181e-43 0)
(-1.35346e-41 9.70531e-42 0)
(-1.52721e-40 1.14051e-40 0)
(-1.5216e-39 1.30476e-39 0)
(-1.49728e-38 1.33111e-38 0)
(-1.19108e-37 1.33707e-37 0)
(-9.72327e-37 1.11112e-36 0)
(-4.95193e-36 9.33872e-36 0)
(-2.94135e-35 5.23709e-35 0)
(7.91458e-36 3.15549e-34 0)
(-6.80678e-37 -3.27464e-36 0)
(3.37042e-37 -4.42125e-37 0)
(4.6584e-38 -4.14971e-38 0)
(5.85556e-39 -1.09296e-39 0)
(3.63805e-40 5.13772e-40 0)
(-1.4163e-41 1.04803e-40 0)
(-6.64267e-42 1.66561e-41 0)
(-1.28675e-42 1.94982e-42 0)
(-1.63553e-43 2.13481e-43 0)
(-1.88684e-44 2.02492e-44 0)
(-1.851e-45 1.83053e-45 0)
(-1.71543e-46 1.51167e-46 0)
(-1.44292e-47 1.19718e-47 0)
(-1.15924e-48 8.86961e-49 0)
(-8.69321e-50 6.20758e-50 0)
(-6.25479e-51 3.82672e-51 0)
(-4.02962e-52 -8.4072e-52 0)
(8.98362e-53 1.02643e-53 0)
(1.01877e-53 1.06904e-51 0)
(-5.51305e-53 2.1358e-52 0)
(-1.12193e-53 4.67695e-53 0)
(-2.48494e-54 6.5043e-54 0)
(-3.47764e-55 8.82887e-55 0)
(-4.69392e-56 9.81589e-56 0)
(2.95179e-57 2.25906e-56 0)
(1.58139e-55 2.35099e-55 0)
(3.00213e-54 4.33656e-54 0)
(5.47903e-53 7.81078e-53 0)
(9.77281e-52 1.36604e-51 0)
(1.67192e-50 2.31802e-50 0)
(2.79799e-49 3.80785e-49 0)
(4.45427e-48 6.0523e-48 0)
(6.95166e-47 9.27562e-47 0)
(1.01954e-45 1.37083e-45 0)
(1.47253e-44 1.94266e-44 0)
(1.96131e-43 2.64405e-43 0)
(2.59533e-42 3.42233e-42 0)
(3.0711e-41 4.23394e-41 0)
(3.67229e-40 4.91437e-40 0)
(3.71871e-39 5.42271e-39 0)
(3.93516e-38 5.47476e-38 0)
(3.16034e-37 5.22673e-37 0)
(2.84667e-36 4.31374e-36 0)
(1.45704e-35 3.3493e-35 0)
(1.00479e-34 1.8694e-34 0)
(-7.13486e-36 -3.8304e-35 0)
(3.52202e-36 -4.85937e-36 0)
(4.74051e-37 -2.95078e-37 0)
(4.53122e-38 1.42982e-38 0)
(1.24737e-39 9.62017e-39 0)
(-5.57597e-40 1.55795e-39 0)
(-1.14819e-40 2.23424e-40 0)
(-1.83534e-41 2.47238e-41 0)
(-2.15475e-42 2.60691e-42 0)
(-2.36457e-43 2.40484e-43 0)
(-2.24617e-44 2.12994e-44 0)
(-2.03302e-45 1.72958e-45 0)
(-1.6804e-46 1.35212e-46 0)
(-1.33195e-47 9.89489e-48 0)
(-9.87824e-49 6.74943e-49 0)
(-7.03841e-50 3.77472e-50 0)
(-4.27222e-51 -1.93726e-50 0)
(2.12519e-51 4.40107e-53 0)
(2.2632e-52 2.13692e-50 0)
(-1.13839e-51 4.25011e-51 0)
(-2.30601e-52 9.30684e-52 0)
(-5.10996e-53 1.29122e-52 0)
(-7.13427e-54 1.75285e-53 0)
(-9.63705e-55 1.93745e-54 0)
(4.64065e-56 2.64492e-55 0)
(2.86982e-54 1.18235e-54 0)
(5.25342e-53 2.18073e-53 0)
(9.28923e-52 3.98398e-52 0)
(1.59792e-50 7.0603e-51 0)
(2.65515e-49 1.21796e-49 0)
(4.28593e-48 2.03016e-48 0)
(6.64665e-47 3.29008e-47 0)
(1.00014e-45 5.12442e-46 0)
(1.4344e-44 7.75346e-45 0)
(1.99504e-43 1.11868e-43 0)
(2.61242e-42 1.56802e-42 0)
(3.32111e-41 2.07061e-41 0)
(3.89443e-40 2.66205e-40 0)
(4.45503e-39 3.1604e-39 0)
(4.52765e-38 3.67816e-38 0)
(4.54852e-37 3.81334e-37 0)
(3.74584e-36 3.94435e-36 0)
(3.14783e-35 3.37078e-35 0)
(1.7146e-34 2.98242e-34 0)
(1.03621e-33 1.74362e-33 0)
(-8.25697e-35 -3.28406e-34 0)
(3.89765e-35 -4.09021e-35 0)
(4.8004e-36 -1.8902e-37 0)
(2.82863e-37 4.75552e-37 0)
(-1.77368e-38 1.31649e-37 0)
(-1.06499e-38 1.81801e-38 0)
(-1.71808e-39 2.36733e-39 0)
(-2.46899e-40 2.47916e-40 0)
(-2.73738e-41 2.50853e-41 0)
(-2.8918e-42 2.24852e-42 0)
(-2.67121e-43 1.94709e-43 0)
(-2.36858e-44 1.55428e-44 0)
(-1.92506e-45 1.19853e-45 0)
(-1.50634e-46 8.64812e-47 0)
(-1.10386e-47 5.56797e-48 0)
(-7.77663e-49 2.22288e-49 0)
(-4.22925e-50 -4.12684e-49 0)
(4.53553e-50 -1.2342e-51 0)
(4.6833e-51 4.1791e-49 0)
(-2.27629e-50 8.26353e-50 0)
(-4.58977e-51 1.8084e-50 0)
(-1.01703e-51 2.50083e-51 0)
(-1.41655e-52 3.39342e-52 0)
(-1.92278e-53 3.74027e-53 0)
(-8.35984e-55 4.26433e-54 0)
(2.40929e-53 6.5139e-54 0)
(4.44322e-52 1.15183e-52 0)
(7.87478e-51 2.10389e-51 0)
(1.35854e-49 3.73006e-50 0)
(2.26445e-48 6.44129e-49 0)
(3.66984e-47 1.07537e-47 0)
(5.71539e-46 1.74694e-46 0)
(8.64731e-45 2.72959e-45 0)
(1.24739e-43 4.14787e-44 0)
(1.74823e-42 6.01769e-43 0)
(2.30765e-41 8.49544e-42 0)
(2.96593e-40 1.13219e-40 0)
(3.5182e-39 1.47269e-39 0)
(4.09101e-38 1.77603e-38 0)
(4.23107e-37 2.10903e-37 0)
(4.36177e-36 2.25314e-36 0)
(3.6959e-35 2.42289e-35 0)
(3.23822e-34 2.21003e-34 0)
(1.84933e-33 2.09686e-33 0)
(1.18649e-32 1.38662e-32 0)
(-6.90769e-34 -3.60079e-33 0)
(2.58063e-34 -3.95312e-34 0)
(2.78553e-35 2.10781e-35 0)
(-1.246e-36 7.7052e-36 0)
(-6.08717e-37 1.66085e-36 0)
(-1.49089e-37 2.07524e-37 0)
(-2.02324e-38 2.53633e-38 0)
(-2.62727e-39 2.53624e-39 0)
(-2.75296e-40 2.48523e-40 0)
(-2.78959e-41 2.16871e-41 0)
(-2.5035e-42 1.8415e-42 0)
(-2.17032e-43 1.44464e-43 0)
(-1.73406e-44 1.09918e-44 0)
(-1.33874e-45 7.78519e-46 0)
(-9.68243e-47 4.46575e-47 0)
(-6.71509e-48 1.44249e-49 0)
(-2.52613e-49 -8.03783e-48 0)
(9.24943e-49 -3.93042e-50 0)
(9.3408e-50 7.87317e-48 0)
(-4.45359e-49 1.54831e-48 0)
(-8.92626e-50 3.38417e-49 0)
(-1.97661e-50 4.66493e-50 0)
(-2.74408e-51 6.32522e-51 0)
(-3.73246e-52 6.95772e-52 0)
(-3.4272e-53 7.52603e-53 0)
(1.26104e-52 4.28455e-53 0)
(2.38279e-51 6.7767e-52 0)
(4.22432e-50 1.24244e-50 0)
(7.29291e-49 2.21258e-49 0)
(1.21718e-47 3.8411e-48 0)
(1.97661e-46 6.44713e-47 0)
(3.08718e-45 1.05424e-45 0)
(4.68901e-44 1.65808e-44 0)
(6.79891e-43 2.54078e-43 0)
(9.59187e-42 3.71646e-42 0)
(1.27721e-40 5.30489e-41 0)
(1.65947e-39 7.14517e-40 0)
(1.99768e-38 9.43874e-39 0)
(2.36496e-37 1.15557e-37 0)
(2.50992e-36 1.40698e-36 0)
(2.66623e-35 1.54563e-35 0)
(2.36853e-34 1.75097e-34 0)
(2.17332e-33 1.70954e-33 0)
(1.35082e-32 1.8039e-32 0)
(8.98083e-32 1.35357e-31 0)
(-7.40927e-33 -2.13083e-32 0)
(1.3275e-33 -2.33895e-33 0)
(3.42051e-35 3.66742e-34 0)
(-5.61123e-35 7.75137e-35 0)
(-1.04023e-35 1.32953e-35 0)
(-1.92296e-36 1.49827e-36 0)
(-2.33131e-37 1.67791e-37 0)
(-2.82715e-38 1.58732e-38 0)
(-2.82466e-39 1.48593e-39 0)
(-2.77055e-40 1.25587e-40 0)
(-2.42039e-41 1.03889e-41 0)
(-2.05749e-42 7.99287e-43 0)
(-1.61565e-43 5.98293e-44 0)
(-1.23133e-44 4.05853e-45 0)
(-8.75839e-46 1.04763e-46 0)
(-5.93239e-47 -4.47115e-47 0)
(-2.4623e-49 -1.51303e-46 0)
(1.7723e-47 -9.02639e-49 0)
(1.76857e-48 1.4524e-46 0)
(-8.39412e-48 2.8356e-47 0)
(-1.67299e-48 6.18526e-48 0)
(-3.69982e-49 8.48859e-49 0)
(-5.11976e-50 1.1493e-49 0)
(-6.96314e-51 1.26076e-50 0)
(-7.26259e-52 1.33041e-51 0)
(6.9339e-52 1.4943e-52 0)
(1.42007e-50 4.94152e-52 0)
(2.52947e-49 8.88238e-51 0)
(4.38964e-48 1.58448e-49 0)
(7.36483e-47 2.75642e-48 0)
(1.20373e-45 4.636e-47 0)
(1.89217e-44 7.59953e-46 0)
(2.89763e-43 1.19809e-44 0)
(4.23533e-42 1.84152e-43 0)
(6.04004e-41 2.70183e-42 0)
(8.12586e-40 3.87434e-41 0)
(1.07154e-38 5.25126e-40 0)
(1.30766e-37 7.03511e-39 0)
(1.58177e-36 8.89927e-38 0)
(1.71087e-35 1.17486e-36 0)
(1.88021e-34 1.55696e-35 0)
(1.71811e-33 2.40605e-34 0)
(1.67612e-32 3.75397e-33 0)
(1.09275e-31 5.83118e-32 0)
(8.4412e-31 6.92833e-31 0)
(-3.8945e-32 -2.45797e-31 0)
(-2.86785e-32 -1.89125e-32 0)
(-4.20996e-33 4.50796e-33 0)
(-9.20423e-34 7.15274e-34 0)
(-1.14287e-34 1.13524e-34 0)
(-1.60284e-35 1.18814e-35 0)
(-1.71526e-36 1.28615e-36 0)
(-1.8894e-37 1.17048e-37 0)
(-1.78151e-38 1.07151e-38 0)
(-1.66838e-39 8.83407e-40 0)
(-1.41173e-40 7.18888e-41 0)
(-1.16935e-41 5.43447e-42 0)
(-9.00877e-43 4.01245e-43 0)
(-6.76949e-44 2.48822e-44 0)
(-4.65566e-45 -1.38296e-45 0)
(-2.91212e-46 -9.95464e-46 0)
(4.84202e-47 -2.68214e-45 0)
(3.30393e-46 -1.65392e-47 0)
(3.26005e-47 2.56264e-45 0)
(-1.5494e-46 4.97088e-46 0)
(-3.06506e-47 1.08117e-46 0)
(-6.7641e-48 1.47746e-47 0)
(-9.31847e-49 1.9966e-48 0)
(-1.26586e-49 2.1845e-49 0)
(-1.38758e-50 2.30017e-50 0)
(-8.0301e-52 2.07049e-51 0)
(1.20854e-50 -1.10936e-51 0)
(2.17735e-49 -2.38428e-50 0)
(3.78189e-48 -4.24956e-49 0)
(6.35032e-47 -7.37878e-48 0)
(1.03893e-45 -1.2387e-46 0)
(1.63465e-44 -2.02588e-45 0)
(2.50625e-43 -3.18657e-44 0)
(3.66733e-42 -4.88302e-43 0)
(5.2378e-41 -7.13876e-42 0)
(7.056e-40 -1.01686e-40 0)
(9.32273e-39 -1.35879e-39 0)
(1.13958e-37 -1.74856e-38 0)
(1.38218e-36 -1.95448e-37 0)
(1.49812e-35 -1.73655e-36 0)
(1.65311e-34 1.49202e-36 0)
(1.51483e-33 5.39722e-34 0)
(1.48832e-32 1.76403e-32 0)
(9.74606e-32 3.74947e-31 0)
(7.65234e-31 5.96407e-30 0)
(-4.04277e-31 -4.71551e-31 0)
(-4.62075e-31 -4.46136e-32 0)
(-4.6593e-32 -2.85165e-33 0)
(-9.425e-33 -1.37161e-34 0)
(-1.02041e-33 -4.36619e-36 0)
(-1.36171e-34 -3.46323e-38 0)
(-1.36431e-35 1.15554e-38 0)
(-1.45584e-36 1.35268e-39 0)
(-1.32177e-37 1.23651e-40 0)
(-1.21093e-38 9.69116e-42 0)
(-9.99825e-40 7.36353e-43 0)
(-8.14859e-41 4.20086e-44 0)
(-6.17186e-42 -8.62462e-45 0)
(-4.59647e-43 -5.54444e-44 0)
(-2.96267e-44 -5.69712e-44 0)
(-1.50276e-45 -1.92131e-44 0)
(1.08735e-45 -4.65571e-44 0)
(5.84476e-45 -2.8911e-46 0)
(5.72407e-46 4.43808e-44 0)
(-2.73545e-45 8.53094e-45 0)
(-5.3754e-46 1.8482e-45 0)
(-1.18274e-46 2.51053e-46 0)
(-1.62236e-47 3.383e-47 0)
(-2.19969e-48 3.6871e-48 0)
(-2.41132e-49 3.87564e-49 0)
(-2.60948e-50 3.58918e-50 0)
(-1.45898e-50 1.89912e-51 0)
(-2.1796e-49 -2.35977e-50 0)
(-3.78194e-48 -4.2495e-49 0)
(-6.35037e-47 -7.37901e-48 0)
(-1.03893e-45 -1.23874e-46 0)
(-1.63466e-44 -2.02594e-45 0)
(-2.50627e-43 -3.18666e-44 0)
(-3.66735e-42 -4.88314e-43 0)
(-5.23783e-41 -7.13893e-42 0)
(-7.05603e-40 -1.01689e-40 0)
(-9.32278e-39 -1.35882e-39 0)
(-1.13958e-37 -1.74859e-38 0)
(-1.38218e-36 -1.95452e-37 0)
(-1.49812e-35 -1.73659e-36 0)
(-1.65311e-34 1.49164e-36 0)
(-1.51483e-33 5.39718e-34 0)
(-1.48832e-32 1.76403e-32 0)
(-9.74607e-32 3.74947e-31 0)
(-7.65234e-31 5.96407e-30 0)
(-1.75544e-32 -2.62949e-31 0)
(-3.96357e-32 -3.07048e-32 0)
(-5.50044e-33 -7.78917e-33 0)
(-1.13948e-33 -8.79749e-34 0)
(-1.36086e-34 -1.19619e-34 0)
(-1.84952e-35 -1.20242e-35 0)
(-1.93721e-36 -1.28267e-36 0)
(-2.09798e-37 -1.16298e-37 0)
(-1.95329e-38 -1.06379e-38 0)
(-1.81058e-39 -8.76317e-40 0)
(-1.52021e-40 -7.12574e-41 0)
(-1.25239e-41 -5.54858e-42 0)
(-1.00919e-42 -5.96436e-43 0)
(-1.21403e-43 -9.38787e-43 0)
(3.55999e-44 -9.34071e-43 0)
(1.12792e-44 -3.12456e-43 0)
(2.10723e-44 -7.62715e-43 0)
(1.01359e-43 -4.64954e-45 0)
(9.83063e-45 7.27527e-43 0)
(-4.74102e-44 1.38771e-43 0)
(-9.22989e-45 2.99064e-44 0)
(-2.02259e-45 4.03917e-45 0)
(-2.75764e-46 5.42384e-46 0)
(-3.72822e-47 5.88891e-47 0)
(-4.07049e-48 6.17661e-48 0)
(-4.29289e-49 5.71808e-49 0)
(-5.40094e-50 5.12893e-50 0)
(-2.56509e-49 1.30224e-50 0)
(-4.39022e-48 1.58649e-49 0)
(-7.36529e-47 2.75437e-48 0)
(-1.2038e-45 4.63265e-47 0)
(-1.89228e-44 7.59433e-46 0)
(-2.89779e-43 1.19731e-44 0)
(-4.23554e-42 1.84039e-43 0)
(-6.04032e-41 2.70026e-42 0)
(-8.12621e-40 3.87227e-41 0)
(-1.07158e-38 5.24862e-40 0)
(-1.30771e-37 7.03199e-39 0)
(-1.58181e-36 8.8957e-38 0)
(-1.71092e-35 1.17449e-36 0)
(-1.88025e-34 1.55659e-35 0)
(-1.71814e-33 2.40573e-34 0)
(-1.67614e-32 3.75371e-33 0)
(-1.09276e-31 5.83103e-32 0)
(-8.44121e-31 6.92824e-31 0)
(5.12844e-33 -2.20869e-32 0)
(-5.09364e-33 -3.45585e-33 0)
(-7.43636e-34 -9.0775e-34 0)
(-1.89443e-34 -1.14962e-34 0)
(-2.38501e-35 -1.60787e-35 0)
(-3.45411e-36 -1.69768e-36 0)
(-3.72006e-37 -1.84318e-37 0)
(-4.13739e-38 -1.71647e-38 0)
(-3.90844e-39 -1.56523e-39 0)
(-3.68638e-40 -1.16925e-40 0)
(-3.23557e-41 -8.24488e-42 0)
(-2.97831e-42 -3.04694e-42 0)
(-1.0496e-42 -3.17577e-42 0)
(-8.34247e-43 -1.46885e-41 0)
(6.66347e-43 -1.50288e-41 0)
(1.8888e-43 -4.98795e-42 0)
(3.42982e-43 -1.23239e-41 0)
(1.66113e-42 -7.31545e-44 0)
(1.59827e-43 1.17662e-41 0)
(-7.77825e-43 2.21818e-42 0)
(-1.5023e-43 4.74841e-43 0)
(-3.27427e-44 6.36043e-44 0)
(-4.43845e-45 8.49989e-45 0)
(-5.97944e-46 9.17714e-46 0)
(-6.50335e-47 9.59367e-47 0)
(-6.83153e-48 8.84852e-48 0)
(-6.35419e-49 7.85235e-49 0)
(-9.86803e-50 7.62738e-50 0)
(-7.36213e-49 2.25205e-49 0)
(-1.22097e-47 3.82381e-48 0)
(-1.98244e-46 6.41844e-47 0)
(-3.09598e-45 1.04976e-45 0)
(-4.70166e-44 1.65128e-44 0)
(-6.81653e-43 2.53094e-43 0)
(-9.61503e-42 3.70263e-42 0)
(-1.28016e-40 5.28655e-41 0)
(-1.66295e-39 7.12152e-40 0)
(-2.00167e-38 9.41048e-39 0)
(-2.36906e-37 1.15227e-37 0)
(-2.51404e-36 1.40353e-36 0)
(-2.66971e-35 1.54207e-35 0)
(-2.37147e-34 1.74788e-34 0)
(-2.17505e-33 1.70684e-33 0)
(-1.35193e-32 1.80226e-32 0)
(-8.98294e-32 1.35253e-31 0)
(2.00474e-33 4.32516e-33 0)
(-1.12092e-33 4.79623e-34 0)
(-1.66151e-34 -1.09466e-35 0)
(-3.60769e-35 -6.92772e-36 0)
(-4.33785e-36 -1.58986e-36 0)
(-5.84977e-37 -2.02022e-37 0)
(-6.10808e-38 -2.55662e-38 0)
(-6.47124e-39 -2.55145e-39 0)
(-5.84417e-40 1.30149e-40 0)
(-8.04818e-41 2.26191e-40 0)
(-2.54561e-41 3.88029e-41 0)
(-6.85233e-42 -3.32654e-41 0)
(-1.39045e-41 -4.635e-41 0)
(-1.32572e-41 -2.20702e-40 0)
(1.08195e-41 -2.25812e-40 0)
(3.01649e-42 -7.43642e-41 0)
(5.47599e-42 -1.85514e-40 0)
(2.68392e-41 -1.07277e-42 0)
(2.54995e-42 1.77274e-40 0)
(-1.25931e-41 3.31079e-41 0)
(-2.40308e-42 7.02413e-42 0)
(-5.20146e-43 9.33525e-43 0)
(-6.99228e-44 1.24022e-43 0)
(-9.37436e-45 1.33171e-44 0)
(-1.01385e-45 1.38689e-45 0)
(-1.06146e-46 1.27463e-46 0)
(-9.80027e-48 1.12759e-47 0)
(-8.78722e-49 9.18402e-49 0)
(-2.26584e-49 1.03686e-49 0)
(-2.59215e-48 5.60922e-49 0)
(-4.17286e-47 9.31468e-48 0)
(-6.47792e-46 1.5215e-46 0)
(-9.75083e-45 2.38638e-45 0)
(-1.40239e-43 3.64831e-44 0)
(-1.95372e-42 5.31088e-43 0)
(-2.57237e-41 7.54913e-42 0)
(-3.28195e-40 1.0088e-40 0)
(-3.8865e-39 1.32293e-39 0)
(-4.47599e-38 1.59799e-38 0)
(-4.62897e-37 1.91755e-37 0)
(-4.70731e-36 2.0488e-36 0)
(-4.00237e-35 2.23695e-35 0)
(-3.43313e-34 2.03883e-34 0)
(-1.9881e-33 1.98418e-33 0)
(-1.22617e-32 1.31202e-32 0)
(1.34557e-32 4.41691e-32 0)
(-6.89502e-33 5.93263e-33 0)
(-8.2089e-34 4.99366e-34 0)
(-1.40465e-34 3.07207e-35 0)
(-1.41019e-35 1.78845e-36 0)
(-1.6107e-36 9.98769e-38 0)
(-1.46332e-37 -3.86107e-39 0)
(-1.26918e-38 -3.63699e-40 0)
(-8.18452e-40 5.66649e-39 0)
(-4.68098e-40 3.70549e-39 0)
(-3.18334e-40 6.06217e-40 0)
(-9.52681e-41 -4.53088e-40 0)
(-2.07013e-40 -6.76158e-40 0)
(-1.98263e-40 -3.30038e-39 0)
(1.63613e-40 -3.37662e-39 0)
(4.49644e-41 -1.09768e-39 0)
(8.14487e-41 -2.78233e-39 0)
(4.03134e-40 -1.5484e-41 0)
(3.78096e-41 2.66212e-39 0)
(-1.89966e-40 4.89395e-40 0)
(-3.58995e-41 1.02695e-40 0)
(-7.69912e-42 1.34895e-41 0)
(-1.02683e-42 1.77843e-42 0)
(-1.3685e-43 1.89419e-43 0)
(-1.47192e-44 1.96221e-44 0)
(-1.53519e-45 1.79347e-45 0)
(-1.4123e-46 1.58082e-46 0)
(-1.25114e-47 1.28021e-47 0)
(-1.13338e-48 9.72958e-49 0)
(-1.97597e-48 -3.58976e-49 0)
(-2.98241e-47 -7.04075e-48 0)
(-4.54983e-46 -1.1023e-46 0)
(-6.65182e-45 -1.68544e-45 0)
(-9.42543e-44 -2.45018e-44 0)
(-1.26851e-42 -3.49518e-43 0)
(-1.65383e-41 -4.67193e-42 0)
(-2.02048e-40 -6.18451e-41 0)
(-2.39453e-39 -7.48625e-40 0)
(-2.60027e-38 -9.1541e-39 0)
(-2.75519e-37 -9.79069e-38 0)
(-2.56763e-36 -1.10237e-36 0)
(-2.37403e-35 -9.88372e-36 0)
(-1.77034e-34 -1.01206e-34 0)
(-1.37102e-33 -6.26462e-34 0)
(-6.75926e-33 -5.35216e-33 0)
(1.21645e-32 5.63145e-31 0)
(-6.23039e-33 5.3277e-32 0)
(-7.26765e-34 3.404e-33 0)
(-1.23129e-34 1.63567e-34 0)
(-1.22048e-35 5.39565e-36 0)
(-1.40905e-36 8.70388e-38 0)
(-1.28874e-37 -1.47295e-37 0)
(5.4378e-39 -1.1399e-38 0)
(3.97885e-39 7.67763e-38 0)
(-5.5971e-39 5.03138e-38 0)
(-4.52223e-39 8.12254e-39 0)
(-1.30633e-39 -6.27274e-39 0)
(-3.05375e-39 -9.09493e-39 0)
(-2.90731e-39 -4.48603e-38 0)
(2.47727e-39 -4.58726e-38 0)
(6.63423e-40 -1.4764e-38 0)
(1.1906e-39 -3.78865e-38 0)
(5.98884e-39 -2.02945e-40 0)
(5.46125e-40 3.62941e-38 0)
(-2.85799e-39 6.59448e-39 0)
(-5.31277e-40 1.36294e-39 0)
(-1.12649e-40 1.77044e-40 0)
(-1.4847e-41 2.31172e-41 0)
(-1.96348e-42 2.44264e-42 0)
(-2.09473e-43 2.5148e-43 0)
(-2.17314e-44 2.28637e-44 0)
(-1.98818e-45 2.0075e-45 0)
(-1.75432e-46 1.62052e-46 0)
(-1.4849e-47 1.26141e-47 0)
(-1.14956e-47 9.36682e-49 0)
(-1.63799e-46 3.03435e-49 0)
(-2.51255e-45 3.85176e-48 0)
(-3.68507e-44 5.96736e-47 0)
(-5.26693e-43 8.98004e-46 0)
(-7.11722e-42 1.28823e-44 0)
(-9.40501e-41 1.79205e-43 0)
(-1.15488e-39 2.34759e-42 0)
(-1.39938e-38 2.98539e-41 0)
(-1.52921e-37 3.5034e-40 0)
(-1.68512e-36 4.01034e-39 0)
(-1.58217e-35 4.0824e-38 0)
(-1.57968e-34 4.10841e-37 0)
(-1.18826e-33 3.39874e-36 0)
(-1.09683e-32 2.86953e-35 0)
(-5.48065e-32 1.58413e-34 0)
(-1.21563e-32 5.63182e-31 0)
(6.22617e-33 5.32827e-32 0)
(7.26082e-34 3.40431e-33 0)
(1.23304e-34 1.63582e-34 0)
(1.22515e-35 8.21852e-36 0)
(9.97751e-37 7.26413e-37 0)
(5.8722e-38 -1.86339e-36 0)
(2.42017e-37 -1.34615e-37 0)
(6.81248e-38 1.0656e-36 0)
(-7.15649e-38 6.93655e-37 0)
(-5.70943e-38 1.11308e-37 0)
(-1.30475e-38 -7.59884e-38 0)
(-3.69823e-38 -1.21144e-37 0)
(-3.5803e-38 -6.18404e-37 0)
(3.45284e-38 -6.32236e-37 0)
(8.92407e-39 -1.99692e-37 0)
(1.54241e-38 -5.24369e-37 0)
(7.84962e-38 -2.65098e-39 0)
(6.74865e-39 5.03231e-37 0)
(-3.90848e-38 8.93921e-38 0)
(-7.17178e-39 1.81462e-38 0)
(-1.4966e-39 2.31666e-39 0)
(-1.95028e-40 2.98866e-40 0)
(-2.55419e-41 3.1205e-41 0)
(-2.70319e-42 3.18642e-42 0)
(-2.78708e-43 2.87355e-43 0)
(-2.53636e-44 2.50881e-44 0)
(-2.22889e-45 2.014e-45 0)
(-1.80138e-46 1.56181e-46 0)
(-1.56535e-47 1.19303e-47 0)
(-2.65854e-47 9.89179e-48 0)
(-3.89021e-46 1.43435e-46 0)
(-5.65838e-45 2.20187e-45 0)
(-8.0008e-44 3.23175e-44 0)
(-1.07041e-42 4.62298e-43 0)
(-1.39444e-41 6.25314e-42 0)
(-1.69079e-40 8.2727e-41 0)
(-2.00792e-39 1.01716e-39 0)
(-2.15811e-38 1.23421e-38 0)
(-2.30578e-37 1.35018e-37 0)
(-2.11625e-36 1.48705e-36 0)
(-2.00218e-35 1.38635e-35 0)
(-1.45796e-34 1.35199e-34 0)
(-1.20075e-33 9.27287e-34 0)
(-5.73097e-33 7.10913e-33 0)
(-1.33713e-32 4.45178e-32 0)
(6.84846e-33 5.98632e-33 0)
(8.13601e-34 4.97018e-34 0)
(1.42822e-34 3.00024e-35 0)
(1.46514e-35 3.82596e-35 0)
(-3.32419e-36 8.34396e-36 0)
(-7.03468e-37 -2.23058e-35 0)
(3.08972e-36 -1.5923e-36 0)
(9.29072e-37 1.28254e-35 0)
(-8.34803e-37 8.31109e-36 0)
(-5.88568e-37 1.30335e-36 0)
(1.50196e-38 -9.66068e-37 0)
(-3.34524e-37 -1.43612e-36 0)
(-3.3617e-37 -7.41463e-36 0)
(5.07946e-37 -7.5737e-36 0)
(1.20766e-37 -2.36041e-36 0)
(1.83724e-37 -6.30057e-36 0)
(9.53608e-37 -3.00213e-38 0)
(6.61656e-38 6.05728e-36 0)
(-5.45414e-37 1.05984e-36 0)
(-9.75193e-38 2.09467e-37 0)
(-1.99544e-38 2.62929e-38 0)
(-2.5546e-39 3.33758e-39 0)
(-3.30493e-40 3.44322e-40 0)
(-3.45606e-41 3.48113e-41 0)
(-3.53409e-42 3.11457e-42 0)
(-3.19012e-43 2.70243e-43 0)
(-2.78756e-44 2.15849e-44 0)
(-2.23921e-45 1.6672e-45 0)
(-1.74028e-46 1.21175e-46 0)
(-1.76929e-47 9.94661e-48 0)
(-7.71887e-47 2.31375e-47 0)
(-1.10426e-45 3.43639e-46 0)
(-1.55099e-44 5.0016e-45 0)
(-2.05633e-43 7.07692e-44 0)
(-2.64908e-42 9.47572e-43 0)
(-3.16257e-41 1.23556e-41 0)
(-3.68576e-40 1.49979e-40 0)
(-3.85297e-39 1.783e-39 0)
(-3.98212e-38 1.91783e-38 0)
(-3.45863e-37 2.04647e-37 0)
(-3.06716e-36 1.86262e-36 0)
(-1.95122e-35 1.71457e-35 0)
(-1.38867e-34 1.12904e-34 0)
(-3.97508e-34 7.47141e-34 0)
(-1.3875e-33 8.1655e-33 0)
(6.87967e-34 1.01528e-33 0)
(9.56984e-35 -8.61303e-35 0)
(5.47196e-35 -2.44603e-35 0)
(6.55888e-36 4.62308e-34 0)
(-4.38244e-35 1.0377e-34 0)
(-8.26666e-36 -2.85467e-34 0)
(3.20631e-35 -1.98158e-35 0)
(1.12416e-35 1.63198e-34 0)
(-3.69949e-36 1.04929e-34 0)
(3.46976e-37 1.62437e-35 0)
(7.78619e-36 -9.97114e-36 0)
(3.51298e-36 -1.72277e-35 0)
(2.45056e-36 -9.36689e-35 0)
(7.19661e-36 -9.56364e-35 0)
(1.43277e-36 -2.89301e-35 0)
(1.20252e-36 -8.00658e-35 0)
(6.05814e-36 -3.47849e-37 0)
(-1.93756e-37 7.71746e-35 0)
(-6.67106e-36 1.30346e-35 0)
(-1.16437e-36 2.50028e-36 0)
(-2.30965e-37 3.05449e-37 0)
(-2.90436e-38 3.80431e-38 0)
(-3.69569e-39 3.85492e-39 0)
(-3.81817e-40 3.84936e-40 0)
(-3.86555e-41 3.40313e-41 0)
(-3.46178e-42 2.92797e-42 0)
(-3.00626e-43 2.3196e-43 0)
(-2.40271e-44 1.78104e-44 0)
(-1.85692e-45 1.2862e-45 0)
(-1.35508e-46 9.0255e-47 0)
(-1.82773e-47 1.04779e-47 0)
(-1.27144e-46 6.83875e-47 0)
(-1.76268e-45 9.84611e-46 0)
(-2.31751e-44 1.38372e-44 0)
(-2.95177e-43 1.83575e-43 0)
(-3.48282e-42 2.36664e-42 0)
(-3.99142e-41 2.82791e-41 0)
(-4.09946e-40 3.29881e-40 0)
(-4.12475e-39 3.45184e-39 0)
(-3.4754e-38 3.56788e-38 0)
(-2.93456e-37 3.09012e-37 0)
(-1.74076e-36 2.70739e-36 0)
(-1.10514e-35 1.63839e-35 0)
(-2.11064e-35 1.03828e-34 0)
(-2.34838e-34 6.62963e-34 0)
(-1.78217e-34 -2.9766e-34 0)
(-1.29033e-34 -2.38624e-33 0)
(-6.22732e-35 -3.94769e-34 0)
(-1.11626e-34 4.6664e-33 0)
(-8.75047e-35 1.04328e-33 0)
(-4.88148e-35 -2.89949e-33 0)
(2.48575e-34 -1.99808e-34 0)
(1.44963e-34 1.65182e-33 0)
(1.53569e-34 1.05534e-33 0)
(2.40553e-34 1.56917e-34 0)
(3.3583e-34 -1.16756e-34 0)
(2.75525e-34 -1.71398e-34 0)
(2.3446e-34 -9.43153e-34 0)
(1.23809e-34 -9.61498e-34 0)
(1.77111e-35 -2.85323e-34 0)
(-1.48011e-35 -8.08337e-34 0)
(-9.46251e-35 -3.17832e-36 0)
(-3.20966e-35 7.81191e-34 0)
(-8.78417e-35 1.29223e-34 0)
(-1.45167e-35 2.35839e-35 0)
(-2.76928e-36 2.80122e-36 0)
(-3.38193e-37 3.39062e-37 0)
(-4.21893e-38 3.37045e-38 0)
(-4.28029e-39 3.31047e-39 0)
(-4.27974e-40 2.89145e-40 0)
(-3.78716e-41 2.4633e-41 0)
(-3.26117e-42 1.93672e-42 0)
(-2.58525e-43 1.47821e-43 0)
(-1.98616e-44 1.06256e-44 0)
(-1.43506e-45 7.40711e-46 0)
(-1.01484e-46 4.97416e-47 0)
(-2.1966e-47 1.10336e-47 0)
(-2.12264e-46 1.13298e-46 0)
(-2.76893e-45 1.57664e-45 0)
(-3.50053e-44 2.07422e-44 0)
(-4.09056e-43 2.64376e-43 0)
(-4.63216e-42 3.12221e-42 0)
(-4.68097e-41 3.58165e-41 0)
(-4.61891e-40 3.68313e-40 0)
(-3.77945e-39 3.70908e-39 0)
(-3.0857e-38 3.12502e-38 0)
(-1.71392e-37 2.62583e-37 0)
(-1.01218e-36 1.5218e-36 0)
(-1.14136e-36 9.07633e-36 0)
(-5.15621e-34 -5.37429e-34 0)
(-2.95698e-33 -4.35198e-33 0)
(-4.03266e-33 -2.7821e-32 0)
(-1.71579e-32 -4.86654e-33 0)
(-6.43001e-33 5.40596e-32 0)
(1.38562e-32 1.18886e-32 0)
(1.10953e-33 -3.37875e-32 0)
(-2.47716e-33 -2.2037e-33 0)
(1.54976e-33 1.90811e-32 0)
(7.686e-33 1.2028e-32 0)
(9.47315e-33 1.73547e-33 0)
(1.05293e-32 -9.51581e-34 0)
(9.85964e-33 -1.79568e-33 0)
(8.588e-33 -1.07757e-32 0)
(2.16802e-33 -1.09759e-32 0)
(1.79062e-34 -3.08321e-33 0)
(-9.92006e-34 -9.32596e-33 0)
(-6.25486e-33 -3.14156e-35 0)
(-1.16722e-33 9.04644e-33 0)
(-9.63915e-34 1.40321e-33 0)
(-1.48734e-34 2.44425e-34 0)
(-2.63979e-35 2.77911e-35 0)
(-3.11736e-36 3.26971e-36 0)
(-3.77185e-37 3.16363e-37 0)
(-3.75211e-38 3.05293e-38 0)
(-3.68969e-39 2.62092e-39 0)
(-3.22569e-40 2.20656e-40 0)
(-2.75046e-41 1.71472e-41 0)
(-2.16399e-42 1.29778e-42 0)
(-1.65268e-43 9.25155e-44 0)
(-1.18856e-44 6.40886e-45 0)
(-8.28974e-46 4.23366e-46 0)
(-5.65307e-47 2.81214e-47 0)
(-2.32428e-47 1.53963e-47 0)
(-2.55617e-46 1.90605e-46 0)
(-3.19566e-45 2.49359e-45 0)
(-3.68987e-44 3.15788e-44 0)
(-4.10966e-43 3.69925e-43 0)
(-4.06714e-42 4.20215e-42 0)
(-3.89414e-41 4.26789e-41 0)
(-3.04243e-40 4.23888e-40 0)
(-2.31106e-39 3.51254e-39 0)
(-1.0597e-38 2.91577e-38 0)
(-3.98207e-38 1.69791e-37 0)
(3.30512e-37 1.07895e-36 0)
(-5.48504e-33 -4.00562e-33 0)
(-3.77349e-32 -3.03877e-32 0)
(-9.06713e-32 -2.01235e-31 0)
(-5.19189e-31 -3.61607e-32 0)
(-1.77649e-31 3.90646e-31 0)
(4.51334e-31 8.51315e-32 0)
(4.02476e-32 -2.45257e-31 0)
(-1.27346e-31 -1.5779e-32 0)
(1.89501e-32 1.37801e-31 0)
(2.06408e-31 8.59926e-32 0)
(2.43025e-31 1.1404e-32 0)
(2.55916e-31 -1.05942e-32 0)
(2.46473e-31 -1.27843e-32 0)
(2.17919e-31 -7.72337e-32 0)
(4.04252e-32 -7.84665e-32 0)
(1.99995e-33 -2.13242e-32 0)
(-2.58019e-32 -6.71067e-32 0)
(-1.75687e-31 -1.88995e-34 0)
(-2.77649e-32 6.53425e-32 0)
(-1.22899e-32 9.78769e-33 0)
(-1.68499e-33 1.55412e-33 0)
(-2.7728e-34 1.68236e-34 0)
(-3.11162e-35 1.8788e-35 0)
(-3.64938e-36 1.76011e-36 0)
(-3.53101e-37 1.65083e-37 0)
(-3.41082e-38 1.39019e-38 0)
(-2.9309e-39 1.15169e-39 0)
(-2.46979e-40 8.84709e-41 0)
(-1.92069e-41 6.63333e-42 0)
(-1.45462e-42 4.69631e-43 0)
(-1.03753e-43 3.23577e-44 0)
(-7.19069e-45 2.12892e-45 0)
(-4.75234e-46 1.36335e-46 0)
(-3.17396e-47 9.86868e-48 0)
(-1.55733e-47 2.16585e-47 0)
(-1.31949e-46 2.8805e-46 0)
(-8.23326e-46 3.83299e-45 0)
(1.64777e-45 4.83535e-44 0)
(2.02928e-43 6.02806e-43 0)
(4.59195e-42 7.08483e-42 0)
(8.14021e-41 8.40107e-41 0)
(1.20871e-39 9.36419e-40 0)
(1.62274e-38 1.08264e-38 0)
(1.99669e-37 1.17132e-37 0)
(2.21718e-36 1.33726e-36 0)
(-3.88777e-32 -3.20635e-32 0)
(-3.30841e-31 -2.50572e-31 0)
(-1.47626e-30 -1.94507e-30 0)
(-1.09357e-29 -3.92716e-31 0)
(-3.60889e-30 3.7901e-30 0)
(9.89021e-30 7.96605e-31 0)
(8.06191e-31 -2.40343e-30 0)
(-3.16795e-30 -1.31696e-31 0)
(1.58702e-31 1.32655e-30 0)
(4.08385e-30 8.04564e-31 0)
(4.63354e-30 9.76211e-32 0)
(4.74814e-30 -5.60063e-32 0)
(4.66341e-30 -1.00425e-31 0)
(4.18707e-30 -7.29887e-31 0)
(5.7901e-31 -7.40518e-31 0)
(1.48812e-32 -1.75212e-31 0)
(-4.54013e-31 -6.47431e-31 0)
(-3.59424e-30 -1.40415e-33 0)
(-4.68666e-31 6.33561e-31 0)
(-1.07918e-31 8.07314e-32 0)
)
;

boundaryField
{
    leftWall
    {
        type            fixedValue;
        value           uniform (0 0 0);
    }
    rightWall
    {
        type            fixedValue;
        value           nonuniform 0();
    }
    lowerWall
    {
        type            fixedValue;
        value           uniform (0 0 0);
    }
    atmosphere
    {
        type            pressureInletOutletVelocity;
        value           nonuniform 0();
    }
    defaultFaces
    {
        type            empty;
    }
    procBoundary0to1
    {
        type            processor;
        value           nonuniform List<vector> 
44
(
(6.0776e-42 -2.06628e-39 0)
(6.12257e-41 -2.00499e-38 0)
(5.24083e-40 -1.80422e-37 0)
(4.09452e-39 -1.56533e-36 0)
(2.92844e-38 -1.25743e-35 0)
(1.73998e-37 -9.85057e-35 0)
(8.41923e-37 -6.83173e-34 0)
(1.47976e-36 -4.8255e-33 0)
(-1.12878e-35 -2.67103e-32 0)
(-1.50775e-34 -1.78835e-31 0)
(5.10635e-34 -6.89767e-31 0)
(1.16214e-32 -9.3759e-30 0)
(1.55554e-31 1.1731e-30 0)
(1.16201e-32 1.06489e-29 0)
(5.62769e-34 8.18321e-31 0)
(2.33964e-35 4.60494e-31 0)
(3.74509e-35 1.73924e-30 0)
(6.57219e-35 1.89019e-29 0)
(2.02845e-36 3.59063e-29 0)
(-6.5545e-35 1.9976e-29 0)
(-6.5545e-35 1.9976e-29 0)
(2.64664e-31 2.33137e-31 0)
(2.87902e-32 4.22822e-32 0)
(3.66328e-33 4.4205e-33 0)
(3.22715e-34 5.46761e-34 0)
(3.06829e-35 1.42502e-34 0)
(6.26637e-37 9.68864e-34 0)
(-2.00805e-35 1.12227e-32 0)
(-2.4881e-34 9.19339e-32 0)
(-2.07507e-33 1.01128e-30 0)
(-2.02719e-32 5.38123e-30 0)
(-1.8427e-32 6.51045e-29 0)
(1.84271e-32 6.51045e-29 0)
(2.02707e-32 5.38122e-30 0)
(2.00193e-33 1.01119e-30 0)
(-1.76532e-33 9.12948e-32 0)
(-4.03006e-32 5.01134e-33 0)
(-5.40025e-31 9.64065e-34 0)
(-4.03208e-32 6.30409e-33 0)
(-2.01413e-33 6.46403e-34 0)
(-7.31002e-35 8.90621e-35 0)
(-7.80869e-37 8.02892e-36 0)
(4.15404e-36 2.74193e-36 0)
(2.36129e-35 1.40145e-35 0)
)
;
    }
    procBoundary0to2
    {
        type            processor;
        value           nonuniform List<vector> 
46
(
(-1.28281e-32 1.23149e-32 0)
(-1.82006e-33 1.25364e-33 0)
(-1.91329e-34 1.36751e-34 0)
(-2.1172e-35 1.23935e-35 0)
(-1.98057e-36 1.14318e-36 0)
(-1.85897e-37 9.4252e-38 0)
(-1.56715e-38 7.70949e-39 0)
(-1.29974e-39 5.83479e-40 0)
(-9.99371e-41 4.33083e-41 0)
(-7.49918e-42 3.03217e-42 0)
(-5.31296e-43 2.07202e-43 0)
(-3.66279e-44 1.35138e-44 0)
(-2.41087e-45 8.58838e-46 0)
(-1.50652e-46 5.25994e-47 0)
(5.34517e-47 4.59161e-48 0)
(1.03886e-45 1.91712e-47 0)
(1.65037e-44 2.3732e-46 0)
(2.54518e-43 2.73696e-45 0)
(3.75082e-42 3.04567e-44 0)
(5.37336e-41 3.01693e-43 0)
(7.28438e-40 2.89938e-42 0)
(9.62731e-39 2.29865e-41 0)
(1.18534e-37 1.80202e-40 0)
(1.43322e-36 9.4632e-40 0)
(1.57209e-35 5.23035e-39 0)
(-3.20032e-31 6.98058e-35 0)
(-3.05186e-30 2.05203e-35 0)
(-1.42266e-29 1.43698e-35 0)
(-1.5118e-28 2.29846e-36 0)
(-4.99849e-29 4.14139e-37 0)
(1.41156e-28 6.91486e-38 0)
(7.8368e-30 -2.52942e-38 0)
(-4.59184e-29 -5.72282e-36 0)
(1.41407e-30 -1.87173e-34 0)
(5.45554e-29 -3.98009e-33 0)
(5.99034e-29 -6.333e-32 0)
(6.0891e-29 -6.91679e-31 0)
(6.00177e-29 -6.333e-32 0)
(5.54991e-29 -3.9801e-33 0)
(5.52772e-30 -1.87186e-34 0)
(1.20888e-31 -5.7236e-36 0)
(-4.39318e-30 -1.94152e-38 0)
(-4.98657e-29 1.84643e-38 0)
(-4.51247e-30 6.12079e-39 0)
(-1.28281e-32 1.23149e-32 0)
(-9.97474e-31 6.90584e-40 0)
)
;
    }
}


// ************************************************************************* //
