/*--------------------------------*- C++ -*----------------------------------*\
| =========                 |                                                 |
| \\      /  F ield         | OpenFOAM: The Open Source CFD Toolbox           |
|  \\    /   O peration     | Version:  2.4.0                                 |
|   \\  /    A nd           | Web:      www.OpenFOAM.org                      |
|    \\/     M anipulation  |                                                 |
\*---------------------------------------------------------------------------*/
FoamFile
{
    version     2.0;
    format      ascii;
    class       surfaceScalarField;
    location    "0.35";
    object      phi;
}
// * * * * * * * * * * * * * * * * * * * * * * * * * * * * * * * * * * * * * //

dimensions      [0 3 -1 0 0 0 0];

internalField   nonuniform List<scalar> 
3742
(
-1.44967e-37
1.48463e-37
-1.65389e-38
1.07468e-38
-1.27411e-39
9.53085e-40
-1.12005e-40
6.35045e-41
-7.78647e-42
4.67233e-42
-5.7374e-43
2.87469e-43
-3.62687e-44
1.84747e-44
-2.33908e-45
1.05124e-45
-1.35542e-46
6.06338e-47
-7.84959e-48
3.20281e-48
-4.20027e-49
1.68654e-49
-2.22087e-50
8.30664e-51
-1.10327e-51
4.04042e-52
-2.8364e-53
1.85867e-53
5.55197e-52
-2.45496e-55
1.15749e-50
-2.31097e-53
2.35854e-49
-4.86166e-52
4.5228e-48
-9.72551e-51
8.57004e-47
-1.93168e-49
1.50313e-45
-3.60805e-48
2.63466e-44
-6.73438e-47
4.16583e-43
-1.16007e-45
6.71456e-42
-2.01993e-44
9.36448e-41
-3.15434e-43
-5.08742e-42
-7.26603e-35
4.1185e-37
-4.19474e-34
3.65743e-36
-3.39572e-34
4.30339e-35
-2.22704e-32
1.05691e-35
1.46269e-32
-8.44451e-35
7.37371e-33
-1.64709e-35
-7.12807e-33
5.46092e-35
1.36156e-34
2.01934e-36
1.23323e-34
-2.91096e-35
7.75401e-33
-1.67007e-35
4.73953e-34
-4.21107e-36
7.90932e-33
-8.77866e-35
3.44027e-34
-1.4081e-36
7.68349e-33
1.53354e-35
-7.29769e-33
1.5584e-35
7.32554e-33
2.52051e-36
-7.52375e-33
1.4259e-35
-9.21406e-35
1.17689e-38
-1.33684e-34
-1.40977e-35
-2.38001e-35
-1.1801e-36
-1.80626e-36
-1.48463e-37
-2.01934e-37
-1.07468e-38
-1.46397e-38
-9.53085e-40
-1.26736e-39
-6.35045e-41
-8.49936e-41
-4.67233e-42
-6.1878e-42
-2.87469e-43
-3.81989e-43
-1.84747e-44
-2.43961e-44
-1.05124e-45
-1.39004e-45
-6.06338e-47
-7.98451e-47
-3.20281e-48
-4.21875e-48
-1.68654e-49
-2.21507e-49
-8.30665e-51
-1.09067e-50
-4.0407e-52
-5.27444e-52
-1.91243e-53
2.07309e-53
-1.00235e-53
9.95407e-52
-1.61029e-52
2.10454e-50
-2.80541e-51
4.1706e-49
-4.4816e-50
8.0006e-48
-7.25577e-49
1.42289e-46
-1.05392e-47
2.48261e-45
-1.60718e-46
3.92745e-44
-2.15385e-45
6.21349e-43
-3.19209e-44
8.58526e-42
-4.10361e-43
-6.10382e-42
-5.17284e-36
5.73641e-37
-2.90171e-35
3.97044e-36
-2.95141e-34
4.59729e-35
-3.60312e-34
1.12458e-35
1.64531e-34
-9.01648e-35
2.67528e-34
-1.76146e-35
-6.94948e-35
5.82874e-35
-8.09925e-35
2.17872e-36
9.92683e-35
-3.10905e-35
2.03628e-34
-1.78032e-35
2.14221e-34
-3.06681e-36
2.13942e-34
-2.16413e-36
2.04817e-34
-4.04376e-38
1.07924e-34
1.64488e-35
9.41345e-36
1.66597e-35
-7.39874e-36
2.72102e-36
-9.68189e-35
1.52274e-35
-9.69639e-35
1.27948e-38
-9.25155e-36
-1.5053e-35
-1.69135e-36
-1.27379e-36
-1.44967e-37
-1.60552e-37
-1.65389e-38
-1.16824e-38
-1.27411e-39
-1.03731e-39
-1.12005e-40
-6.93332e-41
-7.78647e-42
-5.10614e-42
-5.7374e-43
-3.14829e-43
-3.62687e-44
-2.02497e-44
-2.33908e-45
-1.15403e-45
-1.35542e-46
-6.66098e-47
-7.84959e-48
-3.52262e-48
-4.20027e-49
-1.85612e-49
-2.22088e-50
-9.15042e-51
-1.10513e-51
-4.45685e-52
-6.5873e-53
-2.71349e-53
-2.00257e-52
-1.225e-52
-2.93022e-51
-2.073e-51
-4.28913e-50
-3.5e-50
-5.27902e-49
-5.29214e-49
-6.4892e-48
-8.05407e-48
-5.67214e-47
-1.04202e-46
-4.70029e-46
-1.40062e-45
2.73343e-46
-1.4469e-44
4.92317e-44
-1.65608e-43
1.21789e-42
-1.14441e-42
-1.01756e-41
-5.90872e-37
1.05958e-36
-1.54574e-36
6.07848e-37
-9.56808e-36
3.49436e-36
-1.14593e-35
7.7328e-37
4.87188e-36
-6.38403e-36
8.20965e-36
-1.27732e-36
-1.86618e-36
4.10588e-36
-2.07709e-36
1.77854e-37
3.45458e-36
-2.21371e-36
7.11389e-36
-1.29635e-36
7.6801e-36
-2.56942e-37
7.26382e-36
-1.4625e-36
6.80679e-36
-6.4461e-39
3.80607e-36
1.17901e-36
4.71397e-37
1.19965e-36
-2.68879e-37
2.24507e-37
-3.18279e-36
1.08155e-36
-3.19913e-36
1.16977e-39
-4.54962e-37
-1.06657e-36
-1.67723e-37
-1.04822e-37
-1.63489e-38
-1.37053e-38
-2.17411e-39
-1.06595e-39
-1.76761e-40
-9.66474e-41
-1.64621e-41
-6.71089e-42
-1.17493e-42
-5.01293e-43
-8.88976e-44
-3.16737e-44
-5.69597e-45
-2.05869e-45
-3.7209e-46
-1.19319e-46
-2.1702e-47
-6.94321e-48
-1.26396e-48
-3.71697e-49
-6.77865e-50
-1.97133e-50
-3.58997e-51
-9.80984e-52
-1.88373e-52
-5.174e-53
-1.78693e-52
-7.28176e-53
-2.8496e-51
-1.30561e-51
-4.30721e-50
-2.23151e-50
-6.47518e-49
-3.77996e-49
-8.37872e-48
-5.75002e-48
-1.10261e-46
-8.80905e-47
-1.14119e-45
-1.1534e-45
-1.25553e-44
-1.56794e-44
-8.75625e-44
-1.6556e-43
-7.09031e-43
-1.92446e-42
-1.23723e-42
-1.37273e-41
-1.2114e-40
-2.40098e-36
1.72648e-36
-1.6379e-36
1.12272e-36
-3.80043e-37
6.12903e-37
-2.85103e-37
1.02464e-37
9.08868e-38
-7.04891e-37
1.69088e-37
-1.4187e-37
-2.74372e-38
4.53654e-37
-2.11252e-38
1.9699e-38
9.29028e-38
-2.45188e-37
1.90072e-37
-1.45563e-37
2.13097e-37
-3.50963e-38
1.83501e-37
-2.25867e-37
1.65783e-37
-6.21797e-39
1.02769e-37
1.29797e-37
1.82686e-38
1.33462e-37
-6.3289e-39
2.56046e-38
-7.60907e-38
1.20022e-37
-7.71399e-38
1.53943e-40
-1.72552e-38
-1.18128e-37
-9.74368e-39
-1.18677e-38
-1.0505e-39
-1.72649e-39
-1.47394e-40
-1.39646e-40
-1.25644e-41
-1.33301e-41
-1.1964e-42
-9.48059e-43
-8.77635e-44
-7.25938e-44
-6.72672e-45
-4.64696e-45
-4.38684e-46
-3.05734e-46
-2.89075e-47
-1.78376e-47
-1.70651e-48
-1.04378e-48
-1.00017e-49
-5.60273e-50
-5.41048e-51
-2.97671e-51
-2.95844e-52
-1.50401e-52
-1.62784e-52
-5.34557e-53
-2.5411e-51
-8.74258e-52
-4.2908e-50
-1.62917e-50
-6.52616e-49
-2.80238e-49
-9.92379e-48
-4.80085e-48
-1.29607e-46
-7.36913e-47
-1.73536e-45
-1.14784e-45
-1.82321e-44
-1.52351e-44
-2.0616e-43
-2.12468e-43
-1.4795e-42
-2.2945e-42
-1.25883e-41
-2.77928e-41
-2.58795e-41
-2.06236e-40
-1.93796e-39
-1.01319e-34
5.23282e-35
-2.89196e-36
1.60657e-36
-2.16988e-36
-1.08061e-37
-3.54954e-37
-1.05559e-38
-2.97135e-38
-4.60698e-38
-4.83726e-39
-9.09318e-39
1.45558e-39
2.80877e-38
3.19693e-39
1.29495e-39
1.97355e-39
-1.5278e-38
4.16832e-39
-9.20783e-39
5.39271e-39
-2.49177e-39
2.08876e-39
-1.48346e-38
1.16884e-39
-5.5863e-40
2.09489e-39
8.08842e-39
9.09514e-40
8.36954e-39
2.51803e-41
1.70693e-39
-5.76679e-40
7.47545e-39
-6.62499e-40
1.11583e-41
-8.34963e-40
-7.34384e-39
-7.63373e-40
-7.8871e-40
-8.60014e-41
-1.19468e-40
-1.28328e-41
-1.0101e-41
-1.12012e-42
-9.8546e-43
-1.0954e-43
-7.20321e-44
-8.14535e-45
-5.58736e-45
-6.32561e-46
-3.64016e-46
-4.15591e-47
-2.4154e-47
-2.7558e-48
-1.42604e-48
-1.63242e-49
-8.39437e-50
-9.58953e-51
-4.5431e-51
-5.23537e-52
-2.4315e-52
-1.11684e-52
-2.75672e-53
-1.55745e-51
-3.11259e-52
-2.67071e-50
-5.88886e-51
-4.52583e-49
-1.10065e-49
-6.92866e-48
-1.90534e-48
-1.06111e-46
-3.28444e-47
-1.40435e-45
-5.1075e-46
-1.90505e-44
-8.05198e-45
-2.05449e-43
-1.09622e-43
-2.37717e-42
-1.56292e-42
-1.80569e-41
-1.77557e-41
-1.60707e-40
-2.23165e-40
-4.31888e-40
-1.82937e-39
-1.76843e-38
-2.24628e-36
3.76714e-36
-1.71782e-36
3.25898e-36
-1.70787e-37
-7.37885e-38
-2.78514e-38
-1.43972e-38
-2.67302e-39
-5.75904e-39
-5.93725e-40
-8.88118e-40
1.29498e-40
2.22576e-39
2.53106e-40
1.02452e-40
3.38513e-41
-1.22063e-39
7.73008e-41
-7.44347e-40
1.35899e-40
-2.33924e-40
-6.97275e-41
-1.48923e-39
-1.14753e-40
-7.60059e-41
2.74312e-41
6.40824e-40
4.29767e-41
6.70037e-40
1.02372e-41
1.38613e-40
4.8479e-41
5.97778e-40
4.33791e-41
9.72929e-43
-3.87819e-41
-5.86537e-40
-4.32733e-41
-6.38039e-41
-5.11337e-42
-1.01832e-41
-7.83097e-43
-8.7875e-43
-7.03151e-44
-8.79803e-44
-6.97238e-45
-6.51731e-45
-5.27894e-46
-5.12136e-46
-4.13517e-47
-3.36195e-47
-2.74926e-48
-2.24483e-48
-1.83349e-49
-1.33027e-49
-1.09478e-50
-7.84955e-51
-6.48325e-52
-4.25603e-52
-9.08685e-53
-2.97468e-53
-1.0592e-51
-1.46792e-52
-1.97316e-50
-2.95753e-51
-3.40903e-49
-5.6466e-50
-5.84407e-48
-1.06764e-48
-9.02922e-47
-1.86505e-47
-1.4061e-45
-3.26567e-46
-1.88633e-44
-5.13894e-45
-2.62545e-43
-8.28391e-44
-2.89657e-42
-1.14633e-42
-3.50247e-41
-1.69107e-41
-2.79948e-40
-1.96825e-40
-2.73931e-39
-2.62452e-39
-9.72398e-39
-2.24311e-38
-2.4756e-37
1.46427e-38
1.56456e-34
-1.6337e-37
4.14965e-36
-1.74922e-38
1.76429e-37
-3.80982e-39
5.75862e-39
-3.72639e-40
-6.82548e-41
-6.98116e-41
-3.96928e-41
8.04679e-42
1.29065e-40
1.86005e-41
6.16567e-42
3.9596e-43
-7.05999e-41
2.34944e-42
-4.3573e-41
5.86592e-42
-1.50612e-41
-1.06083e-41
-9.33024e-41
-1.35444e-41
-5.53507e-42
-6.43916e-43
3.69406e-41
2.61918e-42
3.88974e-41
9.14767e-43
8.33934e-42
5.31031e-42
3.45662e-41
4.9646e-42
6.15762e-44
-2.36526e-42
-3.38733e-41
-2.89188e-42
-3.83155e-42
-3.46919e-43
-6.26092e-43
-5.44874e-44
-5.55455e-44
-4.95212e-45
-5.63747e-45
-4.9741e-46
-4.25202e-46
-3.79497e-47
-3.3695e-47
-2.99189e-48
-2.23822e-48
-1.99737e-49
-1.50265e-49
-1.3356e-50
-8.97443e-51
-7.9956e-52
-5.3145e-52
-6.45257e-53
-2.93216e-53
-3.5327e-52
-9.84982e-54
-6.66755e-51
-1.7317e-52
-1.24704e-49
-3.52233e-51
-2.1685e-48
-6.81277e-50
-3.74035e-47
-1.28849e-48
-5.85828e-46
-2.29093e-47
-9.23794e-45
-3.99778e-46
-1.27321e-43
-6.45268e-45
-1.81568e-42
-1.0295e-43
-2.119e-41
-1.48133e-42
-2.69473e-40
-2.13506e-41
-2.47625e-39
-2.6569e-40
-2.75102e-38
-3.38265e-39
-1.66999e-37
-3.34332e-38
-3.35275e-37
-5.4968e-37
-4.94151e-35
4.45322e-37
1.22795e-36
3.02092e-38
2.94395e-37
2.32715e-39
2.34089e-38
7.452e-41
2.65774e-39
-5.84791e-42
1.9213e-40
-2.88343e-43
2.54424e-41
9.11861e-43
1.54453e-42
-5.41221e-45
-4.6015e-42
1.11222e-43
-2.91619e-42
2.88862e-43
-1.13207e-42
-6.63362e-43
-7.28544e-42
-8.22059e-43
-4.91299e-43
-7.15778e-44
2.42833e-42
1.35598e-43
2.5827e-42
5.31414e-44
5.59435e-43
3.10806e-43
2.29387e-42
2.91835e-43
4.28365e-45
-1.22659e-43
-2.24623e-42
-1.54563e-43
-2.56581e-43
-1.90484e-44
-4.30027e-44
-3.0306e-45
-3.86014e-45
-2.8045e-46
-3.96894e-46
-2.83957e-47
-3.01712e-47
-2.19233e-48
-2.40641e-48
-1.73717e-49
-1.60549e-49
-1.16875e-50
-1.08079e-50
-7.84355e-52
-6.46661e-52
-5.55057e-53
-3.83338e-53
-1.76448e-52
-2.71915e-54
-3.53101e-51
-1.41836e-53
-6.76375e-50
-3.11441e-52
-1.28035e-48
-6.43057e-51
-2.24658e-47
-1.33673e-49
-3.93643e-46
-2.54044e-48
-6.2338e-45
-4.94576e-47
-1.00458e-43
-8.5381e-46
-1.4041e-42
-1.55346e-44
-2.06809e-41
-2.3905e-43
-2.459e-40
-4.07023e-42
-3.30006e-39
-5.44447e-41
-3.11216e-38
-8.8095e-40
-3.84979e-37
-1.00138e-38
-2.42157e-36
-1.58944e-37
-1.38447e-36
-3.00682e-36
1.35132e-36
-1.33937e-36
-4.86932e-37
-1.44187e-37
2.08276e-37
-2.51826e-38
1.96859e-38
-2.26503e-39
2.45034e-39
-2.54738e-40
1.81137e-40
-2.00107e-41
1.62445e-41
-1.68927e-42
1.08103e-42
-1.22529e-43
-1.74701e-43
9.17661e-46
-1.53853e-43
1.90959e-44
-6.63767e-44
-4.3633e-44
-4.24411e-43
-5.32423e-44
-3.12844e-44
-5.26227e-45
1.29755e-43
7.74319e-45
1.39049e-43
3.1657e-45
3.08365e-44
1.85753e-44
1.23204e-43
1.74614e-44
2.43442e-46
-7.07711e-45
-1.20543e-43
-9.00201e-45
-1.41302e-44
-1.11945e-45
-2.3984e-45
-1.80236e-46
-2.19235e-46
-1.68031e-47
-2.27165e-47
-1.71191e-48
-1.74766e-48
-1.32776e-49
-1.40062e-49
-1.05496e-50
-9.41714e-51
-7.11303e-52
-6.3579e-52
-4.78843e-53
-3.82261e-53
-6.15682e-54
-2.28128e-54
-7.01081e-53
-4.47107e-55
-1.42648e-51
-7.28508e-54
-2.83078e-50
-1.65902e-52
-5.34133e-49
-3.45953e-51
-9.82476e-48
-7.42213e-50
-1.69692e-46
-1.41955e-48
-2.87103e-45
-2.86314e-47
-4.47081e-44
-4.96085e-46
-6.89253e-43
-9.44757e-45
-9.45237e-42
-1.48044e-43
-1.31149e-40
-2.79377e-42
-1.51636e-39
-4.45587e-41
-1.84337e-38
-1.01213e-39
-1.57323e-37
-2.11435e-38
-1.45701e-36
-5.11326e-37
-8.95751e-36
-1.12555e-34
-1.60553e-36
-3.14314e-36
-3.42799e-37
-2.40271e-36
-2.41014e-37
-3.92996e-37
-2.06129e-38
-3.08155e-38
-2.45491e-39
-3.33017e-39
-1.80102e-40
-2.44648e-40
-1.56278e-41
-2.0817e-41
-1.04862e-42
-1.4041e-42
-9.09796e-44
-1.00602e-43
-1.39754e-44
-5.17525e-45
-4.57225e-45
-2.70746e-45
-2.78523e-44
-2.82908e-45
-2.20492e-45
-2.93238e-46
7.43057e-45
3.80788e-46
8.04141e-45
1.60909e-46
1.79783e-45
9.31772e-46
7.1237e-45
8.75276e-46
1.4476e-47
-3.50375e-46
-6.9666e-45
-4.48623e-46
-8.23237e-46
-5.68121e-47
-1.4149e-46
-9.20805e-48
-1.30319e-47
-8.68945e-49
-1.35882e-48
-8.89013e-50
-1.05046e-49
-6.94961e-51
-8.44157e-51
-5.53528e-52
-5.68934e-52
-3.75495e-53
-3.84299e-53
-3.60834e-54
-2.30651e-54
-2.42206e-53
-1.53043e-56
-5.22139e-52
2.79658e-54
-1.07592e-50
6.18487e-53
-2.18538e-49
1.33956e-51
-4.16349e-48
2.75256e-50
-7.88215e-47
5.58186e-49
-1.37296e-45
1.05941e-47
-2.41087e-44
2.00162e-46
-3.77818e-43
3.46094e-45
-6.12518e-42
6.01896e-44
-8.42255e-41
9.04345e-43
-1.25623e-39
1.3012e-41
-1.44663e-38
9.45097e-41
-1.96995e-37
-1.73901e-39
-1.64484e-36
-1.41288e-37
-1.89422e-35
-4.78451e-36
-1.18248e-34
-2.88778e-36
-1.67215e-36
-1.47135e-36
-1.23234e-36
-1.54982e-37
-2.94173e-37
-2.66071e-38
-2.34397e-38
-2.36692e-39
-2.68343e-39
-2.63823e-40
-1.96156e-40
-2.06539e-41
-1.70222e-41
-1.79465e-42
-1.14454e-42
-1.25713e-43
-8.41261e-44
-9.15973e-45
-5.6234e-45
-5.17609e-46
-5.60806e-46
-1.67834e-46
-1.51978e-45
-1.59536e-46
-1.27167e-46
-1.69106e-47
3.6836e-46
1.9538e-47
4.01918e-46
8.4131e-48
9.13716e-47
4.8576e-47
3.55538e-46
4.56185e-47
7.49588e-49
-1.81923e-47
-3.47496e-46
-2.33444e-47
-4.18267e-47
-2.97643e-48
-7.23451e-48
-4.85084e-49
-6.74676e-49
-4.60029e-50
-7.06211e-50
-4.71813e-51
-5.50333e-51
-3.69825e-52
-4.43225e-52
-2.94682e-53
-3.00183e-53
-1.99222e-54
-2.02941e-54
3.262e-57
-1.17726e-55
3.0156e-54
1.03146e-55
6.51702e-53
2.54553e-54
1.33611e-51
5.61891e-53
2.69214e-50
1.21828e-51
5.09864e-49
2.50481e-50
9.55346e-48
5.08586e-49
1.65242e-46
9.65817e-48
2.86184e-45
1.82765e-46
4.44681e-44
3.16206e-45
7.0701e-43
5.51171e-44
9.61838e-42
8.29524e-43
1.39261e-40
1.20206e-41
1.58085e-39
9.00545e-41
2.04435e-38
-1.46786e-39
1.66688e-37
-1.26215e-37
1.70579e-36
-4.32334e-36
-1.08253e-34
-2.14817e-37
-5.7937e-35
7.85329e-38
-1.86752e-36
1.24736e-39
-9.65695e-38
-1.40529e-39
-4.35634e-39
-1.83353e-40
-2.83023e-40
-2.70118e-41
-1.83443e-41
-2.36807e-42
-1.52762e-42
-2.26585e-43
-1.05603e-43
-1.67073e-44
-7.86106e-45
-1.27682e-45
-5.21774e-46
-7.99781e-47
-4.53293e-47
-1.18871e-47
-8.80335e-47
-8.02859e-48
-7.68932e-48
-8.62057e-49
1.88783e-47
8.96469e-49
2.08041e-47
3.95458e-49
4.76144e-48
2.26059e-48
1.84041e-47
2.12136e-48
3.94849e-50
-8.42644e-49
-1.79826e-47
-1.08541e-48
-2.17936e-48
-1.4022e-49
-3.79096e-49
-2.29195e-50
-3.55404e-50
-2.19191e-51
-3.72912e-51
-2.25168e-52
-2.91469e-52
-1.77396e-53
-2.34832e-53
-1.41021e-54
-1.59212e-54
3.93525e-58
-1.07738e-55
2.22208e-54
-1.13279e-56
4.92709e-53
-1.14435e-55
1.06905e-51
-2.63033e-54
2.20297e-50
-5.80535e-53
4.47533e-49
-1.25881e-51
8.52568e-48
-2.58822e-50
1.61427e-46
-5.25579e-49
2.81132e-45
-9.98097e-48
4.93708e-44
-1.88895e-46
7.73434e-43
-3.26784e-45
1.25392e-41
-5.69538e-44
1.72313e-40
-8.5615e-43
2.56975e-39
-1.23569e-41
2.95606e-38
-8.96633e-41
4.02387e-37
1.66176e-39
3.35404e-36
1.35686e-37
3.85984e-35
4.62259e-36
1.1539e-34
1.11275e-37
-2.33082e-36
-1.27096e-37
-1.07536e-36
-1.02223e-38
-5.04757e-38
-1.45741e-39
-1.90035e-39
-1.09144e-40
-8.04427e-41
-1.0647e-41
-3.84362e-42
-7.48902e-43
-2.73091e-43
-5.96282e-44
-1.79963e-44
-3.88692e-45
-1.31969e-45
-2.67248e-46
-8.43826e-47
-1.59126e-47
-6.03828e-48
-1.31111e-48
-4.61985e-48
-4.44459e-49
-4.13438e-49
-4.6384e-50
8.7047e-49
4.17434e-50
9.68235e-49
1.87665e-50
2.24392e-49
1.07058e-49
8.55854e-49
1.00436e-49
1.88171e-51
-3.98321e-50
-8.3593e-49
-5.13873e-50
-1.02715e-49
-6.6749e-51
-1.79103e-50
-1.09304e-51
-1.6939e-51
-1.04887e-52
-1.77959e-52
-1.0776e-53
-1.3983e-53
-8.50196e-55
-1.12693e-54
-6.75344e-56
-7.66288e-56
-5.37249e-58
-5.38061e-57
9.27606e-56
-5.39358e-57
2.04391e-54
-1.19607e-55
4.39084e-53
-2.75677e-54
8.97965e-52
-6.08234e-53
1.80185e-50
-1.31818e-51
3.40272e-49
-2.70925e-50
6.34159e-48
-5.49803e-49
1.09316e-46
-1.04365e-47
1.87945e-45
-1.97351e-46
2.90827e-44
-3.41213e-45
4.57533e-43
-5.93843e-44
6.19168e-42
-8.9094e-43
8.81608e-41
-1.27762e-41
9.93435e-40
-8.932e-41
1.24539e-38
1.88355e-39
1.00172e-37
1.45704e-37
9.42964e-37
4.9072e-36
1.20976e-34
-7.48914e-39
-2.35291e-36
8.21874e-39
-1.12517e-36
6.37162e-40
-5.06983e-38
7.44804e-41
-1.76835e-39
4.71581e-42
-5.4422e-41
3.49317e-43
-1.61252e-42
1.83814e-44
-6.27623e-44
9.60804e-46
-2.99566e-45
3.48367e-47
-1.86056e-46
6.11629e-49
-1.09518e-47
-4.97404e-50
-7.02395e-49
-2.37688e-50
-2.59263e-49
-1.85811e-50
-2.3138e-50
-2.07638e-51
4.05765e-50
1.7956e-51
4.56526e-50
8.22679e-52
1.06417e-50
4.65939e-51
4.03644e-50
4.36862e-51
8.97208e-53
-1.72786e-51
-3.94177e-50
-2.23562e-51
-4.87244e-51
-2.93268e-52
-8.51002e-52
-4.80457e-53
-8.07896e-53
-4.63744e-54
-8.48748e-54
-4.76342e-55
-6.68035e-55
-3.77834e-56
-5.37751e-56
-5.03702e-57
-3.65431e-57
-4.82349e-56
-1.93697e-58
-1.10856e-54
1.27378e-57
-2.45099e-53
3.0374e-56
-5.31837e-52
7.01751e-55
-1.09603e-50
1.55099e-53
-2.22688e-49
3.37025e-52
-4.24282e-48
6.94044e-51
-8.0352e-47
1.41311e-49
-1.39965e-45
2.6889e-48
-2.45882e-44
5.10992e-47
-3.85321e-43
8.88841e-46
-6.25016e-42
1.57503e-44
-8.59351e-41
2.49058e-43
-1.28256e-39
4.23873e-42
-1.47665e-38
6.56927e-41
-2.01232e-37
1.27818e-39
-1.67957e-36
2.4762e-38
-1.9355e-35
5.51729e-37
9.45104e-36
-1.21063e-37
-6.1198e-35
1.3379e-37
-1.95463e-36
1.04673e-38
-8.27938e-38
1.37758e-39
-2.66103e-39
9.68195e-41
-5.64609e-41
8.72656e-42
-2.78346e-43
5.72335e-43
8.6864e-44
4.24152e-44
7.18902e-45
2.58534e-45
5.18576e-46
1.66687e-46
3.07437e-47
9.42813e-48
1.84606e-48
5.43725e-49
8.99456e-50
2.78111e-50
4.44588e-51
1.41327e-51
2.02996e-51
1.51398e-52
2.00006e-51
3.95589e-53
4.68129e-52
2.03452e-52
1.75525e-51
1.90561e-52
3.96671e-54
-7.52728e-53
-1.71361e-51
-9.75277e-53
-2.14105e-52
-1.28515e-53
-3.73873e-53
-2.10438e-54
-3.57169e-54
-2.03582e-55
-3.75007e-55
-2.08813e-56
-2.96151e-56
-1.66215e-57
-2.38116e-57
-3.43023e-58
-1.58999e-58
-4.97638e-57
6.71683e-59
-1.13878e-55
1.90565e-57
-2.50405e-54
4.48382e-56
-5.38974e-53
1.03286e-54
-1.10391e-51
2.27753e-53
-2.22066e-50
4.932e-52
-4.20136e-49
1.0131e-50
-7.85632e-48
2.05417e-49
-1.35739e-46
3.89773e-48
-2.34467e-45
7.36728e-47
-3.63896e-44
1.27636e-45
-5.76435e-43
2.239e-44
-7.83227e-42
3.48344e-43
-1.12754e-40
5.65603e-42
-1.27812e-39
7.72554e-41
-1.63527e-38
1.16924e-39
-1.32949e-37
1.36719e-38
-1.32094e-36
1.96441e-37
1.75813e-36
1.30133e-37
-1.56632e-36
-1.44032e-37
-1.05428e-36
-1.14558e-38
-4.41272e-38
-1.5261e-39
-1.32664e-39
-1.08861e-40
-8.99014e-42
-9.93876e-42
1.82391e-42
-6.61417e-43
2.4557e-43
-4.96541e-44
1.86764e-44
-3.06973e-45
1.43547e-45
-2.00448e-46
9.22952e-47
-1.14928e-47
6.03104e-48
-6.71989e-49
3.51325e-49
-3.58461e-50
2.04351e-50
-1.91293e-51
1.17402e-51
-9.17848e-53
1.44521e-52
-3.19184e-54
2.332e-53
8.0872e-54
7.64861e-53
7.77097e-54
1.8014e-55
-3.06761e-54
-7.45276e-53
-3.98337e-54
-9.36115e-54
-5.28888e-55
-1.63315e-54
-8.64921e-56
-1.56444e-55
-8.40116e-57
-1.63985e-56
-8.60316e-58
-1.296e-57
-6.82036e-59
-1.03851e-58
-4.54985e-60
-3.98921e-60
1.99663e-59
7.65642e-59
4.73907e-58
1.88218e-57
1.05586e-56
4.4294e-56
2.31916e-55
1.0211e-54
4.82126e-54
2.25294e-53
9.94104e-53
4.88335e-52
1.91207e-51
1.00382e-50
3.68422e-50
2.0378e-49
6.47842e-49
3.86994e-48
1.16024e-47
7.32629e-47
1.83229e-46
1.27058e-45
3.03041e-45
2.23364e-44
4.17521e-44
3.47977e-43
6.31952e-43
5.66769e-42
7.17716e-42
7.75785e-41
9.71431e-41
1.1804e-39
7.66805e-40
1.38707e-38
8.26813e-39
2.01266e-37
1.81996e-36
1.28243e-37
-1.68443e-36
-1.46775e-37
-1.28263e-37
-1.20105e-38
1.29362e-38
-1.72404e-39
1.80704e-39
-1.30266e-40
2.53827e-40
-1.2748e-41
2.05435e-41
-9.00799e-43
1.85073e-42
-7.18298e-44
1.29879e-43
-4.69332e-45
9.63657e-45
-3.23077e-46
6.11583e-46
-1.94716e-47
3.95807e-47
-1.1931e-48
2.29872e-48
-6.65082e-50
1.33389e-49
-3.69774e-51
7.15017e-51
-1.91341e-52
3.81848e-52
-9.72531e-54
1.96674e-53
-1.35962e-55
4.03546e-54
2.93159e-55
4.99185e-56
-1.25284e-55
-3.03897e-54
-1.61634e-55
-3.85174e-55
-2.15385e-56
-6.70724e-56
-3.51471e-57
-6.45411e-57
-3.41872e-58
-6.75211e-58
-3.45973e-59
-5.3467e-59
5.27924e-60
-4.3351e-60
1.95311e-58
-1.71345e-60
4.58239e-57
-3.54179e-59
1.04962e-55
-8.60742e-58
2.30648e-54
-2.0175e-56
4.96207e-53
-4.62415e-55
1.0161e-51
-1.0156e-53
2.04404e-50
-2.18571e-52
3.86897e-49
-4.46902e-51
7.24001e-48
-8.99046e-50
1.25275e-46
-1.69646e-48
2.16777e-45
-3.17248e-47
3.37495e-44
-5.45048e-46
5.36429e-43
-9.36754e-45
7.33262e-42
-1.40937e-43
1.06181e-40
-2.06174e-42
1.21712e-39
-1.92278e-41
1.5708e-38
3.27014e-41
1.30112e-37
1.15373e-38
1.30016e-36
3.8824e-37
8.59388e-36
-2.26293e-37
8.93393e-37
5.93915e-38
-6.52135e-37
-1.63415e-39
2.64564e-37
-2.11527e-39
2.53772e-38
-2.5229e-40
3.17289e-39
-3.53872e-41
2.35985e-40
-3.04461e-42
2.05851e-41
-2.8716e-43
1.38482e-42
-2.10024e-44
1.00844e-43
-1.59714e-45
6.23137e-45
-1.03637e-46
3.97964e-46
-6.78867e-48
2.269e-47
-3.98822e-49
1.30345e-48
-2.32692e-50
6.89069e-50
-1.25344e-51
3.61872e-51
-6.64532e-53
1.78292e-52
-3.29935e-54
8.77982e-54
-1.49566e-55
3.99376e-55
-1.22807e-56
-1.05003e-55
-6.55683e-57
-1.48823e-56
-8.48255e-58
-2.68689e-57
-1.36286e-58
-2.60883e-58
-1.31306e-59
-2.73038e-59
1.92827e-60
-2.18694e-60
8.19232e-59
-7.75342e-61
2.0081e-57
-1.55705e-59
4.73713e-56
-3.88703e-58
1.09433e-54
-9.49888e-57
2.42136e-53
-2.2358e-55
5.26007e-52
-5.15504e-54
1.08496e-50
-1.13755e-52
2.20757e-49
-2.46597e-51
4.21045e-48
-5.06928e-50
7.98876e-47
-1.02909e-48
1.39334e-45
-1.95406e-47
2.45381e-44
-3.69774e-46
3.85151e-43
-6.40265e-45
6.2689e-42
-1.11971e-43
8.6371e-41
-1.7095e-42
1.29555e-39
-2.60756e-41
1.49583e-38
-2.68971e-40
2.05467e-37
-7.4516e-40
1.72232e-36
1.19661e-37
2.01419e-35
4.67236e-36
1.23708e-34
-3.13624e-36
-6.09984e-35
-2.12437e-36
5.52229e-37
-2.1494e-37
2.98337e-37
-3.5769e-38
2.51804e-38
-3.11458e-39
2.9736e-39
-3.41413e-40
2.17667e-40
-2.64287e-41
1.88916e-41
-2.27593e-42
1.26616e-42
-1.58352e-43
9.21026e-44
-1.1528e-44
5.68007e-45
-7.28166e-46
3.62493e-46
-4.65994e-47
2.06389e-47
-2.69642e-48
1.18488e-48
-1.55327e-49
6.25721e-50
-8.2979e-51
3.28409e-51
-4.37049e-52
1.61645e-52
-2.16978e-53
7.84808e-54
-1.05601e-54
3.61468e-55
-4.91965e-56
1.16184e-56
-2.46013e-57
1.02031e-58
-1.28637e-58
-7.48705e-59
-9.28134e-60
-8.91818e-60
-8.57045e-61
-1.00647e-60
-4.83137e-60
-8.8756e-62
-1.19332e-58
-1.92376e-61
-2.91609e-57
-4.80379e-60
-6.86895e-56
-1.20131e-58
-1.5835e-54
-2.93982e-57
-3.49779e-53
-6.92776e-56
-7.57899e-52
-1.59994e-54
-1.5602e-50
-3.53513e-53
-3.16433e-49
-7.67837e-52
-6.02124e-48
-1.58072e-50
-1.13772e-46
-3.21674e-49
-1.97879e-45
-6.11877e-48
-3.46569e-44
-1.16207e-46
-5.42097e-43
-2.0209e-45
-8.75628e-42
-3.58019e-44
-1.20109e-40
-5.67222e-43
-1.78153e-39
-9.71127e-42
-2.04461e-38
-1.5373e-40
-2.75834e-37
-3.099e-39
-2.29085e-36
-6.34825e-38
-2.58736e-35
-1.46858e-36
-2.64418e-35
-1.34456e-34
1.33019e-34
-4.29214e-36
4.02109e-36
-2.92261e-36
-1.00136e-37
-4.76729e-37
-1.86109e-38
-3.73421e-38
-2.8103e-39
-4.02851e-39
-2.14958e-40
-2.95693e-40
-1.89345e-41
-2.51382e-41
-1.27278e-42
-1.6943e-42
-9.26183e-44
-1.22066e-43
-5.71058e-45
-7.54886e-45
-3.64289e-46
-4.78946e-46
-2.0734e-47
-2.72968e-47
-1.18993e-48
-1.56098e-48
-6.28211e-50
-8.24412e-50
-3.29626e-51
-4.31481e-51
-1.62206e-52
-2.12295e-52
-7.86864e-54
-1.02791e-53
-3.62568e-55
-4.73427e-55
-1.65736e-56
-2.13834e-56
-7.33269e-58
-9.26556e-58
-3.4096e-59
-3.94002e-59
-1.61617e-60
-2.06602e-60
-8.77774e-62
-1.16116e-59
3.14145e-62
-2.88842e-58
9.63278e-61
-7.06551e-57
2.48831e-59
-1.6657e-55
6.21695e-58
-3.84434e-54
1.51939e-56
-8.49966e-53
3.5765e-55
-1.84424e-51
8.24699e-54
-3.80048e-50
1.81997e-52
-7.72101e-49
3.94569e-51
-1.47094e-47
8.11166e-50
-2.78531e-46
1.64686e-48
-4.85106e-45
3.12701e-47
-8.52009e-44
5.91605e-46
-1.33488e-42
1.02294e-44
-2.16452e-41
1.77972e-43
-2.97498e-40
2.65929e-42
-4.43778e-39
3.75353e-41
-5.10632e-38
2.26205e-40
-6.9535e-37
-7.47657e-39
-5.7985e-36
-5.05239e-37
-6.67625e-35
-1.67989e-35
-4.12594e-34
-3.29075e-36
7.05274e-35
-1.95334e-36
4.15316e-36
-2.01203e-37
-1.11205e-37
-3.39479e-38
-2.02207e-38
-2.98472e-39
-3.03614e-39
-3.29647e-40
-2.33154e-40
-2.56495e-41
-2.05614e-41
-2.21793e-42
-1.38646e-42
-1.54791e-43
-1.01015e-43
-1.12976e-44
-6.24207e-45
-7.15059e-46
-3.98602e-46
-4.58399e-47
-2.2724e-47
-2.65629e-48
-1.30526e-48
-1.53207e-49
-6.89962e-50
-8.19339e-51
-3.62295e-51
-4.31954e-52
-1.7846e-52
-2.1463e-53
-8.66295e-54
-1.04579e-54
-3.99486e-55
-4.85522e-56
-1.80806e-56
-2.20462e-57
-7.84337e-58
-9.61131e-59
-3.33883e-59
-4.0904e-60
-1.37356e-60
-1.77404e-62
-5.51716e-62
3.89326e-60
1.51265e-62
9.75624e-59
4.58153e-61
2.3865e-57
1.18352e-59
5.62608e-56
2.95743e-58
1.29848e-54
7.22907e-57
2.87091e-53
1.70192e-55
6.22953e-52
3.92518e-54
1.2838e-50
8.66353e-53
2.60841e-49
1.87864e-51
4.96981e-48
3.86273e-50
9.41218e-47
7.84401e-49
1.63956e-45
1.4895e-47
2.88038e-44
2.81795e-46
4.51408e-43
4.86712e-45
7.32256e-42
8.43248e-44
1.0069e-40
1.23669e-42
1.5029e-39
1.62119e-41
1.73061e-38
2.60242e-41
2.35861e-37
-7.03133e-39
1.96906e-36
-3.66201e-37
2.26886e-35
-1.17249e-35
-2.8202e-34
-3.86807e-37
5.19853e-36
2.37188e-37
2.50639e-36
1.28082e-38
9.14274e-38
-1.93856e-40
1.71386e-39
-1.14455e-40
-1.59122e-40
-2.28721e-41
-1.84894e-41
-2.21273e-42
-1.82447e-42
-2.25153e-43
-1.30332e-43
-1.71864e-44
-9.70913e-45
-1.34991e-45
-6.16261e-46
-8.95508e-47
-3.98612e-47
-5.9718e-48
-2.31353e-48
-3.55602e-49
-1.34172e-49
-2.09845e-50
-7.1853e-51
-1.14073e-51
-3.8018e-52
-6.09569e-53
-1.89122e-53
-3.05828e-54
-9.23756e-55
-1.50166e-55
-4.2926e-56
-7.0085e-57
-1.95237e-57
-3.19421e-58
-8.51711e-59
-1.39526e-59
-3.63338e-60
-5.7773e-61
-1.49667e-61
4.25871e-61
-7.35902e-63
1.1638e-59
-3.62471e-62
2.91168e-58
-9.51362e-61
7.12262e-57
-2.45715e-59
1.67919e-55
-6.14009e-58
3.87567e-54
-1.50094e-56
8.56927e-53
-3.53375e-55
1.85949e-51
-8.15065e-54
3.8322e-50
-1.79911e-52
7.78645e-49
-3.9018e-51
1.48358e-47
-8.02355e-50
2.80979e-46
-1.62973e-48
4.89453e-45
-3.09584e-47
8.59894e-44
-5.86339e-46
1.34759e-42
-1.01635e-44
2.18607e-41
-1.78321e-43
3.00581e-40
-2.74913e-42
4.4867e-39
-4.33048e-41
5.16593e-38
-5.16509e-40
7.04148e-37
-4.92707e-39
5.87769e-36
5.67206e-38
6.7764e-35
3.51322e-36
1.08415e-34
-2.35693e-38
7.17409e-35
2.16542e-38
2.3819e-36
1.77298e-39
1.05529e-37
1.03161e-40
3.57605e-39
1.02789e-42
9.30142e-41
-8.51242e-43
1.46624e-42
-1.09543e-43
-6.593e-44
-1.29063e-44
-8.75778e-45
-1.06552e-45
-8.099e-46
-8.81246e-47
-5.69434e-47
-6.0795e-48
-3.971e-48
-4.16499e-49
-2.42597e-49
-2.53997e-50
-1.4676e-50
-1.52422e-51
-8.11061e-52
-8.41918e-53
-4.40581e-53
-4.55074e-54
-2.23677e-54
-2.30909e-55
-1.11126e-55
-1.14319e-56
-5.23332e-57
-5.37955e-58
-2.40635e-58
-2.46679e-59
-1.05868e-59
-1.08435e-60
-4.54408e-61
-5.24629e-62
-1.88015e-62
-1.61798e-61
-1.23062e-63
-4.13206e-60
-1.28941e-62
-1.0336e-58
-3.39858e-61
-2.52822e-57
-8.77762e-60
-5.95997e-56
-2.19337e-58
-1.37551e-54
-5.36156e-57
-3.04117e-53
-1.26228e-55
-6.59894e-52
-2.91141e-54
-1.35994e-50
-6.42631e-53
-2.76316e-49
-1.39367e-51
-5.26483e-48
-2.86588e-50
-9.97149e-47
-5.82113e-49
-1.73713e-45
-1.10586e-47
-3.05212e-44
-2.09513e-46
-4.78396e-43
-3.63669e-45
-7.76182e-42
-6.4126e-44
-1.06759e-40
-1.00806e-42
-1.59398e-39
-1.68823e-41
-1.83637e-38
-2.52709e-40
-2.50387e-37
-4.63426e-39
-2.09193e-36
-8.28589e-38
-2.41136e-35
-1.77486e-36
-2.98497e-35
-1.27236e-37
5.33159e-36
1.40287e-37
1.51329e-36
1.07581e-38
7.40574e-38
1.40232e-39
2.84503e-39
9.70361e-41
1.1697e-40
8.64729e-42
4.99203e-42
5.58641e-43
2.92802e-43
4.08832e-44
1.65222e-44
2.45456e-45
1.04954e-45
1.56156e-46
5.91929e-47
8.69845e-48
3.44441e-48
4.9536e-49
1.82014e-49
2.56575e-50
9.66191e-51
1.33188e-51
4.76971e-52
6.43803e-53
2.33541e-53
3.08386e-54
1.08052e-54
1.3966e-55
4.92385e-56
6.22741e-57
2.14273e-57
2.65205e-58
9.14834e-59
1.10802e-59
3.75692e-60
4.44595e-61
1.51056e-61
2.7575e-64
5.92032e-63
-4.55338e-61
1.59347e-63
-1.17882e-59
3.7303e-62
-2.9495e-58
9.85294e-61
-7.2166e-57
2.54482e-59
-1.70164e-55
6.35919e-58
-3.92837e-54
1.55449e-56
-8.68737e-53
3.6598e-55
-1.8856e-51
8.44117e-54
-3.88674e-50
1.8632e-52
-7.89962e-49
4.0406e-51
-1.50544e-47
8.30859e-50
-2.8522e-46
1.68746e-48
-4.96944e-45
3.20486e-47
-8.73443e-44
6.06608e-46
-1.36911e-42
1.04916e-44
-2.22228e-41
1.82638e-43
-3.05623e-40
2.72953e-42
-4.5658e-39
3.854e-41
-5.258e-38
2.30979e-40
-7.17707e-37
-7.76258e-39
-5.99254e-36
-5.23524e-37
-6.93062e-35
-1.74391e-35
-4.29777e-34
3.3691e-37
6.04537e-36
-3.73191e-37
3.83651e-36
-2.99312e-38
1.69536e-37
-3.97023e-39
5.81978e-39
-2.83317e-40
1.75704e-40
-2.57356e-41
5.38069e-42
-1.70849e-42
2.53735e-43
-1.27618e-43
1.51931e-44
-7.86146e-45
1.14443e-45
-5.10844e-46
7.58177e-47
-2.91711e-47
5.13963e-48
-1.69754e-48
3.08829e-49
-9.00852e-50
1.84541e-50
-4.77994e-51
1.01033e-51
-2.36639e-52
5.44612e-53
-1.15889e-53
2.74754e-54
-5.37383e-55
1.35773e-55
-2.45027e-56
6.3651e-57
-1.06826e-57
2.91516e-58
-4.56462e-59
1.27806e-59
-1.87707e-60
5.46755e-61
-6.37767e-62
2.25433e-62
3.08704e-61
1.28301e-63
8.05695e-60
1.03009e-62
2.01611e-58
2.7105e-61
4.93323e-57
6.99583e-60
1.16331e-55
1.74707e-58
2.68577e-54
4.26741e-57
5.93974e-53
1.00402e-55
1.28929e-51
2.31374e-54
2.65764e-50
5.10337e-53
5.40168e-49
1.10564e-51
1.0294e-47
2.27171e-50
1.95029e-46
4.60828e-49
3.39783e-45
8.74412e-48
5.97186e-44
1.6522e-46
9.35955e-43
2.85165e-45
1.51906e-41
4.93428e-44
2.08857e-40
7.24182e-43
3.11967e-39
9.53451e-42
3.59094e-38
1.94717e-41
4.90085e-37
-3.89668e-39
4.08908e-36
-2.04763e-37
4.73131e-35
-6.52935e-36
-1.55669e-34
4.39876e-37
2.18036e-34
-4.91995e-37
6.89336e-36
-3.90453e-38
3.09923e-37
-5.29845e-39
1.1386e-38
-3.82552e-40
4.67104e-40
-3.56317e-41
2.28177e-41
-2.41094e-42
1.68887e-42
-1.8455e-43
1.16391e-43
-1.16137e-44
8.80401e-45
-7.72677e-46
5.72123e-46
-4.50992e-47
3.78473e-47
-2.68478e-48
2.2379e-48
-1.45607e-49
1.31887e-49
-7.89717e-51
7.15814e-51
-3.99372e-52
3.83193e-52
-1.99765e-53
1.92538e-53
-9.45681e-55
9.48812e-55
-4.40089e-56
4.44335e-56
-1.95756e-57
2.03479e-57
-8.53119e-59
8.92963e-59
-3.57739e-60
3.82667e-60
-1.34168e-61
1.58038e-61
3.27172e-61
5.48833e-63
8.60419e-60
-2.38178e-62
2.15205e-58
-6.35589e-61
5.2628e-57
-1.6409e-59
1.2404e-55
-4.09903e-58
2.86187e-54
-1.00151e-56
6.3258e-53
-2.35715e-55
1.37204e-51
-5.43376e-54
2.82661e-50
-1.19902e-52
5.73992e-49
-2.59866e-51
1.09318e-47
-5.34215e-50
2.06885e-46
-1.08424e-48
3.60198e-45
-2.05894e-47
6.32178e-44
-3.89526e-46
9.90076e-43
-6.74645e-45
1.60386e-41
-1.17983e-43
2.20342e-40
-1.8039e-42
3.28219e-39
-2.76068e-41
3.77469e-38
-2.89975e-40
5.12795e-37
-1.03751e-39
4.27268e-36
1.17923e-37
4.89424e-35
4.72374e-36
1.27229e-34
-7.7772e-37
2.42266e-36
6.41425e-37
2.68179e-36
4.44014e-38
4.44252e-37
3.71664e-39
3.34081e-38
1.49737e-40
3.70306e-39
-7.82786e-43
2.68917e-40
-8.52586e-43
2.33003e-41
-1.32881e-43
1.56674e-42
-1.20192e-44
1.14218e-43
-1.05081e-45
7.06543e-45
-7.44329e-47
4.5176e-46
-5.2123e-48
2.57807e-47
-3.21416e-49
1.48231e-48
-1.9506e-50
7.84187e-50
-1.08369e-51
4.12091e-51
-5.89711e-53
2.0312e-52
-3.00297e-54
9.86606e-54
-1.49345e-55
4.55207e-55
-7.04593e-57
2.06054e-56
-3.24173e-58
8.93617e-58
-1.42769e-59
3.79318e-59
-6.17773e-61
1.55183e-60
-1.5592e-61
6.15341e-62
-3.37951e-60
-1.21246e-62
-8.45991e-59
-3.82055e-61
-2.07182e-57
-9.81106e-60
-4.88942e-56
-2.44144e-58
-1.12995e-54
-5.92903e-57
-2.50117e-53
-1.39045e-55
-5.43545e-52
-3.18356e-54
-1.12157e-50
-7.00254e-53
-2.28286e-49
-1.50581e-51
-4.35564e-48
-3.08767e-50
-8.26707e-47
-6.20845e-49
-1.44234e-45
-1.17721e-47
-2.54101e-44
-2.20208e-46
-3.98926e-43
-3.81777e-45
-6.49587e-42
-6.602e-44
-8.95e-41
-1.02691e-42
-1.34344e-39
-1.61783e-41
-1.55055e-38
-2.13249e-40
-2.13391e-37
-2.80039e-39
-1.78791e-36
-2.10681e-38
-2.10596e-35
-4.05263e-38
5.16317e-36
-4.63777e-36
-7.32371e-35
-1.29702e-36
-3.09442e-36
-1.54985e-37
1.86734e-37
-2.89135e-38
2.40303e-38
-2.70964e-39
3.32814e-39
-3.13587e-40
2.50844e-40
-2.51551e-41
2.19648e-41
-2.22728e-42
1.47388e-42
-1.58144e-43
1.07139e-43
-1.17056e-44
6.60201e-45
-7.49073e-46
4.20929e-46
-4.84684e-47
2.39483e-47
-2.83008e-48
1.37386e-48
-1.6431e-49
7.25094e-50
-8.83635e-51
3.80348e-51
-4.68146e-52
1.87119e-52
-2.33608e-53
9.07524e-54
-1.1426e-54
4.18071e-55
-5.32252e-56
1.89004e-56
-2.42382e-57
8.1861e-58
-1.05926e-58
3.471e-59
-4.52149e-60
1.41847e-60
-2.24029e-61
5.6585e-62
-9.76417e-61
-3.82672e-64
-2.40084e-59
-6.67537e-62
-5.79714e-58
-1.68218e-60
-1.35359e-56
-4.1322e-59
-3.07914e-55
-9.81042e-58
-6.74324e-54
-2.27321e-56
-1.43913e-52
-5.06839e-55
-2.93839e-51
-1.10348e-53
-5.85456e-50
-2.2978e-52
-1.10578e-48
-4.67859e-51
-2.04486e-47
-9.03448e-50
-3.53495e-46
-1.71079e-48
-6.02492e-45
-3.0364e-47
-9.38896e-44
-5.32053e-46
-1.46272e-42
-8.63288e-45
-2.0072e-41
-1.4239e-43
-2.82832e-40
-2.26061e-42
-3.27143e-39
-4.26051e-41
-4.06795e-38
-9.29055e-40
-3.45556e-37
-2.42806e-38
-3.29141e-36
-5.85343e-37
-1.13016e-35
-1.55224e-34
-7.78501e-35
-4.15618e-36
-3.97665e-36
-3.29641e-36
-4.74944e-37
-5.39608e-37
-3.27215e-38
-4.23254e-38
-3.44055e-39
-4.57631e-39
-2.45856e-40
-3.36285e-40
-2.12092e-41
-2.86265e-41
-1.42162e-42
-1.93099e-42
-1.03605e-43
-1.39237e-43
-6.39967e-45
-8.61593e-45
-4.09122e-46
-5.46975e-46
-2.33245e-47
-3.11883e-47
-1.34081e-48
-1.78432e-48
-7.08801e-50
-9.42702e-50
-3.72386e-51
-4.93562e-51
-1.83443e-52
-2.42909e-52
-8.90806e-54
-1.17647e-53
-4.1081e-55
-5.41969e-55
-1.85911e-56
-2.44752e-56
-8.05936e-58
-1.05984e-57
-3.42016e-59
-4.49079e-59
-1.39874e-60
-2.08282e-60
-5.54372e-62
-6.44221e-60
1.12846e-62
-1.5838e-58
3.53903e-61
-3.83685e-57
9.09431e-60
-8.99601e-56
2.26445e-58
-2.05395e-54
5.50345e-57
-4.52003e-53
1.29148e-55
-9.68693e-52
2.95956e-54
-1.98937e-50
6.5143e-53
-3.98289e-49
1.40226e-51
-7.57615e-48
2.87743e-50
-1.4091e-46
5.79265e-49
-2.45759e-45
1.09904e-47
-4.21891e-44
2.05755e-46
-6.65005e-43
3.55966e-45
-1.04608e-41
6.10055e-44
-1.45761e-40
9.08894e-43
-2.08457e-39
1.22251e-41
-2.4661e-38
5.47685e-41
-3.16008e-37
-3.57998e-39
-2.81507e-36
-2.06851e-37
-2.95288e-35
-6.75843e-36
-1.63558e-34
-3.47523e-36
-3.24774e-36
-2.58393e-36
-1.73134e-36
-2.57864e-37
-4.0805e-37
-4.25185e-38
-3.24353e-38
-3.67693e-39
-3.70588e-39
-4.01097e-40
-2.70731e-40
-3.09395e-41
-2.34868e-41
-2.65741e-42
-1.57888e-42
-1.84516e-43
-1.15025e-43
-1.34113e-44
-7.11131e-45
-8.46006e-46
-4.54431e-46
-5.40825e-47
-2.59214e-47
-3.12657e-48
-1.48977e-48
-1.79968e-49
-7.87854e-50
-9.60783e-51
-4.13881e-51
-5.05752e-52
-2.03946e-52
-2.50964e-53
-9.90358e-54
-1.22138e-54
-4.56835e-55
-5.66438e-56
-2.06747e-56
-2.56925e-57
-8.96455e-58
-1.11881e-58
-3.80456e-59
-4.75885e-60
-1.55625e-60
-2.00796e-61
-6.17507e-62
-1.41968e-61
1.07865e-62
-3.22881e-60
3.47095e-61
-7.45158e-59
8.91518e-60
-1.68837e-57
2.21913e-58
-3.63491e-56
5.39034e-57
-7.72325e-55
1.26457e-55
-1.53711e-53
2.89609e-54
-3.04966e-52
6.37304e-53
-5.53744e-51
1.37087e-51
-1.02153e-49
2.81252e-50
-1.65712e-48
5.65716e-49
-2.83389e-47
1.07325e-47
-3.95587e-46
2.00713e-46
-6.28559e-45
3.47258e-45
-6.96522e-44
5.94224e-44
-1.05298e-42
8.84959e-43
-7.24218e-42
1.18424e-41
-1.20582e-40
5.09531e-41
7.50097e-41
-3.59203e-39
-9.28604e-39
-2.04994e-37
1.10259e-37
-6.68676e-36
-1.61623e-34
5.94138e-38
-1.43281e-36
-2.85228e-37
-1.43879e-37
-2.98625e-38
-3.37467e-38
-6.12009e-39
-2.97802e-39
-5.50811e-40
-3.45925e-40
-6.42228e-41
-2.65863e-41
-5.05054e-42
-2.33249e-42
-4.45232e-43
-1.61452e-43
-3.11847e-44
-1.18611e-44
-2.29087e-45
-7.47233e-46
-1.4494e-46
-4.80651e-47
-9.297e-48
-2.77753e-48
-5.37211e-49
-1.60482e-49
-3.09044e-50
-8.56709e-51
-1.64542e-51
-4.52032e-52
-8.63564e-53
-2.24322e-53
-4.26707e-54
-1.09332e-54
-2.06725e-55
-5.07085e-56
-9.5363e-57
-2.30208e-57
-4.30113e-58
-1.00248e-58
-1.86146e-59
-4.26599e-60
-7.80171e-61
-1.75112e-61
1.39752e-61
-7.17625e-63
4.44066e-60
-4.55935e-63
1.11139e-58
-1.13493e-61
2.71924e-57
-2.93874e-60
6.41148e-56
-7.35802e-59
1.48009e-54
-1.80378e-57
3.2728e-53
-4.25485e-56
7.10315e-52
-9.84472e-55
1.46391e-50
-2.17696e-53
2.97495e-49
-4.73803e-52
5.66793e-48
-9.75925e-51
1.07363e-46
-1.99051e-49
1.86989e-45
-3.78688e-48
3.28549e-44
-7.21053e-47
5.14704e-43
-1.25322e-45
8.34997e-42
-2.22519e-44
1.14739e-40
-3.51047e-43
1.71252e-39
-5.97503e-42
1.9697e-38
-9.17239e-41
2.68385e-37
-1.76755e-39
2.23647e-36
-3.35789e-38
2.5765e-35
-7.42033e-37
-1.25928e-35
1.0308e-38
-2.01365e-37
-1.72365e-38
-1.89276e-38
-1.98533e-39
-4.77299e-39
-4.25028e-40
-4.23357e-40
-4.03739e-41
-5.16848e-41
-4.78535e-42
-4.03193e-42
-3.87899e-43
-3.62133e-43
-3.4516e-44
-2.52823e-44
-2.46316e-45
-1.87623e-45
-1.82094e-46
-1.18616e-46
-1.16638e-47
-7.65667e-48
-7.51615e-49
-4.42591e-49
-4.38012e-50
-2.55696e-50
-2.5285e-51
-1.36255e-51
-1.35432e-52
-7.17287e-53
-7.12644e-54
-3.54797e-54
-3.53638e-55
-1.72282e-55
-1.71658e-56
-7.95605e-57
-7.94257e-58
-3.59489e-58
-3.58729e-59
-1.55747e-59
-1.55575e-60
-6.59156e-61
-6.51116e-62
-2.69089e-62
1.56431e-62
-1.27558e-63
4.71377e-61
-5.58437e-63
1.17443e-59
-1.46396e-61
2.85694e-58
-3.77975e-60
6.70313e-57
-9.4418e-59
1.53697e-55
-2.30709e-57
3.38e-54
-5.42956e-56
7.27629e-53
-1.25173e-54
1.49036e-51
-2.76168e-53
2.99838e-50
-5.98582e-52
5.67234e-49
-1.23024e-50
1.06074e-47
-2.49703e-49
1.83229e-46
-4.74043e-48
3.1648e-45
-8.97122e-47
4.90949e-44
-1.55492e-45
7.77523e-43
-2.73187e-44
1.05553e-41
-4.25171e-43
1.51882e-40
-6.91771e-42
1.71901e-39
-9.45209e-41
2.19757e-38
-1.43525e-39
1.78225e-37
-1.68034e-38
1.76983e-36
-2.429e-37
-2.18254e-36
1.42862e-39
-1.07809e-38
-1.65049e-39
-1.13348e-39
-1.86753e-40
-3.0546e-40
-4.17146e-41
-2.89487e-41
-3.97659e-42
-3.64739e-42
-4.79886e-43
-2.96031e-43
-3.90723e-44
-2.70707e-44
-3.50396e-45
-1.93708e-45
-2.50565e-46
-1.45407e-46
-1.8569e-47
-9.34261e-48
-1.18916e-48
-6.07824e-49
-7.65822e-50
-3.5526e-50
-4.45424e-51
-2.06403e-51
-2.56477e-52
-1.10845e-52
-1.3693e-53
-5.85925e-54
-7.17786e-55
-2.9142e-55
-3.54694e-56
-1.41931e-56
-1.71361e-57
-6.57992e-58
-7.88963e-59
-2.97939e-59
-3.54427e-60
-1.29427e-60
-1.52858e-61
-5.48541e-62
-6.31979e-63
-2.24358e-63
2.60548e-63
-1.15784e-64
7.41384e-62
-7.18738e-64
1.85676e-60
-1.88498e-62
4.53879e-59
-4.85127e-61
1.06952e-57
-1.20855e-59
2.46161e-56
-2.94101e-58
5.42968e-55
-6.89813e-57
1.17165e-53
-1.58186e-55
2.40263e-52
-3.47543e-54
4.8358e-51
-7.48058e-53
9.13457e-50
-1.52935e-51
1.70413e-48
-3.07544e-50
2.92689e-47
-5.79923e-49
5.02193e-46
-1.08366e-47
7.69106e-45
-1.86168e-46
1.20158e-43
-3.21259e-45
1.58896e-42
-4.93847e-44
2.22867e-41
-7.81793e-43
2.39044e-40
-1.04607e-41
2.92782e-39
-1.51142e-40
2.13578e-38
-1.67984e-39
2.05439e-37
-2.1936e-38
-1.7381e-37
2.7742e-40
2.46595e-38
-2.99532e-40
2.22575e-39
-3.20015e-41
2.92583e-40
-5.90669e-42
2.09131e-41
-5.29709e-43
1.85305e-42
-5.84542e-44
1.21196e-43
-4.56571e-45
8.77616e-45
-3.88549e-46
5.26144e-46
-2.69757e-47
3.28355e-47
-1.93041e-48
1.80432e-48
-1.20885e-49
9.99706e-50
-7.58957e-51
5.05472e-51
-4.33613e-52
2.53278e-52
-2.44824e-53
1.18335e-53
-1.28785e-54
5.42544e-55
-6.64464e-56
2.35027e-56
-3.24201e-57
9.93166e-58
-1.54559e-58
3.99724e-59
-7.03703e-60
1.56291e-60
-3.12508e-61
5.84517e-62
-1.33437e-62
2.11568e-63
-5.55487e-64
7.24235e-65
-2.42169e-65
-2.23524e-65
-4.52205e-65
-6.72253e-64
-1.00752e-63
-1.76999e-62
-2.22308e-62
-4.55095e-61
-4.72684e-61
-1.13274e-59
-9.78059e-60
-2.7542e-58
-1.95335e-58
-6.45536e-57
-3.81838e-57
-1.47934e-55
-7.26327e-56
-3.24861e-54
-1.36713e-54
-6.98932e-53
-2.54391e-53
-1.42868e-51
-4.73522e-52
-2.87268e-50
-8.81591e-51
-5.4186e-49
-1.63653e-49
-1.01289e-47
-2.99781e-48
-1.74192e-46
-5.3805e-47
-3.00905e-45
-9.1189e-46
-4.63624e-44
-1.49831e-44
-7.35558e-43
-2.14031e-43
-9.88895e-42
-2.98576e-42
-1.43518e-40
-2.93123e-41
-1.61175e-39
-2.85296e-40
-2.12153e-38
-1.71548e-37
2.99983e-39
4.09472e-37
-3.25813e-39
3.31539e-38
-3.08016e-40
4.02189e-39
-4.76086e-41
2.6787e-40
-3.77207e-42
2.37991e-41
-3.68198e-43
1.54018e-42
-2.59672e-44
1.15288e-43
-2.01146e-45
7.03382e-45
-1.28339e-46
4.5811e-46
-8.5032e-48
2.60035e-47
-4.95683e-49
1.51338e-48
-2.91439e-50
7.99258e-50
-1.5649e-51
4.23516e-51
-8.34345e-53
2.08776e-52
-4.15541e-54
1.02019e-53
-2.0375e-55
4.71193e-55
-9.46748e-57
2.14267e-56
-4.31124e-58
9.30633e-58
-1.87824e-59
3.96468e-59
-8.00062e-61
1.6248e-60
-3.28208e-62
6.51834e-62
-1.42492e-63
2.52107e-63
-2.97007e-63
-1.01051e-64
-7.55161e-62
-5.35591e-63
-1.89097e-60
-1.41568e-61
-4.62283e-59
-3.65608e-60
-1.08941e-57
-9.13521e-59
-2.50789e-56
-2.23309e-57
-5.53277e-55
-5.25742e-56
-1.19429e-53
-1.21276e-54
-2.44981e-52
-2.67718e-53
-4.93327e-51
-5.80759e-52
-9.32301e-50
-1.19453e-50
-1.74061e-48
-2.42742e-49
-2.99159e-47
-4.61322e-48
-5.13868e-46
-8.74511e-47
-7.87781e-45
-1.51799e-45
-1.23279e-43
-2.6734e-44
-1.63275e-42
-4.16965e-43
-2.29585e-41
-6.80915e-42
-2.46856e-40
-9.33694e-41
-3.03519e-39
-1.42699e-39
-2.22296e-38
-1.68373e-38
-2.14941e-37
-2.46275e-37
-2.2455e-36
2.57303e-38
2.56505e-36
-2.88528e-38
2.22187e-37
-2.70007e-39
1.41759e-38
-3.67506e-40
6.68162e-40
-2.79766e-41
3.93099e-41
-2.57322e-42
2.13366e-42
-1.76822e-43
1.46395e-43
-1.33074e-44
8.66789e-45
-8.36579e-46
5.58905e-46
-5.46209e-47
3.15424e-47
-3.15838e-48
1.83217e-48
-1.84342e-49
9.64952e-50
-9.85981e-51
5.10715e-51
-5.24078e-52
2.51261e-52
-2.60722e-53
1.22657e-53
-1.27793e-54
5.6564e-55
-5.94301e-56
2.56991e-56
-2.71034e-57
1.11481e-57
-1.18347e-58
4.74565e-59
-5.05541e-60
1.94287e-60
-2.08084e-61
7.78907e-62
-9.00876e-63
3.02214e-63
-1.71889e-62
2.18112e-64
-4.33149e-61
2.81542e-63
-1.07748e-59
7.40118e-62
-2.61782e-58
1.90311e-60
-6.13545e-57
4.73717e-59
-1.40539e-55
1.15195e-57
-3.08832e-54
2.70021e-56
-6.64397e-53
6.1889e-55
-1.36047e-51
1.35925e-53
-2.73657e-50
2.92505e-52
-5.17928e-49
5.98017e-51
-9.69033e-48
1.2028e-49
-1.67639e-46
2.26916e-48
-2.89999e-45
4.24193e-47
-4.51333e-44
7.28517e-46
-7.17024e-43
1.2514e-44
-9.79519e-42
1.88206e-43
-1.41736e-40
2.75312e-42
-1.62297e-39
2.57716e-41
-2.09243e-38
-3.79582e-41
-1.73044e-37
-1.51653e-38
-1.72767e-36
-5.11441e-37
-1.13278e-35
3.78139e-37
2.605e-36
-4.18511e-37
2.82919e-36
-3.33735e-38
1.19146e-37
-4.41137e-39
3.77844e-39
-3.13253e-40
7.28269e-41
-2.83317e-41
-1.92864e-43
-1.87129e-42
-1.67694e-43
-1.39119e-43
-1.27201e-44
-8.52554e-45
-8.8106e-46
-5.51306e-46
-5.07584e-47
-3.1319e-47
-2.96691e-48
-1.81364e-48
-1.56849e-49
-9.57559e-50
-8.31468e-51
-5.05623e-51
-4.09919e-52
-2.49068e-52
-2.00336e-53
-1.21394e-53
-9.25336e-55
-5.60168e-55
-4.20823e-56
-2.54221e-56
-1.82786e-57
-1.10309e-57
-7.78764e-59
-4.6919e-59
-3.19165e-60
-1.92119e-60
-1.28049e-61
-8.32817e-62
-4.92689e-63
-1.70154e-61
9.16906e-64
-4.32348e-60
3.00689e-62
-1.08213e-58
7.94405e-61
-2.64906e-57
2.05125e-59
-6.24909e-56
5.12463e-58
-1.4436e-54
1.25232e-56
-3.19415e-53
2.94766e-55
-6.93877e-52
6.79626e-54
-1.43121e-50
1.49971e-52
-2.91204e-49
3.25097e-51
-5.55401e-48
6.68288e-50
-1.05378e-46
1.35662e-48
-1.83791e-45
2.57588e-47
-3.23668e-44
4.87417e-46
-5.08022e-43
8.43924e-45
-8.26857e-42
1.47575e-43
-1.1392e-40
2.25286e-42
-1.70871e-39
3.43573e-41
-1.97281e-38
3.54229e-40
-2.70967e-37
9.7401e-40
-2.2713e-36
-1.57912e-37
-2.65587e-35
-6.1629e-36
-1.63125e-34
1.69111e-37
1.70386e-34
-1.86849e-37
3.99216e-36
-1.46275e-38
1.65469e-37
-1.92941e-39
5.15243e-39
-1.35814e-40
8.99831e-41
-1.22662e-41
-1.00132e-42
-8.05914e-43
-2.87446e-43
-5.98368e-44
-2.09449e-44
-3.65384e-45
-1.43601e-45
-2.3599e-46
-8.24433e-47
-1.33713e-47
-4.81357e-48
-7.73448e-49
-2.54212e-49
-4.07541e-50
-1.34697e-50
-2.14975e-51
-6.63601e-52
-1.05725e-52
-3.24191e-53
-5.14812e-54
-1.49658e-54
-2.3724e-55
-6.80377e-56
-1.07573e-56
-2.95389e-57
-4.66241e-58
-1.25812e-58
-1.9815e-59
-5.1542e-60
-8.10132e-61
-2.0673e-61
-2.32857e-62
-8.0025e-63
2.40831e-61
6.0971e-65
6.25162e-60
9.92665e-63
1.56277e-58
2.62665e-61
3.81904e-57
6.78796e-60
8.99584e-56
1.69706e-58
2.07379e-54
4.15117e-57
4.58076e-53
9.77867e-56
9.92543e-52
2.25719e-54
2.04321e-50
4.98533e-53
4.14387e-49
1.08217e-51
7.88503e-48
2.22686e-50
1.48985e-46
4.52833e-49
2.59117e-45
8.60946e-48
4.53804e-44
1.63359e-46
7.09811e-43
2.83907e-45
1.14647e-41
5.02185e-44
1.57252e-40
7.93991e-43
2.33227e-39
1.35155e-41
2.6765e-38
2.11166e-40
3.61038e-37
4.16623e-39
2.99818e-36
8.29653e-38
3.38567e-35
1.88744e-36
3.34203e-35
-5.53698e-37
-8.32903e-35
6.12469e-37
1.72632e-37
4.8594e-38
1.09511e-38
6.42258e-39
5.0585e-40
4.55076e-40
2.81563e-41
4.11546e-41
1.47597e-42
2.7148e-42
9.91245e-44
2.0179e-43
5.82522e-45
1.23556e-44
3.74628e-46
7.98787e-46
2.11186e-47
4.53491e-47
1.22624e-48
2.62545e-48
6.45557e-50
1.38548e-49
3.41607e-51
7.31393e-51
1.68012e-52
3.60131e-52
8.2004e-54
1.75483e-53
3.78068e-55
8.09467e-55
1.71742e-56
3.67272e-56
7.44842e-58
1.59313e-57
3.17021e-59
6.77464e-59
1.29763e-60
2.77372e-60
5.20126e-62
1.33389e-61
1.95965e-63
5.94503e-61
-1.47283e-63
1.52547e-59
-4.21544e-62
3.81619e-58
-1.11358e-60
9.33502e-57
-2.87556e-59
2.20073e-55
-7.18438e-58
5.07911e-54
-1.75576e-56
1.12295e-52
-4.13281e-55
2.43649e-51
-9.52923e-54
5.02084e-50
-2.10285e-52
1.01998e-48
-4.55857e-51
1.9431e-47
-9.37098e-50
3.6791e-46
-1.90229e-48
6.40731e-45
-3.61156e-47
1.12521e-43
-6.83091e-46
1.76274e-42
-1.18049e-44
2.85781e-41
-2.05041e-43
3.9272e-40
-3.04527e-42
5.8567e-39
-4.20083e-41
6.73714e-38
-1.97934e-40
9.17074e-37
1.13045e-38
7.64413e-36
6.79929e-37
8.79688e-35
2.22765e-35
5.43124e-34
-2.05845e-37
7.46632e-37
2.28111e-37
-1.25446e-36
1.84884e-38
-4.82245e-38
2.45128e-39
-1.31197e-39
1.75458e-40
1.63678e-42
1.58994e-41
2.2858e-42
1.05522e-42
2.3882e-43
7.85651e-44
1.56376e-44
4.83026e-45
1.041e-45
3.12731e-46
5.93405e-47
1.7807e-47
3.45767e-48
1.03224e-48
1.82512e-49
5.45943e-50
9.66907e-51
2.88532e-51
4.7634e-52
1.42321e-52
2.32705e-53
6.94201e-54
1.07426e-54
3.20681e-55
4.88388e-56
1.45634e-56
2.12041e-57
6.3248e-58
9.03153e-59
2.69182e-59
3.70014e-60
1.10266e-60
1.48414e-61
3.74366e-62
5.72092e-63
-1.77538e-61
-7.25198e-64
-4.63559e-60
-2.56558e-62
-1.16028e-58
-6.7768e-61
-2.84008e-57
-1.74925e-59
-6.69919e-56
-4.36879e-58
-1.54729e-54
-1.06719e-56
-3.42302e-53
-2.51103e-55
-7.43365e-52
-5.78682e-54
-1.53288e-50
-1.27646e-52
-3.11743e-49
-2.76545e-51
-5.94335e-48
-5.68227e-50
-1.12686e-46
-1.15264e-48
-1.96418e-45
-2.18712e-47
-3.45551e-44
-4.13236e-46
-5.4188e-43
-7.13286e-45
-8.80639e-42
-1.23464e-43
-1.21163e-40
-1.81531e-42
-1.81329e-39
-2.40805e-41
-2.08903e-38
-5.99486e-41
-2.85992e-37
9.28989e-39
-2.38938e-36
4.96917e-37
-2.78168e-35
1.5933e-35
3.82158e-34
1.71095e-37
-9.942e-37
-1.89109e-37
-8.77184e-38
-1.47629e-38
-4.21683e-39
-1.94039e-39
-1.42243e-40
-1.36215e-40
-2.57427e-42
-1.22756e-41
3.89606e-44
-8.0495e-43
9.57718e-45
-5.96862e-44
7.15318e-46
-3.63978e-45
4.93489e-47
-2.34887e-46
2.88873e-48
-1.32968e-47
1.69728e-49
-7.68734e-49
9.08698e-51
-4.04814e-50
4.84042e-52
-2.13465e-51
2.40858e-53
-1.04942e-52
1.18194e-54
-5.10897e-54
5.49724e-56
-2.35381e-55
2.50863e-57
-1.06719e-56
1.0954e-58
-4.62484e-58
4.6805e-60
-1.96549e-59
1.9261e-61
-8.04463e-61
7.74726e-63
-4.78099e-62
3.21082e-64
-4.14363e-61
5.68253e-64
-1.06747e-59
1.5185e-62
-2.66982e-58
4.01677e-61
-6.52889e-57
1.03897e-59
-1.53879e-55
2.59996e-58
-3.55025e-54
6.366e-57
-7.84726e-53
1.50117e-55
-1.702e-51
3.46893e-54
-3.50632e-50
7.67079e-53
-7.11999e-49
1.6672e-51
-1.35599e-47
3.4355e-50
-2.56612e-46
6.99618e-49
-4.46762e-45
1.33236e-47
-7.8407e-44
2.53212e-46
-1.22791e-42
4.4082e-45
-1.98902e-41
7.80147e-44
-2.73241e-40
1.22991e-42
-4.06989e-39
2.06331e-41
-4.68015e-38
3.07018e-40
-6.35772e-37
5.53601e-39
-5.29673e-36
9.51992e-38
-6.06791e-35
1.97135e-36
3.1513e-35
9.32319e-39
-1.05776e-38
-9.85302e-40
-1.26916e-40
-9.46621e-42
-8.43683e-43
-5.70851e-44
-4.22276e-45
-2.62876e-46
-1.70001e-47
-9.77197e-49
-5.67361e-50
-3.02446e-51
-1.60331e-52
-7.96356e-54
-3.89945e-55
-1.81277e-56
-8.26821e-58
-3.61217e-59
-1.54439e-60
-6.36928e-62
-4.19863e-63
-4.31155e-62
-1.105e-60
-2.74919e-59
-6.67889e-58
-1.56518e-56
-3.58379e-55
-7.87183e-54
-1.69207e-52
-3.4616e-51
-6.95281e-50
-1.31376e-48
-2.45222e-47
-4.23075e-46
-7.2917e-45
-1.12972e-43
-1.78437e-42
-2.41894e-41
-3.46849e-40
-3.91831e-39
-4.98646e-38
-4.0343e-37
-3.98809e-36
)
;

boundaryField
{
    leftWall
    {
        type            calculated;
        value           uniform 0;
    }
    rightWall
    {
        type            calculated;
        value           nonuniform 0();
    }
    lowerWall
    {
        type            calculated;
        value           nonuniform 0();
    }
    atmosphere
    {
        type            calculated;
        value           nonuniform List<scalar> 
45
(
-3.72414e-37
-2.95058e-38
-3.61221e-39
-2.39404e-40
-2.13127e-41
-1.37334e-42
-1.02749e-43
-6.24868e-45
-4.06731e-46
-2.30386e-47
-1.34029e-48
-7.06902e-50
-3.74495e-51
-1.84459e-52
-9.01294e-54
-4.16085e-55
-1.89214e-56
-8.2164e-58
-3.50078e-59
-1.43462e-60
-5.75641e-62
-2.20411e-63
7.33855e-64
2.23171e-62
5.90231e-61
1.52601e-59
3.81747e-58
9.34259e-57
2.20234e-55
5.08648e-54
1.1244e-52
2.44229e-51
5.03112e-50
1.02379e-48
1.94914e-47
3.70036e-46
6.43707e-45
1.1355e-43
1.77625e-42
2.90683e-41
4.00813e-40
6.15677e-39
7.38209e-38
1.09266e-36
1.03116e-35
)
;
    }
    defaultFaces
    {
        type            empty;
        value           nonuniform 0();
    }
    procBoundary2to0
    {
        type            processor;
        value           nonuniform List<scalar> 
46
(
-1.60552e-37
-1.16824e-38
-1.03731e-39
-6.93332e-41
-5.10614e-42
-3.14829e-43
-2.02497e-44
-1.15403e-45
-6.66098e-47
-3.52262e-48
-1.85612e-49
-9.15041e-51
-4.45354e-52
-2.08966e-53
-7.37192e-54
-1.13932e-52
-2.00639e-51
-3.25257e-50
-5.36251e-49
-7.98919e-48
-1.25249e-46
-1.74435e-45
-2.67136e-44
-3.57998e-43
-5.4479e-42
4.01357e-37
3.65479e-36
4.30319e-35
1.05689e-35
-8.44451e-35
-1.64709e-35
5.46092e-35
2.01945e-36
-2.9104e-35
-1.65242e-35
5.4964e-40
2.14222e-36
2.80352e-36
1.55118e-35
1.55896e-35
2.52062e-36
1.4259e-35
1.17687e-38
-1.40977e-35
1.69135e-36
-1.1801e-36
)
;
    }
    procBoundary2to3
    {
        type            processor;
        value           nonuniform List<scalar> 
43
(
1.37995e-39
1.2232e-40
1.81044e-41
1.29874e-42
-2.3109e-41
-1.38763e-39
-5.31654e-38
-1.53828e-36
-3.38136e-36
-2.68387e-36
-1.70822e-35
1.51788e-36
3.47134e-35
8.33125e-37
-1.74084e-35
-1.17305e-36
7.40482e-39
1.15464e-36
1.81365e-35
-2.32345e-35
-6.00447e-35
2.04064e-35
6.09508e-35
-2.16884e-35
-6.23539e-35
4.25693e-35
4.3998e-35
-1.90404e-35
-4.91703e-36
-2.82844e-35
-1.89218e-36
2.31077e-35
1.57011e-36
1.82441e-37
-2.50563e-40
-1.90966e-37
-1.53424e-36
-2.39142e-35
3.0403e-35
7.91146e-35
-2.50398e-35
-5.45514e-35
-3.53938e-36
)
;
    }
}


// ************************************************************************* //
