/*--------------------------------*- C++ -*----------------------------------*\
| =========                 |                                                 |
| \\      /  F ield         | OpenFOAM: The Open Source CFD Toolbox           |
|  \\    /   O peration     | Version:  2.4.0                                 |
|   \\  /    A nd           | Web:      www.OpenFOAM.org                      |
|    \\/     M anipulation  |                                                 |
\*---------------------------------------------------------------------------*/
FoamFile
{
    version     2.0;
    format      ascii;
    class       surfaceScalarField;
    location    "0.75";
    object      phi;
}
// * * * * * * * * * * * * * * * * * * * * * * * * * * * * * * * * * * * * * //

dimensions      [0 3 -1 0 0 0 0];

internalField   nonuniform List<scalar> 
3731
(
6.17336e-44
-7.59067e-42
-1.25731e-42
5.89417e-43
-5.77126e-41
-9.54744e-42
4.58128e-42
-4.17818e-40
-6.89336e-41
3.37316e-41
-2.84429e-39
-4.68869e-40
2.36903e-40
-1.85305e-38
-3.04287e-39
1.54812e-39
-1.10664e-37
-1.81977e-38
9.61904e-39
-6.42143e-37
-1.04501e-37
5.30335e-38
-3.18737e-36
-5.22815e-37
2.79635e-37
-1.67965e-35
-2.62788e-36
1.08648e-36
-5.76477e-35
-9.37615e-36
-2.95194e-39
-7.15064e-41
-1.61589e-38
-4.20809e-40
-2.36565e-38
-3.08386e-39
-5.17484e-37
-2.36139e-39
2.05577e-45
5.94562e-39
5.17484e-37
5.94562e-39
2.36567e-38
-2.36138e-39
1.61625e-38
-3.08379e-39
2.9643e-39
-4.20514e-40
3.42087e-40
-7.04509e-41
4.56565e-41
-8.32774e-42
4.39944e-42
-1.04035e-42
-4.39998e-42
-2.16446e-43
-4.5662e-41
-1.04045e-42
-3.42143e-40
-8.32882e-42
-2.96486e-39
-7.04623e-41
-1.61675e-38
-4.20624e-40
-2.3703e-38
-3.08483e-39
-5.17831e-37
-2.36982e-39
-3.01058e-39
5.87412e-39
5.00975e-37
5.51667e-39
-3.01058e-39
-5.51667e-39
-5.17831e-37
-5.87412e-39
-2.3703e-38
2.36982e-39
-1.61675e-38
3.08483e-39
-2.96492e-39
4.20623e-40
-3.42708e-40
7.04508e-41
-5.07208e-41
8.21854e-42
-5.117e-41
-1.02256e-44
-3.47097e-40
-8.31633e-42
-3.00562e-39
-7.13706e-41
-1.64633e-38
-4.27909e-40
-2.63202e-38
-3.14685e-39
-5.30983e-37
-2.71884e-39
-1.01577e-38
3.21928e-39
1.01572e-38
6.31056e-39
5.30979e-37
3.21918e-39
2.62742e-38
-2.71987e-39
1.62151e-38
-3.15355e-39
-4.56068e-40
-9.56371e-40
8.17451e-41
-5.07155e-39
6.48327e-40
-3.18001e-38
4.48803e-39
-5.16946e-38
3.35827e-39
1.16084e-45
-8.60697e-39
5.16946e-38
-8.60697e-39
3.18002e-38
3.35826e-39
5.07321e-39
4.488e-39
9.64311e-40
6.4903e-40
1.27285e-40
9.91594e-41
1.75556e-41
1.11131e-41
1.79458e-42
1.27789e-42
-1.79483e-42
2.51437e-43
-1.7558e-41
1.27799e-42
-1.27309e-40
1.11142e-41
-9.64546e-40
9.9172e-41
-5.07526e-39
6.49157e-40
-3.18181e-38
4.48928e-39
-5.1824e-38
3.3695e-39
-9.82126e-40
-8.50653e-39
4.64921e-38
-7.9467e-39
-9.82126e-40
7.9467e-39
-5.1824e-38
8.50653e-39
-3.18181e-38
-3.3695e-39
-5.07526e-39
-4.48928e-39
-9.6457e-40
-6.49156e-40
-1.27546e-40
-9.91594e-41
-1.96308e-41
-1.09864e-41
-1.98178e-41
1.12728e-44
-1.29336e-40
1.11006e-41
-9.80098e-40
1.00298e-40
-5.18473e-39
6.5899e-40
-3.2653e-38
4.5772e-39
-5.5915e-38
3.91809e-39
-2.75798e-38
-4.6788e-39
2.75796e-38
-9.17687e-39
5.59131e-38
-4.67871e-39
3.2634e-38
3.91868e-39
5.07615e-39
4.57238e-39
4.952e-40
-2.34402e-40
2.95277e-41
-9.75466e-40
2.21788e-40
-4.69733e-39
1.27576e-39
-7.25994e-39
8.92135e-40
1.68899e-46
-2.43098e-39
7.25994e-39
-2.43098e-39
4.69734e-39
8.92133e-40
9.75736e-40
1.27575e-39
2.35195e-40
2.22046e-40
3.53181e-41
3.61046e-41
5.3847e-42
4.36449e-42
5.84097e-43
5.22382e-43
-5.8419e-43
1.07269e-43
-5.38559e-42
5.22429e-43
-3.53268e-41
4.36501e-42
-2.35276e-40
3.61101e-41
-9.76409e-40
2.22101e-40
-4.70282e-39
1.27628e-39
-7.29593e-39
8.96551e-40
-2.40669e-40
-2.39435e-39
6.24821e-39
-2.20451e-39
-2.40669e-40
2.20451e-39
-7.29593e-39
2.39435e-39
-4.70282e-39
-8.96551e-40
-9.76409e-40
-1.27628e-39
-2.35284e-40
-2.221e-40
-3.54087e-41
-3.61046e-41
-6.06623e-42
-4.3104e-42
-6.13013e-42
4.92886e-45
-3.59911e-41
4.35901e-42
-2.40005e-40
3.65674e-41
-1.00625e-39
2.25942e-40
-4.90202e-39
1.30796e-39
-8.031e-39
1.08197e-39
-3.92629e-39
-1.34506e-39
3.92624e-39
-2.62476e-39
8.03068e-39
-1.34503e-39
4.89906e-39
1.0822e-39
9.89104e-40
1.30629e-39
1.69047e-40
-4.17158e-41
8.58481e-42
-1.38588e-40
6.04581e-41
-5.30839e-40
3.24154e-40
-7.83444e-40
2.20565e-40
3.91372e-48
-6.17388e-40
7.83444e-40
-6.17388e-40
5.30837e-40
2.20565e-40
1.38609e-40
3.24154e-40
4.16639e-41
6.05607e-41
7.01675e-42
1.05715e-41
1.15523e-42
1.34911e-42
1.31699e-43
1.69246e-43
-1.31722e-43
3.60096e-44
-1.15546e-42
1.69263e-43
-7.01886e-42
1.34929e-42
-4.1683e-41
1.05734e-41
-1.38761e-40
6.05789e-41
-5.32014e-40
3.24323e-40
-7.90614e-40
2.21932e-40
-4.28403e-41
-6.06647e-40
6.37666e-40
-5.5546e-40
-4.28403e-41
5.5546e-40
-7.90614e-40
6.06647e-40
-5.32014e-40
-2.21932e-40
-1.38762e-40
-3.24323e-40
-4.16851e-41
-6.05787e-41
-7.03816e-42
-1.05715e-41
-1.31e-42
-1.33094e-42
-1.32493e-42
1.69945e-45
-7.16944e-42
1.34721e-42
-4.26897e-41
1.07207e-41
-1.44602e-40
6.17584e-41
-5.66508e-40
3.33527e-40
-8.86382e-40
2.71752e-40
-4.279e-40
-3.44421e-40
4.27894e-40
-6.69788e-40
8.86357e-40
-3.44414e-40
5.663e-40
2.71781e-40
1.43089e-40
3.32843e-40
4.55968e-41
-6.85797e-42
1.82411e-42
-1.71733e-41
1.22915e-41
-4.59876e-41
6.18778e-41
-6.24914e-41
4.09661e-41
-8.3622e-48
-1.17779e-40
6.24913e-41
-1.17779e-40
4.59864e-41
4.09662e-41
1.71687e-41
6.18787e-41
6.79753e-42
1.232e-41
1.26494e-42
2.26762e-42
2.23722e-43
3.03055e-43
2.65559e-44
3.94091e-44
-2.65611e-44
8.63576e-45
-2.23771e-43
3.94134e-44
-1.26539e-42
3.03101e-43
-6.80154e-42
2.26809e-42
-1.71997e-41
1.23243e-41
-4.62146e-41
6.19181e-41
-6.37873e-41
4.12736e-41
-7.02572e-42
-1.15472e-40
4.40267e-41
-1.05152e-40
-7.02572e-42
1.05152e-40
-6.37873e-41
1.15472e-40
-4.62146e-41
-4.12736e-41
-1.71998e-41
-6.19181e-41
-6.802e-42
-1.23243e-41
-1.26944e-42
-2.26762e-42
-2.55138e-43
-2.98697e-43
-2.58248e-43
4.16024e-46
-1.29591e-42
3.02589e-43
-6.9952e-42
2.3022e-42
-1.82366e-41
1.25879e-41
-5.17162e-41
6.38784e-41
-7.39303e-41
5.12865e-41
-3.45475e-41
-6.62209e-41
3.45475e-41
-1.28371e-40
7.39351e-41
-6.62201e-41
5.17586e-41
5.12855e-41
1.83472e-41
6.36926e-41
9.14767e-42
-1.02633e-42
3.46214e-43
-1.96925e-42
2.24839e-42
-2.85341e-42
1.09342e-41
-3.0222e-42
7.11836e-42
-9.52388e-49
-2.08264e-41
3.02219e-42
-2.08264e-41
2.85314e-42
7.11863e-42
1.96741e-42
1.09361e-41
1.00996e-42
2.26521e-42
2.03515e-43
4.36864e-43
3.79979e-44
6.05426e-44
4.65888e-45
8.12469e-45
-4.65988e-45
1.82373e-45
-3.80071e-44
8.12563e-45
-2.03599e-43
6.05525e-44
-1.01068e-42
4.36964e-43
-1.97287e-42
2.26613e-42
-2.89195e-42
1.09443e-41
-3.23117e-42
7.18009e-42
-1.04877e-42
-2.03814e-41
8.45793e-43
-1.84998e-41
-1.04877e-42
1.84998e-41
-3.23117e-42
2.03814e-41
-2.89195e-42
-7.18009e-42
-1.97288e-42
-1.09443e-41
-1.01077e-42
-2.26612e-42
-2.04333e-43
-4.36863e-43
-4.35399e-44
-5.96218e-44
-4.40995e-44
8.94405e-47
-2.08975e-43
6.04423e-44
-1.04339e-42
4.43967e-43
-2.1376e-42
2.31852e-42
-3.69293e-42
1.13197e-41
-4.14982e-42
9.0003e-42
-1.7255e-42
-1.17719e-41
1.72567e-42
-2.27622e-41
4.15192e-42
-1.1772e-41
3.71014e-42
8.9985e-42
2.20221e-42
1.12756e-41
1.65784e-42
-1.43398e-43
9.028e-44
-2.26716e-43
2.84273e-43
-4.94233e-44
1.71535e-42
1.24283e-43
1.10578e-42
1.58947e-47
-3.29314e-42
-1.24174e-43
-3.29298e-42
5.00757e-44
1.10751e-42
2.2736e-43
1.72844e-42
1.45471e-43
3.70611e-43
3.10233e-44
7.4178e-44
6.03493e-45
1.05978e-44
7.58285e-46
1.4589e-45
-7.5846e-46
3.34194e-46
-6.03651e-45
1.45908e-45
-3.10375e-44
1.05997e-44
-1.45592e-43
7.41967e-44
-2.28252e-43
3.7078e-43
-5.62456e-44
1.7299e-42
9.22589e-44
1.11827e-42
-1.51641e-43
-3.21733e-42
-3.83453e-43
-2.91159e-42
-1.51641e-43
2.91159e-42
9.22589e-44
3.21733e-42
-5.62458e-44
-1.11827e-42
-2.28254e-43
-1.7299e-42
-1.45606e-43
-3.70778e-43
-3.11601e-44
-7.41778e-44
-6.94109e-45
-1.0429e-44
-7.03404e-45
1.66333e-47
-3.19154e-44
1.05791e-44
-1.50763e-43
7.54494e-44
-2.53108e-43
3.79915e-43
-1.698e-43
1.79332e-42
1.65404e-44
1.41325e-42
5.75643e-44
-1.87026e-42
-5.75119e-44
-3.60816e-42
-1.60342e-44
-1.87029e-42
1.73758e-43
1.4127e-42
2.68726e-43
1.78462e-42
2.67755e-43
8.77151e-44
-5.21809e-43
-6.80555e-45
-5.44917e-43
2.64046e-44
1.73247e-43
5.84875e-44
1.53842e-43
1.24959e-46
-4.93665e-43
-5.75239e-44
-4.9281e-43
-1.96443e-44
1.63679e-43
2.6813e-44
2.5847e-43
1.99482e-44
5.6854e-44
4.42842e-45
1.17294e-44
8.87483e-46
1.71661e-45
1.13691e-46
2.41309e-46
-1.13718e-46
5.61957e-47
-8.87731e-46
2.41341e-46
-4.43062e-45
1.71693e-45
-1.99668e-44
1.17326e-44
-2.6947e-44
5.68825e-44
1.87374e-44
2.58712e-43
5.29742e-44
1.65431e-43
-2.08565e-44
-4.80756e-43
-8.89128e-44
-4.34128e-43
-2.08565e-44
4.34128e-43
5.29742e-44
4.80756e-43
1.87374e-44
-1.65431e-43
-2.69473e-44
-2.58712e-43
-1.9969e-44
-5.68821e-44
-4.44939e-45
-1.17294e-44
-1.02386e-45
-1.68822e-45
-1.03802e-45
2.83146e-48
-4.56261e-45
1.71342e-45
-2.07244e-44
1.19392e-44
-3.04677e-44
5.83571e-44
3.352e-45
2.68697e-43
4.70179e-44
2.10314e-43
3.01658e-44
-2.80884e-43
-3.01549e-44
-5.40884e-43
-4.69236e-44
-2.80893e-43
-2.64317e-45
2.1019e-43
3.32897e-44
2.67149e-43
4.06015e-44
1.97636e-42
7.38138e-42
2.46427e-43
-3.82768e-42
6.62089e-44
-4.88639e-43
1.78455e-44
-2.92289e-44
8.96587e-46
-7.35471e-44
-1.01638e-44
-6.93318e-44
-4.33975e-45
2.26222e-44
3.25022e-45
3.61517e-44
2.64456e-45
8.1307e-45
6.03362e-46
1.71815e-45
1.23612e-46
2.56513e-46
1.60739e-47
3.66746e-47
-1.6078e-47
8.6593e-48
-1.23648e-46
3.66796e-47
-6.03678e-46
2.56564e-46
-2.64716e-45
1.71866e-45
-3.26853e-45
8.13524e-45
4.22146e-45
3.61907e-44
9.63002e-45
2.2913e-44
-2.7711e-45
-6.71979e-44
-1.41244e-44
-6.0561e-44
-2.7711e-45
6.0561e-44
9.63002e-45
6.71979e-44
4.22146e-45
-2.2913e-44
-3.26857e-45
-3.61907e-44
-2.64749e-45
-8.13519e-45
-6.06376e-46
-1.71816e-45
-1.42952e-46
-2.52138e-46
-1.44981e-46
4.40749e-49
-6.22381e-46
2.56017e-46
-2.75239e-45
1.74996e-45
-3.74536e-45
8.35497e-45
2.19938e-45
3.7648e-44
9.15162e-45
2.92891e-44
5.44905e-45
-3.94356e-44
-5.44715e-45
-7.58179e-44
-9.13623e-45
-3.94376e-44
-2.08736e-45
2.92662e-44
4.19181e-45
3.73995e-44
5.75024e-45
3.11326e-41
-5.65942e-41
3.77209e-42
-6.45252e-42
5.00806e-43
-6.36558e-43
5.26468e-44
-5.38514e-44
5.12447e-45
-1.52547e-44
-9.79765e-46
-1.07133e-44
-6.09584e-46
3.32521e-45
3.95305e-46
5.4009e-45
3.35039e-46
1.2357e-45
7.79775e-47
2.65939e-46
1.62434e-47
4.03128e-47
2.13839e-48
5.83922e-48
-2.13885e-48
1.39352e-48
-1.6247e-47
5.84009e-48
-7.80015e-47
4.03221e-47
-3.35138e-46
2.66033e-46
-3.94534e-46
1.23659e-45
6.33286e-46
5.40918e-45
1.3633e-45
3.39835e-45
-3.51424e-46
-1.00376e-44
-1.91629e-45
-9.03247e-45
-3.51424e-46
9.03247e-45
1.3633e-45
1.00376e-44
6.33285e-46
-3.39835e-45
-3.94539e-46
-5.40918e-45
-3.35183e-46
-1.23658e-45
-7.83654e-47
-2.65952e-46
-1.88216e-47
-3.96096e-47
-1.90943e-47
7.14897e-50
-8.04943e-47
4.02331e-47
-3.48931e-46
2.71007e-46
-4.55857e-46
1.27105e-45
3.79005e-46
5.63412e-45
1.32273e-45
4.36244e-45
7.7103e-46
-5.91113e-45
-7.70737e-46
-1.13503e-44
-1.32047e-45
-5.91152e-45
-3.63046e-46
4.35829e-45
5.19187e-46
5.59289e-45
8.67253e-46
9.5162e-36
-3.76222e-35
-6.78357e-35
1.07074e-35
-6.76899e-37
-2.15546e-33
-5.13681e-35
-1.95236e-36
1.72247e-35
2.42901e-33
7.70175e-35
-2.15325e-35
1.68575e-36
5.74348e-35
7.92175e-35
7.84146e-37
1.06063e-35
9.88273e-35
1.70773e-35
1.21447e-35
-1.54314e-36
1.70305e-34
2.94292e-35
-1.84304e-36
-2.1411e-35
3.38428e-34
1.62167e-34
-2.48669e-35
-3.66757e-35
4.05729e-33
3.87696e-34
-4.23981e-35
-1.11699e-36
4.3034e-33
3.94532e-34
-1.28869e-36
3.65488e-35
1.69674e-34
4.22482e-35
2.80314e-35
2.64154e-35
5.30757e-36
3.80752e-36
7.00796e-37
5.62482e-37
1.1226e-37
6.19503e-38
1.65016e-37
5.0587e-39
1.44469e-36
-1.86991e-38
1.07607e-35
-1.7245e-37
9.17411e-35
-1.58567e-36
4.85313e-34
-1.04548e-35
7.46486e-34
-7.5295e-35
1.44036e-32
-6.6271e-35
7.46485e-34
6.62711e-35
4.85303e-34
7.52945e-35
9.16698e-35
1.04331e-35
1.02473e-35
1.13713e-36
9.91734e-37
-6.59129e-36
6.06052e-37
-1.31209e-34
5.30277e-37
-6.76194e-36
7.29338e-38
-4.48341e-37
1.1097e-38
-2.15443e-38
1.84921e-39
7.04896e-40
3.5226e-39
9.97586e-39
5.31186e-38
1.74568e-36
-5.70326e-36
3.11675e-37
-4.18039e-37
4.13042e-38
-2.53771e-38
-1.32692e-39
5.7021e-39
-3.86799e-37
-4.18611e-36
-6.31043e-38
-2.84626e-37
-8.07313e-39
-1.42153e-38
-4.03993e-40
-9.30666e-40
-2.66655e-36
6.4054e-36
-4.24953e-37
4.41327e-37
-5.3779e-38
2.20718e-38
5.799e-40
-6.16418e-39
1.23528e-37
6.79923e-36
3.00073e-38
4.86527e-37
5.05411e-39
2.67741e-38
1.04959e-39
9.21928e-40
2.19518e-36
2.13299e-36
3.95431e-37
2.26209e-37
5.40007e-38
2.37477e-38
2.41776e-39
7.46787e-39
-3.99051e-37
3.73625e-36
-7.849e-38
4.01132e-37
-1.16583e-38
4.25681e-38
4.34372e-39
-1.69419e-39
-4.70026e-36
1.49864e-35
-8.60501e-37
1.17088e-36
-1.19674e-37
7.67487e-38
4.47533e-39
-1.66684e-38
-7.80984e-36
3.33277e-35
-1.41545e-36
2.37047e-36
-1.94653e-37
1.23228e-37
3.60881e-39
-2.6944e-38
-2.34696e-37
3.3872e-35
-4.23352e-38
2.40502e-36
-5.79069e-39
1.24411e-37
3.5577e-39
-7.99026e-40
7.77893e-36
1.55734e-35
1.40976e-36
1.20534e-36
1.93853e-37
7.73309e-38
4.31599e-39
2.68332e-38
4.99262e-36
3.46268e-36
9.14647e-37
3.6163e-37
1.27271e-37
3.70654e-38
3.68097e-39
1.77376e-38
8.14317e-37
8.43512e-37
1.57679e-37
1.09203e-37
2.31608e-38
1.395e-38
1.60947e-39
3.33697e-39
1.25936e-37
1.26083e-37
2.59107e-38
1.81376e-38
3.98039e-39
2.51325e-39
3.07726e-40
5.96294e-40
1.44404e-38
2.26748e-38
3.09755e-39
3.77948e-39
4.90848e-40
5.71113e-40
7.68033e-41
7.54724e-41
-5.78796e-40
3.66267e-38
-2.05482e-40
7.97722e-39
-7.09038e-41
1.27683e-39
1.91599e-40
-1.33185e-41
-2.31072e-38
3.05958e-37
-5.76722e-39
6.39675e-38
-1.28201e-39
9.77824e-39
1.42115e-39
-2.17711e-40
-2.05831e-37
2.19412e-36
-4.98881e-38
4.16548e-37
-1.06524e-38
5.93138e-38
8.10206e-39
-1.75577e-39
-1.86768e-36
1.67897e-35
-4.28094e-37
2.81674e-36
-8.73832e-38
3.59674e-37
4.51626e-38
-1.38399e-38
-1.21851e-35
8.37996e-35
-2.66139e-36
1.06511e-35
-5.09937e-37
1.0501e-36
9.89945e-38
-7.71001e-38
-8.54072e-35
5.24924e-34
-1.62868e-35
5.03909e-35
-2.95409e-36
3.70045e-36
2.0882e-37
-4.22934e-37
-7.49051e-35
9.11989e-34
-1.40088e-35
8.43943e-35
-2.52205e-36
5.91881e-36
2.96292e-37
-3.58117e-37
7.49051e-35
5.24925e-34
1.40088e-35
5.03923e-35
2.52203e-36
3.70079e-36
2.08894e-37
3.5811e-37
8.54067e-35
8.38104e-35
1.62863e-35
1.06641e-35
2.95382e-36
1.05311e-36
9.96113e-38
4.2287e-37
1.21703e-35
1.68609e-35
2.65526e-36
2.90216e-36
5.07398e-37
3.78423e-37
4.87659e-38
7.65374e-38
1.58474e-36
2.70645e-36
3.46107e-37
1.01716e-36
6.15634e-38
1.7421e-37
2.89966e-38
8.76284e-39
-3.83557e-36
7.56666e-37
-7.97813e-37
5.90884e-37
-1.82838e-37
1.08623e-37
1.92887e-38
-3.10538e-38
-8.84491e-36
-4.1658e-37
-6.08718e-36
-5.19329e-37
-1.29985e-36
-9.75529e-38
-1.73536e-38
-1.99392e-37
-4.03915e-36
-5.08462e-37
-8.47079e-37
-5.99603e-37
-1.93184e-37
-1.14078e-37
-1.78669e-38
-3.25691e-38
-2.82627e-37
-7.06089e-38
-8.14746e-38
-8.44483e-38
-2.39653e-38
-1.32105e-38
2.21542e-38
-2.50288e-39
-1.38371e-38
-9.74744e-39
-1.5227e-39
-6.13743e-39
1.72486e-38
4.22323e-38
2.20061e-37
3.31419e-38
7.41688e-39
4.14899e-39
3.96859e-38
3.68621e-38
1.88267e-37
2.62829e-37
1.36814e-36
4.36961e-37
6.61608e-38
2.80898e-38
3.59575e-37
2.09667e-37
1.90306e-36
1.52509e-36
8.36257e-36
5.83088e-36
3.77722e-37
2.296e-36
1.4109e-35
6.00311e-35
6.08875e-40
-5.26203e-41
6.31855e-41
2.11277e-42
6.01066e-42
3.71458e-43
5.5576e-43
3.25388e-44
4.8282e-44
1.33809e-45
3.87247e-45
-6.88568e-46
2.35788e-46
2.64144e-46
7.5035e-47
4.2172e-46
4.54348e-47
9.811e-47
1.04201e-47
2.16358e-47
2.17726e-48
3.34115e-48
2.88569e-49
4.92982e-49
-2.87943e-49
1.19369e-49
-2.16826e-48
4.93089e-49
-1.0288e-47
3.34229e-48
-4.3581e-47
2.16468e-47
-4.99355e-47
9.82012e-47
8.87098e-47
4.22262e-46
1.86278e-46
2.6339e-46
-4.57545e-47
-7.833e-46
-2.57121e-46
-7.03891e-46
-4.57545e-47
7.03891e-46
1.86278e-46
7.833e-46
8.87098e-47
-2.6339e-46
-4.99362e-47
-4.22262e-46
-4.3587e-47
-9.82005e-47
-1.03374e-47
-2.16397e-47
-2.51556e-48
-3.28122e-48
-2.55254e-48
6.19756e-51
-1.06241e-47
3.33455e-48
-4.54184e-47
2.20655e-47
-5.79965e-47
1.01048e-46
5.58024e-47
4.40501e-46
1.82439e-46
3.39398e-46
1.054e-46
-4.63073e-46
-1.05356e-46
-8.87808e-46
-1.82106e-46
-4.63112e-46
-5.34596e-47
3.39007e-46
6.75014e-47
4.36931e-46
6.79891e-47
-7.76366e-41
2.00298e-41
-5.33234e-42
3.91485e-42
-2.46572e-43
3.65957e-43
2.99336e-45
2.70105e-44
2.42257e-45
1.58291e-45
3.78374e-46
1.5631e-47
3.94982e-47
2.30078e-47
8.26749e-48
3.40854e-47
3.56484e-48
8.02352e-48
7.86446e-49
1.78779e-48
1.63183e-49
2.78637e-49
2.17267e-50
4.13731e-50
-2.14746e-50
1.00763e-50
-1.60135e-49
4.14107e-50
-7.48748e-49
2.79075e-49
-3.12826e-48
1.79233e-48
-3.53642e-48
8.06275e-48
6.51997e-48
3.42821e-47
1.35576e-47
2.12604e-47
-3.2888e-48
-6.35587e-47
-1.86162e-47
-5.70502e-47
-3.2888e-48
5.70502e-47
1.35576e-47
6.35587e-47
6.51997e-48
-2.12604e-47
-3.53647e-48
-3.42821e-47
-3.12872e-48
-8.06268e-48
-7.52491e-49
-1.79173e-48
-1.86121e-49
-2.73918e-49
-1.8891e-49
5.24931e-52
-7.73878e-49
2.78419e-49
-3.26366e-48
1.82745e-48
-4.12058e-48
8.30022e-48
4.16933e-48
3.57898e-47
1.33356e-47
2.74849e-47
7.68052e-48
-3.76598e-47
-7.67687e-48
-7.2148e-47
-1.33091e-47
-3.76635e-47
-3.98613e-48
2.74492e-47
4.85775e-48
3.54785e-47
5.56092e-48
-5.28478e-40
-4.4373e-41
-3.9783e-41
-7.53867e-42
-2.53945e-42
-7.36936e-43
-1.09651e-43
-5.93599e-44
3.7013e-46
-4.3486e-45
9.0497e-46
-2.9742e-46
1.38046e-46
-1.66326e-47
1.62967e-47
1.50144e-48
1.80374e-48
5.51715e-49
1.97258e-49
1.33607e-49
2.37472e-50
2.13041e-50
2.5445e-51
3.19978e-51
-1.54189e-51
7.84367e-52
-1.19337e-50
3.19371e-51
-5.54336e-50
2.13197e-50
-2.2958e-49
1.35484e-49
-2.57659e-49
6.01983e-49
4.82154e-49
2.52973e-48
9.97968e-49
1.56005e-48
-2.41549e-49
-4.68817e-48
-1.36835e-48
-4.20351e-48
-2.41549e-49
4.20351e-48
9.97968e-49
4.68817e-48
4.82153e-49
-1.56005e-48
-2.57663e-49
-2.52973e-48
-2.29615e-49
-6.01978e-49
-5.57164e-50
-1.35437e-49
-1.38898e-50
-2.09187e-50
-1.40999e-50
4.10545e-53
-5.73202e-50
2.12683e-50
-2.39662e-49
1.38188e-49
-3.00818e-49
6.20095e-49
3.10176e-49
2.64346e-48
9.83782e-49
2.023e-48
5.65944e-49
-2.78493e-48
-5.6565e-49
-5.33036e-48
-9.817e-49
-2.78524e-48
-2.95945e-49
2.02006e-48
3.58372e-49
2.61889e-48
4.12488e-49
1.16858e-40
6.40127e-42
1.47148e-41
-2.89202e-42
1.62071e-42
-3.00609e-43
1.72879e-43
-2.04504e-44
1.68956e-44
-9.44479e-46
1.59134e-45
-1.08955e-47
1.40598e-46
4.67457e-48
1.20013e-47
9.15327e-49
9.87089e-49
1.263e-49
7.99268e-50
1.77925e-50
6.55403e-51
2.26016e-51
5.2994e-52
2.93376e-52
-8.50415e-53
6.3392e-53
-8.38747e-52
2.41788e-52
-3.873e-51
1.60517e-51
-1.5896e-50
1.0137e-50
-1.77362e-50
4.47741e-50
3.34752e-50
1.86569e-49
6.90604e-50
1.14535e-49
-1.6739e-50
-3.45607e-49
-9.46747e-50
-3.09603e-49
-1.6739e-50
3.09603e-49
6.90604e-50
3.45607e-49
3.34752e-50
-1.14535e-49
-1.77365e-50
-1.86569e-49
-1.58985e-50
-4.47738e-50
-3.8933e-51
-1.01335e-50
-9.79205e-52
-1.5747e-51
-9.94177e-52
3.12588e-54
-4.00695e-51
1.60124e-51
-1.66051e-50
1.03413e-50
-2.07446e-50
4.61367e-50
2.16063e-50
1.95068e-49
6.81997e-50
1.48904e-49
3.92084e-50
-2.05658e-49
-3.91863e-50
-3.93408e-49
-6.80467e-50
-2.05683e-49
-2.0576e-50
1.48669e-49
2.48962e-50
1.93163e-49
3.05885e-50
7.70193e-40
2.62211e-40
7.8964e-41
2.36373e-41
7.39719e-42
2.15309e-42
6.77778e-43
1.85862e-43
5.83015e-44
1.56816e-44
4.87679e-45
1.2592e-45
3.88455e-46
9.82687e-47
3.00532e-47
7.36923e-48
2.23412e-48
5.38297e-49
1.61514e-49
3.82924e-50
1.13056e-50
2.68099e-51
7.71313e-52
1.8723e-52
4.23136e-53
1.52369e-53
-5.49478e-53
1.79296e-53
-2.66602e-52
1.1397e-52
-1.08789e-51
7.14414e-52
-1.20857e-51
3.13196e-51
2.29345e-51
1.29377e-50
4.72029e-51
7.90685e-51
-1.14622e-51
-2.39571e-50
-6.47164e-51
-2.14426e-50
-1.14622e-51
2.14426e-50
4.72029e-51
2.39571e-50
2.29345e-51
-7.90684e-51
-1.20859e-51
-1.29377e-50
-1.08807e-51
-3.13194e-51
-2.6821e-52
-7.14154e-52
-6.77996e-53
-1.11743e-52
-6.88429e-53
2.25149e-55
-2.76107e-52
1.13646e-52
-1.13692e-51
7.28982e-52
-1.41553e-51
3.22857e-51
1.48307e-51
1.35358e-50
4.66744e-51
1.03053e-50
2.68233e-51
-1.42825e-50
-2.68072e-51
-2.73038e-50
-4.65647e-51
-1.42845e-50
-1.41013e-51
1.02877e-50
1.71018e-51
1.33974e-50
2.13124e-51
-1.83265e-40
4.68683e-40
-1.92869e-41
4.1835e-41
-1.85077e-42
3.76465e-42
-1.7178e-43
3.20993e-43
-1.49427e-44
2.67441e-44
-1.25591e-45
2.12148e-45
-1.00379e-46
1.63534e-46
-7.76085e-48
1.20987e-47
-5.75621e-49
8.69901e-49
-4.13726e-50
6.04065e-50
-2.86808e-51
4.08323e-51
-1.93018e-52
2.67974e-52
-1.3168e-53
1.73129e-53
-4.64961e-54
2.25525e-54
-1.76051e-53
7.96615e-54
-7.11119e-53
4.93178e-53
-7.86611e-53
2.15257e-52
1.50018e-52
8.83245e-52
3.08063e-52
5.37791e-52
-7.49653e-53
-1.63494e-51
-4.22445e-52
-1.46228e-51
-7.49653e-53
1.46228e-51
3.08063e-52
1.63494e-51
1.50018e-52
-5.37791e-52
-7.86623e-53
-8.83245e-52
-7.11207e-53
-2.15255e-52
-1.76493e-53
-4.9296e-53
-4.48614e-54
-7.74965e-54
-4.55564e-54
1.57507e-56
-1.81737e-53
7.88254e-54
-7.4347e-53
5.03273e-53
-9.22585e-53
2.21954e-52
9.71766e-53
9.24491e-52
3.04999e-52
7.02401e-52
1.75219e-52
-9.76054e-52
-1.75108e-52
-1.8651e-51
-3.04252e-52
-9.76196e-52
-9.22666e-53
7.01133e-52
1.12085e-52
9.14686e-52
1.46148e-52
-1.73234e-39
2.4888e-40
-1.77857e-40
1.30032e-41
-1.66864e-41
8.36192e-43
-1.52595e-42
6.11988e-44
-1.30992e-43
4.79856e-45
-1.09125e-44
3.71255e-46
-8.65519e-46
2.82783e-47
-6.65871e-47
2.07513e-48
-4.91941e-48
1.48286e-49
-3.5289e-49
1.02369e-50
-2.44486e-50
6.88245e-52
-1.64717e-51
4.4898e-53
-1.07652e-52
2.86712e-54
-7.09705e-54
2.55859e-55
-1.55432e-54
5.34968e-55
-4.58076e-54
3.2564e-54
-5.02281e-54
1.41439e-53
9.61441e-54
5.76476e-53
1.97067e-53
3.49716e-53
-4.80424e-54
-1.06673e-52
-2.70283e-53
-9.53396e-53
-4.80424e-54
9.53396e-53
1.97067e-53
1.06673e-52
9.61448e-54
-3.49716e-53
-5.0214e-54
-5.76475e-53
-4.55592e-54
-1.41437e-53
-1.1365e-54
-3.25456e-54
-2.89909e-55
-5.14153e-55
-2.94422e-55
1.05518e-57
-1.17047e-54
5.23032e-55
-4.76416e-54
3.3232e-54
-5.89603e-54
1.45879e-53
6.23591e-54
6.03679e-53
1.95305e-53
4.57709e-53
1.12172e-53
-6.37734e-53
-1.12097e-53
-1.21805e-52
-1.9481e-53
-6.37834e-53
-5.91373e-54
4.56837e-53
7.20006e-54
5.97057e-53
9.579e-54
-2.78193e-39
-2.30721e-40
-2.84409e-40
-4.47331e-41
-2.6568e-41
-4.88604e-42
-2.4221e-42
-4.41371e-43
-2.07283e-43
-3.74269e-44
-1.72271e-44
-2.98288e-45
-1.36322e-45
-2.30068e-46
-1.04682e-46
-1.7009e-47
-7.71996e-48
-1.22136e-48
-5.52954e-49
-8.46563e-50
-3.82545e-50
-5.70796e-51
-2.57414e-51
-3.73101e-52
-1.67983e-52
-2.37586e-53
-1.06944e-53
-1.46627e-54
-7.30529e-55
-5.49945e-56
-3.21126e-55
2.04575e-55
-3.11341e-55
9.08399e-55
5.9383e-55
3.68357e-54
1.2152e-54
2.22763e-54
-2.96792e-55
-6.81407e-54
-1.667e-54
-6.08639e-54
-2.96792e-55
6.08639e-54
1.21521e-54
6.81407e-54
5.93965e-55
-2.22763e-54
-3.09003e-55
-3.68358e-54
-2.81331e-55
-9.08692e-55
-7.05418e-56
-2.09734e-55
-1.80598e-56
-3.32541e-56
-1.83423e-56
6.8437e-59
-7.26638e-56
3.38313e-56
-2.94287e-55
2.14182e-55
-3.63235e-55
9.37412e-55
3.85728e-55
3.85876e-54
1.20556e-54
2.92076e-54
6.92224e-55
-4.07828e-54
-6.91745e-55
-7.78671e-54
-1.20241e-54
-4.07895e-54
-3.65402e-55
2.91494e-54
4.45603e-55
3.81524e-54
6.14455e-55
-8.2219e-41
-2.48062e-40
-8.38657e-42
-4.67421e-41
-7.8161e-43
-5.08339e-42
-7.11337e-44
-4.58687e-43
-6.07722e-45
-3.88834e-44
-5.04391e-46
-3.09878e-45
-3.98612e-47
-2.3901e-46
-3.0576e-48
-1.76707e-47
-2.25253e-49
-1.26892e-48
-1.61196e-50
-8.79555e-50
-1.11424e-51
-5.93061e-51
-7.49207e-53
-3.87669e-52
-4.88575e-54
-2.46879e-53
-3.11334e-55
-1.52865e-54
-2.34364e-56
-9.02739e-56
-1.81399e-56
7.59994e-57
-1.86692e-56
5.60008e-56
3.58703e-56
2.27059e-55
7.32802e-56
1.36904e-55
-1.79254e-56
-4.19927e-55
-1.00539e-55
-3.7486e-55
-1.79254e-56
3.74861e-55
7.32804e-56
4.19935e-55
3.58741e-56
-1.36899e-55
-1.86016e-56
-2.27076e-55
-1.69861e-56
-5.63169e-56
-4.277e-57
-1.30384e-56
-1.09773e-57
-2.07077e-57
-1.11493e-57
-4.11972e-62
-4.40623e-57
2.10984e-57
-1.77728e-56
1.3316e-56
-2.18874e-56
5.81079e-56
2.33206e-56
2.37962e-55
7.27604e-56
1.79817e-55
4.17695e-56
-2.51612e-55
-4.17396e-56
-4.80237e-55
-7.25655e-56
-2.51647e-55
-2.20711e-56
1.7944e-55
2.6964e-56
2.35206e-55
3.80196e-56
2.77047e-39
2.16368e-40
2.83241e-40
9.47958e-42
2.6459e-41
4.95542e-43
2.41218e-42
3.13236e-44
2.06435e-43
2.27787e-45
1.71568e-44
1.69744e-46
1.35767e-45
1.26601e-47
1.04255e-46
9.14085e-49
7.68856e-48
6.44646e-50
5.50706e-49
4.39443e-51
3.80991e-50
2.92059e-52
2.56369e-51
1.88298e-53
1.67299e-52
1.18451e-54
1.06356e-53
7.25235e-56
6.5744e-55
4.46089e-57
3.86873e-56
1.03194e-57
1.24891e-57
3.37539e-57
2.23548e-57
1.36676e-56
4.2922e-57
8.2985e-57
-1.0496e-57
-2.52332e-56
-5.87921e-57
-2.25531e-56
-1.04933e-57
2.25679e-56
4.28457e-57
2.53739e-56
2.10038e-57
-8.18136e-57
-1.08607e-57
-1.36546e-56
-9.9419e-58
-3.42447e-57
-2.51349e-58
-7.99283e-58
-6.51849e-59
-5.57826e-59
-6.57318e-59
-7.82869e-59
-2.58682e-58
1.10157e-58
-1.04041e-57
8.05743e-58
-1.27853e-57
3.53003e-57
1.36674e-57
1.43958e-56
4.25726e-57
1.08678e-56
2.44403e-57
-1.52222e-56
-2.44156e-57
-2.89555e-56
-4.24653e-57
-1.50735e-56
-1.293e-57
1.07546e-56
1.58174e-57
1.41537e-56
2.25791e-57
1.84451e-39
3.89492e-40
1.89461e-40
3.44229e-41
1.77823e-41
3.08159e-42
1.62673e-42
2.61969e-43
1.39687e-43
2.17774e-44
1.16399e-44
1.72412e-45
9.23444e-46
1.3265e-46
7.1059e-47
9.79473e-48
5.25085e-48
7.0279e-49
3.76736e-49
4.86823e-50
2.61052e-50
3.28076e-51
1.75908e-51
2.14351e-52
1.14944e-52
1.36448e-53
7.31588e-54
8.4472e-55
4.52888e-55
5.09822e-56
2.72938e-56
2.83411e-57
1.55521e-57
-4.9949e-58
2.23842e-58
5.3553e-58
2.51115e-58
1.80989e-57
-6.63434e-59
-3.61234e-58
-3.35474e-58
-1.06224e-57
-5.36767e-59
1.30516e-57
2.4418e-58
2.8637e-57
1.13568e-58
3.23134e-58
-6.73987e-59
-3.09448e-58
-5.38434e-59
-5.02581e-58
-1.3573e-59
-2.21586e-58
-1.3075e-59
1.22476e-57
-4.50788e-60
-1.38187e-57
-8.61565e-60
-3.10887e-58
-5.45884e-59
1.73385e-59
-6.79848e-59
4.4153e-58
7.41579e-59
1.84349e-57
2.34389e-58
1.47926e-57
1.4534e-58
-1.87207e-57
-1.32808e-58
-1.90953e-57
-2.51519e-58
8.38064e-58
-8.08435e-59
-1.94874e-58
9.63124e-59
5.06212e-58
-5.61322e-58
3.58489e-40
1.87358e-40
3.76164e-41
1.73375e-41
3.60296e-42
1.58493e-42
3.34469e-43
1.36198e-43
2.91197e-44
1.13902e-44
2.45246e-45
9.05946e-46
1.96505e-46
6.99435e-47
1.52428e-47
5.18115e-48
1.13477e-48
3.72749e-49
8.19237e-50
2.58854e-50
5.70949e-51
1.74824e-51
3.86622e-52
1.14456e-52
2.53782e-53
7.29901e-54
1.62163e-54
4.52484e-55
1.00698e-55
2.64521e-56
6.05156e-57
-2.2771e-57
4.80194e-58
-1.55921e-56
2.33525e-58
-4.88689e-57
3.3308e-59
2.39483e-56
-1.28147e-58
1.99723e-56
-1.31237e-59
4.41485e-57
1.12568e-58
-5.51431e-58
4.62628e-60
2.34947e-56
-1.13307e-58
1.40186e-56
-1.05262e-58
8.66523e-57
5.04176e-59
-5.55413e-57
1.67339e-59
-3.44908e-57
-1.67084e-58
2.10545e-56
-1.27494e-59
-2.37376e-56
1.12579e-58
-5.43116e-57
8.89921e-59
-4.63447e-58
9.0825e-59
4.23429e-57
-7.41589e-59
1.81101e-56
-1.60206e-58
1.52311e-56
1.07367e-58
-1.78949e-56
1.16791e-58
-4.38834e-57
-1.70999e-58
2.95164e-56
-1.23404e-58
-1.51412e-56
1.08819e-58
-5.58358e-57
-1.15021e-56
6.62276e-41
3.7223e-41
7.11025e-42
3.54608e-42
6.94202e-43
3.30287e-43
6.53636e-44
2.88498e-44
5.75904e-45
2.44188e-45
4.89525e-46
1.96413e-46
3.95311e-47
1.52997e-47
3.08544e-48
1.14288e-48
2.30905e-49
8.27925e-50
1.674e-50
5.7869e-51
1.17076e-51
3.92982e-52
7.95015e-53
2.58601e-53
5.23054e-54
1.65595e-54
3.34559e-55
1.00476e-55
1.97493e-56
-9.99568e-57
3.39185e-58
-6.76477e-56
2.3359e-57
-2.75208e-55
3.79103e-57
-8.67893e-56
3.33945e-58
4.19341e-55
-2.3238e-57
3.51088e-55
-5.06406e-60
7.67998e-56
2.04637e-57
-1.79009e-56
-7.99502e-59
3.83869e-55
-2.10362e-57
2.39425e-55
-1.86577e-57
1.50856e-55
9.12851e-58
-9.89337e-56
3.46656e-58
-6.55714e-56
-2.89836e-57
3.49674e-55
-2.08663e-58
-3.96518e-55
2.0042e-57
-9.00692e-56
1.67315e-57
-6.84559e-57
1.73593e-57
7.3915e-56
-1.45207e-57
3.16356e-55
-3.22e-57
2.65591e-55
1.73004e-57
-3.15027e-55
2.21167e-57
-8.18907e-56
-2.79462e-57
4.92695e-55
-2.01497e-57
-2.71842e-55
1.85817e-57
-9.58903e-56
-1.8404e-55
8.55744e-42
9.81907e-42
9.32381e-43
9.97113e-43
9.20408e-44
9.65372e-44
8.74055e-45
8.81456e-45
7.74874e-46
7.69123e-46
6.61933e-47
6.39935e-47
5.36365e-48
5.11331e-48
4.19795e-49
3.92503e-49
3.14701e-50
2.90595e-50
2.28451e-51
2.07722e-51
1.59871e-52
1.43671e-52
1.08599e-53
9.62357e-54
7.13331e-55
6.17981e-55
4.08305e-56
-5.687e-57
-1.66401e-56
-2.74263e-55
-1.6472e-56
-1.15908e-54
4.06198e-56
-4.71183e-54
6.80232e-56
-1.48993e-54
5.85157e-57
7.17714e-54
-4.22553e-56
5.99993e-54
-1.94337e-57
1.28179e-54
3.52978e-56
-4.22681e-55
4.13221e-59
6.12671e-54
-3.6015e-56
3.98403e-54
-3.34172e-56
2.55109e-54
1.51439e-56
-1.72319e-54
6.65941e-57
-1.2084e-54
-4.91091e-56
5.66115e-54
-3.36706e-57
-6.45928e-54
3.45979e-56
-1.45544e-54
2.9651e-56
-9.51088e-56
3.10518e-56
1.26241e-54
-2.62579e-56
5.40904e-54
-5.83395e-56
4.53073e-54
2.9317e-56
-5.43006e-54
3.83911e-56
-1.51249e-54
-4.84348e-56
8.0062e-54
-3.30774e-56
-4.7498e-54
3.25174e-56
-1.59368e-54
-2.85368e-54
-2.05121e-42
2.54426e-41
-2.53965e-43
2.75438e-42
-2.98353e-44
2.74521e-43
-3.11991e-45
2.6142e-44
-3.11138e-46
2.33694e-45
-2.87187e-47
2.00493e-46
-2.53964e-48
1.6356e-47
-2.11998e-49
1.28585e-48
-1.70259e-50
9.69021e-50
-1.30552e-51
7.05759e-51
-9.66473e-53
4.94623e-52
-6.88106e-54
3.34928e-53
-4.9306e-55
2.06701e-54
-1.1685e-55
-6.05962e-55
-3.43063e-55
-4.5664e-54
-2.92211e-55
-1.92014e-53
7.1057e-55
-7.84151e-53
1.19077e-54
-2.48658e-53
1.00151e-55
1.1941e-52
-7.48595e-55
9.96708e-53
-6.6683e-56
2.07781e-53
5.9223e-55
-8.95803e-54
2.68224e-56
9.45428e-53
-5.99302e-55
6.44035e-53
-5.83275e-55
4.19327e-53
2.43083e-55
-2.91674e-53
1.24077e-55
-2.15269e-53
-8.07906e-55
8.87797e-53
-5.23347e-56
-1.01995e-52
5.80989e-55
-2.27927e-53
5.1193e-55
-1.21809e-54
5.41277e-55
2.09565e-53
-4.62479e-55
8.99096e-53
-1.02966e-54
7.51652e-53
4.82481e-55
-9.0976e-53
6.48447e-55
-2.6995e-53
-8.17184e-55
1.261e-52
-5.24561e-55
-8.06285e-53
5.54145e-55
-2.57276e-53
-4.25251e-53
-2.94508e-41
1.835e-40
-3.45394e-42
1.94789e-41
-3.81092e-43
1.91013e-42
-3.84626e-44
1.7979e-43
-3.69394e-45
1.59082e-44
-3.32494e-46
1.35423e-45
-2.8669e-47
1.09703e-46
-2.34885e-48
8.57668e-48
-1.85243e-49
6.42715e-49
-1.40006e-50
4.65511e-50
-1.02219e-51
3.23425e-51
-7.19347e-53
2.16024e-52
-5.22124e-54
1.1897e-53
-1.7744e-54
-1.10934e-53
-5.8488e-54
-7.3622e-53
-5.00748e-54
-3.09946e-52
1.21392e-53
-1.27258e-51
2.03534e-53
-4.04839e-52
1.67281e-54
1.93727e-51
-1.29447e-53
1.61438e-51
-1.6834e-54
3.28172e-52
9.69622e-54
-1.75902e-52
8.94017e-55
1.41745e-51
-9.72451e-54
1.01517e-51
-9.94143e-54
6.72253e-52
3.78944e-54
-4.8117e-52
2.24688e-54
-3.7167e-52
-1.29477e-53
1.35556e-51
-7.84947e-55
-1.56876e-51
9.51879e-54
-3.47316e-52
8.62965e-54
-1.40715e-53
9.2117e-54
3.38925e-52
-7.95391e-54
1.45708e-51
-1.77381e-53
1.21538e-51
7.74029e-54
-1.48646e-51
1.06929e-53
-4.66761e-52
-1.34583e-53
1.93459e-51
-8.05897e-54
-1.33355e-51
9.22109e-54
-4.0477e-52
-6.11921e-52
-2.30447e-40
1.00217e-39
-2.64891e-41
1.02941e-40
-2.87082e-42
9.87919e-42
-2.85911e-43
9.14513e-43
-2.71478e-44
7.99271e-44
-2.42178e-45
6.73618e-45
-2.07244e-46
5.41364e-46
-1.68758e-47
4.204e-47
-1.32408e-48
3.12611e-48
-9.96259e-50
2.24101e-49
-7.24328e-51
1.52133e-50
-5.07638e-52
9.70438e-52
-3.96911e-53
2.75434e-53
-2.6256e-53
-1.82391e-52
-9.69421e-53
-1.14844e-51
-8.34044e-53
-4.84632e-51
2.01533e-52
-2.00093e-50
3.38093e-52
-6.38649e-51
2.71364e-53
3.04501e-50
-2.17498e-52
2.5333e-50
-3.70159e-53
5.01658e-51
1.53952e-52
-3.24542e-51
2.21261e-53
2.04332e-50
-1.52884e-52
1.54911e-50
-1.6467e-52
1.04403e-50
5.68428e-53
-7.68869e-51
3.94119e-53
-6.19321e-51
-2.00697e-52
1.99573e-50
-1.12326e-53
-2.32885e-50
1.51236e-52
-5.10726e-51
1.4136e-52
-1.32146e-52
1.52398e-52
5.30993e-51
-1.32897e-52
2.28803e-50
-2.96974e-52
1.90517e-50
1.20102e-52
-2.35274e-50
1.71094e-52
-7.78693e-51
-2.1507e-52
2.86451e-50
-1.18748e-52
-2.13593e-50
1.48968e-52
-6.16345e-51
-8.37587e-51
-1.75723e-39
5.24711e-39
-1.96883e-40
5.18339e-40
-2.09124e-41
4.84053e-41
-2.04853e-42
4.39972e-42
-1.91963e-43
3.78786e-43
-1.69326e-44
3.15573e-44
-1.43575e-45
2.51022e-45
-1.15977e-46
1.93193e-46
-9.03838e-48
1.41411e-47
-6.75586e-49
9.86713e-49
-4.87868e-50
6.19108e-50
-3.39331e-51
3.25378e-51
-3.12434e-52
-3.32892e-52
-4.01532e-52
-2.80049e-51
-1.56887e-51
-1.74131e-50
-1.35552e-51
-7.37385e-50
3.26279e-51
-3.06459e-49
5.47743e-51
-9.81907e-50
4.29063e-52
4.66184e-49
-3.56282e-51
3.87147e-49
-7.41469e-52
7.4617e-50
2.38304e-51
-5.68535e-50
4.72837e-52
2.8564e-49
-2.34113e-51
2.30283e-49
-2.66055e-51
1.57985e-49
8.25649e-52
-1.19605e-49
6.71706e-52
-1.00009e-49
-3.02632e-51
2.85812e-49
-1.53805e-52
-3.3645e-49
2.34189e-51
-7.29768e-50
2.25824e-51
-7.29382e-52
2.45857e-51
8.09269e-50
-2.16591e-51
3.49874e-49
-4.84719e-51
2.90675e-49
1.8149e-51
-3.62783e-49
2.67045e-51
-1.25846e-49
-3.35182e-51
4.12811e-49
-1.68673e-51
-3.32955e-49
2.34769e-51
-9.13422e-50
-1.09936e-49
-9.34609e-39
9.18468e-39
-1.01569e-39
7.9021e-40
-1.05076e-40
6.90584e-41
-1.00993e-41
6.09763e-42
-9.31444e-43
5.17982e-43
-8.11664e-44
4.28656e-44
-6.81298e-45
3.39572e-45
-5.45945e-46
2.58477e-46
-4.22509e-47
1.6664e-47
-3.13225e-48
7.68607e-49
-2.2354e-49
-4.26833e-50
-1.52899e-50
-1.62561e-50
-2.31288e-51
-8.96656e-51
-6.09731e-51
-4.09683e-50
-2.46002e-50
-2.54369e-49
-2.13379e-50
-1.08189e-48
5.11548e-50
-4.52693e-48
8.59377e-50
-1.45613e-48
6.56484e-51
6.88337e-48
-5.65145e-50
5.70608e-48
-1.38808e-50
1.06901e-48
3.56235e-50
-9.46012e-49
9.23849e-51
3.80785e-48
-3.45778e-50
3.29827e-48
-4.16284e-50
2.30525e-48
1.14373e-50
-1.79417e-48
1.10605e-50
-1.55359e-48
-4.39018e-50
3.92115e-48
-1.97259e-51
-4.66327e-48
3.50195e-50
-1.00032e-48
3.49328e-50
8.33984e-51
3.84279e-50
1.18947e-48
-3.41697e-50
5.16083e-48
-7.66266e-50
4.28136e-48
2.63839e-50
-5.39417e-48
4.02816e-50
-1.95608e-48
-5.04859e-50
5.70743e-48
-2.27005e-50
-5.00404e-48
3.57815e-50
-1.30364e-48
-1.3459e-48
-4.95938e-38
7.59289e-39
-5.22623e-39
-4.79778e-41
-5.29261e-40
-3.40262e-41
-4.98745e-41
-4.09426e-42
-4.5319e-42
-3.81645e-43
-3.89511e-43
-3.25301e-44
-3.23391e-44
-2.5755e-45
-2.56541e-45
-2.30002e-46
-1.96678e-46
-5.17203e-47
-1.43327e-47
-9.74785e-48
-9.91161e-49
-2.03122e-48
-6.42874e-50
-3.24485e-49
-2.3673e-50
-1.32074e-49
-9.18577e-50
-5.77863e-49
-3.7594e-49
-3.60742e-48
-3.27469e-49
-1.54276e-47
7.81321e-49
-6.50886e-47
1.31375e-48
-2.10349e-47
9.77914e-50
9.89202e-47
-8.73095e-49
8.18361e-47
-2.45036e-49
1.48857e-47
5.18895e-49
-1.50758e-47
1.67969e-49
4.91407e-47
-4.97044e-49
4.59992e-47
-6.34741e-49
3.27565e-47
1.52799e-49
-2.61803e-47
1.76882e-49
-2.33823e-47
-6.18858e-49
5.23231e-47
-2.37524e-50
-6.28906e-47
5.09994e-49
-1.33114e-47
5.26477e-49
3.74437e-49
5.85072e-49
1.6984e-47
-5.25358e-49
7.4066e-47
-1.17967e-48
6.13069e-47
3.73423e-49
-7.80862e-47
5.9246e-49
-2.94447e-47
-7.41212e-49
7.68064e-47
-2.91929e-49
-7.31372e-47
5.31654e-49
-1.80884e-47
-1.55612e-47
-4.18013e-38
5.63093e-39
-4.38407e-39
-8.1118e-40
-4.42572e-40
-1.25749e-40
-4.15728e-41
-1.30973e-41
-3.76862e-42
-1.17316e-42
-3.23164e-43
-9.79055e-44
-2.67927e-44
-7.35458e-45
-2.1245e-45
-9.94959e-46
-1.58635e-46
-5.50797e-46
-8.85553e-48
-1.21617e-46
-1.13447e-49
-2.67635e-47
5.55818e-50
-4.31937e-48
-2.78249e-49
-1.76844e-48
-1.33993e-48
-7.79075e-48
-5.53776e-48
-4.89605e-47
-4.84415e-48
-2.10787e-46
1.15009e-47
-8.96811e-46
1.9356e-47
-2.91195e-46
1.40261e-48
1.3622e-45
-1.29998e-47
1.12469e-45
-4.10506e-48
1.98283e-46
7.25696e-48
-2.28355e-46
2.87974e-48
5.96835e-46
-6.8471e-48
6.13917e-46
-9.32739e-48
4.45899e-46
1.9168e-48
-3.66067e-46
2.72205e-48
-3.36734e-46
-8.32684e-48
6.62376e-46
-2.55225e-49
-8.06509e-46
7.13003e-48
-1.68465e-46
7.64622e-48
8.69515e-48
8.59099e-48
2.32402e-46
-7.77976e-48
1.01888e-45
-1.75075e-47
8.42499e-46
5.04483e-48
-1.08293e-45
8.37429e-48
-4.24034e-46
-1.04588e-47
9.82934e-46
-3.46937e-48
-1.02413e-45
7.59833e-48
-2.39973e-46
-1.59745e-46
4.17999e-38
7.605e-39
4.38387e-39
-4.63875e-41
4.42545e-40
-3.38574e-41
4.15698e-41
-4.08657e-42
3.76842e-42
-3.74165e-43
3.23025e-43
-1.91049e-44
2.65938e-44
4.48139e-45
2.06213e-45
-5.41422e-45
2.18999e-46
-6.79206e-45
5.68931e-47
-1.57076e-45
1.14446e-47
-3.49165e-46
1.68841e-48
-5.6149e-47
-3.87929e-48
-2.29303e-47
-1.90629e-47
-1.01693e-46
-7.94408e-47
-6.44419e-46
-6.98472e-47
-2.79724e-45
1.64817e-46
-1.20291e-44
2.77719e-46
-3.92893e-45
1.95706e-47
1.82596e-44
-1.88399e-46
1.50406e-44
-6.55511e-47
2.56603e-45
9.89432e-47
-3.32688e-45
4.68234e-47
7.0095e-45
-9.17994e-47
7.98364e-45
-1.33503e-46
5.91348e-45
2.30443e-47
-4.97923e-45
4.06772e-47
-4.69925e-45
-1.08837e-46
8.17071e-45
-2.39593e-48
-1.00793e-44
9.7083e-47
-2.07016e-45
1.08137e-46
1.58755e-46
1.22803e-46
3.08667e-45
-1.12226e-46
1.36363e-44
-2.52844e-46
1.12505e-44
6.64473e-47
-1.46263e-44
1.15478e-46
-5.91433e-45
-1.43896e-46
1.22685e-44
-3.85533e-47
-1.3947e-44
1.05864e-46
-3.09381e-45
-1.46356e-45
4.95818e-38
9.28145e-39
5.2245e-39
8.02542e-40
5.29031e-40
7.02678e-41
4.98512e-41
6.08992e-42
4.53106e-42
6.02964e-43
3.87903e-43
2.1349e-43
2.98034e-44
9.34391e-44
1.76933e-45
-6.62253e-44
9.74499e-46
-8.61464e-44
6.30561e-46
-1.9746e-44
1.45118e-46
-4.34937e-45
2.21519e-47
-6.93114e-46
-5.25597e-47
-2.81264e-46
-2.5959e-46
-1.2565e-45
-1.09089e-45
-8.03486e-45
-9.6419e-46
-3.52305e-44
2.25993e-45
-1.53135e-43
3.81298e-45
-5.03078e-44
2.60982e-46
2.32282e-43
-2.61302e-45
1.90898e-43
-9.94917e-46
3.14403e-44
1.28457e-45
-4.58221e-44
7.22601e-46
7.56739e-44
-1.16778e-45
9.83443e-44
-1.82813e-45
7.43955e-44
2.52219e-46
-6.42866e-44
5.8142e-46
-6.22164e-44
-1.3412e-45
9.41421e-44
-1.52061e-47
-1.18116e-43
1.258e-45
-2.3872e-44
1.46357e-45
2.57065e-45
1.68205e-45
3.89207e-44
-1.5473e-45
1.73285e-43
-3.49549e-45
1.42918e-43
8.25783e-46
-1.87413e-43
1.51791e-45
-7.82488e-44
-1.88712e-45
1.43636e-43
-3.68664e-46
-1.80255e-43
1.40698e-45
-3.77229e-44
-9.27819e-45
9.24734e-39
5.78756e-39
1.00202e-39
5.84444e-40
1.03319e-40
5.35159e-41
9.94418e-42
3.22884e-42
9.37737e-43
1.32838e-42
6.14397e-44
2.13795e-42
-2.68918e-44
1.11698e-42
-1.00158e-44
-8.27655e-43
1.04918e-44
-1.06837e-42
8.23563e-45
-2.41406e-43
1.90602e-45
-5.25395e-44
2.90611e-46
-8.27437e-45
-6.90702e-46
-3.33103e-45
-3.43636e-45
-1.50156e-44
-1.45973e-44
-9.71465e-44
-1.29944e-44
-4.31285e-43
3.01512e-44
-1.90196e-42
5.09734e-44
-6.29631e-43
3.38347e-45
2.88251e-42
-3.52652e-44
2.36223e-42
-1.44314e-44
3.74691e-43
1.63191e-44
-6.09381e-43
1.06619e-44
7.90411e-43
-1.4467e-44
1.18408e-42
-2.43714e-44
9.14282e-43
2.62387e-45
-8.09053e-43
8.07956e-45
-7.99621e-43
-1.60827e-44
1.06377e-42
9.59035e-48
-1.35629e-42
1.5904e-44
-2.68047e-43
1.93015e-44
3.75222e-44
2.24449e-44
4.76533e-43
-2.07634e-44
2.14631e-42
-4.69849e-44
1.76621e-42
1.0081e-44
-2.34451e-42
1.952e-44
-1.0042e-42
-2.41784e-44
1.65072e-42
-2.993e-45
-2.27037e-42
1.82309e-44
-4.47491e-43
-1.18446e-44
9.34505e-40
3.97328e-39
8.8438e-41
4.58058e-40
7.47485e-42
2.36226e-41
1.12595e-42
-1.74837e-41
3.86428e-43
1.06393e-41
-2.2077e-43
2.43827e-41
-4.22664e-43
1.28972e-41
-1.31852e-43
-9.63247e-42
1.33194e-43
-1.23808e-41
1.04239e-43
-2.75807e-42
2.38727e-44
-5.91336e-43
3.61676e-45
-9.19166e-44
-8.58165e-45
-3.6646e-44
-4.30845e-44
-1.67007e-43
-1.85073e-43
-1.09448e-42
-1.66196e-43
-4.93594e-42
3.79406e-43
-2.20768e-41
6.4339e-43
-7.36201e-42
4.13394e-44
3.34258e-41
-4.49512e-43
2.73195e-41
-1.96714e-43
4.15865e-42
1.95667e-43
-7.56895e-42
1.49168e-43
7.22086e-42
-1.66559e-43
1.32847e-41
-3.06219e-43
1.04924e-41
2.35988e-44
-9.51871e-42
1.0651e-43
-9.61259e-42
-1.77995e-43
1.09276e-41
2.94217e-45
-1.42617e-41
1.88744e-43
-2.76256e-42
2.41083e-43
5.04309e-43
2.84462e-43
5.45728e-42
-2.61788e-43
2.48624e-41
-5.95899e-43
2.04755e-41
1.14967e-43
-2.73917e-41
2.36524e-43
-1.20529e-41
-2.91246e-43
1.73884e-41
-1.24787e-44
-2.67275e-41
2.21342e-43
-4.93195e-42
1.2362e-42
-4.47349e-39
2.82382e-39
-5.56671e-40
3.98183e-40
-6.51126e-41
-2.24955e-40
-6.16504e-44
-2.48544e-40
3.59476e-42
1.16836e-40
-2.79078e-42
2.77059e-40
-5.16275e-42
1.4644e-40
-1.57512e-42
-1.10186e-40
1.66785e-42
-1.40812e-40
1.29017e-42
-3.07331e-41
2.91153e-43
-6.46762e-42
4.37586e-44
-9.87995e-43
-1.03598e-43
-3.89194e-43
-5.2606e-43
-1.79784e-42
-2.29481e-42
-1.19865e-41
-2.09452e-42
-5.51169e-41
4.6026e-42
-2.51684e-40
7.86127e-42
-8.48072e-41
4.87237e-43
3.80625e-40
-5.54224e-42
3.09952e-40
-2.51957e-42
4.51013e-41
2.3454e-42
-9.1383e-41
2.01632e-42
6.40413e-41
-1.84453e-42
1.46905e-40
-3.7066e-42
1.18514e-40
2.28009e-43
-1.09868e-40
1.37508e-42
-1.12801e-40
-1.92893e-42
1.12072e-40
6.6061e-44
-1.49114e-40
2.19745e-42
-2.79747e-41
2.94444e-42
6.28405e-42
3.53397e-42
6.08844e-41
-3.1624e-42
2.82423e-40
-7.27035e-42
2.32068e-40
1.35108e-42
-3.14703e-40
2.83355e-42
-1.41037e-40
-3.43718e-42
1.82846e-40
6.78425e-44
-3.08634e-40
2.58405e-42
-5.31363e-41
2.70451e-41
-2.74268e-38
-1.08405e-39
-3.26868e-39
6.05403e-40
-3.65684e-40
-2.69583e-39
3.92016e-41
-2.61373e-39
4.44743e-41
1.2086e-39
-3.03463e-41
2.86758e-39
-5.65234e-41
1.5125e-39
-1.62298e-41
-1.14606e-39
1.96833e-41
-1.4567e-39
1.48987e-41
-3.11659e-40
3.30811e-42
-6.40013e-41
4.9182e-43
-9.58593e-42
-1.16154e-42
-3.71919e-42
-5.98579e-42
-1.74753e-41
-2.65517e-41
-1.18787e-40
-2.50177e-41
-5.6045e-40
4.96832e-41
-2.60947e-39
8.65108e-41
-8.87649e-40
5.13796e-42
3.94094e-39
-6.16241e-41
3.19882e-39
-2.80528e-41
4.42589e-40
2.71829e-41
-1.00588e-39
2.59599e-41
4.29561e-40
-1.71549e-41
1.47082e-39
-3.96416e-41
1.21581e-39
2.88588e-42
-1.15394e-39
1.6777e-41
-1.20676e-39
-1.84752e-41
9.91647e-40
1.14023e-42
-1.36583e-39
2.3461e-41
-2.49839e-40
3.35254e-41
7.14928e-41
4.14527e-41
6.18991e-40
-3.29641e-41
2.92126e-39
-7.86972e-41
2.40714e-39
1.59889e-41
-3.2843e-39
3.17016e-41
-1.50456e-39
-3.68794e-41
1.68896e-39
2.03524e-42
-3.24194e-39
2.58492e-41
-5.15231e-40
4.50215e-40
-4.95202e-39
1.14861e-38
-1.1946e-39
9.05212e-39
-3.07755e-41
-2.7577e-38
7.89677e-40
-2.70099e-38
5.02117e-40
1.25235e-38
-2.9432e-40
2.95852e-38
-5.45847e-40
1.55591e-38
-1.24084e-40
-1.19147e-38
2.36318e-40
-1.50166e-38
1.70211e-40
-3.11139e-39
3.68477e-41
-6.20028e-40
5.40134e-42
-9.03944e-41
-1.2715e-41
-3.44255e-41
-6.67984e-41
-1.65156e-40
-3.04249e-40
-1.15304e-39
-3.08453e-40
-5.61326e-39
4.56903e-40
-2.69952e-38
8.48766e-40
-9.32236e-39
4.72068e-41
4.07053e-38
-6.12094e-40
3.28678e-38
-2.33306e-40
4.2923e-39
3.54795e-40
-1.09128e-38
3.3622e-40
2.77222e-39
-1.14271e-40
1.47949e-38
-3.52547e-40
1.2492e-38
7.79534e-41
-1.20755e-38
2.07901e-40
-1.27723e-38
-1.75402e-40
9.20494e-39
1.63014e-41
-1.2923e-38
2.49025e-40
-2.24548e-39
3.77676e-40
7.62781e-40
4.92452e-40
6.18402e-39
-2.60516e-40
3.00698e-38
-7.13284e-40
2.47289e-38
2.44951e-40
-3.4279e-38
3.6724e-40
-1.58426e-38
-3.79512e-40
1.62517e-38
-2.78144e-41
-3.39324e-38
1.93315e-40
-4.94692e-39
5.89835e-39
-1.71654e-39
1.27684e-37
-3.88e-39
8.43802e-38
3.64629e-40
-2.44174e-37
5.63905e-39
-2.39746e-37
3.77683e-39
1.11269e-37
-1.61239e-39
2.62065e-37
-2.74115e-39
1.37385e-37
4.71206e-40
-1.06246e-37
2.75401e-39
-1.32898e-37
1.77739e-39
-2.6727e-38
3.72311e-40
-5.10815e-39
5.34041e-41
-7.21685e-40
-1.25247e-40
-2.68094e-40
-6.76725e-40
-1.32226e-39
-3.18904e-39
-9.52046e-39
-3.79018e-39
-4.8428e-38
1.52967e-39
-2.39659e-37
4.68905e-39
-8.38245e-38
2.07313e-40
3.60688e-37
-3.53075e-39
2.90018e-37
4.60868e-40
3.54798e-38
5.2116e-39
-1.02157e-37
4.34014e-39
2.58071e-39
8.77833e-40
1.26883e-37
-7.13388e-40
1.09912e-37
2.3279e-39
-1.08519e-37
2.51876e-39
-1.16511e-37
-1.29052e-39
6.56743e-38
2.1223e-40
-9.7408e-38
2.31453e-39
-1.64165e-38
3.88007e-39
7.0982e-39
5.68911e-39
5.32749e-38
7.50965e-40
2.66232e-37
-1.86053e-39
2.20541e-37
4.54793e-39
-3.06326e-37
4.13105e-39
-1.43826e-37
-2.95816e-39
1.25678e-37
-2.38011e-39
-3.04813e-37
-8.51786e-40
-4.00193e-38
6.91319e-38
3.11471e-38
1.16763e-36
2.28111e-38
7.88632e-37
3.81119e-39
-2.22401e-36
-2.9451e-39
-2.18764e-36
5.78672e-39
1.01836e-36
1.71177e-38
2.38036e-36
4.01074e-38
1.24254e-36
4.6071e-38
-9.77235e-37
3.57512e-38
-1.20566e-36
1.90049e-38
-2.28992e-37
3.75978e-39
-4.1774e-38
5.23527e-40
-5.65685e-39
-1.22145e-39
-2.04375e-39
-6.85814e-39
-1.03964e-38
-3.43128e-38
-7.80838e-38
-5.30802e-38
-4.16837e-37
-5.92794e-38
-2.18698e-36
-4.80391e-38
-7.83757e-37
-3.9039e-39
3.28514e-36
3.05504e-38
2.61815e-36
7.74095e-38
2.95259e-37
9.45803e-38
-9.65561e-37
6.11554e-38
-5.22418e-38
5.30219e-38
1.13454e-36
6.17911e-38
1.00131e-36
6.35823e-38
-1.00084e-36
3.38155e-38
-1.07763e-36
-9.06268e-39
5.73374e-37
2.53571e-39
-8.43385e-37
2.19765e-38
-1.2838e-37
4.07837e-38
6.2249e-38
7.28275e-38
4.56387e-37
8.88449e-38
2.4111e-36
1.12781e-37
1.99806e-36
9.93405e-38
-2.82795e-36
5.4225e-38
-1.31749e-36
-1.19155e-38
1.13128e-36
-8.30383e-38
-2.81317e-36
-7.42736e-38
-3.30251e-37
6.9626e-37
1.15776e-36
7.65595e-36
1.58069e-36
5.26404e-36
3.30902e-38
-1.4561e-35
-1.3942e-36
-1.43486e-35
-6.87344e-37
6.69016e-36
9.0061e-37
1.55594e-35
1.8656e-36
8.08608e-36
1.301e-36
-6.45123e-36
4.59869e-37
-7.87094e-36
1.79484e-37
-1.42274e-36
3.26915e-38
-2.42372e-37
4.32791e-39
-3.1252e-38
-1.00335e-38
-1.08516e-38
-5.99568e-38
-5.76701e-38
-3.26779e-37
-4.54487e-37
-7.45058e-37
-2.60645e-36
-2.16778e-36
-1.43452e-35
-2.56613e-36
-5.23649e-36
-1.56591e-37
2.14979e-35
1.76093e-36
1.70237e-35
2.28814e-36
1.75601e-36
1.72104e-36
-6.60574e-36
8.597e-37
-1.59355e-36
1.41061e-36
7.23492e-36
2.07026e-36
6.53434e-36
1.42593e-36
-6.63753e-36
4.49282e-37
-7.20488e-36
-4.48952e-39
2.85385e-36
2.77347e-38
-4.51508e-36
1.61967e-37
-6.68823e-37
3.76729e-37
4.0459e-37
9.28991e-37
2.84606e-36
2.55878e-36
1.57739e-35
3.91448e-36
1.33691e-35
1.99613e-36
-1.86695e-35
7.12714e-37
-8.73708e-36
3.2508e-37
6.47413e-36
-2.05131e-36
-1.86426e-35
-2.10038e-36
-1.91322e-36
5.61481e-36
2.34573e-35
5.37873e-35
3.51315e-35
3.90743e-35
2.94319e-37
-1.02802e-34
-3.32818e-35
-1.01563e-34
-1.72678e-35
4.77662e-35
1.93605e-35
1.08997e-34
3.94795e-35
5.629e-35
2.49292e-35
-4.63811e-35
6.1022e-36
-5.50361e-35
1.79295e-36
-8.67117e-36
2.91297e-37
-1.40335e-36
3.64239e-38
-1.70793e-37
-8.3762e-38
-5.76629e-38
-5.37394e-37
-3.16094e-37
-3.29862e-36
-2.64106e-36
-1.04517e-35
-1.59568e-35
-4.39897e-35
-1.01544e-34
-5.54423e-35
-3.89261e-35
-3.02718e-36
1.51992e-34
3.83032e-35
1.17879e-34
4.48443e-35
1.0494e-35
2.88936e-35
-4.73699e-35
1.18331e-35
-3.99694e-35
2.62998e-35
5.12561e-35
4.15092e-35
4.6747e-35
2.58938e-35
-4.75548e-35
6.05148e-36
-5.07277e-35
4.81306e-37
-5.94923e-36
2.86064e-37
-4.10504e-36
1.28177e-36
-4.32606e-36
3.6895e-36
2.42327e-36
1.22226e-35
1.73124e-35
4.9242e-35
1.10094e-34
7.93486e-35
9.45296e-35
3.4571e-35
-1.34979e-34
9.82805e-36
-6.01908e-35
9.6134e-36
2.31117e-35
-3.91366e-35
-1.34167e-34
-4.07023e-35
-1.20268e-35
6.75237e-35
3.45398e-34
5.5118e-34
1.86305e-36
-5.37759e-34
-2.82252e-34
2.97258e-34
6.00981e-34
3.56521e-34
6.26808e-35
1.31126e-35
1.84856e-36
2.10213e-37
-4.7872e-37
-3.43944e-36
-2.43986e-35
-1.1248e-34
-6.51886e-34
-8.5621e-34
-3.98416e-35
5.91173e-34
6.53047e-34
3.81505e-34
1.26631e-34
3.71041e-34
6.15723e-34
3.59177e-34
6.28994e-35
1.20453e-35
2.31521e-36
4.55643e-36
2.63218e-35
1.25327e-34
7.07425e-34
1.18675e-33
4.5784e-34
1.03301e-34
1.78354e-34
-5.70004e-34
-5.98117e-34
)
;

boundaryField
{
    leftWall
    {
        type            calculated;
        value           nonuniform 0();
    }
    rightWall
    {
        type            calculated;
        value           uniform 0;
    }
    lowerWall
    {
        type            calculated;
        value           uniform 0;
    }
    atmosphere
    {
        type            calculated;
        value           nonuniform 0();
    }
    defaultFaces
    {
        type            empty;
        value           nonuniform 0();
    }
    procBoundary1to0
    {
        type            processor;
        value           nonuniform List<scalar> 
44
(
4.31457e-44
4.39427e-43
3.5139e-42
2.67156e-41
1.94697e-40
1.33028e-39
8.68597e-39
5.09914e-38
2.85657e-37
1.23528e-36
9.39239e-36
-3.8001e-36
-2.31962e-35
-1.4397e-36
1.0403e-35
-1.55468e-36
-2.14286e-35
-3.67052e-35
-1.11788e-36
3.65783e-35
3.414e-34
-2.27451e-35
-3.20129e-36
-4.69247e-37
-5.14581e-38
-7.42152e-39
-1.85164e-38
-1.59635e-37
-1.46211e-36
-9.60467e-36
-6.89148e-35
-6.0629e-35
6.0629e-35
6.89153e-35
9.61936e-36
1.74379e-36
4.1923e-36
8.08179e-36
4.03446e-36
2.81846e-37
1.46894e-38
3.49785e-40
-1.31122e-39
-6.66178e-39
)
;
    }
    procBoundary1to3
    {
        type            processor;
        value           nonuniform List<scalar> 
45
(
2.85559e-39
2.3774e-38
1.77644e-37
1.30228e-36
7.19202e-36
4.7184e-35
3.4523e-35
-9.02455e-35
-8.91865e-35
4.19945e-35
9.5583e-35
4.93232e-35
-4.08117e-35
-4.82516e-35
-7.45352e-36
-1.19821e-36
-1.44557e-37
-4.8618e-38
-2.67648e-37
-2.25618e-36
-1.37238e-35
-8.9171e-35
-3.4398e-35
1.33457e-34
1.03231e-34
9.31838e-36
-3.74093e-35
1.07268e-34
4.92712e-35
4.14492e-35
-4.15039e-35
-4.05834e-35
1.33181e-34
-1.41816e-34
-7.68215e-36
1.79363e-36
1.51827e-35
1.00827e-34
8.64735e-35
-1.14211e-34
-4.80895e-35
1.63355e-34
-1.14135e-34
-1.40146e-35
-6.85511e-35
)
;
    }
}


// ************************************************************************* //
