/*--------------------------------*- C++ -*----------------------------------*\
| =========                 |                                                 |
| \\      /  F ield         | OpenFOAM: The Open Source CFD Toolbox           |
|  \\    /   O peration     | Version:  2.4.0                                 |
|   \\  /    A nd           | Web:      www.OpenFOAM.org                      |
|    \\/     M anipulation  |                                                 |
\*---------------------------------------------------------------------------*/
FoamFile
{
    version     2.0;
    format      ascii;
    class       volVectorField;
    location    "0.75";
    object      U;
}
// * * * * * * * * * * * * * * * * * * * * * * * * * * * * * * * * * * * * * //

dimensions      [0 1 -1 0 0 0 0];

internalField   nonuniform List<vector> 
1915
(
(8.68519e-41 -1.77746e-38 0)
(1.67499e-39 -2.94102e-39 0)
(7.7764e-40 -1.46032e-37 0)
(1.6044e-38 -2.41918e-38 0)
(5.48256e-39 -1.09941e-36 0)
(1.25265e-37 -1.81842e-37 0)
(3.5365e-38 -7.91713e-36 0)
(9.27315e-37 -1.30575e-36 0)
(2.05702e-37 -5.34628e-35 0)
(6.55537e-36 -8.81247e-36 0)
(9.97853e-37 -3.46427e-34 0)
(4.31846e-35 -5.68528e-35 0)
(3.71226e-36 -2.0417e-33 0)
(2.7081e-34 -3.35855e-34 0)
(3.81145e-36 -1.18158e-32 0)
(1.50973e-33 -1.91927e-33 0)
(-5.26005e-35 -5.69678e-32 0)
(8.03323e-33 -9.36309e-33 0)
(-4.59247e-34 -3.05502e-31 0)
(3.14667e-32 -4.73467e-32 0)
(-8.33038e-36 -2.67394e-36 0)
(-7.59162e-35 -1.8349e-35 0)
(-3.85249e-34 -1.34284e-34 0)
(-3.91631e-33 -1.025e-34 0)
(-3.59955e-33 2.58417e-34 0)
(3.59955e-33 2.58417e-34 0)
(3.91631e-33 -1.025e-34 0)
(3.85254e-34 -1.34282e-34 0)
(7.6014e-35 -1.83537e-35 0)
(8.58553e-36 -2.90702e-36 0)
(1.17745e-36 -3.30685e-37 0)
(1.25559e-37 -3.95128e-38 0)
(-1.16263e-42 -7.96415e-39 0)
(-1.25572e-37 -3.95162e-38 0)
(-1.1776e-36 -3.30723e-37 0)
(-8.58697e-36 -2.90742e-36 0)
(-7.60286e-35 -1.83578e-35 0)
(-3.85382e-34 -1.34322e-34 0)
(-3.91751e-33 -1.02834e-34 0)
(-3.60827e-33 2.5547e-34 0)
(3.52235e-33 2.39728e-34 0)
(3.52235e-33 -2.39728e-34 0)
(-3.60827e-33 -2.5547e-34 0)
(-3.91751e-33 1.02834e-34 0)
(-3.85382e-34 1.34322e-34 0)
(-7.60287e-35 1.83577e-35 0)
(-8.58842e-36 2.90701e-36 0)
(-1.19226e-36 3.26669e-37 0)
(-2.55286e-37 -3.66556e-40 0)
(-1.20508e-36 -3.30277e-37 0)
(-8.70086e-36 -2.94211e-36 0)
(-7.70779e-35 -1.86488e-35 0)
(-3.92776e-34 -1.36894e-34 0)
(-3.98481e-33 -1.18241e-34 0)
(-3.91631e-33 1.39876e-34 0)
(-1.23926e-39 2.74457e-34 0)
(3.9163e-33 1.39873e-34 0)
(3.9847e-33 -1.18271e-34 0)
(3.91571e-34 -1.36956e-34 0)
(7.11995e-35 -1.67674e-35 0)
(-3.00034e-36 1.21194e-36 0)
(-2.42939e-35 9.74531e-36 0)
(-1.20445e-34 7.12322e-35 0)
(-7.87112e-34 5.42196e-35 0)
(-6.88223e-34 -1.36855e-34 0)
(6.88223e-34 -1.36855e-34 0)
(7.87112e-34 5.42196e-35 0)
(1.20448e-34 7.12319e-35 0)
(2.43381e-35 9.75603e-36 0)
(3.18282e-36 1.4666e-36 0)
(4.4981e-37 1.60419e-37 0)
(5.12169e-38 1.82421e-38 0)
(-5.33488e-43 3.53875e-39 0)
(-5.12228e-38 1.82435e-38 0)
(-4.49873e-37 1.60435e-37 0)
(-3.18345e-36 1.46678e-36 0)
(-2.43441e-35 9.75782e-36 0)
(-1.20501e-34 7.12501e-35 0)
(-7.87568e-34 5.43818e-35 0)
(-6.91458e-34 -1.3537e-34 0)
(6.63429e-34 -1.26936e-34 0)
(6.63429e-34 1.26936e-34 0)
(-6.91458e-34 1.3537e-34 0)
(-7.87568e-34 -5.43818e-35 0)
(-1.20501e-34 -7.12501e-35 0)
(-2.43442e-35 -9.7578e-36 0)
(-3.18408e-36 -1.4666e-36 0)
(-4.56012e-37 -1.58635e-37 0)
(-1.04241e-37 1.57486e-40 0)
(-4.61348e-37 1.60244e-37 0)
(-3.22983e-36 1.48288e-36 0)
(-2.47416e-35 9.89996e-36 0)
(-1.23228e-34 7.25545e-35 0)
(-8.08671e-34 6.26529e-35 0)
(-7.87112e-34 -7.4056e-35 0)
(-5.87969e-40 -1.45433e-34 0)
(7.87106e-34 -7.40548e-35 0)
(8.08622e-34 6.2661e-35 0)
(1.22733e-34 7.24792e-35 0)
(2.21372e-35 7.44279e-36 0)
(-8.55714e-37 4.59392e-37 0)
(-5.83399e-36 3.51018e-36 0)
(-2.20053e-35 2.05286e-35 0)
(-1.12054e-34 1.44424e-35 0)
(-9.51407e-35 -3.91208e-35 0)
(9.51407e-35 -3.91208e-35 0)
(1.12054e-34 1.44424e-35 0)
(2.20056e-35 2.05283e-35 0)
(5.84137e-36 3.51382e-36 0)
(8.70953e-37 5.60781e-37 0)
(1.37006e-37 6.67961e-38 0)
(1.667e-38 7.88529e-39 0)
(-2.05187e-43 1.60205e-39 0)
(-1.66723e-38 7.88596e-39 0)
(-1.37029e-37 6.68036e-38 0)
(-8.71176e-37 5.60862e-37 0)
(-5.84346e-36 3.51463e-36 0)
(-2.20227e-35 2.05362e-35 0)
(-1.12193e-34 1.451e-35 0)
(-9.60288e-35 -3.85522e-35 0)
(8.91602e-35 -3.55394e-35 0)
(8.91602e-35 3.55394e-35 0)
(-9.60288e-35 3.85522e-35 0)
(-1.12193e-34 -1.451e-35 0)
(-2.20227e-35 -2.05362e-35 0)
(-5.84348e-36 -3.51462e-36 0)
(-8.71402e-37 -5.6078e-37 0)
(-1.39142e-37 -6.59883e-38 0)
(-3.39851e-38 7.29946e-41 0)
(-1.40965e-37 6.67149e-38 0)
(-8.86199e-37 5.67777e-37 0)
(-5.9634e-36 3.57352e-36 0)
(-2.27545e-35 2.10294e-35 0)
(-1.17146e-34 1.74552e-35 0)
(-1.12054e-34 -2.16052e-35 0)
(-1.24178e-40 -4.2194e-35 0)
(1.12053e-34 -2.16046e-35 0)
(1.17138e-34 1.74592e-35 0)
(2.26781e-35 2.10062e-35 0)
(5.5504e-36 2.68191e-36 0)
(-1.73136e-37 1.44321e-37 0)
(-1.01741e-36 1.02442e-36 0)
(-2.93783e-36 5.55529e-36 0)
(-1.2212e-35 3.79787e-36 0)
(-1.0147e-35 -1.05821e-35 0)
(1.0147e-35 -1.05821e-35 0)
(1.2212e-35 3.79787e-36 0)
(2.93779e-36 5.55528e-36 0)
(1.01802e-36 1.02607e-36 0)
(1.71043e-37 1.77403e-37 0)
(2.92111e-38 2.2439e-38 0)
(3.75866e-39 2.79517e-39 0)
(-5.27131e-44 5.91126e-40 0)
(-3.75923e-39 2.79544e-39 0)
(-2.92169e-38 2.24419e-38 0)
(-1.71097e-37 1.77434e-37 0)
(-1.01851e-36 1.02637e-36 0)
(-2.94166e-36 5.55808e-36 0)
(-1.22417e-35 3.8206e-36 0)
(-1.03219e-35 -1.0402e-35 0)
(9.09931e-36 -9.53335e-36 0)
(9.09931e-36 9.53335e-36 0)
(-1.03219e-35 1.0402e-35 0)
(-1.22417e-35 -3.8206e-36 0)
(-2.94166e-36 -5.55808e-36 0)
(-1.01852e-36 -1.02636e-36 0)
(-1.71152e-37 -1.77402e-37 0)
(-2.97132e-38 -2.21408e-38 0)
(-7.67353e-39 2.77791e-41 0)
(-3.01393e-38 2.2408e-38 0)
(-1.74473e-37 1.79869e-37 0)
(-1.04387e-36 1.046e-36 0)
(-3.08299e-36 5.71275e-36 0)
(-1.30848e-35 4.66647e-36 0)
(-1.2212e-35 -5.89547e-36 0)
(-1.70663e-41 -1.14709e-35 0)
(1.22119e-35 -5.89534e-36 0)
(1.30843e-35 4.66705e-36 0)
(3.07764e-36 5.70181e-36 0)
(1.00606e-36 7.74376e-37 0)
(-3.21005e-38 3.12013e-38 0)
(-1.63622e-37 2.11687e-37 0)
(-3.26494e-37 1.07225e-36 0)
(-9.85966e-37 7.11742e-37 0)
(-7.97503e-37 -2.04076e-36 0)
(7.97503e-37 -2.04076e-36 0)
(9.85964e-37 7.11743e-37 0)
(3.26462e-37 1.07226e-36 0)
(1.63524e-37 2.12137e-37 0)
(3.04736e-38 3.87387e-38 0)
(5.627e-39 5.14451e-39 0)
(7.57902e-40 6.65182e-40 0)
(-1.19053e-44 1.45115e-40 0)
(-7.58028e-40 6.65252e-40 0)
(-5.62826e-39 5.14527e-39 0)
(-3.04852e-38 3.87465e-38 0)
(-1.63627e-37 2.12211e-37 0)
(-3.27243e-37 1.07293e-36 0)
(-9.91695e-37 7.1696e-37 0)
(-8.28758e-37 -2.00136e-36 0)
(6.28248e-37 -1.82341e-36 0)
(6.28248e-37 1.82341e-36 0)
(-8.28758e-37 2.00136e-36 0)
(-9.91695e-37 -7.1696e-37 0)
(-3.27243e-37 -1.07293e-36 0)
(-1.63628e-37 -2.1221e-37 0)
(-3.0497e-38 -3.87386e-38 0)
(-5.73218e-39 -5.07128e-39 0)
(-1.54932e-39 6.96727e-42 0)
(-5.82093e-39 5.13671e-39 0)
(-3.11635e-38 3.93228e-38 0)
(-1.68475e-37 2.16688e-37 0)
(-3.51986e-37 1.10645e-36 0)
(-1.12396e-36 8.89693e-37 0)
(-9.85965e-37 -1.14645e-36 0)
(-7.04332e-43 -2.22333e-36 0)
(9.85966e-37 -1.14644e-36 0)
(1.1241e-36 8.89701e-37 0)
(3.5306e-37 1.1034e-36 0)
(1.70558e-37 1.57883e-37 0)
(-5.27883e-39 6.09394e-39 0)
(-2.40121e-38 3.96212e-38 0)
(-3.21891e-38 1.92882e-37 0)
(-4.92455e-38 1.25838e-37 0)
(-3.70064e-38 -3.67314e-37 0)
(3.70064e-38 -3.67314e-37 0)
(4.92452e-38 1.25839e-37 0)
(3.2182e-38 1.9289e-37 0)
(2.39669e-38 3.97524e-38 0)
(4.85674e-39 7.62433e-39 0)
(9.51475e-40 1.05166e-39 0)
(1.32964e-40 1.40565e-40 0)
(-2.29344e-45 3.14489e-41 0)
(-1.32988e-40 1.40581e-40 0)
(-9.51712e-40 1.05183e-39 0)
(-4.85888e-39 7.62606e-39 0)
(-2.39855e-38 3.97683e-38 0)
(-3.23192e-38 1.93031e-37 0)
(-5.02155e-38 1.26907e-37 0)
(-4.20004e-38 -3.59549e-37 0)
(1.20692e-38 -3.26494e-37 0)
(1.20692e-38 3.26494e-37 0)
(-4.20004e-38 3.59549e-37 0)
(-5.02155e-38 -1.26907e-37 0)
(-3.23192e-38 -1.93031e-37 0)
(-2.39857e-38 -3.97681e-38 0)
(-4.86105e-39 -7.62432e-39 0)
(-9.70491e-40 -1.03578e-39 0)
(-2.72113e-40 1.53862e-42 0)
(-9.86461e-40 1.04993e-39 0)
(-4.97755e-39 7.7473e-39 0)
(-2.48002e-38 4.0679e-38 0)
(-3.62057e-38 1.99588e-37 0)
(-6.91884e-38 1.58894e-37 0)
(-4.92452e-38 -2.07479e-37 0)
(2.85126e-43 -4.0131e-37 0)
(4.92495e-38 -2.07479e-37 0)
(6.92439e-38 1.58866e-37 0)
(3.66415e-38 1.98838e-37 0)
(2.62084e-38 2.91477e-38 0)
(-6.78069e-40 9.84632e-40 0)
(-3.41443e-39 6.34864e-39 0)
(-3.0559e-39 3.06744e-38 0)
(1.64539e-39 1.97014e-38 0)
(1.90158e-39 -5.84963e-38 0)
(-1.90113e-39 -5.84959e-38 0)
(-1.64273e-39 1.97059e-38 0)
(3.07186e-39 3.07064e-38 0)
(3.41686e-39 6.56125e-39 0)
(7.34795e-40 1.30764e-39 0)
(1.50592e-40 1.86176e-40 0)
(2.16414e-41 2.55502e-41 0)
(-4.02933e-46 5.83851e-42 0)
(-2.16456e-41 2.55533e-41 0)
(-1.50633e-40 1.86209e-40 0)
(-7.35159e-40 1.30797e-39 0)
(-3.41996e-39 6.5642e-39 0)
(-3.09423e-39 3.0732e-38 0)
(1.48901e-39 1.9895e-38 0)
(1.14401e-39 -5.71626e-38 0)
(-5.47176e-39 -5.17455e-38 0)
(-5.47176e-39 5.17455e-38 0)
(1.14401e-39 5.71626e-38 0)
(1.48901e-39 -1.9895e-38 0)
(-3.09423e-39 -3.07319e-38 0)
(-3.42e-39 -6.56417e-39 0)
(-7.35527e-40 -1.30764e-39 0)
(-1.53764e-40 -1.83228e-40 0)
(-4.43312e-41 2.90051e-43 0)
(-1.56416e-40 1.85851e-40 0)
(-7.54431e-40 1.32992e-39 0)
(-3.54827e-39 6.72476e-39 0)
(-3.6753e-39 3.18505e-38 0)
(-1.17069e-39 2.5123e-38 0)
(1.64274e-39 -3.32066e-38 0)
(1.09381e-43 -6.40792e-38 0)
(-1.64147e-39 -3.32071e-38 0)
(1.18386e-39 2.51139e-38 0)
(3.77508e-39 3.17e-38 0)
(3.89421e-39 4.74785e-39 0)
(2.56635e-39 8.61204e-40 0)
(-6.30105e-41 -5.36474e-40 0)
(-1.31216e-40 4.39716e-39 0)
(8.84789e-40 2.9071e-39 0)
(7.8441e-40 -8.83423e-39 0)
(-7.80844e-40 -8.8314e-39 0)
(-8.60854e-40 2.93784e-39 0)
(3.00216e-40 4.63282e-39 0)
(4.65011e-40 1.01615e-39 0)
(1.04301e-40 2.08979e-40 0)
(2.20835e-41 3.05023e-41 0)
(3.24473e-42 4.27789e-42 0)
(-6.43586e-47 9.94323e-43 0)
(-3.24539e-42 4.27844e-42 0)
(-2.20899e-41 3.0508e-41 0)
(-1.04357e-40 2.09035e-40 0)
(-4.65483e-40 1.01665e-39 0)
(-3.0357e-40 4.6371e-39 0)
(8.38326e-40 2.96887e-39 0)
(6.73529e-40 -8.61784e-39 0)
(-1.26876e-39 -7.78395e-39 0)
(-1.26876e-39 7.78395e-39 0)
(6.73529e-40 8.61784e-39 0)
(8.38326e-40 -2.96887e-39 0)
(-3.03571e-40 -4.6371e-39 0)
(-4.6549e-40 -1.01665e-39 0)
(-1.04415e-40 -2.08978e-40 0)
(-2.25684e-41 -3.00001e-41 0)
(-6.65191e-42 5.00284e-44 0)
(-2.29726e-41 3.0446e-41 0)
(-1.07242e-40 2.12698e-40 0)
(-4.84222e-40 1.04287e-39 0)
(-3.8531e-40 4.81508e-39 0)
(4.80974e-40 3.77176e-39 0)
(8.6089e-40 -5.03217e-39 0)
(2.4477e-44 -9.69217e-39 0)
(-8.60629e-40 -5.03233e-39 0)
(-4.78543e-40 3.76963e-39 0)
(4.03109e-40 4.78784e-39 0)
(5.46961e-40 7.26583e-40 0)
(5.09119e-38 -1.15299e-38 0)
(5.49224e-39 -1.06047e-38 0)
(1.54063e-39 -8.55012e-40 0)
(3.48933e-40 2.38305e-40 0)
(1.60368e-40 -1.25908e-39 0)
(-1.3478e-40 -1.24445e-39 0)
(-1.5529e-40 4.08688e-40 0)
(3.14358e-41 6.51778e-40 0)
(6.13236e-41 1.46269e-40 0)
(1.41505e-41 3.08377e-41 0)
(3.06906e-42 4.59487e-42 0)
(4.58751e-43 6.55843e-43 0)
(-9.54075e-48 1.54635e-43 0)
(-4.58848e-43 6.55931e-43 0)
(-3.06999e-42 4.59579e-42 0)
(-1.41586e-41 3.08466e-41 0)
(-6.13899e-41 1.46348e-40 0)
(-3.1892e-41 6.52443e-40 0)
(1.5237e-40 4.13477e-40 0)
(1.22465e-40 -1.21153e-39 0)
(-2.01551e-40 -1.09209e-39 0)
(-2.01551e-40 1.09209e-39 0)
(1.22465e-40 1.21153e-39 0)
(1.5237e-40 -4.13477e-40 0)
(-3.18921e-41 -6.52443e-40 0)
(-6.13909e-41 -1.46347e-40 0)
(-1.41669e-41 -3.08377e-41 0)
(-3.13869e-42 -4.51675e-42 0)
(-9.41091e-43 7.86266e-45 0)
(-3.19657e-42 4.58602e-42 0)
(-1.45658e-41 3.14066e-41 0)
(-6.39858e-41 1.50285e-40 0)
(-4.29048e-41 6.78609e-40 0)
(1.05674e-40 5.28253e-40 0)
(1.55508e-40 -7.10688e-40 0)
(4.47865e-45 -1.36656e-39 0)
(-1.55463e-40 -7.10723e-40 0)
(-1.0528e-40 5.27852e-40 0)
(4.57075e-41 6.74192e-40 0)
(7.39244e-41 1.03542e-40 0)
(7.93796e-37 1.62447e-37 0)
(9.47099e-38 -6.76548e-38 0)
(1.29435e-38 -9.13554e-39 0)
(1.34924e-39 -8.35909e-40 0)
(1.53272e-40 -2.44638e-40 0)
(-7.02194e-42 -1.7309e-40 0)
(-2.094e-41 5.38378e-41 0)
(3.54283e-42 8.73687e-41 0)
(7.73895e-42 1.99689e-41 0)
(1.82288e-42 4.29102e-42 0)
(4.02548e-43 6.49698e-43 0)
(6.10295e-44 9.39943e-44 0)
(-1.15066e-48 2.24102e-44 0)
(-6.10404e-44 9.40082e-44 0)
(-4.02639e-43 6.49845e-43 0)
(-1.82348e-42 4.2925e-42 0)
(-7.74118e-42 1.99829e-41 0)
(-3.51859e-42 8.75e-41 0)
(2.15922e-41 5.49952e-41 0)
(1.73155e-41 -1.62373e-40 0)
(-2.73449e-41 -1.46125e-40 0)
(-2.73449e-41 1.46125e-40 0)
(1.73155e-41 1.62373e-40 0)
(2.15922e-41 -5.49952e-41 0)
(-3.5186e-42 -8.74999e-41 0)
(-7.74131e-42 -1.99828e-41 0)
(-1.82461e-42 -4.29119e-42 0)
(-4.11895e-43 -6.38388e-43 0)
(-1.25263e-43 1.14875e-45 0)
(-4.19677e-43 6.48416e-43 0)
(-1.87758e-42 4.37258e-42 0)
(-8.0807e-42 2.05383e-41 0)
(-4.9292e-42 9.11302e-41 0)
(1.57458e-41 7.05816e-41 0)
(2.2004e-41 -9.55993e-41 0)
(7.1307e-46 -1.83583e-40 0)
(-2.19971e-41 -9.56056e-41 0)
(-1.56883e-41 7.05153e-41 0)
(5.32716e-42 9.04675e-41 0)
(9.49015e-42 1.40257e-41 0)
(1.0494e-33 -1.08709e-30 0)
(1.83787e-31 -1.80251e-31 0)
(1.90724e-32 -1.13799e-29 0)
(-3.22201e-32 -1.28365e-30 0)
(1.9508e-31 1.46792e-30 0)
(-2.10422e-31 1.75119e-31 0)
(1.90801e-32 1.30121e-29 0)
(1.36628e-32 1.48692e-30 0)
(1.24034e-33 1.31833e-30 0)
(2.04769e-31 2.22596e-31 0)
(6.60944e-35 8.1437e-31 0)
(-3.0039e-32 1.45934e-31 0)
(6.1881e-35 2.86081e-30 0)
(-4.15936e-31 4.89149e-31 0)
(1.03357e-34 2.42086e-29 0)
(-7.12469e-31 3.01041e-30 0)
(3.13902e-36 4.49168e-29 0)
(-2.16988e-32 5.35607e-30 0)
(-1.03043e-34 2.55146e-29 0)
(7.10005e-31 3.15795e-30 0)
(4.41851e-31 5.03624e-31 0)
(6.21887e-32 1.01295e-31 0)
(9.11532e-33 1.3243e-32 0)
(9.96323e-34 1.88023e-33 0)
(1.10009e-34 5.42355e-34 0)
(5.19216e-36 3.01869e-33 0)
(-5.35878e-35 2.81579e-32 0)
(-5.53605e-34 2.04058e-31 0)
(-4.11325e-33 1.77572e-30 0)
(-3.11851e-32 8.69736e-30 0)
(-2.75759e-32 8.14134e-29 0)
(2.75762e-32 8.14134e-29 0)
(3.11797e-32 8.69734e-30 0)
(3.90054e-33 1.77551e-30 0)
(-3.83631e-33 2.0273e-31 0)
(-6.60863e-32 1.84065e-32 0)
(-6.76785e-31 2.99518e-33 0)
(-6.61405e-32 1.00835e-32 0)
(-4.38992e-33 1.35993e-33 0)
(-2.12323e-34 2.13982e-34 0)
(-2.45973e-36 2.54923e-35 0)
(2.30624e-35 1.44138e-35 0)
(1.16148e-34 6.16041e-35 0)
(2.85601e-32 -1.89245e-32 0)
(5.34691e-33 -1.95281e-33 0)
(7.06888e-34 -2.01887e-34 0)
(9.538e-35 -2.01073e-35 0)
(-6.42819e-33 -1.1129e-31 0)
(-1.08476e-33 -7.59167e-33 0)
(-1.40937e-34 -3.7751e-34 0)
(-1.58703e-35 -1.01884e-35 0)
(-4.44791e-32 1.57144e-32 0)
(-7.31438e-33 1.09323e-33 0)
(-9.3964e-34 5.29524e-35 0)
(-1.04931e-34 9.64628e-37 0)
(1.89949e-33 1.30531e-31 0)
(4.99844e-34 8.98294e-33 0)
(8.29987e-35 4.5098e-34 0)
(1.51692e-35 1.22754e-35 0)
(3.58807e-32 2.47062e-32 0)
(6.75707e-33 2.12523e-33 0)
(9.23546e-34 1.60315e-34 0)
(1.25332e-34 1.16884e-35 0)
(-6.42452e-33 2.39933e-32 0)
(-1.3264e-33 3.03946e-33 0)
(-1.98138e-34 3.81881e-34 0)
(-2.83059e-35 4.35128e-35 0)
(-7.66261e-32 6.13111e-32 0)
(-1.46689e-32 6.119e-33 0)
(-2.04494e-33 5.90014e-34 0)
(-2.79538e-34 5.5661e-35 0)
(-1.27529e-31 2.80851e-31 0)
(-2.41642e-32 2.06139e-32 0)
(-3.3287e-33 1.16228e-33 0)
(-4.52135e-34 4.65176e-35 0)
(-3.83537e-33 4.80073e-31 0)
(-7.23231e-34 3.35077e-32 0)
(-9.90625e-35 1.6512e-33 0)
(-1.34122e-35 3.58771e-35 0)
(1.27026e-31 2.93277e-31 0)
(2.40673e-32 2.14027e-32 0)
(3.315e-33 1.1893e-33 0)
(4.50276e-34 4.53508e-35 0)
(8.13827e-32 6.22869e-32 0)
(1.5591e-32 6.11704e-33 0)
(2.17459e-33 5.76287e-34 0)
(2.97452e-34 5.31899e-35 0)
(1.31482e-32 1.67714e-32 0)
(2.66858e-33 2.13952e-33 0)
(3.94072e-34 2.69972e-34 0)
(5.57902e-35 3.08525e-35 0)
(2.01021e-33 2.48733e-33 0)
(4.35898e-34 3.5375e-34 0)
(6.73752e-35 4.85286e-35 0)
(9.93759e-36 5.8942e-36 0)
(2.28595e-34 3.91339e-34 0)
(5.18862e-35 6.03582e-35 0)
(8.27868e-36 8.85287e-36 0)
(1.25525e-36 1.13167e-36 0)
(-8.41476e-36 1.26362e-34 0)
(-2.82742e-36 2.59331e-35 0)
(-1.16375e-36 4.18651e-36 0)
(-2.13444e-37 6.21871e-37 0)
(-3.58153e-34 7.09882e-34 0)
(-9.06676e-35 1.56199e-34 0)
(-2.13514e-35 2.49654e-35 0)
(-3.54954e-36 3.75264e-36 0)
(-3.20711e-33 6.27562e-33 0)
(-7.90818e-34 1.30428e-33 0)
(-1.78178e-34 1.98287e-34 0)
(-2.87281e-35 2.86945e-35 0)
(-2.94316e-32 4.38195e-32 0)
(-6.84507e-33 8.20615e-33 0)
(-1.46998e-33 1.15594e-33 0)
(-2.27302e-34 1.56288e-34 0)
(-1.93614e-31 3.39516e-31 0)
(-4.30613e-32 5.61044e-32 0)
(-8.63197e-33 7.05597e-33 0)
(-1.27274e-33 8.74843e-34 0)
(-1.39293e-30 1.57376e-30 0)
(-2.65971e-31 1.87076e-31 0)
(-5.0373e-32 1.69195e-32 0)
(-7.00548e-33 1.38535e-33 0)
(-1.22587e-30 1.04111e-29 0)
(-2.29047e-31 9.63425e-31 0)
(-4.30523e-32 6.75674e-32 0)
(-5.93455e-33 3.38232e-33 0)
(1.22587e-30 1.04111e-29 0)
(2.29047e-31 9.63428e-31 0)
(4.30519e-32 6.75682e-32 0)
(5.93444e-33 3.38249e-33 0)
(1.39292e-30 1.57378e-30 0)
(2.65966e-31 1.87106e-31 0)
(5.03688e-32 1.69267e-32 0)
(7.00448e-33 1.38688e-33 0)
(1.93405e-31 3.39739e-31 0)
(4.29826e-32 5.6373e-32 0)
(8.5915e-33 7.11754e-33 0)
(1.26389e-33 8.874e-34 0)
(2.51077e-32 4.52211e-32 0)
(5.67328e-33 9.88775e-33 0)
(1.04929e-33 1.52244e-33 0)
(1.46478e-34 2.26002e-34 0)
(-6.20525e-32 1.65714e-32 0)
(-1.24474e-32 1.33355e-32 0)
(-3.04887e-33 2.45505e-33 0)
(-5.02455e-34 4.36035e-34 0)
(-6.69688e-31 7.04479e-34 0)
(-9.62302e-32 1.55331e-34 0)
(-2.20035e-32 2.4972e-35 0)
(-3.244e-33 4.35568e-36 0)
(-6.52251e-32 -1.02156e-32 0)
(-1.3229e-32 -1.20124e-32 0)
(-3.22416e-33 -2.25226e-33 0)
(-5.28122e-34 -4.00565e-34 0)
(-4.32034e-33 -1.39335e-33 0)
(-1.16925e-33 -1.67743e-33 0)
(-4.13267e-34 -3.52323e-34 0)
(-5.22217e-35 -7.36359e-36 0)
(-2.0631e-34 -2.18764e-34 0)
(-6.2454e-35 -2.50656e-34 0)
(3.28779e-35 5.07078e-35 0)
(3.02149e-34 5.13179e-34 0)
(1.56411e-35 -3.78474e-36 0)
(1.2842e-34 1.10529e-34 0)
(6.42415e-34 9.13521e-34 0)
(3.01437e-33 4.51115e-33 0)
(1.66656e-34 9.85125e-35 0)
(1.11841e-33 7.31089e-34 0)
(5.86576e-33 5.08726e-33 0)
(3.10982e-32 2.67257e-32 0)
(8.93685e-34 5.42821e-34 0)
(6.44295e-33 4.05593e-33 0)
(3.81532e-32 2.9733e-32 0)
(2.35891e-31 1.64205e-31 0)
(1.0706e-35 -1.66733e-36 0)
(1.12046e-36 -6.34774e-38 0)
(1.06819e-37 -2.64586e-39 0)
(9.92832e-39 -1.31173e-40 0)
(8.66422e-40 -2.56287e-41 0)
(7.13773e-41 -1.61155e-41 0)
(3.83916e-42 4.83464e-42 0)
(7.40645e-43 7.96436e-42 0)
(7.16788e-43 1.85267e-42 0)
(1.65709e-43 4.08336e-43 0)
(3.66856e-44 6.30173e-44 0)
(5.60431e-45 9.29392e-45 0)
(6.71366e-49 2.24943e-45 0)
(-5.5935e-45 9.29554e-45 0)
(-3.65215e-44 6.30347e-44 0)
(-1.63306e-43 4.08515e-43 0)
(-6.83185e-43 1.85439e-42 0)
(-2.86732e-43 7.98067e-42 0)
(2.00978e-42 4.98021e-42 0)
(1.60837e-42 -1.48048e-41 0)
(-2.49708e-42 -1.33051e-41 0)
(-2.49708e-42 1.33051e-41 0)
(1.60837e-42 1.48048e-41 0)
(2.00978e-42 -4.98021e-42 0)
(-2.86733e-43 -7.98067e-42 0)
(-6.83197e-43 -1.85438e-42 0)
(-1.63411e-43 -4.08381e-43 0)
(-3.73774e-44 -6.1884e-44 0)
(-1.14833e-44 1.16761e-46 0)
(-3.80957e-44 6.2889e-44 0)
(-1.6826e-43 4.16408e-43 0)
(-7.13919e-43 1.90809e-42 0)
(-4.12569e-43 8.32491e-42 0)
(1.49644e-42 6.41578e-42 0)
(2.04715e-42 -8.75087e-42 0)
(7.50475e-47 -1.67782e-41 0)
(-2.04644e-42 -8.7516e-42 0)
(-1.49068e-42 6.40847e-42 0)
(4.52314e-43 8.25781e-42 0)
(8.58793e-43 1.28424e-42 0)
(-1.4092e-36 5.91472e-37 0)
(-9.8765e-38 1.06674e-37 0)
(-4.80704e-39 1.02406e-38 0)
(1.77728e-41 7.9645e-40 0)
(4.03684e-41 5.29869e-41 0)
(6.686e-42 2.03731e-42 0)
(6.63319e-43 5.65955e-43 0)
(1.03869e-43 6.57993e-43 0)
(5.67136e-44 1.53259e-43 0)
(1.25276e-44 3.40225e-44 0)
(2.74788e-45 5.29481e-45 0)
(4.21693e-46 7.85421e-46 0)
(3.12586e-49 1.91146e-46 0)
(-4.17422e-46 7.85984e-46 0)
(-2.69294e-45 5.30062e-45 0)
(-1.18503e-44 3.40689e-44 0)
(-4.89112e-44 1.53396e-43 0)
(-1.97781e-44 6.52766e-43 0)
(1.46418e-43 4.04978e-43 0)
(1.16916e-43 -1.21026e-42 0)
(-1.80795e-43 -1.08641e-42 0)
(-1.80795e-43 1.08641e-42 0)
(1.16916e-43 1.21026e-42 0)
(1.46418e-43 -4.04978e-43 0)
(-1.97782e-44 -6.52766e-43 0)
(-4.89121e-44 -1.53395e-43 0)
(-1.18583e-44 -3.40575e-44 0)
(-2.75762e-45 -5.2028e-45 0)
(-8.5748e-46 9.9528e-48 0)
(-2.81179e-45 5.28819e-45 0)
(-1.22196e-44 3.47356e-44 0)
(-5.11719e-44 1.57907e-43 0)
(-2.88638e-44 6.81428e-43 0)
(1.09846e-43 5.23433e-43 0)
(1.49175e-43 -7.16972e-43 0)
(6.29995e-48 -1.37365e-42 0)
(-1.49117e-43 -7.17041e-43 0)
(-1.09391e-43 5.2276e-43 0)
(3.19671e-44 6.7553e-43 0)
(6.23868e-44 1.05848e-43 0)
(-9.53932e-36 -1.81948e-37 0)
(-7.25518e-37 -2.66325e-38 0)
(-4.7203e-38 -2.75833e-39 0)
(-2.1218e-39 -2.44202e-40 0)
(-7.99201e-42 -2.06232e-41 0)
(1.51812e-41 -1.71772e-42 0)
(2.3964e-42 -9.55454e-44 0)
(2.8492e-43 3.89061e-44 0)
(3.16163e-44 1.07876e-44 0)
(3.41832e-45 2.5302e-45 0)
(4.13095e-46 4.02112e-46 0)
(4.8157e-47 6.04796e-47 0)
(1.26587e-48 1.4871e-47 0)
(-3.12147e-47 6.06867e-47 0)
(-2.00579e-46 4.05255e-46 0)
(-8.76129e-46 2.57646e-45 0)
(-3.58309e-45 1.14524e-44 0)
(-1.42152e-45 4.8155e-44 0)
(1.07866e-44 2.97058e-44 0)
(8.59734e-45 -8.92451e-44 0)
(-1.3289e-44 -8.00238e-44 0)
(-1.3289e-44 8.00238e-44 0)
(8.59734e-45 8.92451e-44 0)
(1.07866e-44 -2.97058e-44 0)
(-1.42153e-45 -4.8155e-44 0)
(-3.58316e-45 -1.14523e-44 0)
(-8.76738e-46 -2.57557e-45 0)
(-2.05463e-46 -3.97637e-46 0)
(-6.43236e-47 7.79777e-49 0)
(-2.09544e-46 4.0428e-46 0)
(-9.03808e-46 2.62785e-45 0)
(-3.75125e-45 1.17967e-44 0)
(-2.09167e-45 5.0318e-44 0)
(8.11635e-45 3.85144e-44 0)
(1.0992e-44 -5.30083e-44 0)
(5.13745e-49 -1.01462e-43 0)
(-1.09874e-44 -5.30142e-44 0)
(-8.08058e-45 3.84588e-44 0)
(2.33232e-45 4.9852e-44 0)
(4.62848e-45 7.84897e-45 0)
(2.01239e-36 -7.25288e-37 0)
(2.5739e-37 -1.27501e-37 0)
(2.84215e-38 -1.23088e-38 0)
(3.05812e-39 -9.69453e-40 0)
(2.99775e-40 -6.82869e-41 0)
(2.83936e-41 -4.36323e-42 0)
(2.51553e-42 -2.44519e-43 0)
(2.15369e-43 -8.20818e-45 0)
(1.77377e-44 4.92566e-46 0)
(1.43491e-45 2.01494e-46 0)
(1.17539e-46 3.34653e-47 0)
(9.76258e-48 4.94217e-48 0)
(5.30664e-49 1.16591e-48 0)
(-2.18246e-48 4.61085e-48 0)
(-1.41089e-47 3.06408e-47 0)
(-6.11179e-47 1.93597e-46 0)
(-2.47637e-46 8.55532e-46 0)
(-9.68599e-47 3.56696e-45 0)
(7.47062e-46 2.19041e-45 0)
(5.94325e-46 -6.60772e-45 0)
(-9.19452e-46 -5.9197e-45 0)
(-9.19452e-46 5.9197e-45 0)
(5.94325e-46 6.60772e-45 0)
(7.47062e-46 -2.19041e-45 0)
(-9.68605e-47 -3.56696e-45 0)
(-2.47642e-46 -8.55525e-46 0)
(-6.11617e-47 -1.93529e-46 0)
(-1.44593e-47 -3.00597e-47 0)
(-4.56017e-48 5.96091e-50 0)
(-1.47501e-47 3.0566e-47 0)
(-6.30785e-47 1.97496e-46 0)
(-2.59449e-46 8.81543e-46 0)
(-1.43481e-46 3.72929e-45 0)
(5.63149e-46 2.84723e-45 0)
(7.61521e-46 -3.93153e-45 0)
(3.91335e-50 -7.52104e-45 0)
(-7.61171e-46 -3.93202e-45 0)
(-5.60527e-46 2.84276e-45 0)
(1.60871e-46 3.69299e-45 0)
(3.22697e-46 5.84632e-46 0)
(1.35576e-35 8.56167e-37 0)
(1.40219e-36 6.83714e-38 0)
(1.31559e-37 6.16267e-39 0)
(1.212e-38 5.5133e-40 0)
(1.04469e-39 4.89764e-41 0)
(8.7722e-41 4.14047e-42 0)
(7.00184e-42 3.40094e-43 0)
(5.43273e-43 2.69226e-44 0)
(4.04626e-44 2.08972e-45 0)
(2.93162e-45 1.62286e-46 0)
(2.05529e-46 1.27452e-47 0)
(1.40644e-47 1.05609e-48 0)
(9.17107e-49 1.30179e-49 0)
(-9.52335e-50 3.32671e-49 0)
(-9.7204e-49 2.17804e-48 0)
(-4.20628e-48 1.36609e-47 0)
(-1.69242e-47 5.99058e-47 0)
(-6.55039e-48 2.47568e-46 0)
(5.1097e-47 1.51337e-46 0)
(4.05871e-47 -4.58441e-46 0)
(-6.28506e-47 -4.10344e-46 0)
(-6.28506e-47 4.10344e-46 0)
(4.05871e-47 4.58441e-46 0)
(5.1097e-47 -1.51337e-46 0)
(-6.55043e-48 -2.47568e-46 0)
(-1.69245e-47 -5.99052e-47 0)
(-4.20956e-48 -1.3656e-47 0)
(-9.99994e-49 -2.13608e-48 0)
(-3.16905e-49 4.30155e-51 0)
(-1.02026e-48 2.17245e-48 0)
(-4.34267e-48 1.39394e-47 0)
(-1.77401e-47 6.17525e-47 0)
(-9.75427e-48 2.59006e-46 0)
(3.85605e-47 1.97216e-46 0)
(5.2097e-47 -2.73285e-46 0)
(2.87744e-51 -5.22453e-46 0)
(-5.20716e-47 -2.73322e-46 0)
(-3.83729e-47 1.96882e-46 0)
(1.09834e-47 2.56364e-46 0)
(2.22342e-47 4.07705e-47 0)
(-3.21788e-36 4.50491e-36 0)
(-3.41737e-37 4.14909e-37 0)
(-3.28793e-38 3.78587e-38 0)
(-3.06889e-39 3.24875e-39 0)
(-2.67654e-40 2.71644e-40 0)
(-2.25847e-41 2.16048e-41 0)
(-1.80939e-42 1.66908e-42 0)
(-1.40313e-43 1.23746e-43 0)
(-1.04291e-44 8.91613e-45 0)
(-7.51407e-46 6.20627e-46 0)
(-5.21896e-47 4.20696e-47 0)
(-3.51823e-48 2.77195e-48 0)
(-2.30832e-49 1.81349e-49 0)
(-2.49339e-50 3.3911e-50 0)
(-6.53773e-50 1.52161e-49 0)
(-2.76573e-49 9.4577e-49 0)
(-1.10466e-48 4.12939e-48 0)
(-4.23205e-49 1.69508e-47 0)
(3.33706e-48 1.03234e-47 0)
(2.64657e-48 -3.13777e-47 0)
(-4.10265e-48 -2.80653e-47 0)
(-4.10265e-48 2.80653e-47 0)
(2.64657e-48 3.13777e-47 0)
(3.33706e-48 -1.03234e-47 0)
(-4.23207e-49 -1.69508e-47 0)
(-1.10468e-48 -4.12935e-48 0)
(-2.76723e-49 -9.45385e-49 0)
(-6.60863e-50 -1.48575e-49 0)
(-2.10496e-50 3.0178e-52 0)
(-6.74364e-50 1.51121e-49 0)
(-2.85558e-49 9.65152e-49 0)
(-1.15851e-48 4.25778e-48 0)
(-6.33461e-49 1.77419e-47 0)
(2.52096e-48 1.34815e-47 0)
(3.40315e-48 -1.87307e-47 0)
(2.00831e-52 -3.57927e-47 0)
(-3.4014e-48 -1.87334e-47 0)
(-2.50821e-48 1.34572e-47 0)
(7.1608e-49 1.75541e-47 0)
(1.46099e-48 2.80408e-48 0)
(-3.04901e-35 5.07764e-36 0)
(-3.15777e-36 4.40435e-37 0)
(-2.96815e-37 3.91122e-38 0)
(-2.72911e-38 3.31417e-39 0)
(-2.34796e-39 2.75158e-40 0)
(-1.9635e-40 2.17703e-41 0)
(-1.56071e-41 1.67449e-42 0)
(-1.2042e-42 1.2362e-43 0)
(-8.91421e-44 8.86959e-45 0)
(-6.40948e-45 6.14424e-46 0)
(-4.44845e-46 4.14149e-47 0)
(-3.00285e-47 2.70697e-48 0)
(-1.96504e-48 1.72625e-49 0)
(-1.25922e-49 1.21992e-50 0)
(-1.19262e-50 1.07125e-50 0)
(-1.8264e-50 6.25661e-50 0)
(-7.07099e-50 2.71689e-49 0)
(-2.68502e-50 1.10771e-48 0)
(2.13595e-49 6.72113e-49 0)
(1.69175e-49 -2.04978e-48 0)
(-2.6249e-49 -1.83207e-48 0)
(-2.6249e-49 1.83207e-48 0)
(1.69175e-49 2.04978e-48 0)
(2.13595e-49 -6.72113e-49 0)
(-2.68488e-50 -1.10771e-48 0)
(-7.06838e-50 -2.71685e-49 0)
(-1.78077e-50 -6.25049e-50 0)
(-4.26691e-51 -9.87227e-51 0)
(-1.36411e-51 2.02531e-53 0)
(-4.35456e-51 1.00427e-50 0)
(-1.838e-50 6.38227e-50 0)
(-7.41562e-50 2.80214e-49 0)
(-4.03646e-50 1.15996e-48 0)
(1.61487e-49 8.79567e-49 0)
(2.17862e-49 -1.22536e-48 0)
(1.35591e-53 -2.34045e-48 0)
(-2.17744e-49 -1.22555e-48 0)
(-1.60644e-49 8.77896e-49 0)
(4.5779e-50 1.14725e-48 0)
(9.40706e-50 1.84019e-49 0)
(-4.8983e-35 1.08835e-38 0)
(-5.05147e-36 -1.74577e-37 0)
(-4.72712e-37 -2.20157e-38 0)
(-4.33292e-38 -2.06292e-39 0)
(-3.71611e-39 -1.77048e-40 0)
(-3.10024e-40 -1.41797e-41 0)
(-2.45851e-41 -1.09632e-42 0)
(-1.89337e-42 -8.11922e-44 0)
(-1.39904e-43 -5.83779e-45 0)
(-1.00441e-44 -4.05123e-46 0)
(-6.961e-46 -2.73433e-47 0)
(-4.69311e-47 -1.789e-48 0)
(-3.06743e-48 -1.14005e-49 0)
(-1.95368e-49 -6.96794e-51 0)
(-1.23548e-50 2.25313e-52 0)
(-1.8346e-51 4.01317e-51 0)
(-4.40277e-51 1.74919e-50 0)
(-1.64454e-51 7.09348e-50 0)
(1.31787e-50 4.29052e-50 0)
(1.04246e-50 -1.31221e-49 0)
(-1.61894e-50 -1.17212e-49 0)
(-1.61894e-50 1.17212e-49 0)
(1.04246e-50 1.31221e-49 0)
(1.31789e-50 -4.29052e-50 0)
(-1.64207e-51 -7.09349e-50 0)
(-4.35982e-51 -1.74932e-50 0)
(-1.10459e-51 -4.03684e-51 0)
(-2.65569e-52 -6.39924e-52 0)
(-8.52142e-53 1.32075e-54 0)
(-2.71055e-52 6.51025e-52 0)
(-1.14032e-51 4.12244e-51 0)
(-4.57574e-51 1.80459e-50 0)
(-2.47953e-51 7.43067e-50 0)
(9.97167e-51 5.62494e-50 0)
(1.34445e-50 -7.85318e-50 0)
(8.78296e-55 -1.49945e-49 0)
(-1.34369e-50 -7.85447e-50 0)
(-9.91806e-51 5.61377e-50 0)
(2.82072e-51 7.347e-50 0)
(5.8344e-51 1.183e-50 0)
(-1.44799e-36 -4.72813e-36 0)
(-1.48987e-37 -7.40021e-37 0)
(-1.39088e-38 -7.78827e-38 0)
(-1.2727e-39 -6.96121e-39 0)
(-1.08962e-40 -5.8817e-40 0)
(-9.07805e-42 -4.68073e-41 0)
(-7.18932e-43 -3.60758e-42 0)
(-5.53066e-44 -2.66569e-43 0)
(-4.08235e-45 -1.91338e-44 0)
(-2.92822e-46 -1.32573e-45 0)
(-2.02762e-47 -8.93597e-47 0)
(-1.366e-48 -5.8393e-48 0)
(-8.92179e-50 -3.71756e-49 0)
(-5.68006e-51 -2.3011e-50 0)
(-3.67103e-52 -1.34971e-51 0)
(-8.81113e-53 1.69508e-52 0)
(-2.64227e-52 1.0809e-51 0)
(-9.8393e-53 4.37823e-51 0)
(7.95115e-52 2.64012e-51 0)
(6.28236e-52 -8.09719e-51 0)
(-9.76408e-52 -7.22837e-51 0)
(-9.76408e-52 7.22837e-51 0)
(6.28236e-52 8.0972e-51 0)
(7.95119e-52 -2.64013e-51 0)
(-9.83224e-53 -4.37849e-51 0)
(-2.62984e-52 -1.0856e-51 0)
(-6.69431e-53 -2.51304e-52 0)
(-1.61308e-53 -3.99784e-53 0)
(-5.19086e-54 7.84906e-56 0)
(-1.64648e-53 4.06784e-53 0)
(-6.91191e-53 2.56663e-52 0)
(-2.76089e-52 1.12012e-51 0)
(-1.49039e-52 4.58824e-51 0)
(6.02004e-52 3.4674e-51 0)
(8.1125e-52 -4.85134e-51 0)
(5.56454e-56 -9.25968e-51 0)
(-8.1078e-52 -4.85216e-51 0)
(-5.98688e-52 3.46023e-51 0)
(1.69993e-52 4.53523e-51 0)
(3.53739e-52 7.32987e-52 0)
(4.87812e-35 -3.43672e-37 0)
(5.03072e-36 -2.15654e-37 0)
(4.70772e-37 -2.60505e-38 0)
(4.31518e-38 -2.41696e-39 0)
(3.70092e-39 -2.06827e-40 0)
(3.08758e-40 -1.65493e-41 0)
(2.44848e-41 -1.27914e-42 0)
(1.88566e-42 -9.47197e-44 0)
(1.39335e-43 -6.81006e-45 0)
(1.00033e-44 -4.72577e-46 0)
(6.93273e-46 -3.18956e-47 0)
(4.67406e-47 -2.08686e-48 0)
(3.05498e-48 -1.33006e-49 0)
(1.94534e-49 -8.24329e-51 0)
(1.20458e-50 -4.95997e-52 0)
(7.23946e-52 -1.41224e-53 0)
(2.74928e-53 6.40771e-53 0)
(-3.23469e-54 2.64155e-52 0)
(4.66554e-53 1.58985e-52 0)
(3.67138e-53 -4.88507e-52 0)
(-5.71007e-53 -4.35901e-52 0)
(-5.70936e-53 4.35918e-52 0)
(3.6712e-53 4.88657e-52 0)
(4.65089e-53 -1.58868e-52 0)
(-5.71245e-54 -2.64238e-52 0)
(-1.53827e-53 -6.58338e-53 0)
(-3.92789e-54 -1.5275e-53 0)
(-9.54169e-55 -2.35986e-54 0)
(-3.11943e-55 -7.93329e-56 0)
(-9.64791e-55 2.45873e-54 0)
(-4.05969e-54 1.55918e-53 0)
(-1.61486e-53 6.79333e-53 0)
(-8.68475e-54 2.77057e-52 0)
(3.52315e-53 2.09085e-52 0)
(4.7459e-53 -2.93042e-52 0)
(1.23869e-56 -5.59081e-52 0)
(-4.74357e-53 -2.92934e-52 0)
(-3.50463e-53 2.08546e-52 0)
(9.93177e-54 2.73712e-52 0)
(2.07909e-53 4.43496e-53 0)
(3.24629e-35 4.76746e-36 0)
(3.36368e-36 4.0947e-37 0)
(3.163e-37 3.61822e-38 0)
(2.90929e-38 3.05739e-39 0)
(2.50376e-39 2.534e-40 0)
(2.09435e-40 2.00199e-41 0)
(1.66514e-41 1.53799e-42 0)
(1.28506e-42 1.13409e-43 0)
(9.51468e-44 8.12808e-45 0)
(6.8425e-45 5.62424e-46 0)
(4.74984e-46 3.78669e-47 0)
(3.20684e-47 2.47185e-48 0)
(2.0988e-48 1.57224e-49 0)
(1.33804e-49 9.72608e-51 0)
(8.29518e-51 5.87203e-52 0)
(5.01441e-52 3.52211e-53 0)
(2.86976e-53 4.93496e-54 0)
(1.5098e-54 1.52876e-53 0)
(2.83797e-54 1.06839e-53 0)
(2.03953e-54 -2.74019e-53 0)
(-3.32815e-54 -2.52127e-53 0)
(-3.1879e-54 2.54975e-53 0)
(2.14532e-54 3.01302e-53 0)
(2.59749e-54 -8.40566e-54 0)
(-3.91616e-55 -1.4941e-53 0)
(-9.17496e-55 -4.18181e-54 0)
(-1.28325e-55 -1.06687e-54 0)
(-1.35308e-55 1.21935e-54 0)
(-1.18653e-55 -1.5213e-54 0)
(3.10952e-56 -2.0649e-55 0)
(-1.9844e-55 8.82187e-55 0)
(-8.61852e-55 4.24062e-54 0)
(-4.58644e-55 1.7275e-53 0)
(1.89904e-54 1.31154e-53 0)
(2.65359e-54 -1.81875e-53 0)
(1.69409e-55 -3.29343e-53 0)
(-2.74899e-54 -1.52546e-53 0)
(-2.13637e-54 1.13399e-53 0)
(5.66113e-55 1.56695e-53 0)
(1.3046e-54 1.81492e-54 0)
(6.29644e-36 3.19597e-36 0)
(6.66632e-37 2.94329e-37 0)
(6.40067e-38 2.68229e-38 0)
(5.97502e-39 2.29874e-39 0)
(5.21509e-40 1.91855e-40 0)
(4.40938e-41 1.52309e-41 0)
(3.54129e-42 1.17413e-42 0)
(2.75513e-43 8.68511e-44 0)
(2.05536e-44 6.24094e-45 0)
(1.48739e-45 4.32919e-46 0)
(1.03851e-46 2.92105e-47 0)
(7.04623e-48 1.9107e-48 0)
(4.63278e-49 1.21754e-49 0)
(2.96526e-50 7.54479e-51 0)
(1.84487e-51 4.55163e-52 0)
(1.11032e-52 2.27242e-53 0)
(6.51015e-54 -1.51474e-53 0)
(2.81684e-54 -4.3383e-54 0)
(1.719e-54 2.63205e-53 0)
(-1.07205e-54 2.00163e-53 0)
(-1.41699e-54 3.49437e-54 0)
(1.16208e-54 1.18745e-54 0)
(1.02438e-54 2.842e-53 0)
(-9.34518e-55 1.50124e-53 0)
(-1.26628e-54 8.61417e-54 0)
(-7.7826e-55 -6.0938e-54 0)
(1.75754e-54 -3.4636e-54 0)
(-1.43251e-54 2.38216e-53 0)
(-1.81283e-54 -2.6732e-53 0)
(1.56519e-54 -6.14981e-54 0)
(6.21481e-55 -5.27691e-55 0)
(1.10705e-54 4.78676e-54 0)
(6.57082e-55 2.04163e-53 0)
(-2.0975e-54 1.71291e-53 0)
(-1.01424e-54 -2.00883e-53 0)
(3.09967e-54 -6.10739e-54 0)
(-8.3119e-55 3.23894e-53 0)
(-2.49018e-54 -1.53243e-53 0)
(9.32673e-56 -5.31966e-54 0)
(2.02036e-54 -1.32915e-53 0)
(1.16058e-36 6.34702e-37 0)
(1.25788e-37 6.01475e-38 0)
(1.23172e-38 5.58196e-39 0)
(1.16652e-39 4.85921e-40 0)
(1.03064e-40 4.10249e-41 0)
(8.79615e-42 3.29177e-42 0)
(7.12079e-43 2.55917e-43 0)
(5.57486e-44 1.90811e-44 0)
(4.1811e-45 1.38016e-45 0)
(3.03856e-46 9.63263e-47 0)
(2.12915e-47 6.5334e-48 0)
(1.44871e-48 4.29434e-49 0)
(9.54738e-50 2.74791e-50 0)
(6.12105e-51 1.70656e-51 0)
(3.7722e-52 8.56691e-53 0)
(6.37735e-54 -6.92811e-53 0)
(2.10766e-55 -3.03644e-52 0)
(4.51602e-53 -9.55774e-53 0)
(2.84744e-53 4.63318e-52 0)
(-2.1988e-53 3.8833e-52 0)
(-2.3148e-53 8.67703e-53 0)
(2.30496e-53 -1.24618e-53 0)
(1.66979e-53 4.51945e-52 0)
(-1.82508e-53 2.71608e-52 0)
(-2.26086e-53 1.68552e-52 0)
(-1.36309e-53 -1.07464e-52 0)
(3.13616e-53 -6.70552e-53 0)
(-2.46284e-53 4.06652e-52 0)
(-3.16675e-53 -4.58599e-52 0)
(2.76146e-53 -1.04894e-52 0)
(1.13137e-53 -8.94779e-54 0)
(2.11845e-53 8.17861e-53 0)
(1.25333e-53 3.49858e-52 0)
(-4.07374e-53 2.9428e-52 0)
(-2.18059e-53 -3.45785e-52 0)
(5.54091e-53 -8.36152e-53 0)
(-1.2451e-53 5.71094e-52 0)
(-4.18301e-53 -2.94248e-52 0)
(2.69254e-54 -1.0884e-52 0)
(3.33994e-53 -2.21877e-52 0)
(1.49736e-37 1.26347e-37 0)
(1.64782e-38 1.23546e-38 0)
(1.63183e-39 1.17098e-39 0)
(1.5591e-40 1.03933e-40 0)
(1.38616e-41 8.90106e-42 0)
(1.1891e-42 7.2403e-43 0)
(9.65963e-44 5.68944e-44 0)
(7.58405e-45 4.28578e-45 0)
(5.6979e-46 3.1259e-46 0)
(4.14655e-47 2.19908e-47 0)
(2.90734e-48 1.50138e-48 0)
(1.97899e-49 9.92929e-50 0)
(1.30378e-50 6.3779e-51 0)
(8.17501e-52 3.47739e-52 0)
(-2.44352e-53 -2.90038e-52 0)
(-2.98771e-52 -1.31382e-51 0)
(-2.11702e-53 -5.32316e-51 0)
(8.10145e-52 -1.67889e-51 0)
(5.11096e-52 8.11039e-51 0)
(-3.97438e-52 6.78989e-51 0)
(-4.23304e-52 1.48345e-51 0)
(3.85557e-52 -3.53535e-52 0)
(3.00045e-52 7.39652e-51 0)
(-2.99243e-52 4.6236e-51 0)
(-4.0029e-52 2.9158e-51 0)
(-2.48786e-52 -1.9153e-51 0)
(5.42932e-52 -1.2736e-51 0)
(-4.13584e-52 6.74267e-51 0)
(-5.40282e-52 -7.64848e-51 0)
(4.74882e-52 -1.73663e-51 0)
(1.97127e-52 -1.31015e-52 0)
(3.78797e-52 1.42946e-51 0)
(2.24335e-52 6.11826e-51 0)
(-7.34353e-52 5.13591e-51 0)
(-3.98799e-52 -6.09515e-51 0)
(9.68236e-52 -1.5907e-51 0)
(-2.2255e-52 9.50238e-51 0)
(-7.18217e-52 -5.26375e-51 0)
(7.57414e-53 -1.8517e-51 0)
(5.55857e-52 -3.54094e-51 0)
(-3.54329e-38 7.44102e-38 0)
(-4.40844e-39 8.03207e-39 0)
(-5.24434e-40 8.02786e-40 0)
(-5.50682e-41 7.62861e-41 0)
(-5.53107e-42 6.82418e-42 0)
(-5.12297e-43 5.8436e-43 0)
(-4.55179e-44 4.76507e-44 0)
(-3.81062e-45 3.7392e-45 0)
(-3.07095e-46 2.81551e-46 0)
(-2.36053e-47 2.04794e-47 0)
(-1.75224e-48 1.43607e-48 0)
(-1.24974e-49 9.74674e-50 0)
(-8.67907e-51 6.25715e-51 0)
(-8.97836e-52 -4.64014e-52 0)
(-1.37179e-51 -5.31746e-51 0)
(-5.29165e-51 -2.23844e-50 0)
(-3.84071e-52 -9.10133e-50 0)
(1.41857e-50 -2.87838e-50 0)
(8.94298e-51 1.38631e-49 0)
(-6.99771e-51 1.15883e-49 0)
(-7.54254e-51 2.47236e-50 0)
(6.24733e-51 -8.28847e-51 0)
(5.25579e-51 1.17868e-49 0)
(-4.73481e-51 7.68326e-50 0)
(-6.90566e-51 4.9243e-50 0)
(-4.42352e-51 -3.33165e-50 0)
(9.14502e-51 -2.34329e-50 0)
(-6.73503e-51 1.09003e-49 0)
(-8.95725e-51 -1.24416e-49 0)
(7.94073e-51 -2.80208e-50 0)
(3.34404e-51 -1.81355e-51 0)
(6.59937e-51 2.43814e-50 0)
(3.91406e-51 1.04473e-49 0)
(-1.2897e-50 8.7498e-50 0)
(-7.10244e-51 -1.04926e-49 0)
(1.64739e-50 -2.93332e-50 0)
(-3.87882e-51 1.5419e-49 0)
(-1.19937e-50 -9.18491e-50 0)
(1.8049e-51 -3.07321e-50 0)
(8.95848e-51 -5.48044e-50 0)
(-5.11668e-37 4.45782e-37 0)
(-6.03664e-38 4.82831e-38 0)
(-6.72082e-39 4.80997e-39 0)
(-6.81269e-40 4.58206e-40 0)
(-6.58053e-41 4.09562e-41 0)
(-5.94359e-42 3.51485e-42 0)
(-5.14572e-43 2.86759e-43 0)
(-4.22779e-44 2.25509e-44 0)
(-3.34465e-45 1.69968e-45 0)
(-2.53392e-46 1.23818e-46 0)
(-1.85473e-47 8.67684e-48 0)
(-1.30717e-48 5.87316e-49 0)
(-9.00479e-50 3.60043e-50 0)
(-1.13663e-50 -1.19253e-50 0)
(-2.30985e-50 -8.80456e-50 0)
(-9.0505e-50 -3.70201e-49 0)
(-6.75738e-51 -1.51224e-48 0)
(2.42541e-49 -4.79614e-49 0)
(1.52792e-49 2.30279e-48 0)
(-1.203e-49 1.92196e-48 0)
(-1.3113e-49 4.001e-49 0)
(9.84324e-50 -1.74864e-49 0)
(8.99011e-50 1.81512e-48 0)
(-7.25363e-50 1.23994e-48 0)
(-1.16347e-49 8.081e-49 0)
(-7.67497e-50 -5.63031e-49 0)
(1.50353e-49 -4.16698e-49 0)
(-1.06711e-49 1.70616e-48 0)
(-1.44776e-49 -1.96094e-48 0)
(1.2953e-49 -4.37992e-49 0)
(5.53573e-50 -2.30912e-50 0)
(1.1226e-49 4.04088e-49 0)
(6.66628e-50 1.73379e-48 0)
(-2.21155e-49 1.44931e-48 0)
(-1.23379e-49 -1.75514e-48 0)
(2.73722e-49 -5.22597e-49 0)
(-6.60288e-50 2.42402e-48 0)
(-1.95377e-49 -1.55666e-48 0)
(3.8844e-50 -4.95286e-49 0)
(1.40261e-49 -8.14651e-49 0)
(-4.01224e-36 3.30599e-36 0)
(-4.63817e-37 3.49975e-37 0)
(-5.06917e-38 3.42439e-38 0)
(-5.06937e-39 3.21773e-39 0)
(-4.83984e-40 2.84297e-40 0)
(-4.33177e-41 2.41732e-41 0)
(-3.72151e-42 1.9562e-42 0)
(-3.0387e-43 1.52805e-43 0)
(-2.39145e-44 1.14411e-44 0)
(-1.80361e-45 8.2795e-46 0)
(-1.31469e-46 5.74496e-47 0)
(-9.22059e-48 3.82943e-48 0)
(-6.39459e-49 2.07238e-49 0)
(-1.31477e-49 -2.14888e-49 0)
(-3.78504e-49 -1.41721e-48 0)
(-1.50444e-48 -5.96686e-48 0)
(-1.15556e-49 -2.45065e-47 0)
(4.03e-48 -7.79759e-48 0)
(2.53691e-48 3.7306e-47 0)
(-2.00983e-48 3.10851e-47 0)
(-2.21472e-48 6.30959e-48 0)
(1.49575e-48 -3.42158e-48 0)
(1.49452e-48 2.71656e-47 0)
(-1.06476e-48 1.95158e-47 0)
(-1.90477e-48 1.29366e-47 0)
(-1.29368e-48 -9.27482e-48 0)
(2.39777e-48 -7.18236e-48 0)
(-1.63225e-48 2.60092e-47 0)
(-2.26596e-48 -3.01134e-47 0)
(2.04778e-48 -6.66313e-48 0)
(8.89743e-49 -2.64609e-49 0)
(1.85595e-48 6.52545e-48 0)
(1.10414e-48 2.80571e-47 0)
(-3.68545e-48 2.33999e-47 0)
(-2.08279e-48 -2.86365e-47 0)
(4.41559e-48 -9.02066e-48 0)
(-1.09236e-48 3.71301e-47 0)
(-3.08502e-48 -2.57087e-47 0)
(7.7854e-49 -7.78051e-48 0)
(2.11493e-48 -1.16965e-47 0)
(-3.0677e-35 1.71841e-35 0)
(-3.45431e-36 1.75473e-36 0)
(-3.69826e-37 1.67743e-37 0)
(-3.6364e-38 1.54801e-38 0)
(-3.42549e-39 1.34987e-39 0)
(-3.0309e-40 1.13553e-40 0)
(-2.57978e-41 9.11235e-42 0)
(-2.08936e-42 7.06732e-43 0)
(-1.6332e-43 5.24745e-44 0)
(-1.22361e-44 3.75394e-45 0)
(-8.86043e-46 2.53596e-46 0)
(-6.15623e-47 1.60118e-47 0)
(-4.34723e-48 3.55906e-49 0)
(-1.72131e-48 -3.51423e-48 0)
(-6.0778e-48 -2.20634e-47 0)
(-2.4395e-47 -9.31195e-47 0)
(-1.93385e-48 -3.84597e-46 0)
(6.53083e-47 -1.22778e-46 0)
(4.1082e-47 5.85266e-46 0)
(-3.27481e-47 4.86865e-46 0)
(-3.6454e-47 9.62577e-47 0)
(2.20521e-47 -6.29332e-47 0)
(2.42345e-47 3.90605e-46 0)
(-1.50504e-47 2.9721e-46 0)
(-3.04223e-47 2.00523e-46 0)
(-2.12546e-47 -1.47926e-46 0)
(3.72915e-47 -1.19442e-46 0)
(-2.42446e-47 3.82032e-46 0)
(-3.45367e-47 -4.46036e-46 0)
(3.15493e-47 -9.77582e-47 0)
(1.39381e-47 -2.4372e-48 0)
(2.99246e-47 1.0204e-46 0)
(1.78292e-47 4.39745e-46 0)
(-5.98986e-47 3.66125e-46 0)
(-3.42502e-47 -4.52397e-46 0)
(6.95017e-47 -1.50188e-46 0)
(-1.76324e-47 5.48538e-46 0)
(-4.74713e-47 -4.10996e-46 0)
(1.47093e-47 -1.18235e-46 0)
(3.08908e-47 -1.59554e-46 0)
(-1.63666e-34 9.00966e-35 0)
(-1.78666e-35 8.84307e-36 0)
(-1.86142e-36 8.21936e-37 0)
(-1.79525e-37 7.44751e-38 0)
(-1.66378e-38 6.39467e-39 0)
(-1.45404e-39 5.31657e-40 0)
(-1.22491e-40 4.22109e-41 0)
(-9.84021e-42 3.24324e-42 0)
(-7.63883e-43 2.36649e-43 0)
(-5.67728e-44 1.64201e-44 0)
(-4.06613e-45 1.01221e-45 0)
(-2.75789e-46 5.0514e-47 0)
(-2.11932e-47 -7.16212e-48 0)
(-2.37307e-47 -5.37436e-47 0)
(-9.46998e-47 -3.33959e-46 0)
(-3.83119e-46 -1.41452e-45 0)
(-3.13361e-47 -5.88116e-45 0)
(1.02494e-45 -1.8848e-45 0)
(6.44266e-46 8.94619e-45 0)
(-5.16754e-46 7.42862e-45 0)
(-5.80948e-46 1.42934e-45 0)
(3.11336e-46 -1.09948e-45 0)
(3.80593e-46 5.44949e-45 0)
(-2.0115e-46 4.41107e-45 0)
(-4.70468e-46 3.02958e-45 0)
(-3.38098e-46 -2.29747e-45 0)
(5.60248e-46 -1.92532e-45 0)
(-3.45415e-46 5.46158e-45 0)
(-5.07308e-46 -6.43291e-45 0)
(4.68993e-46 -1.3943e-45 0)
(2.11203e-46 -1.24755e-47 0)
(4.67311e-46 1.55257e-45 0)
(2.79089e-46 6.71366e-45 0)
(-9.4278e-46 5.57692e-45 0)
(-5.45568e-46 -6.96494e-45 0)
(1.05803e-45 -2.42281e-45 0)
(-2.75626e-46 7.89165e-45 0)
(-7.04982e-46 -6.3965e-45 0)
(2.64061e-46 -1.74932e-45 0)
(4.30938e-46 -2.08815e-45 0)
(-8.71162e-34 9.76904e-35 0)
(-9.21187e-35 7.31332e-36 0)
(-9.39235e-36 5.90009e-37 0)
(-8.87691e-37 5.0195e-38 0)
(-8.10411e-38 4.19582e-39 0)
(-6.98376e-39 3.44759e-40 0)
(-5.81867e-40 2.72169e-41 0)
(-4.6269e-41 2.0415e-42 0)
(-3.55989e-42 1.04057e-43 0)
(-2.60273e-43 -7.05373e-46 0)
(-1.81171e-44 -1.8849e-45 0)
(-1.13459e-45 -3.8288e-46 0)
(-1.14092e-46 -1.76165e-46 0)
(-3.45719e-46 -7.83881e-46 0)
(-1.43847e-45 -4.86679e-45 0)
(-5.86356e-45 -2.07055e-44 0)
(-4.97002e-46 -8.6675e-44 0)
(1.56729e-44 -2.78868e-44 0)
(9.8446e-45 1.31789e-43 0)
(-7.94516e-45 1.09236e-43 0)
(-9.01331e-45 2.04272e-44 0)
(4.25387e-45 -1.82424e-44 0)
(5.82483e-45 7.24047e-44 0)
(-2.56231e-45 6.30243e-44 0)
(-7.09197e-45 4.41029e-44 0)
(-5.23686e-45 -3.43856e-44 0)
(8.20473e-45 -2.98389e-44 0)
(-4.76908e-45 7.4709e-44 0)
(-7.25125e-45 -8.89109e-44 0)
(6.7899e-45 -1.9058e-44 0)
(3.11591e-45 1.82989e-46 0)
(7.11007e-45 2.27669e-44 0)
(4.25402e-45 9.8803e-44 0)
(-1.44583e-44 8.19585e-44 0)
(-8.45487e-45 -1.03323e-43 0)
(1.5708e-44 -3.75705e-44 0)
(-4.20043e-45 1.08801e-43 0)
(-1.01964e-44 -9.59146e-44 0)
(4.52617e-45 -2.49045e-44 0)
(5.80035e-45 -2.54297e-44 0)
(-7.34626e-34 5.75515e-35 0)
(-7.72974e-35 -8.29426e-36 0)
(-7.85617e-36 -1.2857e-36 0)
(-7.4008e-37 -1.33905e-37 0)
(-6.74045e-38 -1.19988e-38 0)
(-5.79489e-39 -1.00986e-39 0)
(-4.82052e-40 -7.98747e-41 0)
(-3.8352e-41 -6.74405e-42 0)
(-2.91296e-42 -1.16151e-42 0)
(-1.68278e-43 -1.98596e-43 0)
(-3.72641e-45 -3.96448e-44 0)
(1.52289e-45 -6.25145e-45 0)
(-4.43299e-46 -2.52417e-45 0)
(-4.96123e-45 -1.10309e-44 0)
(-2.10648e-44 -6.88893e-44 0)
(-8.64973e-44 -2.94723e-43 0)
(-7.59258e-45 -1.24411e-42 0)
(2.30979e-43 -4.02185e-43 0)
(1.4498e-43 1.8907e-42 0)
(-1.17736e-43 1.56396e-42 0)
(-1.34763e-43 2.83921e-43 0)
(5.50291e-44 -2.89993e-43 0)
(8.59256e-44 9.3231e-43 0)
(-2.99913e-44 8.77461e-43 0)
(-1.03003e-43 6.25625e-43 0)
(-7.8167e-44 -5.00888e-43 0)
(1.15398e-43 -4.48227e-43 0)
(-6.25263e-44 9.95073e-43 0)
(-9.92093e-44 -1.19693e-42 0)
(9.4252e-44 -2.53103e-43 0)
(4.42374e-44 7.47262e-45 0)
(1.04278e-43 3.24482e-43 0)
(6.25881e-44 1.41553e-42 0)
(-2.13698e-43 1.1715e-42 0)
(-1.26357e-43 -1.4932e-42 0)
(2.24345e-43 -5.64447e-43 0)
(-6.16879e-44 1.46156e-42 0)
(-1.41458e-43 -1.39943e-42 0)
(7.40706e-44 -3.44924e-43 0)
(7.35147e-44 -2.9273e-43 0)
(7.34603e-34 5.75767e-35 0)
(7.7294e-35 -8.29086e-36 0)
(7.85569e-36 -1.28532e-36 0)
(7.40025e-37 -1.33877e-37 0)
(6.74011e-38 -1.19871e-38 0)
(5.79442e-39 -9.91887e-40 0)
(4.79821e-40 -7.04947e-41 0)
(3.67205e-41 -1.35986e-41 0)
(3.33299e-42 -1.00999e-41 0)
(9.20705e-43 -2.28795e-42 0)
(1.84353e-43 -5.07552e-43 0)
(3.79398e-44 -8.2061e-44 0)
(-5.14513e-45 -3.36328e-44 0)
(-7.02038e-44 -1.48256e-43 0)
(-3.00063e-43 -9.32142e-43 0)
(-1.24295e-42 -4.01497e-42 0)
(-1.13723e-43 -1.70918e-41 0)
(3.31502e-42 -5.5515e-42 0)
(2.07923e-42 2.59604e-41 0)
(-1.6991e-42 2.1431e-41 0)
(-1.96025e-42 3.7701e-42 0)
(6.87024e-43 -4.37887e-42 0)
(1.23479e-42 1.12704e-41 0)
(-3.25321e-43 1.16745e-41 0)
(-1.45773e-42 8.49108e-42 0)
(-1.13536e-42 -6.9836e-42 0)
(1.58296e-42 -6.43653e-42 0)
(-7.92867e-43 1.25477e-41 0)
(-1.32112e-42 -1.52927e-41 0)
(1.27458e-42 -3.19128e-42 0)
(6.11101e-43 1.70306e-43 0)
(1.48929e-42 4.42713e-42 0)
(8.95969e-43 1.94162e-41 0)
(-3.07578e-42 1.6054e-41 0)
(-1.83531e-42 -2.0648e-41 0)
(3.12594e-42 -8.10522e-42 0)
(-8.82977e-43 1.86352e-41 0)
(-1.91197e-42 -1.95396e-41 0)
(1.16313e-42 -4.56149e-42 0)
(8.93098e-43 -2.97336e-42 0)
(8.70957e-34 9.79127e-35 0)
(9.20891e-35 7.34244e-36 0)
(9.38832e-36 5.93083e-37 0)
(8.87252e-37 5.03248e-38 0)
(8.10276e-38 4.33709e-39 0)
(6.98087e-39 6.01273e-40 0)
(5.53515e-40 1.6212e-40 0)
(2.53677e-41 -9.70989e-41 0)
(8.99872e-42 -1.28768e-40 0)
(9.92935e-42 -2.98274e-41 0)
(2.3183e-42 -6.63136e-42 0)
(5.00387e-43 -1.06594e-42 0)
(-7.01225e-44 -4.35193e-43 0)
(-9.50764e-43 -1.93092e-42 0)
(-4.09135e-42 -1.22434e-41 0)
(-1.70974e-41 -5.31765e-41 0)
(-1.63047e-42 -2.28851e-40 0)
(4.5526e-41 -7.47782e-41 0)
(2.8535e-41 3.47369e-40 0)
(-2.34658e-41 2.86084e-40 0)
(-2.72879e-41 4.86941e-41 0)
(7.96324e-42 -6.36414e-41 0)
(1.69875e-41 1.32044e-40 0)
(-2.95214e-42 1.51557e-40 0)
(-1.973e-41 1.12414e-40 0)
(-1.57785e-41 -9.48201e-41 0)
(2.06774e-41 -8.96428e-41 0)
(-9.38429e-42 1.54508e-40 0)
(-1.66663e-41 -1.90785e-40 0)
(1.6371e-41 -3.91345e-41 0)
(8.06365e-42 3.07554e-42 0)
(2.03639e-41 5.8682e-41 0)
(1.23072e-41 2.59387e-40 0)
(-4.23609e-41 2.13969e-40 0)
(-2.55334e-41 -2.78397e-40 0)
(4.15729e-41 -1.12817e-40 0)
(-1.209e-41 2.32203e-40 0)
(-2.45642e-41 -2.65616e-40 0)
(1.74035e-41 -5.86935e-41 0)
(9.92484e-42 -2.69501e-41 0)
(1.61983e-34 9.18528e-35 0)
(1.76322e-35 9.06607e-36 0)
(1.83042e-36 8.43589e-37 0)
(1.76383e-37 7.41878e-38 0)
(1.67672e-38 7.99092e-39 0)
(1.44687e-39 3.76367e-39 0)
(-2.53505e-40 1.74831e-39 0)
(-2.68825e-40 -1.25692e-39 0)
(7.4284e-41 -1.63255e-39 0)
(1.29503e-40 -3.73892e-40 0)
(3.0461e-41 -8.22944e-41 0)
(6.56031e-42 -1.31052e-41 0)
(-9.15655e-43 -5.31544e-42 0)
(-1.25001e-41 -2.37591e-41 0)
(-5.42456e-41 -1.52035e-40 0)
(-2.29283e-40 -6.67136e-40 0)
(-2.3112e-41 -2.90209e-39 0)
(6.08751e-40 -9.53799e-40 0)
(3.81325e-40 4.4018e-39 0)
(-3.15607e-40 3.61695e-39 0)
(-3.69364e-40 5.94125e-40 0)
(8.90573e-41 -8.73223e-40 0)
(2.27915e-40 1.41516e-39 0)
(-2.08258e-41 1.85916e-39 0)
(-2.60173e-40 1.40865e-39 0)
(-2.13202e-40 -1.21956e-39 0)
(2.64167e-40 -1.18241e-39 0)
(-1.07234e-40 1.77029e-39 0)
(-2.05147e-40 -2.22418e-39 0)
(2.05333e-40 -4.48945e-40 0)
(1.03577e-40 4.94831e-41 0)
(2.71324e-40 7.37077e-40 0)
(1.64631e-40 3.28354e-39 0)
(-5.67928e-40 2.70808e-39 0)
(-3.44679e-40 -3.5534e-39 0)
(5.40487e-40 -1.48703e-39 0)
(-1.61342e-40 2.70453e-39 0)
(-3.08284e-40 -3.41982e-39 0)
(2.5015e-40 -7.12577e-40 0)
(1.03957e-40 -1.62749e-40 0)
(1.65639e-35 2.64777e-35 0)
(1.58736e-36 2.88329e-36 0)
(1.30407e-37 2.5058e-37 0)
(1.47799e-38 -8.172e-39 0)
(7.08987e-39 1.91687e-38 0)
(4.1588e-40 3.99481e-38 0)
(-4.70399e-39 2.10891e-38 0)
(-3.50558e-39 -1.5665e-38 0)
(9.44573e-40 -2.02111e-38 0)
(1.64251e-39 -4.56181e-39 0)
(3.82155e-40 -9.91912e-40 0)
(8.15348e-41 -1.5607e-40 0)
(-1.12849e-41 -6.27897e-41 0)
(-1.554e-40 -2.83245e-40 0)
(-6.81448e-40 -1.83419e-39 0)
(-2.91329e-39 -8.15077e-39 0)
(-3.14792e-40 -3.59847e-38 0)
(7.68415e-39 -1.19194e-38 0)
(4.81267e-39 5.45331e-38 0)
(-4.00972e-39 4.46804e-38 0)
(-4.72134e-39 7.06668e-39 0)
(9.00476e-40 -1.1586e-38 0)
(2.90004e-39 1.47453e-38 0)
(-2.68606e-42 2.23501e-38 0)
(-3.23246e-39 1.72845e-38 0)
(-2.71536e-39 -1.53221e-38 0)
(3.17373e-39 -1.51664e-38 0)
(-1.10494e-39 1.99792e-38 0)
(-2.35233e-39 -2.55062e-38 0)
(2.40948e-39 -5.03146e-39 0)
(1.25656e-39 7.17684e-40 0)
(3.42608e-39 9.00597e-39 0)
(2.09913e-39 4.05993e-38 0)
(-7.18395e-39 3.34033e-38 0)
(-4.39043e-39 -4.43817e-38 0)
(6.62348e-39 -1.90445e-38 0)
(-2.02938e-39 3.10456e-38 0)
(-3.62761e-39 -4.29994e-38 0)
(3.38523e-39 -8.43669e-39 0)
(9.13983e-40 -7.94217e-41 0)
(-7.72752e-35 5.47586e-35 0)
(-9.61529e-36 6.48203e-36 0)
(-1.19716e-36 2.324e-37 0)
(-6.75486e-38 -3.49295e-37 0)
(6.63511e-38 1.9836e-37 0)
(3.47125e-39 4.58572e-37 0)
(-5.76777e-38 2.42602e-37 0)
(-4.26004e-38 -1.81277e-37 0)
(1.20062e-38 -2.32922e-37 0)
(2.03891e-38 -5.18288e-38 0)
(4.67045e-39 -1.10983e-38 0)
(9.84732e-40 -1.72323e-39 0)
(-1.34791e-40 -6.86463e-40 0)
(-1.87742e-39 -3.13132e-39 0)
(-8.34044e-39 -2.05433e-38 0)
(-3.62326e-38 -9.27678e-38 0)
(-4.45006e-39 -4.15391e-37 0)
(9.38482e-38 -1.38602e-37 0)
(5.88443e-38 6.2888e-37 0)
(-4.93805e-38 5.13886e-37 0)
(-5.82687e-38 7.79597e-38 0)
(9.33017e-39 -1.43166e-37 0)
(3.62256e-38 1.3289e-37 0)
(2.93826e-39 2.49265e-37 0)
(-3.87653e-38 1.9724e-37 0)
(-3.32295e-38 -1.79294e-37 0)
(3.76582e-38 -1.8137e-37 0)
(-1.09495e-38 2.03442e-37 0)
(-2.65169e-38 -2.66083e-37 0)
(2.78001e-38 -5.14509e-38 0)
(1.48818e-38 9.59326e-39 0)
(4.23092e-38 1.02572e-37 0)
(2.63326e-38 4.6773e-37 0)
(-8.7757e-38 3.85232e-37 0)
(-5.34578e-38 -5.15661e-37 0)
(7.97003e-38 -2.27384e-37 0)
(-2.46632e-38 3.24472e-37 0)
(-4.20984e-38 -5.03462e-37 0)
(4.34161e-38 -9.24005e-38 0)
(6.77483e-39 2.53545e-38 0)
(-4.76281e-34 2.97624e-36 0)
(-5.64414e-35 1.65909e-36 0)
(-7.04748e-36 -4.83176e-36 0)
(-5.53431e-38 -4.73235e-36 0)
(8.16771e-37 2.19043e-36 0)
(4.70703e-38 5.20609e-36 0)
(-6.36498e-37 2.75147e-36 0)
(-4.61379e-37 -2.07155e-36 0)
(1.46141e-37 -2.64608e-36 0)
(2.36175e-37 -5.7653e-37 0)
(5.32082e-38 -1.21136e-37 0)
(1.10466e-38 -1.8477e-38 0)
(-1.49374e-39 -7.27087e-39 0)
(-2.10674e-38 -3.36267e-38 0)
(-9.5197e-38 -2.24528e-37 0)
(-4.20528e-37 -1.03413e-36 0)
(-6.54014e-38 -4.73046e-36 0)
(1.03042e-36 -1.59534e-36 0)
(6.49914e-37 7.15325e-36 0)
(-5.50118e-37 5.8233e-36 0)
(-6.46832e-37 8.44168e-37 0)
(1.0195e-37 -1.72522e-36 0)
(4.26033e-37 1.17648e-36 0)
(7.81962e-38 2.75431e-36 0)
(-4.11403e-37 2.22586e-36 0)
(-3.58571e-37 -2.06704e-36 0)
(4.14625e-37 -2.12493e-36 0)
(-8.87587e-38 2.08794e-36 0)
(-2.70093e-37 -2.78265e-36 0)
(2.9224e-37 -5.20511e-37 0)
(1.63452e-37 1.18888e-37 0)
(4.87724e-37 1.14225e-36 0)
(3.17427e-37 5.30659e-36 0)
(-9.57702e-37 4.35955e-36 0)
(-5.70865e-37 -5.91865e-36 0)
(8.81424e-37 -2.65621e-36 0)
(-2.65672e-37 3.41394e-36 0)
(-4.5065e-37 -5.80678e-36 0)
(4.90181e-37 -9.94007e-37 0)
(1.18985e-38 5.27601e-37 0)
(-7.97618e-35 -2.51403e-35 0)
(-1.64233e-35 1.07188e-35 0)
(-6.7798e-36 -5.02864e-35 0)
(6.18204e-36 -4.8707e-35 0)
(9.15617e-36 2.25203e-35 0)
(5.9665e-37 5.34236e-35 0)
(-6.31335e-36 2.81727e-35 0)
(-4.28886e-36 -2.13605e-35 0)
(1.87873e-36 -2.71371e-35 0)
(2.71136e-36 -5.79555e-36 0)
(5.94706e-37 -1.18741e-36 0)
(1.21002e-37 -1.77514e-37 0)
(-1.60895e-38 -6.87704e-38 0)
(-2.30879e-37 -3.23668e-37 0)
(-1.06657e-36 -2.20416e-36 0)
(-4.84297e-36 -1.04247e-35 0)
(-1.14824e-36 -4.86218e-35 0)
(1.00228e-35 -1.65532e-35 0)
(6.46307e-36 7.3422e-35 0)
(-5.54615e-36 5.95787e-35 0)
(-6.34279e-36 8.20485e-36 0)
(1.8112e-36 -1.88407e-35 0)
(5.08012e-36 7.60619e-36 0)
(1.4504e-36 2.73176e-35 0)
(-3.66994e-36 2.26322e-35 0)
(-3.17773e-36 -2.1526e-35 0)
(4.69184e-36 -2.25481e-35 0)
(-6.53709e-37 1.81869e-35 0)
(-2.7532e-36 -2.51426e-35 0)
(3.06983e-36 -4.58762e-36 0)
(1.76707e-36 1.34283e-36 0)
(5.56867e-36 1.15134e-35 0)
(3.99643e-36 5.44206e-35 0)
(-9.05652e-36 4.4856e-35 0)
(-4.79787e-36 -6.12311e-35 0)
(9.55564e-36 -2.81054e-35 0)
(-2.42259e-36 3.11179e-35 0)
(-4.94882e-36 -6.04768e-35 0)
(4.40857e-36 -9.54024e-36 0)
(-6.5373e-37 8.67735e-36 0)
(6.86472e-36 2.59981e-34 0)
(-4.02057e-35 1.74358e-34 0)
(-3.5157e-35 -5.13543e-34 0)
(4.22394e-35 -5.03529e-34 0)
(6.729e-35 2.33532e-34 0)
(6.06881e-36 5.51466e-34 0)
(-3.73868e-35 2.89944e-34 0)
(-1.58556e-35 -2.22244e-34 0)
(2.5008e-35 -2.79888e-34 0)
(2.84843e-35 -5.78189e-35 0)
(6.03872e-36 -1.14895e-35 0)
(1.19283e-36 -1.67066e-36 0)
(-1.55541e-37 -6.35081e-37 0)
(-2.27719e-36 -3.05306e-36 0)
(-1.08671e-35 -2.13705e-35 0)
(-5.10748e-35 -1.04342e-34 0)
(-2.25434e-35 -5.03312e-34 0)
(5.22548e-35 -1.74049e-34 0)
(3.88224e-35 7.58826e-34 0)
(-3.47957e-35 6.12425e-34 0)
(-3.37836e-35 7.95542e-35 0)
(4.27352e-35 -2.04278e-34 0)
(5.84917e-35 4.90737e-35 0)
(2.58086e-35 2.75175e-34 0)
(-8.75812e-36 2.32776e-34 0)
(-5.09828e-36 -2.25367e-34 0)
(5.0314e-35 -2.38591e-34 0)
(-1.39102e-36 1.70014e-34 0)
(-2.36752e-35 -2.39076e-34 0)
(2.77975e-35 -4.13227e-35 0)
(1.71586e-35 1.42528e-35 0)
(5.82055e-35 1.14923e-34 0)
(5.22964e-35 5.60376e-34 0)
(-3.77101e-35 4.60743e-34 0)
(1.57221e-36 -6.39625e-34 0)
(8.6764e-35 -2.95807e-34 0)
(-6.52497e-36 3.01158e-34 0)
(-5.09325e-35 -6.33295e-34 0)
(4.70273e-36 -9.16029e-35 0)
(-2.12473e-35 1.11918e-34 0)
(3.4388e-34 2.35061e-33 0)
(2.61103e-34 1.55085e-33 0)
(1.81965e-34 -4.47877e-33 0)
(-1.07938e-34 -4.39824e-33 0)
(5.07345e-35 2.04144e-33 0)
(6.16633e-35 4.80663e-33 0)
(2.70821e-34 2.51898e-33 0)
(5.08201e-34 -1.95002e-33 0)
(3.86653e-34 -2.43731e-33 0)
(3.07757e-34 -4.88634e-34 0)
(6.13833e-35 -9.295e-35 0)
(1.16444e-35 -1.30847e-35 0)
(-1.47576e-36 -4.84628e-36 0)
(-2.2249e-35 -2.39813e-35 0)
(-1.10959e-34 -1.73282e-34 0)
(-5.55511e-34 -8.858e-34 0)
(-4.75486e-34 -4.39669e-33 0)
(-6.75922e-34 -1.5398e-33 0)
(-2.57161e-34 6.61568e-33 0)
(1.81334e-34 5.31718e-33 0)
(4.12058e-34 6.45854e-34 0)
(1.0915e-33 -1.88438e-33 0)
(7.45574e-34 3.69066e-36 0)
(4.42271e-34 2.31903e-33 0)
(5.87594e-34 2.01445e-33 0)
(6.12599e-34 -1.99337e-33 0)
(6.22385e-34 -2.14355e-33 0)
(3.44266e-35 1.17274e-33 0)
(-2.10455e-34 -1.7525e-33 0)
(2.59707e-34 -2.94325e-34 0)
(1.67152e-34 1.30875e-34 0)
(6.25005e-34 9.74318e-34 0)
(7.89552e-34 4.88293e-33 0)
(9.36117e-34 4.04836e-33 0)
(1.25447e-33 -5.62343e-33 0)
(6.75056e-34 -2.64482e-33 0)
(3.78178e-34 2.26842e-33 0)
(-6.09616e-34 -5.59882e-33 0)
(-1.00327e-33 -7.26619e-34 0)
(-4.39377e-34 1.30153e-33 0)
(5.61635e-33 2.15223e-32 0)
(1.68713e-32 1.45733e-32 0)
(1.3831e-32 -4.09927e-32 0)
(-1.31882e-32 -4.03295e-32 0)
(-1.38919e-32 1.87797e-32 0)
(5.41344e-34 4.38614e-32 0)
(1.69516e-32 2.28855e-32 0)
(1.92847e-32 -1.80302e-32 0)
(5.98523e-33 -2.22132e-32 0)
(2.94699e-33 -4.19326e-33 0)
(5.39208e-34 -7.61147e-34 0)
(9.57712e-35 -1.02573e-34 0)
(-1.17086e-35 -3.69396e-35 0)
(-1.83177e-34 -1.8858e-34 0)
(-9.81388e-34 -1.42319e-33 0)
(-5.36576e-33 -7.63671e-33 0)
(-9.1058e-33 -4.03177e-32 0)
(-3.29999e-32 -1.44846e-32 0)
(-1.68431e-32 6.05512e-32 0)
(1.38016e-32 4.82127e-32 0)
(2.04017e-32 5.39092e-33 0)
(2.40418e-32 -1.78572e-32 0)
(9.38661e-33 -1.07181e-33 0)
(7.31168e-33 2.08775e-32 0)
(2.00872e-32 1.84579e-32 0)
(2.01243e-32 -1.84696e-32 0)
(7.57202e-33 -1.98892e-32 0)
(1.15455e-33 1.05503e-32 0)
(-1.24176e-33 -1.54911e-32 0)
(1.78046e-33 -2.3305e-33 0)
(1.3655e-33 1.14185e-33 0)
(5.95185e-33 8.35681e-33 0)
(1.20923e-32 4.44136e-32 0)
(3.76079e-32 3.68033e-32 0)
(3.84246e-32 -5.21959e-32 0)
(3.47009e-34 -2.42922e-32 0)
(1.34963e-32 2.08613e-32 0)
(-7.18216e-33 -5.19184e-32 0)
(-3.26613e-32 -6.02559e-33 0)
(-8.13526e-33 1.2934e-32 0)
(8.51364e-32 1.35009e-31 0)
(3.70484e-31 9.30536e-32 0)
(3.11889e-31 -2.56716e-31 0)
(-3.06172e-31 -2.53037e-31 0)
(-3.40272e-31 1.18005e-31 0)
(4.87359e-33 2.74262e-31 0)
(3.71174e-31 1.4244e-31 0)
(3.95652e-31 -1.1387e-31 0)
(8.85577e-32 -1.38713e-31 0)
(2.99678e-32 -2.48957e-32 0)
(4.85731e-33 -4.19431e-33 0)
(8.00656e-34 -5.36396e-34 0)
(-9.31793e-35 -1.84929e-34 0)
(-1.53376e-33 -9.90523e-34 0)
(-8.90426e-33 -7.86911e-33 0)
(-5.51661e-32 -4.5654e-32 0)
(-1.47842e-31 -2.52979e-31 0)
(-7.06587e-31 -9.2579e-32 0)
(-3.70292e-31 3.78989e-31 0)
(3.11494e-31 2.99848e-31 0)
(4.32484e-31 3.05119e-32 0)
(4.38544e-31 -1.17202e-31 0)
(1.22668e-31 -3.15094e-32 0)
(1.07171e-31 1.27045e-31 0)
(4.0366e-31 1.15141e-31 0)
(4.0259e-31 -1.17239e-31 0)
(1.00355e-31 -1.27419e-31 0)
(1.7185e-32 4.77986e-32 0)
(-7.83644e-33 -7.68227e-32 0)
(1.33928e-32 -1.1344e-32 0)
(1.15035e-32 7.13028e-33 0)
(6.01591e-32 4.98329e-32 0)
(1.77245e-31 2.78095e-31 0)
(7.79201e-31 2.36537e-31 0)
(7.62018e-31 -3.29515e-31 0)
(-9.05307e-32 -1.54343e-31 0)
(2.81425e-31 1.11507e-31 0)
(-9.46999e-32 -3.29242e-31 0)
(-6.65465e-31 -3.30915e-32 0)
(-1.25112e-31 1.01865e-31 0)
(9.70623e-31 9.64708e-31 0)
(5.73819e-30 7.05847e-31 0)
(4.96759e-30 -1.84513e-30 0)
(-4.93141e-30 -1.82348e-30 0)
(-5.5137e-30 8.58606e-31 0)
(3.14031e-32 1.95426e-30 0)
(5.74236e-30 1.00845e-30 0)
(5.93074e-30 -8.34424e-31 0)
(9.94104e-31 -9.86536e-31 0)
(2.2337e-31 -1.52392e-31 0)
(3.13211e-32 -2.44982e-32 0)
(4.58415e-33 -2.95557e-33 0)
(-5.01095e-34 -9.94028e-34 0)
(-8.79728e-33 -5.47223e-33 0)
(-5.80082e-32 -4.61291e-32 0)
(-4.15895e-31 -2.80593e-31 0)
(-1.76886e-30 -1.82316e-30 0)
(-1.0893e-29 -7.03291e-31 0)
(-5.73753e-30 2.7286e-30 0)
(4.96368e-30 2.11028e-30 0)
(6.51891e-30 1.84045e-31 0)
(6.16547e-30 -8.51308e-31 0)
(1.24465e-30 -5.84047e-32 0)
(1.21494e-30 9.2092e-31 0)
(5.99193e-30 8.40632e-31 0)
(5.9675e-30 -8.5505e-31 0)
(1.00894e-30 -9.09743e-31 0)
(2.12774e-31 5.57852e-31 0)
(2.11862e-32 -7.34394e-31 0)
(2.37831e-32 -7.71052e-32 0)
(6.47182e-32 4.24151e-32 0)
(4.4654e-31 3.04131e-31 0)
(1.98773e-30 1.97285e-30 0)
(1.17529e-29 1.69618e-30 0)
(1.12979e-29 -2.43023e-30 0)
(-2.40513e-30 -1.0763e-30 0)
(4.41158e-30 1.08831e-30 0)
(-9.4734e-31 -2.41389e-30 0)
(-1.01241e-29 -2.12805e-31 0)
(-1.49339e-30 6.22223e-31 0)
)
;

boundaryField
{
    leftWall
    {
        type            fixedValue;
        value           nonuniform 0();
    }
    rightWall
    {
        type            fixedValue;
        value           uniform (0 0 0);
    }
    lowerWall
    {
        type            fixedValue;
        value           uniform (0 0 0);
    }
    atmosphere
    {
        type            pressureInletOutletVelocity;
        value           nonuniform 0();
    }
    defaultFaces
    {
        type            empty;
    }
    procBoundary1to0
    {
        type            processor;
        value           nonuniform List<vector> 
44
(
(-1.31821e-39 -4.44812e-39 0)
(-1.33186e-38 -3.60136e-38 0)
(-1.05767e-37 -2.66937e-37 0)
(-7.97813e-37 -1.88464e-36 0)
(-5.76223e-36 -1.24537e-35 0)
(-3.89633e-35 -7.82847e-35 0)
(-2.51605e-34 -4.47087e-34 0)
(-1.45908e-33 -2.45193e-33 0)
(-8.09989e-33 -1.12835e-32 0)
(-3.47949e-32 -5.36681e-32 0)
(-1.83481e-31 -1.80319e-31 0)
(5.47384e-32 -1.27992e-30 0)
(4.30706e-31 1.7544e-31 0)
(8.88371e-33 1.48345e-30 0)
(-2.03301e-31 2.22176e-31 0)
(3.0131e-32 1.45946e-31 0)
(4.16155e-31 4.89972e-31 0)
(7.12837e-31 3.01608e-30 0)
(2.171e-32 5.36615e-30 0)
(-7.10371e-31 3.16389e-30 0)
(-6.39771e-35 2.95401e-30 0)
(-6.39771e-35 2.95401e-30 0)
(-8.81225e-36 5.61018e-31 0)
(-9.43181e-37 6.57549e-32 0)
(3.1669e-36 8.8446e-33 0)
(3.41421e-35 1.01983e-33 0)
(3.54458e-34 7.62131e-34 0)
(3.15424e-33 5.86986e-33 0)
(2.89528e-32 4.09468e-32 0)
(1.90668e-31 3.17146e-31 0)
(1.36974e-30 1.47359e-30 0)
(1.2052e-30 9.73158e-30 0)
(-1.2052e-30 9.73158e-30 0)
(-1.36975e-30 1.47356e-30 0)
(-1.90741e-31 3.16886e-31 0)
(-3.0034e-32 3.93227e-32 0)
(-1.53424e-32 -5.72078e-33 0)
(-8.86749e-32 6.58029e-34 0)
(-1.22223e-32 1.16559e-32 0)
(-1.08448e-33 1.63056e-33 0)
(-7.29946e-35 2.60333e-34 0)
(-4.33428e-36 2.87759e-35 0)
(2.40602e-36 4.55696e-36 0)
(1.32462e-35 6.89236e-36 0)
)
;
    }
    procBoundary1to3
    {
        type            processor;
        value           nonuniform List<vector> 
45
(
(6.29639e-34 1.97291e-38 0)
(4.97902e-33 -2.2748e-38 0)
(3.77928e-32 -2.78258e-38 0)
(2.33082e-31 -7.32586e-39 0)
(1.61196e-30 -1.72065e-39 0)
(7.03746e-30 -3.05662e-40 0)
(5.90701e-29 -6.45807e-41 0)
(5.34211e-29 6.75691e-41 0)
(-5.32017e-29 7.05935e-41 0)
(-5.75397e-29 -3.34615e-41 0)
(1.91332e-31 -7.65153e-41 0)
(5.90947e-29 -3.95986e-41 0)
(6.04061e-29 3.23918e-41 0)
(7.17394e-30 3.86731e-41 0)
(1.52418e-30 6.2925e-42 0)
(1.90889e-31 1.01857e-42 0)
(2.6953e-32 -3.19203e-43 0)
(-2.79959e-33 -5.56785e-42 0)
(-5.18136e-32 -6.63958e-41 0)
(-3.54551e-31 -7.51993e-40 0)
(-2.86013e-30 -7.45651e-39 0)
(-1.28475e-29 -5.7432e-38 0)
(-1.13796e-28 3.19749e-38 0)
(-5.90666e-29 1.31004e-35 0)
(5.33959e-29 3.61811e-34 0)
(6.47669e-29 6.47579e-33 0)
(6.19189e-29 8.64506e-32 0)
(8.86451e-30 7.96999e-31 0)
(8.76127e-30 8.64638e-32 0)
(6.07895e-29 6.8245e-33 0)
(6.06212e-29 6.47579e-33 0)
(7.19495e-30 7.9988e-32 0)
(1.53981e-30 7.10548e-31 0)
(2.09052e-31 -7.10548e-31 0)
(7.32003e-32 -7.99615e-32 0)
(3.82189e-31 -5.74314e-33 0)
(3.03443e-30 6.2898e-33 0)
(1.42719e-29 8.86225e-32 0)
(1.19988e-28 8.17383e-31 0)
(1.16646e-28 9.50982e-32 0)
(-3.48569e-29 9.30758e-32 0)
(4.92478e-29 7.97018e-31 0)
(-6.7998e-30 8.03307e-32 0)
(-1.08082e-28 -7.37331e-32 0)
(-1.13595e-29 -7.10837e-31 0)
)
;
    }
}


// ************************************************************************* //
