/*--------------------------------*- C++ -*----------------------------------*\
| =========                 |                                                 |
| \\      /  F ield         | OpenFOAM: The Open Source CFD Toolbox           |
|  \\    /   O peration     | Version:  2.4.0                                 |
|   \\  /    A nd           | Web:      www.OpenFOAM.org                      |
|    \\/     M anipulation  |                                                 |
\*---------------------------------------------------------------------------*/
FoamFile
{
    version     2.0;
    format      ascii;
    class       volVectorField;
    location    "0.25";
    object      U;
}
// * * * * * * * * * * * * * * * * * * * * * * * * * * * * * * * * * * * * * //

dimensions      [0 1 -1 0 0 0 0];

internalField   nonuniform List<vector> 
1935
(
(5.89342e-36 6.92439e-41 0)
(3.75391e-37 -2.81783e-37 0)
(5.00823e-38 -2.09079e-38 0)
(5.53731e-39 -5.19845e-38 0)
(-2.4461e-38 -7.11568e-37 0)
(-6.33183e-36 -1.5444e-35 0)
(-3.588e-34 -1.60562e-34 0)
(-1.49041e-32 -3.31592e-33 0)
(-4.09314e-31 -8.98427e-33 0)
(-1.46637e-32 -1.96616e-31 0)
(4.60085e-33 -1.09602e-30 0)
(-3.50405e-34 -3.05084e-29 0)
(-1.00741e-32 6.14662e-31 0)
(-1.46779e-34 3.11483e-29 0)
(5.06579e-33 1.12549e-30 0)
(2.45989e-34 2.04248e-31 0)
(-1.8237e-36 1.84658e-32 0)
(-2.48325e-34 2.1905e-31 0)
(-5.41295e-33 1.02061e-30 0)
(6.52126e-33 3.36877e-29 0)
(1.74424e-32 -3.79797e-29 0)
(-5.93753e-33 -7.30056e-29 0)
(-1.77505e-32 -1.74168e-30 0)
(6.3163e-33 3.54752e-29 0)
(1.82555e-32 -4.02126e-29 0)
(-1.24694e-32 -7.66301e-29 0)
(-1.26765e-32 3.65953e-29 0)
(5.22191e-33 3.31243e-31 0)
(-2.08053e-32 5.11648e-31 0)
(-5.80447e-31 -2.06096e-30 0)
(-2.14758e-32 -4.14255e-29 0)
(-7.24132e-33 -1.49811e-30 0)
(-3.3706e-34 -2.69803e-31 0)
(-3.22883e-35 -1.22599e-32 0)
(6.34594e-38 -2.50389e-33 0)
(3.44824e-35 -1.22842e-32 0)
(3.28972e-34 -2.87559e-31 0)
(7.13587e-33 -1.3473e-30 0)
(-8.53049e-33 -4.44048e-29 0)
(-2.29595e-32 4.96682e-29 0)
(7.41157e-33 9.61155e-29 0)
(1.57101e-32 3.7187e-30 0)
(7.38568e-34 6.58893e-31 0)
(7.72025e-35 -7.38794e-41 0)
(1.28061e-33 -7.98708e-41 0)
(1.20685e-32 -7.75053e-42 0)
(1.97358e-31 -1.3357e-42 0)
(4.87551e-36 -5.19478e-36 0)
(7.56009e-35 -6.52045e-35 0)
(7.04617e-34 -1.07069e-33 0)
(1.01263e-32 -9.54559e-33 0)
(6.10206e-37 -3.29577e-37 0)
(9.03433e-36 -4.11769e-36 0)
(7.1802e-35 -6.31112e-35 0)
(9.17516e-34 -5.53061e-34 0)
(3.62495e-38 -6.5518e-40 0)
(4.64394e-37 -4.71639e-37 0)
(3.56355e-36 -7.65422e-36 0)
(4.13183e-35 -5.978e-35 0)
(-1.30139e-38 5.97666e-37 0)
(-2.19079e-38 6.29478e-37 0)
(2.0252e-37 -3.37004e-37 0)
(2.89224e-36 -3.00698e-36 0)
(-6.13164e-36 1.29276e-35 0)
(-1.30019e-36 1.40903e-35 0)
(-7.85965e-37 1.16149e-36 0)
(5.77451e-38 -7.03381e-38 0)
(-3.52822e-34 1.22627e-34 0)
(-4.43112e-35 1.34645e-34 0)
(-1.77979e-35 1.11321e-35 0)
(-1.42463e-36 1.23641e-36 0)
(-1.47631e-32 2.49039e-33 0)
(-1.15655e-33 2.70704e-33 0)
(-1.99036e-34 1.92384e-34 0)
(-1.42629e-35 2.11232e-35 0)
(-4.0642e-31 -6.999e-34 0)
(-2.28719e-32 -7.81157e-35 0)
(-3.87292e-33 -5.02062e-36 0)
(-2.44329e-34 -4.01855e-37 0)
(-5.26506e-33 -1.60482e-32 0)
(-3.986e-34 -4.10422e-33 0)
(-1.10476e-34 -2.74383e-34 0)
(-8.4939e-36 -2.75218e-35 0)
(1.93513e-31 -7.39726e-32 0)
(1.3144e-32 -3.0305e-33 0)
(1.49845e-33 -9.17993e-35 0)
(9.05504e-35 -2.53694e-36 0)
(-1.3569e-32 -1.45329e-30 0)
(-1.0403e-33 -4.79579e-32 0)
(-1.21945e-34 -1.17519e-33 0)
(-7.83935e-36 -1.28129e-35 0)
(-3.93926e-31 2.97912e-32 0)
(-2.68287e-32 1.0114e-33 0)
(-3.08769e-33 2.59364e-35 0)
(-1.87482e-34 3.98587e-37 0)
(-5.84615e-33 1.48478e-30 0)
(-5.11262e-34 4.90408e-32 0)
(-6.03837e-35 1.20326e-33 0)
(-4.07136e-36 1.32271e-35 0)
(1.98022e-31 7.58322e-32 0)
(1.3476e-32 3.00937e-33 0)
(1.54944e-33 8.5622e-35 0)
(9.40147e-35 1.58073e-36 0)
(9.72025e-33 1.38548e-32 0)
(7.75717e-34 1.42823e-33 0)
(9.069e-35 8.38449e-35 0)
(5.90912e-36 6.54287e-36 0)
(-7.47393e-35 1.43791e-33 0)
(-5.63029e-36 1.58771e-34 0)
(-7.2729e-37 1.01685e-35 0)
(-4.6513e-38 8.09501e-37 0)
(-9.73866e-33 1.4735e-32 0)
(-7.75905e-34 1.50867e-33 0)
(-8.89845e-35 8.79186e-35 0)
(-5.76488e-36 6.84129e-36 0)
(-2.11377e-31 6.85417e-32 0)
(-1.42316e-32 1.6135e-33 0)
(-1.63253e-33 -8.90889e-36 0)
(-9.84721e-35 -6.48398e-36 0)
(2.55246e-31 1.57429e-30 0)
(1.76482e-32 5.0205e-32 0)
(2.03461e-33 1.15758e-33 0)
(1.24483e-34 5.04208e-36 0)
(6.81975e-31 -1.84053e-30 0)
(4.64322e-32 -6.24669e-32 0)
(5.34206e-33 -1.60136e-33 0)
(3.24282e-34 -2.46919e-35 0)
(-2.32088e-31 -3.50532e-30 0)
(-1.57972e-32 -1.16396e-31 0)
(-1.81606e-33 -2.87261e-33 0)
(-1.10195e-34 -3.26721e-35 0)
(-6.93849e-31 -1.17787e-31 0)
(-4.72016e-32 -6.89059e-33 0)
(-5.42684e-33 -3.0579e-34 0)
(-3.29222e-34 -1.82963e-35 0)
(2.4684e-31 1.64801e-30 0)
(1.67986e-32 5.0297e-32 0)
(1.92994e-33 1.04311e-33 0)
(1.17072e-34 -9.6059e-36 0)
(7.13545e-31 -1.94471e-30 0)
(4.84204e-32 -6.4992e-32 0)
(5.56701e-33 -1.61751e-33 0)
(3.37324e-34 -1.94995e-35 0)
(-4.87467e-31 -3.65641e-30 0)
(-3.30602e-32 -1.21929e-31 0)
(-3.80319e-33 -3.05095e-33 0)
(-2.30435e-34 -4.04188e-35 0)
(-4.95391e-31 1.68891e-30 0)
(-3.38693e-32 5.4521e-32 0)
(-3.89888e-33 1.30794e-33 0)
(-2.37192e-34 1.28094e-35 0)
(2.23561e-31 3.37911e-32 0)
(1.49179e-32 -5.52022e-34 0)
(1.69503e-33 -1.13439e-34 0)
(1.01423e-34 -1.33406e-35 0)
(1.52596e-33 2.64977e-32 0)
(1.51709e-34 4.44598e-33 0)
(-7.70469e-35 2.79662e-34 0)
(-6.93174e-36 2.92332e-35 0)
(-3.16922e-31 -1.27262e-31 0)
(-1.46928e-32 -4.89128e-33 0)
(-3.47142e-33 -1.37019e-34 0)
(-2.23969e-34 -2.53234e-36 0)
(-2.47956e-32 -1.9836e-30 0)
(-1.90386e-33 -7.05203e-32 0)
(-3.13738e-34 -1.97335e-33 0)
(-2.21702e-35 -5.61504e-35 0)
(-2.63535e-31 -1.01252e-31 0)
(-1.79793e-32 -4.26498e-33 0)
(-2.08742e-33 -1.35227e-34 0)
(-1.27256e-34 -4.36526e-36 0)
(-1.29784e-32 -1.83204e-32 0)
(-1.03779e-33 -1.90662e-33 0)
(-1.2247e-34 -1.12443e-34 0)
(-8.01504e-36 -8.85651e-36 0)
(-1.35146e-33 -9.56757e-34 0)
(-1.08943e-34 -1.07933e-34 0)
(-1.4613e-35 -6.97216e-36 0)
(-9.86962e-37 -5.6314e-37 0)
(2.33791e-36 -1.95503e-34 0)
(1.962e-37 -2.58133e-35 0)
(1.96973e-38 -1.73742e-36 0)
(1.22069e-39 -1.49288e-37 0)
(1.4424e-33 -9.5648e-34 0)
(1.15651e-34 -1.04556e-34 0)
(1.54032e-35 -6.67569e-36 0)
(1.0348e-36 -5.28758e-37 0)
(1.29077e-32 -1.93316e-32 0)
(1.02886e-33 -1.97662e-33 0)
(1.18137e-34 -1.15083e-34 0)
(7.65838e-36 -8.94859e-36 0)
(2.7866e-31 -9.04823e-32 0)
(1.87633e-32 -2.14287e-33 0)
(2.15241e-33 1.07652e-35 0)
(1.29836e-34 8.46864e-36 0)
(-3.33896e-31 -2.07541e-30 0)
(-2.30887e-32 -6.61947e-32 0)
(-2.66196e-33 -1.52646e-33 0)
(-1.62878e-34 -6.66328e-36 0)
(-8.97786e-31 2.40735e-30 0)
(-6.11444e-32 8.17801e-32 0)
(-7.03695e-33 2.10066e-33 0)
(-4.27275e-34 3.28384e-35 0)
(2.89651e-31 4.62065e-30 0)
(1.95547e-32 1.54841e-31 0)
(2.24815e-33 3.89155e-33 0)
(1.35888e-34 5.23448e-35 0)
(6.14363e-31 2.5086e-31 0)
(4.19967e-32 1.13363e-32 0)
(4.83367e-33 3.90981e-34 0)
(2.94015e-34 1.51066e-35 0)
(2.90475e-32 4.50926e-32 0)
(2.32799e-33 4.48515e-33 0)
(2.72625e-34 2.60184e-34 0)
(1.78341e-35 2.00137e-35 0)
(1.1394e-30 -3.30351e-42 0)
(2.4828e-29 -2.863e-42 0)
(2.38723e-29 6.33302e-42 0)
(-2.38616e-29 6.30359e-42 0)
(-2.46421e-29 -3.07314e-42 0)
(9.70501e-33 -6.4981e-42 0)
(2.48289e-29 -3.2838e-42 0)
(2.50041e-29 3.05208e-42 0)
(1.14147e-30 3.26259e-42 0)
(1.85757e-31 2.1067e-43 0)
(9.70116e-33 2.49531e-44 0)
(9.35252e-34 1.34837e-45 0)
(-4.50179e-35 -7.73798e-46 0)
(-1.83236e-33 -2.11997e-44 0)
(-1.8464e-32 -5.10569e-43 0)
(-3.61858e-31 -1.0105e-41 0)
(-2.09806e-30 -2.01127e-40 0)
(-4.88753e-29 -1.57446e-39 0)
(-2.48279e-29 7.19438e-38 0)
(2.38713e-29 7.37859e-36 0)
(2.57853e-29 3.6264e-34 0)
(2.51879e-29 1.33368e-32 0)
(1.33603e-30 3.3018e-31 0)
(1.33094e-30 1.33369e-32 0)
(2.50236e-29 3.69946e-34 0)
(2.50146e-29 3.6264e-34 0)
(1.14068e-30 1.29743e-32 0)
(1.87698e-31 3.16843e-31 0)
(1.1684e-32 -3.16843e-31 0)
(1.04548e-33 -1.29741e-32 0)
(1.93361e-32 -3.47697e-34 0)
(3.70858e-31 3.64442e-34 0)
(2.27882e-30 1.36719e-32 0)
(4.98591e-29 3.38482e-31 0)
(4.92352e-29 1.40345e-32 0)
(-2.08177e-29 1.37085e-32 0)
(2.31005e-29 3.3018e-31 0)
(-1.12178e-30 1.29812e-32 0)
(-4.79197e-29 -1.2626e-32 0)
(-2.09985e-30 -3.16878e-31 0)
(5.77232e-32 -1.49084e-31 0)
(9.03603e-31 -1.33549e-31 0)
(8.55206e-31 2.92153e-31 0)
(-8.54582e-31 2.91317e-31 0)
(-8.94075e-31 -1.42204e-31 0)
(5.6678e-34 -2.99107e-31 0)
(9.03654e-31 -1.50788e-31 0)
(9.12559e-31 1.41325e-31 0)
(5.79183e-32 1.49949e-31 0)
(9.52096e-33 8.62651e-33 0)
(5.66535e-34 8.81531e-34 0)
(5.50163e-35 4.60548e-35 0)
(-2.83869e-36 9.81473e-36 0)
(-1.0763e-34 8.83259e-35 0)
(-1.07786e-33 1.71745e-33 0)
(-1.84782e-32 1.63746e-32 0)
(-1.06368e-31 2.91313e-31 0)
(-1.76771e-30 1.33531e-31 0)
(-9.03599e-31 -4.35241e-31 0)
(8.55141e-31 -3.07782e-31 0)
(9.51995e-31 -9.48254e-33 0)
(9.20105e-31 1.48955e-31 0)
(6.79534e-32 1.55784e-31 0)
(6.95213e-32 -1.4056e-31 0)
(9.1379e-31 -1.41286e-31 0)
(9.13093e-31 1.42282e-31 0)
(5.61114e-32 1.50732e-31 0)
(1.14996e-32 2.14925e-32 0)
(2.54778e-33 -1.19878e-32 0)
(-1.70023e-33 -7.79308e-34 0)
(1.02528e-33 -1.78053e-33 0)
(1.88816e-32 -1.68493e-32 0)
(1.13555e-31 -2.8552e-31 0)
(1.81773e-30 6.10261e-32 0)
(1.78801e-30 4.3261e-31 0)
(-7.02145e-31 1.60601e-31 0)
(8.16246e-31 -9.57246e-32 0)
(-5.48146e-32 4.21334e-31 0)
(-1.71747e-30 7.65647e-33 0)
(-1.08637e-31 -2.73048e-31 0)
(2.22059e-33 -7.42674e-33 0)
(2.13411e-32 -6.52695e-33 0)
(1.99798e-32 1.45064e-32 0)
(-1.99153e-32 1.44574e-32 0)
(-2.04652e-32 -7.02889e-33 0)
(5.76277e-35 -1.49088e-32 0)
(2.13466e-32 -7.52658e-33 0)
(2.21573e-32 6.97727e-33 0)
(2.23499e-33 7.47744e-33 0)
(8.74274e-34 5.00367e-34 0)
(5.75951e-35 5.18296e-35 0)
(6.60748e-36 2.9085e-36 0)
(-3.5309e-37 6.23385e-37 0)
(-1.29197e-35 5.57523e-36 0)
(-1.08557e-34 1.0078e-34 0)
(-1.6913e-33 9.49105e-34 0)
(-3.60194e-33 1.44572e-32 0)
(-4.21299e-32 6.52563e-33 0)
(-2.13399e-32 -2.15872e-32 0)
(1.99726e-32 -1.54117e-32 0)
(2.27069e-32 -5.40767e-34 0)
(2.29288e-32 7.49737e-33 0)
(3.16058e-33 9.20506e-33 0)
(3.2249e-33 -6.85382e-33 0)
(2.22784e-32 -6.96447e-33 0)
(2.22161e-32 7.04364e-33 0)
(2.14591e-33 7.59214e-33 0)
(9.77494e-34 2.5564e-33 0)
(1.61096e-34 -2.00442e-33 0)
(-7.67841e-35 -1.14397e-34 0)
(9.73867e-35 -1.13477e-34 0)
(1.63087e-33 -9.66263e-34 0)
(2.4136e-33 -1.4129e-32 0)
(4.36556e-32 3.16593e-34 0)
(4.58395e-32 2.14376e-32 0)
(-1.49883e-32 8.18637e-33 0)
(1.94928e-32 -2.94492e-33 0)
(-2.03075e-33 2.08523e-32 0)
(-4.08011e-32 3.91219e-34 0)
(-5.21276e-33 -1.46985e-32 0)
(6.53922e-35 -7.75688e-34 0)
(3.60643e-34 -6.81389e-34 0)
(3.33968e-34 1.51758e-33 0)
(-3.30747e-34 1.51163e-33 0)
(-3.21002e-34 -7.35166e-34 0)
(2.86365e-36 -1.55924e-33 0)
(3.60916e-34 -7.88383e-34 0)
(3.97299e-34 7.28885e-34 0)
(6.61876e-35 7.82411e-34 0)
(3.95489e-35 5.35519e-35 0)
(2.86185e-36 6.30813e-36 0)
(3.40958e-37 3.65847e-37 0)
(-1.91335e-38 8.30487e-38 0)
(-6.65961e-37 6.99414e-37 0)
(-5.38135e-36 1.22543e-35 0)
(-7.62548e-35 1.00822e-34 0)
(-9.31465e-35 1.5116e-33 0)
(-7.30889e-34 6.8125e-34 0)
(-3.60575e-34 -2.25908e-33 0)
(3.33549e-34 -1.61314e-33 0)
(3.87215e-34 -5.92078e-35 0)
(4.26666e-34 7.76529e-34 0)
(1.08275e-34 8.38574e-34 0)
(1.1658e-34 -7.22173e-34 0)
(4.03606e-34 -7.28087e-34 0)
(3.99992e-34 7.36239e-34 0)
(5.70359e-35 7.88806e-34 0)
(4.97564e-35 1.50666e-34 0)
(1.30837e-35 -9.0832e-35 0)
(-8.52978e-36 -6.32051e-36 0)
(4.404e-36 -1.26353e-35 0)
(7.19861e-35 -9.47358e-35 0)
(2.55054e-35 -1.43339e-33 0)
(7.65669e-34 8.05393e-34 0)
(9.11832e-34 2.28579e-33 0)
(-2.1657e-34 8.61184e-34 0)
(3.47012e-34 -4.28383e-34 0)
(-5.08205e-35 2.17712e-33 0)
(-7.0236e-34 5.12392e-35 0)
(-1.9265e-34 -1.42085e-33 0)
(2.89519e-36 -3.62159e-35 0)
(-3.58005e-37 -3.14906e-35 0)
(-5.33775e-37 7.07686e-35 0)
(7.67835e-37 7.04612e-35 0)
(3.14723e-36 -3.41991e-35 0)
(2.06579e-37 -7.2851e-35 0)
(-3.38063e-37 -3.68775e-35 0)
(2.21329e-36 3.38739e-35 0)
(2.95317e-36 3.65692e-35 0)
(2.78113e-36 2.69664e-36 0)
(2.06435e-37 3.266e-37 0)
(2.61652e-38 1.98787e-38 0)
(-1.48671e-39 4.56708e-39 0)
(-5.10975e-38 3.79742e-38 0)
(-3.86593e-37 6.33544e-37 0)
(-5.35728e-36 5.06814e-36 0)
(-3.14976e-36 7.04597e-35 0)
(-1.65047e-36 3.14826e-35 0)
(3.64359e-37 -1.05295e-34 0)
(-5.63991e-37 -7.55645e-35 0)
(-1.75254e-37 -2.947e-36 0)
(4.50918e-36 3.65555e-35 0)
(5.91591e-36 4.39943e-35 0)
(6.27038e-36 -3.32354e-35 0)
(2.65596e-36 -3.37876e-35 0)
(2.41967e-36 3.42982e-35 0)
(2.53005e-36 3.71497e-35 0)
(3.26836e-36 1.18763e-35 0)
(6.94658e-37 -8.85439e-36 0)
(-3.76961e-37 -5.75667e-37 0)
(2.98668e-37 -6.85929e-37 0)
(4.85973e-36 -4.65733e-36 0)
(-4.63593e-36 -6.60079e-35 0)
(2.40965e-36 4.00964e-35 0)
(1.74129e-35 1.07203e-34 0)
(4.12711e-36 4.09597e-35 0)
(2.11079e-36 -1.41686e-35 0)
(-2.11784e-36 1.01461e-34 0)
(-1.64565e-36 2.44582e-36 0)
(-1.06513e-35 -7.019e-35 0)
(1.02186e-37 -2.60054e-36 0)
(-2.54533e-37 -2.26848e-36 0)
(-2.44373e-37 5.10473e-36 0)
(2.55274e-37 5.08106e-36 0)
(3.77964e-37 -2.46665e-36 0)
(9.63862e-39 -5.25395e-36 0)
(-2.53073e-37 -2.66173e-36 0)
(-1.4025e-37 2.44163e-36 0)
(1.13697e-37 2.63801e-36 0)
(1.23558e-37 1.96496e-37 0)
(9.63152e-39 2.51377e-38 0)
(1.2412e-39 1.55072e-39 0)
(-7.27434e-41 3.65277e-40 0)
(-2.42217e-39 2.95869e-39 0)
(-1.80164e-38 4.87426e-38 0)
(-2.37556e-37 3.67972e-37 0)
(-1.04999e-37 5.08093e-36 0)
(3.85962e-37 2.26861e-36 0)
(2.54314e-37 -7.59655e-36 0)
(-2.45885e-37 -5.45186e-36 0)
(-2.6416e-37 -2.17695e-37 0)
(-5.07899e-38 2.62031e-36 0)
(2.45711e-37 2.93004e-36 0)
(2.73758e-37 -2.40915e-36 0)
(-1.18899e-37 -2.43698e-36 0)
(-1.31168e-37 2.47238e-36 0)
(8.33415e-38 2.66797e-36 0)
(1.57755e-37 6.2919e-37 0)
(4.38736e-38 -4.0766e-37 0)
(-2.82136e-38 -2.94518e-38 0)
(1.27173e-38 -4.94114e-38 0)
(2.11096e-37 -3.1084e-37 0)
(-2.74853e-37 -4.60246e-36 0)
(-3.68579e-37 5.27937e-36 0)
(3.46694e-37 7.88839e-36 0)
(3.43866e-37 2.97367e-36 0)
(-1.0867e-37 -1.25795e-36 0)
(-6.28148e-38 7.30944e-36 0)
(3.78983e-37 1.96043e-37 0)
(-4.6848e-37 -4.839e-36 0)
(-1.59087e-37 -4.15077e-38 0)
(-2.95912e-38 -9.53923e-38 0)
(-1.95573e-38 2.28161e-37 0)
(1.94159e-38 2.26781e-37 0)
(2.69339e-38 -1.09942e-37 0)
(5.62402e-40 -2.34839e-37 0)
(-1.9699e-38 -1.19066e-37 0)
(-1.31696e-38 1.08754e-37 0)
(6.20599e-39 1.17942e-37 0)
(7.15742e-39 9.19255e-39 0)
(5.62082e-40 1.19384e-39 0)
(7.42271e-41 7.59805e-41 0)
(-4.37419e-42 1.8021e-41 0)
(-1.44841e-40 1.44897e-40 0)
(-1.04961e-39 2.31261e-39 0)
(-1.37571e-38 1.7197e-38 0)
(-5.32404e-39 2.26759e-37 0)
(3.20668e-38 1.00674e-37 0)
(1.97735e-38 -3.39025e-37 0)
(-1.89035e-38 -2.44094e-37 0)
(-2.06937e-38 -1.00855e-38 0)
(-7.55169e-39 1.17848e-37 0)
(1.38552e-38 1.42501e-37 0)
(1.50468e-38 -1.06464e-37 0)
(-1.19471e-38 -1.08413e-37 0)
(-1.2618e-38 1.10331e-37 0)
(4.86001e-39 1.2e-37 0)
(8.70281e-39 3.95486e-38 0)
(2.10985e-39 -2.91671e-38 0)
(-1.22193e-39 -2.03065e-39 0)
(6.91374e-40 -2.41721e-39 0)
(1.17885e-38 -1.40597e-38 0)
(-2.28173e-38 -2.01692e-37 0)
(-3.14268e-38 2.63822e-37 0)
(1.65366e-38 3.5549e-37 0)
(2.43255e-38 1.34919e-37 0)
(-1.05084e-38 -4.25065e-38 0)
(-3.72025e-39 3.26328e-37 0)
(3.0849e-38 8.83604e-39 0)
(-2.58588e-38 -2.25578e-37 0)
(-1.38103e-36 1.18182e-36 0)
(-8.00332e-38 7.75075e-38 0)
(-6.44316e-39 1.73887e-38 0)
(5.67634e-40 1.3414e-38 0)
(1.16136e-39 -6.37517e-39 0)
(2.36563e-41 -1.36414e-38 0)
(-8.73116e-40 -6.91943e-39 0)
(-5.9847e-40 6.31526e-39 0)
(2.57139e-40 6.85219e-39 0)
(3.01937e-40 5.3726e-40 0)
(2.44515e-41 7.14541e-41 0)
(3.25032e-42 4.57618e-42 0)
(-1.95574e-43 1.09677e-42 0)
(-6.33921e-42 8.72223e-42 0)
(-4.56378e-41 1.38387e-40 0)
(-5.79615e-40 1.00342e-39 0)
(-2.15379e-40 1.31712e-38 0)
(1.43329e-39 5.84455e-39 0)
(8.76319e-40 -1.96967e-38 0)
(-8.35333e-40 -1.41832e-38 0)
(-9.21312e-40 -5.94432e-40 0)
(-3.84609e-40 6.81767e-39 0)
(5.80452e-40 7.85563e-39 0)
(6.53439e-40 -6.20711e-39 0)
(-5.43938e-40 -6.29868e-39 0)
(-5.75545e-40 6.40594e-39 0)
(1.79098e-40 6.95023e-39 0)
(3.90279e-40 1.90368e-39 0)
(1.12891e-40 -1.29524e-39 0)
(-7.27414e-41 -9.59993e-41 0)
(2.72397e-41 -1.37098e-40 0)
(4.8463e-40 -7.51267e-40 0)
(-1.07577e-39 -1.13036e-38 0)
(-1.40913e-39 2.10912e-38 0)
(7.18183e-40 2.10588e-38 0)
(1.03938e-39 7.89068e-39 0)
(-4.74226e-40 -2.87692e-39 0)
(-1.26858e-40 1.89383e-38 0)
(1.39787e-39 5.44528e-40 0)
(-1.12372e-39 -1.27184e-38 0)
(-2.34028e-35 -2.18841e-38 0)
(-1.25443e-36 -1.50706e-39 0)
(-8.82244e-38 4.98559e-40 0)
(-4.35205e-39 5.5247e-40 0)
(-1.97918e-40 -2.69232e-40 0)
(-1.06473e-41 -5.75986e-40 0)
(-4.44386e-41 -2.92297e-40 0)
(-3.02698e-41 2.65983e-40 0)
(1.26779e-41 2.89354e-40 0)
(1.49539e-41 2.33852e-41 0)
(1.21619e-42 3.13067e-42 0)
(1.63278e-43 2.04745e-43 0)
(-9.85459e-45 4.91982e-44 0)
(-3.18428e-43 3.90154e-43 0)
(-2.26836e-42 6.05911e-42 0)
(-2.87014e-41 4.36555e-41 0)
(-1.05568e-41 5.55507e-40 0)
(7.21355e-41 2.45509e-40 0)
(4.40005e-41 -8.30693e-40 0)
(-4.1911e-41 -5.99531e-40 0)
(-4.62428e-41 -2.56635e-41 0)
(-1.90278e-41 2.89318e-40 0)
(2.86947e-41 3.53266e-40 0)
(3.16867e-41 -2.59768e-40 0)
(-2.75656e-41 -2.65016e-40 0)
(-2.90741e-41 2.70188e-40 0)
(9.40325e-42 2.94904e-40 0)
(1.87049e-41 1.01576e-40 0)
(4.9713e-42 -7.50715e-41 0)
(-3.01838e-42 -5.44944e-42 0)
(1.23997e-42 -6.10981e-42 0)
(2.3088e-41 -3.12804e-41 0)
(-6.55167e-41 -4.65541e-40 0)
(-7.09768e-41 9.90592e-40 0)
(4.6582e-41 8.98909e-40 0)
(5.34018e-41 3.37513e-40 0)
(-2.38319e-41 -9.60465e-41 0)
(-6.88052e-42 7.99077e-40 0)
(6.97283e-41 2.30086e-41 0)
(-5.45341e-41 -5.54548e-40 0)
(-9.50379e-37 -1.51698e-36 0)
(-5.66977e-38 -1.02397e-37 0)
(-4.29195e-39 -5.00038e-39 0)
(-2.26878e-40 -2.59343e-40 0)
(-1.16047e-41 -2.6428e-41 0)
(-6.24984e-43 -2.91929e-41 0)
(-1.776e-42 -1.4514e-41 0)
(-1.20496e-42 1.31743e-41 0)
(4.99951e-43 1.43384e-41 0)
(5.9251e-43 1.16364e-42 0)
(4.92367e-44 1.57326e-43 0)
(6.61955e-45 1.0323e-44 0)
(-4.05402e-46 2.48834e-45 0)
(-1.29047e-44 1.96679e-44 0)
(-9.18231e-44 3.04455e-43 0)
(-1.13619e-42 2.17075e-42 0)
(-4.13712e-43 2.75225e-41 0)
(2.86509e-42 1.21582e-41 0)
(1.74743e-42 -4.11605e-41 0)
(-1.66284e-42 -2.97121e-41 0)
(-1.8411e-42 -1.28364e-42 0)
(-7.9431e-43 1.42964e-41 0)
(1.13551e-42 1.69039e-41 0)
(1.28874e-42 -1.29035e-41 0)
(-1.09283e-42 -1.31327e-41 0)
(-1.15777e-42 1.33813e-41 0)
(3.37837e-43 1.45826e-41 0)
(7.76478e-43 4.47539e-42 0)
(2.33352e-43 -3.15499e-42 0)
(-1.5204e-43 -2.38338e-43 0)
(4.47118e-44 -2.93184e-43 0)
(8.86821e-43 -1.4146e-42 0)
(-2.85519e-42 -2.21902e-41 0)
(-2.81897e-42 6.07149e-41 0)
(2.08906e-42 4.54059e-41 0)
(2.1033e-42 1.68408e-41 0)
(-9.3936e-43 -5.3306e-42 0)
(-2.31302e-43 3.95614e-41 0)
(2.79935e-42 1.18163e-42 0)
(-2.21878e-42 -2.69311e-41 0)
(6.65514e-36 -6.33781e-38 0)
(3.30964e-37 -2.92212e-39 0)
(1.91883e-38 -1.42239e-40 0)
(8.82404e-40 -8.10062e-42 0)
(4.44772e-41 -9.8802e-43 0)
(1.89343e-42 -1.15632e-42 0)
(8.6429e-45 -5.75488e-43 0)
(-4.92387e-44 5.21204e-43 0)
(2.19503e-44 5.68348e-43 0)
(2.5874e-44 4.71221e-44 0)
(2.15688e-45 6.38051e-45 0)
(2.9073e-46 4.24773e-46 0)
(-1.78389e-47 1.02343e-46 0)
(-5.66728e-46 8.09259e-46 0)
(-4.02131e-45 1.23415e-44 0)
(-4.95988e-44 8.78967e-44 0)
(-1.80306e-44 1.08996e-42 0)
(1.25175e-43 4.80062e-43 0)
(7.634e-44 -1.62997e-42 0)
(-7.26253e-44 -1.17861e-42 0)
(-8.04004e-44 -5.16298e-44 0)
(-3.40127e-44 5.69014e-43 0)
(4.9565e-44 7.0304e-43 0)
(5.5532e-44 -5.07853e-43 0)
(-4.77896e-44 -5.19137e-43 0)
(-5.05631e-44 5.29971e-43 0)
(1.5413e-44 5.8027e-43 0)
(3.31801e-44 2.09646e-43 0)
(9.47317e-45 -1.56164e-43 0)
(-5.97135e-45 -1.16604e-44 0)
(1.74594e-45 -1.19766e-44 0)
(3.7093e-44 -5.4082e-44 0)
(-1.45431e-43 -8.53183e-43 0)
(-1.23153e-43 2.653e-42 0)
(1.11898e-43 1.82312e-42 0)
(9.41668e-44 6.753e-43 0)
(-4.07796e-44 -1.72553e-43 0)
(-1.08229e-44 1.56735e-42 0)
(1.21603e-43 4.66755e-44 0)
(-9.56538e-44 -1.09449e-42 0)
(-5.88446e-37 4.61145e-37 0)
(-3.04969e-38 4.99464e-38 0)
(-1.80262e-39 2.54539e-39 0)
(-8.55444e-41 1.32214e-40 0)
(-4.37791e-42 5.66521e-42 0)
(-1.91625e-43 2.07145e-43 0)
(-1.1561e-44 -1.48682e-44 0)
(-2.30844e-45 2.31736e-44 0)
(7.93124e-46 2.48354e-44 0)
(9.60249e-46 2.06509e-45 0)
(8.13538e-47 2.80298e-46 0)
(1.09486e-47 1.86936e-47 0)
(-6.78943e-49 4.4994e-48 0)
(-2.13381e-47 3.56147e-47 0)
(-1.51749e-46 5.42094e-46 0)
(-1.84089e-45 3.85018e-45 0)
(-6.64901e-46 4.75921e-44 0)
(4.6472e-45 2.09525e-44 0)
(2.83487e-45 -7.11724e-44 0)
(-2.69514e-45 -5.14758e-44 0)
(-2.99152e-45 -2.26886e-45 0)
(-1.30957e-45 2.48049e-44 0)
(1.83957e-45 3.00061e-44 0)
(2.10583e-45 -2.2212e-44 0)
(-1.77007e-45 -2.26702e-44 0)
(-1.87991e-45 2.31331e-44 0)
(5.28336e-46 2.53057e-44 0)
(1.27787e-45 8.51215e-45 0)
(3.98616e-46 -6.16824e-45 0)
(-2.6374e-46 -4.73108e-46 0)
(5.69668e-47 -5.04719e-46 0)
(1.32714e-45 -2.12993e-45 0)
(-5.89386e-45 -3.56957e-44 0)
(-4.57145e-45 1.35782e-43 0)
(4.63982e-45 8.11516e-44 0)
(3.4922e-45 2.97029e-44 0)
(-1.50175e-45 -8.1807e-45 0)
(-3.49023e-46 6.8397e-44 0)
(4.55362e-45 2.08398e-45 0)
(-3.62916e-45 -4.7163e-44 0)
(-1.39103e-35 -2.79083e-39 0)
(-6.95493e-37 -6.55945e-40 0)
(-4.0689e-38 -3.57195e-41 0)
(-1.88207e-39 -1.90404e-42 0)
(-9.54883e-41 -8.40585e-44 0)
(-4.09589e-42 -5.64221e-45 0)
(-1.8512e-43 -1.08544e-45 0)
(-7.45804e-45 8.37862e-46 0)
(-2.7033e-46 9.21831e-46 0)
(2.65139e-47 7.79008e-47 0)
(2.78469e-48 1.05579e-47 0)
(4.16098e-49 7.11348e-49 0)
(-2.72572e-50 1.70768e-49 0)
(-8.3953e-49 1.35543e-48 0)
(-5.98071e-48 2.0414e-47 0)
(-7.23379e-47 1.45316e-46 0)
(-2.6096e-47 1.76687e-45 0)
(1.82617e-46 7.76097e-46 0)
(1.11406e-46 -2.6421e-45 0)
(-1.05891e-46 -1.91343e-45 0)
(-1.17541e-46 -8.51354e-47 0)
(-5.08008e-47 9.24708e-46 0)
(7.22856e-47 1.15732e-45 0)
(8.20728e-47 -8.20488e-46 0)
(-6.95815e-47 -8.40449e-46 0)
(-7.38498e-47 8.58871e-46 0)
(2.13788e-47 9.43109e-46 0)
(4.95506e-47 3.57621e-46 0)
(1.5003e-47 -2.69183e-46 0)
(-9.75538e-48 -2.0519e-47 0)
(1.91742e-48 -1.89979e-47 0)
(4.96886e-47 -7.45848e-47 0)
(-2.62195e-46 -1.27821e-45 0)
(-1.79626e-46 5.5152e-45 0)
(2.12916e-46 3.0589e-45 0)
(1.40312e-46 1.11531e-45 0)
(-5.86169e-47 -2.54094e-46 0)
(-1.43665e-47 2.54012e-45 0)
(1.78286e-46 7.69647e-47 0)
(-1.41509e-46 -1.78721e-45 0)
(-3.0556e-37 -4.66163e-37 0)
(-1.62286e-38 -5.09179e-38 0)
(-9.58068e-40 -2.60039e-39 0)
(-4.61176e-41 -1.354e-40 0)
(-2.35828e-42 -5.83886e-42 0)
(-1.04067e-43 -2.64113e-43 0)
(-4.73786e-45 -1.05723e-44 0)
(-1.95596e-46 -3.97937e-46 0)
(-6.84364e-48 2.01937e-47 0)
(1.01455e-48 2.4683e-48 0)
(1.01681e-49 3.94466e-49 0)
(1.47231e-50 2.72883e-50 0)
(-9.60052e-52 6.67801e-51 0)
(-2.94662e-50 5.33932e-50 0)
(-2.10879e-49 8.03237e-49 0)
(-2.51848e-48 5.72785e-48 0)
(-9.03966e-49 6.94384e-47 0)
(6.35819e-48 3.04882e-47 0)
(3.8797e-48 -1.03832e-46 0)
(-3.68575e-48 -7.52156e-47 0)
(-4.09996e-48 -3.36053e-48 0)
(-1.82041e-48 3.63094e-47 0)
(2.51663e-48 4.48393e-47 0)
(2.90697e-48 -3.22761e-47 0)
(-2.41789e-48 -3.30312e-47 0)
(-2.57435e-48 3.37445e-47 0)
(6.9599e-49 3.70391e-47 0)
(1.77651e-48 1.34588e-47 0)
(5.74367e-49 -9.97388e-48 0)
(-3.86557e-49 -7.74852e-49 0)
(5.52584e-50 -7.19037e-49 0)
(1.65463e-48 -2.59492e-48 0)
(-9.90061e-48 -4.78699e-47 0)
(-6.2533e-48 2.46116e-46 0)
(8.17547e-48 1.22563e-46 0)
(4.90195e-48 4.41635e-47 0)
(-2.02483e-48 -1.0564e-47 0)
(-4.41488e-49 9.97816e-47 0)
(6.25116e-48 3.06557e-48 0)
(-5.01523e-48 -6.96547e-47 0)
(6.97125e-36 1.73816e-39 0)
(3.48391e-37 -1.64321e-39 0)
(2.03755e-38 -9.81664e-41 0)
(9.42185e-40 -5.29236e-42 0)
(4.77939e-41 -2.3513e-43 0)
(2.04968e-42 -1.07142e-44 0)
(9.25736e-44 -4.36524e-46 0)
(3.69283e-45 -1.67546e-47 0)
(1.51156e-46 5.86628e-49 0)
(5.67273e-48 8.27466e-50 0)
(2.15209e-49 1.36883e-50 0)
(7.89965e-51 9.59336e-52 0)
(2.21668e-52 2.34926e-52 0)
(-1.04709e-51 1.88834e-51 0)
(-7.58838e-51 2.81955e-50 0)
(-9.03739e-50 2.01985e-49 0)
(-3.23997e-50 2.41794e-48 0)
(2.28146e-49 1.05975e-48 0)
(1.39223e-49 -3.61525e-48 0)
(-1.32236e-49 -2.62164e-48 0)
(-1.47128e-49 -1.17899e-49 0)
(-6.48465e-50 1.26875e-48 0)
(9.03075e-50 1.60943e-48 0)
(1.03822e-49 -1.11924e-48 0)
(-8.67687e-50 -1.14892e-48 0)
(-9.23638e-50 1.17507e-48 0)
(2.5416e-50 1.29385e-48 0)
(6.32738e-50 5.1462e-49 0)
(2.01386e-50 -3.9182e-49 0)
(-1.34468e-50 -3.03545e-50 0)
(1.55942e-51 -2.50515e-50 0)
(5.61466e-50 -8.2815e-50 0)
(-3.94387e-49 -1.5953e-48 0)
(-2.24368e-49 9.30955e-48 0)
(3.32469e-49 4.33838e-48 0)
(1.79544e-49 1.55415e-48 0)
(-7.21557e-50 -3.12855e-49 0)
(-1.62741e-50 3.47551e-48 0)
(2.2383e-49 1.06003e-49 0)
(-1.79206e-49 -2.46597e-48 0)
(4.41497e-37 3.35863e-37 0)
(2.30163e-38 1.94661e-38 0)
(1.35451e-39 8.98183e-40 0)
(6.4437e-41 4.55251e-41 0)
(3.28689e-42 1.95187e-42 0)
(1.43874e-43 8.81388e-44 0)
(6.53126e-45 3.51556e-45 0)
(2.64597e-46 1.43884e-46 0)
(1.08805e-47 5.39955e-48 0)
(4.11464e-49 2.04835e-49 0)
(1.55888e-50 7.52434e-51 0)
(5.61615e-52 2.78696e-52 0)
(1.78515e-53 1.63666e-53 0)
(-3.40182e-53 6.79427e-53 0)
(-2.50641e-52 1.01001e-51 0)
(-2.95565e-51 7.26899e-51 0)
(-1.05532e-51 8.67723e-50 0)
(7.46133e-51 3.80156e-50 0)
(4.55404e-51 -1.29732e-49 0)
(-4.32371e-51 -9.41028e-50 0)
(-4.81915e-51 -4.24365e-51 0)
(-2.17076e-51 4.55176e-50 0)
(2.95346e-51 5.72925e-50 0)
(3.44347e-51 -4.01816e-50 0)
(-2.83305e-51 -4.12302e-50 0)
(-3.02387e-51 4.21596e-50 0)
(7.84471e-52 4.64203e-50 0)
(2.11914e-51 1.80393e-50 0)
(7.08991e-52 -1.36234e-50 0)
(-4.8554e-52 -1.07032e-51 0)
(3.67532e-53 -8.64029e-52 0)
(1.73913e-51 -2.55107e-51 0)
(-1.39105e-50 -5.41521e-50 0)
(-7.3371e-51 3.71637e-49 0)
(1.18767e-50 1.58767e-49 0)
(5.91239e-51 5.62067e-50 0)
(-2.34148e-51 -1.16103e-50 0)
(-4.7496e-52 1.24681e-49 0)
(7.36302e-51 3.83142e-51 0)
(-5.94764e-51 -8.80742e-50 0)
(-3.63855e-39 4.34309e-38 0)
(-1.8581e-40 2.52999e-39 0)
(-1.11255e-41 1.20047e-40 0)
(-5.18895e-43 6.11225e-42 0)
(-2.65926e-44 2.6744e-43 0)
(-1.14296e-45 1.21344e-44 0)
(-5.18006e-47 4.91647e-46 0)
(-2.06397e-48 2.02163e-47 0)
(-8.43803e-50 7.63447e-49 0)
(-3.08154e-51 2.8866e-50 0)
(-1.12809e-52 1.02895e-51 0)
(-3.48179e-54 3.64869e-53 0)
(-1.77676e-55 1.44143e-54 0)
(-1.14716e-54 2.27142e-54 0)
(-8.32192e-54 3.31554e-53 0)
(-9.78598e-53 2.40117e-52 0)
(-3.48993e-53 2.83817e-51 0)
(2.47017e-52 1.24165e-51 0)
(1.50779e-52 -4.24288e-51 0)
(-1.43127e-52 -3.08028e-51 0)
(-1.59581e-52 -1.39541e-52 0)
(-7.16407e-53 1.49324e-51 0)
(9.77873e-53 1.92055e-51 0)
(1.13765e-52 -1.30969e-51 0)
(-9.37841e-53 -1.34738e-51 0)
(-1.00115e-52 1.37897e-51 0)
(2.6181e-53 1.52237e-51 0)
(6.99381e-53 6.34448e-52 0)
(2.32514e-53 -4.88731e-52 0)
(-1.58891e-53 -3.83725e-53 0)
(7.36398e-55 -2.79709e-53 0)
(5.38878e-53 -7.3281e-53 0)
(-5.04355e-52 -1.67867e-51 0)
(-2.42891e-52 1.31259e-50 0)
(4.36988e-52 5.28448e-51 0)
(1.99598e-52 1.85687e-51 0)
(-7.69699e-53 -3.26405e-52 0)
(-1.58803e-53 4.07905e-51 0)
(2.43524e-52 1.2428e-52 0)
(-1.96599e-52 -2.92029e-51 0)
(-4.25939e-37 3.49715e-37 0)
(-2.21375e-38 2.02469e-38 0)
(-1.29596e-39 9.31713e-40 0)
(-6.15677e-41 4.71924e-41 0)
(-3.13337e-42 2.01947e-42 0)
(-1.37115e-43 9.11431e-44 0)
(-6.22044e-45 3.6302e-45 0)
(-2.52121e-46 1.48466e-46 0)
(-1.03695e-47 5.52029e-48 0)
(-3.91081e-49 2.07098e-49 0)
(-1.4758e-50 7.21056e-51 0)
(-5.19976e-52 2.50384e-52 0)
(-1.81648e-53 8.19319e-54 0)
(-6.35129e-55 3.38465e-55 0)
(-2.77685e-55 1.10162e-54 0)
(-3.01244e-54 7.97204e-54 0)
(-1.07053e-54 9.39722e-53 0)
(7.60196e-54 4.10949e-53 0)
(4.64104e-54 -1.40471e-52 0)
(-4.40398e-54 -1.0201e-52 0)
(-4.91764e-54 -4.62941e-54 0)
(-2.24766e-54 4.94482e-53 0)
(3.00959e-54 6.33635e-53 0)
(3.54254e-54 -4.33617e-53 0)
(-2.88218e-54 -4.46092e-53 0)
(-3.08396e-54 4.56489e-53 0)
(7.65676e-55 5.04099e-53 0)
(2.19524e-54 2.07994e-53 0)
(7.58811e-55 -1.59671e-53 0)
(-5.28614e-55 -1.26725e-54 0)
(7.46756e-57 -8.87876e-55 0)
(1.5504e-54 -1.96706e-54 0)
(-1.66615e-53 -5.20395e-53 0)
(-7.47446e-54 4.76641e-52 0)
(1.45809e-53 1.78488e-52 0)
(6.20238e-54 6.19698e-53 0)
(-2.35038e-54 -1.09449e-53 0)
(-4.39174e-55 1.35023e-52 0)
(7.5317e-54 4.12516e-54 0)
(-6.12609e-54 -9.64855e-53 0)
(-7.29226e-36 -4.23928e-37 0)
(-3.63056e-37 -2.65566e-38 0)
(-2.12146e-38 -1.25267e-39 0)
(-9.78404e-40 -6.38715e-41 0)
(-4.95985e-41 -2.75101e-42 0)
(-2.12299e-42 -1.24368e-43 0)
(-9.58348e-44 -4.97423e-45 0)
(-3.81751e-45 -2.03693e-46 0)
(-1.56147e-46 -7.59819e-48 0)
(-5.80633e-48 -2.8538e-49 0)
(-2.17847e-49 -9.96131e-51 0)
(-7.58492e-51 -3.4625e-52 0)
(-2.63384e-52 -1.13432e-53 0)
(-8.61197e-54 -3.65101e-55 0)
(-2.86579e-55 2.23391e-56 0)
(-1.01288e-55 2.46961e-55 0)
(-3.31742e-56 2.89234e-54 0)
(2.33974e-55 1.26339e-54 0)
(1.42859e-55 -4.32306e-54 0)
(-1.35539e-55 -3.14166e-54 0)
(-1.51413e-55 -1.43021e-55 0)
(-6.91758e-56 1.52592e-54 0)
(9.26439e-56 1.99032e-54 0)
(1.09023e-55 -1.33064e-54 0)
(-8.86908e-56 -1.37205e-54 0)
(-9.49397e-56 1.40499e-54 0)
(2.35722e-56 1.55509e-54 0)
(6.75709e-56 6.78217e-55 0)
(2.33554e-56 -5.28497e-55 0)
(-1.62919e-56 -4.19777e-56 0)
(-2.44952e-58 -2.67921e-56 0)
(4.40099e-56 -4.90921e-56 0)
(-5.56137e-55 -1.49856e-54 0)
(-2.30047e-55 1.57629e-53 0)
(4.92052e-55 5.59583e-54 0)
(1.94569e-55 1.92573e-54 0)
(-7.18161e-56 -2.91003e-55 0)
(-1.34397e-56 4.15663e-54 0)
(2.31794e-55 1.25776e-55 0)
(-1.88638e-55 -3.00395e-54 0)
(9.24372e-36 -9.44391e-37 0)
(4.64381e-37 -7.97273e-38 0)
(2.71872e-38 -3.93794e-39 0)
(1.26172e-39 -2.03303e-40 0)
(6.40559e-41 -8.74746e-42 0)
(2.75436e-42 -3.95345e-43 0)
(1.24488e-43 -1.57678e-44 0)
(4.97599e-45 -6.45117e-46 0)
(2.03745e-46 -2.40079e-47 0)
(7.59654e-48 -9.00915e-49 0)
(2.85277e-49 -3.13866e-50 0)
(9.95368e-51 -1.09005e-51 0)
(3.45925e-52 -3.56539e-53 0)
(1.13286e-53 -1.15369e-54 0)
(3.66591e-55 -3.44915e-56 0)
(8.61531e-57 6.55588e-57 0)
(-6.0957e-58 8.90029e-56 0)
(6.79875e-57 3.88742e-56 0)
(4.14587e-57 -1.33062e-55 0)
(-3.932e-57 -9.67278e-56 0)
(-4.39824e-57 -4.40809e-57 0)
(-2.04007e-57 4.69941e-56 0)
(2.68825e-57 6.1253e-56 0)
(3.19521e-57 -4.09441e-56 0)
(-2.57016e-57 -4.22313e-56 0)
(-2.75698e-57 4.32419e-56 0)
(6.53183e-58 4.78861e-56 0)
(1.9936e-57 2.08661e-56 0)
(7.10906e-58 -1.62516e-56 0)
(-5.03449e-58 -1.30203e-57 0)
(-2.1248e-59 -7.8814e-58 0)
(1.17197e-57 -1.0703e-57 0)
(-1.72525e-56 -4.25687e-56 0)
(-6.67424e-57 5.26752e-55 0)
(1.53876e-56 1.75793e-55 0)
(5.71331e-57 5.97592e-56 0)
(-2.06736e-57 -8.88824e-57 0)
(-3.51531e-58 1.27928e-55 0)
(6.75431e-57 3.86712e-57 0)
(-5.53232e-57 -9.24551e-56 0)
(2.40551e-35 1.63838e-37 0)
(1.20251e-36 3.9463e-38 0)
(7.03428e-38 2.14004e-39 0)
(3.25332e-39 1.13033e-40 0)
(1.65048e-40 4.89468e-42 0)
(7.07902e-42 2.21569e-43 0)
(3.1974e-43 8.8511e-45 0)
(1.27558e-44 3.62301e-46 0)
(5.21983e-46 1.34976e-47 0)
(1.94321e-47 5.06708e-49 0)
(7.29338e-49 1.76684e-50 0)
(2.5416e-50 6.13851e-52 0)
(8.82828e-52 2.00925e-53 0)
(2.88821e-53 6.50427e-55 0)
(9.3473e-55 2.00675e-56 0)
(2.87065e-56 8.30413e-58 0)
(8.451e-58 2.60121e-57 0)
(2.20739e-58 1.12749e-57 0)
(1.20049e-58 -3.86069e-57 0)
(-1.13141e-58 -2.80821e-57 0)
(-1.26642e-58 -1.28243e-58 0)
(-5.88459e-59 1.36682e-57 0)
(7.7383e-59 1.80827e-57 0)
(9.20872e-59 -1.185e-57 0)
(-7.39477e-59 -1.22475e-57 0)
(-7.93737e-59 1.25473e-57 0)
(1.868e-59 1.39231e-57 0)
(5.7517e-59 6.34667e-58 0)
(2.05952e-59 -5.00099e-58 0)
(-1.46347e-59 -4.01356e-59 0)
(-1.02428e-60 -2.22242e-59 0)
(3.04266e-59 -1.99878e-59 0)
(-5.34548e-58 -1.13489e-57 0)
(-1.92088e-58 1.63551e-56 0)
(4.80827e-58 5.20064e-57 0)
(1.67572e-58 1.7503e-57 0)
(-5.90545e-59 -2.22588e-58 0)
(-9.90758e-60 3.71277e-57 0)
(1.94509e-58 1.1105e-58 0)
(-1.59537e-58 -2.7094e-57 0)
(-8.17017e-36 1.04676e-36 0)
(-4.08309e-37 1.17633e-37 0)
(-2.38787e-38 6.02601e-39 0)
(-1.10418e-39 3.14009e-40 0)
(-5.60102e-41 1.3542e-41 0)
(-2.40206e-42 6.1239e-43 0)
(-1.08489e-43 2.44339e-44 0)
(-4.32787e-45 9.9979e-46 0)
(-1.771e-46 3.72156e-47 0)
(-6.5929e-48 1.39666e-48 0)
(-2.47454e-49 4.86666e-50 0)
(-8.62345e-51 1.69032e-51 0)
(-2.9955e-52 5.52959e-53 0)
(-9.80028e-54 1.7895e-54 0)
(-3.17194e-55 5.51034e-56 0)
(-9.77022e-57 1.67661e-57 0)
(-2.96856e-58 1.22887e-58 0)
(-3.24866e-60 3.38105e-59 0)
(3.02519e-60 -1.11079e-58 0)
(-3.10741e-60 -8.0848e-59 0)
(-3.47426e-60 -3.69399e-60 0)
(-1.63552e-60 3.93726e-59 0)
(2.12083e-60 5.21674e-59 0)
(2.54586e-60 -3.40868e-59 0)
(-2.02423e-60 -3.52499e-59 0)
(-2.17687e-60 3.61116e-59 0)
(4.90562e-61 4.00992e-59 0)
(1.59924e-60 1.8378e-59 0)
(5.87511e-61 -1.45007e-59 0)
(-4.22618e-61 -1.17213e-60 0)
(-3.96642e-62 -6.08777e-61 0)
(7.43918e-61 -2.00382e-61 0)
(-1.561e-59 -2.94975e-59 0)
(-5.26364e-60 5.07191e-58 0)
(1.41341e-59 1.52851e-58 0)
(4.65647e-60 5.07971e-59 0)
(-1.60539e-60 -6.22072e-60 0)
(-2.4459e-61 1.06858e-58 0)
(5.35063e-60 3.18315e-60 0)
(-4.41361e-60 -7.80936e-59 0)
(-2.44113e-35 -8.54369e-37 0)
(-1.21982e-36 -4.76232e-38 0)
(-7.13396e-38 -2.17662e-39 0)
(-3.29855e-39 -1.10008e-40 0)
(-1.67321e-40 -4.71357e-42 0)
(-7.17528e-42 -2.12808e-43 0)
(-3.24067e-43 -8.4881e-45 0)
(-1.2927e-44 -3.47294e-46 0)
(-5.28974e-46 -1.29276e-47 0)
(-1.96911e-47 -4.85178e-49 0)
(-7.39055e-49 -1.69068e-50 0)
(-2.57538e-50 -5.87254e-52 0)
(-8.94573e-52 -1.92123e-53 0)
(-2.92661e-53 -6.21799e-55 0)
(-9.47189e-55 -1.9148e-56 0)
(-2.91677e-56 -5.80258e-58 0)
(-8.84167e-58 -1.48256e-59 0)
(-2.55421e-59 4.07293e-61 0)
(-6.43805e-61 -3.05819e-60 0)
(-1.0393e-61 -2.21707e-60 0)
(-9.45067e-62 -1.01422e-61 0)
(-4.44017e-62 1.08135e-60 0)
(5.73437e-62 1.45122e-60 0)
(6.89951e-62 -9.32032e-61 0)
(-5.46995e-62 -9.65633e-61 0)
(-5.88723e-62 9.89642e-61 0)
(1.3102e-62 1.10094e-60 0)
(4.34143e-62 5.23918e-61 0)
(1.60596e-62 -4.1726e-61 0)
(-1.16052e-62 -3.38077e-62 0)
(-1.39021e-63 -1.60711e-62 0)
(1.74903e-62 3.83108e-63 0)
(-4.51742e-61 -7.22428e-61 0)
(-1.42294e-61 1.48215e-59 0)
(4.11804e-61 4.27453e-60 0)
(1.28302e-61 1.40496e-60 0)
(-4.30623e-62 -1.45911e-61 0)
(-6.37297e-63 2.92903e-60 0)
(1.44806e-61 8.62493e-62 0)
(-1.19685e-61 -2.15894e-60 0)
(8.67673e-36 -1.77684e-36 0)
(4.33552e-37 -1.29649e-37 0)
(2.535e-38 -6.2585e-39 0)
(1.1721e-39 -3.21168e-40 0)
(5.94502e-41 -1.38026e-41 0)
(2.54947e-42 -6.23632e-43 0)
(1.15143e-43 -2.48729e-44 0)
(4.59327e-45 -1.01765e-45 0)
(1.87961e-46 -3.78735e-47 0)
(6.99733e-48 -1.42127e-48 0)
(2.62641e-49 -4.95172e-50 0)
(9.15298e-51 -1.71977e-51 0)
(3.17958e-52 -5.62533e-53 0)
(1.0403e-53 -1.8204e-54 0)
(3.3672e-55 -5.60491e-56 0)
(1.037e-56 -1.6988e-57 0)
(3.14371e-58 -4.92933e-59 0)
(9.13808e-60 -1.38257e-60 0)
(2.62702e-61 -1.20946e-61 0)
(4.98026e-63 -6.09831e-62 0)
(-2.24605e-63 -2.76968e-63 0)
(-1.16027e-63 2.92634e-62 0)
(1.48703e-63 3.93972e-62 0)
(1.80294e-63 -2.51768e-62 0)
(-1.41672e-63 -2.61043e-62 0)
(-1.52747e-63 2.67534e-62 0)
(3.26206e-64 2.97874e-62 0)
(1.14018e-63 1.43143e-62 0)
(4.30987e-64 -1.14284e-62 0)
(-3.14641e-64 -9.31674e-64 0)
(-4.44833e-65 -4.11235e-64 0)
(3.85106e-64 3.87738e-64 0)
(-1.24452e-62 -1.70195e-62 0)
(-3.68892e-63 4.29222e-61 0)
(1.14074e-62 1.1807e-61 0)
(3.37866e-63 3.83043e-62 0)
(-1.10728e-63 -3.73317e-63 0)
(-1.48078e-64 7.91869e-62 0)
(3.76725e-63 2.3162e-63 0)
(-3.12969e-63 -5.85154e-62 0)
(2.5013e-35 5.19438e-37 0)
(1.24895e-36 6.19779e-38 0)
(7.30405e-38 3.19334e-39 0)
(3.37537e-39 1.66656e-40 0)
(1.71206e-40 7.18697e-42 0)
(7.33883e-42 3.25007e-43 0)
(3.31422e-43 1.2964e-44 0)
(1.3216e-44 5.30424e-46 0)
(5.40743e-46 1.97397e-47 0)
(2.01236e-47 7.40752e-49 0)
(7.55204e-49 2.58066e-50 0)
(2.63104e-50 8.96264e-52 0)
(9.13799e-52 2.93152e-53 0)
(2.98889e-53 9.48635e-55 0)
(9.67232e-55 2.92066e-56 0)
(2.97794e-56 8.85201e-58 0)
(9.02583e-58 2.57145e-59 0)
(2.62182e-59 7.33495e-61 0)
(7.4734e-61 1.79916e-62 0)
(2.04661e-62 -1.01364e-63 0)
(4.89651e-64 -5.71119e-65 0)
(-1.5496e-65 7.60617e-64 0)
(3.82604e-65 1.03513e-63 0)
(4.61041e-65 -6.51411e-64 0)
(-3.60818e-65 -6.76587e-64 0)
(-3.89404e-65 6.93631e-64 0)
(8.1697e-66 7.736e-64 0)
(2.92134e-65 3.83918e-64 0)
(1.11392e-65 -3.08885e-64 0)
(-8.17446e-66 -2.52514e-65 0)
(-1.35183e-66 -1.01744e-65 0)
(7.95372e-66 1.69709e-65 0)
(-3.37987e-64 -3.75884e-64 0)
(-9.39978e-65 1.18315e-62 0)
(3.11516e-64 3.12639e-63 0)
(8.77803e-65 1.00219e-63 0)
(-2.79872e-65 -8.12479e-65 0)
(-3.5716e-66 2.05346e-63 0)
(9.6139e-65 5.93137e-65 0)
(-8.00653e-65 -1.52912e-63 0)
(-1.70936e-35 7.30517e-37 0)
(-8.53504e-37 1.00884e-37 0)
(-4.99238e-38 5.26928e-39 0)
(-2.30705e-39 2.75895e-40 0)
(-1.17029e-40 1.1911e-41 0)
(-5.01634e-42 5.38824e-43 0)
(-2.26546e-43 2.15021e-44 0)
(-9.03349e-45 8.79937e-46 0)
(-3.6961e-46 3.2758e-47 0)
(-1.37542e-47 1.22951e-48 0)
(-5.16155e-49 4.28472e-50 0)
(-1.7981e-50 1.48837e-51 0)
(-6.2448e-52 4.86948e-53 0)
(-2.04243e-53 1.57605e-54 0)
(-6.60911e-55 4.85357e-56 0)
(-2.03468e-56 1.4713e-57 0)
(-6.16647e-58 4.27479e-59 0)
(-1.79109e-59 1.21864e-60 0)
(-5.10464e-61 3.34181e-62 0)
(-1.40184e-62 8.60596e-64 0)
(-3.78415e-64 2.16036e-65 0)
(-1.05427e-65 1.9992e-65 0)
(6.81777e-67 2.65389e-65 0)
(1.1344e-66 -1.65827e-65 0)
(-8.85675e-67 -1.724e-65 0)
(-9.57264e-67 1.76747e-65 0)
(1.92909e-67 1.97315e-65 0)
(7.26103e-67 9.91778e-66 0)
(2.82093e-67 -8.00448e-66 0)
(-2.08829e-67 -6.57933e-67 0)
(-3.86954e-68 -2.43627e-67 0)
(1.48979e-67 6.2529e-67 0)
(-8.8013e-66 -7.79737e-66 0)
(-2.30894e-66 3.21499e-64 0)
(8.14977e-66 8.14477e-65 0)
(2.19351e-66 2.57579e-65 0)
(-6.81689e-67 -1.89244e-66 0)
(-7.77596e-68 5.23302e-65 0)
(2.36926e-66 1.49798e-66 0)
(-1.98244e-66 -3.9099e-65 0)
(-1.76019e-35 -5.92069e-37 0)
(-8.81204e-37 -5.99851e-38 0)
(-5.15693e-38 -3.02538e-39 0)
(-2.38769e-39 -1.56615e-40 0)
(-1.21185e-40 -6.72497e-42 0)
(-5.20235e-42 -3.02983e-43 0)
(-2.35078e-43 -1.20448e-44 0)
(-9.38543e-45 -4.91087e-46 0)
(-3.84229e-46 -1.82142e-47 0)
(-1.43135e-47 -6.81103e-49 0)
(-5.37456e-49 -2.36472e-50 0)
(-1.87407e-50 -8.1834e-52 0)
(-6.51243e-52 -2.66725e-53 0)
(-2.13177e-53 -8.5999e-55 0)
(-6.90224e-55 -2.63822e-56 0)
(-2.12657e-56 -7.96638e-58 0)
(-6.44876e-58 -2.30549e-59 0)
(-1.87444e-59 -6.54617e-61 0)
(-5.34534e-61 -1.79095e-62 0)
(-1.4688e-62 -4.8064e-64 0)
(-3.95195e-64 -1.24705e-65 0)
(-1.0301e-65 1.62631e-67 0)
(-2.3924e-67 6.51775e-67 0)
(2.11215e-68 -4.0678e-67 0)
(-2.14715e-68 -4.23407e-67 0)
(-2.30713e-68 4.34185e-67 0)
(4.54439e-69 4.85484e-67 0)
(1.76017e-68 2.51018e-67 0)
(6.90603e-69 -2.03919e-67 0)
(-5.14037e-69 -1.6813e-68 0)
(-1.0663e-69 -5.64988e-69 0)
(2.40333e-69 1.9921e-68 0)
(-2.25144e-67 -1.47153e-67 0)
(-5.561e-68 8.37588e-66 0)
(2.09434e-67 2.04511e-66 0)
(5.38947e-68 6.38522e-67 0)
(-1.628e-68 -3.75086e-68 0)
(-1.73287e-69 1.28577e-66 0)
(5.71669e-68 3.63071e-68 0)
(-4.79683e-68 -9.67498e-67 0)
(7.43244e-36 -7.50224e-37 0)
(3.67004e-37 -4.38961e-38 0)
(2.12104e-38 -2.00741e-39 0)
(9.69672e-40 -9.88889e-41 0)
(4.86045e-41 -4.14583e-42 0)
(2.06098e-42 -1.80939e-43 0)
(9.19706e-44 -7.01644e-45 0)
(3.62694e-45 -2.76343e-46 0)
(1.46614e-46 -9.94161e-48 0)
(5.39382e-48 -3.57321e-49 0)
(1.99934e-49 -1.19506e-50 0)
(6.88262e-51 -3.94871e-52 0)
(2.36025e-52 -1.22925e-53 0)
(7.6242e-54 -3.75064e-55 0)
(2.43504e-55 -1.0868e-56 0)
(7.39965e-57 -3.06739e-58 0)
(2.2123e-58 -8.25774e-60 0)
(6.33857e-60 -2.15257e-61 0)
(1.78101e-61 -5.3558e-63 0)
(4.82063e-63 -1.28074e-64 0)
(1.27693e-64 -2.90921e-66 0)
(3.27018e-66 -5.10675e-68 0)
(8.23979e-68 1.47337e-68 0)
(2.63439e-69 -9.80489e-69 0)
(-4.4925e-70 -1.01976e-68 0)
(-5.36923e-70 1.04573e-68 0)
(1.01823e-70 1.17053e-68 0)
(4.1474e-70 6.1422e-69 0)
(1.6544e-70 -5.00724e-69 0)
(-1.24088e-70 -4.1488e-70 0)
(-2.80536e-71 -1.26636e-70 0)
(2.77504e-71 5.97422e-70 0)
(-5.55116e-69 -2.40984e-69 0)
(-1.29602e-69 2.14357e-67 0)
(5.18438e-69 5.03916e-68 0)
(1.27951e-69 1.55137e-68 0)
(-3.76101e-70 -7.80141e-70 0)
(-3.50718e-71 3.09716e-68 0)
(1.33644e-69 8.64881e-70 0)
(-1.12635e-69 -2.33981e-68 0)
(-9.79536e-37 1.62907e-36 0)
(-6.14253e-38 1.14761e-37 0)
(-4.99538e-39 5.72315e-39 0)
(-2.72885e-40 3.35919e-40 0)
(-1.72105e-41 1.55383e-41 0)
(-8.44943e-43 7.90061e-43 0)
(-4.48995e-44 3.39016e-44 0)
(-2.0101e-45 1.53343e-45 0)
(-9.37172e-47 6.12031e-47 0)
(-3.86123e-48 2.50687e-48 0)
(-1.61744e-49 9.3361e-50 0)
(-6.17411e-51 3.50636e-51 0)
(-2.35984e-52 1.22228e-52 0)
(-8.38971e-54 4.24753e-54 0)
(-2.95742e-55 1.38992e-55 0)
(-9.83444e-57 4.49979e-57 0)
(-3.22219e-58 1.38588e-58 0)
(-1.00577e-59 4.20176e-60 0)
(-3.08083e-61 1.22084e-61 0)
(-9.05341e-63 3.48049e-63 0)
(-2.60434e-64 9.55981e-65 0)
(-7.22321e-66 2.57133e-66 0)
(-1.95805e-67 6.72537e-68 0)
(-5.12194e-69 1.47356e-69 0)
(-1.42917e-70 -1.9565e-70 0)
(-1.55527e-71 2.44737e-70 0)
(2.18156e-72 2.73253e-70 0)
(9.52907e-72 1.47063e-70 0)
(3.84214e-72 -1.2057e-70 0)
(-2.89771e-72 -1.00228e-71 0)
(-7.14378e-73 -2.74971e-72 0)
(-4.71386e-74 1.66115e-71 0)
(-1.34144e-70 -2.91283e-71 0)
(-2.95683e-71 5.28723e-69 0)
(1.25766e-70 1.20147e-69 0)
(2.98002e-71 3.64877e-70 0)
(-8.50506e-72 -1.34289e-71 0)
(-7.16763e-73 7.21996e-70 0)
(3.0554e-71 1.9865e-71 0)
(-2.58304e-71 -5.49087e-70 0)
(-2.41868e-35 -5.36029e-39 0)
(-1.33031e-36 2.39656e-39 0)
(-9.90597e-38 1.43677e-40 0)
(-5.03592e-39 7.74352e-42 0)
(-3.04133e-40 3.42304e-43 0)
(-1.42591e-41 1.55683e-44 0)
(-7.38055e-43 6.30302e-46 0)
(-3.19945e-44 2.59095e-47 0)
(-1.46488e-45 9.75707e-49 0)
(-5.89322e-47 3.679e-50 0)
(-2.43519e-48 1.29447e-51 0)
(-9.12635e-50 4.51758e-53 0)
(-3.45041e-51 1.49025e-54 0)
(-1.2089e-52 4.84591e-56 0)
(-4.22285e-54 1.50314e-57 0)
(-1.38762e-55 4.57775e-59 0)
(-4.51096e-57 1.33863e-60 0)
(-1.39415e-58 3.8335e-62 0)
(-4.24114e-60 1.05912e-63 0)
(-1.23588e-61 2.86119e-65 0)
(-3.53328e-63 7.48275e-67 0)
(-9.72886e-65 1.91241e-68 0)
(-2.62271e-66 4.82717e-70 0)
(-6.83649e-68 6.2926e-72 0)
(-1.74274e-69 -5.15082e-72 0)
(-4.334e-71 5.56681e-72 0)
(-9.92027e-73 6.24108e-72 0)
(1.88787e-73 3.41367e-72 0)
(8.66828e-74 -2.80903e-72 0)
(-6.626e-74 -2.34576e-73 0)
(-1.74985e-74 -5.76022e-74 0)
(-1.65444e-74 4.43688e-73 0)
(-3.13629e-72 -1.34961e-74 0)
(-6.54568e-73 1.27813e-70 0)
(2.95051e-72 2.8063e-71 0)
(6.72883e-73 8.39895e-72 0)
(-1.86564e-73 -2.33065e-73 0)
(-1.32713e-74 1.6475e-71 0)
(6.78416e-73 4.4737e-73 0)
(-5.75953e-73 -1.25856e-71 0)
(-2.10849e-36 -1.51866e-36 0)
(-1.19896e-37 -7.71911e-38 0)
(-8.42187e-39 -3.66628e-39 0)
(-4.35273e-40 -2.27016e-40 0)
(-2.54764e-41 -1.08321e-41 0)
(-1.20597e-42 -5.77132e-43 0)
(-6.1273e-44 -2.5413e-44 0)
(-2.67267e-45 -1.18619e-45 0)
(-1.20953e-46 -4.82884e-47 0)
(-4.88694e-48 -2.02236e-48 0)
(-2.00423e-49 -7.64899e-50 0)
(-7.53514e-51 -2.92058e-51 0)
(-2.83487e-52 -1.03076e-52 0)
(-9.95681e-54 -3.62796e-54 0)
(-3.46704e-55 -1.19924e-55 0)
(-1.14153e-56 -3.92203e-57 0)
(-3.70366e-58 -1.21812e-58 0)
(-1.14656e-59 -3.72372e-60 0)
(-3.48405e-61 -1.08961e-61 0)
(-1.01675e-62 -3.1277e-63 0)
(-2.90532e-64 -8.64257e-65 0)
(-8.01036e-66 -2.33783e-66 0)
(-2.1593e-67 -6.11248e-68 0)
(-5.63549e-69 -1.56263e-69 0)
(-1.43681e-70 -3.88419e-71 0)
(-3.56118e-72 -8.14392e-73 0)
(-8.48948e-74 1.16317e-73 0)
(2.63363e-75 7.69654e-74 0)
(1.87822e-75 -6.40836e-74 0)
(-1.47034e-75 -5.36904e-75 0)
(-4.15989e-76 -1.16743e-75 0)
(-7.1109e-76 1.12454e-74 0)
(-7.17597e-74 1.45282e-74 0)
(-1.41712e-74 2.98921e-72 0)
(6.77328e-74 6.36084e-73 0)
(1.4883e-74 1.87651e-73 0)
(-4.0017e-75 -2.85085e-75 0)
(-2.43737e-76 3.64808e-73 0)
(1.47212e-74 9.74765e-75 0)
(-1.25389e-74 -2.80465e-73 0)
(-9.52606e-36 -1.363e-37 0)
(-4.78569e-37 -6.9843e-39 0)
(-2.82375e-38 -3.3873e-40 0)
(-1.31312e-39 -1.99822e-41 0)
(-6.71682e-41 -9.5636e-43 0)
(-2.89782e-42 -4.9517e-44 0)
(-1.3193e-43 -2.18472e-45 0)
(-5.29592e-45 -1.00241e-46 0)
(-2.18397e-46 -4.08712e-48 0)
(-8.18292e-48 -1.6933e-49 0)
(-3.09466e-49 -6.41294e-51 0)
(-1.08563e-50 -2.43152e-52 0)
(-3.79936e-52 -8.59155e-54 0)
(-1.2515e-53 -3.01015e-55 0)
(-4.08068e-55 -9.96069e-57 0)
(-1.26541e-56 -3.24796e-58 0)
(-3.86436e-58 -1.00975e-59 0)
(-1.13072e-59 -3.08114e-61 0)
(-3.24729e-61 -9.0243e-63 0)
(-8.98374e-63 -2.58775e-64 0)
(-2.43418e-64 -7.15717e-66 0)
(-6.37853e-66 -1.93515e-67 0)
(-1.63482e-67 -5.06431e-69 0)
(-4.06384e-69 -1.29455e-70 0)
(-9.87297e-71 -3.21365e-72 0)
(-2.33136e-72 -7.50989e-74 0)
(-5.37554e-74 1.16843e-75 0)
(-1.10858e-75 1.66605e-75 0)
(1.50037e-77 -1.41891e-75 0)
(-3.24361e-77 -1.19347e-76 0)
(-9.56729e-78 -2.27573e-77 0)
(-2.26476e-77 2.75639e-76 0)
(-1.59293e-75 6.52178e-76 0)
(-2.98287e-76 6.84145e-74 0)
(1.50803e-75 1.4109e-74 0)
(3.19919e-76 4.09954e-75 0)
(-8.34259e-77 -2.34719e-77 0)
(-3.96706e-78 7.89953e-75 0)
(3.10777e-76 2.07905e-76 0)
(-2.65788e-76 -6.10274e-75 0)
(-6.04115e-37 -4.56968e-37 0)
(-3.16416e-38 -2.67172e-38 0)
(-1.87673e-39 -1.23943e-39 0)
(-8.97158e-41 -6.33405e-41 0)
(-4.60926e-42 -2.73151e-42 0)
(-2.02773e-43 -1.24328e-43 0)
(-9.26705e-45 -4.98971e-45 0)
(-3.77374e-46 -2.05745e-46 0)
(-1.56153e-47 -7.70791e-48 0)
(-5.91469e-49 -2.91486e-49 0)
(-2.24367e-50 -1.02248e-50 0)
(-7.93727e-52 -3.57832e-52 0)
(-2.78541e-53 -1.17866e-53 0)
(-9.23553e-55 -3.84326e-55 0)
(-3.01878e-56 -1.19179e-56 0)
(-9.40982e-58 -3.63969e-58 0)
(-2.8799e-59 -1.06501e-59 0)
(-8.46136e-61 -3.05877e-61 0)
(-2.43467e-62 -8.46265e-63 0)
(-6.75761e-64 -2.29315e-64 0)
(-1.83403e-65 -6.00937e-66 0)
(-4.81824e-67 -1.54033e-67 0)
(-1.23663e-68 -3.82925e-69 0)
(-3.08013e-70 -9.30386e-71 0)
(-7.49141e-72 -2.1971e-72 0)
(-1.77156e-73 -5.0629e-74 0)
(-4.08952e-75 -1.07497e-75 0)
(-8.98814e-77 1.18379e-77 0)
(-1.14722e-78 -3.12246e-77 0)
(-7.15151e-79 -2.60291e-78 0)
(-2.14271e-79 -4.27802e-79 0)
(-6.31741e-79 6.48154e-78 0)
(-3.45725e-77 2.10721e-77 0)
(-6.13653e-78 1.51907e-75 0)
(3.28238e-77 3.04328e-76 0)
(6.72989e-78 8.70975e-77 0)
(-1.69956e-78 5.35315e-79 0)
(-6.13807e-80 1.6632e-76 0)
(6.40931e-78 4.30097e-78 0)
(-5.50041e-78 -1.29288e-76 0)
(-7.91032e-38 -3.04223e-38 0)
(-4.19936e-39 -1.79129e-39 0)
(-2.55379e-40 -8.54762e-41 0)
(-1.22585e-41 -4.38824e-42 0)
(-6.35376e-43 -1.92998e-43 0)
(-2.79124e-44 -8.81831e-45 0)
(-1.27621e-45 -3.5905e-46 0)
(-5.17127e-47 -1.48548e-47 0)
(-2.13045e-48 -5.62598e-49 0)
(-8.00995e-50 -2.13389e-50 0)
(-3.01598e-51 -7.54821e-52 0)
(-1.05718e-52 -2.64862e-53 0)
(-3.67491e-54 -8.78126e-55 0)
(-1.20571e-55 -2.87006e-56 0)
(-3.89818e-57 -8.94565e-58 0)
(-1.2011e-58 -2.73765e-59 0)
(-3.63208e-60 -8.04294e-61 0)
(-1.05394e-61 -2.31414e-62 0)
(-2.9939e-63 -6.42274e-64 0)
(-8.20132e-65 -1.74305e-65 0)
(-2.19598e-66 -4.57904e-67 0)
(-5.69048e-68 -1.17518e-68 0)
(-1.4401e-69 -2.92697e-70 0)
(-3.53624e-71 -7.11862e-72 0)
(-8.47669e-73 -1.68333e-73 0)
(-1.97534e-74 -3.88498e-75 0)
(-4.49277e-76 -8.6047e-77 0)
(-9.90649e-78 -1.14519e-78 0)
(-1.97158e-79 -6.86813e-79 0)
(-1.83764e-80 -5.56176e-80 0)
(-4.71129e-81 -7.69705e-81 0)
(-1.6101e-80 1.47847e-79 0)
(-7.29436e-79 5.92091e-79 0)
(-1.22918e-79 3.29775e-77 0)
(6.94356e-79 6.41951e-78 0)
(1.37828e-79 1.80845e-78 0)
(-3.37e-80 2.87385e-80 0)
(-7.51412e-82 3.42241e-78 0)
(1.28759e-79 8.69979e-80 0)
(-1.10942e-79 -2.67417e-78 0)
(6.90159e-41 -8.19794e-39 0)
(3.11296e-42 -4.94925e-40 0)
(1.17722e-43 -2.36809e-41 0)
(3.93442e-45 -1.22401e-42 0)
(5.86695e-47 -5.36538e-44 0)
(-1.34261e-48 -2.4475e-45 0)
(-3.1036e-49 -9.89724e-47 0)
(-1.97232e-50 -4.0687e-48 0)
(-1.17998e-51 -1.52674e-49 0)
(-5.51919e-53 -5.73693e-51 0)
(-2.55065e-54 -2.00711e-52 0)
(-1.0336e-55 -6.96336e-54 0)
(-4.12697e-57 -2.28036e-55 0)
(-1.50942e-58 -7.3586e-57 0)
(-5.41393e-60 -2.26314e-58 0)
(-1.81942e-61 -6.83091e-60 0)
(-5.97623e-63 -1.97856e-61 0)
(-1.86405e-64 -5.61009e-63 0)
(-5.67147e-66 -1.53402e-64 0)
(-1.65263e-67 -4.10002e-66 0)
(-4.69253e-69 -1.06054e-67 0)
(-1.28336e-70 -2.67907e-69 0)
(-3.41863e-72 -6.56679e-71 0)
(-8.80567e-74 -1.57129e-72 0)
(-2.20907e-75 -3.65503e-74 0)
(-5.37351e-77 -8.29807e-76 0)
(-1.27306e-78 -1.83148e-77 0)
(-2.84889e-80 -3.79855e-79 0)
(-3.01417e-82 -2.16004e-80 0)
(-2.92192e-82 -1.30098e-81 0)
(-9.75709e-83 -1.35192e-82 0)
(-3.85757e-82 3.25504e-81 0)
(-1.50391e-80 1.51541e-80 0)
(-2.40555e-81 6.95932e-79 0)
(1.43517e-80 1.31882e-79 0)
(2.76076e-81 3.6568e-80 0)
(-6.52718e-82 9.96865e-82 0)
(-6.29362e-84 6.85713e-80 0)
(2.52649e-81 1.70987e-81 0)
(-2.18469e-81 -5.39074e-80 0)
(8.24555e-38 -2.83246e-38 0)
(4.35753e-39 -1.64594e-39 0)
(2.63686e-40 -7.80605e-41 0)
(1.26049e-41 -3.97064e-42 0)
(6.50398e-43 -1.73736e-43 0)
(2.84603e-44 -7.88102e-45 0)
(1.29581e-45 -3.19411e-46 0)
(5.2308e-47 -1.31357e-47 0)
(2.14636e-48 -4.95375e-49 0)
(8.03988e-50 -1.86916e-50 0)
(3.01556e-51 -6.58522e-52 0)
(1.05317e-52 -2.29994e-53 0)
(3.6472e-54 -7.59592e-55 0)
(1.19229e-55 -2.47199e-56 0)
(3.84052e-57 -7.67617e-58 0)
(1.17907e-58 -2.33967e-59 0)
(3.55244e-60 -6.84866e-61 0)
(1.02713e-61 -1.96292e-62 0)
(2.90715e-63 -5.42837e-64 0)
(7.93514e-65 -1.46769e-65 0)
(2.11701e-66 -3.8419e-67 0)
(5.46615e-68 -9.8239e-69 0)
(1.37832e-69 -2.4381e-70 0)
(3.37233e-71 -5.90817e-72 0)
(8.05444e-73 -1.39212e-73 0)
(1.87013e-74 -3.20226e-75 0)
(4.23804e-76 -7.17199e-77 0)
(9.34955e-78 -1.56779e-78 0)
(2.0132e-79 -3.36808e-80 0)
(4.21855e-81 -7.17872e-82 0)
(8.45211e-83 -1.62348e-83 0)
(-7.03259e-84 6.93619e-83 0)
(-3.01827e-82 3.64146e-82 0)
(-4.58833e-83 1.43512e-80 0)
(2.8873e-82 2.64861e-81 0)
(5.39044e-83 7.22441e-82 0)
(-1.23173e-83 2.68672e-83 0)
(6.00129e-86 1.34231e-81 0)
(4.83338e-83 3.28332e-83 0)
(-4.19604e-83 -1.061e-81 0)
(5.6627e-37 -4.57181e-37 0)
(2.94429e-38 -2.64596e-38 0)
(1.72429e-39 -1.21721e-39 0)
(8.19364e-41 -6.16425e-41 0)
(4.17077e-42 -2.63728e-42 0)
(1.82536e-43 -1.19017e-43 0)
(8.28162e-45 -4.73979e-45 0)
(3.35681e-46 -1.9384e-46 0)
(1.38062e-47 -7.20682e-48 0)
(5.20699e-49 -2.70368e-49 0)
(1.96486e-50 -9.41263e-51 0)
(6.92278e-52 -3.26835e-52 0)
(2.41798e-53 -1.06848e-53 0)
(7.98612e-55 -3.45708e-55 0)
(2.59909e-56 -1.06398e-56 0)
(8.07115e-58 -3.22443e-58 0)
(2.46015e-59 -9.36379e-60 0)
(7.20154e-61 -2.66871e-61 0)
(2.06412e-62 -7.32738e-63 0)
(5.70837e-64 -1.97025e-64 0)
(1.54343e-65 -5.1236e-66 0)
(4.04026e-67 -1.30311e-67 0)
(1.03313e-68 -3.21442e-69 0)
(2.56408e-70 -7.74883e-71 0)
(6.21354e-72 -1.81545e-72 0)
(1.4641e-73 -4.15492e-74 0)
(3.36788e-75 -9.2558e-76 0)
(7.54307e-77 -2.01377e-77 0)
(1.64924e-78 -4.2694e-79 0)
(3.51442e-80 -8.84002e-81 0)
(7.31097e-82 -1.78517e-82 0)
(1.46443e-83 -2.0762e-84 0)
(-5.62494e-84 8.2188e-84 0)
(-8.49257e-85 2.88103e-82 0)
(5.67395e-84 5.18615e-83 0)
(1.02904e-84 1.39134e-83 0)
(-2.26986e-85 6.70557e-85 0)
(4.26839e-87 2.56109e-83 0)
(9.03084e-85 6.13365e-85 0)
(-7.869e-85 -2.03671e-83 0)
(9.61501e-36 5.54775e-37 0)
(4.78713e-37 3.47725e-38 0)
(2.7973e-38 1.6405e-39 0)
(1.29013e-39 8.36507e-41 0)
(6.5401e-41 3.6031e-42 0)
(2.79944e-42 1.62892e-43 0)
(1.26371e-43 6.51522e-45 0)
(5.03396e-45 2.66799e-46 0)
(2.05904e-46 9.95236e-48 0)
(7.65662e-48 3.73801e-49 0)
(2.87269e-49 1.30479e-50 0)
(1.00021e-50 4.5354e-52 0)
(3.47321e-52 1.48585e-53 0)
(1.13551e-53 4.81215e-55 0)
(3.67405e-55 1.48361e-56 0)
(1.13078e-56 4.50015e-58 0)
(3.42685e-58 1.30875e-59 0)
(9.95163e-60 3.73308e-61 0)
(2.83617e-61 1.02624e-62 0)
(7.78699e-63 2.76155e-64 0)
(2.09374e-64 7.18892e-66 0)
(5.44454e-66 1.8297e-67 0)
(1.38467e-67 4.51748e-69 0)
(3.41541e-69 1.08973e-70 0)
(8.23283e-71 2.55513e-72 0)
(1.92872e-72 5.85144e-74 0)
(4.41386e-74 1.30443e-75 0)
(9.83195e-76 2.83969e-77 0)
(2.13896e-77 6.02418e-79 0)
(4.53441e-79 1.24797e-80 0)
(9.38762e-81 2.5213e-82 0)
(1.89532e-82 5.00352e-84 0)
(3.62413e-84 2.76337e-85 0)
(5.63673e-86 5.65179e-84 0)
(1.09993e-85 9.92533e-85 0)
(1.91906e-86 2.61764e-85 0)
(-4.07781e-87 1.52458e-86 0)
(1.39687e-88 4.77332e-85 0)
(1.64615e-86 1.11886e-86 0)
(-1.44004e-86 -3.81749e-85 0)
(-1.20953e-35 1.24465e-36 0)
(-6.07666e-37 1.05101e-37 0)
(-3.55766e-38 5.19174e-39 0)
(-1.65112e-39 2.68045e-40 0)
(-8.38258e-41 1.15337e-41 0)
(-3.60454e-42 5.21283e-43 0)
(-1.62914e-43 2.07914e-44 0)
(-6.51208e-45 8.50655e-46 0)
(-2.66642e-46 3.16575e-47 0)
(-9.94175e-48 1.18797e-48 0)
(-3.73349e-49 4.13875e-50 0)
(-1.30267e-50 1.43738e-51 0)
(-4.52724e-52 4.70141e-53 0)
(-1.48263e-53 1.52136e-54 0)
(-4.80078e-55 4.68397e-56 0)
(-1.47961e-56 1.41961e-57 0)
(-4.48706e-58 4.12364e-59 0)
(-1.30454e-59 1.17531e-60 0)
(-3.72023e-61 3.22754e-62 0)
(-1.02241e-62 8.67863e-64 0)
(-2.75062e-64 2.2571e-65 0)
(-7.1585e-66 5.74053e-67 0)
(-1.82154e-67 1.4161e-68 0)
(-4.49614e-69 3.4136e-70 0)
(-1.08433e-70 7.99767e-72 0)
(-2.54183e-72 1.83029e-73 0)
(-5.81963e-74 4.07717e-75 0)
(-1.29702e-75 8.87006e-77 0)
(-2.82291e-77 1.88042e-78 0)
(-5.98714e-79 3.89304e-80 0)
(-1.24002e-80 7.86008e-82 0)
(-2.50465e-82 1.54988e-83 0)
(-4.94254e-84 3.01962e-85 0)
(-9.53663e-86 1.13582e-85 0)
(2.44207e-88 1.86358e-86 0)
(3.16137e-88 4.80604e-87 0)
(-7.21316e-89 3.31472e-88 0)
(3.536e-90 8.67738e-87 0)
(2.93055e-88 1.98722e-88 0)
(-2.57335e-88 -6.9823e-87 0)
(-3.17011e-35 -1.8444e-37 0)
(-1.58499e-36 -4.98656e-38 0)
(-9.27259e-38 -2.71594e-39 0)
(-4.28897e-39 -1.43612e-40 0)
(-2.176e-40 -6.217e-42 0)
(-9.33362e-42 -2.81411e-43 0)
(-4.21585e-43 -1.12368e-44 0)
(-1.68195e-44 -4.59892e-46 0)
(-6.88281e-46 -1.71271e-47 0)
(-2.56235e-47 -6.42863e-49 0)
(-9.61715e-49 -2.24089e-50 0)
(-3.35142e-50 -7.78423e-52 0)
(-1.16411e-51 -2.54722e-53 0)
(-3.80841e-53 -8.24434e-55 0)
(-1.23253e-54 -2.53919e-56 0)
(-3.79537e-56 -7.69719e-58 0)
(-1.15041e-57 -2.23653e-59 0)
(-3.34212e-59 -6.37556e-61 0)
(-9.52636e-61 -1.75125e-62 0)
(-2.61634e-62 -4.70974e-64 0)
(-7.03561e-64 -1.22515e-65 0)
(-1.82994e-65 -3.11642e-67 0)
(-4.65441e-67 -7.68916e-69 0)
(-1.14825e-68 -1.85378e-70 0)
(-2.76805e-70 -4.3439e-72 0)
(-6.48558e-72 -9.94241e-74 0)
(-1.4843e-73 -2.21511e-75 0)
(-3.30659e-75 -4.81964e-77 0)
(-7.19385e-77 -1.02188e-78 0)
(-1.52512e-78 -2.11583e-80 0)
(-3.15754e-80 -4.27239e-82 0)
(-6.37528e-82 -8.425e-84 0)
(-1.25708e-83 -1.62038e-85 0)
(-2.41871e-85 -1.03094e-87 0)
(-4.50782e-87 2.82313e-88 0)
(-7.71638e-89 8.51286e-89 0)
(-2.7177e-90 6.79642e-90 0)
(5.49085e-92 1.54077e-88 0)
(5.09143e-90 3.44488e-90 0)
(-4.48901e-90 -1.24707e-88 0)
(1.00767e-35 -8.89886e-37 0)
(5.02368e-37 -1.26371e-37 0)
(2.93767e-38 -6.61995e-39 0)
(1.35606e-39 -3.46849e-40 0)
(6.87714e-41 -1.49807e-41 0)
(2.94542e-42 -6.7771e-43 0)
(1.3299e-43 -2.70496e-44 0)
(5.2996e-45 -1.10693e-45 0)
(2.1679e-46 -4.12129e-47 0)
(8.06326e-48 -1.54678e-48 0)
(3.02531e-49 -5.39064e-50 0)
(1.05347e-50 -1.87241e-51 0)
(3.65801e-52 -6.12604e-53 0)
(1.19598e-53 -1.98261e-54 0)
(3.86937e-55 -6.10546e-56 0)
(1.19087e-56 -1.85065e-57 0)
(3.60854e-58 -5.37672e-59 0)
(1.04785e-59 -1.53262e-60 0)
(2.98592e-61 -4.20943e-62 0)
(8.19728e-63 -1.132e-63 0)
(2.20372e-64 -2.94445e-65 0)
(5.72975e-66 -7.48938e-67 0)
(1.45695e-67 -1.84773e-68 0)
(3.59314e-69 -4.45446e-70 0)
(8.65967e-71 -1.04373e-71 0)
(2.02837e-72 -2.38881e-73 0)
(4.64099e-74 -5.32183e-75 0)
(1.0336e-75 -1.15787e-76 0)
(2.24816e-77 -2.45484e-78 0)
(4.76496e-79 -5.08263e-80 0)
(9.86289e-81 -1.02626e-81 0)
(1.9909e-82 -2.02368e-83 0)
(3.92479e-84 -3.8938e-85 0)
(7.54972e-86 -7.28046e-87 0)
(1.41902e-87 -1.28198e-88 0)
(2.61187e-89 -8.97652e-91 0)
(4.45442e-91 9.30871e-92 0)
(9.8464e-93 2.66903e-90 0)
(8.65454e-92 5.81633e-92 0)
(-7.64694e-92 -2.17424e-90 0)
(2.18141e-35 5.36887e-37 0)
(1.09189e-36 2.58602e-38 0)
(6.38834e-38 1.12809e-39 0)
(2.95726e-39 5.62415e-41 0)
(1.50055e-40 2.39014e-42 0)
(6.44031e-42 1.07675e-43 0)
(2.90942e-43 4.27541e-45 0)
(1.16131e-44 1.74662e-46 0)
(4.75303e-46 6.4783e-48 0)
(1.77019e-47 2.42767e-49 0)
(6.64508e-49 8.43407e-51 0)
(2.3165e-50 2.92517e-52 0)
(8.0477e-52 9.54485e-54 0)
(2.63362e-53 3.08457e-55 0)
(8.52479e-55 9.477e-57 0)
(2.62577e-56 2.86855e-58 0)
(7.96032e-58 8.31702e-60 0)
(2.31316e-59 2.36747e-61 0)
(6.59456e-61 6.49053e-63 0)
(1.81154e-62 1.74309e-64 0)
(4.87228e-64 4.52642e-66 0)
(1.26753e-65 1.14982e-67 0)
(3.22447e-67 2.83241e-69 0)
(7.95632e-69 6.81963e-71 0)
(1.91834e-70 1.59565e-72 0)
(4.49551e-72 3.64747e-74 0)
(1.02902e-73 8.11504e-76 0)
(2.29275e-75 1.76347e-77 0)
(4.98894e-77 3.73406e-79 0)
(1.05785e-78 7.72214e-81 0)
(2.19047e-80 1.55734e-82 0)
(4.42341e-82 3.06741e-84 0)
(8.72343e-84 5.89525e-86 0)
(1.67868e-85 1.10724e-87 0)
(3.15487e-87 2.03811e-89 0)
(5.78795e-89 3.88633e-91 0)
(1.0367e-90 8.91294e-93 0)
(1.81765e-92 4.529e-92 0)
(1.74146e-93 9.60302e-94 0)
(-1.26675e-93 -3.70194e-92 0)
(1.33371e-36 1.02128e-36 0)
(6.97543e-38 5.88815e-38 0)
(4.1087e-39 2.70949e-39 0)
(1.95946e-40 1.36938e-40 0)
(1.00038e-41 5.85966e-42 0)
(4.38771e-43 2.64055e-43 0)
(1.99363e-44 1.05155e-44 0)
(8.09063e-46 4.29557e-46 0)
(3.3296e-47 1.59678e-47 0)
(1.25647e-48 5.98483e-49 0)
(4.74159e-50 2.08301e-50 0)
(1.67079e-51 7.22714e-52 0)
(5.83406e-53 2.36189e-53 0)
(1.92648e-54 7.63667e-55 0)
(6.26651e-56 2.34946e-56 0)
(1.94513e-57 7.11569e-58 0)
(5.92488e-59 2.0656e-59 0)
(1.73332e-60 5.88367e-61 0)
(4.96414e-62 1.6148e-62 0)
(1.37184e-63 4.3397e-64 0)
(3.70598e-65 1.12806e-65 0)
(9.69322e-67 2.86763e-67 0)
(2.47637e-68 7.07066e-69 0)
(6.14056e-70 1.70367e-70 0)
(1.48663e-71 3.9898e-72 0)
(3.49971e-73 9.12706e-74 0)
(8.04259e-75 2.03236e-75 0)
(1.79959e-76 4.41982e-77 0)
(3.93084e-78 9.36646e-79 0)
(8.36828e-80 1.93847e-80 0)
(1.73921e-81 3.91247e-82 0)
(3.52549e-83 7.71196e-84 0)
(6.97748e-85 1.48331e-85 0)
(1.34756e-86 2.7864e-87 0)
(2.54133e-88 5.1096e-89 0)
(4.67841e-90 9.15522e-91 0)
(8.41013e-92 1.60505e-92 0)
(1.47697e-93 1.03183e-93 0)
(4.82865e-95 2.02102e-95 0)
(-1.97965e-95 -6.21696e-94 0)
)
;

boundaryField
{
    leftWall
    {
        type            fixedValue;
        value           nonuniform 0();
    }
    rightWall
    {
        type            fixedValue;
        value           uniform (0 0 0);
    }
    lowerWall
    {
        type            fixedValue;
        value           nonuniform 0();
    }
    atmosphere
    {
        type            pressureInletOutletVelocity;
        value           nonuniform List<vector> 
45
(
(7.38568e-34 6.58893e-31 0)
(2.90475e-32 4.50926e-32 0)
(2.32799e-33 4.48515e-33 0)
(2.72625e-34 2.60184e-34 0)
(1.78341e-35 2.00137e-35 0)
(1.33371e-36 1.02128e-36 0)
(6.97543e-38 5.88815e-38 0)
(4.1087e-39 2.70949e-39 0)
(1.95946e-40 1.36938e-40 0)
(1.00038e-41 5.85966e-42 0)
(4.38771e-43 2.64055e-43 0)
(1.99363e-44 1.05155e-44 0)
(8.09063e-46 4.29557e-46 0)
(3.3296e-47 1.59678e-47 0)
(1.25647e-48 5.98483e-49 0)
(4.74159e-50 2.08301e-50 0)
(1.67079e-51 7.22714e-52 0)
(5.83406e-53 2.36189e-53 0)
(1.92648e-54 7.63667e-55 0)
(6.26651e-56 2.34946e-56 0)
(1.94513e-57 7.11569e-58 0)
(5.92488e-59 2.0656e-59 0)
(1.73332e-60 5.88367e-61 0)
(4.96414e-62 1.6148e-62 0)
(1.37184e-63 4.3397e-64 0)
(3.70598e-65 1.12806e-65 0)
(9.69322e-67 2.86763e-67 0)
(2.47637e-68 7.07066e-69 0)
(6.14056e-70 1.70367e-70 0)
(1.48663e-71 3.9898e-72 0)
(3.49971e-73 9.12706e-74 0)
(8.04259e-75 2.03236e-75 0)
(1.79959e-76 4.41982e-77 0)
(3.93084e-78 9.36646e-79 0)
(8.36828e-80 1.93847e-80 0)
(1.73921e-81 3.91247e-82 0)
(3.52549e-83 7.71196e-84 0)
(6.97748e-85 1.48331e-85 0)
(1.34756e-86 2.7864e-87 0)
(2.54133e-88 5.1096e-89 0)
(4.67841e-90 9.15522e-91 0)
(8.41013e-92 1.60505e-92 0)
(1.47697e-93 1.03183e-93 0)
(4.82865e-95 2.02102e-95 0)
(0 -6.21696e-94 0)
)
;
    }
    defaultFaces
    {
        type            empty;
    }
    procBoundary3to1
    {
        type            processor;
        value           nonuniform List<vector> 
45
(
(3.75547e-37 2.82944e-37 0)
(4.87566e-36 5.19353e-36 0)
(7.56009e-35 6.52032e-35 0)
(7.04617e-34 1.07069e-33 0)
(1.01263e-32 9.54559e-33 0)
(5.77232e-32 1.49084e-31 0)
(9.03603e-31 1.33549e-31 0)
(8.55206e-31 -2.92153e-31 0)
(-8.54582e-31 -2.91317e-31 0)
(-8.94075e-31 1.42204e-31 0)
(5.6678e-34 2.99107e-31 0)
(9.03654e-31 1.50788e-31 0)
(9.12559e-31 -1.41325e-31 0)
(5.79183e-32 -1.49949e-31 0)
(9.52096e-33 -8.62651e-33 0)
(5.66535e-34 -8.81531e-34 0)
(5.50163e-35 -4.60548e-35 0)
(-2.83869e-36 -9.81473e-36 0)
(-1.0763e-34 -8.83259e-35 0)
(-1.07786e-33 -1.71745e-33 0)
(-1.84782e-32 -1.63746e-32 0)
(-1.06368e-31 -2.91313e-31 0)
(-1.76771e-30 -1.33531e-31 0)
(-9.03598e-31 4.35241e-31 0)
(8.55163e-31 3.0779e-31 0)
(9.52207e-31 9.87731e-33 0)
(9.23962e-31 -1.34852e-31 0)
(6.79535e-32 1.88025e-31 0)
(6.56656e-32 1.54663e-31 0)
(9.136e-31 1.41689e-31 0)
(9.13259e-31 -1.41887e-31 0)
(5.97549e-32 -1.37024e-31 0)
(7.64274e-33 3.08213e-31 0)
(-1.30895e-33 -3.17718e-31 0)
(1.9456e-33 -1.29285e-32 0)
(1.23803e-33 1.4028e-33 0)
(1.91209e-32 1.72457e-32 0)
(1.17511e-31 2.99977e-31 0)
(1.81776e-30 2.91428e-31 0)
(1.78427e-30 -4.17758e-31 0)
(-6.98507e-31 -1.46094e-31 0)
(8.16201e-31 4.39534e-31 0)
(-5.88466e-32 -4.07617e-31 0)
(-1.72128e-30 -2.09775e-32 0)
(-1.01527e-31 -5.66724e-32 0)
)
;
    }
    procBoundary3to2
    {
        type            processor;
        value           nonuniform List<vector> 
43
(
(3.13723e-37 7.61814e-41 0)
(2.08173e-38 -1.74421e-38 0)
(2.68771e-39 -3.21497e-39 0)
(-2.22718e-39 -4.61639e-38 0)
(-6.13421e-38 -6.39935e-37 0)
(-1.3362e-36 -1.37023e-35 0)
(-4.36237e-35 -1.32003e-34 0)
(-1.09479e-33 -2.6506e-33 0)
(-2.16958e-32 -6.45128e-34 0)
(-1.03771e-32 -9.84295e-33 0)
(-1.89371e-31 -6.82638e-32 0)
(1.32507e-32 -1.34453e-30 0)
(3.84704e-31 2.75638e-32 0)
(5.71586e-33 1.37369e-30 0)
(-1.93386e-31 7.02291e-32 0)
(-9.49941e-33 1.27672e-32 0)
(7.296e-35 1.3255e-33 0)
(9.51885e-33 1.35782e-32 0)
(2.06422e-31 6.35571e-32 0)
(-2.49286e-31 1.45648e-30 0)
(-6.66009e-31 -1.70285e-30 0)
(2.26656e-31 -3.24314e-30 0)
(6.77606e-31 -1.08924e-31 0)
(-2.41064e-31 1.5248e-30 0)
(-6.96832e-31 -1.7993e-30 0)
(4.76046e-31 -3.38278e-30 0)
(4.83792e-31 1.56234e-30 0)
(-2.18868e-31 3.11323e-32 0)
(-2.37646e-32 1.74119e-32 0)
(-2.91076e-31 -1.17831e-31 0)
(1.95908e-33 -1.82802e-30 0)
(2.56809e-31 -9.34151e-32 0)
(1.26729e-32 -1.68455e-32 0)
(1.31912e-33 -8.80156e-34 0)
(-2.28525e-36 -1.79799e-34 0)
(-1.40801e-33 -8.81778e-34 0)
(-1.26163e-32 -1.7814e-32 0)
(-2.72127e-31 -8.39011e-32 0)
(3.26099e-31 -1.9201e-30 0)
(8.76768e-31 2.22726e-30 0)
(-2.8286e-31 4.27497e-30 0)
(-5.99991e-31 2.32225e-31 0)
(-2.83917e-32 4.15669e-32 0)
)
;
    }
}


// ************************************************************************* //
