/*--------------------------------*- C++ -*----------------------------------*\
| =========                 |                                                 |
| \\      /  F ield         | OpenFOAM: The Open Source CFD Toolbox           |
|  \\    /   O peration     | Version:  2.4.0                                 |
|   \\  /    A nd           | Web:      www.OpenFOAM.org                      |
|    \\/     M anipulation  |                                                 |
\*---------------------------------------------------------------------------*/
FoamFile
{
    version     2.0;
    format      ascii;
    class       volVectorField;
    location    "0.4";
    object      U;
}
// * * * * * * * * * * * * * * * * * * * * * * * * * * * * * * * * * * * * * //

dimensions      [0 1 -1 0 0 0 0];

internalField   nonuniform List<vector> 
1915
(
(3.95539e-43 -2.14793e-40 0)
(1.35191e-41 -2.12294e-41 0)
(4.26758e-42 -2.49741e-39 0)
(1.80561e-40 -2.45241e-40 0)
(4.46902e-41 -2.69521e-38 0)
(2.07114e-39 -2.632e-39 0)
(4.2344e-40 -2.84574e-37 0)
(2.21424e-38 -2.74821e-38 0)
(3.75195e-39 -2.72138e-36 0)
(2.31467e-37 -2.61872e-37 0)
(2.71556e-38 -2.61017e-35 0)
(2.18315e-36 -2.47282e-36 0)
(1.70913e-37 -2.12492e-34 0)
(2.06036e-35 -2.01723e-35 0)
(4.29893e-37 -1.8628e-33 0)
(1.62502e-34 -1.71947e-34 0)
(-1.96594e-36 -1.17642e-32 0)
(1.36409e-33 -1.10715e-33 0)
(-4.57701e-35 -1.00406e-31 0)
(7.45389e-33 -8.7768e-33 0)
(-2.26648e-36 -6.22928e-37 0)
(-3.06949e-35 -5.39095e-36 0)
(-1.77927e-34 -6.49454e-35 0)
(-2.83567e-33 -5.53398e-35 0)
(-2.68644e-33 1.26386e-34 0)
(2.68644e-33 1.26386e-34 0)
(2.83567e-33 -5.53398e-35 0)
(1.77928e-34 -6.49453e-35 0)
(3.07061e-35 -5.39235e-36 0)
(2.23609e-36 -6.55631e-37 0)
(2.46841e-37 -4.7896e-38 0)
(1.74964e-38 -4.25173e-39 0)
(-2.98151e-44 -5.71125e-40 0)
(-1.74969e-38 -4.25181e-39 0)
(-2.46849e-37 -4.78973e-38 0)
(-2.23619e-36 -6.55652e-37 0)
(-3.07076e-35 -5.39264e-36 0)
(-1.77945e-34 -6.49496e-35 0)
(-2.83592e-33 -5.5388e-35 0)
(-2.6887e-33 1.25726e-34 0)
(2.65549e-33 1.20945e-34 0)
(2.65549e-33 -1.20945e-34 0)
(-2.6887e-33 -1.25726e-34 0)
(-2.83592e-33 5.5388e-35 0)
(-1.77945e-34 6.49496e-35 0)
(-3.07076e-35 5.39263e-36 0)
(-2.2363e-36 6.55631e-37 0)
(-2.48384e-37 4.76092e-38 0)
(-3.52912e-38 -1.98051e-41 0)
(-2.49796e-37 -4.78748e-38 0)
(-2.25236e-36 -6.59575e-37 0)
(-3.09368e-35 -5.43628e-36 0)
(-1.79933e-34 -6.5557e-35 0)
(-2.86437e-33 -6.01205e-35 0)
(-2.83567e-33 6.62209e-35 0)
(-7.85451e-41 1.3121e-34 0)
(2.83567e-33 6.62207e-35 0)
(2.86436e-33 -6.01236e-35 0)
(1.79694e-34 -6.5563e-35 0)
(2.96799e-35 -5.03471e-36 0)
(-4.18538e-37 2.8872e-37 0)
(-5.08231e-36 2.7744e-36 0)
(-3.08273e-35 3.34539e-35 0)
(-3.37587e-34 2.8492e-35 0)
(-3.11465e-34 -6.50745e-35 0)
(3.11465e-34 -6.50745e-35 0)
(3.37587e-34 2.8492e-35 0)
(3.08274e-35 3.34539e-35 0)
(5.08496e-36 2.77573e-36 0)
(4.2264e-37 3.27277e-37 0)
(4.62763e-38 2.35315e-38 0)
(3.49673e-39 2.04312e-39 0)
(-6.4463e-45 2.7056e-40 0)
(-3.49683e-39 2.04316e-39 0)
(-4.62779e-38 2.35321e-38 0)
(-4.22662e-37 3.27287e-37 0)
(-5.08527e-36 2.77587e-36 0)
(-3.08309e-35 3.34559e-35 0)
(-3.37634e-34 2.85156e-35 0)
(-3.11891e-34 -6.47452e-35 0)
(3.06334e-34 -6.22751e-35 0)
(3.06334e-34 6.22751e-35 0)
(-3.11891e-34 6.47452e-35 0)
(-3.37634e-34 -2.85156e-35 0)
(-3.08309e-35 -3.34559e-35 0)
(-5.08527e-36 -2.77587e-36 0)
(-4.22683e-37 -3.27277e-37 0)
(-4.65858e-38 -2.33956e-38 0)
(-7.05554e-39 9.25403e-42 0)
(-4.68679e-38 2.35216e-38 0)
(-4.25894e-37 3.29174e-37 0)
(-5.12801e-36 2.79736e-36 0)
(-3.1207e-35 3.37595e-35 0)
(-3.42293e-34 3.0962e-35 0)
(-3.37587e-34 -3.40908e-35 0)
(-1.87682e-41 -6.75664e-35 0)
(3.37587e-34 -3.40907e-35 0)
(3.4229e-34 3.09632e-35 0)
(3.11564e-35 3.37493e-35 0)
(4.82174e-36 2.22182e-36 0)
(-8.35721e-38 5.3515e-38 0)
(-8.5151e-37 5.13106e-37 0)
(-3.30493e-36 5.14097e-36 0)
(-2.74612e-35 4.22363e-36 0)
(-2.49372e-35 -9.94431e-36 0)
(2.49372e-35 -9.94431e-36 0)
(2.74612e-35 4.22363e-36 0)
(3.30491e-36 5.14096e-36 0)
(8.51646e-37 5.13337e-37 0)
(8.01205e-38 6.1206e-38 0)
(1.00546e-38 4.73311e-39 0)
(8.05876e-40 4.13634e-40 0)
(-1.73537e-45 5.70192e-41 0)
(-8.05902e-40 4.13642e-40 0)
(-1.0055e-38 4.73325e-39 0)
(-8.01258e-38 6.12081e-38 0)
(-8.51721e-37 5.13366e-37 0)
(-3.30573e-36 5.14137e-36 0)
(-2.74714e-35 4.22839e-36 0)
(-2.50181e-35 -9.88269e-36 0)
(2.40754e-35 -9.42621e-36 0)
(2.40754e-35 9.42621e-36 0)
(-2.50181e-35 9.88269e-36 0)
(-2.74714e-35 -4.22839e-36 0)
(-3.30573e-36 -5.14137e-36 0)
(-8.51721e-37 -5.13366e-37 0)
(-8.01312e-38 -6.1206e-38 0)
(-1.01303e-38 -4.70448e-39 0)
(-1.62741e-39 1.96134e-42 0)
(-1.01992e-38 4.73101e-39 0)
(-8.08674e-38 6.15889e-38 0)
(-8.6096e-37 5.17685e-37 0)
(-3.37572e-36 5.19782e-36 0)
(-2.82421e-35 4.68011e-36 0)
(-2.74612e-35 -5.25983e-36 0)
(-1.97596e-42 -1.04052e-35 0)
(2.74612e-35 -5.2598e-36 0)
(2.82419e-35 4.68037e-36 0)
(3.37285e-36 5.1961e-36 0)
(8.4536e-37 4.10816e-37 0)
(-1.07409e-38 1.18837e-38 0)
(-9.61719e-38 1.03017e-37 0)
(-2.6182e-37 9.77545e-37 0)
(-1.69469e-36 7.95567e-37 0)
(-1.52022e-36 -1.89106e-36 0)
(1.52022e-36 -1.89106e-36 0)
(1.69469e-36 7.95567e-37 0)
(2.61815e-37 9.77546e-37 0)
(9.61627e-38 1.03096e-37 0)
(1.00688e-38 1.36326e-38 0)
(1.35328e-39 1.11063e-39 0)
(1.14151e-40 1.02809e-40 0)
(-2.72887e-46 1.46372e-41 0)
(-1.14155e-40 1.02811e-40 0)
(-1.35335e-39 1.11066e-39 0)
(-1.00696e-38 1.36332e-38 0)
(-9.61737e-38 1.03103e-37 0)
(-2.61931e-37 9.77649e-37 0)
(-1.69606e-36 7.96685e-37 0)
(-1.53041e-36 -1.87733e-36 0)
(1.42269e-36 -1.78685e-36 0)
(1.42269e-36 1.78685e-36 0)
(-1.53041e-36 1.87733e-36 0)
(-1.69606e-36 -7.96685e-37 0)
(-2.61931e-37 -9.77649e-37 0)
(-9.61737e-38 -1.03103e-37 0)
(-1.00704e-38 -1.36326e-38 0)
(-1.36434e-39 -1.10328e-39 0)
(-2.30655e-40 5.1847e-43 0)
(-1.37435e-39 1.11007e-39 0)
(-1.01744e-38 1.37275e-38 0)
(-9.74113e-38 1.04111e-37 0)
(-2.70635e-37 9.90164e-37 0)
(-1.78204e-36 8.86046e-37 0)
(-1.69469e-36 -1.00399e-36 0)
(-1.30197e-43 -1.98256e-36 0)
(1.69469e-36 -1.00399e-36 0)
(1.78205e-36 8.86061e-37 0)
(2.70729e-37 9.89509e-37 0)
(9.801e-38 8.12509e-38 0)
(-1.41193e-39 1.60556e-39 0)
(-1.13804e-38 1.3347e-38 0)
(-1.90845e-38 1.18246e-37 0)
(-7.35837e-38 9.48003e-38 0)
(-6.47651e-38 -2.28435e-37 0)
(6.47651e-38 -2.28435e-37 0)
(7.35837e-38 9.48003e-38 0)
(1.90834e-38 1.18246e-37 0)
(1.13743e-38 1.33597e-38 0)
(1.27954e-39 1.85376e-39 0)
(1.8487e-40 1.58357e-40 0)
(1.61346e-41 1.5069e-41 0)
(-4.20906e-47 2.20929e-42 0)
(-1.61352e-41 1.50693e-41 0)
(-1.84879e-40 1.58363e-40 0)
(-1.27966e-39 1.85385e-39 0)
(-1.13759e-38 1.33608e-38 0)
(-1.90998e-38 1.18261e-37 0)
(-7.37702e-38 9.49598e-38 0)
(-6.60611e-38 -2.26566e-37 0)
(5.32044e-38 -2.14916e-37 0)
(5.32044e-38 2.14916e-37 0)
(-6.60611e-38 2.26566e-37 0)
(-7.37702e-38 -9.49598e-38 0)
(-1.90998e-38 -1.18261e-37 0)
(-1.13759e-38 -1.33608e-38 0)
(-1.27978e-39 -1.85376e-39 0)
(-1.86482e-40 -1.57247e-40 0)
(-3.26188e-41 7.94344e-44 0)
(-1.87938e-40 1.58272e-40 0)
(-1.29444e-39 1.86764e-39 0)
(-1.15444e-38 1.35041e-38 0)
(-2.01929e-38 1.19956e-37 0)
(-8.38485e-38 1.06451e-37 0)
(-7.35837e-38 -1.21839e-37 0)
(1.29703e-44 -2.4023e-37 0)
(7.3584e-38 -1.21839e-37 0)
(8.38553e-38 1.0645e-37 0)
(2.02766e-38 1.19846e-37 0)
(1.20062e-38 1.04099e-38 0)
(-1.55943e-40 2.20858e-40 0)
(-1.1637e-39 1.74388e-39 0)
(-1.33536e-39 1.4979e-38 0)
(-1.50253e-39 1.19366e-38 0)
(-1.21058e-39 -2.89423e-38 0)
(1.21058e-39 -2.89423e-38 0)
(1.50252e-39 1.19366e-38 0)
(1.33522e-39 1.49791e-38 0)
(1.16266e-39 1.7461e-39 0)
(1.38562e-40 2.55646e-40 0)
(2.08994e-41 2.2517e-41 0)
(1.8807e-42 2.20671e-42 0)
(-5.26516e-48 3.29875e-43 0)
(-1.88078e-42 2.20677e-42 0)
(-2.09006e-41 2.25179e-41 0)
(-1.38577e-40 2.55659e-40 0)
(-1.16285e-39 1.74626e-39 0)
(-1.33713e-39 1.49813e-38 0)
(-1.52361e-39 1.19593e-38 0)
(-1.35105e-39 -2.86845e-38 0)
(2.6828e-41 -2.71736e-38 0)
(2.6828e-41 2.71736e-38 0)
(-1.35105e-39 2.86845e-38 0)
(-1.52361e-39 -1.19593e-38 0)
(-1.33713e-39 -1.49813e-38 0)
(-1.16285e-39 -1.74626e-39 0)
(-1.38592e-40 -2.55646e-40 0)
(-2.10913e-41 -2.23513e-41 0)
(-3.80377e-42 1.20411e-44 0)
(-2.12641e-41 2.25041e-41 0)
(-1.40297e-40 2.57674e-40 0)
(-1.18184e-39 1.76657e-39 0)
(-1.4546e-39 1.52143e-38 0)
(-2.5458e-39 1.34475e-38 0)
(-1.50252e-39 -1.54742e-38 0)
(4.00723e-45 -3.04739e-38 0)
(1.50259e-39 -1.54742e-38 0)
(2.54694e-39 1.34469e-38 0)
(1.46854e-39 1.51955e-38 0)
(1.2558e-39 1.34219e-39 0)
(-1.56423e-41 2.70995e-41 0)
(-1.20693e-40 1.90214e-40 0)
(-1.04062e-40 1.58617e-39 0)
(1.58423e-40 1.2535e-39 0)
(1.5489e-40 -3.06365e-39 0)
(-1.54889e-40 -3.06365e-39 0)
(-1.58416e-40 1.25351e-39 0)
(1.04126e-40 1.58633e-39 0)
(1.20356e-40 1.91853e-40 0)
(1.48212e-41 2.90404e-41 0)
(2.31291e-42 2.63317e-42 0)
(2.12324e-43 2.63128e-43 0)
(-6.26402e-49 4.00827e-44 0)
(-2.12333e-43 2.63135e-43 0)
(-2.31305e-42 2.63328e-42 0)
(-1.48229e-41 2.9042e-41 0)
(-1.20378e-40 1.91873e-40 0)
(-1.04342e-40 1.58659e-39 0)
(1.56081e-40 1.25617e-39 0)
(1.39852e-40 -3.03435e-39 0)
(-2.77579e-40 -2.86915e-39 0)
(-2.77579e-40 2.86915e-39 0)
(1.39852e-40 3.03435e-39 0)
(1.56081e-40 -1.25617e-39 0)
(-1.04342e-40 -1.58659e-39 0)
(-1.20378e-40 -1.91873e-40 0)
(-1.48246e-41 -2.90404e-41 0)
(-2.33495e-42 -2.61303e-42 0)
(-4.29575e-43 1.47879e-45 0)
(-2.35477e-42 2.63158e-42 0)
(-1.50168e-41 2.92818e-41 0)
(-1.22475e-40 1.94243e-40 0)
(-1.16829e-40 1.61298e-39 0)
(5.07623e-41 1.41872e-39 0)
(1.58416e-40 -1.64253e-39 0)
(7.40006e-46 -3.23126e-39 0)
(-1.58404e-40 -1.64253e-39 0)
(-5.05977e-41 1.4186e-39 0)
(1.18779e-40 1.61056e-39 0)
(1.32584e-40 1.46114e-40 0)
(3.07823e-41 6.25004e-41 0)
(-1.01549e-41 3.22847e-42 0)
(-7.33828e-42 1.65847e-40 0)
(2.68834e-41 1.31668e-40 0)
(2.50996e-41 -3.23683e-40 0)
(-2.50883e-41 -3.23672e-40 0)
(-2.67764e-41 1.31828e-40 0)
(8.46264e-42 1.67589e-40 0)
(1.13811e-41 2.06987e-41 0)
(1.44147e-42 3.22454e-42 0)
(2.29932e-43 2.98027e-43 0)
(2.15004e-44 3.02752e-44 0)
(-6.62961e-50 4.67073e-45 0)
(-2.15013e-44 3.02761e-44 0)
(-2.29946e-43 2.9804e-43 0)
(-1.44165e-42 3.22472e-42 0)
(-1.13833e-41 2.0701e-41 0)
(-8.48449e-42 1.67619e-40 0)
(2.65442e-41 1.32129e-40 0)
(2.36258e-41 -3.20417e-40 0)
(-3.67024e-41 -3.02672e-40 0)
(-3.67024e-41 3.02672e-40 0)
(2.36258e-41 3.20417e-40 0)
(2.65442e-41 -1.32129e-40 0)
(-8.48449e-42 -1.67619e-40 0)
(-1.13834e-41 -2.0701e-41 0)
(-1.44183e-42 -3.22454e-42 0)
(-2.32192e-43 -2.9568e-43 0)
(-4.35119e-44 1.73826e-46 0)
(-2.34221e-43 2.9784e-43 0)
(-1.46127e-42 3.25228e-42 0)
(-1.15915e-41 2.09687e-41 0)
(-9.69378e-42 1.70544e-40 0)
(1.66265e-41 1.49573e-40 0)
(2.67764e-41 -1.73827e-40 0)
(9.74657e-47 -3.41688e-40 0)
(-2.6775e-41 -1.73828e-40 0)
(-1.66074e-41 1.49555e-40 0)
(9.91372e-42 1.70245e-40 0)
(1.27128e-41 1.56302e-41 0)
(9.94961e-40 -1.73539e-41 0)
(3.64813e-41 -1.70048e-40 0)
(1.53513e-41 -6.2631e-43 0)
(4.28229e-42 1.12411e-41 0)
(2.83407e-42 -3.09708e-41 0)
(-2.70765e-42 -3.08935e-41 0)
(-2.92511e-42 1.25139e-41 0)
(7.30922e-43 1.59977e-41 0)
(1.05682e-42 2.02183e-42 0)
(1.36204e-43 3.21188e-43 0)
(2.20924e-44 3.02305e-44 0)
(2.09233e-45 3.10782e-45 0)
(-6.64929e-51 4.85336e-46 0)
(-2.09243e-45 3.10791e-45 0)
(-2.20938e-44 3.02319e-44 0)
(-1.36221e-43 3.21207e-43 0)
(-1.05703e-42 2.02207e-42 0)
(-7.33017e-43 1.60009e-41 0)
(2.90333e-42 1.25446e-41 0)
(2.5774e-42 -3.05642e-41 0)
(-3.79486e-42 -2.88362e-41 0)
(-3.79486e-42 2.88362e-41 0)
(2.5774e-42 3.05642e-41 0)
(2.90333e-42 -1.25446e-41 0)
(-7.33017e-43 -1.60009e-41 0)
(-1.05704e-42 -2.02207e-42 0)
(-1.36238e-43 -3.21188e-43 0)
(-2.23145e-44 -2.99866e-44 0)
(-4.23531e-45 1.81823e-47 0)
(-2.25137e-44 3.02109e-44 0)
(-1.38129e-43 3.24032e-43 0)
(-1.077e-42 2.04919e-42 0)
(-8.46908e-43 1.62916e-41 0)
(1.98484e-42 1.42422e-41 0)
(2.92564e-42 -1.66188e-41 0)
(1.15135e-47 -3.26441e-41 0)
(-2.92547e-42 -1.66189e-41 0)
(-1.98279e-42 1.424e-41 0)
(8.70091e-43 1.62594e-41 0)
(1.1942e-42 1.51785e-42 0)
(2.52443e-38 1.10852e-38 0)
(2.04141e-39 -1.90104e-39 0)
(1.94216e-40 -1.81659e-40 0)
(1.40608e-41 -1.05399e-41 0)
(1.20928e-42 -3.58295e-42 0)
(-1.85995e-43 -2.91144e-42 0)
(-2.63085e-43 1.15749e-42 0)
(6.14268e-44 1.48775e-42 0)
(9.14769e-44 1.90909e-43 0)
(1.19897e-44 3.0781e-44 0)
(1.96752e-45 2.93342e-45 0)
(1.88616e-46 3.04206e-46 0)
(-5.52369e-52 4.79e-47 0)
(-1.88624e-46 3.04215e-46 0)
(-1.96762e-45 2.93357e-45 0)
(-1.19907e-44 3.07832e-44 0)
(-9.14856e-44 1.90938e-43 0)
(-6.14115e-44 1.48816e-42 0)
(2.6474e-43 1.16257e-42 0)
(2.34494e-43 -2.84134e-42 0)
(-3.40128e-43 -2.67855e-42 0)
(-3.40128e-43 2.67855e-42 0)
(2.34494e-43 2.84134e-42 0)
(2.6474e-43 -1.16257e-42 0)
(-6.14115e-44 -1.48816e-42 0)
(-9.14857e-44 -1.90938e-43 0)
(-1.19923e-44 -3.07812e-44 0)
(-1.98765e-45 -2.90936e-45 0)
(-3.81867e-46 1.80256e-48 0)
(-2.00573e-45 2.93149e-45 0)
(-1.21626e-44 3.10594e-44 0)
(-9.32615e-44 1.93567e-43 0)
(-7.14131e-44 1.51599e-42 0)
(1.85455e-43 1.3224e-42 0)
(2.66727e-43 -1.54735e-42 0)
(1.18835e-48 -3.03789e-42 0)
(-2.6671e-43 -1.54737e-42 0)
(-1.85257e-43 1.32215e-42 0)
(7.36039e-44 1.5127e-42 0)
(1.04272e-43 1.4268e-43 0)
(2.2982e-34 -4.16655e-31 0)
(7.16671e-32 -3.98208e-32 0)
(6.79376e-33 -7.48776e-30 0)
(-7.83108e-33 -5.01552e-31 0)
(1.20986e-31 9.14384e-31 0)
(-3.35749e-32 6.29879e-32 0)
(6.79205e-33 8.46065e-30 0)
(9.37201e-33 5.702e-31 0)
(2.43019e-34 4.86275e-31 0)
(8.02052e-32 4.68518e-32 0)
(7.75083e-36 2.51805e-31 0)
(-5.61301e-33 2.49964e-32 0)
(1.91641e-35 1.01485e-30 0)
(-1.42749e-31 9.82173e-32 0)
(3.49759e-35 1.44461e-29 0)
(-2.63886e-31 1.01997e-30 0)
(1.09459e-36 2.79902e-29 0)
(-8.28887e-33 1.92805e-30 0)
(-3.48978e-35 1.53023e-29 0)
(2.63301e-31 1.07734e-30 0)
(1.51729e-31 1.02051e-31 0)
(1.25271e-32 1.68638e-32 0)
(1.39914e-33 1.38432e-33 0)
(9.77212e-35 1.5058e-34 0)
(8.06353e-36 3.54701e-35 0)
(-2.68399e-38 2.92595e-34 0)
(-6.8001e-36 4.2812e-33 0)
(-1.04035e-34 3.92531e-32 0)
(-9.65797e-34 5.56431e-31 0)
(-1.24093e-32 3.18595e-30 0)
(-1.15412e-32 5.07697e-29 0)
(1.15412e-32 5.07697e-29 0)
(1.2409e-32 3.18594e-30 0)
(9.42018e-34 5.56396e-31 0)
(-7.73945e-34 3.8966e-32 0)
(-2.35786e-32 5.36317e-34 0)
(-4.20246e-31 2.91677e-34 0)
(-2.35854e-32 3.76937e-33 0)
(-8.7798e-34 2.88581e-34 0)
(-2.37737e-35 3.51863e-35 0)
(-1.81031e-37 2.42849e-36 0)
(7.07588e-37 5.12494e-37 0)
(4.48231e-36 2.95463e-36 0)
(6.68644e-33 -2.64584e-33 0)
(9.47507e-34 -1.85561e-34 0)
(8.04593e-35 -1.53175e-35 0)
(8.02422e-36 -1.1109e-36 0)
(-7.96743e-34 -2.55721e-32 0)
(-7.29197e-35 -1.03243e-33 0)
(-4.65275e-36 -3.38935e-35 0)
(-8.55022e-38 -9.33737e-37 0)
(-5.40827e-33 3.19615e-33 0)
(-2.67198e-34 1.25261e-34 0)
(-1.23185e-35 3.13219e-36 0)
(2.83579e-36 -2.5142e-40 0)
(9.44989e-34 2.91802e-32 0)
(1.72765e-34 1.17827e-33 0)
(1.70577e-35 3.80319e-35 0)
(2.09246e-36 9.77438e-37 0)
(8.01211e-33 3.00036e-33 0)
(1.12728e-33 1.49829e-34 0)
(9.79806e-35 7.31046e-36 0)
(9.76593e-36 3.74987e-37 0)
(-6.63448e-34 3.08127e-33 0)
(-1.00181e-34 2.56205e-34 0)
(-9.43858e-36 2.44444e-35 0)
(-9.73126e-37 1.89974e-36 0)
(-1.46243e-32 7.74522e-33 0)
(-2.0604e-33 4.84361e-34 0)
(-1.80746e-34 3.46711e-35 0)
(-1.79716e-35 2.34811e-36 0)
(-2.65722e-32 5.34561e-32 0)
(-3.72807e-33 2.19915e-33 0)
(-3.24422e-34 6.74027e-35 0)
(-3.21709e-35 1.29287e-36 0)
(-8.2916e-34 9.7856e-32 0)
(-1.16149e-34 3.84563e-33 0)
(-1.00757e-35 9.78229e-35 0)
(-9.98104e-37 2.04736e-37 0)
(2.65043e-32 5.62533e-32 0)
(3.71841e-33 2.30217e-33 0)
(3.23538e-34 6.92046e-35 0)
(3.20826e-35 1.21373e-36 0)
(1.55363e-32 7.91498e-33 0)
(2.18996e-33 4.87001e-34 0)
(1.92124e-34 3.41112e-35 0)
(1.91094e-35 2.27857e-36 0)
(1.4741e-33 2.08374e-33 0)
(2.18157e-34 1.73812e-34 0)
(2.03883e-35 1.65772e-35 0)
(2.08584e-36 1.28885e-36 0)
(1.68603e-34 1.92801e-34 0)
(2.73388e-35 1.76985e-35 0)
(2.6611e-36 1.78456e-36 0)
(2.85021e-37 1.45414e-37 0)
(1.23796e-35 2.36888e-35 0)
(2.10164e-36 2.3151e-36 0)
(2.11926e-37 2.47207e-37 0)
(2.32808e-38 2.08827e-38 0)
(-6.88888e-37 5.08421e-36 0)
(-6.22455e-38 7.50876e-37 0)
(-2.52757e-38 7.93292e-38 0)
(-2.60176e-39 8.34675e-39 0)
(-2.73338e-35 3.84732e-35 0)
(-3.77099e-36 6.32468e-36 0)
(-6.60132e-37 6.43988e-37 0)
(-6.88539e-38 6.99743e-38 0)
(-3.24564e-34 5.28651e-34 0)
(-4.41325e-35 8.27709e-35 0)
(-7.34985e-36 8.04271e-36 0)
(-7.49313e-37 8.50698e-37 0)
(-4.71099e-33 4.74765e-33 0)
(-6.00668e-34 6.52612e-34 0)
(-9.58525e-35 5.96759e-35 0)
(-9.36066e-36 5.92742e-36 0)
(-4.04588e-32 5.94609e-32 0)
(-5.02616e-33 7.2959e-33 0)
(-7.29246e-34 6.05027e-34 0)
(-6.82557e-35 5.69372e-35 0)
(-5.06166e-31 3.30717e-31 0)
(-5.41805e-32 2.36826e-32 0)
(-7.53419e-33 1.30716e-33 0)
(-6.61719e-34 7.63914e-35 0)
(-4.7012e-31 3.77358e-30 0)
(-4.97145e-32 1.97658e-31 0)
(-6.89407e-33 7.79643e-33 0)
(-6.02139e-34 2.02363e-34 0)
(4.7012e-31 3.77358e-30 0)
(4.97145e-32 1.97658e-31 0)
(6.89405e-33 7.79646e-33 0)
(6.02137e-34 2.02368e-34 0)
(5.06166e-31 3.30719e-31 0)
(5.41802e-32 2.36854e-32 0)
(7.53391e-33 1.30756e-33 0)
(6.61679e-34 7.64532e-35 0)
(4.04353e-32 5.94979e-32 0)
(5.01985e-33 7.33718e-33 0)
(7.25721e-34 6.10431e-34 0)
(6.77857e-35 5.77538e-35 0)
(3.84224e-33 5.05099e-33 0)
(4.49631e-34 9.89683e-34 0)
(4.03168e-35 1.02244e-34 0)
(2.71081e-36 1.17736e-35 0)
(-2.30463e-32 4.48694e-33 0)
(-2.74242e-33 4.41638e-33 0)
(-5.3858e-34 4.80305e-34 0)
(-5.59903e-35 6.35225e-35 0)
(-4.17401e-31 3.83135e-35 0)
(-3.56975e-32 6.30834e-36 0)
(-6.74807e-33 6.44234e-37 0)
(-6.23559e-34 8.19661e-38 0)
(-2.33691e-32 -3.95502e-33 0)
(-2.7863e-33 -4.33304e-33 0)
(-5.45872e-34 -4.72175e-34 0)
(-5.66398e-35 -6.24971e-35 0)
(-8.68629e-34 -3.03118e-34 0)
(-1.50986e-34 -3.36989e-34 0)
(-5.53381e-35 -4.21422e-35 0)
(-5.30374e-36 -3.30302e-36 0)
(-2.34422e-35 -3.69923e-35 0)
(-5.81368e-36 -4.08137e-35 0)
(-5.52421e-37 -8.47324e-37 0)
(2.11848e-35 2.79179e-35 0)
(3.11118e-37 -1.89399e-36 0)
(5.04852e-36 3.02361e-36 0)
(3.40031e-35 5.96315e-35 0)
(2.64026e-34 3.93314e-34 0)
(6.88997e-36 3.7329e-36 0)
(7.12447e-35 3.93636e-35 0)
(4.82566e-34 4.2714e-34 0)
(4.13286e-33 3.07386e-33 0)
(4.72042e-35 3.90644e-35 0)
(5.19681e-34 3.99661e-34 0)
(4.06129e-33 4.583e-33 0)
(4.00552e-32 3.40458e-32 0)
(5.87195e-37 -6.84747e-38 0)
(4.42184e-38 -1.86287e-39 0)
(2.81507e-39 -7.31677e-41 0)
(1.85452e-40 -3.5657e-42 0)
(1.09132e-41 -4.05038e-43 0)
(6.30361e-43 -1.93478e-43 0)
(1.84538e-44 7.17717e-44 0)
(5.62557e-45 9.33879e-44 0)
(5.73285e-45 1.21783e-44 0)
(7.50773e-46 2.00563e-45 0)
(1.23521e-46 1.9405e-46 0)
(1.19119e-47 2.04126e-47 0)
(4.48286e-52 3.25156e-48 0)
(-1.19016e-47 2.04135e-47 0)
(-1.23297e-46 1.94065e-46 0)
(-7.46002e-46 2.00588e-45 0)
(-5.63698e-45 1.21823e-44 0)
(-3.72818e-45 9.34514e-44 0)
(1.66419e-44 7.27495e-44 0)
(1.47223e-44 -1.78361e-43 0)
(-2.12405e-44 -1.68011e-43 0)
(-2.12405e-44 1.68011e-43 0)
(1.47223e-44 1.78361e-43 0)
(1.66419e-44 -7.27495e-44 0)
(-3.72818e-45 -9.34514e-44 0)
(-5.63699e-45 -1.21823e-44 0)
(-7.46103e-46 -2.00575e-45 0)
(-1.24566e-46 -1.92422e-46 0)
(-2.40969e-47 1.23458e-49 0)
(-1.2571e-46 1.93923e-46 0)
(-7.56843e-46 2.02439e-45 0)
(-5.74819e-45 1.23559e-44 0)
(-4.34952e-45 9.52615e-44 0)
(1.17642e-44 8.2904e-44 0)
(1.67665e-44 -9.73065e-44 0)
(8.34469e-50 -1.90914e-43 0)
(-1.67653e-44 -9.73078e-44 0)
(-1.17508e-44 8.28862e-44 0)
(4.49817e-45 9.5036e-44 0)
(6.50761e-45 9.02987e-45 0)
(1.26509e-38 -2.93283e-38 0)
(3.14042e-39 -1.49052e-39 0)
(3.12857e-40 -1.49736e-40 0)
(2.98929e-41 -1.17397e-41 0)
(2.22551e-42 -9.54499e-43 0)
(1.63163e-43 -7.29578e-44 0)
(9.68812e-45 -3.11399e-47 0)
(8.45904e-46 5.0527e-45 0)
(3.15337e-46 6.82646e-46 0)
(3.92561e-47 1.14213e-46 0)
(6.3181e-48 1.11445e-47 0)
(6.10588e-49 1.17441e-48 0)
(2.85392e-52 1.87744e-49 0)
(-6.04722e-49 1.17636e-48 0)
(-6.20444e-48 1.1184e-47 0)
(-3.70987e-47 1.14967e-46 0)
(-2.77107e-46 6.96746e-46 0)
(-1.81836e-46 5.29641e-45 0)
(8.22434e-46 4.11274e-45 0)
(7.26613e-46 -1.01046e-44 0)
(-1.04763e-45 -9.51283e-45 0)
(-1.04763e-45 9.51283e-45 0)
(7.26613e-46 1.01046e-44 0)
(8.22434e-46 -4.11274e-45 0)
(-1.81836e-46 -5.29641e-45 0)
(-2.77108e-46 -6.96745e-46 0)
(-3.7104e-47 -1.14959e-46 0)
(-6.26943e-48 -1.10891e-47 0)
(-1.22462e-48 7.1214e-51 0)
(-6.32798e-48 1.11758e-47 0)
(-3.76492e-47 1.16034e-46 0)
(-2.82697e-46 7.06752e-46 0)
(-2.12661e-46 5.40009e-45 0)
(5.831e-46 4.69325e-45 0)
(8.28704e-46 -5.51732e-45 0)
(4.65123e-51 -1.08227e-44 0)
(-8.28639e-46 -5.51739e-45 0)
(-5.82387e-46 4.69214e-45 0)
(2.20488e-46 5.38658e-45 0)
(3.22292e-46 5.16432e-46 0)
(3.52573e-37 -8.10173e-39 0)
(4.70393e-38 -6.47926e-40 0)
(3.82557e-39 -4.49115e-41 0)
(3.32366e-40 -2.64559e-42 0)
(2.30338e-41 -1.55874e-43 0)
(1.63286e-42 -8.88863e-45 0)
(1.00917e-43 -2.42693e-46 0)
(6.25301e-45 2.43739e-46 0)
(3.65704e-46 3.43191e-47 0)
(2.14732e-47 5.84779e-48 0)
(1.33495e-48 5.76788e-49 0)
(8.30308e-50 6.11767e-50 0)
(2.50517e-51 9.8428e-51 0)
(-3.10594e-50 6.12863e-50 0)
(-3.18528e-49 5.79249e-49 0)
(-1.90128e-48 5.90079e-48 0)
(-1.41054e-47 3.54404e-47 0)
(-9.21693e-48 2.66331e-46 0)
(4.19166e-47 2.06211e-46 0)
(3.69998e-47 -5.07916e-46 0)
(-5.33564e-47 -4.77858e-46 0)
(-5.33564e-47 4.77858e-46 0)
(3.69998e-47 5.07916e-46 0)
(4.19166e-47 -2.06211e-46 0)
(-9.21693e-48 -2.66331e-46 0)
(-1.41054e-47 -3.54404e-47 0)
(-1.90156e-48 -5.90038e-48 0)
(-3.21884e-49 -5.7427e-49 0)
(-6.31385e-50 3.74565e-52 0)
(-3.24903e-49 5.78815e-49 0)
(-1.92967e-48 5.95631e-48 0)
(-1.43922e-47 3.59583e-47 0)
(-1.07961e-47 2.71647e-46 0)
(2.97473e-47 2.35684e-46 0)
(4.22385e-47 -2.77666e-46 0)
(2.55886e-52 -5.44463e-46 0)
(-4.2235e-47 -2.7767e-46 0)
(-2.97091e-47 2.35623e-46 0)
(1.1211e-47 2.70928e-46 0)
(1.65131e-47 2.61856e-47 0)
(1.70737e-37 2.35957e-38 0)
(1.49297e-38 1.02674e-39 0)
(1.05317e-39 1.18713e-40 0)
(7.80192e-41 9.9707e-42 0)
(5.01632e-42 8.42109e-43 0)
(3.27202e-43 5.72932e-44 0)
(1.93092e-44 3.85663e-45 0)
(1.13588e-45 2.41944e-46 0)
(6.26207e-47 1.51348e-47 0)
(3.42553e-48 1.01893e-48 0)
(1.84544e-49 6.75487e-50 0)
(9.93527e-51 5.0291e-51 0)
(4.00797e-52 6.00424e-52 0)
(-1.47963e-51 3.17813e-51 0)
(-1.52135e-50 3.00175e-50 0)
(-9.04226e-50 3.04598e-49 0)
(-6.65003e-49 1.82835e-48 0)
(-4.32571e-49 1.36472e-47 0)
(1.97687e-48 1.05458e-47 0)
(1.74307e-48 -2.60179e-47 0)
(-2.51522e-48 -2.44673e-47 0)
(-2.51522e-48 2.44673e-47 0)
(1.74307e-48 2.60179e-47 0)
(1.97687e-48 -1.05458e-47 0)
(-4.32571e-49 -1.36472e-47 0)
(-6.65004e-49 -1.82835e-48 0)
(-9.04357e-50 -3.04577e-49 0)
(-1.53758e-50 -2.97591e-50 0)
(-3.03438e-51 1.9402e-53 0)
(-1.55211e-50 2.99949e-50 0)
(-9.17864e-50 3.07473e-49 0)
(-6.78694e-49 1.85519e-48 0)
(-5.07606e-49 1.39215e-47 0)
(1.40396e-48 1.20661e-47 0)
(1.99224e-48 -1.42322e-47 0)
(1.30206e-53 -2.79036e-47 0)
(-1.99206e-48 -1.42325e-47 0)
(-1.40207e-48 1.20627e-47 0)
(5.27854e-49 1.38832e-47 0)
(7.82207e-49 1.35128e-48 0)
(7.03086e-37 2.3094e-38 0)
(5.25754e-38 1.41606e-39 0)
(3.32426e-39 9.81148e-41 0)
(2.17972e-40 6.12991e-42 0)
(1.27493e-41 3.90335e-43 0)
(7.52659e-43 2.2659e-44 0)
(4.08922e-44 1.31074e-45 0)
(2.20968e-45 7.12035e-47 0)
(1.12074e-46 3.83571e-48 0)
(5.60901e-48 2.0283e-49 0)
(2.67168e-49 1.07253e-50 0)
(1.25117e-50 5.89953e-52 0)
(5.56782e-52 4.48638e-53 0)
(-4.675e-53 1.53977e-52 0)
(-7.19545e-52 1.44457e-51 0)
(-4.28426e-51 1.45703e-50 0)
(-3.13383e-50 8.71184e-50 0)
(-2.03229e-50 6.44675e-49 0)
(9.31592e-50 4.96983e-49 0)
(8.20791e-50 -1.22861e-48 0)
(-1.18494e-49 -1.15477e-48 0)
(-1.18494e-49 1.15477e-48 0)
(8.20791e-50 1.22861e-48 0)
(9.31592e-50 -4.96983e-49 0)
(-2.0323e-50 -6.44675e-49 0)
(-3.13383e-50 -8.71183e-50 0)
(-4.28492e-51 -1.45693e-50 0)
(-7.28236e-52 -1.43203e-51 0)
(-1.44129e-52 9.39971e-55 0)
(-7.35132e-52 1.44344e-51 0)
(-4.34908e-51 1.47089e-50 0)
(-3.19865e-50 8.84096e-50 0)
(-2.38784e-50 6.57788e-49 0)
(6.61847e-50 5.69367e-49 0)
(9.38875e-50 -6.72652e-49 0)
(6.46125e-55 -1.31849e-48 0)
(-9.38788e-50 -6.72664e-49 0)
(-6.60926e-50 5.69198e-49 0)
(2.48552e-50 6.55908e-49 0)
(3.70268e-50 6.43156e-50 0)
(-7.31974e-38 1.44204e-37 0)
(-5.54507e-39 9.02366e-39 0)
(-3.58304e-40 5.87529e-40 0)
(-2.35749e-41 3.42565e-41 0)
(-1.39201e-42 2.01333e-42 0)
(-8.19978e-44 1.09035e-43 0)
(-4.46325e-45 5.86576e-45 0)
(-2.39754e-46 2.96361e-46 0)
(-1.21166e-47 1.47599e-47 0)
(-6.00813e-49 6.99329e-49 0)
(-2.83461e-50 3.2536e-50 0)
(-1.30784e-51 1.45407e-51 0)
(-5.81249e-53 6.43182e-53 0)
(-5.71539e-54 9.92339e-54 0)
(-3.23482e-53 6.87523e-53 0)
(-1.91512e-52 6.90407e-52 0)
(-1.39138e-51 4.1302e-51 0)
(-8.99015e-52 3.04002e-50 0)
(4.13608e-51 2.33972e-50 0)
(3.6408e-51 -5.79197e-50 0)
(-5.25916e-51 -5.44185e-50 0)
(-5.25916e-51 5.44185e-50 0)
(3.6408e-51 5.79197e-50 0)
(4.13608e-51 -2.33972e-50 0)
(-8.99015e-52 -3.04002e-50 0)
(-1.39138e-51 -4.13019e-51 0)
(-1.91535e-52 -6.90355e-52 0)
(-3.25871e-53 -6.8049e-53 0)
(-6.47574e-54 4.45717e-56 0)
(-3.28968e-53 6.85913e-53 0)
(-1.94418e-52 6.96981e-52 0)
(-1.42037e-51 4.19157e-51 0)
(-1.05791e-51 3.10213e-50 0)
(2.93978e-51 2.68292e-50 0)
(4.16867e-51 -3.17256e-50 0)
(3.01822e-56 -6.21811e-50 0)
(-4.16827e-51 -3.17263e-50 0)
(-2.93555e-51 2.68209e-50 0)
(1.10224e-51 3.09302e-50 0)
(1.6502e-51 3.05102e-51 0)
(-1.29696e-36 1.65776e-37 0)
(-9.65485e-38 1.01076e-38 0)
(-6.0979e-39 6.50959e-40 0)
(-3.97645e-40 3.77336e-41 0)
(-2.31839e-41 2.20867e-42 0)
(-1.36029e-42 1.19165e-43 0)
(-7.35676e-44 6.38875e-45 0)
(-3.94924e-45 3.21643e-46 0)
(-1.99149e-46 1.59636e-47 0)
(-9.8935e-48 7.53342e-49 0)
(-4.67437e-49 3.48984e-50 0)
(-2.1669e-50 1.55029e-51 0)
(-9.63374e-52 6.74836e-53 0)
(-4.20766e-53 3.15607e-54 0)
(-3.17958e-54 3.20091e-54 0)
(-8.51126e-54 3.09046e-53 0)
(-6.10448e-53 1.84674e-52 0)
(-3.93386e-53 1.35025e-51 0)
(1.81438e-52 1.03715e-51 0)
(1.59606e-52 -2.57172e-51 0)
(-2.30648e-52 -2.41519e-51 0)
(-2.30648e-52 2.41519e-51 0)
(1.59606e-52 2.57172e-51 0)
(1.81438e-52 -1.03715e-51 0)
(-3.93384e-53 -1.35025e-51 0)
(-6.10421e-53 -1.84674e-52 0)
(-8.44016e-54 -3.08978e-53 0)
(-1.43378e-54 -3.05799e-54 0)
(-2.85497e-55 2.00575e-57 0)
(-1.44741e-54 3.08241e-54 0)
(-8.56729e-54 3.11955e-53 0)
(-6.23173e-53 1.87432e-52 0)
(-4.63425e-53 1.37803e-51 0)
(1.28992e-52 1.19058e-51 0)
(1.82872e-52 -1.40956e-51 0)
(1.37252e-57 -2.76229e-51 0)
(-1.82854e-52 -1.40959e-51 0)
(-1.28803e-52 1.19019e-51 0)
(4.83182e-53 1.37387e-51 0)
(7.26534e-53 1.36429e-52 0)
(-2.31074e-36 -3.36394e-38 0)
(-1.71696e-37 -4.496e-39 0)
(-1.08097e-38 -3.414e-40 0)
(-7.03884e-40 -2.06288e-41 0)
(-4.09451e-41 -1.22179e-42 0)
(-2.39959e-42 -6.6226e-44 0)
(-1.29553e-43 -3.55674e-45 0)
(-6.94785e-45 -1.79371e-46 0)
(-3.49894e-46 -8.91044e-48 0)
(-1.73679e-47 -4.20976e-49 0)
(-8.19705e-49 -1.9514e-50 0)
(-3.7972e-50 -8.67517e-52 0)
(-1.68669e-51 -3.77593e-53 0)
(-7.33813e-53 -1.57125e-54 0)
(-3.13853e-54 7.0886e-56 0)
(-4.8152e-55 1.35714e-54 0)
(-2.56011e-54 8.13891e-54 0)
(-1.64175e-54 5.92494e-53 0)
(7.59393e-54 4.54463e-53 0)
(6.675e-54 -1.12819e-52 0)
(-9.65085e-54 -1.05918e-52 0)
(-9.65085e-54 1.05918e-52 0)
(6.675e-54 1.12819e-52 0)
(7.59394e-54 -4.54463e-53 0)
(-1.64156e-54 -5.92494e-53 0)
(-2.55509e-54 -8.13901e-54 0)
(-3.55174e-55 -1.35964e-54 0)
(-6.02833e-56 -1.34837e-55 0)
(-1.20363e-56 8.80753e-59 0)
(-6.08571e-56 1.35912e-55 0)
(-3.60535e-55 1.37274e-54 0)
(-2.60869e-54 8.26064e-54 0)
(-1.93635e-54 6.04718e-53 0)
(5.40061e-54 5.22101e-53 0)
(7.65422e-54 -6.18591e-53 0)
(5.94776e-59 -1.21218e-52 0)
(-7.65344e-54 -6.18604e-53 0)
(-5.39249e-54 5.21928e-53 0)
(2.02029e-54 6.02858e-53 0)
(3.05084e-54 6.0187e-54 0)
(-7.15564e-38 -2.29989e-37 0)
(-5.31288e-39 -1.87745e-38 0)
(-3.3406e-40 -1.30945e-39 0)
(-2.17396e-41 -7.74574e-41 0)
(-1.26341e-42 -4.55905e-42 0)
(-7.40056e-44 -2.46364e-43 0)
(-3.99268e-45 -1.32132e-44 0)
(-2.14035e-46 -6.65348e-46 0)
(-1.07727e-47 -3.30214e-47 0)
(-5.34539e-49 -1.55829e-48 0)
(-2.52169e-50 -7.21766e-50 0)
(-1.16778e-51 -3.20567e-51 0)
(-5.18523e-53 -1.39439e-52 0)
(-2.25533e-54 -5.8498e-54 0)
(-9.70512e-56 -2.3442e-55 0)
(-1.85457e-56 4.76266e-56 0)
(-1.05269e-55 3.42175e-55 0)
(-6.73836e-56 2.48054e-54 0)
(3.1237e-55 1.8995e-54 0)
(2.7441e-55 -4.72194e-54 0)
(-3.96892e-55 -4.43144e-54 0)
(-3.96892e-55 4.43144e-54 0)
(2.7441e-55 4.72194e-54 0)
(3.1237e-55 -1.8995e-54 0)
(-6.73776e-56 -2.48055e-54 0)
(-1.05115e-55 -3.42547e-55 0)
(-1.46654e-56 -5.71718e-56 0)
(-2.4831e-57 -5.68479e-57 0)
(-4.96454e-58 3.28011e-60 0)
(-2.50668e-57 5.73048e-57 0)
(-1.48865e-56 5.77235e-56 0)
(-1.07322e-55 3.47676e-55 0)
(-7.95558e-56 2.53194e-54 0)
(2.22192e-55 2.18422e-54 0)
(3.14853e-55 -2.59028e-54 0)
(2.53169e-60 -5.07545e-54 0)
(-3.1482e-55 -2.59033e-54 0)
(-2.21853e-55 2.18347e-54 0)
(8.30461e-56 2.524e-54 0)
(1.25878e-55 2.53509e-55 0)
(2.30425e-36 -4.68812e-38 0)
(1.71211e-37 -5.45283e-39 0)
(1.07787e-38 -4.06214e-40 0)
(7.01853e-40 -2.44374e-41 0)
(4.08256e-41 -1.44565e-42 0)
(2.39256e-42 -7.83226e-44 0)
(1.2917e-43 -4.2057e-45 0)
(6.92719e-45 -2.12058e-46 0)
(3.48846e-46 -1.05332e-47 0)
(1.73156e-47 -4.97568e-49 0)
(8.17225e-49 -2.30622e-50 0)
(3.78566e-50 -1.02514e-51 0)
(1.68154e-51 -4.46179e-53 0)
(7.31503e-53 -1.87328e-54 0)
(3.06929e-54 -7.67012e-56 0)
(1.25423e-55 -7.06097e-58 0)
(8.50987e-58 1.40232e-56 0)
(-2.46416e-57 1.02055e-55 0)
(1.23673e-56 7.806e-56 0)
(1.08507e-56 -1.94232e-55 0)
(-1.57003e-56 -1.82233e-55 0)
(-1.56998e-56 1.82234e-55 0)
(1.08506e-56 1.94247e-55 0)
(1.23594e-56 -7.80529e-56 0)
(-2.65945e-57 -1.02059e-55 0)
(-4.15975e-57 -1.41461e-56 0)
(-5.82361e-58 -2.35518e-57 0)
(-9.89192e-59 -2.23166e-58 0)
(-2.02172e-59 -1.14332e-59 0)
(-9.89635e-59 2.3492e-58 0)
(-5.91554e-58 2.37764e-57 0)
(-4.2471e-57 1.43571e-56 0)
(-3.1434e-57 1.04181e-55 0)
(8.79349e-57 8.9822e-56 0)
(1.24582e-56 -1.06584e-55 0)
(7.61548e-61 -2.08833e-55 0)
(-1.2457e-56 -1.06569e-55 0)
(-8.78066e-57 8.97854e-56 0)
(3.28274e-57 1.03845e-55 0)
(4.99565e-57 1.04734e-56 0)
(1.37929e-36 1.59583e-37 0)
(1.02697e-37 9.69544e-39 0)
(6.48687e-39 6.23482e-40 0)
(4.2306e-40 3.60998e-41 0)
(2.46673e-41 2.11162e-42 0)
(1.44744e-42 1.1384e-43 0)
(7.82837e-44 6.0998e-45 0)
(4.20261e-45 3.06889e-46 0)
(2.11931e-46 1.52232e-47 0)
(1.05288e-47 7.17951e-49 0)
(4.97461e-49 3.32407e-50 0)
(2.30613e-50 1.47566e-51 0)
(1.02527e-51 6.41672e-53 0)
(4.46301e-53 2.69123e-54 0)
(1.87408e-54 1.10451e-55 0)
(7.69537e-56 4.473e-57 0)
(2.90093e-57 6.55326e-58 0)
(2.35401e-59 4.01489e-57 0)
(4.88417e-58 3.20139e-57 0)
(4.16996e-58 -7.59614e-57 0)
(-6.11813e-58 -7.19321e-57 0)
(-5.96745e-58 7.21527e-57 0)
(4.23476e-58 8.00354e-57 0)
(4.6843e-58 -3.00207e-57 0)
(-1.07226e-58 -3.99459e-57 0)
(-1.63094e-58 -5.90901e-58 0)
(-9.65761e-60 -9.63899e-59 0)
(-1.60007e-59 2.92904e-58 0)
(-1.42579e-59 -3.08924e-58 0)
(8.13492e-60 -2.91781e-59 0)
(-2.10677e-59 8.88279e-59 0)
(-1.61353e-58 5.81709e-58 0)
(-1.19042e-58 4.20779e-57 0)
(3.34358e-58 3.63658e-57 0)
(4.80079e-58 -4.31423e-57 0)
(1.8171e-59 -8.26682e-57 0)
(-4.85664e-58 -3.84913e-57 0)
(-3.56444e-58 3.48364e-57 0)
(1.20369e-58 4.07776e-57 0)
(2.1389e-58 1.83035e-58 0)
(1.56212e-37 9.76576e-38 0)
(1.18293e-38 6.10541e-39 0)
(7.64687e-40 3.96641e-40 0)
(5.04548e-41 2.30918e-41 0)
(2.98811e-42 1.35394e-42 0)
(1.76834e-43 7.31871e-44 0)
(9.67014e-45 3.92747e-45 0)
(5.22485e-46 1.97987e-46 0)
(2.65619e-47 9.83344e-48 0)
(1.3262e-48 4.64492e-49 0)
(6.30408e-50 2.15289e-50 0)
(2.93394e-51 9.56978e-52 0)
(1.31043e-52 4.16522e-53 0)
(5.72217e-54 1.74882e-54 0)
(2.41131e-55 7.17801e-56 0)
(9.84912e-57 2.57393e-57 0)
(3.68773e-58 -1.97336e-57 0)
(2.15904e-58 -6.79301e-58 0)
(1.45179e-58 3.27729e-57 0)
(-9.10101e-59 2.12234e-57 0)
(-1.09355e-58 1.14253e-58 0)
(2.96807e-58 4.02268e-58 0)
(9.55458e-59 8.43976e-57 0)
(-2.70221e-58 2.05845e-57 0)
(-1.2138e-58 1.04655e-57 0)
(-5.63813e-59 -8.13009e-58 0)
(3.4796e-58 -1.43692e-58 0)
(-3.22639e-58 7.77938e-57 0)
(-3.59251e-58 -7.96151e-57 0)
(3.19722e-58 -9.87874e-58 0)
(5.14855e-59 -1.34581e-58 0)
(8.86499e-59 3.2356e-58 0)
(7.22448e-59 2.4529e-57 0)
(-1.77062e-58 2.41083e-57 0)
(-7.17219e-59 -2.77464e-57 0)
(4.90342e-58 -4.25485e-58 0)
(-8.81274e-59 9.37649e-57 0)
(-4.36286e-58 -1.76274e-57 0)
(-1.69893e-58 -6.75003e-58 0)
(5.24775e-58 -5.93197e-57 0)
(2.19912e-38 1.12718e-38 0)
(1.70096e-39 7.22634e-40 0)
(1.11667e-40 4.75306e-41 0)
(7.45054e-42 2.81167e-42 0)
(4.44956e-43 1.66289e-43 0)
(2.64866e-44 9.09003e-45 0)
(1.45464e-45 4.90992e-46 0)
(7.88045e-47 2.49551e-47 0)
(4.01303e-48 1.24573e-48 0)
(2.00479e-49 5.92061e-50 0)
(9.52912e-51 2.75511e-51 0)
(4.43096e-52 1.23043e-52 0)
(1.97644e-53 5.37236e-54 0)
(8.61314e-55 2.26256e-55 0)
(3.5919e-56 8.0219e-57 0)
(-6.81486e-58 -7.25027e-57 0)
(-5.23524e-58 -5.60538e-56 0)
(5.55055e-57 -2.23831e-56 0)
(3.43751e-57 8.40573e-56 0)
(-2.91252e-57 6.43516e-56 0)
(-2.42241e-57 1.01553e-56 0)
(8.16695e-57 1.48683e-57 0)
(2.16682e-57 2.0432e-55 0)
(-7.3139e-57 5.61759e-56 0)
(-3.12981e-57 3.17047e-56 0)
(-1.41598e-57 -2.13651e-56 0)
(9.03496e-57 -5.22377e-57 0)
(-8.24529e-57 1.96498e-55 0)
(-9.24295e-57 -2.01319e-55 0)
(8.24701e-57 -2.48045e-56 0)
(1.35939e-57 -3.41376e-57 0)
(2.56231e-57 8.00939e-57 0)
(2.07809e-57 6.09759e-56 0)
(-5.16831e-57 6.01958e-56 0)
(-2.50552e-57 -6.98894e-56 0)
(1.28088e-56 -4.58044e-57 0)
(-1.8933e-57 2.41634e-55 0)
(-1.09367e-56 -5.21675e-56 0)
(-4.24799e-57 -2.11678e-56 0)
(1.31526e-56 -1.48181e-55 0)
(1.8369e-39 1.66089e-39 0)
(1.44026e-40 1.08873e-40 0)
(9.577e-42 7.25284e-42 0)
(6.44382e-43 4.34466e-43 0)
(3.87871e-44 2.58744e-44 0)
(2.32134e-45 1.42508e-45 0)
(1.2812e-46 7.72677e-47 0)
(6.96475e-48 3.94436e-48 0)
(3.55765e-49 1.97242e-49 0)
(1.78102e-50 9.39473e-51 0)
(8.48076e-52 4.37296e-52 0)
(3.94795e-53 1.954e-53 0)
(1.76245e-54 8.52046e-55 0)
(7.54946e-56 3.25543e-56 0)
(-4.66565e-57 -3.19453e-56 0)
(-5.7599e-56 -1.95249e-55 0)
(-1.55606e-56 -1.44177e-54 0)
(1.47701e-55 -5.76258e-55 0)
(9.14449e-56 2.16143e-54 0)
(-7.78826e-56 1.65354e-54 0)
(-6.62828e-56 2.53278e-55 0)
(2.0468e-55 -8.08115e-57 0)
(5.7663e-56 4.92522e-54 0)
(-1.8197e-55 1.39852e-54 0)
(-8.17435e-56 8.07099e-55 0)
(-3.89285e-56 -5.57311e-55 0)
(2.29677e-55 -1.72663e-55 0)
(-2.06739e-55 4.77111e-54 0)
(-2.33309e-55 -4.89475e-54 0)
(2.08641e-55 -5.99395e-55 0)
(3.45925e-56 -8.08223e-56 0)
(6.78672e-56 2.05833e-55 0)
(5.50053e-56 1.5667e-54 0)
(-1.3793e-55 1.54341e-54 0)
(-6.82572e-56 -1.80635e-54 0)
(3.28409e-55 -1.63199e-55 0)
(-5.01796e-56 5.88756e-54 0)
(-2.77063e-55 -1.38208e-54 0)
(-1.0076e-55 -5.18276e-55 0)
(3.27771e-55 -3.5407e-54 0)
(-3.28991e-40 6.68903e-40 0)
(-2.57055e-41 5.07307e-41 0)
(-2.21395e-42 3.42596e-42 0)
(-1.5223e-43 2.26616e-43 0)
(-1.08039e-44 1.37488e-44 0)
(-6.67138e-46 8.13643e-46 0)
(-4.12782e-47 4.5045e-47 0)
(-2.32218e-48 2.42816e-48 0)
(-1.2903e-49 1.24032e-49 0)
(-6.68376e-51 6.16464e-51 0)
(-3.395e-52 2.92733e-52 0)
(-1.63189e-53 1.3519e-53 0)
(-7.69725e-55 5.90352e-55 0)
(-6.92035e-56 -5.80246e-56 0)
(-2.03874e-55 -8.40585e-55 0)
(-1.48471e-54 -4.90419e-54 0)
(-4.01585e-55 -3.63884e-53 0)
(3.7984e-54 -1.4563e-53 0)
(2.3506e-54 5.45534e-53 0)
(-2.0115e-54 4.16882e-53 0)
(-1.7515e-54 6.18989e-54 0)
(4.926e-54 -1.30649e-54 0)
(1.4828e-54 1.16676e-52 0)
(-4.34218e-54 3.41946e-53 0)
(-2.0619e-54 2.01707e-53 0)
(-1.03274e-54 -1.42596e-53 0)
(5.6179e-54 -5.27168e-54 0)
(-4.97886e-54 1.13912e-52 0)
(-5.66241e-54 -1.17018e-52 0)
(5.07554e-54 -1.42097e-53 0)
(8.48968e-55 -1.87356e-54 0)
(1.7368e-54 5.18105e-54 0)
(1.41006e-54 3.9496e-53 0)
(-3.55575e-54 3.87329e-53 0)
(-1.79894e-54 -4.58394e-53 0)
(8.11166e-54 -5.20899e-54 0)
(-1.28492e-54 1.41042e-52 0)
(-6.75376e-54 -3.58569e-53 0)
(-2.26532e-54 -1.24519e-53 0)
(7.83657e-54 -8.31286e-53 0)
(-7.15089e-39 5.51289e-39 0)
(-5.52538e-40 4.25109e-40 0)
(-4.3512e-41 2.84959e-41 0)
(-2.94618e-42 1.90655e-42 0)
(-1.9888e-43 1.15438e-43 0)
(-1.21034e-44 6.8925e-45 0)
(-7.25786e-46 3.81986e-46 0)
(-4.03204e-47 2.07486e-47 0)
(-2.1937e-48 1.06266e-48 0)
(-1.12442e-49 5.3162e-50 0)
(-5.62679e-51 2.52994e-51 0)
(-2.6804e-52 1.17251e-52 0)
(-1.25292e-53 4.96761e-54 0)
(-1.43075e-54 -1.80473e-54 0)
(-5.10589e-54 -2.03715e-53 0)
(-3.74763e-53 -1.18457e-52 0)
(-1.01827e-53 -8.82477e-52 0)
(9.58759e-53 -3.53538e-52 0)
(5.93032e-53 1.32303e-51 0)
(-5.09869e-53 1.01004e-51 0)
(-4.53239e-53 1.45165e-52 0)
(1.16505e-52 -5.86875e-53 0)
(3.74272e-53 2.6353e-51 0)
(-1.01766e-52 8.02262e-52 0)
(-5.10862e-53 4.84184e-52 0)
(-2.68204e-53 -3.50609e-52 0)
(1.35147e-52 -1.50177e-52 0)
(-1.17835e-52 2.59572e-51 0)
(-1.35098e-52 -2.6708e-51 0)
(1.21414e-52 -3.22205e-52 0)
(2.04459e-53 -4.12715e-53 0)
(4.36148e-53 1.25519e-52 0)
(3.53727e-53 9.57202e-52 0)
(-8.99647e-53 9.37154e-52 0)
(-4.63228e-53 -1.11731e-51 0)
(1.97045e-52 -1.5305e-52 0)
(-3.23111e-53 3.22779e-51 0)
(-1.61845e-52 -8.93243e-52 0)
(-4.96066e-53 -2.86917e-52 0)
(1.84091e-52 -1.85646e-51 0)
(-7.55737e-38 6.52249e-38 0)
(-5.76067e-39 4.95182e-39 0)
(-4.46936e-40 3.2639e-40 0)
(-3.00129e-41 2.1628e-41 0)
(-2.01022e-42 1.29492e-42 0)
(-1.21775e-43 7.68079e-44 0)
(-7.27466e-45 4.22358e-45 0)
(-4.03293e-46 2.28335e-46 0)
(-2.19137e-47 1.1624e-47 0)
(-1.12261e-48 5.7903e-49 0)
(-5.61761e-50 2.73484e-50 0)
(-2.67419e-51 1.25686e-51 0)
(-1.26091e-52 4.94788e-53 0)
(-2.6742e-53 -4.57258e-53 0)
(-1.22996e-52 -4.84123e-52 0)
(-9.08964e-52 -2.80892e-51 0)
(-2.47855e-52 -2.10556e-50 0)
(2.32539e-51 -8.44845e-51 0)
(1.4377e-51 3.15675e-50 0)
(-1.24187e-51 2.40704e-50 0)
(-1.12673e-51 3.34717e-51 0)
(2.62612e-51 -2.00431e-51 0)
(9.07745e-52 5.87064e-50 0)
(-2.26867e-51 1.8539e-50 0)
(-1.21561e-51 1.14413e-50 0)
(-6.68781e-52 -8.47482e-51 0)
(3.10702e-51 -4.07996e-51 0)
(-2.65827e-51 5.83815e-50 0)
(-3.07716e-51 -6.01626e-50 0)
(2.773e-51 -7.18756e-51 0)
(4.72137e-52 -8.92409e-52 0)
(1.05276e-51 2.98266e-51 0)
(8.55763e-52 2.28089e-50 0)
(-2.18725e-51 2.22186e-50 0)
(-1.14938e-51 -2.68041e-50 0)
(4.5819e-51 -4.24565e-51 0)
(-7.80434e-52 7.28946e-50 0)
(-3.70635e-51 -2.18462e-50 0)
(-1.01067e-51 -6.50583e-51 0)
(4.11494e-51 -4.08912e-50 0)
(-9.19727e-37 4.40092e-37 0)
(-6.83311e-38 3.24153e-38 0)
(-5.22225e-39 2.10437e-39 0)
(-3.4495e-40 1.37497e-40 0)
(-2.28809e-41 8.16822e-42 0)
(-1.37067e-42 4.81134e-43 0)
(-8.13351e-44 2.6356e-44 0)
(-4.47395e-45 1.42036e-45 0)
(-2.41936e-46 7.20375e-47 0)
(-1.23194e-47 3.57057e-48 0)
(-6.13809e-49 1.65727e-49 0)
(-2.90038e-50 7.39559e-51 0)
(-1.38368e-51 1.81105e-52 0)
(-5.63116e-52 -1.07561e-51 0)
(-2.91373e-51 -1.09819e-50 0)
(-2.16917e-50 -6.36241e-50 0)
(-5.94653e-51 -4.79131e-49 0)
(5.54886e-50 -1.92472e-49 0)
(3.42896e-50 7.18331e-49 0)
(-2.97566e-50 5.47177e-49 0)
(-2.74924e-50 7.34788e-50 0)
(5.83894e-50 -5.96946e-50 0)
(2.16619e-50 1.23349e-48 0)
(-4.98545e-50 4.07796e-49 0)
(-2.84866e-50 2.57693e-49 0)
(-1.6365e-50 -1.95417e-49 0)
(7.05102e-50 -1.04401e-49 0)
(-5.91522e-50 1.24045e-48 0)
(-6.91552e-50 -1.2808e-48 0)
(6.25111e-50 -1.51948e-49 0)
(1.07259e-50 -1.80956e-50 0)
(2.49924e-50 6.77573e-50 0)
(2.02837e-50 5.18703e-49 0)
(-5.23142e-50 5.0477e-49 0)
(-2.79034e-50 -6.12942e-49 0)
(1.05143e-49 -1.10487e-49 0)
(-1.85592e-50 1.55728e-48 0)
(-8.37391e-50 -5.09399e-49 0)
(-1.99811e-50 -1.40333e-49 0)
(9.07137e-50 -8.46359e-49 0)
(-6.35272e-36 4.03162e-36 0)
(-4.60605e-37 2.90614e-37 0)
(-3.42886e-38 1.84096e-38 0)
(-2.23393e-39 1.18815e-39 0)
(-1.46192e-40 6.94621e-41 0)
(-8.69144e-42 4.05495e-42 0)
(-5.12226e-43 2.19572e-43 0)
(-2.80705e-44 1.17468e-44 0)
(-1.51327e-45 5.87073e-46 0)
(-7.67771e-47 2.86234e-47 0)
(-3.80688e-48 1.26002e-48 0)
(-1.76933e-49 5.13637e-50 0)
(-9.04314e-51 -1.04469e-51 0)
(-1.17773e-50 -2.41283e-50 0)
(-6.59635e-50 -2.45153e-49 0)
(-4.93698e-49 -1.41937e-48 0)
(-1.35877e-49 -1.07711e-47 0)
(1.26281e-48 -4.33506e-48 0)
(7.80015e-49 1.61481e-47 0)
(-6.80034e-49 1.2284e-47 0)
(-6.39939e-49 1.59237e-48 0)
(1.22369e-48 -1.63378e-48 0)
(4.93003e-49 2.57241e-47 0)
(-1.02943e-48 8.87705e-48 0)
(-6.36176e-49 5.73859e-48 0)
(-3.8182e-49 -4.44757e-48 0)
(1.51454e-48 -2.58479e-48 0)
(-1.24097e-48 2.61814e-47 0)
(-1.46875e-48 -2.70818e-47 0)
(1.33194e-48 -3.17575e-48 0)
(2.31741e-49 -3.61842e-49 0)
(5.66104e-49 1.5142e-48 0)
(4.60869e-49 1.16432e-47 0)
(-1.19339e-48 1.1265e-47 0)
(-6.48788e-49 -1.38549e-47 0)
(2.28903e-48 -2.76846e-48 0)
(-4.20687e-49 3.3034e-47 0)
(-1.79063e-48 -1.17093e-47 0)
(-3.53412e-49 -2.99204e-48 0)
(1.88022e-48 -1.73923e-47 0)
(-6.00912e-35 4.05562e-36 0)
(-4.20483e-36 2.51679e-37 0)
(-3.07977e-37 1.51062e-38 0)
(-1.96138e-38 9.56936e-40 0)
(-1.26866e-39 5.54916e-41 0)
(-7.42475e-41 3.22908e-42 0)
(-4.3372e-42 1.74405e-43 0)
(-2.34982e-43 9.20505e-45 0)
(-1.25768e-44 3.46354e-46 0)
(-6.28964e-46 6.88352e-48 0)
(-3.06896e-47 -1.62416e-48 0)
(-1.35644e-48 -2.21564e-49 0)
(-8.0849e-50 -7.98653e-50 0)
(-2.57519e-49 -5.09807e-49 0)
(-1.47159e-48 -5.17049e-48 0)
(-1.11016e-47 -2.99458e-47 0)
(-3.0751e-48 -2.28471e-46 0)
(2.83915e-47 -9.20746e-47 0)
(1.7528e-47 3.42513e-46 0)
(-1.53516e-47 2.60276e-46 0)
(-1.46778e-47 3.24858e-47 0)
(2.54602e-47 -4.11316e-47 0)
(1.10857e-47 4.97954e-46 0)
(-2.10872e-47 1.81841e-46 0)
(-1.40544e-47 1.20476e-46 0)
(-8.7778e-48 -9.55526e-47 0)
(3.23115e-47 -6.00966e-47 0)
(-2.58455e-47 5.14262e-46 0)
(-3.09714e-47 -5.33258e-46 0)
(2.81888e-47 -6.20631e-47 0)
(4.94752e-48 -6.64321e-48 0)
(1.26619e-47 3.20385e-47 0)
(1.02842e-47 2.46831e-46 0)
(-2.68924e-47 2.38794e-46 0)
(-1.47999e-47 -2.95285e-46 0)
(4.94618e-47 -6.50625e-47 0)
(-9.42998e-48 6.53496e-46 0)
(-3.80049e-47 -2.53982e-46 0)
(-5.95828e-48 -5.99808e-47 0)
(3.86864e-47 -3.29685e-46 0)
(-5.45894e-35 1.16868e-37 0)
(-3.80731e-36 -3.96506e-37 0)
(-2.78505e-37 -3.25349e-38 0)
(-1.76976e-38 -2.24799e-39 0)
(-1.14353e-39 -1.33638e-40 0)
(-6.68164e-41 -7.83124e-42 0)
(-3.90007e-42 -4.2204e-43 0)
(-2.1127e-43 -2.49704e-44 0)
(-1.11953e-44 -3.72523e-45 0)
(-4.43066e-46 -3.97834e-46 0)
(-1.12859e-47 -5.94078e-47 0)
(1.44864e-48 -5.77022e-48 0)
(-3.12457e-49 -1.70823e-48 0)
(-5.37033e-48 -1.0579e-47 0)
(-3.10512e-47 -1.07922e-46 0)
(-2.35547e-46 -6.25793e-46 0)
(-6.55351e-47 -4.82128e-45 0)
(6.02296e-46 -1.94758e-45 0)
(3.71674e-46 7.22744e-45 0)
(-3.27023e-46 5.48369e-45 0)
(-3.17909e-46 6.58777e-46 0)
(4.91192e-46 -9.90808e-46 0)
(2.35201e-46 9.67123e-45 0)
(-3.98374e-46 3.71555e-45 0)
(-2.92628e-46 2.51923e-45 0)
(-1.90457e-46 -2.04008e-45 0)
(6.43425e-46 -1.36719e-45 0)
(-4.99306e-46 1.01432e-44 0)
(-6.08127e-46 -1.05401e-44 0)
(5.55664e-46 -1.20928e-45 0)
(9.9286e-47 -1.21268e-46 0)
(2.67381e-46 6.70356e-46 0)
(2.18099e-46 5.19946e-45 0)
(-5.71839e-46 4.99581e-45 0)
(-3.20494e-46 -6.26605e-45 0)
(1.00101e-45 -1.49139e-45 0)
(-1.99282e-46 1.29702e-44 0)
(-7.528e-46 -5.46831e-45 0)
(-7.92742e-47 -1.1974e-45 0)
(7.34964e-46 -6.27611e-45 0)
(5.45889e-35 1.17374e-37 0)
(3.80727e-36 -3.96457e-37 0)
(2.78501e-37 -3.25312e-38 0)
(1.76973e-38 -2.24778e-39 0)
(1.14351e-39 -1.33575e-40 0)
(6.6815e-41 -7.73486e-42 0)
(3.89182e-42 -3.73064e-43 0)
(2.05506e-43 -6.66183e-44 0)
(1.3291e-44 -5.16671e-44 0)
(3.22982e-45 -6.69625e-45 0)
(3.82009e-46 -1.10407e-45 0)
(5.938e-47 -1.09292e-46 0)
(-5.14268e-48 -3.28966e-47 0)
(-1.12061e-46 -2.04567e-46 0)
(-6.49066e-46 -2.09595e-45 0)
(-4.97254e-45 -1.21878e-44 0)
(-1.39448e-45 -9.44965e-44 0)
(1.27109e-44 -3.82305e-44 0)
(7.83976e-45 1.41644e-43 0)
(-6.92959e-45 1.07349e-43 0)
(-6.82976e-45 1.23691e-44 0)
(9.51242e-45 -2.20159e-44 0)
(4.96517e-45 1.70123e-43 0)
(-7.54948e-45 7.02448e-44 0)
(-6.07244e-45 4.88673e-44 0)
(-4.09958e-45 -4.04842e-44 0)
(1.28568e-44 -2.8888e-44 0)
(-9.68148e-45 1.82027e-43 0)
(-1.19809e-44 -1.89753e-43 0)
(1.09953e-44 -2.15945e-44 0)
(1.98351e-45 -1.95904e-45 0)
(5.61343e-45 1.30927e-44 0)
(4.56344e-45 1.01861e-43 0)
(-1.20955e-44 9.79963e-44 0)
(-6.84312e-45 -1.2338e-43 0)
(2.02981e-44 -3.17498e-44 0)
(-4.19552e-45 2.35008e-43 0)
(-1.49509e-44 -1.09408e-43 0)
(-8.43713e-46 -2.20912e-44 0)
(1.40184e-44 -1.06995e-43 0)
(6.0085e-35 4.06138e-36 0)
(4.20426e-36 2.52225e-37 0)
(3.07921e-37 1.51455e-38 0)
(1.96097e-38 9.58254e-40 0)
(1.26853e-39 5.65923e-41 0)
(7.42318e-41 5.21767e-42 0)
(4.18368e-42 1.19058e-42 0)
(1.27215e-43 -8.57482e-43 0)
(5.18846e-44 -9.95477e-43 0)
(5.27814e-44 -1.29265e-43 0)
(6.92236e-45 -2.1363e-44 0)
(1.129e-45 -2.1e-45 0)
(-1.00602e-46 -6.31374e-46 0)
(-2.177e-45 -3.93607e-45 0)
(-1.2645e-44 -4.06731e-44 0)
(-9.74996e-44 -2.37411e-43 0)
(-2.74828e-44 -1.86442e-42 0)
(2.49144e-43 -7.56569e-43 0)
(1.53599e-43 2.79436e-42 0)
(-1.36393e-43 2.11395e-42 0)
(-1.36475e-43 2.33548e-43 0)
(1.66562e-43 -4.78745e-43 0)
(9.73539e-44 3.05905e-42 0)
(-1.28033e-43 1.34224e-42 0)
(-1.16835e-43 9.55834e-43 0)
(-8.20233e-44 -8.07623e-43 0)
(2.34868e-43 -6.05233e-43 0)
(-1.6983e-43 3.34068e-42 0)
(-2.14947e-43 -3.49104e-42 0)
(1.98233e-43 -3.90056e-43 0)
(3.66121e-44 -3.19121e-44 0)
(1.09552e-43 2.55184e-43 0)
(8.95944e-44 2.00536e-42 0)
(-2.37638e-43 1.91319e-42 0)
(-1.36867e-43 -2.44839e-42 0)
(3.78244e-43 -6.68428e-43 0)
(-8.1933e-44 4.34724e-42 0)
(-2.71379e-43 -2.19805e-42 0)
(2.62155e-45 -4.10943e-43 0)
(2.39877e-43 -1.86919e-42 0)
(6.28509e-36 4.10454e-36 0)
(4.54558e-37 2.97364e-37 0)
(3.37113e-38 1.8872e-38 0)
(2.19336e-39 1.19253e-39 0)
(1.46882e-40 8.78366e-41 0)
(8.60103e-42 3.95356e-41 0)
(-2.50034e-42 1.83841e-41 0)
(-2.09434e-42 -1.55074e-41 0)
(7.80003e-43 -1.78102e-41 0)
(1.02862e-42 -2.29426e-42 0)
(1.34241e-43 -3.76695e-43 0)
(2.18822e-44 -3.68085e-44 0)
(-1.93785e-45 -1.10309e-44 0)
(-4.22612e-44 -6.90076e-44 0)
(-2.46414e-43 -7.17365e-43 0)
(-1.92473e-42 -4.21535e-42 0)
(-5.482e-43 -3.33591e-41 0)
(4.91437e-42 -1.35611e-41 0)
(3.02821e-42 4.99899e-41 0)
(-2.70145e-42 3.77724e-41 0)
(-2.7346e-42 3.98142e-42 0)
(2.98496e-42 -9.46066e-42 0)
(1.92197e-42 4.78921e-41 0)
(-2.22126e-42 2.31312e-41 0)
(-2.26784e-42 1.69242e-41 0)
(-1.64609e-42 -1.46265e-41 0)
(4.37965e-42 -1.15413e-41 0)
(-3.04735e-42 5.38482e-41 0)
(-3.93906e-42 -5.65142e-41 0)
(3.65217e-42 -6.25959e-42 0)
(6.81183e-43 -4.26727e-43 0)
(2.15013e-42 4.54351e-42 0)
(1.75017e-42 3.5869e-41 0)
(-4.69777e-42 3.43333e-41 0)
(-2.722e-42 -4.40019e-41 0)
(7.17298e-42 -1.2817e-41 0)
(-1.61339e-42 7.10315e-41 0)
(-5.0236e-42 -4.00878e-41 0)
(3.45585e-43 -6.88159e-42 0)
(4.20362e-42 -2.77872e-41 0)
(2.10646e-38 9.39801e-37 0)
(-8.39629e-39 7.62497e-38 0)
(-1.93091e-39 4.60896e-39 0)
(-1.26571e-40 -2.4448e-40 0)
(5.53921e-41 3.15383e-40 0)
(1.13392e-42 6.49797e-40 0)
(-5.36601e-41 3.33158e-40 0)
(-3.7875e-41 -2.85559e-40 0)
(1.39733e-41 -3.26909e-40 0)
(1.84047e-41 -4.14022e-41 0)
(2.38323e-42 -6.74592e-42 0)
(3.8604e-43 -6.51321e-43 0)
(-3.39945e-44 -1.94295e-43 0)
(-7.4569e-43 -1.22158e-42 0)
(-4.3773e-42 -1.28542e-41 0)
(-3.4459e-41 -7.61196e-41 0)
(-9.8898e-42 -6.1298e-40 0)
(8.78038e-41 -2.50183e-40 0)
(5.40928e-41 9.1842e-40 0)
(-4.84821e-41 6.92406e-40 0)
(-4.97477e-41 6.96052e-41 0)
(4.6485e-41 -1.87317e-40 0)
(3.44183e-41 7.92291e-40 0)
(-3.27109e-41 4.11903e-40 0)
(-3.97645e-41 3.08513e-40 0)
(-2.99488e-41 -2.71569e-40 0)
(7.23253e-41 -2.22586e-40 0)
(-4.75077e-41 9.16227e-40 0)
(-6.34851e-41 -9.6429e-40 0)
(5.92367e-41 -1.04171e-40 0)
(1.14082e-41 -5.87136e-42 0)
(3.83174e-41 8.20168e-41 0)
(3.14728e-41 6.57296e-40 0)
(-8.41192e-41 6.22525e-40 0)
(-4.95859e-41 -8.13505e-40 0)
(1.21417e-40 -2.47893e-40 0)
(-2.87148e-41 1.22088e-39 0)
(-8.2295e-41 -7.48722e-40 0)
(1.28032e-41 -1.18655e-40 0)
(6.29109e-41 -4.39364e-40 0)
(-6.48138e-36 5.11114e-36 0)
(-5.24612e-37 4.40813e-37 0)
(-4.66716e-38 2.03008e-38 0)
(-2.32942e-39 -7.63377e-39 0)
(1.08143e-39 4.83063e-39 0)
(2.73155e-41 1.04085e-38 0)
(-9.80169e-40 5.34003e-39 0)
(-6.89926e-40 -4.58627e-39 0)
(2.58686e-40 -5.24278e-39 0)
(3.38104e-40 -6.57361e-40 0)
(4.30328e-41 -1.05767e-40 0)
(6.91844e-42 -1.01232e-41 0)
(-6.02213e-43 -2.99937e-42 0)
(-1.33687e-41 -1.89964e-41 0)
(-7.90922e-41 -2.0162e-40 0)
(-6.33757e-40 -1.2099e-39 0)
(-1.85509e-40 -9.83697e-39 0)
(1.60386e-39 -4.02349e-39 0)
(9.8831e-40 1.47345e-38 0)
(-8.90112e-40 1.10942e-38 0)
(-9.21017e-40 1.05596e-39 0)
(7.70659e-40 -3.26631e-39 0)
(6.33644e-40 1.06642e-38 0)
(-5.10414e-40 6.35452e-39 0)
(-7.14718e-40 4.89875e-39 0)
(-5.53729e-40 -4.41035e-39 0)
(1.25552e-39 -3.77613e-39 0)
(-7.8364e-40 1.29204e-38 0)
(-1.07795e-39 -1.36823e-38 0)
(1.01244e-39 -1.46474e-39 0)
(1.96663e-40 -5.27628e-41 0)
(7.00345e-40 1.30712e-39 0)
(5.725e-40 1.05469e-38 0)
(-1.53901e-39 1.00526e-38 0)
(-9.05785e-40 -1.31099e-38 0)
(2.14504e-39 -4.2229e-39 0)
(-5.23495e-40 1.75731e-38 0)
(-1.41583e-39 -1.22322e-38 0)
(3.13869e-40 -1.76653e-39 0)
(9.99222e-40 -5.34673e-39 0)
(-7.02884e-35 9.29775e-38 0)
(-5.37195e-36 6.95617e-38 0)
(-4.73546e-37 -1.69414e-37 0)
(-1.68092e-38 -1.67862e-37 0)
(1.8596e-38 8.01228e-38 0)
(5.37535e-40 1.77217e-37 0)
(-1.53823e-38 9.09051e-38 0)
(-1.07187e-38 -7.8404e-38 0)
(4.20727e-39 -8.93167e-38 0)
(5.42967e-39 -1.09268e-38 0)
(6.83868e-40 -1.73404e-39 0)
(1.08569e-40 -1.63051e-40 0)
(-9.37441e-42 -4.79129e-41 0)
(-2.09833e-40 -3.0618e-40 0)
(-1.25832e-39 -3.30835e-39 0)
(-1.01845e-38 -2.01346e-38 0)
(-3.08289e-39 -1.67848e-37 0)
(2.5092e-38 -6.90311e-38 0)
(1.55122e-38 2.51351e-37 0)
(-1.40454e-38 1.887e-37 0)
(-1.46578e-38 1.69909e-38 0)
(1.06176e-38 -5.90781e-38 0)
(1.02233e-38 1.61441e-37 0)
(-6.0344e-39 1.05223e-37 0)
(-1.09112e-38 8.30104e-38 0)
(-8.70288e-39 -7.5987e-38 0)
(1.83679e-38 -6.69694e-38 0)
(-1.04655e-38 2.03665e-37 0)
(-1.51999e-38 -2.16305e-37 0)
(1.44012e-38 -2.23223e-38 0)
(2.92881e-39 -4.52989e-40 0)
(1.12036e-38 2.17162e-38 0)
(9.35225e-39 1.79319e-37 0)
(-2.40713e-38 1.68555e-37 0)
(-1.4209e-38 -2.25201e-37 0)
(3.21772e-38 -7.4965e-38 0)
(-8.10779e-39 2.8059e-37 0)
(-2.04903e-38 -2.11793e-37 0)
(6.45561e-39 -2.80764e-38 0)
(1.22778e-38 -7.45948e-38 0)
(-6.48822e-36 -3.81548e-36 0)
(-7.73664e-37 5.38498e-37 0)
(-2.72598e-37 -2.40095e-36 0)
(2.36359e-37 -2.35196e-36 0)
(3.37443e-37 1.12166e-36 0)
(1.1387e-38 2.4793e-36 0)
(-2.42957e-37 1.27062e-36 0)
(-1.63091e-37 -1.09865e-36 0)
(7.46105e-38 -1.24922e-36 0)
(9.27484e-38 -1.50751e-37 0)
(1.13832e-38 -2.33459e-38 0)
(1.78214e-39 -2.16557e-39 0)
(-1.51274e-40 -6.28066e-40 0)
(-3.44609e-39 -4.07043e-39 0)
(-2.09706e-38 -4.45692e-38 0)
(-1.7426e-37 -2.78354e-37 0)
(-5.80843e-38 -2.34957e-36 0)
(3.91568e-37 -9.68863e-37 0)
(2.45186e-37 3.51677e-36 0)
(-2.23596e-37 2.63651e-36 0)
(-2.3158e-37 2.22128e-37 0)
(1.80008e-37 -8.89207e-37 0)
(1.77133e-37 1.74761e-36 0)
(-7.91878e-38 1.41251e-36 0)
(-1.64095e-37 1.14954e-36 0)
(-1.31149e-37 -1.07634e-36 0)
(2.98653e-37 -9.85278e-37 0)
(-1.57422e-37 2.40265e-36 0)
(-2.38609e-37 -2.57649e-36 0)
(2.27931e-37 -2.63705e-37 0)
(4.65316e-38 3.19138e-39 0)
(1.90366e-37 3.00926e-37 0)
(1.61772e-37 2.51063e-36 0)
(-3.7292e-37 2.38658e-36 0)
(-2.05557e-37 -3.16468e-36 0)
(5.19761e-37 -1.10623e-36 0)
(-1.23445e-37 3.42434e-36 0)
(-3.29241e-37 -3.01501e-36 0)
(9.68582e-38 -3.59276e-37 0)
(1.69336e-37 -6.14871e-37 0)
(1.89683e-37 1.8883e-35 0)
(-2.43951e-36 1.5448e-35 0)
(-2.23775e-36 -3.75415e-35 0)
(2.41329e-36 -3.7222e-35 0)
(3.67745e-36 1.77956e-35 0)
(1.57822e-37 3.9199e-35 0)
(-2.34416e-36 2.00609e-35 0)
(-1.2154e-36 -1.74518e-35 0)
(1.17185e-36 -1.97423e-35 0)
(1.30661e-36 -2.29307e-36 0)
(1.57567e-37 -3.46629e-37 0)
(2.40384e-38 -3.12826e-38 0)
(-2.01494e-39 -8.94838e-39 0)
(-4.64959e-38 -5.88635e-38 0)
(-2.90916e-37 -6.6258e-37 0)
(-2.45759e-36 -4.24234e-36 0)
(-1.05887e-36 -3.72188e-35 0)
(3.47402e-36 -1.54711e-35 0)
(2.37317e-36 5.56881e-35 0)
(-2.20385e-36 4.15772e-35 0)
(-2.13163e-36 3.26884e-36 0)
(3.0568e-36 -1.47321e-35 0)
(2.61418e-36 2.42516e-35 0)
(-4.36762e-37 2.17757e-35 0)
(-1.1799e-36 1.81154e-35 0)
(-8.09576e-37 -1.72036e-35 0)
(3.83445e-36 -1.6075e-35 0)
(-1.65649e-36 3.53986e-35 0)
(-2.80326e-36 -3.80348e-35 0)
(2.71402e-36 -3.66494e-36 0)
(5.96116e-37 1.20162e-37 0)
(2.67199e-36 4.56983e-36 0)
(2.54371e-36 3.95762e-35 0)
(-3.11159e-36 3.69168e-35 0)
(-9.45507e-37 -5.05215e-35 0)
(6.15955e-36 -1.80247e-35 0)
(-8.87093e-37 5.12173e-35 0)
(-4.15146e-36 -4.839e-35 0)
(-1.03881e-38 -5.2362e-36 0)
(1.24492e-36 -6.96774e-36 0)
(2.22444e-35 2.24714e-34 0)
(6.51828e-36 1.80164e-34 0)
(3.90215e-36 -4.34873e-34 0)
(-1.11048e-36 -4.31449e-34 0)
(1.45587e-35 2.06296e-34 0)
(2.41558e-36 4.54047e-34 0)
(6.80698e-36 2.32018e-34 0)
(2.50608e-35 -2.02584e-34 0)
(2.35561e-35 -2.28572e-34 0)
(2.09691e-35 -2.60159e-35 0)
(2.4119e-36 -3.74177e-36 0)
(3.57891e-37 -3.29814e-37 0)
(-2.92014e-38 -9.19638e-38 0)
(-6.92773e-37 -6.21688e-37 0)
(-4.46335e-36 -7.15985e-36 0)
(-3.95545e-35 -4.8319e-35 0)
(-2.64683e-35 -4.31418e-34 0)
(-2.85497e-35 -1.7995e-34 0)
(-6.38595e-36 6.44971e-34 0)
(4.20809e-36 4.80797e-34 0)
(1.41427e-35 3.46729e-35 0)
(8.90003e-35 -1.82315e-34 0)
(4.66102e-35 1.7891e-34 0)
(2.29598e-36 2.41414e-34 0)
(2.60611e-35 2.0772e-34 0)
(3.09331e-35 -2.01771e-34 0)
(6.24472e-35 -1.94948e-34 0)
(-2.19645e-35 3.2001e-34 0)
(-4.04897e-35 -3.49733e-34 0)
(3.9645e-35 -3.36157e-35 0)
(8.65952e-36 3.00419e-36 0)
(4.26339e-35 5.21241e-35 0)
(4.92247e-35 4.59065e-34 0)
(3.86424e-35 4.36823e-34 0)
(6.95173e-35 -5.87603e-34 0)
(6.88079e-35 -2.18988e-34 0)
(2.09302e-35 4.93535e-34 0)
(-6.62783e-35 -5.69772e-34 0)
(-7.47591e-35 -5.40284e-35 0)
(5.66471e-36 6.08697e-36 0)
(4.52509e-34 3.29873e-33 0)
(1.93885e-33 2.68273e-33 0)
(1.72586e-33 -6.38878e-33 0)
(-1.69388e-33 -6.34349e-33 0)
(-1.68347e-33 3.04071e-33 0)
(2.7905e-35 6.65486e-33 0)
(1.94205e-33 3.39357e-33 0)
(2.16516e-33 -2.99177e-33 0)
(4.67009e-34 -3.34802e-33 0)
(2.54285e-34 -3.56583e-34 0)
(2.78672e-35 -4.93068e-35 0)
(3.88757e-36 -4.15892e-36 0)
(-3.09817e-37 -1.13552e-36 0)
(-7.5291e-36 -7.85174e-36 0)
(-5.18204e-35 -9.45285e-35 0)
(-4.81004e-34 -6.64218e-34 0)
(-6.83276e-34 -6.34311e-33 0)
(-3.88656e-33 -2.67998e-33 0)
(-1.93767e-33 9.47946e-33 0)
(1.72703e-33 7.01974e-33 0)
(2.19534e-33 4.60508e-34 0)
(2.78851e-33 -2.76485e-33 0)
(7.45586e-34 2.40343e-33 0)
(3.60103e-34 3.47694e-33 0)
(2.18842e-33 3.04835e-33 0)
(2.2239e-33 -2.991e-33 0)
(8.02968e-34 -2.92117e-33 0)
(-1.14382e-34 4.5979e-33 0)
(-3.40478e-34 -5.00338e-33 0)
(3.43965e-34 -4.26872e-34 0)
(8.86359e-35 4.82537e-35 0)
(5.15028e-34 7.12065e-34 0)
(9.65967e-34 6.70209e-33 0)
(4.18364e-33 6.21318e-33 0)
(4.36086e-33 -8.72465e-33 0)
(-4.54092e-34 -3.26516e-33 0)
(1.75462e-33 7.1403e-33 0)
(-8.21078e-34 -8.47798e-33 0)
(-4.10406e-33 -7.17117e-34 0)
(-4.42081e-34 2.65496e-34 0)
(1.092e-32 2.69749e-32 0)
(7.53124e-32 2.20335e-32 0)
(6.8135e-32 -5.21523e-32 0)
(-6.76893e-32 -5.18299e-32 0)
(-7.13502e-32 2.48479e-32 0)
(3.91735e-34 5.43139e-32 0)
(7.53561e-32 2.76286e-32 0)
(7.88697e-32 -2.45003e-32 0)
(1.1124e-32 -2.73043e-32 0)
(3.94914e-33 -2.80617e-33 0)
(3.9127e-34 -3.49932e-34 0)
(5.16185e-35 -2.82118e-35 0)
(-3.9304e-36 -7.3145e-36 0)
(-1.00096e-34 -5.34354e-35 0)
(-7.30591e-34 -6.72117e-34 0)
(-7.51084e-33 -5.26472e-33 0)
(-1.83461e-32 -5.18275e-32 0)
(-1.46946e-31 -2.20136e-32 0)
(-7.52995e-32 7.73529e-32 0)
(6.81361e-32 5.7158e-32 0)
(8.29761e-32 3.32226e-33 0)
(8.74158e-32 -2.39058e-32 0)
(1.54167e-32 6.27654e-33 0)
(1.05797e-32 2.72013e-32 0)
(7.93019e-32 2.46639e-32 0)
(7.9606e-32 -2.47147e-32 0)
(1.53762e-32 -2.47948e-32 0)
(-6.42568e-34 2.55853e-32 0)
(-4.19649e-33 -2.87388e-32 0)
(4.3569e-33 -2.51121e-33 0)
(1.13599e-33 5.45595e-34 0)
(7.94792e-33 5.64207e-33 0)
(2.24421e-32 5.48617e-32 0)
(1.5529e-31 5.31152e-32 0)
(1.5448e-31 -7.14524e-32 0)
(-3.79046e-32 -2.77099e-32 0)
(6.47571e-32 4.53524e-32 0)
(-1.53877e-32 -7.02177e-32 0)
(-1.45002e-31 -5.01282e-33 0)
(-1.41823e-32 1.38273e-32 0)
(2.02251e-31 3.46217e-31 0)
(2.06795e-30 2.91397e-31 0)
(1.90145e-30 -6.72294e-31 0)
(-1.89777e-30 -6.6881e-31 0)
(-2.03021e-30 3.22514e-31 0)
(3.2885e-33 6.96353e-31 0)
(2.0683e-30 3.5328e-31 0)
(2.10237e-30 -3.18777e-31 0)
(2.04192e-31 -3.49778e-31 0)
(3.76804e-32 -3.10223e-32 0)
(3.28549e-33 -3.76057e-33 0)
(3.74379e-34 -2.84609e-34 0)
(-2.71006e-35 -7.26612e-35 0)
(-7.26775e-34 -5.39724e-34 0)
(-6.19446e-33 -7.24098e-33 0)
(-7.21016e-32 -5.83071e-32 0)
(-3.71048e-31 -6.68786e-31 0)
(-4.0034e-30 -2.91209e-31 0)
(-2.06791e-30 9.98592e-31 0)
(1.90114e-30 7.27723e-31 0)
(2.23552e-30 3.61228e-32 0)
(2.14432e-30 -3.11588e-31 0)
(2.44808e-31 1.70509e-31 0)
(2.38334e-31 3.49466e-31 0)
(2.10862e-30 3.20061e-31 0)
(2.10628e-30 -3.21507e-31 0)
(2.08499e-31 -3.20685e-31 0)
(3.34495e-32 4.30986e-31 0)
(-9.19735e-34 -4.65744e-31 0)
(5.0442e-33 -2.91161e-32 0)
(6.95201e-33 6.23494e-33 0)
(7.55477e-32 6.19825e-32 0)
(4.11269e-31 6.99634e-31 0)
(4.17941e-30 6.52858e-31 0)
(4.07119e-30 -9.36457e-31 0)
(-1.35892e-30 -3.53757e-31 0)
(1.77182e-30 6.98008e-31 0)
(-2.02673e-31 -9.18148e-31 0)
(-3.84114e-30 -5.7616e-32 0)
(-3.42881e-31 9.8663e-32 0)
)
;

boundaryField
{
    leftWall
    {
        type            fixedValue;
        value           nonuniform 0();
    }
    rightWall
    {
        type            fixedValue;
        value           uniform (0 0 0);
    }
    lowerWall
    {
        type            fixedValue;
        value           uniform (0 0 0);
    }
    atmosphere
    {
        type            pressureInletOutletVelocity;
        value           nonuniform 0();
    }
    defaultFaces
    {
        type            empty;
    }
    procBoundary1to0
    {
        type            processor;
        value           nonuniform List<vector> 
44
(
(-1.08881e-41 -2.96925e-41 0)
(-1.60287e-40 -3.38471e-40 0)
(-1.85692e-39 -3.60383e-39 0)
(-2.00597e-38 -3.72465e-38 0)
(-2.12097e-37 -3.49987e-37 0)
(-2.03035e-36 -3.24767e-36 0)
(-1.94573e-35 -2.58381e-35 0)
(-1.5726e-34 -2.13627e-34 0)
(-1.34955e-33 -1.30981e-33 0)
(-7.86289e-33 -9.85873e-33 0)
(-7.15046e-32 -3.97462e-32 0)
(1.53439e-32 -4.99865e-31 0)
(1.63743e-31 6.30638e-32 0)
(-1.86384e-33 5.68586e-31 0)
(-7.99415e-32 4.67342e-32 0)
(5.62273e-33 2.49727e-32 0)
(1.428e-31 9.83061e-32 0)
(2.63979e-31 1.02119e-30 0)
(8.29179e-33 1.93039e-30 0)
(-2.63394e-31 1.07864e-30 0)
(-2.02962e-35 1.05597e-30 0)
(-2.02962e-35 1.05597e-30 0)
(-1.83383e-36 1.69016e-31 0)
(-2.17422e-37 1.23307e-32 0)
(1.03619e-37 1.29845e-33 0)
(1.69831e-36 9.27398e-35 0)
(2.67841e-35 4.28433e-35 0)
(3.17503e-34 4.89234e-34 0)
(4.60925e-33 4.39465e-33 0)
(3.96324e-32 5.50337e-32 0)
(4.95424e-31 3.07206e-31 0)
(4.60109e-31 3.50298e-30 0)
(-4.60109e-31 3.50298e-30 0)
(-4.95425e-31 3.07203e-31 0)
(-3.96382e-32 5.49942e-32 0)
(-4.74676e-33 4.07195e-33 0)
(-2.85218e-33 -3.65263e-33 0)
(-3.24213e-32 3.54291e-35 0)
(-2.53638e-33 4.14442e-33 0)
(-1.37636e-34 3.2286e-34 0)
(-5.75346e-36 3.95472e-35 0)
(-2.84008e-37 2.7008e-36 0)
(4.01483e-38 2.56838e-37 0)
(3.42074e-37 2.41452e-37 0)
)
;
    }
    procBoundary1to3
    {
        type            processor;
        value           nonuniform List<vector> 
45
(
(4.44951e-35 8.22787e-40 0)
(4.77281e-34 -8.90539e-40 0)
(5.56978e-33 -1.00358e-39 0)
(4.4616e-32 -1.50685e-40 0)
(4.95921e-31 -2.71569e-41 0)
(2.58448e-30 -1.30591e-41 0)
(3.69068e-29 -8.94639e-42 0)
(3.47707e-29 2.03937e-41 0)
(-3.47304e-29 2.02667e-41 0)
(-3.64394e-29 -9.75296e-42 0)
(3.60927e-32 -2.12015e-41 0)
(3.69106e-29 -1.07935e-41 0)
(3.73377e-29 9.61903e-42 0)
(2.60301e-30 1.06665e-41 0)
(4.66753e-31 1.04864e-42 0)
(3.60629e-32 1.43117e-43 0)
(4.02549e-33 9.11455e-45 0)
(-2.74606e-34 -4.06484e-44 0)
(-7.82739e-33 -7.20434e-43 0)
(-6.80788e-32 -1.23573e-41 0)
(-8.97712e-31 -1.82038e-40 0)
(-4.74299e-30 -2.44854e-39 0)
(-7.21039e-29 -1.02505e-38 0)
(-3.69065e-29 7.07146e-37 0)
(3.47667e-29 4.0365e-35 0)
(3.90502e-29 1.29061e-33 0)
(3.78002e-29 3.06871e-32 0)
(3.10205e-30 4.92719e-31 0)
(3.08186e-30 3.06878e-32 0)
(3.74102e-29 1.33027e-33 0)
(3.73774e-29 1.29061e-33 0)
(2.60347e-30 2.93972e-32 0)
(4.71401e-31 4.62032e-31 0)
(4.09634e-32 -4.62032e-31 0)
(8.31191e-33 -2.93958e-32 0)
(7.19639e-32 -1.20887e-33 0)
(9.30933e-31 1.28336e-33 0)
(5.18996e-30 3.1458e-32 0)
(7.4344e-29 5.05137e-31 0)
(7.29972e-29 3.27487e-32 0)
(-2.7884e-29 3.20094e-32 0)
(3.30935e-29 4.9272e-31 0)
(-2.5319e-30 2.94351e-32 0)
(-6.99643e-29 -2.81572e-32 0)
(-4.56657e-30 -4.62137e-31 0)
)
;
    }
}


// ************************************************************************* //
