/*--------------------------------*- C++ -*----------------------------------*\
| =========                 |                                                 |
| \\      /  F ield         | OpenFOAM: The Open Source CFD Toolbox           |
|  \\    /   O peration     | Version:  2.4.0                                 |
|   \\  /    A nd           | Web:      www.OpenFOAM.org                      |
|    \\/     M anipulation  |                                                 |
\*---------------------------------------------------------------------------*/
FoamFile
{
    version     2.0;
    format      ascii;
    class       surfaceScalarField;
    location    "0.55";
    object      phi;
}
// * * * * * * * * * * * * * * * * * * * * * * * * * * * * * * * * * * * * * //

dimensions      [0 3 -1 0 0 0 0];

internalField   nonuniform List<scalar> 
3742
(
-7.54151e-37
5.70661e-37
-1.03555e-37
5.80927e-38
-1.09405e-38
6.33693e-39
-1.19199e-39
5.74306e-40
-1.11539e-40
5.2974e-41
-1.03776e-41
4.36756e-42
-8.7375e-43
3.57251e-43
-7.20612e-44
2.70379e-44
-5.53128e-45
2.00687e-45
-4.13443e-46
1.40508e-46
-2.92392e-47
9.60155e-48
-2.00989e-48
6.26215e-49
-1.31878e-49
3.97968e-50
-5.00427e-51
2.42047e-51
5.62369e-50
-5.32169e-53
9.03168e-49
-3.16736e-51
1.39534e-47
-4.99508e-50
2.06212e-46
-7.59981e-49
2.95955e-45
-1.13385e-47
4.02696e-44
-1.62425e-46
5.33159e-43
-2.28124e-45
6.59829e-42
-3.0427e-44
7.98909e-41
-3.9843e-43
8.83167e-40
-4.87299e-42
-5.88521e-41
-1.73599e-34
1.51776e-36
-8.89569e-34
1.16219e-35
-7.41598e-34
9.01408e-35
-3.10882e-32
1.81994e-35
2.02424e-32
-1.7563e-34
1.02622e-32
-3.6914e-35
-9.73487e-33
1.11373e-34
3.00149e-34
6.10204e-36
2.90125e-34
-6.14903e-35
1.10757e-32
-3.76804e-35
1.03617e-33
-1.07341e-35
1.14077e-32
-1.241e-34
7.64457e-34
-1.55679e-36
1.09162e-32
3.34248e-35
-1.00749e-32
3.42957e-35
1.01457e-32
8.1185e-36
-1.05677e-32
3.00014e-35
-2.08197e-34
6.50681e-38
-2.83676e-34
-2.93586e-35
-5.67522e-35
-3.74102e-36
-6.14049e-36
-5.70661e-37
-8.16304e-37
-5.80927e-38
-8.17015e-38
-6.33693e-39
-8.70198e-39
-5.74306e-40
-7.89386e-40
-5.2974e-41
-7.22388e-41
-4.36756e-42
-5.96058e-42
-3.57251e-43
-4.85429e-43
-2.70379e-44
-3.67314e-44
-2.00687e-45
-2.71832e-45
-1.40508e-46
-1.90184e-46
-9.60155e-48
-1.29676e-47
-6.26216e-49
-8.44953e-49
-3.98049e-50
-5.32116e-50
-2.54048e-51
3.80504e-51
-1.67358e-51
1.1959e-49
-2.06052e-50
1.92648e-48
-2.70286e-49
2.93618e-47
-3.34864e-48
4.28076e-46
-4.07821e-47
5.88933e-45
-4.65163e-46
7.78667e-44
-5.32529e-45
9.60775e-43
-5.68717e-44
1.1459e-41
-6.31273e-43
1.24928e-40
-6.54315e-42
-7.26468e-41
-1.9041e-35
2.0011e-36
-9.30488e-35
1.31061e-35
-6.39023e-34
9.95179e-35
-7.48817e-34
1.98826e-35
3.23389e-34
-1.93731e-34
5.50697e-34
-4.08588e-35
-1.21592e-34
1.22738e-34
-1.5491e-34
6.83329e-36
2.18555e-34
-6.78699e-35
4.49803e-34
-4.15183e-35
4.83891e-34
-8.73568e-36
4.83665e-34
-4.79595e-36
4.54666e-34
1.56248e-36
2.45248e-34
3.71506e-35
3.0557e-35
3.79378e-35
-2.26104e-35
9.10671e-36
-2.08422e-34
3.3111e-35
-2.09176e-34
7.38238e-38
-2.9685e-35
-3.23866e-35
-6.21653e-36
-4.19458e-36
-7.54152e-37
-6.42677e-37
-1.03555e-37
-6.58886e-38
-1.09405e-38
-7.20756e-39
-1.19199e-39
-6.55868e-40
-1.11539e-40
-6.06238e-41
-1.03776e-41
-5.01176e-42
-8.7375e-43
-4.10619e-43
-7.20612e-44
-3.11376e-44
-5.53128e-45
-2.31425e-45
-4.13443e-46
-1.6227e-46
-2.92392e-47
-1.1101e-47
-2.00991e-48
-7.24872e-49
-1.32226e-49
-4.61834e-50
-1.03168e-50
-3.86933e-51
-2.36541e-50
-1.47265e-50
-2.61405e-49
-1.90805e-49
-2.79937e-48
-2.41593e-48
-2.61097e-47
-2.83463e-47
-2.23145e-46
-3.21667e-46
-1.35114e-45
-3.27451e-45
-4.57494e-45
-3.24198e-44
7.16026e-44
-2.69635e-43
1.52464e-42
-2.21783e-42
2.1439e-41
-1.29823e-41
-7.95329e-41
-2.45721e-36
2.33604e-36
-6.81598e-36
2.2971e-36
-3.14407e-35
1.11394e-35
-3.58883e-35
1.96913e-36
1.40888e-35
-2.05974e-35
2.53086e-35
-4.49481e-36
-4.48303e-36
1.29308e-35
-5.56925e-36
8.33009e-37
1.16801e-35
-7.27342e-36
2.37177e-35
-4.58969e-36
2.61994e-35
-1.09024e-36
2.53535e-35
-3.15827e-36
2.33299e-35
1.94254e-37
1.3223e-35
4.03078e-36
2.17279e-36
4.14104e-36
-1.22662e-36
1.13072e-36
-1.03736e-35
3.5418e-36
-1.04746e-35
1.02116e-38
-2.06219e-36
-3.44712e-36
-7.19486e-37
-5.18577e-37
-1.01026e-37
-8.33429e-38
-1.58776e-38
-9.08374e-39
-1.78988e-39
-1.02214e-39
-2.06065e-40
-9.62222e-41
-1.99352e-41
-9.06448e-42
-1.90693e-42
-7.65652e-43
-1.63611e-43
-6.35933e-44
-1.37044e-44
-4.89425e-45
-1.06374e-45
-3.67521e-46
-8.02318e-47
-2.60494e-47
-5.71184e-48
-1.79641e-48
-3.94788e-49
-1.18309e-49
-2.76745e-50
-8.19267e-51
-2.31289e-50
-9.41391e-51
-2.70177e-49
-1.24826e-49
-3.15554e-48
-1.64461e-48
-3.54369e-47
-2.0963e-47
-3.58401e-46
-2.48099e-46
-3.48296e-45
-2.84346e-45
-2.86544e-44
-2.93345e-44
-2.26977e-43
-2.94567e-43
-1.29571e-42
-2.49744e-42
-7.06582e-42
-2.08436e-41
-1.09015e-41
-1.23192e-40
-7.23605e-40
-5.08382e-36
3.65131e-36
-3.85367e-36
2.60375e-36
-1.6109e-36
1.99431e-36
-1.31522e-36
3.10654e-37
3.70025e-37
-2.71227e-36
7.68884e-37
-5.98346e-37
-7.04177e-38
1.70013e-36
-4.62483e-38
1.11273e-37
4.85281e-37
-9.61821e-37
9.47577e-37
-6.17369e-37
1.08554e-36
-1.68952e-37
9.93979e-37
-5.45089e-37
8.85614e-37
9.89225e-39
5.4398e-37
5.3194e-37
1.19321e-37
5.52093e-37
-4.20208e-38
1.55983e-37
-3.73118e-37
4.69604e-37
-3.82123e-37
1.60213e-39
-1.0972e-37
-4.55404e-37
-5.7284e-38
-7.10116e-38
-9.01654e-39
-1.24193e-38
-1.51957e-39
-1.41762e-39
-1.79914e-40
-1.67228e-40
-2.13509e-41
-1.62218e-41
-2.12171e-42
-1.56811e-42
-2.06568e-43
-1.3485e-43
-1.80233e-44
-1.13665e-44
-1.52747e-45
-8.84332e-46
-1.1992e-46
-6.6988e-47
-9.12065e-48
-4.77947e-48
-6.54686e-49
-3.31326e-49
-4.67795e-50
-2.2252e-50
-2.06721e-50
-6.80338e-51
-2.32322e-49
-7.83496e-50
-2.94446e-48
-1.10012e-48
-3.47057e-47
-1.46207e-47
-3.94285e-46
-1.88405e-46
-4.03995e-45
-2.25661e-45
-3.99567e-44
-2.62774e-44
-3.3568e-43
-2.75975e-43
-2.73753e-42
-2.83988e-42
-1.62948e-41
-2.47715e-41
-9.48089e-41
-2.14911e-40
-1.97779e-40
-1.32894e-39
-8.24631e-39
-1.40174e-34
7.32132e-35
-6.18748e-36
3.60865e-36
-4.6697e-36
-5.76906e-38
-8.7678e-37
-2.44473e-38
-1.06286e-37
-2.45585e-37
-1.94422e-38
-5.40077e-38
9.05781e-39
1.47493e-37
2.03464e-38
1.01526e-38
1.66605e-38
-8.4251e-38
2.84703e-38
-5.5107e-38
3.67468e-38
-1.66589e-38
2.44031e-38
-5.09979e-38
1.80759e-38
1.05952e-40
1.71425e-38
4.67045e-38
7.06921e-39
4.88429e-38
1.24887e-40
1.45462e-38
-5.63663e-39
4.11663e-38
-6.52446e-39
1.63258e-40
-6.17497e-39
-3.97759e-38
-5.26985e-39
-6.59207e-39
-8.89956e-40
-1.20872e-39
-1.59986e-40
-1.4396e-40
-1.95837e-41
-1.74747e-41
-2.39246e-42
-1.74047e-42
-2.42402e-43
-1.71242e-43
-2.39837e-44
-1.49757e-44
-2.11769e-45
-1.27715e-45
-1.81209e-46
-1.00495e-46
-1.43326e-47
-7.67522e-48
-1.09649e-48
-5.5199e-49
-7.97842e-50
-3.86175e-50
-1.61326e-50
-4.5373e-51
-1.48781e-49
-3.03191e-50
-1.96358e-48
-4.39825e-49
-2.50906e-47
-6.22425e-48
-2.98662e-46
-8.35089e-47
-3.43254e-45
-1.08757e-45
-3.57439e-44
-1.32287e-44
-3.60131e-43
-1.5666e-43
-3.1122e-42
-1.68883e-42
-2.61907e-41
-1.78625e-41
-1.65297e-40
-1.63185e-40
-1.02735e-39
-1.47705e-39
-2.80633e-39
-9.89626e-39
-6.38692e-38
-4.6639e-36
7.84003e-36
-3.78084e-36
7.00642e-36
-5.5344e-37
4.00641e-39
-1.04314e-37
-3.9142e-38
-1.49099e-38
-3.17307e-38
-4.39469e-39
-6.15095e-39
1.04797e-39
1.41559e-38
2.23167e-39
9.79965e-40
5.09032e-40
-8.17778e-39
5.53909e-40
-5.42405e-39
1.04193e-39
-1.83637e-39
-4.14823e-41
-6.0243e-39
-4.19646e-40
-1.58382e-40
3.74164e-40
4.50758e-39
4.22952e-40
4.76256e-39
1.33124e-40
1.44761e-39
3.73506e-40
4.00191e-39
3.01893e-40
1.74879e-41
-3.53433e-40
-3.85689e-39
-4.03402e-40
-6.53123e-40
-7.18376e-41
-1.25568e-40
-1.33864e-41
-1.53726e-41
-1.68556e-42
-1.91755e-42
-2.09928e-43
-1.94589e-43
-2.16477e-44
-1.94507e-44
-2.16838e-45
-1.72131e-45
-1.93705e-46
-1.48203e-46
-1.67145e-47
-1.1749e-47
-1.33264e-48
-9.02576e-49
-1.0297e-49
-6.52598e-50
-1.38682e-50
-5.35453e-51
-9.40929e-50
-1.28115e-50
-1.3184e-48
-1.92198e-49
-1.75925e-47
-2.82766e-48
-2.27285e-46
-4.04395e-47
-2.73802e-45
-5.48667e-46
-3.19739e-44
-7.24568e-45
-3.38935e-43
-8.94515e-44
-3.50117e-42
-1.08018e-42
-3.11725e-41
-1.18888e-41
-2.74316e-40
-1.29535e-40
-1.84514e-39
-1.22116e-39
-1.27074e-38
-1.16454e-38
-4.51744e-38
-8.23961e-38
-6.01229e-37
-8.93967e-38
2.14124e-34
-3.91462e-37
8.71849e-36
-6.46952e-38
5.66181e-37
-1.58739e-38
2.81444e-38
-2.35444e-39
-7.82856e-40
-6.0615e-40
-3.86483e-40
8.08805e-41
1.11957e-39
2.04526e-40
7.96599e-41
1.64583e-41
-6.45755e-40
-3.79878e-42
-4.34473e-40
2.99022e-41
-1.59771e-40
-7.5884e-41
-5.227e-40
-1.04052e-40
-2.20549e-41
-3.18737e-42
3.55044e-40
3.01869e-41
3.78207e-40
1.54082e-41
1.18384e-40
5.85219e-41
3.16237e-40
5.2499e-41
1.51156e-42
-2.46741e-41
-3.04009e-40
-3.3101e-41
-5.32545e-41
-6.04806e-42
-1.05474e-41
-1.15886e-42
-1.32574e-42
-1.48537e-43
-1.6851e-43
-1.87945e-44
-1.74016e-44
-1.96128e-45
-1.76078e-45
-1.98374e-46
-1.57642e-46
-1.78593e-47
-1.36854e-47
-1.55045e-48
-1.09355e-48
-1.24368e-49
-8.44961e-50
-1.18143e-50
-6.20241e-51
-3.45863e-50
-1.49233e-51
-4.95893e-49
-1.69783e-50
-7.03414e-48
-2.62278e-49
-9.47899e-47
-3.90929e-48
-1.23813e-45
-5.62832e-47
-1.51579e-44
-7.76362e-46
-1.80179e-43
-1.03081e-44
-1.96369e-42
-1.30163e-43
-2.09103e-41
-1.57537e-42
-1.96222e-40
-1.79405e-41
-1.82999e-39
-1.94781e-40
-1.38705e-38
-1.95324e-39
-1.09177e-37
-1.84246e-38
-5.69093e-37
-1.51127e-37
-1.0669e-36
-1.18628e-36
-6.49336e-35
8.43422e-37
2.79158e-36
8.37138e-38
7.1263e-37
7.00185e-39
8.12565e-38
1.09457e-40
1.08908e-38
-8.90519e-41
1.07913e-39
-4.2524e-42
2.10609e-40
1.3625e-41
1.73712e-41
5.47247e-43
-5.21751e-41
-1.12634e-42
-3.6118e-41
1.08633e-42
-1.45424e-41
-7.27582e-42
-4.96556e-41
-9.27125e-42
-2.97948e-42
-1.0532e-42
2.90116e-41
2.05303e-42
3.12119e-41
1.23035e-42
9.91139e-42
4.83253e-42
2.60517e-41
4.38847e-42
1.31981e-43
-1.66483e-42
-2.50011e-41
-2.38149e-42
-4.44794e-42
-4.46286e-43
-9.04039e-43
-8.70924e-44
-1.15556e-43
-1.13559e-44
-1.49204e-44
-1.45418e-45
-1.5592e-45
-1.53521e-46
-1.59309e-46
-1.56549e-47
-1.43753e-47
-1.42058e-48
-1.25558e-48
-1.24078e-49
-1.00837e-49
-1.09127e-50
-7.82725e-51
-1.53798e-50
-6.92652e-52
-2.24963e-49
-2.11643e-51
-3.31961e-48
-3.43222e-50
-4.75888e-47
-5.43565e-49
-6.48231e-46
-8.42938e-48
-8.58231e-45
-1.24067e-46
-1.06522e-43
-1.79544e-45
-1.28976e-42
-2.43016e-44
-1.43159e-41
-3.26431e-43
-1.5665e-40
-4.00825e-42
-1.50814e-39
-4.9904e-41
-1.47195e-38
-5.48979e-40
-1.1583e-37
-6.43652e-39
-1.00053e-36
-6.30711e-38
-5.50142e-36
-7.01728e-37
-5.27813e-36
-6.20897e-36
2.69993e-36
-2.98347e-36
-8.7185e-37
-4.65057e-37
4.32933e-37
-9.39642e-38
6.3021e-38
-1.1849e-38
9.62267e-39
-1.61718e-39
9.94979e-40
-1.72889e-40
1.13995e-40
-1.77071e-41
1.02294e-41
-1.72583e-42
-2.95386e-42
-2.30669e-43
-2.57553e-42
6.92325e-44
-1.13579e-42
-6.08546e-43
-3.92935e-42
-7.58144e-43
-2.84413e-43
-1.04237e-43
2.08656e-42
1.46042e-43
2.26393e-42
9.34475e-44
7.32698e-43
3.69375e-43
1.88432e-42
3.36422e-43
1.00976e-44
-1.19028e-43
-1.8052e-42
-1.74494e-43
-3.28261e-43
-3.31521e-44
-6.79164e-44
-6.56404e-45
-8.82915e-45
-8.65476e-46
-1.15364e-45
-1.11873e-46
-1.21967e-46
-1.19034e-47
-1.25626e-47
-1.22118e-48
-1.14259e-48
-1.11392e-49
-1.00351e-49
-9.79981e-51
-8.1028e-51
-1.41952e-51
-6.33222e-52
-1.02468e-50
-9.0466e-53
-1.58705e-49
-7.7194e-52
-2.39693e-48
-1.31219e-50
-3.47201e-47
-2.12727e-49
-4.86804e-46
-3.41249e-48
-6.49091e-45
-5.13449e-47
-8.3725e-44
-7.7209e-46
-1.01342e-42
-1.07216e-44
-1.18864e-41
-1.52843e-43
-1.27828e-40
-2.01754e-42
-1.34009e-39
-2.99342e-41
-1.22686e-38
-4.46728e-40
-1.10315e-37
-8.12078e-39
-7.46286e-37
-1.4069e-37
-4.80162e-36
-2.34021e-36
-2.86583e-35
-1.55792e-34
-3.1898e-36
-6.64754e-36
-8.34047e-37
-5.14454e-36
-5.34671e-37
-9.5864e-37
-6.73406e-38
-1.06099e-37
-9.68718e-39
-1.37374e-38
-9.88745e-40
-1.38404e-39
-1.05538e-40
-1.45457e-40
-9.5888e-42
-1.32168e-41
-1.16104e-42
-1.20345e-42
-2.67941e-43
-9.22696e-44
-9.64692e-44
-5.123e-44
-3.21103e-43
-5.41732e-44
-2.7143e-44
-7.90487e-45
1.50939e-43
9.55739e-45
1.65372e-43
6.35475e-45
5.411e-44
2.49288e-44
1.37506e-43
2.26996e-44
7.65078e-46
-7.83387e-45
-1.31575e-43
-1.16285e-44
-2.42123e-44
-2.24465e-45
-5.0843e-45
-4.4925e-46
-6.68348e-46
-5.99111e-47
-8.81579e-47
-7.80343e-48
-9.39463e-48
-8.36846e-49
-9.7354e-49
-8.63099e-50
-8.90145e-50
-7.92563e-51
-7.84781e-51
-8.82664e-52
-6.34173e-52
-3.19407e-51
-2.09678e-53
-5.141e-50
4.93328e-52
-8.10717e-49
8.33831e-51
-1.24497e-47
1.36289e-49
-1.82737e-46
2.14275e-48
-2.61434e-45
3.28137e-47
-3.53694e-44
4.7962e-46
-4.6808e-43
6.83195e-45
-5.75771e-42
9.1521e-44
-6.99114e-41
1.18795e-42
-7.65407e-40
1.37376e-41
-8.44085e-39
1.39369e-40
-7.8792e-38
6.44785e-40
-7.70144e-37
-1.5248e-38
-5.29003e-36
-6.81815e-37
-4.07149e-35
-1.53347e-35
-2.50866e-34
-5.95765e-36
-3.4693e-36
-3.2796e-36
-2.68153e-36
-5.02782e-37
-7.04052e-37
-9.99751e-38
-8.11215e-38
-1.24566e-38
-1.11238e-38
-1.68241e-39
-1.12684e-39
-1.79536e-40
-1.20538e-40
-1.94052e-41
-1.0971e-41
-1.82294e-42
-1.02449e-42
-1.68872e-43
-9.62985e-44
-1.36384e-44
-1.32625e-44
-4.22364e-45
-2.372e-44
-3.86082e-45
-2.22148e-45
-5.78837e-46
9.98664e-45
6.24107e-46
1.1041e-44
4.25649e-46
3.66156e-45
1.66224e-45
9.16598e-45
1.51292e-45
5.29322e-47
-5.17078e-46
-8.75999e-45
-7.72067e-46
-1.63698e-45
-1.50501e-46
-3.47496e-46
-3.03793e-47
-4.62061e-47
-4.08256e-48
-6.14095e-48
-5.3483e-49
-6.5963e-49
-5.76622e-50
-6.87131e-50
-5.96926e-51
-6.31654e-51
-5.47288e-52
-5.5879e-52
-1.34727e-53
-4.40308e-53
5.81053e-52
2.14888e-53
9.52645e-51
4.34735e-52
1.49343e-49
7.3055e-51
2.2763e-48
1.19542e-49
3.31672e-47
1.88132e-48
4.6998e-46
2.88491e-47
6.30036e-45
4.22141e-46
8.23146e-44
6.0234e-45
1.00067e-42
8.08079e-44
1.19304e-41
1.05192e-42
1.28576e-40
1.22147e-41
1.37825e-39
1.25469e-40
1.25788e-38
6.24576e-40
1.16775e-37
-1.2239e-38
7.72448e-37
-5.81418e-37
5.23036e-36
-1.33062e-35
-2.21994e-34
-5.24625e-37
-7.9582e-35
8.5835e-38
-3.95796e-36
-8.01857e-39
-3.13804e-37
-7.09779e-39
-2.16571e-38
-1.23841e-39
-1.85665e-39
-2.09914e-40
-1.63441e-40
-2.51088e-41
-1.6679e-41
-2.95799e-42
-1.54218e-42
-2.93346e-43
-1.45148e-43
-2.83508e-44
-1.30644e-44
-2.41905e-45
-1.47182e-45
-4.05939e-46
-1.7617e-45
-2.60655e-46
-1.79261e-46
-3.92942e-47
6.54248e-46
3.8e-47
7.30653e-46
2.65822e-47
2.44434e-46
1.03076e-46
6.06298e-46
9.37396e-47
3.59239e-48
-3.18184e-47
-5.78948e-46
-4.77804e-47
-1.09219e-46
-9.42021e-48
-2.33896e-47
-1.91425e-48
-3.13454e-48
-2.59295e-49
-4.19011e-49
-3.41329e-50
-4.52549e-50
-3.69985e-51
-4.73184e-51
-3.83053e-52
-4.36531e-52
-1.32187e-53
-3.87893e-53
3.842e-52
-4.60606e-54
6.51581e-51
-2.61256e-53
1.06762e-49
-4.49597e-52
1.68366e-48
-7.5511e-51
2.58544e-47
-1.23575e-49
3.79429e-46
-1.94496e-48
5.42766e-45
-2.98289e-47
7.34057e-44
-4.36508e-46
9.7119e-43
-6.22901e-45
1.19391e-41
-8.35572e-44
1.44894e-40
-1.08726e-42
1.58472e-39
-1.26e-41
1.74606e-38
-1.28525e-40
1.62715e-37
-6.0473e-40
1.5881e-36
1.38161e-38
1.08802e-35
6.28879e-37
8.35498e-35
1.42936e-35
2.37489e-34
1.99367e-37
-4.81101e-36
-2.53827e-37
-2.42252e-36
-3.17897e-38
-1.7561e-37
-5.62904e-39
-1.01975e-38
-6.17941e-40
-6.1416e-40
-7.62781e-41
-4.06335e-41
-7.57466e-42
-3.51836e-42
-7.75269e-43
-3.07977e-43
-6.97034e-44
-2.84339e-44
-6.22801e-45
-2.45112e-45
-5.06469e-46
-2.29443e-46
-5.36192e-47
-1.27555e-46
-1.87592e-47
-1.35493e-47
-2.7181e-48
4.00647e-47
2.27276e-48
4.52153e-47
1.62957e-48
1.52816e-47
6.29743e-48
3.74918e-47
5.72385e-48
2.27918e-49
-1.93483e-48
-3.57696e-47
-2.91609e-48
-6.82584e-48
-5.79327e-49
-1.47148e-48
-1.18329e-49
-1.98805e-49
-1.6117e-50
-2.67013e-50
-2.12901e-51
-2.89973e-51
-2.31621e-52
-3.04178e-52
-2.40223e-53
-2.81669e-53
-6.6056e-55
-2.58848e-54
2.69428e-53
-1.78099e-54
4.53519e-52
-2.80972e-53
7.3717e-51
-4.87562e-52
1.15344e-49
-8.18442e-51
1.75388e-48
-1.33849e-49
2.54978e-47
-2.10529e-48
3.60201e-46
-3.22611e-47
4.8153e-45
-4.7173e-46
6.26542e-44
-6.7242e-45
7.5896e-43
-9.00925e-44
8.99535e-42
-1.16967e-42
9.64816e-41
-1.34988e-41
1.02453e-39
-1.35992e-40
9.28472e-39
-5.86803e-40
8.46512e-38
1.64083e-38
5.52783e-37
7.05676e-37
3.55187e-36
1.57692e-35
2.57167e-34
-1.51296e-38
-4.85614e-36
1.72006e-38
-2.52313e-36
1.99019e-39
-1.74852e-37
2.51135e-40
-9.33664e-39
1.8813e-41
-4.28323e-40
1.10743e-42
-1.8366e-41
1.14372e-44
-9.11955e-43
-8.11118e-45
-5.54894e-44
-1.43145e-45
-4.2518e-45
-1.82933e-46
-3.35844e-46
-1.86435e-47
-2.8519e-47
-2.55522e-48
-9.39247e-48
-1.09918e-48
-1.01475e-48
-1.65742e-49
2.40889e-48
1.29291e-49
2.75138e-48
9.47163e-50
9.36702e-49
3.64224e-49
2.28147e-48
3.30827e-49
1.41236e-50
-1.11338e-49
-2.17532e-48
-1.68506e-49
-4.18352e-49
-3.37641e-50
-9.06539e-50
-6.9245e-51
-1.23182e-50
-9.48508e-52
-1.66017e-51
-1.25664e-52
-1.8098e-52
-1.37551e-53
-1.90255e-53
-2.04268e-54
-1.7646e-54
-1.10476e-53
-1.39304e-55
-1.89879e-52
3.14214e-55
-3.19477e-51
5.84168e-54
-5.23586e-50
1.01801e-52
-8.25945e-49
1.71483e-51
-1.2688e-47
2.81621e-50
-1.86279e-46
4.44769e-49
-2.66606e-45
6.8515e-48
-3.6077e-44
1.00734e-46
-4.77662e-43
1.44866e-45
-5.87668e-42
1.9693e-44
-7.13945e-41
2.65173e-43
-7.81743e-40
3.38022e-42
-8.62649e-39
4.5338e-41
-8.05255e-38
6.17081e-40
-7.8763e-37
9.85729e-39
-5.40848e-36
1.58528e-37
-4.16478e-35
2.50337e-36
3.00767e-35
-2.25155e-37
-8.40234e-35
2.63264e-37
-4.12082e-36
3.13876e-38
-2.66423e-37
4.94613e-39
-1.30288e-38
4.89371e-40
-4.43182e-40
5.36712e-41
-6.37157e-42
4.7836e-42
8.27566e-43
4.40661e-43
1.10265e-43
3.59148e-44
1.06515e-44
2.92652e-45
8.66025e-46
2.19509e-46
6.78557e-47
1.6166e-47
4.51036e-48
1.07001e-48
2.98106e-49
6.72804e-50
1.62382e-49
1.22207e-50
1.60486e-49
5.7051e-51
5.46217e-50
2.0684e-50
1.31691e-49
1.87625e-50
8.30504e-52
-6.29414e-51
-1.25479e-49
-9.55474e-51
-2.43486e-50
-1.92626e-51
-5.29669e-51
-3.9622e-52
-7.23977e-52
-5.44928e-53
-9.78463e-53
-7.23378e-54
-1.0707e-53
-7.97185e-55
-1.12754e-54
-1.80737e-55
-1.03111e-55
-1.74892e-54
2.39757e-56
-3.01119e-53
6.10319e-55
-5.03697e-52
1.08776e-53
-8.1973e-51
1.88749e-52
-1.28427e-49
3.16667e-51
-1.95604e-48
5.17553e-50
-2.84841e-47
8.13629e-49
-4.03275e-46
1.24608e-47
-5.403e-45
1.82185e-46
-7.05171e-44
2.59886e-45
-8.56772e-43
3.49881e-44
-1.02004e-41
4.61824e-43
-1.09876e-40
5.65113e-42
-1.1751e-39
6.87196e-41
-1.07183e-38
7.5415e-40
-9.89827e-38
8.5181e-39
-6.53425e-37
8.28924e-38
-4.33941e-36
8.68882e-37
6.47756e-36
2.52032e-37
-3.26046e-36
-2.96156e-37
-2.29957e-36
-3.63619e-38
-1.46136e-37
-5.87091e-39
-6.52975e-39
-5.9731e-40
-8.14115e-41
-6.72835e-41
1.76167e-41
-6.17155e-42
3.07343e-42
-5.84334e-43
3.23993e-43
-4.90015e-44
3.17144e-44
-4.10311e-45
2.73576e-45
-3.16423e-46
2.29318e-46
-2.40062e-47
1.77695e-47
-1.71642e-48
1.33807e-48
-1.20043e-49
1.0322e-49
-7.55726e-51
1.55809e-50
-2.21338e-52
3.53724e-51
1.08945e-51
7.47697e-51
1.01573e-51
4.92905e-53
-3.40358e-52
-7.0948e-51
-5.18253e-52
-1.38572e-51
-1.05178e-52
-3.023e-52
-2.1684e-53
-4.1497e-53
-2.99447e-54
-5.61885e-54
-3.98115e-55
-6.16457e-55
-4.37179e-56
-6.49058e-56
-5.12677e-57
-4.42634e-57
-1.02431e-56
3.00661e-56
-1.66308e-55
5.61823e-55
-2.71665e-54
1.00107e-53
-4.28693e-53
1.73893e-52
-6.48972e-52
2.9206e-51
-9.44433e-51
4.77969e-50
-1.30726e-49
7.5239e-49
-1.72706e-48
1.15422e-47
-2.13991e-47
1.69028e-46
-2.49734e-46
2.4164e-45
-2.66107e-45
3.25988e-44
-2.58117e-44
4.31563e-43
-2.13042e-43
5.29591e-42
-1.35781e-42
6.46985e-41
-4.04201e-42
7.13608e-40
6.02764e-41
8.13305e-39
9.60161e-40
8.00265e-38
1.08548e-38
8.52197e-37
6.46027e-36
2.4282e-37
-3.34818e-36
-3.09441e-37
-3.92114e-37
-3.98108e-38
3.43889e-38
-7.09065e-39
8.65205e-39
-7.84378e-40
1.55652e-39
-9.68048e-41
1.7751e-40
-9.62173e-42
2.00071e-41
-9.829e-43
1.89758e-42
-8.82613e-44
1.77956e-43
-7.86993e-45
1.50538e-44
-6.42937e-46
1.24608e-45
-5.14231e-47
9.58983e-47
-3.85521e-48
7.18367e-48
-2.8142e-49
5.09321e-49
-1.94965e-50
3.55175e-50
-1.3002e-51
2.47367e-51
-2.54638e-53
5.50843e-52
4.86966e-53
1.1675e-53
-1.8344e-53
-3.83615e-52
-2.75377e-53
-7.55428e-53
-5.61401e-54
-1.65181e-53
-1.15896e-54
-2.27747e-54
-1.60502e-55
-3.08825e-55
-2.11131e-56
-3.39723e-56
2.24727e-57
-3.64329e-57
8.37862e-56
-1.47638e-57
1.49209e-54
-2.14313e-56
2.58106e-53
-3.91095e-55
4.31983e-52
-6.93547e-54
7.03596e-51
-1.19808e-52
1.10359e-49
-2.00105e-51
1.68344e-48
-3.25261e-50
2.45641e-47
-5.08567e-49
3.4867e-46
-7.7347e-48
4.68694e-45
-1.12304e-46
6.14215e-44
-1.58606e-45
7.5026e-43
-2.1097e-44
8.98948e-42
-2.71834e-43
9.76727e-41
-3.16289e-42
1.05484e-39
-3.35027e-41
9.75568e-39
-2.29986e-40
9.12924e-38
7.08047e-40
6.14696e-37
7.82631e-38
4.12336e-36
1.77875e-36
2.62341e-35
-5.42822e-37
1.79547e-36
6.83819e-40
-1.23213e-36
-2.40883e-38
5.64154e-37
-1.09451e-38
8.41444e-38
-1.74607e-39
1.29728e-38
-2.81561e-40
1.35424e-39
-3.29027e-41
1.46345e-40
-3.81254e-42
1.3344e-41
-3.7413e-43
1.22255e-42
-3.58739e-44
1.00967e-43
-3.09839e-45
8.22381e-45
-2.59808e-46
6.22559e-46
-2.02341e-47
4.60793e-47
-1.52692e-48
3.2251e-48
-1.08893e-49
2.19971e-49
-7.52498e-51
1.43455e-50
-4.93797e-52
9.31134e-52
-2.90578e-53
5.57078e-53
-2.87991e-54
-1.70455e-53
-1.52491e-54
-3.83573e-54
-2.95415e-55
-8.70446e-55
-6.00305e-56
-1.21288e-55
-8.22613e-57
-1.65072e-56
4.69583e-58
-1.84233e-57
2.95691e-56
-6.24353e-58
5.46558e-55
-8.37253e-57
9.76778e-54
-1.57181e-55
1.7019e-52
-2.88546e-54
2.86838e-51
-5.14054e-53
4.71023e-50
-8.92812e-52
7.44489e-49
-1.4992e-50
1.14647e-47
-2.45279e-49
1.68723e-46
-3.85954e-48
2.42233e-45
-5.91759e-47
3.28765e-44
-8.65889e-46
4.37074e-43
-1.23596e-44
5.39767e-42
-1.66122e-43
6.59449e-41
-2.17675e-42
7.25652e-40
-2.58737e-41
8.07329e-39
-2.87763e-40
7.58707e-38
-2.27446e-39
7.51811e-37
-3.03816e-39
5.21286e-36
5.14235e-37
4.11554e-35
1.38693e-35
2.47905e-34
-6.4754e-36
-8.05475e-35
-4.71527e-36
1.41956e-36
-7.01289e-37
6.81032e-37
-1.35701e-37
8.36163e-38
-1.65464e-38
1.18424e-38
-2.19657e-39
1.20253e-39
-2.31562e-40
1.28585e-40
-2.4793e-41
1.16555e-41
-2.31177e-42
1.06514e-42
-2.12865e-43
8.77408e-44
-1.78582e-44
7.13586e-45
-1.46274e-45
5.39264e-46
-1.1191e-46
3.98673e-47
-8.32387e-48
2.78663e-48
-5.86974e-49
1.89858e-49
-4.01983e-50
1.23627e-50
-2.63478e-51
7.84907e-52
-1.67665e-52
4.78414e-53
-1.03402e-53
1.80396e-54
-6.84616e-55
-4.33499e-56
-4.99621e-56
-3.61325e-56
-4.99911e-57
-5.78645e-57
-6.71504e-58
-8.26994e-58
-2.87108e-57
-9.86077e-59
-5.28843e-56
-1.25192e-58
-9.708e-55
-2.23466e-57
-1.73015e-53
-4.21049e-56
-3.00488e-52
-7.74613e-55
-5.04805e-51
-1.38297e-53
-8.25732e-50
-2.40792e-52
-1.3001e-48
-4.05326e-51
-1.99246e-47
-6.65089e-50
-2.91851e-46
-1.04953e-48
-4.16444e-45
-1.61512e-47
-5.6193e-44
-2.37241e-46
-7.4104e-43
-3.40775e-45
-9.0841e-42
-4.62861e-44
-1.09751e-40
-6.2288e-43
-1.19604e-39
-7.95454e-42
-1.30897e-38
-1.07345e-40
-1.21386e-37
-1.48523e-39
-1.17097e-36
-2.42485e-38
-7.96029e-36
-4.0023e-37
-5.95171e-35
-6.44151e-36
-7.9521e-35
-1.858e-34
1.82368e-34
-9.09938e-36
8.46574e-36
-6.30879e-36
-2.45811e-38
-1.17194e-36
-5.039e-38
-1.29499e-37
-1.0556e-38
-1.67249e-38
-1.16675e-39
-1.68252e-39
-1.2855e-40
-1.76636e-40
-1.17434e-41
-1.60282e-41
-1.07508e-42
-1.45448e-42
-8.85566e-44
-1.19861e-43
-7.19835e-45
-9.7079e-45
-5.43682e-46
-7.33296e-46
-4.01717e-47
-5.40565e-47
-2.80656e-48
-3.77514e-48
-1.9113e-49
-2.56648e-49
-1.24403e-50
-1.66942e-50
-7.88428e-52
-1.05662e-51
-4.81034e-53
-6.44174e-53
-2.9102e-54
-3.82648e-54
-1.74664e-55
-2.20275e-55
-1.14766e-56
-1.24505e-56
-8.16578e-58
-1.00791e-57
-6.77538e-59
-6.22749e-57
2.8642e-59
-1.16613e-55
6.87341e-58
-2.14357e-54
1.32998e-56
-3.82506e-53
2.50236e-55
-6.65292e-52
4.59414e-54
-1.11927e-50
8.18525e-53
-1.83401e-49
1.42174e-51
-2.8925e-48
2.38756e-50
-4.44221e-47
3.90654e-49
-6.51995e-46
6.14747e-48
-9.32801e-45
9.42586e-47
-1.26176e-43
1.379e-45
-1.6697e-42
1.96681e-44
-2.05307e-41
2.63527e-43
-2.49237e-40
3.41712e-42
-2.72682e-39
3.91559e-41
-3.00578e-38
3.8346e-40
-2.80247e-37
1.20732e-39
-2.73701e-36
-6.29192e-38
-1.87644e-35
-2.43366e-36
-1.44227e-34
-5.35856e-35
-8.70735e-34
-6.7854e-36
9.87294e-35
-4.35107e-36
8.87082e-36
-6.55949e-37
-5.09229e-38
-1.28438e-37
-5.778e-38
-1.58109e-38
-1.19008e-38
-2.11486e-39
-1.31971e-39
-2.24159e-40
-1.4568e-40
-2.41035e-41
-1.33598e-41
-2.25484e-42
-1.22593e-42
-2.0818e-43
-1.01273e-43
-1.7503e-44
-8.24779e-45
-1.43626e-45
-6.24269e-46
-1.10053e-46
-4.61975e-47
-8.19653e-48
-3.23284e-48
-5.78653e-49
-2.20441e-49
-3.96682e-50
-1.4367e-50
-2.60248e-51
-9.11571e-52
-1.65866e-52
-5.56735e-53
-1.01828e-53
-3.31367e-54
-6.08083e-55
-1.90995e-55
-3.51532e-56
-1.0791e-56
-1.97716e-57
-5.96688e-58
-2.37795e-60
-3.21517e-59
2.05556e-57
1.45414e-59
3.88416e-56
3.2393e-58
7.14085e-55
6.26585e-57
1.27441e-53
1.17911e-55
2.21699e-52
2.16514e-54
3.73056e-51
3.85821e-53
6.11436e-50
6.70276e-52
9.64598e-49
1.1258e-50
1.48193e-47
1.84239e-49
2.17593e-46
2.8997e-48
3.11466e-45
4.44674e-47
4.21538e-44
6.50521e-46
5.58225e-43
9.27292e-45
6.86931e-42
1.23914e-43
8.34759e-41
1.59211e-42
9.14312e-40
1.76332e-41
1.00931e-38
1.50156e-40
9.42567e-38
-4.24726e-40
9.2233e-37
-5.75648e-38
6.33675e-36
-1.81187e-36
4.88045e-35
-3.8198e-35
-6.05289e-34
-8.75583e-37
1.07133e-35
3.92254e-37
5.59364e-36
2.54681e-38
3.16547e-37
-2.95867e-39
9.50337e-39
-9.30967e-40
-8.00399e-40
-1.90663e-40
-1.51441e-40
-2.463e-41
-1.93048e-41
-3.03994e-42
-1.88694e-42
-3.10153e-43
-1.78447e-43
-3.05986e-44
-1.51206e-44
-2.69755e-45
-1.25167e-45
-2.29887e-46
-9.62962e-47
-1.81319e-47
-7.2108e-48
-1.38265e-48
-5.1063e-49
-9.94562e-50
-3.51386e-50
-6.92399e-51
-2.31099e-51
-4.59967e-52
-1.47704e-52
-2.96196e-53
-9.08568e-54
-1.83372e-54
-5.43711e-55
-1.10241e-55
-3.14782e-56
-6.40464e-57
-1.77757e-57
-3.46119e-58
-9.77379e-59
2.98384e-58
-6.91091e-60
6.1598e-57
-3.36403e-59
1.16085e-55
-6.60537e-58
2.13415e-54
-1.27743e-56
3.80877e-53
-2.40423e-55
6.6257e-52
-4.41558e-54
1.1149e-50
-7.87003e-53
1.82725e-49
-1.36759e-51
2.88254e-48
-2.29763e-50
4.42827e-47
-3.76142e-49
6.50162e-46
-5.92238e-48
9.30572e-45
-9.08767e-47
1.2593e-43
-1.33088e-45
1.66743e-42
-1.90233e-44
2.05155e-41
-2.56291e-43
2.49261e-40
-3.37866e-42
2.72949e-39
-4.08496e-41
3.0124e-38
-4.77998e-40
2.81224e-37
-4.58006e-39
2.75141e-36
-3.42546e-38
1.88965e-35
1.02249e-37
1.45607e-34
8.17212e-36
1.88765e-34
-7.58758e-38
9.98223e-35
6.68659e-38
5.20044e-36
8.18844e-39
3.52724e-37
6.14787e-40
1.81699e-38
2.23012e-42
7.12247e-40
-9.32462e-42
1.7147e-41
-1.66618e-42
-7.1711e-43
-2.41107e-43
-1.53698e-43
-2.68738e-44
-1.8276e-44
-2.81268e-45
-1.72658e-45
-2.58813e-46
-1.53747e-46
-2.27637e-47
-1.24637e-47
-1.84191e-48
-9.72946e-49
-1.43272e-49
-7.12078e-50
-1.04821e-50
-5.03557e-51
-7.39781e-52
-3.38689e-52
-4.97381e-53
-2.20591e-53
-3.23477e-54
-1.37856e-54
-2.02042e-55
-8.35997e-56
-1.22367e-56
-4.89362e-57
-7.15986e-58
-2.78608e-58
-4.63544e-59
-1.54121e-59
-1.14628e-58
-1.41593e-60
-2.17559e-57
-1.19615e-59
-4.09903e-56
-2.35965e-58
-7.53585e-55
-4.56337e-57
-1.34493e-53
-8.58858e-56
-2.3397e-52
-1.57735e-54
-3.93719e-51
-2.81134e-53
-6.45333e-50
-4.88528e-52
-1.01814e-48
-8.20756e-51
-1.56432e-47
-1.34365e-49
-2.29714e-46
-2.11564e-48
-3.2886e-45
-3.24662e-47
-4.45153e-44
-4.75597e-46
-5.89622e-43
-6.80463e-45
-7.25759e-42
-9.19816e-44
-8.82231e-41
-1.2256e-42
-9.66715e-40
-1.53358e-41
-1.06769e-38
-1.97459e-40
-9.97764e-38
-2.48886e-39
-9.77046e-37
-3.59531e-38
-6.71919e-36
-5.22789e-37
-5.17885e-35
-7.84122e-36
-9.15857e-35
-2.2576e-37
1.1003e-35
2.61987e-37
3.61214e-36
3.01061e-38
2.70819e-37
4.63821e-39
1.57752e-38
4.44864e-40
8.89227e-40
4.74513e-41
5.05052e-41
4.08971e-42
3.50133e-42
3.64634e-43
2.54195e-43
2.86374e-44
2.00403e-44
2.24841e-45
1.49758e-45
1.61854e-46
1.11691e-46
1.14641e-47
7.84438e-48
7.6084e-49
5.40211e-49
4.93206e-50
3.54151e-50
3.03417e-51
2.26703e-51
1.81698e-52
1.39341e-52
1.04067e-53
8.3538e-54
5.79214e-55
4.83725e-55
3.09782e-56
2.73235e-56
1.60816e-57
1.49683e-57
7.9633e-59
8.0038e-59
-1.21067e-59
4.245e-60
-3.17077e-58
1.92671e-60
-6.14284e-57
3.48319e-59
-1.15772e-55
6.89411e-58
-2.12894e-54
1.33323e-56
-3.80041e-53
2.50913e-55
-6.61302e-52
4.60791e-54
-1.11307e-50
8.21219e-53
-1.82483e-49
1.4269e-51
-2.87959e-48
2.39702e-50
-4.42539e-47
3.92358e-49
-6.49957e-46
6.17663e-48
-9.30692e-45
9.47509e-47
-1.25995e-43
1.38681e-45
-1.66922e-42
1.97913e-44
-2.05465e-41
2.6531e-43
-2.49822e-40
3.44258e-42
-2.73704e-39
3.94585e-41
-3.02404e-38
3.86275e-40
-2.82489e-37
1.1916e-39
-2.76919e-36
-6.44928e-38
-1.90381e-35
-2.48934e-36
-1.47401e-34
-5.49496e-35
-8.9735e-34
6.67778e-37
1.24739e-35
-7.85917e-37
8.40586e-36
-9.75314e-38
5.71095e-37
-1.56419e-38
3.0092e-38
-1.58664e-39
1.37389e-39
-1.7709e-40
6.17424e-41
-1.61234e-41
3.6497e-42
-1.51189e-42
2.77583e-43
-1.25681e-43
2.54814e-44
-1.04237e-44
2.23388e-45
-7.96631e-46
1.9328e-46
-5.98746e-47
1.54456e-47
-4.23561e-48
1.1945e-48
-2.92851e-49
8.68191e-50
-1.93012e-50
6.10579e-51
-1.24041e-51
4.08817e-52
-7.66103e-53
2.65258e-53
-4.61149e-54
1.65236e-54
-2.68241e-55
9.99195e-56
-1.52129e-56
5.83387e-57
-8.36458e-58
3.31223e-58
-3.39425e-59
1.82548e-59
2.15567e-58
1.48239e-60
4.21928e-57
1.02967e-59
7.95224e-56
2.02706e-58
1.46234e-54
3.91696e-57
2.61041e-53
7.36587e-56
4.54215e-52
1.35154e-54
7.64468e-51
2.40662e-53
1.25322e-49
4.17753e-52
1.97738e-48
7.01096e-51
3.03845e-47
1.14629e-49
4.46181e-46
1.80254e-48
6.38763e-45
2.76129e-47
8.64509e-44
4.03565e-46
1.14496e-42
5.74577e-45
1.40876e-41
7.67209e-44
1.71208e-40
9.85262e-43
1.87457e-39
1.09466e-41
2.06974e-38
9.48828e-41
1.93162e-37
-1.78321e-40
1.89211e-36
-3.28836e-38
1.2993e-35
-1.04583e-36
1.00604e-34
-2.19466e-35
-3.43688e-34
8.16944e-37
2.98058e-34
-9.84879e-37
1.43764e-35
-1.20392e-37
9.86947e-37
-1.98801e-38
5.53658e-38
-2.05947e-39
3.20408e-39
-2.38245e-40
2.11502e-40
-2.23792e-41
1.87383e-41
-2.17434e-42
1.69549e-42
-1.86757e-43
1.60434e-43
-1.60175e-44
1.3868e-44
-1.26356e-45
1.17322e-45
-9.7996e-47
9.20014e-47
-7.14352e-48
7.00371e-48
-5.08582e-49
5.02933e-49
-3.44774e-50
3.50289e-50
-2.27715e-51
2.32789e-51
-1.44404e-52
1.50152e-52
-8.91748e-54
9.31089e-54
-5.31712e-55
5.61079e-55
-3.08873e-56
3.26748e-56
-1.73876e-57
1.85177e-57
-8.31825e-59
1.01748e-58
2.39112e-58
4.33377e-60
4.72527e-57
-2.24504e-59
8.90041e-56
-4.49894e-58
1.63554e-54
-8.6963e-57
2.91752e-53
-1.63587e-55
5.07249e-52
-3.0026e-54
8.53061e-51
-5.34862e-53
1.39718e-49
-9.28803e-52
2.2026e-48
-1.5595e-50
3.38089e-47
-2.55103e-49
4.95974e-46
-4.01391e-48
7.0912e-45
-6.15336e-47
9.58631e-44
-9.00403e-46
1.2675e-42
-1.28514e-44
1.55742e-41
-1.72792e-43
1.88849e-40
-2.26586e-42
2.06432e-39
-2.70164e-41
2.27155e-38
-3.03109e-40
2.11542e-37
-2.48589e-39
2.05956e-36
-6.31104e-39
1.40928e-35
4.66438e-37
1.07509e-34
1.32804e-35
2.45079e-34
-1.67942e-36
5.05862e-36
1.24168e-36
5.70986e-36
1.28057e-37
1.09102e-36
1.24571e-38
1.16992e-37
5.39281e-40
1.54027e-38
-4.00972e-41
1.543e-39
-1.20652e-41
1.64548e-40
-1.97942e-42
1.49716e-41
-2.31309e-43
1.37304e-42
-2.48601e-44
1.13572e-43
-2.31821e-45
9.26603e-45
-2.05883e-46
7.02468e-46
-1.67453e-47
5.2063e-47
-1.30835e-48
3.648e-48
-9.59545e-50
2.49044e-49
-6.78831e-51
1.62479e-50
-4.5702e-52
1.03189e-51
-2.97672e-53
6.30746e-53
-1.86095e-54
3.75422e-54
-1.12827e-55
2.1613e-55
-6.60386e-57
1.21259e-56
-3.7972e-58
6.60355e-58
-1.02057e-58
3.437e-59
-1.57808e-57
-1.26688e-59
-2.97576e-56
-2.85536e-58
-5.4796e-55
-5.49954e-57
-9.79544e-54
-1.03084e-55
-1.70715e-52
-1.88419e-54
-2.87797e-51
-3.34404e-53
-4.72697e-50
-5.78044e-52
-7.47299e-49
-9.66885e-51
-1.15098e-47
-1.57351e-49
-1.69415e-46
-2.46626e-48
-2.43253e-45
-3.75846e-47
-3.30176e-44
-5.47883e-46
-4.38979e-43
-7.76774e-45
-5.42089e-42
-1.04215e-43
-6.62339e-41
-1.36185e-42
-7.28619e-40
-1.64904e-41
-8.10979e-39
-1.93857e-40
-7.6174e-38
-1.98106e-39
-7.56675e-37
-1.85379e-38
-5.24888e-36
-1.03246e-37
-4.19255e-35
5.15214e-40
1.40734e-35
-9.5197e-36
-9.90694e-35
-2.97619e-36
-6.26288e-36
-5.01417e-37
2.78162e-37
-1.07206e-37
7.19728e-38
-1.40793e-38
1.28743e-38
-1.97626e-39
1.38005e-39
-2.16472e-40
1.50253e-40
-2.387e-41
1.36715e-41
-2.27514e-42
1.24908e-42
-2.1323e-43
1.02777e-43
-1.81424e-44
8.34718e-45
-1.50358e-45
6.30037e-46
-1.16163e-46
4.65248e-47
-8.71281e-48
3.24879e-48
-6.18817e-49
2.21145e-49
-4.26453e-50
1.43882e-50
-2.81068e-51
9.1161e-52
-1.79868e-52
5.55974e-53
-1.10823e-53
3.3026e-54
-6.63787e-55
1.89773e-55
-3.84598e-56
1.06291e-56
-2.17119e-57
5.7794e-58
-1.57271e-58
3.05549e-59
-7.45018e-58
-5.3996e-61
-1.37983e-56
-4.12728e-59
-2.51195e-55
-7.84669e-58
-4.44208e-54
-1.45165e-56
-7.6446e-53
-2.61086e-55
-1.2739e-51
-4.57097e-54
-2.06276e-50
-7.75861e-53
-3.22056e-49
-1.27967e-51
-4.87914e-48
-2.03902e-50
-7.08484e-47
-3.15101e-49
-9.9735e-46
-4.68255e-48
-1.33383e-44
-6.73718e-47
-1.7299e-43
-9.27391e-46
-2.10189e-42
-1.23926e-44
-2.48452e-41
-1.59414e-43
-2.6854e-40
-2.07647e-42
-2.84761e-39
-2.85472e-41
-2.62389e-38
-4.63193e-40
-2.39743e-37
-8.592e-39
-1.62707e-36
-1.64856e-37
-1.06385e-35
-2.76664e-36
-3.56109e-35
-2.14935e-34
-1.07621e-34
-8.80402e-36
-8.36423e-36
-7.04449e-36
-1.18304e-36
-1.31387e-36
-1.13186e-37
-1.45487e-37
-1.38409e-38
-1.885e-38
-1.34851e-39
-1.90002e-39
-1.42404e-40
-1.99867e-40
-1.28928e-41
-1.81619e-41
-1.18083e-42
-1.65028e-42
-9.75179e-44
-1.36136e-43
-7.95192e-45
-1.10365e-44
-6.02265e-46
-8.34303e-46
-4.46162e-47
-6.15459e-47
-3.124e-48
-4.30078e-48
-2.13182e-49
-2.92544e-49
-1.39003e-50
-1.90383e-50
-8.82456e-52
-1.20553e-51
-5.3915e-53
-7.35217e-53
-3.2079e-54
-4.36513e-54
-1.84604e-55
-2.50784e-55
-1.03537e-56
-1.40483e-56
-5.63641e-58
-9.31341e-58
-2.93101e-59
-3.27564e-57
1.11673e-59
-6.06224e-56
2.50847e-58
-1.10717e-54
4.83491e-57
-1.96486e-53
9.0693e-56
-3.39381e-52
1.65906e-54
-5.67856e-51
2.94688e-53
-9.23382e-50
5.09868e-52
-1.44857e-48
8.53623e-51
-2.20551e-47
1.39069e-49
-3.22101e-46
2.18189e-48
-4.5618e-45
3.32898e-47
-6.14429e-44
4.85623e-46
-8.0305e-43
6.88413e-45
-9.84648e-42
9.19233e-44
-1.17624e-40
1.17928e-42
-1.28707e-39
1.3327e-41
-1.38761e-38
1.22823e-40
-1.30338e-37
1.37379e-40
-1.23314e-36
-2.95529e-38
-8.75157e-36
-1.01757e-36
-6.41427e-35
-2.1916e-35
-3.50155e-34
-7.22392e-36
-6.65515e-36
-5.67291e-36
-3.84713e-36
-8.34478e-37
-9.84664e-37
-1.60325e-37
-1.12736e-37
-1.94329e-38
-1.53888e-38
-2.56926e-39
-1.55641e-39
-2.70027e-40
-1.66402e-40
-2.88484e-41
-1.51394e-41
-2.6853e-42
-1.38733e-42
-2.46937e-43
-1.14661e-43
-2.06946e-44
-9.3474e-45
-1.69361e-45
-7.08163e-46
-1.29481e-46
-5.24533e-47
-9.62498e-48
-3.67346e-48
-6.78373e-49
-2.50666e-49
-4.64373e-50
-1.6347e-50
-3.04271e-51
-1.0378e-51
-1.93707e-52
-6.34153e-53
-1.18799e-53
-3.77338e-54
-7.08615e-55
-2.17175e-55
-4.0904e-56
-1.21815e-56
-2.29956e-57
-6.63237e-58
-1.30723e-58
-3.46178e-59
-1.04042e-58
1.05975e-59
-1.76958e-57
2.44886e-58
-3.11632e-56
4.71794e-57
-5.34682e-55
8.8459e-56
-8.854e-54
1.61732e-54
-1.42719e-52
2.8714e-53
-2.20654e-51
4.96511e-52
-3.32118e-50
8.30869e-51
-4.74953e-49
1.35271e-49
-6.62538e-48
2.12129e-48
-8.64662e-47
3.234e-47
-1.10751e-45
4.71539e-46
-1.29138e-44
6.67801e-45
-1.50164e-43
8.91177e-44
-1.50579e-42
1.14137e-42
-1.57052e-41
1.28688e-41
-1.24517e-40
1.17429e-40
-1.16945e-39
9.03818e-41
-5.72171e-39
-2.97847e-38
-5.99828e-38
-1.01183e-36
-6.96679e-38
-2.17314e-35
-3.46551e-34
-1.16152e-38
-2.98965e-36
-7.1738e-37
-4.64532e-37
-1.14952e-37
-1.22723e-37
-2.64051e-38
-1.55573e-38
-3.38822e-39
-2.18793e-39
-4.75924e-40
-2.31643e-40
-5.14969e-41
-2.52248e-41
-5.64944e-42
-2.3534e-42
-5.34042e-43
-2.18425e-43
-4.97604e-44
-1.8342e-44
-4.20517e-45
-1.50947e-45
-3.46474e-46
-1.15619e-46
-2.66035e-47
-8.62636e-48
-1.9839e-48
-6.08993e-49
-1.40081e-49
-4.17955e-50
-9.59881e-51
-2.74237e-51
-6.2905e-52
-1.74913e-52
-4.00301e-53
-1.07396e-53
-2.45262e-54
-6.41483e-55
-1.46087e-55
-3.70634e-56
-8.41717e-57
-2.08558e-57
-4.65935e-58
-1.13927e-58
9.7475e-59
-6.24651e-60
2.38361e-57
-3.95792e-60
4.49447e-56
-7.23684e-59
8.26407e-55
-1.40391e-57
1.47502e-53
-2.65046e-56
2.56622e-52
-4.88502e-55
4.31832e-51
-8.7346e-54
7.07797e-50
-1.52365e-52
1.11653e-48
-2.56832e-51
1.71527e-47
-4.22244e-50
2.518e-46
-6.67131e-49
3.60367e-45
-1.02872e-47
4.87517e-44
-1.51245e-46
6.45371e-43
-2.17677e-45
7.93594e-42
-2.95624e-44
9.63775e-41
-3.97844e-43
1.05435e-39
-5.04457e-42
1.16269e-38
-6.70417e-41
1.08371e-37
-8.92327e-40
1.05878e-36
-1.39e-38
7.2533e-36
-2.17586e-37
5.57619e-35
-3.3918e-36
-4.03144e-35
2.59128e-38
-4.70153e-37
-5.98618e-38
-7.1043e-38
-1.06214e-38
-2.00968e-38
-2.60247e-39
-2.60223e-39
-3.52128e-40
-3.82219e-40
-5.08053e-41
-4.14206e-41
-5.65346e-42
-4.61847e-42
-6.29701e-43
-4.37234e-43
-6.05235e-44
-4.10917e-44
-5.6956e-45
-3.47965e-45
-4.86543e-46
-2.88276e-46
-4.03678e-47
-2.21826e-47
-3.12263e-48
-1.66065e-48
-2.34052e-49
-1.17498e-49
-1.66137e-50
-8.07493e-51
-1.14276e-51
-5.30175e-52
-7.51784e-53
-3.38165e-53
-4.79772e-54
-2.0754e-54
-2.94786e-55
-1.23854e-55
-1.75961e-56
-7.14713e-57
-1.01593e-57
-4.01537e-58
-5.60463e-59
-2.19056e-59
1.72569e-59
-1.43219e-60
3.92445e-58
-5.51026e-60
7.36513e-57
-1.07864e-58
1.3473e-55
-2.08501e-57
2.39234e-54
-3.9222e-56
4.13732e-53
-7.19943e-55
6.9208e-52
-1.28241e-53
1.12629e-50
-2.22696e-52
1.76434e-49
-3.73875e-51
2.68686e-48
-6.11561e-50
3.91156e-47
-9.62069e-49
5.53634e-46
-1.47476e-47
7.41369e-45
-2.15764e-46
9.6709e-44
-3.08105e-45
1.17398e-42
-4.15065e-44
1.39647e-41
-5.48552e-43
1.50204e-40
-6.71674e-42
1.60411e-39
-8.18263e-41
1.45968e-38
-8.98953e-40
1.34529e-37
-1.01906e-38
8.85036e-37
-9.9489e-38
5.86789e-36
-1.05058e-36
-7.88105e-36
5.06151e-39
-3.40662e-38
-6.60142e-39
-5.74249e-39
-1.18328e-39
-1.78088e-39
-3.04372e-40
-2.46487e-40
-4.1862e-41
-3.77934e-41
-6.16477e-42
-4.25817e-42
-6.94018e-43
-4.86799e-43
-7.81394e-44
-4.71953e-44
-7.56467e-45
-4.50678e-45
-7.16047e-46
-3.87597e-46
-6.14201e-47
-3.24641e-47
-5.11108e-48
-2.52485e-48
-3.96164e-49
-1.90508e-49
-2.9728e-50
-1.35822e-50
-2.11138e-51
-9.38852e-52
-1.45218e-52
-6.19861e-53
-9.54896e-54
-3.97091e-54
-6.08817e-55
-2.4471e-55
-3.73615e-56
-1.46514e-56
-2.22661e-57
-8.48065e-58
-1.28321e-58
-4.77622e-59
-6.99179e-60
-2.61259e-60
3.62031e-60
-1.93599e-61
7.741e-59
-1.11253e-60
1.45403e-57
-2.1809e-59
2.66142e-56
-4.2008e-58
4.72633e-55
-7.87322e-57
8.17008e-54
-1.4389e-55
1.36518e-52
-2.55157e-54
2.21758e-51
-4.40694e-53
3.46423e-50
-7.35776e-52
5.2554e-49
-1.19529e-50
7.61075e-48
-1.86736e-49
1.06996e-46
-2.83708e-48
1.41981e-45
-4.11415e-47
1.83128e-44
-5.80519e-46
2.18878e-43
-7.72931e-45
2.55499e-42
-1.00437e-43
2.67436e-41
-1.20907e-42
2.76709e-40
-1.43293e-41
2.39737e-39
-1.52525e-40
2.10369e-38
-1.63343e-39
1.2731e-37
-1.4782e-38
8.08716e-37
-1.3925e-37
-9.08463e-37
1.39163e-39
7.73507e-38
-1.58522e-39
1.10913e-38
-2.6712e-40
1.74503e-39
-5.86892e-41
1.7308e-40
-7.52764e-42
1.83903e-41
-1.0257e-42
1.60348e-42
-1.10244e-43
1.4239e-43
-1.18566e-44
1.11861e-44
-1.11189e-45
8.66755e-46
-1.02075e-46
6.15301e-47
-8.55376e-48
4.24503e-48
-6.96139e-49
2.73338e-49
-5.29935e-50
1.69686e-50
-3.90895e-51
9.91508e-52
-2.73619e-52
5.54462e-53
-1.85606e-53
2.91709e-54
-1.20579e-54
1.44957e-55
-7.5996e-56
6.66768e-57
-4.61564e-57
2.78512e-58
-2.72367e-58
9.90668e-60
-1.55563e-59
2.43464e-61
-8.63704e-61
-4.4905e-63
-2.87262e-62
-4.9598e-62
3.45784e-61
-9.8582e-61
6.56704e-60
-1.94413e-59
1.20465e-58
-3.7436e-58
2.1396e-57
-7.01467e-57
3.6894e-56
-1.28179e-55
6.13334e-55
-2.2729e-54
9.87779e-54
-3.92593e-53
1.52437e-52
-6.55621e-52
2.27365e-51
-1.06548e-50
3.22008e-50
-1.66558e-49
4.39674e-49
-2.53256e-48
5.61805e-48
-3.6768e-47
6.90387e-47
-5.19544e-46
7.74012e-46
-6.93124e-45
8.32667e-45
-9.02808e-44
7.7692e-44
-1.09054e-42
6.94039e-43
-1.29775e-41
4.7505e-42
-1.39019e-40
3.10883e-41
-1.50019e-39
9.79079e-41
-1.37512e-38
3.34234e-40
-1.31149e-37
-8.73521e-37
1.05543e-38
9.16099e-37
-1.21422e-38
1.18875e-37
-1.81382e-39
1.70886e-38
-3.34051e-40
1.58338e-39
-3.76734e-41
1.66741e-40
-4.52115e-42
1.45746e-41
-4.3712e-43
1.34778e-42
-4.26389e-44
1.10403e-43
-3.6674e-45
9.10512e-45
-3.10986e-46
6.89327e-46
-2.42359e-47
5.14978e-47
-1.84436e-48
3.61165e-48
-1.31901e-49
2.47968e-49
-9.1788e-51
1.62043e-50
-6.08248e-52
1.03349e-51
-3.91894e-53
6.32913e-53
-2.42475e-54
3.77965e-54
-1.45934e-55
2.18007e-55
-8.4825e-57
1.22644e-56
-4.80077e-58
6.69145e-58
-2.6356e-59
3.56319e-59
-1.60421e-60
1.83462e-60
-3.92426e-60
-1.38609e-61
-7.43441e-59
-4.70627e-60
-1.39633e-57
-9.32916e-59
-2.5566e-56
-1.80478e-57
-4.54188e-55
-3.39797e-56
-7.855e-54
-6.24362e-55
-1.31325e-52
-1.11341e-53
-2.1347e-51
-1.9361e-52
-3.33735e-50
-3.25521e-51
-5.06786e-49
-5.33419e-50
-7.34712e-48
-8.4075e-49
-1.03432e-46
-1.29186e-47
-1.37459e-45
-1.89482e-46
-1.77641e-44
-2.71446e-45
-2.12779e-43
-3.66925e-44
-2.49084e-42
-4.87134e-43
-2.6155e-41
-5.9941e-42
-2.71768e-40
-7.3549e-41
-2.36595e-39
-8.15073e-40
-2.08914e-38
-9.36716e-39
-1.27314e-37
-9.31032e-38
-8.15025e-37
-1.00542e-36
-7.73231e-36
7.54225e-38
5.20522e-36
-9.05895e-38
6.97605e-37
-1.31282e-38
6.28131e-38
-2.18364e-39
4.20088e-39
-2.34252e-40
2.93886e-40
-2.65988e-41
2.01126e-41
-2.48508e-42
1.61101e-42
-2.35027e-43
1.24274e-43
-1.97833e-44
1.00067e-44
-1.64683e-45
7.49409e-46
-1.26557e-46
5.57278e-47
-9.51782e-48
3.89397e-48
-6.7431e-49
2.66776e-49
-4.65559e-50
1.73933e-50
-3.06533e-51
1.10758e-51
-1.96445e-52
6.77138e-53
-1.21012e-53
4.03878e-54
-7.25687e-55
2.32653e-55
-4.20565e-56
1.30755e-56
-2.37463e-57
7.12688e-58
-1.30117e-58
3.7922e-59
-7.82439e-60
1.97264e-60
-1.76326e-59
3.01853e-61
-3.32729e-58
4.10223e-60
-6.23884e-57
8.08115e-59
-1.14096e-55
1.5561e-57
-2.0258e-54
2.9158e-56
-3.50382e-53
5.32805e-55
-5.86336e-52
9.44775e-54
-9.54807e-51
1.63187e-52
-1.49725e-49
2.72515e-51
-2.2832e-48
4.42864e-50
-3.33031e-47
6.9227e-49
-4.72488e-46
1.05251e-47
-6.34777e-45
1.52759e-46
-8.31276e-44
2.15636e-45
-1.01454e-42
2.86681e-44
-1.21434e-41
3.69218e-43
-1.31774e-40
4.29654e-42
-1.42098e-39
4.56095e-41
-1.31171e-38
3.1771e-40
-1.22509e-37
-7.90113e-40
-8.2286e-37
-1.02029e-37
-5.51063e-36
-2.33579e-36
-3.45384e-35
7.41604e-37
5.43654e-36
-8.7068e-37
6.01748e-36
-1.07126e-37
3.87161e-37
-1.70675e-38
1.86913e-38
-1.71725e-39
5.95566e-40
-1.90087e-40
4.58715e-42
-1.71502e-41
-1.60062e-42
-1.59347e-42
-1.87143e-43
-1.31198e-43
-1.70959e-44
-1.07779e-44
-1.33323e-45
-8.15688e-46
-1.00571e-46
-6.0718e-47
-7.07625e-48
-4.25348e-48
-4.86586e-49
-2.91269e-49
-3.18282e-50
-1.90119e-50
-2.03167e-51
-1.21023e-51
-1.24515e-52
-7.40371e-53
-7.44142e-54
-4.41497e-54
-4.29526e-55
-2.54418e-55
-2.4181e-56
-1.42966e-56
-1.32024e-57
-7.79674e-58
-7.03491e-59
-4.68724e-59
-3.5782e-60
-1.09382e-58
1.23879e-60
-2.07826e-57
2.88781e-59
-3.92022e-56
5.71736e-58
-7.2166e-55
1.10527e-56
-1.28966e-53
2.07935e-55
-2.24702e-52
3.8171e-54
-3.78707e-51
6.80006e-53
-6.21871e-50
1.18099e-51
-9.82899e-49
1.98301e-50
-1.51358e-47
3.24412e-49
-2.22743e-46
5.1044e-48
-3.19781e-45
7.8256e-47
-4.34002e-44
1.14498e-45
-5.7696e-43
1.63414e-44
-7.12495e-42
2.19614e-43
-8.70431e-41
2.87723e-42
-9.57773e-40
3.41953e-41
-1.0655e-38
3.80265e-40
-1.00127e-37
3.00604e-39
-9.92054e-37
4.04687e-39
-6.87806e-36
-6.78239e-37
-5.42903e-35
-1.82958e-35
-3.26984e-34
3.15472e-37
2.32116e-34
-3.68719e-37
8.26961e-36
-4.40528e-38
5.21351e-37
-6.97349e-39
2.46357e-38
-6.92853e-40
7.27145e-40
-7.63731e-41
-5.13593e-43
-6.84153e-42
-2.76643e-42
-6.33579e-43
-3.01064e-43
-5.19181e-44
-2.70216e-44
-4.25352e-45
-2.0948e-45
-3.20804e-46
-1.57657e-46
-2.38256e-47
-1.10764e-47
-1.66462e-48
-7.6097e-49
-1.13768e-49
-4.97313e-50
-7.41003e-51
-3.17232e-51
-4.70904e-52
-1.94284e-52
-2.87564e-53
-1.16044e-53
-1.71226e-54
-6.69422e-55
-9.85201e-56
-3.76676e-56
-5.52886e-57
-2.05555e-57
-3.0054e-58
-1.09485e-58
-6.36553e-60
-5.65247e-60
1.89835e-58
1.35893e-61
3.68635e-57
8.5805e-60
6.93755e-56
1.70303e-58
1.27366e-54
3.29653e-57
2.26987e-53
6.20991e-56
3.94215e-52
1.14166e-54
6.62243e-51
2.03688e-53
1.08322e-49
3.54367e-52
1.70546e-48
5.9605e-51
2.61357e-47
9.77152e-50
3.82813e-46
1.54064e-48
5.46206e-45
2.3683e-47
7.36978e-44
3.47515e-46
9.71804e-43
4.98441e-45
1.19119e-41
6.75911e-44
1.439e-40
9.06717e-43
1.56799e-39
1.15127e-41
1.71576e-38
1.53391e-40
1.59083e-37
2.07356e-39
1.53426e-36
3.29033e-38
1.04276e-35
5.28707e-37
7.79397e-35
8.38057e-36
1.02087e-34
-1.07213e-36
-1.11345e-34
1.25697e-36
5.73935e-37
1.53508e-37
5.10217e-38
2.4434e-38
3.32913e-39
2.45163e-39
2.19476e-40
2.71224e-40
1.42409e-41
2.44356e-41
1.09502e-42
2.26923e-42
8.28992e-44
1.8666e-43
6.62356e-45
1.53269e-44
4.94556e-46
1.15917e-45
3.67346e-47
8.62493e-47
2.56505e-48
6.03874e-48
1.75665e-49
4.13358e-49
1.14486e-50
2.69688e-50
7.28834e-52
1.71613e-51
4.45448e-53
1.04945e-52
2.65623e-54
6.25599e-54
1.52972e-55
3.60383e-55
8.59545e-57
2.0245e-56
4.68397e-58
1.1044e-57
2.49137e-59
8.01003e-59
1.1932e-60
4.27433e-58
-1.93445e-60
8.21461e-57
-4.05784e-59
1.5476e-55
-8.03209e-58
2.84472e-54
-1.55277e-56
5.076e-53
-2.92127e-55
8.8282e-52
-5.36262e-54
1.48515e-50
-9.55329e-53
2.43333e-49
-1.65912e-51
3.8374e-48
-2.78575e-50
5.89272e-47
-4.55716e-49
8.64791e-46
-7.1698e-48
1.23706e-44
-1.09903e-46
1.67305e-43
-1.60734e-45
2.21351e-42
-2.29118e-44
2.72112e-41
-3.06642e-43
3.30235e-40
-3.96411e-42
3.6118e-39
-4.49874e-41
3.9795e-38
-4.24884e-40
3.7085e-37
-7.2158e-40
3.61946e-36
9.23474e-38
2.47971e-35
3.28767e-36
1.90418e-34
7.12872e-35
1.14931e-33
-4.22263e-37
1.47555e-36
4.97313e-37
-2.48154e-36
6.26654e-38
-1.42601e-37
1.00508e-38
-5.71468e-39
1.02202e-39
-1.69719e-41
1.13617e-40
1.84212e-41
1.03138e-41
2.54452e-42
9.61305e-43
2.31162e-43
7.94679e-44
1.97305e-44
6.54417e-45
1.5078e-45
4.96696e-46
1.12968e-46
3.70445e-47
7.92566e-48
2.60068e-48
5.4423e-49
1.7837e-49
3.55585e-50
1.16623e-50
2.26794e-51
7.43359e-52
1.38882e-52
4.55376e-53
8.29468e-54
2.71851e-54
4.78464e-55
1.56834e-55
2.69214e-56
8.82144e-57
1.46907e-57
4.81079e-58
7.82438e-59
1.95468e-59
3.9932e-60
-1.19359e-58
-1.05893e-60
-2.33784e-57
-2.56321e-59
-4.40832e-56
-5.07275e-58
-8.1108e-55
-9.80146e-57
-1.44863e-53
-1.84298e-55
-2.52221e-52
-3.38116e-54
-4.24765e-51
-6.01978e-53
-6.96848e-50
-1.04474e-51
-1.10031e-48
-1.75298e-50
-1.69226e-47
-2.86535e-49
-2.48714e-46
-4.5045e-48
-3.56466e-45
-6.8979e-47
-4.82947e-44
-1.00779e-45
-6.40555e-43
-1.43428e-44
-7.89154e-42
-1.91492e-43
-9.60987e-41
-2.46079e-42
-1.05392e-39
-2.74505e-41
-1.16707e-38
-2.42444e-40
-1.09158e-37
2.53034e-40
-1.07447e-36
7.67422e-38
-7.40266e-36
2.48942e-36
-5.79037e-35
5.26395e-35
8.31218e-34
3.14906e-37
-1.95358e-36
-3.68311e-37
-2.64165e-37
-4.37019e-38
-1.9193e-38
-6.8728e-39
-9.67844e-40
-6.78789e-40
-2.76177e-41
-7.44725e-41
3.77834e-43
-6.64203e-42
1.60061e-43
-6.13112e-43
1.7017e-44
-5.00861e-44
1.53002e-45
-4.09409e-45
1.20323e-46
-3.08104e-46
9.14786e-48
-2.28447e-47
6.50732e-49
-1.59356e-48
4.50981e-50
-1.08779e-49
2.97552e-51
-7.07684e-51
1.91158e-52
-4.49322e-52
1.17946e-53
-2.7415e-53
7.08594e-55
-1.63128e-54
4.112e-56
-9.38014e-56
2.32498e-57
-5.26147e-57
1.2749e-58
-2.87076e-58
6.82008e-60
-3.05162e-59
3.84784e-61
-3.04028e-58
6.5499e-61
-5.86757e-57
1.29739e-59
-1.10508e-55
2.57411e-58
-2.03059e-54
4.98998e-57
-3.62205e-53
9.41461e-56
-6.29703e-52
1.73369e-54
-1.05893e-50
3.09857e-53
-1.73424e-49
5.40091e-52
-2.73377e-48
9.10285e-51
-4.19585e-47
1.49556e-49
-6.15476e-46
2.36366e-48
-8.79884e-45
3.64279e-47
-1.18935e-43
5.36044e-46
-1.57235e-42
7.71e-45
-1.93173e-41
1.04809e-43
-2.34196e-40
1.4059e-42
-2.55953e-39
1.77173e-41
-2.81589e-38
2.2986e-40
-2.62169e-37
2.9122e-39
-2.552e-36
4.20645e-38
-1.74581e-35
6.0625e-37
-1.33203e-34
8.97659e-36
1.0233e-34
2.53343e-38
-3.10399e-38
-4.43309e-39
-6.97364e-40
-7.25342e-41
-7.93845e-42
-7.23692e-43
-6.6886e-44
-5.5365e-45
-4.54199e-46
-3.45123e-47
-2.5708e-48
-1.80737e-49
-1.23989e-50
-8.12094e-52
-5.18212e-53
-3.181e-54
-1.90222e-55
-1.0999e-56
-6.19954e-58
-3.40332e-59
-4.31297e-60
-4.9462e-59
-9.50292e-58
-1.78043e-56
-3.25254e-55
-5.76766e-54
-9.95996e-53
-1.66368e-51
-2.70306e-50
-4.22771e-49
-6.42626e-48
-9.33879e-47
-1.31887e-45
-1.76239e-44
-2.29259e-43
-2.77571e-42
-3.28949e-41
-3.52539e-40
-3.74523e-39
-3.39013e-38
-3.10279e-37
-2.02769e-36
-1.33674e-35
)
;

boundaryField
{
    leftWall
    {
        type            calculated;
        value           uniform 0;
    }
    rightWall
    {
        type            calculated;
        value           nonuniform 0();
    }
    lowerWall
    {
        type            calculated;
        value           nonuniform 0();
    }
    atmosphere
    {
        type            calculated;
        value           nonuniform List<scalar> 
45
(
-7.94873e-37
-1.00166e-37
-1.43978e-38
-1.32203e-39
-1.38877e-40
-1.2055e-41
-1.11084e-42
-9.05278e-44
-7.44475e-45
-5.6167e-46
-4.18763e-47
-2.93012e-48
-2.00899e-49
-1.31088e-50
-8.35317e-52
-5.11072e-53
-3.05043e-54
-1.75853e-55
-9.89046e-57
-5.39502e-58
-2.87249e-59
-1.44098e-60
9.26358e-61
2.03883e-59
4.04339e-58
7.83232e-57
1.47664e-55
2.71696e-54
4.85213e-53
8.44961e-52
1.4229e-50
2.33531e-49
3.68735e-48
5.67555e-47
8.34184e-46
1.19735e-44
1.62272e-43
2.15948e-42
2.66761e-41
3.28635e-40
3.6736e-39
4.26508e-38
4.334e-37
4.75574e-36
3.76983e-35
)
;
    }
    defaultFaces
    {
        type            empty;
        value           nonuniform 0();
    }
    procBoundary2to0
    {
        type            processor;
        value           nonuniform List<scalar> 
46
(
-6.42677e-37
-6.58886e-38
-7.20756e-39
-6.55868e-40
-6.06238e-41
-5.01176e-42
-4.10619e-43
-3.11376e-44
-2.31425e-45
-1.6227e-46
-1.1101e-47
-7.24868e-49
-4.61154e-50
-2.89472e-51
-1.21641e-51
-1.42364e-50
-1.88615e-49
-2.36749e-48
-2.93448e-47
-3.42285e-46
-4.02734e-45
-4.4458e-44
-5.10037e-43
-5.47164e-42
-6.22097e-41
1.48256e-36
1.16103e-35
9.01322e-35
1.8198e-35
-1.7563e-34
-3.6914e-35
1.11373e-34
6.10296e-36
-6.14625e-35
-3.70984e-35
-1.58902e-36
4.67673e-36
7.58827e-36
3.40068e-35
3.43236e-35
8.11942e-36
3.00014e-35
6.50661e-38
-2.93586e-35
6.21653e-36
-3.74102e-36
)
;
    }
    procBoundary2to3
    {
        type            processor;
        value           nonuniform List<scalar> 
43
(
9.67711e-39
1.32958e-39
2.3144e-40
2.15958e-41
-2.03922e-40
-7.37685e-39
-1.84385e-37
-3.48207e-36
-7.57478e-36
-7.07807e-36
-3.54036e-35
4.45066e-36
7.23263e-35
3.00397e-36
-3.60629e-35
-3.68673e-36
9.65531e-39
3.50519e-36
3.57371e-35
-5.13573e-35
-1.24864e-34
4.226e-35
1.26091e-34
-4.48465e-35
-1.27718e-34
8.71747e-35
9.29839e-35
-3.66755e-35
-1.33426e-35
-5.95673e-35
-4.34869e-36
4.80616e-35
4.97701e-36
6.85387e-37
2.78962e-40
-6.91435e-37
-4.68384e-36
-4.71416e-35
6.72518e-35
1.64838e-34
-5.02334e-35
-1.15219e-34
-1.13433e-35
)
;
    }
}


// ************************************************************************* //
