/*--------------------------------*- C++ -*----------------------------------*\
| =========                 |                                                 |
| \\      /  F ield         | OpenFOAM: The Open Source CFD Toolbox           |
|  \\    /   O peration     | Version:  2.4.0                                 |
|   \\  /    A nd           | Web:      www.OpenFOAM.org                      |
|    \\/     M anipulation  |                                                 |
\*---------------------------------------------------------------------------*/
FoamFile
{
    version     2.0;
    format      ascii;
    class       surfaceScalarField;
    location    "0.15";
    object      phi;
}
// * * * * * * * * * * * * * * * * * * * * * * * * * * * * * * * * * * * * * //

dimensions      [0 3 -1 0 0 0 0];

internalField   nonuniform List<scalar> 
3781
(
2.52348e-40
1.32603e-42
1.86176e-39
1.42161e-41
2.48125e-39
3.6957e-40
2.11289e-37
3.43621e-40
8.12666e-43
-7.28768e-40
-2.11279e-37
-7.28719e-40
-2.21974e-39
3.4498e-40
2.52799e-40
3.85102e-40
4.10133e-39
3.98057e-40
2.14023e-37
7.15864e-40
2.13412e-37
-3.69522e-40
-2.06684e-37
-1.07239e-39
2.12405e-39
3.43621e-40
2.11551e-37
7.13191e-40
2.49154e-39
-3.44983e-40
1.86258e-39
-3.69622e-40
2.52016e-40
-1.42205e-41
9.48689e-42
-1.31094e-42
7.83302e-43
-4.84877e-44
2.93637e-44
-3.08649e-45
1.79383e-45
-1.1018e-46
6.45102e-47
-5.5638e-48
3.18522e-48
-1.88597e-49
2.1639e-49
-7.74603e-51
3.18958e-48
7.75544e-51
6.46138e-47
1.88843e-49
1.79691e-45
5.57155e-48
2.9425e-44
1.10361e-46
7.85031e-43
3.09187e-45
9.51445e-42
4.85923e-44
2.5277e-40
1.31392e-42
1.87128e-39
1.42659e-41
2.73401e-39
3.70884e-40
2.1316e-37
3.57887e-40
2.73401e-39
-3.57887e-40
1.87128e-39
-3.70884e-40
2.5277e-40
-1.42659e-41
9.51445e-42
-1.31392e-42
7.85031e-43
-4.85923e-44
2.9425e-44
-3.09187e-45
1.7969e-45
-1.10364e-46
6.46021e-47
-5.62284e-48
2.98499e-48
-1.30965e-48
-8.96776e-48
1.53149e-41
-1.29933e-42
1.24057e-40
-1.54251e-41
2.69605e-39
-3.97949e-40
5.07814e-39
-3.69719e-40
5.44075e-44
7.84531e-40
-5.07743e-39
7.8448e-40
-2.68009e-39
-3.71155e-40
1.53555e-41
-4.14765e-40
2.80552e-39
-4.28859e-40
7.78955e-39
-7.70491e-40
5.21816e-39
3.97898e-40
-2.24202e-39
1.15425e-39
1.40072e-40
-3.69719e-40
5.09415e-39
-7.67668e-40
2.69676e-39
3.71158e-40
1.24112e-40
3.98004e-40
1.53032e-41
1.54309e-41
6.58645e-43
1.38457e-42
5.22739e-44
5.10354e-44
2.12168e-45
3.19799e-45
1.2718e-46
1.13698e-46
4.82979e-48
5.68919e-48
2.3633e-49
1.92188e-49
1.67189e-50
7.84919e-51
2.36666e-49
-7.85866e-51
4.83779e-48
-1.92436e-49
1.27407e-46
-5.69704e-48
2.12627e-45
-1.13882e-46
5.23962e-44
-3.20348e-45
6.60639e-43
-5.11434e-44
1.53534e-41
-1.38765e-42
1.24718e-40
-1.54787e-41
2.7114e-39
-3.99337e-40
5.20286e-39
-3.85198e-40
2.7114e-39
3.85198e-40
1.24718e-40
3.99337e-40
1.53534e-41
1.54787e-41
6.60639e-43
1.38765e-42
5.23962e-44
5.11434e-44
2.12627e-45
3.20348e-45
1.27377e-46
1.13816e-46
4.58043e-48
4.75913e-48
-4.25987e-48
-2.03814e-47
-1.64952e-46
1.73491e-42
-9.25544e-44
6.94702e-42
-1.12076e-42
8.97786e-41
-2.4476e-41
1.65265e-40
-2.24214e-41
8.05875e-45
4.81216e-41
-1.65175e-40
4.81176e-41
-8.7968e-41
-2.25247e-41
1.73646e-42
-2.56965e-41
9.50871e-41
-2.67221e-41
2.5678e-40
-4.71002e-41
1.74022e-40
2.4472e-41
-6.67214e-41
7.0543e-41
8.76524e-42
-2.24214e-41
1.67083e-40
-4.68974e-41
8.98685e-41
2.25249e-41
6.95503e-42
2.44803e-41
1.72873e-42
1.1212e-42
8.1865e-44
9.92684e-44
7.73456e-45
3.98321e-45
3.23809e-46
2.46869e-46
2.07261e-47
9.27547e-48
7.93992e-49
4.61152e-49
3.98741e-50
1.6207e-50
2.81599e-51
6.59124e-52
3.99311e-50
-6.59944e-52
7.9534e-49
-1.62285e-50
2.07645e-47
-4.61811e-49
3.24563e-46
-9.29099e-48
7.75449e-45
-2.47314e-46
8.2168e-44
-3.99203e-45
1.73614e-42
-9.95059e-44
7.02912e-42
-1.12494e-42
9.15147e-41
-2.45755e-41
1.72294e-40
-2.35463e-41
9.15147e-41
2.35463e-41
7.02912e-42
2.45755e-41
1.73614e-42
1.12494e-42
8.2168e-44
9.95059e-44
7.75449e-45
3.99203e-45
3.24534e-46
2.47263e-46
2.01254e-47
8.02216e-48
-4.69009e-48
-1.74234e-47
-9.78768e-47
-4.0108e-46
-3.2227e-45
9.42246e-44
-1.31731e-44
2.79276e-43
-1.3462e-43
2.2993e-42
-2.8733e-42
4.11423e-42
-2.62988e-42
4.97386e-46
5.65205e-42
-4.10883e-42
5.65148e-42
-2.20059e-42
-2.64415e-42
9.42886e-44
-3.02164e-42
2.49016e-42
-3.14312e-42
6.50779e-42
-5.53118e-42
4.49218e-42
2.87272e-42
-1.43648e-42
8.28193e-42
3.78448e-43
-2.62988e-42
4.21338e-42
-5.50316e-42
2.30468e-42
2.64419e-42
2.79767e-43
2.87388e-42
9.38124e-44
1.34657e-43
4.8934e-45
1.37111e-44
4.76299e-46
5.63535e-46
2.10766e-47
3.70568e-47
1.35775e-48
1.40492e-48
5.39668e-50
7.15087e-50
2.71381e-51
2.51319e-51
1.96707e-52
1.0291e-52
2.71779e-51
-1.03037e-52
5.4061e-50
-2.51653e-51
1.36036e-48
-7.16116e-50
2.11279e-47
-1.40733e-48
4.77602e-46
-3.71258e-47
4.91311e-45
-5.64868e-46
9.42675e-44
-1.37467e-44
2.84181e-43
-1.35183e-43
2.39356e-42
-2.88703e-42
4.39838e-42
-2.76506e-42
2.39356e-42
2.76506e-42
2.84181e-43
2.88703e-42
9.42675e-44
1.35183e-43
4.91311e-45
1.37467e-44
4.77565e-46
5.64827e-46
2.05837e-47
3.6344e-47
-1.02919e-47
-1.81161e-47
-1.00237e-46
-2.75944e-46
-1.79884e-45
-6.22064e-45
-5.07996e-44
7.43531e-45
-7.08339e-45
1.57913e-44
-9.00795e-45
4.00489e-44
-1.63756e-43
6.06097e-44
-1.48329e-43
4.30791e-47
3.20715e-43
-6.01681e-44
3.20681e-43
-3.22465e-44
-1.49203e-43
7.44399e-45
-1.72382e-43
4.88658e-44
-1.79834e-43
1.08098e-43
-3.13306e-43
8.41865e-44
1.63199e-43
3.05875e-45
4.6902e-43
2.36206e-44
-1.48302e-43
6.84484e-44
-3.11538e-43
4.04874e-44
1.49206e-43
1.58224e-44
1.63277e-43
7.40281e-45
8.28145e-45
3.97592e-46
8.64206e-46
4.11885e-47
3.74858e-47
1.84362e-48
2.48133e-48
1.21564e-49
9.75355e-50
4.84745e-51
4.9691e-51
2.45476e-52
1.79091e-52
1.77612e-53
7.32279e-54
2.45835e-52
-7.33198e-54
4.85595e-51
-1.79333e-52
1.21801e-49
-4.97643e-51
1.84822e-48
-9.7707e-50
4.13052e-47
-2.48612e-48
3.99313e-46
-3.75783e-47
7.44215e-45
-8.66589e-46
1.61786e-44
-8.31644e-45
4.74889e-44
-1.64103e-43
7.67855e-44
-1.56618e-43
4.74889e-44
1.56618e-43
1.61786e-44
1.64103e-43
7.44214e-45
8.31644e-45
3.99284e-46
8.66565e-46
4.05875e-47
3.68947e-47
-8.55984e-48
-1.05462e-47
-2.27694e-46
-3.32834e-46
-1.96636e-45
-4.72241e-45
-3.63885e-44
-1.10062e-43
-9.11798e-43
1.56652e-46
-1.15966e-43
9.57985e-46
-1.2508e-44
2.90935e-46
-2.09485e-44
-2.29621e-46
-1.21004e-44
3.27527e-48
2.52199e-44
2.68988e-46
2.52618e-44
1.55925e-46
-1.17516e-44
3.9248e-46
-1.35887e-44
6.30822e-46
-1.4178e-44
4.04277e-46
-2.46812e-44
9.07782e-46
1.28535e-44
1.65531e-45
3.69426e-44
1.1546e-45
-1.16755e-44
1.70038e-46
-2.45322e-44
2.80803e-46
1.17517e-44
7.42499e-46
1.28601e-44
3.9016e-46
6.59179e-46
2.20719e-47
7.28034e-47
2.32019e-48
3.19153e-48
1.07453e-49
2.16089e-49
7.10892e-51
8.52855e-51
2.90111e-52
4.37447e-52
1.46837e-53
1.5755e-53
1.07929e-54
6.43442e-55
1.47055e-53
-6.44241e-55
2.90628e-52
-1.57762e-53
7.12304e-51
-4.3809e-52
1.07729e-49
-8.54364e-51
2.32701e-48
-2.16511e-49
2.21722e-47
-3.19962e-48
3.92372e-46
-7.30109e-47
7.62236e-46
-6.62154e-46
6.48676e-46
-1.29297e-44
5.1773e-46
-1.23376e-44
6.48676e-46
1.23376e-44
7.62236e-46
1.29297e-44
3.92349e-46
6.62141e-46
2.17301e-47
7.27201e-47
-8.58023e-48
-4.89294e-48
-1.58562e-46
-1.54455e-46
-3.48718e-45
-3.9636e-45
-3.05654e-44
-5.70856e-44
-5.68745e-43
-1.34148e-42
-1.16461e-41
-3.73365e-45
-1.56205e-42
3.61604e-45
-2.01978e-43
6.37411e-46
-1.52887e-43
1.90277e-46
-8.29811e-45
1.67879e-47
5.04176e-46
1.1028e-46
1.31396e-45
5.94624e-47
-6.2868e-46
2.51418e-47
-7.29215e-46
-1.14811e-47
-7.62129e-46
-1.14764e-46
-1.31833e-45
-3.56435e-47
6.87824e-46
1.45392e-46
1.97298e-45
7.14394e-47
-6.21847e-46
-8.03666e-47
-1.30986e-45
-3.13824e-47
6.26183e-46
4.50374e-47
6.88212e-46
2.4983e-47
3.69688e-47
1.42753e-48
4.13644e-48
1.5338e-49
1.87527e-49
7.14128e-51
1.27323e-50
4.7569e-52
5.14145e-52
1.94361e-53
2.63408e-53
9.82789e-55
9.63418e-55
7.20927e-56
3.92213e-56
9.84234e-55
-3.92703e-56
1.94707e-53
-9.64725e-55
4.76635e-52
-2.63801e-53
7.15973e-51
-5.15068e-52
1.53836e-49
-1.27577e-50
1.4342e-48
-1.88015e-49
2.51292e-47
-4.14866e-48
4.63107e-47
-3.71436e-47
-7.84122e-48
-6.9216e-46
-6.06194e-47
-6.5899e-46
-7.84181e-48
6.58989e-46
4.62968e-47
6.92155e-46
2.47462e-47
3.69687e-47
-5.9821e-48
7.62595e-50
-1.87098e-46
-1.15945e-46
-2.73468e-45
-2.22824e-45
-6.21711e-44
-5.91862e-44
-5.52401e-43
-8.63334e-43
-1.07839e-41
-2.14209e-41
-1.93757e-40
-6.04027e-44
-2.68414e-41
7.02266e-44
-2.69154e-42
1.07899e-44
-1.87817e-42
4.55696e-45
-9.3686e-44
2.52777e-46
-9.76959e-45
3.29101e-47
-3.4119e-46
4.77051e-48
-6.81187e-47
1.32792e-48
-4.73428e-47
-1.2092e-48
-4.83827e-47
-7.39403e-48
-8.35336e-47
-2.90336e-48
4.3583e-47
7.66628e-48
1.25003e-46
3.50569e-48
-3.93834e-47
-5.08092e-48
-8.29788e-47
-2.15895e-48
3.96663e-47
2.19372e-48
4.36086e-47
1.23937e-48
2.35937e-48
7.30473e-50
2.69799e-49
7.88023e-51
1.23023e-50
3.74899e-52
8.40855e-52
2.49449e-53
3.40221e-53
1.03399e-54
1.74116e-54
5.21052e-56
6.36031e-56
3.85683e-57
2.57591e-57
5.21821e-56
-2.57909e-57
1.03583e-54
-6.36886e-56
2.4995e-53
-1.74373e-54
3.75881e-52
-3.40831e-53
7.90414e-51
-8.42533e-52
7.33972e-50
-1.23346e-50
1.24688e-48
-2.70605e-49
2.25883e-48
-2.37083e-48
-9.93385e-49
-4.3866e-47
-4.14259e-48
-4.17543e-47
-1.0002e-48
4.17527e-47
2.09857e-48
4.38238e-47
-3.18076e-48
1.08366e-48
-8.58806e-47
-2.97509e-47
-2.17436e-45
-8.56003e-46
-3.2238e-44
-1.66371e-44
-7.38154e-43
-4.44968e-43
-6.84361e-42
-6.77455e-42
-1.34587e-40
-1.72073e-40
-1.79345e-39
-4.05501e-43
-2.75851e-40
1.14584e-42
-4.2356e-41
2.0241e-43
-3.42509e-41
8.67669e-44
-1.59376e-42
4.60589e-45
-1.64184e-43
4.78831e-46
-6.75536e-45
2.15609e-47
-4.48873e-46
1.48002e-48
-1.92653e-47
-2.12856e-50
-3.27911e-48
-4.30887e-49
-4.18606e-48
-1.78506e-49
2.1698e-48
4.26518e-49
6.21828e-48
1.90659e-49
-1.95546e-48
-2.96765e-49
-4.12719e-48
-1.28496e-49
1.97005e-48
1.19048e-49
2.17243e-48
6.76273e-50
1.21178e-49
4.00852e-51
1.39015e-50
4.35054e-52
6.47787e-52
2.07609e-53
4.41951e-53
1.37984e-54
1.81419e-54
5.72034e-56
9.24699e-56
2.86759e-57
3.40831e-57
2.11749e-58
1.37301e-58
2.87179e-57
-1.37471e-58
5.73048e-56
-3.41289e-57
1.38259e-54
-9.26072e-56
2.08152e-53
-1.81746e-54
4.36376e-52
-4.42842e-53
4.02789e-51
-6.49508e-52
6.80414e-50
-1.39439e-50
1.22616e-49
-1.21782e-49
-6.50357e-50
-2.1857e-48
-2.49388e-49
-2.07774e-48
-1.61873e-49
2.06028e-48
-2.15783e-48
1.72779e-48
-6.45658e-47
-1.4255e-47
-1.2606e-45
-3.36548e-46
-3.30812e-44
-9.97656e-45
-4.96464e-43
-1.95616e-43
-1.20026e-41
-5.5456e-42
-1.14853e-40
-8.69803e-41
-2.44762e-39
-2.44347e-39
-2.86331e-38
1.04384e-41
-4.5548e-39
2.8328e-41
-4.04947e-40
2.99752e-42
-2.78959e-40
1.04006e-42
-1.2714e-41
5.39866e-44
-1.16462e-42
5.35971e-45
-4.70308e-44
2.37371e-46
-2.96526e-45
1.54473e-47
-1.11913e-46
6.10705e-49
-5.74601e-48
1.07736e-50
-4.57814e-49
-7.28291e-51
1.28148e-49
1.96783e-50
3.90414e-49
8.73636e-51
-1.22828e-49
-1.38086e-50
-2.59291e-49
-6.01541e-51
1.23745e-49
5.44309e-51
1.36517e-49
3.10501e-51
7.65546e-51
1.87879e-52
8.83371e-52
2.03546e-53
4.13048e-53
9.85189e-55
2.81402e-54
6.51854e-56
1.15582e-55
2.72636e-57
5.85976e-57
1.35878e-58
2.15555e-58
1.00803e-59
8.61882e-60
1.36076e-58
-8.62932e-60
2.73118e-57
-2.15842e-58
6.53155e-56
-5.86838e-57
9.8776e-55
-1.15788e-55
2.04164e-53
-2.81967e-54
1.88775e-52
-4.14148e-53
3.12355e-51
-8.86084e-52
5.5855e-51
-7.69442e-51
-3.91563e-51
-1.37376e-49
-3.36175e-50
-1.31041e-49
-6.74818e-49
1.12702e-49
-1.58245e-47
-3.43231e-49
-4.47827e-46
-1.52152e-47
-8.8581e-45
-3.56521e-46
-2.3354e-43
-1.07301e-44
-3.64992e-42
-2.15433e-43
-8.96432e-41
-6.57142e-42
-9.52511e-40
-1.36005e-40
-2.06011e-38
-5.18212e-39
-1.40942e-37
1.54547e-39
-4.76064e-38
1.1845e-39
-1.05798e-38
1.11234e-40
-9.41903e-39
3.45326e-41
-3.72642e-40
1.65342e-42
-3.36482e-41
1.6145e-43
-1.25844e-42
6.78592e-45
-7.91022e-44
4.39289e-46
-2.84041e-45
1.68518e-47
-1.42291e-46
8.47588e-49
-4.84774e-48
2.95421e-50
-2.00325e-49
2.29021e-51
4.60954e-51
4.99265e-52
-3.73852e-51
-7.26408e-52
-7.40162e-51
-3.17461e-52
3.52553e-51
2.85435e-52
3.89718e-51
1.62902e-52
2.22913e-52
9.85634e-54
2.58957e-53
1.06456e-54
1.22898e-54
5.14335e-56
8.38426e-56
3.3786e-57
3.47844e-57
1.40748e-58
1.76047e-58
6.94703e-60
6.51447e-60
5.12153e-61
2.59501e-61
6.95112e-60
-2.59806e-61
1.40757e-58
-6.52269e-60
3.37564e-57
-1.76288e-58
5.12098e-56
-3.48395e-57
1.05419e-54
-8.39824e-56
9.44339e-54
-1.23118e-54
1.47478e-52
-2.59348e-53
-2.08774e-52
-2.22654e-52
-1.69662e-50
-3.87298e-51
-4.58031e-49
-2.21377e-51
-1.43317e-47
5.26802e-50
-3.39679e-46
1.35439e-48
-1.00156e-44
4.07608e-47
-1.99982e-43
9.72503e-46
-5.59135e-42
2.61732e-44
-8.90254e-41
3.90774e-43
-2.39251e-39
-1.42913e-42
-2.65293e-38
-1.06513e-39
-6.7376e-37
-7.99493e-38
-4.35252e-36
1.08944e-37
-6.41811e-38
6.73119e-38
-4.774e-38
3.18083e-39
-9.83304e-39
4.29585e-40
-3.69423e-40
1.87789e-41
-3.25074e-41
1.54422e-42
-1.20875e-42
6.31585e-44
-7.59405e-44
3.84313e-45
-2.72152e-45
1.46432e-46
-1.36382e-46
7.19694e-48
-4.63346e-48
2.54946e-49
-1.9541e-49
1.06558e-50
-5.88802e-51
3.62063e-52
-3.42989e-52
-6.36272e-54
-2.46634e-52
-7.96342e-54
1.14068e-52
7.50186e-54
1.26373e-52
4.28367e-54
7.23991e-54
2.62861e-55
8.33171e-55
2.8375e-56
3.94977e-56
1.38426e-57
2.66267e-57
9.06098e-59
1.10042e-58
3.7958e-60
5.497e-60
1.86348e-61
2.02151e-61
1.37978e-62
7.94566e-63
1.87798e-61
-7.94581e-63
3.85013e-60
-2.02019e-61
9.26955e-59
-5.48806e-60
1.45871e-57
-1.09555e-58
3.11044e-56
-2.64078e-57
3.54075e-55
-3.85904e-56
7.43886e-54
-7.97976e-55
1.04237e-52
-5.99011e-54
3.12346e-51
-8.23887e-53
8.62305e-50
1.26365e-51
2.60262e-48
4.50221e-50
6.28369e-47
1.24055e-48
1.76757e-45
3.74291e-47
3.6202e-44
8.95816e-46
9.53442e-43
2.4201e-44
1.57001e-41
3.74844e-43
3.90529e-40
-2.77013e-44
4.53036e-39
-8.82182e-40
1.03398e-37
-6.75154e-38
-3.7183e-36
1.02319e-35
-5.31922e-36
1.28451e-37
-6.63752e-38
9.53369e-38
7.6592e-39
1.30788e-38
3.37669e-40
5.043e-40
3.22589e-41
4.18605e-41
1.21043e-42
1.59324e-42
7.62344e-44
9.75441e-44
2.73235e-45
3.54444e-45
1.36867e-46
1.74913e-46
4.64856e-48
5.99034e-48
1.96115e-49
2.5034e-49
6.27605e-51
8.0388e-51
2.2711e-52
2.92815e-52
4.88566e-55
8.57349e-54
3.27704e-54
5.03423e-55
3.38655e-54
1.3198e-55
1.9681e-55
7.83396e-57
2.25495e-56
8.18422e-58
1.07974e-57
3.96826e-59
7.23666e-59
2.56059e-60
3.00751e-60
1.06684e-61
1.49196e-61
5.17797e-63
5.49714e-63
7.74721e-64
2.14164e-64
2.2009e-62
-2.25228e-64
7.86796e-61
-5.96414e-63
2.96082e-59
-1.69096e-61
1.04902e-57
-3.80635e-60
3.8258e-56
-1.04285e-58
1.29e-54
-2.264e-57
4.44131e-53
-6.68209e-56
1.37921e-51
-1.70238e-54
4.42673e-50
-5.59568e-53
1.23678e-48
-1.6242e-51
3.68584e-47
-5.28088e-50
9.06582e-46
-1.45403e-48
2.50834e-44
-4.41085e-47
5.27573e-43
-1.04823e-45
1.35916e-41
-2.82732e-44
2.32796e-40
-4.0387e-43
5.62224e-39
3.20272e-42
6.97475e-38
1.2982e-39
1.53066e-36
9.62962e-38
5.23594e-36
1.19851e-37
-4.70609e-38
5.59348e-38
-2.98166e-38
2.7809e-39
8.60444e-39
3.89087e-40
3.59737e-40
1.73512e-41
3.34412e-41
1.44931e-42
1.25489e-42
5.98616e-44
7.89765e-44
3.67246e-45
2.83643e-45
1.40738e-46
1.42103e-46
6.95176e-48
4.8342e-48
2.47203e-49
2.03973e-49
1.03401e-50
6.52596e-51
3.41441e-52
2.39604e-52
1.24627e-53
7.00371e-54
3.76995e-55
3.23142e-55
1.78882e-56
1.04339e-55
3.45424e-57
5.88334e-57
2.02463e-58
6.50052e-58
2.06593e-59
3.09657e-59
1.00543e-60
2.0438e-60
6.42158e-62
8.45234e-62
2.68081e-63
4.13597e-63
1.28575e-64
1.51393e-64
4.87477e-66
5.6116e-66
-8.55158e-65
-1.56345e-65
-6.00916e-63
-5.77549e-64
-3.20261e-61
-2.23429e-62
-1.31723e-59
-8.18422e-61
-5.70737e-58
-3.13688e-59
-1.94537e-56
-1.12165e-57
-7.71298e-55
-4.13585e-56
-2.29241e-53
-1.39269e-54
-8.56455e-52
-4.83973e-53
-2.22327e-50
-1.49202e-51
-7.90001e-49
-4.84297e-50
-1.75745e-47
-1.33646e-48
-5.97825e-46
-4.03521e-47
-1.10186e-44
-9.61831e-46
-3.62723e-43
-2.57354e-44
-5.24006e-42
-3.64356e-43
-1.69932e-40
3.57334e-42
-1.67187e-39
1.22842e-39
-5.33057e-38
9.05324e-38
4.88899e-36
7.2621e-39
-3.86428e-38
-4.773e-39
-1.18839e-39
-9.99034e-41
2.43275e-40
1.31189e-41
1.24207e-41
8.94633e-43
1.19906e-42
1.11005e-43
4.92364e-44
5.02801e-45
3.13275e-45
3.48349e-46
1.19007e-46
1.3812e-47
5.98898e-48
7.17863e-49
2.11747e-49
2.58463e-50
8.95383e-51
1.10494e-51
2.94555e-52
3.65478e-53
1.0831e-53
1.34439e-54
3.27092e-55
4.09368e-56
1.30565e-56
1.47867e-57
2.75567e-57
1.19176e-58
1.53229e-58
6.13995e-60
1.64418e-59
5.57199e-61
7.86336e-61
2.65535e-62
5.1304e-62
1.65176e-63
2.12653e-63
6.82816e-65
1.03023e-64
-2.79775e-67
3.77203e-66
-1.52567e-64
3.0888e-67
-6.61844e-63
7.49451e-66
-2.66872e-61
3.28522e-64
-1.08417e-59
1.43024e-62
-4.02263e-58
5.77728e-61
-1.53092e-56
2.35184e-59
-5.18585e-55
8.71704e-58
-1.8484e-53
3.32247e-56
-5.65503e-52
1.12213e-54
-1.88814e-50
4.00738e-53
-5.13928e-49
1.22014e-51
-1.60937e-47
4.08655e-50
-3.81346e-46
1.10425e-48
-1.12376e-44
3.47625e-47
-2.24305e-43
8.15235e-46
-6.26703e-42
2.42984e-44
-9.97339e-41
4.84142e-43
-2.67811e-39
1.42822e-41
-2.96722e-38
2.68857e-40
-7.52966e-37
9.34548e-39
2.1802e-37
1.95841e-40
-5.12764e-39
-1.71626e-40
-1.5062e-40
-5.22533e-42
8.83962e-42
2.27157e-43
6.3299e-43
2.31491e-44
8.85095e-44
3.33022e-45
3.92586e-45
1.63415e-46
2.80669e-46
1.16225e-47
1.09984e-47
4.82239e-49
5.80971e-49
2.52862e-50
2.07869e-50
9.38556e-52
8.97323e-52
4.02737e-53
2.95828e-53
1.36126e-54
1.09522e-54
5.01687e-56
3.3296e-56
1.55405e-57
1.14929e-57
5.40377e-59
9.49387e-59
3.35724e-60
4.67966e-60
1.61315e-61
4.42621e-61
1.34681e-62
2.07515e-62
6.34791e-64
1.31716e-63
3.86392e-65
5.41536e-65
1.59739e-66
2.58115e-66
2.11344e-67
1.01254e-67
6.00115e-66
3.57158e-67
2.59434e-64
1.63278e-65
1.05077e-62
7.1024e-64
4.25021e-61
3.07679e-62
1.58413e-59
1.23844e-60
5.98447e-58
5.02978e-59
2.03596e-56
1.86207e-57
7.17359e-55
7.08761e-56
2.20285e-53
2.3936e-54
7.22937e-52
8.53819e-53
1.97238e-50
2.60087e-51
6.02237e-49
8.70003e-50
1.42632e-47
2.35285e-48
4.0494e-46
7.39586e-47
8.02889e-45
1.7362e-45
2.11998e-43
5.16215e-44
3.30295e-42
1.02592e-42
8.09735e-41
2.98902e-41
8.47071e-40
5.37309e-40
1.82547e-38
1.77635e-38
3.71249e-37
1.54415e-41
-1.61935e-40
-1.56821e-41
-5.55028e-42
-5.23374e-43
1.36872e-43
-1.66975e-44
1.601e-44
2.33346e-46
2.67622e-45
1.31013e-46
1.29095e-46
7.4888e-48
9.52143e-48
6.06312e-49
3.91141e-49
2.621e-50
2.08752e-50
1.43759e-51
7.70493e-52
5.41389e-53
3.33943e-53
2.36368e-54
1.12508e-54
8.01454e-56
4.1719e-56
2.96653e-57
1.28991e-57
9.17277e-59
4.35962e-59
3.05973e-60
2.70876e-60
1.30482e-61
1.24663e-61
5.30918e-63
1.07271e-62
3.56569e-64
4.97369e-64
1.59608e-65
3.083e-65
9.25381e-67
1.26414e-66
1.64778e-67
5.94647e-68
5.88123e-66
4.23353e-69
2.56046e-64
9.75963e-68
1.10873e-62
4.50601e-66
4.46995e-61
1.96015e-64
1.81391e-59
8.49734e-63
6.7305e-58
3.42046e-61
2.55803e-56
1.39044e-59
8.66665e-55
5.14775e-58
3.08373e-53
1.96166e-56
9.43713e-52
6.62489e-55
3.14383e-50
2.36668e-53
8.56028e-49
7.20948e-52
2.67272e-47
2.41699e-50
6.33576e-46
6.54845e-49
1.85967e-44
2.08e-47
3.71335e-43
5.1047e-46
1.03194e-41
1.75805e-44
1.64234e-40
6.16128e-43
4.37661e-39
3.86153e-41
4.84418e-38
2.53178e-39
1.21465e-36
1.60209e-37
7.98959e-36
4.74322e-43
-1.28539e-41
-4.88765e-43
-4.32419e-43
-1.82725e-44
-1.43644e-44
-8.40155e-46
8.29499e-47
-7.10413e-48
1.0333e-46
3.15282e-48
5.76554e-48
2.07207e-49
4.85591e-49
1.78824e-50
2.07507e-50
8.09978e-52
1.15831e-51
4.51785e-53
4.33699e-53
1.74811e-54
1.91221e-54
7.67826e-56
6.46497e-56
2.64986e-57
2.4076e-57
9.82838e-59
7.43451e-59
3.076e-60
2.45709e-60
1.01656e-61
1.04871e-61
3.86648e-63
4.1446e-63
1.45894e-64
2.83849e-64
8.55315e-66
1.2517e-65
3.69011e-67
7.3535e-67
2.56452e-68
2.96697e-68
2.46178e-67
1.15381e-69
1.1335e-65
-1.02928e-68
4.93694e-64
-4.83934e-67
2.13895e-62
-2.2349e-65
8.62443e-61
-9.7214e-64
3.50213e-59
-4.21113e-62
1.29958e-57
-1.69508e-60
4.94329e-56
-6.88404e-59
1.67488e-54
-2.54869e-57
5.96559e-53
-9.7004e-56
1.82566e-51
-3.27622e-54
6.08975e-50
-1.16852e-52
1.65809e-48
-3.55961e-51
5.18558e-47
-1.19026e-49
1.22914e-45
-3.21553e-48
3.61568e-44
-1.00566e-46
7.21875e-43
-2.29568e-45
2.01211e-41
-6.13079e-44
3.20191e-40
-4.33157e-43
8.57026e-39
4.82782e-41
9.48763e-38
6.30394e-39
2.39709e-36
4.36006e-37
2.29864e-35
2.84078e-44
-4.07273e-43
-2.91318e-44
-1.50414e-44
-1.10706e-45
-7.33436e-46
-8.00603e-47
-9.60603e-48
-1.9846e-48
2.43608e-48
3.13823e-50
1.58447e-49
5.38706e-51
1.43722e-50
6.23627e-52
6.45018e-52
3.05223e-53
3.66762e-53
1.80946e-54
1.41209e-54
7.16719e-56
6.2653e-56
3.21162e-57
2.15648e-57
1.11604e-58
8.04585e-59
4.15895e-60
2.51462e-60
1.30086e-61
8.26763e-62
4.25016e-63
3.13579e-63
1.42249e-64
1.15476e-64
4.84481e-66
6.83634e-66
2.28904e-67
2.90455e-67
9.10664e-69
1.62799e-68
6.29805e-70
6.4489e-70
7.84345e-69
-1.8911e-70
3.61579e-67
-1.07441e-68
1.57494e-65
-5.02821e-67
6.8249e-64
-2.32215e-65
2.75199e-62
-1.01011e-63
1.11778e-60
-4.37566e-62
4.14803e-59
-1.76133e-60
1.57829e-57
-7.15321e-59
5.34766e-56
-2.64838e-57
1.90543e-54
-1.008e-55
5.83126e-53
-3.40445e-54
1.94601e-51
-1.21428e-52
5.29843e-50
-3.69903e-51
1.65803e-48
-1.23692e-49
3.92988e-47
-3.34163e-48
1.15692e-45
-1.04522e-46
2.30967e-44
-2.38715e-45
6.44461e-43
-6.38829e-44
1.02547e-41
-4.6775e-43
2.74898e-40
4.8557e-41
3.04324e-39
6.42422e-39
7.7092e-38
4.44837e-37
2.34685e-35
8.59832e-46
-2.35652e-44
-8.80427e-46
-8.6241e-46
-3.59639e-47
-6.5348e-47
-2.84554e-48
-1.6884e-48
-8.31992e-50
2.14822e-50
-7.63302e-52
3.97432e-51
9.69226e-53
4.94984e-52
1.5448e-53
2.39796e-53
8.1746e-55
1.45089e-54
5.03527e-56
5.71784e-56
2.05588e-57
2.58846e-57
9.31652e-59
8.97322e-59
3.29156e-60
3.36393e-60
1.23065e-61
1.05112e-61
3.88663e-63
3.43143e-63
1.26588e-64
1.14757e-64
4.06069e-66
3.85317e-66
1.32217e-67
1.82998e-67
5.53089e-69
7.19403e-69
1.01561e-70
3.69596e-70
-5.22051e-69
1.49949e-71
-2.45007e-67
3.32499e-71
-1.13188e-65
1.60671e-69
-4.92992e-64
7.51949e-68
-2.13594e-62
3.47598e-66
-8.61233e-61
1.51214e-64
-3.49727e-59
6.55838e-63
-1.29778e-57
2.64002e-61
-4.93654e-56
1.07385e-59
-1.6726e-54
3.97567e-58
-5.95758e-53
1.51621e-56
-1.82321e-51
5.12038e-55
-6.08175e-50
1.83108e-53
-1.65591e-48
5.5777e-52
-5.17894e-47
1.87263e-50
-1.22756e-45
5.07675e-49
-3.6112e-44
1.62006e-47
-7.20978e-43
4.03918e-46
-2.00973e-41
1.45808e-44
-3.19809e-40
5.7389e-43
-8.56081e-39
3.87437e-41
-9.4771e-38
2.65434e-39
-2.3948e-36
1.69298e-37
8.48597e-36
4.05882e-47
-7.25337e-46
-4.13145e-47
-2.83319e-47
-1.70011e-48
-2.36995e-48
-1.56251e-49
-7.09505e-50
-5.13888e-51
-8.16993e-52
-1.67622e-52
6.56124e-53
-1.53505e-54
1.21894e-53
3.24628e-55
6.42076e-55
2.18734e-56
4.05263e-56
1.52709e-57
1.64856e-57
6.52252e-59
7.5527e-59
3.05059e-60
2.66327e-60
1.09277e-61
1.00172e-61
4.11915e-63
3.16082e-63
1.30407e-64
1.02987e-64
4.23044e-66
3.29849e-66
1.29687e-67
1.05724e-67
4.022e-69
4.44714e-69
1.44813e-70
6.83337e-70
-5.39296e-71
3.77826e-71
-2.89223e-69
5.94055e-72
-1.35476e-67
1.28665e-70
-6.25624e-66
6.32387e-69
-2.72465e-64
2.95911e-67
-1.17991e-62
1.36659e-65
-4.75715e-61
5.94416e-64
-1.93059e-59
2.57498e-62
-7.16376e-58
1.03645e-60
-2.7229e-56
4.20946e-59
-9.22555e-55
1.55841e-57
-3.28285e-53
5.93191e-56
-1.00467e-51
2.00337e-54
-3.34719e-50
7.14637e-53
-9.11404e-49
2.17699e-51
-2.84587e-47
7.28232e-50
-6.74607e-46
1.96955e-48
-1.9803e-44
6.19132e-47
-3.95395e-43
1.45373e-45
-1.09893e-41
4.32473e-44
-1.7487e-40
8.62029e-43
-4.66078e-39
2.52976e-41
-5.15732e-38
4.69944e-40
-1.29363e-36
1.60691e-38
-1.24664e-36
3.63304e-37
9.41108e-36
1.04285e-48
-1.30745e-46
-1.06005e-48
-5.08094e-48
-4.59479e-50
-4.86876e-49
-4.35079e-51
-1.58458e-50
-1.53037e-52
-4.88725e-52
-5.86185e-54
-3.56527e-54
-1.0651e-55
1.16675e-54
4.7562e-57
7.37331e-56
4.35192e-58
5.14802e-57
3.3704e-59
2.16736e-58
1.50426e-60
1.01722e-59
7.18676e-62
3.62168e-61
2.62236e-63
1.36866e-62
9.94707e-65
4.32028e-64
3.17843e-66
1.3962e-65
1.03117e-67
4.02922e-67
3.15221e-69
-1.54175e-68
1.18693e-70
3.3351e-70
-7.37869e-72
2.70998e-68
-1.48095e-71
1.55825e-69
-1.48864e-70
1.64943e-70
-6.94315e-69
5.66155e-71
-3.1949e-67
2.40474e-69
-1.39238e-65
1.12495e-67
-5.99972e-64
5.19241e-66
-2.42102e-62
2.25839e-64
-9.75805e-61
9.77638e-63
-3.62457e-59
3.93497e-61
-1.36487e-57
1.59672e-59
-4.62981e-56
5.91141e-58
-1.62675e-54
2.2475e-56
-4.98471e-53
7.59088e-55
-1.63234e-51
2.70373e-53
-4.44957e-50
8.23724e-52
-1.35682e-48
2.75005e-50
-3.21747e-47
7.43858e-49
-9.13418e-46
2.33198e-47
-1.8206e-44
5.47255e-46
-4.81695e-43
1.61836e-44
-7.60838e-42
3.18265e-43
-1.87494e-40
8.98128e-42
-2.02529e-39
1.4073e-40
-4.3782e-38
3.90132e-39
-4.19402e-38
4.43091e-38
1.14684e-36
-3.42896e-48
-2.14741e-45
3.48405e-48
-8.36731e-47
1.50551e-49
-6.87911e-48
1.41397e-50
-2.02251e-49
4.92966e-52
-1.52521e-51
1.81799e-53
2.36159e-52
2.97415e-55
3.89711e-53
-1.91086e-56
2.01964e-54
-1.57377e-57
1.26076e-55
-1.17772e-58
5.10563e-57
-5.19725e-60
2.33023e-58
-2.46174e-61
8.1999e-60
-8.93998e-63
3.07852e-61
-3.37625e-64
9.70295e-63
-1.07564e-65
3.13303e-64
-3.46732e-67
8.84586e-66
-8.58715e-69
-1.16484e-66
1.01577e-69
6.37805e-69
-5.95986e-70
1.4155e-66
-6.61549e-70
8.07139e-68
-5.28773e-71
8.65505e-69
-6.28426e-70
4.10228e-70
-2.92134e-68
1.52242e-70
-1.29353e-66
5.98489e-69
-5.65931e-65
2.75619e-67
-2.31684e-63
1.20131e-65
-9.46936e-62
5.18184e-64
-3.5621e-60
2.09028e-62
-1.35823e-58
8.43543e-61
-4.6552e-57
3.13018e-59
-1.65345e-55
1.18055e-57
-5.10293e-54
3.99665e-56
-1.68564e-52
1.4073e-54
-4.60593e-51
4.29718e-53
-1.41272e-49
1.41161e-51
-3.33199e-48
3.82516e-50
-9.47418e-47
1.17203e-48
-1.85112e-45
2.75192e-47
-4.87044e-44
7.87332e-46
-7.30541e-43
1.54345e-44
-1.76907e-41
4.13996e-43
-1.68067e-40
6.36753e-42
-3.59365e-39
1.61489e-40
-3.44289e-39
1.68184e-39
3.80774e-38
-1.18529e-46
-6.89368e-44
1.20668e-46
-2.51999e-45
4.95054e-48
-1.83859e-46
4.45156e-49
-4.5633e-48
1.43749e-50
1.08637e-49
4.17542e-52
1.36739e-50
1.11906e-54
1.59187e-51
-1.17613e-54
7.59044e-53
-7.32081e-56
4.54288e-54
-4.93066e-57
1.78081e-55
-2.07704e-58
8.02784e-57
-9.61751e-60
2.77557e-58
-3.42564e-61
1.03825e-59
-1.2854e-62
3.23932e-61
-4.05708e-64
1.04386e-62
-1.30703e-65
2.91206e-64
-3.03044e-67
-6.03944e-65
5.71199e-68
2.04831e-67
-3.1003e-68
6.85919e-65
-3.45091e-68
3.90657e-66
-2.07703e-69
4.26605e-67
-2.3299e-70
2.015e-68
-1.20127e-69
1.24805e-69
-5.29041e-68
5.64824e-70
-2.31113e-66
2.40794e-68
-9.48683e-65
1.06496e-66
-3.86479e-63
4.6579e-65
-1.45756e-61
1.90413e-63
-5.52731e-60
7.78163e-62
-1.89921e-58
2.92144e-60
-6.68987e-57
1.11419e-58
-2.06978e-55
3.8081e-57
-6.7554e-54
1.35368e-55
-1.85024e-52
4.16075e-54
-5.57909e-51
1.37695e-52
-1.31836e-49
3.73939e-51
-3.65916e-48
1.15109e-49
-7.15244e-47
2.68895e-48
-1.81736e-45
7.69774e-47
-2.7147e-44
1.48038e-45
-6.23911e-43
3.94513e-44
-5.82113e-42
5.75251e-43
-1.14936e-40
1.42956e-41
-1.09693e-40
1.27722e-40
2.90029e-39
-2.55684e-45
-1.22402e-42
2.61776e-45
-4.50863e-44
1.06559e-46
-2.1712e-45
8.30269e-48
-2.6807e-47
2.37823e-49
7.5554e-48
1.23628e-51
4.87557e-49
-3.37903e-52
4.39985e-50
-4.92751e-53
1.97235e-51
-2.57e-54
1.12017e-52
-1.56785e-55
4.3111e-54
-6.37549e-57
1.91194e-55
-2.87929e-58
6.57959e-57
-1.01533e-59
2.45438e-58
-3.78975e-61
7.67097e-60
-1.19564e-62
2.46395e-61
-3.86262e-64
6.76288e-63
-7.42865e-66
-3.18184e-63
3.22092e-66
4.44738e-66
-1.61444e-66
3.36816e-63
-1.80189e-66
1.89896e-64
-1.07747e-67
2.11073e-65
-1.09531e-68
9.93347e-67
-5.86769e-70
6.19424e-68
-2.92825e-69
2.52362e-69
-1.28493e-67
1.17983e-69
-5.35384e-66
4.74858e-68
-2.21181e-64
2.07737e-66
-8.45595e-63
8.56086e-65
-3.24793e-61
3.49118e-63
-1.12936e-59
1.32319e-61
-4.02393e-58
5.01902e-60
-1.25693e-56
1.73583e-58
-4.14321e-55
6.10791e-57
-1.14184e-53
1.90673e-55
-3.47086e-52
6.20312e-54
-8.20983e-51
1.72102e-52
-2.29185e-49
5.15369e-51
-4.44481e-48
1.24181e-49
-1.13271e-46
3.4012e-48
-1.65097e-45
6.86008e-47
-3.79507e-44
1.70012e-45
-3.33366e-43
2.68521e-44
-6.62616e-42
5.87778e-43
-5.67216e-42
6.20733e-42
1.09455e-40
-8.30543e-44
-3.76404e-41
8.51836e-44
-1.26473e-42
3.22511e-45
-3.7203e-44
2.2479e-46
4.81735e-46
5.29281e-48
3.31089e-46
-1.4975e-49
1.81183e-47
-1.84057e-50
1.50848e-48
-2.00479e-51
6.41595e-50
-9.65788e-53
3.56905e-51
-5.66555e-54
1.33355e-52
-2.23214e-55
5.87025e-54
-9.96085e-57
1.98234e-55
-3.45217e-58
7.37572e-57
-1.28369e-59
2.27634e-58
-4.00921e-61
7.25742e-60
-1.29463e-62
1.92959e-61
-1.92873e-64
-1.45479e-61
1.60627e-64
1.13259e-64
-7.79907e-65
1.50616e-61
-8.71736e-65
8.48711e-63
-5.21682e-66
9.59179e-64
-5.39143e-67
4.52711e-65
-2.58208e-68
2.86806e-66
-1.43791e-69
1.16493e-67
5.31643e-69
7.18876e-69
2.49725e-67
8.41023e-68
1.04703e-65
3.71115e-66
4.55218e-64
1.62101e-64
1.73719e-62
6.62744e-63
7.0732e-61
2.70387e-61
2.43167e-59
1.01553e-59
9.2711e-58
3.86472e-58
2.83088e-56
1.32197e-56
1.01046e-54
4.68635e-55
2.68588e-53
1.44238e-53
8.9719e-52
4.75665e-52
2.015e-50
1.29442e-50
6.29345e-49
3.96696e-49
1.13839e-47
9.29389e-48
3.3162e-46
2.64594e-46
4.42326e-45
5.1085e-45
1.19155e-43
1.35231e-43
9.44279e-43
1.98162e-42
2.25646e-41
4.88709e-41
4.38954e-40
-1.42851e-42
-4.96927e-40
1.47125e-42
-1.69853e-41
5.48355e-44
3.71093e-43
2.4976e-45
4.69275e-44
1.91911e-47
7.98612e-45
-9.72301e-48
3.87032e-46
-6.35546e-49
2.86414e-47
-5.46487e-50
1.17882e-48
-2.47345e-51
6.30123e-50
-1.37847e-52
2.32826e-51
-5.33256e-54
1.01005e-52
-2.34155e-55
3.40533e-54
-8.08028e-57
1.26357e-55
-2.99678e-58
3.90987e-57
-9.38017e-60
1.20645e-58
-3.03871e-61
2.84798e-60
-7.2146e-65
-6.89161e-60
8.15685e-63
6.33922e-64
-3.82632e-63
6.95256e-60
-4.27943e-63
3.86972e-61
-2.54052e-64
4.4462e-62
-2.66734e-65
2.08656e-63
-1.27404e-66
1.34107e-64
-7.38984e-68
5.44068e-66
1.73405e-67
2.7466e-67
7.70724e-66
9.01952e-67
3.16102e-64
3.88658e-65
1.28682e-62
1.6744e-63
4.849e-61
6.74608e-62
1.83762e-59
2.71928e-60
6.30904e-58
1.00793e-58
2.22112e-56
3.79745e-57
6.86677e-55
1.28436e-55
2.24029e-53
4.5184e-54
6.13195e-52
1.37868e-52
1.84861e-50
4.52571e-51
4.36622e-49
1.22592e-49
1.21196e-47
3.75465e-48
2.3685e-46
8.8181e-47
6.02107e-45
2.52296e-45
8.99702e-44
4.95299e-44
2.07002e-42
1.32961e-42
1.93351e-41
2.05359e-41
3.82447e-40
5.21992e-40
5.49574e-39
-4.52016e-41
-1.50131e-38
4.58762e-41
-4.40475e-40
1.52323e-42
2.84569e-41
4.25774e-44
1.97161e-42
-1.01086e-45
2.72292e-43
-4.19823e-46
1.20362e-44
-2.35304e-47
8.58727e-46
-1.88413e-48
3.36077e-47
-8.1058e-50
1.77389e-48
-4.43072e-51
6.3428e-50
-1.66502e-52
2.73697e-51
-7.25761e-54
9.01969e-53
-2.45789e-55
3.33867e-54
-9.08988e-57
1.01536e-55
-2.80923e-58
3.02142e-57
-9.08561e-60
6.04933e-59
1.27322e-61
-2.84216e-58
3.67841e-61
-2.02074e-62
-1.70652e-61
2.85032e-58
-1.90965e-61
1.5869e-59
-1.13523e-62
1.85013e-60
-1.21008e-63
8.70897e-62
-5.80224e-65
5.67958e-63
-3.5019e-66
2.3168e-64
4.23558e-66
1.1406e-65
1.91754e-64
1.78177e-65
7.84947e-63
7.57685e-64
3.20871e-61
3.28063e-62
1.20687e-59
1.32031e-60
4.6029e-58
5.35924e-59
1.57736e-56
1.98386e-57
5.60456e-55
7.54596e-56
1.72936e-53
2.54822e-54
5.71558e-52
9.08193e-53
1.56136e-50
2.76634e-51
4.79254e-49
9.24353e-50
1.12998e-47
2.4996e-48
3.21641e-46
7.8456e-47
6.28148e-45
1.84053e-45
1.6553e-43
5.45213e-44
2.48118e-42
1.07177e-42
6.0228e-41
3.03217e-41
5.7149e-40
4.75019e-40
1.22676e-38
1.32229e-38
1.50371e-37
-6.0457e-40
-1.24654e-37
5.30597e-40
-3.82748e-39
1.62073e-41
7.01283e-40
-6.23245e-43
3.63808e-41
-6.77136e-44
3.54751e-42
-9.91109e-45
1.46328e-43
-4.88971e-46
9.34743e-45
-3.49048e-47
3.55971e-46
-1.45146e-48
1.79549e-47
-7.62402e-50
6.35824e-49
-2.83337e-51
2.69256e-50
-1.21709e-52
8.86727e-52
-4.11715e-54
3.26456e-53
-1.5187e-55
9.87316e-55
-4.7091e-57
1.95378e-56
-1.52176e-58
-5.06215e-58
1.34468e-59
-1.2429e-56
1.72065e-59
-3.2715e-60
-7.88368e-60
1.23721e-56
-8.81582e-60
6.78457e-58
-5.18726e-61
8.03087e-59
-5.61042e-62
3.74925e-60
-2.6774e-63
2.47769e-61
-1.67378e-64
1.00743e-62
3.79773e-65
4.86113e-64
1.9296e-63
4.9186e-65
7.77681e-62
1.38097e-63
3.13027e-60
5.98079e-62
1.16124e-58
2.40728e-60
4.36733e-57
9.77996e-59
1.47982e-55
3.62055e-57
5.1939e-54
1.37866e-55
1.59019e-52
4.6557e-54
5.20281e-51
1.66163e-52
1.41764e-49
5.06103e-51
4.32039e-48
1.69414e-49
1.02482e-46
4.58089e-48
2.90921e-45
1.44143e-46
5.80805e-44
3.38452e-45
1.53788e-42
1.00941e-43
2.43973e-41
2.02468e-42
6.02476e-40
6.05155e-41
6.57212e-39
1.20599e-39
1.42336e-37
4.41037e-38
1.13587e-36
-2.14663e-38
-2.4599e-37
1.38704e-38
-8.70256e-38
2.84401e-40
2.61554e-38
-4.18565e-41
1.09206e-39
-2.78294e-42
1.0151e-40
-3.41759e-43
3.80959e-42
-1.54254e-44
2.39828e-43
-1.06643e-45
8.61451e-45
-4.22268e-47
4.31666e-46
-2.19283e-48
1.46863e-47
-7.88968e-50
6.19755e-49
-3.37137e-51
1.98291e-50
-1.11467e-52
7.28373e-52
-4.10029e-54
2.13573e-53
-1.24922e-55
2.21448e-55
-4.01237e-57
-3.37559e-56
6.1466e-58
-4.63579e-55
7.0546e-58
-1.36374e-58
-3.22236e-58
4.60978e-55
-3.60419e-58
2.53109e-56
-2.12508e-59
3.03188e-57
-2.32913e-60
1.42018e-58
-1.11596e-61
9.50692e-60
-7.09695e-63
3.88661e-61
6.23645e-64
1.89802e-62
3.96649e-62
6.69963e-64
1.59972e-60
-7.34171e-64
6.4946e-59
-3.29634e-62
2.40978e-57
-1.32677e-60
9.16393e-56
-5.38565e-59
3.10456e-54
-1.99377e-57
1.10546e-52
-7.58377e-56
3.38258e-51
-2.56113e-54
1.12792e-49
-9.12775e-53
3.07053e-48
-2.78023e-51
9.59898e-47
-9.28661e-50
2.27468e-45
-2.50676e-48
6.68809e-44
-7.80755e-47
1.33477e-42
-1.75088e-45
3.71835e-41
-4.32949e-44
5.91317e-40
1.21154e-43
1.5816e-38
7.95734e-41
1.74843e-37
8.20571e-39
4.41268e-36
5.54099e-37
2.87776e-35
-3.79707e-37
-1.52455e-35
-1.54334e-37
-3.00707e-37
-7.90149e-39
2.13794e-38
-1.12707e-39
9.98351e-40
-5.07849e-41
9.78276e-41
-4.2759e-42
3.68059e-42
-1.77475e-43
2.32e-43
-1.09321e-44
8.31586e-45
-4.20121e-46
4.16534e-46
-2.08023e-47
1.41467e-47
-7.41066e-49
5.96786e-49
-3.10475e-50
1.9061e-50
-1.02652e-51
6.98734e-52
-3.75535e-53
9.55835e-55
-1.13889e-54
-1.94112e-53
-3.49878e-56
-2.1392e-54
3.06342e-56
-1.89562e-53
3.07681e-56
-6.09295e-57
-1.40173e-56
1.88271e-53
-1.56544e-56
1.01448e-54
-9.10962e-58
1.23181e-55
-1.01171e-58
5.70456e-57
-4.812e-60
3.86458e-58
-3.10694e-61
1.57054e-59
-1.18517e-62
7.75407e-61
3.73268e-62
2.79688e-62
1.52948e-60
-1.72144e-63
6.21245e-59
-1.22941e-61
2.30527e-57
-4.95e-60
8.7715e-56
-2.01059e-58
2.97176e-54
-7.44348e-57
1.05891e-52
-2.83358e-55
3.24021e-51
-9.5693e-54
1.0814e-49
-3.41396e-52
2.9438e-48
-1.03985e-50
9.21313e-47
-3.47843e-49
2.18309e-45
-9.39691e-48
6.4282e-44
-2.94283e-46
1.28275e-42
-6.74857e-45
3.58056e-41
-1.83972e-43
5.69317e-40
-1.75289e-42
1.52718e-38
9.63585e-41
1.68824e-37
1.49122e-38
4.28225e-36
1.04549e-36
5.5574e-35
-3.11395e-35
-1.58343e-35
-3.73097e-37
-3.58108e-37
-2.89372e-37
-3.39293e-38
-3.97197e-38
-1.18166e-39
-1.53175e-39
-9.92613e-41
-1.27182e-40
-3.67084e-42
-4.84115e-42
-2.303e-43
-2.9644e-43
-8.25325e-45
-1.07725e-44
-4.13724e-46
-5.31662e-46
-1.40573e-47
-1.82091e-47
-5.93425e-49
-7.6102e-49
-1.92587e-50
-2.44385e-50
-7.50458e-52
-8.9193e-52
-6.91451e-52
-2.62413e-53
-6.73431e-52
-7.73271e-55
-7.24672e-53
1.15276e-54
-6.34463e-52
1.14263e-54
-2.07499e-55
-5.20187e-55
6.30075e-52
-5.81069e-55
3.40338e-53
-3.39099e-56
4.1659e-54
-3.80684e-57
1.93644e-55
-1.8184e-58
1.32573e-56
-1.18874e-59
5.41743e-58
-4.90756e-61
2.70685e-59
-6.15845e-62
9.85736e-61
-1.53037e-60
3.90293e-62
-6.21245e-59
-3.16624e-62
-2.30527e-57
-1.32682e-60
-8.7715e-56
-5.38601e-59
-2.97176e-54
-1.99391e-57
-1.05891e-52
-7.58424e-56
-3.24021e-51
-2.5613e-54
-1.0814e-49
-9.12826e-53
-2.9438e-48
-2.7804e-51
-9.21313e-47
-9.28706e-50
-2.18309e-45
-2.5069e-48
-6.4282e-44
-7.80787e-47
-1.28275e-42
-1.75097e-45
-3.58056e-41
-4.32967e-44
-5.69317e-40
1.21109e-43
-1.52718e-38
7.95728e-41
-1.68824e-37
8.20569e-39
-4.28225e-36
5.54099e-37
2.87776e-35
-3.16731e-37
-2.99437e-37
-2.20021e-37
-1.46132e-37
-1.02106e-38
-3.08338e-38
-1.36094e-39
-1.1655e-39
-5.90299e-41
-1.02591e-40
-4.82418e-42
-3.82551e-42
-1.96521e-43
-2.40243e-43
-1.19182e-44
-8.62583e-45
-4.53026e-46
-4.32081e-46
-2.22196e-47
-1.46738e-47
-7.85929e-49
-6.19154e-49
-3.27342e-50
-2.84605e-50
-1.11368e-51
-2.62237e-51
-4.00188e-53
-2.57752e-50
2.17186e-53
-2.58518e-50
3.92898e-54
-2.72423e-51
4.81509e-53
-2.44112e-50
4.6788e-53
-7.772e-54
-2.13223e-53
2.42445e-50
-2.37681e-53
1.27892e-51
-1.36382e-54
1.5837e-52
-1.54896e-55
7.24877e-54
-7.32146e-57
5.0145e-55
-4.83867e-58
2.03007e-56
-1.9832e-59
1.02407e-57
-1.00699e-60
3.71179e-59
-1.63483e-60
1.51332e-60
-6.49477e-59
1.09249e-61
-2.40979e-57
2.40662e-60
-9.16397e-56
9.77105e-59
-3.10457e-54
3.61714e-57
-1.10546e-52
1.37749e-55
-3.3826e-51
4.65156e-54
-1.12793e-49
1.66035e-52
-3.07054e-48
5.0568e-51
-9.59901e-47
1.69298e-49
-2.27469e-45
4.57735e-48
-6.68811e-44
1.4406e-46
-1.33478e-42
3.38214e-45
-3.71836e-41
1.00895e-43
-5.91319e-40
2.02345e-42
-1.5816e-38
6.04972e-41
-1.74843e-37
1.20554e-39
-4.41268e-36
4.40994e-38
1.13578e-36
1.16085e-38
-9.42624e-38
-2.06339e-38
-4.52544e-39
-9.3893e-40
-1.02016e-39
-1.65864e-40
-4.45242e-41
-7.1776e-42
-3.9599e-42
-6.34021e-43
-1.59553e-43
-2.56144e-44
-1.00301e-44
-1.5939e-45
-3.7836e-46
-5.98723e-47
-1.74632e-47
-2.9554e-48
1.28984e-49
-1.04259e-49
3.28472e-51
-4.82015e-51
-3.12118e-49
-1.33683e-51
-5.87112e-50
-3.02925e-53
-7.62186e-49
7.63075e-52
-7.64789e-49
1.3256e-52
-8.08902e-50
1.60315e-51
-7.22018e-49
1.55757e-51
-2.3233e-52
-7.09565e-52
7.17057e-49
-7.9122e-52
3.79689e-50
-4.55691e-53
4.71236e-51
-5.21338e-54
2.16581e-52
-2.47561e-55
1.5089e-53
-1.65272e-56
6.14286e-55
-6.81543e-58
3.12944e-56
-3.36381e-59
1.14251e-57
-1.30792e-60
4.70803e-59
-3.18388e-60
1.58717e-60
-1.16288e-58
1.35173e-60
-4.37292e-57
5.27354e-59
-1.48179e-55
1.95157e-57
-5.19999e-54
7.43653e-56
-1.59217e-52
2.50981e-54
-5.20827e-51
8.96433e-53
-1.41928e-49
2.72787e-51
-4.3243e-48
9.13868e-50
-1.0259e-46
2.46765e-48
-2.91135e-45
7.7698e-47
-5.81341e-44
1.81901e-45
-1.5387e-42
5.40916e-44
-2.44159e-41
1.0604e-42
-6.02661e-40
3.01411e-41
-6.57562e-39
4.70563e-40
-1.42344e-37
1.31742e-38
1.49318e-37
1.71566e-39
2.52687e-37
-1.8983e-39
9.59806e-39
-8.43506e-41
2.71836e-40
-1.09664e-41
5.02247e-42
-4.65706e-43
3.53226e-44
-3.64128e-44
-2.55114e-45
-1.4622e-45
-4.82821e-46
-8.49934e-47
-2.03325e-47
-3.21834e-48
5.20457e-47
-2.52014e-49
2.87984e-47
-5.15847e-50
1.25548e-48
-2.45667e-50
-8.03519e-48
-4.95667e-50
-1.92111e-48
-1.11776e-51
-2.76344e-47
2.94649e-50
-2.77459e-47
5.0018e-51
-2.85313e-48
6.18558e-50
-2.62374e-47
6.01351e-50
-8.09816e-51
-2.74561e-50
2.60611e-47
-3.05347e-50
1.33861e-48
-1.72045e-51
1.67611e-49
-1.9874e-52
7.54521e-51
-9.30045e-54
5.30148e-52
-6.26705e-55
2.12908e-53
-2.56142e-56
1.09334e-54
-1.27535e-57
3.95858e-56
-4.64379e-59
1.64368e-57
-2.30722e-60
5.40465e-59
-1.62865e-59
1.49831e-60
-6.03135e-58
-1.50423e-59
-2.08454e-56
-5.76812e-58
-7.17603e-55
-1.91605e-56
-2.24785e-53
-6.89001e-55
-7.14071e-52
-2.04973e-53
-1.99731e-50
-6.96215e-52
-5.83021e-49
-1.81843e-50
-1.42345e-47
-5.87266e-49
-3.79849e-46
-1.30713e-47
-7.79716e-45
-4.06428e-46
-1.88891e-43
-7.35221e-45
-3.03581e-42
-2.25461e-43
-6.5874e-41
-3.04642e-42
-6.88665e-40
-9.64306e-41
-1.2626e-38
-7.72714e-40
-2.71368e-38
3.82066e-38
3.83875e-37
-3.98545e-38
2.68279e-37
-1.40534e-39
5.18437e-39
-1.42499e-40
7.72063e-41
-5.03567e-42
7.4551e-43
-3.35247e-43
1.88099e-45
-1.16655e-44
-3.04436e-45
-5.98717e-46
-7.66716e-47
-2.08998e-47
1.35668e-45
-3.90535e-48
7.36563e-46
-1.45805e-48
2.92482e-47
-6.43507e-49
-2.74447e-46
-1.3785e-48
-5.22716e-47
-2.87573e-50
-7.06369e-46
8.65152e-49
-7.0884e-46
1.47449e-49
-7.32281e-47
1.81501e-48
-6.70122e-46
1.76427e-48
-2.07353e-49
-8.05482e-49
6.65627e-46
-8.96198e-49
3.43708e-47
-5.07261e-50
4.27267e-48
-5.87151e-51
1.93167e-49
-2.76129e-52
1.35959e-50
-1.87343e-53
5.4906e-52
-7.7052e-55
2.83847e-53
-3.87392e-56
1.03515e-54
-1.4213e-57
4.33985e-56
-5.91344e-59
1.43989e-57
-3.93195e-59
5.10451e-59
-1.27113e-57
-1.52192e-59
-4.44874e-56
-6.38642e-58
-1.36923e-54
-2.15983e-56
-4.46087e-53
-7.70118e-55
-1.22596e-51
-2.35041e-53
-3.71133e-50
-7.85582e-52
-8.92734e-49
-2.13061e-50
-2.50704e-47
-6.68652e-49
-5.12232e-46
-1.57582e-47
-1.33259e-44
-4.66275e-46
-2.20374e-43
-9.22915e-45
-5.30592e-42
-2.5978e-43
-6.5087e-41
-4.07925e-42
-1.447e-39
-1.1099e-40
-1.081e-38
-1.20151e-39
-3.12341e-38
3.70502e-38
3.67345e-35
-3.86415e-38
5.18528e-37
-1.35469e-39
9.79948e-39
-1.37224e-40
1.41505e-40
-4.8305e-42
1.08947e-42
-3.21617e-43
1.16663e-44
-1.09993e-44
-9.1777e-44
-3.53127e-46
-2.02733e-45
-4.40557e-47
4.67867e-44
-1.07202e-46
2.53329e-44
-4.78158e-47
1.12506e-45
-2.723e-47
-5.94595e-45
-5.44812e-47
-1.57804e-45
-1.12521e-48
-2.42909e-44
3.1625e-47
-2.43928e-44
5.22405e-48
-2.42677e-45
6.61902e-47
-2.31101e-44
6.43897e-47
-6.71388e-48
-2.9531e-47
2.29607e-44
-3.27412e-47
1.13883e-45
-1.80034e-48
1.42235e-46
-2.09864e-49
6.25241e-48
-9.67397e-51
4.42729e-49
-6.61203e-52
1.75386e-50
-2.68357e-53
9.12284e-52
-1.35895e-54
3.28456e-53
-4.94514e-56
1.38532e-54
-2.05874e-57
4.55938e-56
-8.92401e-58
1.6407e-57
-2.80518e-56
6.66292e-59
-9.97957e-55
6.50553e-58
-3.06763e-53
2.19909e-56
-1.02092e-51
7.83535e-55
-2.79763e-50
2.39811e-53
-8.71268e-49
8.0024e-52
-2.08515e-47
2.17912e-50
-6.08844e-46
6.81823e-49
-1.23405e-44
1.61637e-47
-3.39599e-43
4.75744e-46
-5.5492e-42
9.50027e-45
-1.45776e-40
2.64991e-43
-1.75772e-39
4.21818e-42
-4.55652e-38
1.13013e-40
-3.3296e-37
1.25184e-39
3.16827e-38
-3.70486e-38
3.8439e-37
3.86399e-38
2.68302e-37
1.35461e-39
5.18753e-39
1.37219e-40
7.69963e-41
4.82329e-42
3.69293e-42
3.12477e-43
5.40183e-43
1.49029e-44
-1.92088e-42
6.22169e-45
-4.23976e-44
-5.93469e-46
9.97223e-43
-2.74205e-45
5.39729e-43
-1.2596e-45
2.12119e-44
-5.64528e-46
-1.93379e-43
-1.24909e-45
-3.65609e-44
-6.45288e-48
-5.18029e-43
7.99825e-46
-5.19822e-43
1.31682e-46
-5.19898e-44
1.65455e-45
-4.92364e-43
1.60884e-45
-1.40974e-46
-7.46207e-46
4.89236e-43
-8.26786e-46
2.44338e-44
-4.5699e-47
2.97721e-45
-5.29137e-48
1.31347e-46
-2.45126e-49
9.23273e-48
-1.67823e-50
3.67599e-49
-6.85424e-52
1.91516e-50
-3.49414e-53
6.94371e-52
-1.28153e-54
2.94833e-53
-5.33068e-56
9.7895e-55
-1.81073e-57
3.55678e-56
-1.31585e-57
1.10401e-57
-4.38591e-56
7.12379e-58
-1.34705e-54
2.29595e-56
-4.39229e-53
8.17457e-55
-1.20359e-51
2.50165e-53
-3.65009e-50
8.34106e-52
-8.74275e-49
2.27109e-50
-2.46344e-47
7.0988e-49
-5.00132e-46
1.68267e-47
-1.30894e-44
4.94626e-46
-2.14363e-43
9.87568e-45
-5.21608e-42
2.75e-43
-6.30206e-41
4.3763e-42
-1.42769e-39
1.1697e-40
-1.04282e-38
1.2948e-39
3.26332e-38
-3.81604e-38
2.68355e-37
3.98059e-38
1.02098e-38
1.40325e-39
3.55001e-40
1.42368e-40
-3.37351e-42
4.80199e-42
9.74589e-41
3.55057e-44
1.77167e-41
1.41028e-43
-6.35307e-41
1.95195e-43
-1.32557e-42
-1.91613e-44
3.29215e-41
-8.63879e-44
1.7762e-41
-3.46072e-44
7.89315e-43
-1.93158e-44
-3.34028e-42
-4.36533e-44
-1.01556e-42
1.89916e-45
-1.70502e-41
2.79736e-44
-1.71219e-41
4.28106e-45
-1.62433e-42
5.53769e-44
-1.62647e-41
5.38474e-44
-4.22802e-45
-2.62056e-44
1.61674e-41
-2.87771e-44
7.63605e-43
-1.52934e-45
9.28197e-44
-1.7765e-46
3.93893e-45
-8.00652e-48
2.7762e-46
-5.50883e-49
1.07603e-47
-2.20756e-50
5.62859e-49
-1.13135e-51
2.00299e-50
-4.09655e-53
8.54081e-52
-1.71302e-54
2.79972e-53
-5.65417e-56
1.02143e-54
-2.16603e-57
3.09304e-56
-5.13306e-57
1.02608e-57
-1.57151e-55
1.1222e-57
-5.18493e-54
3.84084e-56
-1.42515e-52
1.17604e-54
-4.35948e-51
3.84753e-53
-1.03768e-49
1.04853e-51
-2.93476e-48
3.19512e-50
-5.82086e-47
7.58088e-49
-1.5157e-45
2.15158e-47
-2.33619e-44
4.29715e-46
-5.54643e-43
1.13741e-44
-5.64612e-42
1.80559e-43
-1.17176e-40
4.45597e-42
-3.58372e-40
4.86691e-41
1.05275e-39
-1.21636e-39
3.55172e-38
1.26996e-39
1.17561e-39
5.63887e-41
-7.04065e-40
1.03001e-41
-2.28816e-40
-3.71378e-42
1.62825e-39
-5.32807e-42
2.97519e-40
2.44896e-42
-1.06739e-39
3.78144e-42
-2.26589e-41
-9.36946e-44
5.53253e-40
-1.25869e-42
2.98283e-40
-1.54056e-43
1.12631e-41
3.35501e-43
-1.04977e-40
-1.86896e-43
-1.90228e-41
3.7158e-43
-2.86628e-40
6.02853e-43
-2.87551e-40
7.35709e-44
-2.74129e-41
8.48723e-43
-2.7312e-40
8.16526e-43
-6.71749e-44
-5.65283e-43
2.71571e-40
-6.02935e-43
1.29334e-41
-3.21934e-44
1.47718e-42
-3.6534e-45
6.26836e-44
-1.65304e-46
4.31166e-45
-1.12927e-47
1.67608e-46
-4.55147e-49
8.70502e-48
-2.33651e-50
3.1166e-49
-8.52635e-52
1.33137e-50
-3.58995e-53
4.40177e-52
-1.19623e-54
1.61735e-53
-4.32487e-56
4.94933e-55
-1.51971e-57
1.60732e-56
-6.13677e-57
5.72794e-58
-1.98322e-55
4.15766e-57
-5.45742e-54
1.27894e-55
-1.63835e-52
4.22662e-54
-3.904e-51
1.1548e-52
-1.07604e-49
3.5442e-51
-2.1349e-48
8.35857e-50
-5.36078e-47
2.37872e-48
-8.2375e-46
4.64742e-47
-1.85247e-44
1.22423e-45
-1.85015e-43
1.83636e-44
-3.49949e-42
4.45446e-43
-8.30602e-42
4.23322e-42
9.07288e-41
-1.67953e-40
9.9968e-40
3.03023e-41
-1.14165e-39
3.74926e-41
-2.64756e-38
5.19511e-41
-7.59582e-39
-7.72494e-41
5.24105e-38
-9.38402e-41
9.50939e-39
5.75398e-41
-3.44122e-38
9.90936e-41
-6.72164e-40
2.64849e-41
1.77847e-38
2.25938e-41
9.54173e-39
6.12807e-41
4.1e-40
6.99233e-41
-1.32049e-39
5.05265e-41
-4.84141e-40
4.35394e-41
-9.17694e-39
2.17684e-41
-9.21307e-39
8.12236e-43
-8.10233e-40
-1.20073e-42
-8.78714e-39
-2.22342e-42
-1.85109e-42
-2.05977e-41
8.74211e-39
-2.02704e-41
3.82649e-40
-1.02261e-42
4.30613e-41
-1.15632e-43
1.72773e-42
-5.03412e-45
1.18643e-43
-3.44533e-46
4.44133e-45
-1.35191e-47
2.31087e-46
-6.96228e-49
8.05805e-48
-2.49329e-50
3.45108e-49
-1.0534e-51
1.11969e-50
-3.46431e-53
4.12448e-52
-1.25661e-54
1.24517e-53
-3.8123e-56
4.05229e-55
-1.61112e-57
1.13971e-56
-1.29132e-56
4.97797e-58
-3.571e-55
5.09193e-57
-1.08228e-53
1.65809e-55
-2.5848e-52
4.53949e-54
-7.17314e-51
1.36814e-52
-1.4139e-49
3.23259e-51
-3.56122e-48
8.96904e-50
-5.34928e-47
1.7538e-48
-1.20002e-45
4.45557e-47
-1.13175e-44
6.66416e-46
-2.1169e-43
1.53175e-44
-4.05174e-43
1.4337e-43
2.83092e-42
-1.02573e-39
-1.1338e-39
-1.7868e-39
-1.37628e-38
-9.87682e-39
-3.07389e-37
-1.23499e-38
-8.80342e-38
5.08064e-39
6.08007e-37
8.38855e-39
1.1035e-37
-1.98611e-39
-3.99419e-37
-1.62138e-39
-7.99495e-39
3.85574e-39
2.06447e-37
7.31282e-39
1.1059e-37
8.11652e-39
3.72331e-39
8.38088e-39
-4.15308e-38
7.90138e-39
-6.49229e-39
4.3044e-39
-1.06475e-37
5.21094e-40
-1.06754e-37
-1.47905e-40
-9.37542e-39
-3.44093e-39
-1.01855e-37
-3.45775e-39
-1.81974e-41
-5.01687e-40
1.01405e-37
-3.35144e-40
4.46292e-39
-1.68212e-41
4.30974e-40
-1.78503e-42
1.70511e-41
-7.76396e-44
1.10241e-42
-5.18558e-45
4.11113e-44
-2.04199e-46
2.08994e-45
-1.04415e-47
7.31009e-47
-3.76544e-49
3.1104e-48
-1.59414e-50
1.01654e-49
-5.29296e-52
3.75336e-51
-1.93437e-53
1.14469e-52
-5.93474e-55
3.75413e-54
-1.92205e-56
1.06846e-55
-9.891e-58
3.17249e-57
-1.23339e-56
4.02815e-58
-3.68565e-55
1.05197e-56
-8.82338e-54
2.90482e-55
-2.40364e-52
8.8436e-54
-4.74323e-51
2.10089e-52
-1.16312e-49
5.88171e-51
-1.74162e-48
1.15197e-49
-3.75285e-47
2.95386e-48
-3.45696e-46
4.4274e-47
-6.01251e-45
1.0351e-45
-5.54372e-45
1.0251e-44
2.19062e-43
-3.4323e-38
-3.23244e-38
-8.41744e-38
-3.66582e-37
-9.23463e-37
-9.57285e-36
-1.16928e-36
-2.80655e-36
5.35947e-37
1.89647e-35
8.49537e-37
3.4008e-36
-2.37333e-37
-1.2486e-35
-2.41018e-37
-2.13317e-37
3.24053e-37
6.42242e-36
6.45579e-37
3.41045e-36
6.80547e-37
1.29404e-37
6.83895e-37
-3.1178e-37
6.59658e-37
-1.4225e-37
3.4701e-37
-3.29416e-36
2.53905e-38
-3.30466e-36
-1.29733e-38
-2.4948e-37
-3.10232e-37
-3.17446e-36
-3.10746e-37
-4.40981e-40
-2.48117e-38
3.16264e-36
-1.12702e-38
1.18845e-37
-5.14221e-40
-5.35665e-41
-2.20211e-42
-1.46822e-43
-5.56712e-45
-2.85038e-46
-1.00077e-47
-4.24444e-49
-1.38212e-50
-5.05936e-52
-1.5302e-53
-4.95908e-55
-1.39705e-56
-8.88616e-58
-1.38226e-56
-2.95718e-55
-7.15697e-54
-9.22223e-53
-1.18829e-51
3.8858e-50
1.90112e-48
7.32068e-47
2.22647e-45
5.1168e-44
-4.18163e-37
-2.85372e-36
-6.27753e-35
-8.03081e-35
3.86472e-35
6.00476e-35
-1.80366e-35
-1.9298e-35
2.09181e-35
4.23895e-35
4.3427e-35
4.35226e-35
4.26189e-35
2.18102e-35
9.17687e-37
-7.67064e-37
-2.07526e-35
-2.07584e-35
-9.1114e-37
)
;

boundaryField
{
    leftWall
    {
        type            calculated;
        value           uniform 0;
    }
    rightWall
    {
        type            calculated;
        value           nonuniform 0();
    }
    lowerWall
    {
        type            calculated;
        value           uniform 0;
    }
    atmosphere
    {
        type            calculated;
        value           nonuniform 0();
    }
    defaultFaces
    {
        type            empty;
        value           nonuniform 0();
    }
    procBoundary0to1
    {
        type            processor;
        value           nonuniform List<scalar> 
44
(
-8.00301e-50
-4.22566e-48
-9.23649e-47
-1.69848e-45
-3.44411e-44
-5.39055e-43
-1.02561e-41
-1.28279e-40
-2.34378e-39
-1.97682e-38
-6.48707e-37
1.58615e-37
1.51985e-36
7.56254e-39
-7.25038e-37
1.74967e-38
1.17051e-36
2.31064e-36
7.43189e-38
-2.30845e-36
-1.9948e-35
1.24627e-36
4.19276e-38
3.44252e-39
1.09749e-40
7.00453e-42
2.13896e-41
3.55827e-40
1.14509e-38
1.32704e-37
4.13845e-36
4.01687e-36
-4.01687e-36
-4.13845e-36
-1.32743e-37
-1.47769e-38
-2.15778e-37
-4.74906e-37
-2.15423e-37
-3.32605e-39
-3.90305e-41
-2.00064e-43
1.58974e-43
1.34175e-42
)
;
    }
    procBoundary0to2
    {
        type            processor;
        value           nonuniform List<scalar> 
46
(
1.13471e-38
4.13282e-40
2.67026e-41
9.44724e-43
4.81029e-44
1.62242e-45
6.91615e-47
2.20164e-48
8.14149e-50
2.43486e-51
7.99335e-53
2.24152e-54
6.63736e-56
1.75644e-57
4.581e-58
1.18227e-56
3.68939e-55
9.44366e-54
2.7735e-52
6.30356e-51
1.77351e-49
3.63718e-48
1.00748e-46
1.93758e-45
5.38538e-44
-3.11602e-38
-3.53958e-37
-9.29116e-36
-2.72589e-36
1.84076e-35
3.29968e-36
-1.212e-35
-2.05973e-37
6.23315e-36
3.30357e-36
-1.68708e-37
-4.5139e-37
-4.31012e-37
-3.20214e-36
-3.20693e-36
-2.4089e-37
-3.08113e-36
-4.24571e-40
3.06973e-36
-1.37732e-37
1.14752e-37
)
;
    }
}


// ************************************************************************* //
