/*--------------------------------*- C++ -*----------------------------------*\
| =========                 |                                                 |
| \\      /  F ield         | OpenFOAM: The Open Source CFD Toolbox           |
|  \\    /   O peration     | Version:  2.4.0                                 |
|   \\  /    A nd           | Web:      www.OpenFOAM.org                      |
|    \\/     M anipulation  |                                                 |
\*---------------------------------------------------------------------------*/
FoamFile
{
    version     2.0;
    format      ascii;
    class       volVectorField;
    location    "0.15";
    object      U;
}
// * * * * * * * * * * * * * * * * * * * * * * * * * * * * * * * * * * * * * //

dimensions      [0 1 -1 0 0 0 0];

internalField   nonuniform List<vector> 
1915
(
(-1.03867e-34 2.36471e-34 0)
(-9.4223e-36 8.5867e-36 0)
(-3.70238e-37 5.54925e-37 0)
(-2.37452e-38 1.95924e-38 0)
(-8.85257e-40 9.97773e-40 0)
(-4.48937e-41 3.36019e-41 0)
(-1.57132e-42 1.43256e-42 0)
(-6.68196e-44 4.55505e-44 0)
(-2.18617e-45 1.68451e-45 0)
(-8.07502e-47 5.03329e-47 0)
(-2.466e-48 1.65237e-48 0)
(-8.09506e-50 4.63029e-50 0)
(-2.30736e-51 1.37102e-51 0)
(-6.72563e-53 3.60168e-53 0)
(3.99981e-53 1.30834e-54 0)
(1.59235e-51 9.40616e-54 0)
(5.41417e-50 2.84407e-52 0)
(1.92819e-48 6.80054e-51 0)
(5.9216e-47 1.87952e-49 0)
(1.97242e-45 3.6674e-48 0)
(5.39223e-44 9.16199e-47 0)
(1.68123e-42 1.33199e-45 0)
(4.00667e-41 2.96038e-44 0)
(1.17226e-39 2.55225e-43 0)
(2.35989e-38 4.81562e-42 0)
(-9.32071e-33 1.3426e-36 0)
(-2.50909e-31 1.26636e-37 0)
(-1.51924e-30 8.54901e-38 0)
(-5.25381e-29 3.90535e-39 0)
(-1.74379e-29 3.18866e-39 0)
(5.14919e-29 5.30957e-40 0)
(8.74857e-31 -1.59963e-39 0)
(-1.71038e-29 -1.10487e-38 0)
(9.44927e-32 -1.7055e-36 0)
(1.79206e-29 -1.19662e-34 0)
(1.84804e-29 -6.36154e-33 0)
(1.85639e-29 -2.29408e-31 0)
(1.8485e-29 -6.36154e-33 0)
(1.80025e-29 -1.19663e-34 0)
(5.64874e-31 -1.7069e-36 0)
(3.16854e-33 -1.10538e-38 0)
(-4.78486e-31 -2.56842e-40 0)
(-1.74347e-29 2.10108e-41 0)
(-4.81645e-31 4.57128e-40 0)
(-8.29405e-32 1.70156e-41 0)
(-2.89341e-33 1.58002e-42 0)
(-2.64907e-34 5.67782e-44 0)
(-9.57782e-36 3.61081e-45 0)
(-6.18367e-37 1.26285e-46 0)
(-2.18349e-38 6.36978e-48 0)
(-1.11233e-39 2.12838e-49 0)
(-3.74687e-41 9.01724e-51 0)
(-1.59774e-42 2.84865e-52 0)
(-5.08112e-44 1.04878e-53 0)
(-1.87925e-45 3.11695e-55 0)
(-5.61579e-47 1.01972e-56 0)
(-1.84369e-48 2.56851e-58 0)
(-5.16673e-50 -1.08986e-57 0)
(-1.52984e-51 -4.02098e-56 0)
(-3.87796e-53 -1.51797e-54 0)
(5.52641e-53 -5.17891e-53 0)
(2.0606e-51 -1.8607e-51 0)
(7.49775e-50 -5.88999e-50 0)
(2.40931e-48 -2.01467e-48 0)
(8.01611e-47 -5.86735e-47 0)
(2.25199e-45 -1.90765e-45 0)
(6.89395e-44 -5.03746e-44 0)
(1.66788e-42 -1.55252e-42 0)
(4.71782e-41 -3.63263e-41 0)
(9.56799e-40 -1.05935e-39 0)
(-3.30874e-34 6.91541e-34 0)
(-7.79172e-33 7.64177e-33 0)
(-4.76398e-32 2.00506e-31 0)
(-1.17167e-30 5.88249e-32 0)
(-3.88186e-31 -3.97236e-31 0)
(1.13885e-30 -7.12073e-32 0)
(2.74836e-32 2.6155e-31 0)
(-3.77815e-31 4.44488e-33 0)
(2.98916e-33 -1.34515e-31 0)
(4.03382e-31 -7.15377e-32 0)
(4.21759e-31 -9.30922e-33 0)
(4.23469e-31 -2.29416e-31 0)
(4.20159e-31 -3.64868e-33 0)
(4.05852e-31 6.88557e-32 0)
(1.77046e-32 6.92021e-32 0)
(1.13572e-34 5.19838e-33 0)
(-1.50128e-32 6.6491e-32 0)
(-3.88073e-31 9.16229e-36 0)
(-1.51261e-32 -6.62448e-32 0)
(-2.57136e-33 -2.47636e-33 0)
(-1.03867e-34 -2.36471e-34 0)
(-9.4223e-36 -8.5867e-36 0)
(-3.70238e-37 -5.54925e-37 0)
(-2.37452e-38 -1.95924e-38 0)
(-8.85257e-40 -9.97773e-40 0)
(-4.48937e-41 -3.36019e-41 0)
(-1.57132e-42 -1.43256e-42 0)
(-6.68196e-44 -4.55505e-44 0)
(-2.18617e-45 -1.68451e-45 0)
(-8.07502e-47 -5.03329e-47 0)
(-2.466e-48 -1.65237e-48 0)
(-8.09506e-50 -4.63029e-50 0)
(-2.30741e-51 -1.37103e-51 0)
(-6.89416e-53 -3.63423e-53 0)
(-1.74967e-53 -1.19528e-53 0)
(-4.73267e-52 -3.04407e-52 0)
(-1.12405e-50 -9.14606e-51 0)
(-3.08103e-49 -2.18104e-49 0)
(-5.90677e-48 -5.99085e-48 0)
(-1.44805e-46 -1.17759e-46 0)
(-1.98013e-45 -2.93722e-45 0)
(-4.15147e-44 -4.41051e-44 0)
(-2.32319e-43 -9.89955e-43 0)
(-2.42759e-42 -9.74145e-42 0)
(1.03762e-40 -1.95846e-40 0)
(-7.40538e-35 5.58599e-34 0)
(-7.39871e-34 3.17762e-34 0)
(-1.00654e-33 6.10952e-33 0)
(-1.69407e-32 1.74199e-33 0)
(-5.77386e-33 -1.20228e-32 0)
(1.61836e-32 -2.18219e-33 0)
(3.17258e-34 7.89857e-33 0)
(-4.92693e-33 1.58473e-34 0)
(2.48938e-34 -4.08286e-33 0)
(6.08272e-33 -2.19679e-33 0)
(7.39589e-33 -3.31916e-34 0)
(6.72773e-33 -5.86712e-33 0)
(5.65074e-33 -1.30143e-34 0)
(6.22278e-33 2.09541e-33 0)
(4.79867e-34 2.11051e-33 0)
(9.91617e-36 1.85381e-34 0)
(-2.62029e-34 2.01397e-33 0)
(-5.76373e-33 3.54093e-37 0)
(-2.72009e-34 -2.00519e-33 0)
(-2.09918e-34 -8.83156e-35 0)
(-8.9875e-36 -8.4011e-36 0)
(-1.00042e-36 -3.31949e-37 0)
(-4.00234e-38 -2.13171e-38 0)
(-2.74899e-39 -7.94731e-40 0)
(-1.02782e-40 -4.02903e-41 0)
(-5.35001e-42 -1.40993e-42 0)
(-1.86399e-43 -5.99445e-44 0)
(-7.98523e-45 -1.96097e-45 0)
(-2.58915e-46 -7.24248e-47 0)
(-9.53915e-48 -2.21158e-48 0)
(-2.87848e-49 -7.25955e-50 0)
(-9.36892e-51 -2.06916e-51 0)
(-2.63671e-52 -6.16268e-53 0)
(-1.98604e-53 -1.12712e-53 0)
(-3.36608e-52 -3.1784e-52 0)
(-1.0093e-50 -8.76784e-51 0)
(-2.39922e-49 -2.6654e-49 0)
(-6.57089e-48 -6.31628e-48 0)
(-1.28182e-46 -1.76277e-46 0)
(-3.17654e-45 -3.42979e-45 0)
(-4.66201e-44 -8.73048e-44 0)
(-1.02773e-42 -1.28044e-42 0)
(-9.10951e-42 -2.93356e-41 0)
(-1.69459e-40 -2.61584e-40 0)
(-1.68911e-40 -5.14536e-39 0)
(-4.23369e-33 4.35393e-33 0)
(-6.10519e-33 1.08619e-33 0)
(-2.77187e-34 1.51315e-33 0)
(-2.1485e-34 1.96926e-34 0)
(-6.55933e-35 -1.09451e-33 0)
(1.62503e-34 -1.99036e-34 0)
(2.85879e-37 7.20921e-34 0)
(-3.88633e-35 1.40374e-35 0)
(7.50681e-36 -3.72654e-34 0)
(6.88599e-35 -2.02875e-34 0)
(1.05067e-34 -4.31138e-35 0)
(8.31268e-35 -8.70302e-34 0)
(4.91155e-35 -2.4434e-35 0)
(7.24696e-35 1.89181e-34 0)
(9.66124e-36 1.92863e-34 0)
(3.23509e-37 1.69203e-35 0)
(-3.20188e-36 1.84074e-34 0)
(-6.36329e-35 3.85728e-38 0)
(-3.5283e-36 -1.83133e-34 0)
(-6.21617e-36 -7.99444e-36 0)
(-2.93465e-37 -8.99329e-37 0)
(-3.32602e-38 -3.60141e-38 0)
(-1.41107e-39 -2.47307e-39 0)
(-9.69511e-41 -9.24516e-41 0)
(-3.77043e-42 -4.81076e-42 0)
(-1.95794e-43 -1.67585e-43 0)
(-7.01403e-45 -7.17796e-45 0)
(-2.99719e-46 -2.32714e-46 0)
(-9.91617e-48 -8.57293e-48 0)
(-3.64556e-49 -2.58673e-49 0)
(-1.11645e-50 -8.41879e-51 0)
(-3.63101e-52 -2.36723e-52 0)
(-2.10221e-53 -1.17824e-53 0)
(-3.53603e-52 -1.50398e-52 0)
(-9.74634e-51 -4.89547e-51 0)
(-2.96255e-49 -1.34087e-49 0)
(-7.0191e-48 -4.03685e-48 0)
(-1.95862e-46 -9.55e-47 0)
(-3.80951e-45 -2.64597e-45 0)
(-9.69483e-44 -5.18766e-44 0)
(-1.42085e-42 -1.31514e-42 0)
(-3.25428e-41 -1.9776e-41 0)
(-2.8979e-40 -4.52859e-40 0)
(-5.70416e-39 -4.28849e-39 0)
(-6.28378e-39 -8.39297e-38 0)
(-2.36624e-31 1.36929e-31 0)
(-2.4876e-31 3.84446e-33 0)
(-7.82413e-33 9.3576e-35 0)
(-1.192e-33 5.94303e-36 0)
(-4.3916e-35 -3.30821e-35 0)
(-5.27895e-36 -6.04911e-36 0)
(-5.02594e-37 2.17029e-35 0)
(1.47007e-36 4.60943e-37 0)
(4.58291e-37 -1.1254e-35 0)
(1.77843e-37 -6.18436e-36 0)
(2.87011e-36 -1.48728e-36 0)
(8.19597e-37 -2.63356e-35 0)
(-1.96088e-36 -8.71469e-37 0)
(3.33153e-37 5.70858e-36 0)
(3.90488e-37 5.84188e-36 0)
(1.94815e-38 5.57284e-37 0)
(-4.23572e-39 5.55308e-36 0)
(-1.91219e-38 1.36072e-39 0)
(-2.40657e-38 -5.5217e-36 0)
(-3.76012e-37 -2.63127e-37 0)
(-1.77079e-38 -2.99357e-38 0)
(-2.15462e-39 -1.27042e-39 0)
(-9.13371e-41 -8.72448e-41 0)
(-6.44247e-42 -3.39234e-42 0)
(-2.49529e-43 -1.76102e-43 0)
(-1.30586e-44 -6.30769e-45 0)
(-4.64469e-46 -2.69486e-46 0)
(-1.98114e-47 -8.91504e-48 0)
(-6.49195e-49 -3.27716e-49 0)
(-2.36905e-50 -1.00356e-50 0)
(-7.17342e-52 -3.26161e-52 0)
(-2.84531e-53 -1.27928e-53 0)
(-1.6776e-52 -1.25733e-52 0)
(-5.44579e-51 -3.87439e-51 0)
(-1.49144e-49 -1.28068e-49 0)
(-4.48972e-48 -3.5026e-48 0)
(-1.06195e-46 -1.07503e-46 0)
(-2.94185e-45 -2.53926e-45 0)
(-5.76592e-44 -7.22422e-44 0)
(-1.46146e-42 -1.41499e-42 0)
(-2.19662e-41 -3.72367e-41 0)
(-5.0314e-40 -5.6104e-40 0)
(-4.78072e-39 -1.35751e-38 0)
(-9.44364e-38 -1.30233e-37 0)
(-1.51423e-37 -2.77247e-36 0)
(-3.10458e-33 1.44648e-31 0)
(-6.65328e-33 3.25851e-33 0)
(-2.79862e-34 -8.69832e-34 0)
(-4.08714e-35 -3.60594e-35 0)
(-1.68751e-36 -5.41839e-36 0)
(-2.36252e-37 -4.97647e-37 0)
(-1.83185e-38 1.32348e-36 0)
(5.97562e-38 2.74163e-38 0)
(1.37735e-38 -6.90371e-37 0)
(-1.13741e-38 -3.83327e-37 0)
(7.05116e-38 -1.16128e-37 0)
(6.28421e-39 -2.19871e-36 0)
(-7.95557e-38 -7.83691e-38 0)
(-7.66057e-39 3.46135e-37 0)
(1.06445e-38 3.58338e-37 0)
(6.11143e-40 3.39514e-38 0)
(7.98107e-40 3.40852e-37 0)
(1.56857e-38 8.82794e-41 0)
(1.73986e-40 -3.38817e-37 0)
(-1.11537e-38 -1.59752e-38 0)
(-5.57343e-40 -1.94178e-39 0)
(-6.79615e-41 -8.22988e-41 0)
(-2.99982e-42 -5.80107e-42 0)
(-2.1094e-43 -2.24642e-43 0)
(-8.40255e-45 -1.17523e-44 0)
(-4.37944e-46 -4.17948e-46 0)
(-1.58862e-47 -1.78238e-47 0)
(-6.7487e-49 -5.84008e-49 0)
(-2.24199e-50 -2.13094e-50 0)
(-8.15138e-52 -6.45083e-52 0)
(-2.88327e-53 -2.16441e-53 0)
(-1.40419e-52 -3.15919e-53 0)
(-4.31138e-51 -1.08659e-51 0)
(-1.42501e-49 -3.32836e-50 0)
(-3.89694e-48 -1.08692e-48 0)
(-1.19594e-46 -2.96667e-47 0)
(-2.82434e-45 -9.02102e-46 0)
(-8.03402e-44 -2.14775e-44 0)
(-1.57312e-42 -6.07953e-43 0)
(-4.13912e-41 -1.22239e-41 0)
(-6.23503e-40 -3.22406e-40 0)
(-1.51002e-38 -5.18406e-39 0)
(-1.46229e-37 -1.27256e-37 0)
(-3.17483e-36 -1.42524e-36 0)
(-7.3191e-36 -3.04597e-35 0)
(9.06955e-34 4.23582e-31 0)
(-5.83159e-34 1.18341e-32 0)
(-2.2842e-35 1.97957e-34 0)
(-4.87927e-36 2.03774e-36 0)
(-2.01581e-37 -1.45676e-37 0)
(-2.42043e-38 -1.57154e-38 0)
(-1.38352e-39 3.92479e-38 0)
(3.09532e-39 8.60757e-40 0)
(6.61805e-40 -2.05558e-38 0)
(-7.91184e-40 -1.15084e-38 0)
(3.95043e-39 -3.86792e-39 0)
(-3.83827e-42 -6.81169e-38 0)
(-4.99012e-39 -2.67783e-39 0)
(-6.95074e-40 1.02772e-38 0)
(4.86881e-40 1.06895e-38 0)
(2.87688e-41 1.06995e-39 0)
(5.31756e-41 1.01404e-38 0)
(1.02235e-39 2.89933e-42 0)
(2.3547e-41 -1.00761e-38 0)
(-5.32549e-40 -5.03419e-40 0)
(-2.63997e-41 -6.12676e-41 0)
(-3.30535e-42 -2.70355e-42 0)
(-1.45221e-43 -1.89971e-43 0)
(-1.02924e-44 -7.56572e-45 0)
(-4.07573e-46 -3.94195e-46 0)
(-2.12112e-47 -1.42973e-47 0)
(-7.63477e-49 -6.07257e-49 0)
(-3.22126e-50 -2.01718e-50 0)
(-1.06003e-51 -7.33233e-52 0)
(-3.91653e-53 -2.29412e-53 0)
(-3.57333e-53 -2.12005e-53 0)
(-1.21164e-51 -6.94829e-52 0)
(-3.71119e-50 -2.47464e-50 0)
(-1.21185e-48 -7.58509e-49 0)
(-3.30729e-47 -2.52902e-47 0)
(-1.00555e-45 -6.90119e-46 0)
(-2.39355e-44 -2.15596e-44 0)
(-6.77405e-43 -5.12679e-43 0)
(-1.36161e-41 -1.50484e-41 0)
(-3.59121e-40 -3.01897e-40 0)
(-5.7812e-39 -8.38134e-39 0)
(-1.42681e-37 -1.3437e-37 0)
(-1.66763e-36 -3.57139e-36 0)
(-3.88798e-35 -4.00399e-35 0)
(-2.61376e-34 -9.99314e-34 0)
(-4.22904e-33 2.80128e-31 0)
(1.98385e-33 7.87497e-33 0)
(6.04765e-35 1.79236e-34 0)
(3.91859e-36 3.5594e-36 0)
(9.33335e-38 1.36954e-37 0)
(6.20586e-40 4.30787e-39 0)
(-1.08778e-40 2.17832e-39 0)
(7.70306e-41 5.20238e-41 0)
(1.85484e-41 -9.82011e-40 0)
(-2.32322e-41 -5.55322e-40 0)
(1.19031e-40 -2.21119e-40 0)
(-1.47013e-42 -4.05337e-39 0)
(-1.51524e-40 -1.64479e-40 0)
(-2.18576e-41 4.8559e-40 0)
(1.37762e-41 5.10666e-40 0)
(8.55984e-43 5.07777e-41 0)
(1.66089e-42 4.84804e-40 0)
(3.04733e-41 1.40436e-43 0)
(7.75801e-43 -4.81676e-40 0)
(-1.52697e-41 -2.38625e-41 0)
(-7.89302e-43 -2.98076e-42 0)
(-9.83284e-44 -1.30917e-43 0)
(-4.44787e-45 -9.27183e-45 0)
(-3.13311e-46 -3.67082e-46 0)
(-1.26585e-47 -1.90975e-47 0)
(-6.54791e-49 -6.87301e-49 0)
(-2.38895e-50 -2.89932e-50 0)
(-1.00213e-51 -9.53977e-52 0)
(-3.3864e-53 -3.43262e-53 0)
(-2.40463e-53 -1.08162e-54 0)
(-7.75323e-52 -1.67296e-54 0)
(-2.7611e-50 -6.16099e-53 0)
(-8.46268e-49 -2.07861e-51 0)
(-2.82132e-47 -7.29289e-50 0)
(-7.69799e-46 -2.22142e-48 0)
(-2.40449e-44 -7.27562e-47 0)
(-5.71662e-43 -1.96975e-45 0)
(-1.67758e-41 -6.02297e-44 0)
(-3.36444e-40 -1.41664e-42 0)
(-9.33932e-39 -4.05053e-41 0)
(-1.49861e-37 -7.99402e-40 0)
(-3.9999e-36 -2.14825e-38 0)
(-4.65651e-35 -3.36391e-37 0)
(-1.24701e-33 -8.58531e-36 0)
(-8.34712e-33 -9.34495e-35 0)
(-7.95209e-33 -1.32545e-31 0)
(-5.12391e-33 -2.59539e-33 0)
(-2.36305e-34 9.96129e-34 0)
(-3.73902e-35 4.0984e-35 0)
(-1.61412e-36 3.78443e-36 0)
(-1.42058e-37 1.41446e-37 0)
(-5.7703e-39 8.95132e-39 0)
(-3.60316e-40 3.20045e-40 0)
(-1.30529e-41 -1.22441e-41 0)
(-1.57825e-42 -1.55274e-41 0)
(5.67023e-42 -6.99006e-42 0)
(-7.26179e-44 -1.22691e-40 0)
(-7.00879e-42 -5.32041e-42 0)
(-9.26234e-43 1.38832e-41 0)
(5.3843e-43 1.46796e-41 0)
(3.34235e-44 1.51797e-42 0)
(6.61314e-44 1.391e-41 0)
(1.21938e-42 4.29978e-45 0)
(3.12846e-44 -1.38168e-41 0)
(-6.04878e-43 -7.13629e-43 0)
(-3.10681e-44 -8.86857e-44 0)
(-3.90072e-45 -4.01025e-45 0)
(-1.75554e-46 -2.82275e-46 0)
(-1.2347e-47 -1.14021e-47 0)
(-4.95767e-49 -5.89602e-49 0)
(-2.54732e-50 -2.15081e-50 0)
(-9.22196e-52 -9.02055e-52 0)
(-3.83083e-53 -2.99393e-53 0)
(-1.33623e-54 -1.08091e-54 0)
(-2.88643e-54 -4.76292e-55 0)
(-1.02982e-52 -1.58777e-53 0)
(-3.51918e-51 -6.89748e-52 0)
(-1.1807e-49 -2.20097e-50 0)
(-3.6776e-48 -9.10245e-49 0)
(-1.13826e-46 -2.55372e-47 0)
(-3.19153e-45 -1.0113e-45 0)
(-9.07714e-44 -2.44439e-44 0)
(-2.2491e-42 -9.34629e-43 0)
(-5.85469e-41 -1.8898e-41 0)
(-1.24525e-39 -7.06818e-40 0)
(-2.95669e-38 -1.14439e-38 0)
(-5.13058e-37 -4.28967e-37 0)
(-1.10527e-35 -5.25727e-36 0)
(-1.37543e-34 -2.07413e-34 0)
(-2.5054e-33 -1.82571e-33 0)
(-2.62997e-31 -2.64456e-33 0)
(-2.76082e-31 -1.06752e-34 0)
(-8.68227e-33 -1.17889e-36 0)
(-1.32417e-33 8.24509e-39 0)
(-4.86996e-35 3.12767e-39 0)
(-4.23699e-36 1.21074e-40 0)
(-1.57369e-37 8.85216e-42 0)
(-9.88585e-39 2.72007e-43 0)
(-3.54322e-40 -1.10814e-42 0)
(-1.77831e-41 -6.42113e-43 0)
(-4.37339e-43 -3.20551e-43 0)
(-2.75428e-44 -5.75984e-42 0)
(-2.0302e-43 -2.53849e-43 0)
(-2.63019e-44 5.43809e-43 0)
(1.45793e-44 5.81186e-43 0)
(9.37059e-46 5.97683e-44 0)
(1.8673e-45 5.51131e-43 0)
(3.33823e-44 1.69673e-46 0)
(8.85773e-46 -5.47435e-43 0)
(-1.6531e-44 -2.80947e-44 0)
(-8.76243e-46 -3.51869e-45 0)
(-1.09031e-46 -1.58304e-46 0)
(-5.01372e-48 -1.11255e-47 0)
(-3.49643e-49 -4.46626e-49 0)
(-1.42402e-50 -2.29405e-50 0)
(-7.25934e-52 -8.30388e-52 0)
(-2.65136e-53 -3.44865e-53 0)
(-1.12005e-54 -1.13395e-54 0)
(-1.12967e-54 -3.67297e-56 0)
(-4.0486e-53 1.32356e-55 0)
(-1.54113e-51 4.95206e-54 0)
(-5.20468e-50 1.8301e-52 0)
(-1.85681e-48 6.21604e-51 0)
(-5.65614e-47 2.13805e-49 0)
(-1.89237e-45 6.58568e-48 0)
(-5.11743e-44 2.10445e-46 0)
(-1.60892e-42 5.79095e-45 0)
(-3.77421e-41 1.7118e-43 0)
(-1.1204e-39 4.05353e-42 0)
(-2.20027e-38 1.03867e-40 0)
(-6.23096e-37 1.31026e-39 0)
(-9.64194e-36 -2.9295e-38 0)
(-2.65583e-34 -5.59228e-36 0)
(-2.78013e-33 -3.67736e-34 0)
(-7.44485e-32 -1.69062e-32 0)
(-6.96824e-33 -5.41696e-33 0)
(-5.61826e-33 -1.19866e-33 0)
(-2.52726e-34 -1.06579e-33 0)
(-3.91662e-35 -4.19519e-35 0)
(-1.67513e-36 -3.78779e-36 0)
(-1.46227e-37 -1.41247e-37 0)
(-5.91259e-39 -8.87933e-39 0)
(-3.7146e-40 -3.18199e-40 0)
(-1.40692e-41 -1.59722e-41 0)
(-7.05668e-43 -5.59205e-43 0)
(-1.8305e-44 -3.24537e-44 0)
(-1.12178e-45 -1.67754e-43 0)
(-7.86229e-45 -7.75311e-45 0)
(-9.43343e-46 1.4795e-44 0)
(4.90828e-46 1.59102e-44 0)
(3.15047e-47 1.68481e-45 0)
(6.33424e-47 1.50675e-44 0)
(1.13795e-45 4.84297e-48 0)
(3.00716e-47 -1.49641e-44 0)
(-5.63362e-46 -7.92485e-46 0)
(-2.97257e-47 -9.83626e-47 0)
(-3.69126e-48 -4.52145e-48 0)
(-1.68947e-49 -3.15077e-49 0)
(-1.16991e-50 -1.28296e-50 0)
(-4.7361e-52 -6.53803e-52 0)
(-2.39052e-53 -2.38751e-53 0)
(-8.6642e-55 -9.84145e-55 0)
(-3.3527e-56 -3.06925e-56 0)
(7.06785e-56 7.22138e-56 0)
(2.65627e-54 2.98e-54 0)
(1.00201e-52 1.10329e-52 0)
(3.38155e-51 4.20087e-51 0)
(1.19273e-49 1.41874e-49 0)
(3.63266e-48 5.06285e-48 0)
(1.19788e-46 1.54217e-46 0)
(3.24104e-45 5.16078e-45 0)
(9.99913e-44 1.39471e-43 0)
(2.34874e-42 4.37579e-42 0)
(6.79761e-41 1.01171e-40 0)
(1.33799e-39 2.84836e-39 0)
(3.65595e-38 3.80983e-38 0)
(5.67531e-37 -3.24696e-37 0)
(1.4798e-35 -1.34517e-34 0)
(1.55077e-34 -9.86617e-33 0)
(3.7459e-33 -5.38306e-31 0)
(-1.21424e-33 -1.56113e-31 0)
(4.70454e-34 -4.40219e-33 0)
(1.10607e-35 -1.14966e-34 0)
(-1.3721e-36 -2.68671e-36 0)
(-8.56347e-38 -1.42997e-37 0)
(-1.1357e-38 -5.34439e-39 0)
(-4.99723e-40 -3.27907e-40 0)
(-3.55646e-41 -1.24052e-41 0)
(-1.38999e-42 -6.233e-43 0)
(-7.33356e-44 -2.26242e-44 0)
(-2.4366e-45 -1.29968e-45 0)
(-1.14851e-46 -6.57108e-45 0)
(-2.18137e-46 -3.0657e-46 0)
(-2.5445e-47 4.9857e-46 0)
(1.25777e-47 5.41831e-46 0)
(8.29736e-49 5.71344e-47 0)
(1.6786e-48 5.13497e-46 0)
(2.94555e-47 1.6309e-49 0)
(7.97659e-49 -5.09998e-46 0)
(-1.45798e-47 -2.68862e-47 0)
(-7.88345e-49 -3.33032e-48 0)
(-9.67614e-50 -1.5237e-49 0)
(-4.50007e-51 -1.05434e-50 0)
(-3.08407e-52 -4.26729e-52 0)
(-1.26075e-53 -2.15317e-53 0)
(-6.30334e-55 -7.80323e-55 0)
(-2.16094e-56 -3.17931e-56 0)
(5.36021e-56 -1.06461e-57 0)
(2.21531e-54 -9.93667e-58 0)
(8.20133e-53 -3.89051e-56 0)
(3.12287e-51 -1.44019e-54 0)
(1.05458e-49 -5.48401e-53 0)
(3.76354e-48 -1.85182e-51 0)
(1.14626e-46 -6.60888e-50 0)
(3.83653e-45 -2.01266e-48 0)
(1.03722e-43 -6.73558e-47 0)
(3.26252e-42 -1.81919e-45 0)
(7.65021e-41 -5.70026e-44 0)
(2.2722e-39 -1.30674e-42 0)
(4.45963e-38 -3.56432e-41 0)
(1.26365e-36 -3.38787e-40 0)
(1.95378e-35 1.87157e-38 0)
(5.38458e-34 2.89378e-36 0)
(5.62994e-33 2.02854e-34 0)
(1.50833e-31 1.07828e-32 0)
(1.08976e-33 -1.56671e-31 0)
(-5.49235e-34 -4.39363e-33 0)
(-1.79294e-35 -8.7596e-35 0)
(-2.03072e-36 -1.3992e-36 0)
(-7.0502e-38 -2.71586e-38 0)
(-5.03578e-39 -6.39677e-40 0)
(-1.76236e-40 -3.41726e-41 0)
(-9.62932e-42 -1.27964e-42 0)
(-3.27146e-43 -6.66969e-44 0)
(-1.47243e-44 -2.39112e-45 0)
(-4.70394e-46 -1.12705e-46 0)
(-1.8483e-47 -1.83357e-46 0)
(-7.75408e-48 -8.84607e-48 0)
(-8.17809e-49 1.28266e-47 0)
(3.72846e-49 1.40385e-47 0)
(2.46058e-50 1.51408e-48 0)
(5.0242e-50 1.32922e-47 0)
(8.84885e-49 4.34083e-51 0)
(2.38908e-50 -1.32004e-47 0)
(-4.38043e-49 -7.1309e-49 0)
(-2.36147e-50 -8.73058e-50 0)
(-2.87543e-51 -4.05873e-51 0)
(-1.33176e-52 -2.77954e-52 0)
(-9.03129e-54 -1.13601e-53 0)
(-3.67053e-55 -5.67804e-55 0)
(-1.81324e-56 -2.06831e-56 0)
(-6.3772e-58 -8.77457e-58 0)
(6.92269e-58 -1.86077e-57 0)
(2.86364e-56 -7.37991e-56 0)
(1.05728e-54 -2.99823e-54 0)
(3.9315e-53 -1.11e-52 0)
(1.32571e-51 -4.22676e-51 0)
(4.59067e-50 -1.42742e-49 0)
(1.39849e-48 -5.09438e-48 0)
(4.50117e-47 -1.55167e-46 0)
(1.21983e-45 -5.1933e-45 0)
(3.64182e-44 -1.40336e-43 0)
(8.58394e-43 -4.40354e-42 0)
(2.37158e-41 -1.01778e-40 0)
(4.69546e-40 -2.86374e-39 0)
(1.19586e-38 -3.80139e-38 0)
(1.87283e-37 3.56138e-37 0)
(4.32549e-36 1.37715e-34 0)
(4.56163e-35 1.00813e-32 0)
(8.18736e-34 5.49476e-31 0)
(-6.60995e-35 -8.10754e-33 0)
(3.32043e-35 -3.13374e-34 0)
(1.08435e-36 -1.01111e-35 0)
(1.12282e-37 -2.34825e-37 0)
(3.73757e-39 -1.03227e-38 0)
(2.43157e-40 -3.2226e-40 0)
(7.98111e-42 -1.6574e-41 0)
(3.97316e-43 -5.50768e-43 0)
(1.24935e-44 -2.43664e-44 0)
(5.12167e-46 -7.77802e-46 0)
(1.53661e-47 -2.99923e-47 0)
(5.33278e-49 -6.98001e-48 0)
(-1.71285e-49 -3.26913e-49 0)
(-1.98209e-50 3.80331e-49 0)
(9.03792e-51 4.2145e-49 0)
(6.08823e-52 4.53189e-50 0)
(1.24987e-51 3.99328e-49 0)
(2.16128e-50 1.28351e-52 0)
(5.94876e-52 -3.96602e-49 0)
(-1.06983e-50 -2.13606e-50 0)
(-5.88014e-52 -2.59452e-51 0)
(-7.06315e-53 -1.20119e-52 0)
(-3.31014e-54 -8.13984e-54 0)
(-2.21821e-55 -3.30749e-55 0)
(-9.07218e-57 -1.6334e-56 0)
(-4.59046e-58 -5.90533e-58 0)
(-6.97223e-58 -2.45713e-59 0)
(-2.74163e-56 -4.50427e-59 0)
(-1.11376e-54 -1.77742e-57 0)
(-4.12291e-53 -7.12141e-56 0)
(-1.56987e-51 -2.63111e-54 0)
(-5.30105e-50 -9.84784e-53 0)
(-1.89182e-48 -3.32209e-51 0)
(-5.76164e-47 -1.16017e-49 0)
(-1.92849e-45 -3.53405e-48 0)
(-5.21366e-44 -1.15012e-46 0)
(-1.64005e-42 -3.11055e-45 0)
(-3.8458e-41 -9.37476e-44 0)
(-1.1424e-39 -2.13174e-42 0)
(-2.24242e-38 -5.24603e-41 0)
(-6.35533e-37 -2.01922e-40 0)
(-9.82882e-36 5.79686e-38 0)
(-2.70969e-34 6.18762e-36 0)
(-2.83478e-33 3.86277e-34 0)
(-7.59743e-32 1.73774e-32 0)
(-1.15693e-33 -1.65501e-31 0)
(5.81352e-34 -4.63786e-33 0)
(1.88703e-35 -8.92205e-35 0)
(2.04841e-36 -1.3259e-36 0)
(6.94961e-38 -1.29121e-38 0)
(4.77691e-39 -3.02137e-41 0)
(1.62379e-40 6.70254e-42 0)
(8.56949e-42 2.66233e-43 0)
(2.82233e-43 1.21722e-44 0)
(1.23008e-44 3.85624e-46 0)
(3.85915e-46 1.44883e-47 0)
(1.44756e-47 2.72347e-49 0)
(4.23502e-49 6.33372e-51 0)
(1.36447e-50 9.64508e-51 0)
(6.36647e-52 1.03131e-50 0)
(2.80216e-53 1.12775e-51 0)
(3.38949e-53 9.75393e-51 0)
(5.82243e-52 3.18766e-54 0)
(1.59984e-53 -9.68692e-51 0)
(-2.88245e-52 -5.31903e-52 0)
(-1.58166e-53 -6.37339e-53 0)
(-1.87741e-54 -2.98568e-54 0)
(-8.76661e-56 -1.99932e-55 0)
(-5.79928e-57 -8.1748e-57 0)
(-2.3585e-58 -3.99352e-58 0)
(-1.20981e-59 -1.41417e-59 0)
(-3.16629e-59 1.35918e-59 0)
(-1.25521e-57 6.13642e-58 0)
(-5.04348e-56 2.47001e-56 0)
(-1.864e-54 1.00348e-54 0)
(-7.00188e-53 3.7149e-53 0)
(-2.36232e-51 1.41458e-51 0)
(-8.28839e-50 4.77702e-50 0)
(-2.52452e-48 1.7049e-48 0)
(-8.26829e-47 5.19285e-47 0)
(-2.23825e-45 1.73821e-45 0)
(-6.84368e-44 4.69985e-44 0)
(-1.60929e-42 1.47853e-42 0)
(-4.60066e-41 3.46787e-41 0)
(-9.07233e-40 1.0304e-39 0)
(-2.4352e-38 2.02513e-38 0)
(-3.79083e-37 5.75379e-37 0)
(-9.60512e-36 9.01702e-36 0)
(-1.00911e-34 2.52687e-34 0)
(-2.29526e-33 2.8843e-33 0)
(1.19366e-33 -1.64952e-31 0)
(-5.998e-34 -4.61922e-33 0)
(-1.95942e-35 -8.73065e-35 0)
(-2.13423e-36 -1.26018e-36 0)
(-7.28028e-38 -8.25278e-39 0)
(-5.02058e-39 1.33242e-40 0)
(-1.71519e-40 1.56684e-41 0)
(-9.08e-42 5.72139e-43 0)
(-3.00431e-43 2.59964e-44 0)
(-1.31325e-44 8.34972e-46 0)
(-4.13755e-46 3.19325e-47 0)
(-1.55632e-47 9.60711e-49 0)
(-4.63196e-49 3.2339e-50 0)
(-1.53998e-50 1.17264e-51 0)
(-4.25122e-52 3.05441e-52 0)
(-1.24877e-53 3.10461e-53 0)
(4.45937e-55 2.62787e-52 0)
(1.3385e-53 8.48489e-56 0)
(3.73543e-55 -2.60987e-52 0)
(-6.63097e-54 -1.43068e-53 0)
(-3.69556e-55 -1.69408e-54 0)
(-4.32048e-56 -7.90736e-56 0)
(-2.03474e-57 -5.22714e-57 0)
(-1.32835e-58 -2.12518e-58 0)
(-5.42019e-60 -1.02422e-59 0)
(-2.51934e-61 -3.37961e-61 0)
(2.65194e-61 1.29921e-60 0)
(1.12018e-59 5.6335e-59 0)
(4.59261e-58 2.25996e-57 0)
(1.72137e-56 9.07054e-56 0)
(6.59718e-55 3.34898e-54 0)
(2.25086e-53 1.25669e-52 0)
(8.05765e-52 4.23635e-51 0)
(2.47185e-50 1.48497e-49 0)
(8.26062e-49 4.52055e-48 0)
(2.23847e-47 1.47942e-46 0)
(6.98336e-46 4.00455e-45 0)
(1.62748e-44 1.22378e-43 0)
(4.74463e-43 2.8799e-42 0)
(9.10448e-42 8.23245e-41 0)
(2.48745e-40 1.6277e-39 0)
(3.62264e-39 4.37571e-38 0)
(9.31504e-38 6.8839e-37 0)
(8.32472e-37 1.75927e-35 0)
(1.98365e-35 1.9359e-34 0)
(1.19431e-33 -4.78024e-33 0)
(-6.0206e-34 -1.78326e-34 0)
(-1.9799e-35 -3.63025e-36 0)
(-2.2528e-36 -2.12412e-38 0)
(-7.86784e-38 7.69427e-39 0)
(-5.63635e-39 4.02764e-40 0)
(-1.98179e-40 3.15456e-41 0)
(-1.08517e-41 1.27741e-42 0)
(-3.70044e-43 6.94068e-44 0)
(-1.66834e-44 2.52167e-45 0)
(-5.4168e-46 1.10441e-46 0)
(-2.0973e-47 3.67415e-48 0)
(-6.42617e-49 1.3724e-49 0)
(-2.19459e-50 4.21845e-51 0)
(-6.31707e-52 1.44824e-52 0)
(-1.9368e-53 4.64465e-54 0)
(-5.04079e-55 6.16116e-54 0)
(3.12986e-55 5.02351e-57 0)
(8.76634e-57 -6.00403e-54 0)
(-1.62206e-55 -3.34279e-55 0)
(-9.03472e-57 -3.89866e-56 0)
(-1.04088e-57 -1.83532e-57 0)
(-4.88612e-59 -1.19732e-58 0)
(-3.14314e-60 -4.88438e-60 0)
(-1.10662e-61 -2.2506e-61 0)
(7.24787e-61 3.40165e-61 0)
(3.13026e-59 1.51599e-59 0)
(1.25424e-57 6.57154e-58 0)
(5.02794e-56 2.6451e-56 0)
(1.85432e-54 1.07516e-54 0)
(6.95024e-53 3.98025e-53 0)
(2.34069e-51 1.51662e-51 0)
(8.19614e-50 5.12143e-50 0)
(2.49325e-48 1.82938e-48 0)
(8.15206e-47 5.57164e-47 0)
(2.20591e-45 1.86708e-45 0)
(6.73645e-44 5.04784e-44 0)
(1.58583e-42 1.59033e-42 0)
(4.53119e-41 3.72974e-41 0)
(8.96998e-40 1.11039e-39 0)
(2.40919e-38 2.18226e-38 0)
(3.78584e-37 6.21751e-37 0)
(9.61216e-36 9.74825e-36 0)
(1.03059e-34 2.74367e-34 0)
(2.3424e-33 3.14073e-33 0)
(-1.29026e-33 -3.68399e-33 0)
(4.80954e-34 -1.09578e-34 0)
(1.02754e-35 3.56492e-35 0)
(-1.9735e-36 1.74292e-36 0)
(-1.14498e-37 1.61714e-37 0)
(-1.44301e-38 6.55906e-39 0)
(-6.27904e-40 4.10908e-40 0)
(-4.41547e-41 1.55133e-41 0)
(-1.7178e-42 7.74597e-43 0)
(-9.01305e-44 2.72965e-44 0)
(-3.21139e-45 1.14944e-45 0)
(-1.38115e-46 3.77487e-47 0)
(-4.54061e-48 1.3854e-48 0)
(-1.67718e-49 4.23935e-50 0)
(-5.1068e-51 1.38577e-51 0)
(-1.66546e-52 3.95502e-53 0)
(-4.70884e-54 1.31586e-54 0)
(-1.30971e-55 3.11511e-56 0)
(-3.43278e-57 -1.46016e-55 0)
(-3.60797e-57 -8.1508e-57 0)
(-2.00432e-58 -9.38719e-58 0)
(-2.25022e-59 -4.40599e-59 0)
(-1.06098e-60 -2.83317e-60 0)
(-5.88618e-62 -1.15135e-61 0)
(3.84454e-61 -1.47668e-62 0)
(1.68413e-59 -4.3273e-61 0)
(7.30007e-58 -1.88083e-59 0)
(2.93823e-56 -8.14083e-58 0)
(1.19427e-54 -3.27586e-56 0)
(4.42097e-53 -1.32915e-54 0)
(1.68448e-51 -4.9196e-53 0)
(5.6879e-50 -1.87036e-51 0)
(2.03162e-48 -6.31553e-50 0)
(6.18706e-47 -2.2496e-48 0)
(2.07318e-45 -6.85197e-47 0)
(5.60435e-44 -2.28794e-45 0)
(1.76551e-42 -6.18663e-44 0)
(4.13959e-41 -1.93954e-42 0)
(1.23207e-39 -4.54204e-41 0)
(2.41821e-38 -1.33536e-39 0)
(6.87198e-37 -2.531e-38 0)
(1.06281e-35 -6.45499e-37 0)
(2.94152e-34 -4.13684e-36 0)
(3.07886e-33 1.26167e-34 0)
(8.30489e-32 1.61327e-32 0)
(-5.54193e-33 -1.65818e-31 0)
(-8.14773e-33 -3.34114e-33 0)
(-3.49511e-34 1.18978e-33 0)
(-5.20096e-35 4.9074e-35 0)
(-2.18131e-36 4.5376e-36 0)
(-1.87199e-37 1.69639e-37 0)
(-7.4952e-39 1.06696e-38 0)
(-4.66792e-40 3.82328e-40 0)
(-1.75779e-41 1.91492e-41 0)
(-8.76028e-43 6.50358e-43 0)
(-3.08272e-44 2.74358e-44 0)
(-1.2965e-45 8.76637e-46 0)
(-4.25356e-47 3.21941e-47 0)
(-1.55964e-48 9.64616e-49 0)
(-4.76884e-50 3.15175e-50 0)
(-1.55754e-51 8.84485e-52 0)
(-4.44111e-53 2.61058e-53 0)
(-1.31121e-54 6.85984e-55 0)
(-3.48994e-56 1.53053e-56 0)
(-1.0204e-57 2.75929e-58 0)
(-2.78639e-59 -8.96764e-60 0)
(-1.07676e-60 -6.95536e-61 0)
(-3.70517e-62 -5.4618e-62 0)
(-1.18051e-62 -3.01047e-63 0)
(-4.63521e-61 -3.19165e-62 0)
(-2.01554e-59 -1.46928e-60 0)
(-8.7269e-58 -6.39122e-59 0)
(-3.51208e-56 -2.76964e-57 0)
(-1.42554e-54 -1.11484e-55 0)
(-5.27676e-53 -4.52983e-54 0)
(-2.00705e-51 -1.67701e-52 0)
(-6.77723e-50 -6.38687e-51 0)
(-2.41534e-48 -2.15688e-49 0)
(-7.35645e-47 -7.69937e-48 0)
(-2.45801e-45 -2.34508e-46 0)
(-6.64601e-44 -7.85114e-45 0)
(-2.08589e-42 -2.1219e-43 0)
(-4.89221e-41 -6.66553e-42 0)
(-1.44888e-39 -1.54719e-40 0)
(-2.84467e-38 -4.42681e-39 0)
(-8.02896e-37 -6.73072e-38 0)
(-1.24196e-35 -3.60437e-37 0)
(-3.40326e-34 1.37705e-34 0)
(-3.55932e-33 1.0653e-32 0)
(-9.44135e-32 5.98132e-31 0)
(-3.11154e-31 1.87283e-31 0)
(-3.33034e-31 5.29355e-33 0)
(-1.04763e-32 1.02443e-34 0)
(-1.5948e-33 1.53006e-36 0)
(-5.86337e-35 1.52003e-38 0)
(-5.09665e-36 4.52304e-41 0)
(-1.89247e-37 -7.19877e-42 0)
(-1.18825e-38 -2.90104e-43 0)
(-4.25821e-40 -1.3295e-44 0)
(-2.13354e-41 -4.21756e-46 0)
(-7.24809e-43 -1.58483e-47 0)
(-3.05845e-44 -4.70896e-49 0)
(-9.77442e-46 -1.56049e-50 0)
(-3.59014e-47 -4.35912e-52 0)
(-1.07585e-48 -1.29901e-53 0)
(-3.51545e-50 -3.40656e-55 0)
(-9.86639e-52 -9.17142e-57 0)
(-2.91183e-53 -2.27401e-58 0)
(-7.65278e-55 -7.69002e-59 0)
(-2.06226e-56 -4.14614e-60 0)
(-5.07771e-58 -4.49487e-61 0)
(-1.25996e-59 -2.10754e-62 0)
(-2.91557e-61 -1.30441e-63 0)
(-3.36397e-62 3.1677e-64 0)
(-1.24462e-60 1.72963e-62 0)
(-5.41319e-59 7.98795e-61 0)
(-2.34552e-57 3.47423e-59 0)
(-9.44086e-56 1.50481e-57 0)
(-3.83544e-54 6.0565e-56 0)
(-1.41987e-52 2.45939e-54 0)
(-5.40651e-51 9.10434e-53 0)
(-1.82571e-49 3.46479e-51 0)
(-6.51557e-48 1.17004e-49 0)
(-1.98441e-46 4.17277e-48 0)
(-6.64195e-45 1.27094e-46 0)
(-1.79567e-43 4.24967e-45 0)
(-5.64834e-42 1.14808e-43 0)
(-1.32448e-40 3.59379e-42 0)
(-3.93406e-39 8.24534e-41 0)
(-7.72162e-38 2.24976e-39 0)
(-2.18813e-36 2.18841e-38 0)
(-3.38345e-35 -1.13229e-36 0)
(-9.32593e-34 -1.78457e-34 0)
(-9.75279e-33 -1.25279e-32 0)
(-2.61329e-31 -6.6633e-31 0)
(-6.90587e-33 5.37097e-31 0)
(-7.46239e-33 1.37949e-32 0)
(-3.27001e-34 -9.86214e-34 0)
(-4.95647e-35 -4.59983e-35 0)
(-2.09776e-36 -4.50288e-36 0)
(-1.81456e-37 -1.69383e-37 0)
(-7.299e-39 -1.06748e-38 0)
(-4.5644e-40 -3.82605e-40 0)
(-1.72357e-41 -1.91625e-41 0)
(-8.61115e-43 -6.50785e-43 0)
(-3.03579e-44 -2.74519e-44 0)
(-1.2789e-45 -8.77115e-46 0)
(-4.20128e-47 -3.22099e-47 0)
(-1.54231e-48 -9.6506e-49 0)
(-4.72044e-50 -3.15307e-50 0)
(-1.54312e-51 -8.84831e-52 0)
(-4.40329e-53 -2.6112e-53 0)
(-1.3011e-54 -6.86215e-55 0)
(-3.46514e-56 -1.84915e-56 0)
(-9.35462e-58 -4.55279e-58 0)
(-2.32808e-59 -1.1297e-59 0)
(-5.78818e-61 -2.60897e-61 0)
(-1.32843e-62 -5.98451e-63 0)
(8.86094e-63 9.15602e-64 0)
(4.23615e-61 4.89483e-62 0)
(1.84252e-59 2.26116e-60 0)
(7.98312e-58 9.83561e-59 0)
(3.21303e-56 4.26184e-57 0)
(1.30525e-54 1.71545e-55 0)
(4.83173e-53 6.9694e-54 0)
(1.83971e-51 2.58014e-52 0)
(6.21217e-50 9.82495e-51 0)
(2.21692e-48 3.31793e-49 0)
(6.7517e-47 1.18417e-47 0)
(2.25981e-45 3.60674e-46 0)
(6.10937e-44 1.20718e-44 0)
(1.92174e-42 3.26205e-43 0)
(4.5064e-41 1.0236e-41 0)
(1.33858e-39 2.36531e-40 0)
(2.62757e-38 6.65064e-39 0)
(7.44656e-37 8.76992e-38 0)
(1.1517e-35 -8.84277e-37 0)
(3.17489e-34 -3.24102e-34 0)
(3.32177e-33 -2.36495e-32 0)
(8.90113e-32 -1.28497e-30 0)
(-2.65419e-33 1.95802e-31 0)
(1.16626e-33 5.58966e-33 0)
(3.29117e-35 7.29326e-35 0)
(4.87179e-37 -6.89876e-38 0)
(-3.01027e-38 -1.40144e-37 0)
(-8.62932e-39 -6.31659e-39 0)
(-4.29228e-40 -4.08122e-40 0)
(-3.36729e-41 -1.54766e-41 0)
(-1.37069e-42 -7.73681e-43 0)
(-7.50068e-44 -2.72722e-44 0)
(-2.73496e-45 -1.14856e-45 0)
(-1.20248e-46 -3.77236e-47 0)
(-4.0094e-48 -1.38457e-48 0)
(-1.50116e-49 -4.23709e-50 0)
(-4.61474e-51 -1.38494e-51 0)
(-1.51884e-52 -3.95158e-53 0)
(-4.32452e-54 -1.16755e-54 0)
(-1.27623e-55 -3.10931e-56 0)
(-3.37607e-57 -8.39376e-58 0)
(-9.05348e-59 -2.08891e-59 0)
(-2.23042e-60 -5.19356e-61 0)
(-5.48506e-62 -1.20955e-62 0)
(-6.7518e-64 -2.86141e-64 0)
(2.73924e-62 -3.70326e-64 0)
(1.26658e-60 -1.70435e-62 0)
(5.50906e-59 -7.872e-61 0)
(2.38701e-57 -3.42389e-59 0)
(9.60739e-56 -1.48348e-57 0)
(3.90305e-54 -5.97073e-56 0)
(1.44484e-52 -2.42555e-54 0)
(5.5016e-51 -8.97902e-53 0)
(1.85775e-49 -3.41889e-51 0)
(6.63008e-48 -1.15451e-49 0)
(2.01923e-46 -4.1202e-48 0)
(6.75884e-45 -1.25491e-46 0)
(1.82725e-43 -4.20046e-45 0)
(5.7482e-42 -1.13578e-43 0)
(1.34791e-40 -3.57357e-42 0)
(4.00425e-39 -8.39017e-41 0)
(7.85991e-38 -2.50128e-39 0)
(2.22782e-36 -5.00784e-38 0)
(3.44541e-35 -1.48982e-36 0)
(9.49987e-34 -2.91301e-35 0)
(9.93853e-33 -1.04749e-33 0)
(2.66421e-31 -2.61452e-32 0)
(-6.73366e-35 1.94555e-31 0)
(3.18989e-35 5.50222e-33 0)
(1.25825e-36 1.06597e-34 0)
(2.88988e-38 1.5647e-36 0)
(-2.21575e-40 8.6187e-39 0)
(-2.52559e-40 -3.15422e-40 0)
(-1.34712e-41 -3.64679e-41 0)
(-1.11455e-42 -1.48919e-42 0)
(-4.71619e-44 -7.92936e-44 0)
(-2.62008e-45 -2.83345e-45 0)
(-9.81618e-47 -1.22174e-46 0)
(-4.34134e-48 -4.02059e-48 0)
(-1.47652e-49 -1.48729e-49 0)
(-5.54279e-51 -4.53191e-51 0)
(-1.72917e-52 -1.47951e-52 0)
(-5.69832e-54 -4.18589e-54 0)
(-1.64023e-55 -1.22813e-55 0)
(-4.84332e-57 -3.23334e-57 0)
(-1.29147e-58 -8.63265e-59 0)
(-3.46373e-60 -2.11881e-60 0)
(-8.58146e-62 -5.19382e-62 0)
(-2.11452e-63 -1.19082e-63 0)
(-2.57202e-64 -4.87178e-65 0)
(-9.75698e-63 -1.07118e-63 0)
(-4.50579e-61 -5.00999e-62 0)
(-1.95964e-59 -2.31435e-60 0)
(-8.49003e-58 -1.00671e-58 0)
(-3.41684e-56 -4.36243e-57 0)
(-1.38797e-54 -1.75594e-55 0)
(-5.13763e-53 -7.13453e-54 0)
(-1.95609e-51 -2.64128e-52 0)
(-6.60483e-50 -1.00589e-50 0)
(-2.35696e-48 -3.39691e-49 0)
(-7.17795e-47 -1.21253e-47 0)
(-2.40241e-45 -3.69313e-46 0)
(-6.49484e-44 -1.23638e-44 0)
(-2.04299e-42 -3.34199e-43 0)
(-4.79084e-41 -1.05034e-41 0)
(-1.42311e-39 -2.44627e-40 0)
(-2.79374e-38 -7.08704e-39 0)
(-7.91802e-37 -1.18271e-37 0)
(-1.22489e-35 -1.70466e-36 0)
(-3.37701e-34 1.2624e-34 0)
(-3.53488e-33 1.07865e-32 0)
(-9.47253e-32 6.3156e-31 0)
(-1.27526e-33 1.91483e-31 0)
(6.40791e-34 5.3797e-33 0)
(2.06349e-35 1.09454e-34 0)
(2.2361e-36 1.76509e-36 0)
(7.54142e-38 3.14324e-38 0)
(5.17217e-39 5.98142e-40 0)
(1.74896e-40 2.17007e-41 0)
(9.20737e-42 6.57019e-43 0)
(3.01798e-43 2.75069e-44 0)
(1.31202e-44 8.48792e-46 0)
(4.09817e-46 3.12526e-47 0)
(1.53335e-47 9.1249e-49 0)
(4.52627e-49 2.96951e-50 0)
(1.49627e-50 8.14356e-52 0)
(4.1571e-52 2.38125e-53 0)
(1.23582e-53 6.12233e-55 0)
(3.22554e-55 1.6282e-56 0)
(8.73067e-57 3.92204e-58 0)
(2.13915e-58 9.5692e-60 0)
(5.31913e-60 2.15931e-61 0)
(1.22328e-61 4.86385e-63 0)
(2.80036e-63 1.03048e-64 0)
(-5.42259e-64 1.34968e-65 0)
(-2.82161e-62 5.58672e-64 0)
(-1.30354e-60 2.61424e-62 0)
(-5.67021e-59 1.2077e-60 0)
(-2.45722e-57 5.25346e-59 0)
(-9.89054e-56 2.27663e-57 0)
(-4.0188e-54 9.16404e-56 0)
(-1.48776e-52 3.72363e-54 0)
(-5.66619e-51 1.37856e-52 0)
(-1.9134e-49 5.25032e-51 0)
(-6.83034e-48 1.77308e-49 0)
(-2.08025e-46 6.32945e-48 0)
(-6.96515e-45 1.92783e-46 0)
(-1.883e-43 6.4541e-45 0)
(-5.92575e-42 1.74396e-43 0)
(-1.38948e-40 5.47367e-42 0)
(-4.12965e-39 1.26412e-40 0)
(-8.10526e-38 3.54882e-39 0)
(-2.29877e-36 4.59579e-38 0)
(-3.55452e-35 -5.57269e-37 0)
(-9.80946e-34 -1.79846e-34 0)
(-1.02598e-32 -1.30509e-32 0)
(-2.75474e-31 -7.06151e-31 0)
(3.00189e-33 1.97223e-32 0)
(-1.50843e-33 7.62208e-34 0)
(-4.95261e-35 2.44931e-35 0)
(-5.37994e-36 5.66038e-37 0)
(-1.83888e-37 2.45604e-38 0)
(-1.26503e-38 7.60028e-40 0)
(-4.32488e-40 3.87243e-41 0)
(-2.28481e-41 1.27714e-42 0)
(-7.56031e-43 5.60712e-44 0)
(-3.29891e-44 1.77563e-45 0)
(-1.03906e-45 6.72382e-47 0)
(-3.90236e-47 2.01288e-48 0)
(-1.16051e-48 6.73463e-50 0)
(-3.85083e-50 1.89725e-51 0)
(-1.07701e-51 5.70813e-53 0)
(-3.21367e-53 1.5103e-54 0)
(-8.43799e-55 4.13703e-56 0)
(-2.29225e-56 1.02726e-57 0)
(-5.64659e-58 2.58487e-59 0)
(-1.409e-59 6.02279e-61 0)
(-3.25607e-61 1.40126e-62 0)
(-7.50342e-63 3.0679e-64 0)
(2.49011e-64 2.5297e-65 0)
(1.92731e-62 9.19236e-64 0)
(8.90593e-61 4.30099e-62 0)
(3.87422e-59 1.98673e-60 0)
(1.67907e-57 8.64194e-59 0)
(6.75887e-56 3.74462e-57 0)
(2.74658e-54 1.50727e-55 0)
(1.01684e-52 6.12362e-54 0)
(3.87306e-51 2.26703e-52 0)
(1.30794e-49 8.63265e-51 0)
(4.66948e-48 2.91529e-49 0)
(1.42218e-46 1.04046e-47 0)
(4.76226e-45 3.16904e-46 0)
(1.28746e-43 1.06065e-44 0)
(4.05205e-42 2.86578e-43 0)
(9.50099e-41 8.9882e-42 0)
(2.8241e-39 2.07126e-40 0)
(5.5423e-38 5.76165e-39 0)
(1.57209e-36 6.84552e-38 0)
(2.43033e-35 -1.57574e-36 0)
(6.70828e-34 -3.48664e-34 0)
(7.01331e-33 -2.50287e-32 0)
(1.88395e-31 -1.35108e-30 0)
(4.18899e-33 5.92205e-31 0)
(-2.10719e-33 1.65861e-32 0)
(-6.86723e-35 3.17248e-34 0)
(-7.57023e-36 4.70693e-36 0)
(-2.59351e-37 4.97627e-38 0)
(-1.80874e-38 3.64249e-40 0)
(-6.22324e-40 8.76466e-43 0)
(-3.32959e-41 1.33472e-43 0)
(-1.11109e-42 1.95653e-44 0)
(-4.90691e-44 9.91929e-46 0)
(-1.56048e-45 5.53455e-47 0)
(-5.9294e-47 2.09501e-48 0)
(-1.78164e-48 8.72249e-50 0)
(-5.97978e-50 2.8713e-51 0)
(-1.69052e-51 1.00387e-52 0)
(-5.1015e-53 2.98488e-54 0)
(-1.3543e-54 9.16044e-56 0)
(-3.72044e-56 2.49738e-57 0)
(-9.2674e-58 6.88384e-59 0)
(-2.33841e-59 1.73408e-60 0)
(-5.46484e-61 4.3533e-62 0)
(-1.274e-62 1.01781e-63 0)
(1.38188e-64 1.24686e-65 0)
(1.95413e-62 -5.42158e-64 0)
(9.02756e-61 -2.53994e-62 0)
(3.92649e-59 -1.17366e-60 0)
(1.70098e-57 -5.10613e-59 0)
(6.84608e-56 -2.21338e-57 0)
(2.78058e-54 -8.91068e-56 0)
(1.02931e-52 -3.62177e-54 0)
(3.91816e-51 -1.34102e-52 0)
(1.32308e-49 -5.10912e-51 0)
(4.72001e-48 -1.7256e-49 0)
(1.43754e-46 -6.1624e-48 0)
(4.80931e-45 -1.87715e-46 0)
(1.30024e-43 -6.28748e-45 0)
(4.08756e-42 -1.6992e-43 0)
(9.58544e-41 -5.33783e-42 0)
(2.84498e-39 -1.23482e-40 0)
(5.5846e-38 -3.48994e-39 0)
(1.58092e-36 -4.75631e-38 0)
(2.44493e-35 3.09014e-37 0)
(6.72891e-34 1.58821e-34 0)
(7.03805e-33 1.17924e-32 0)
(1.88086e-31 6.51797e-31 0)
(-5.97194e-33 5.86435e-31 0)
(2.80832e-33 1.6404e-32 0)
(8.60773e-35 3.49061e-34 0)
(5.80303e-36 6.35019e-36 0)
(1.44695e-37 2.04164e-37 0)
(2.40653e-39 6.69069e-39 0)
(-7.206e-41 3.97825e-40 0)
(-1.64725e-41 1.52094e-41 0)
(-8.40283e-43 7.74058e-43 0)
(-5.41741e-44 2.77075e-44 0)
(-2.13528e-45 1.18352e-45 0)
(-1.00394e-46 3.93002e-47 0)
(-3.4848e-48 1.45688e-48 0)
(-1.35306e-49 4.49423e-50 0)
(-4.2638e-51 1.47981e-51 0)
(-1.43568e-52 4.24808e-53 0)
(-4.15733e-54 1.26223e-54 0)
(-1.24622e-55 3.37755e-56 0)
(-3.3374e-57 9.15806e-58 0)
(-9.05234e-59 2.2878e-59 0)
(-2.2511e-60 5.70687e-61 0)
(-5.58561e-62 1.33279e-62 0)
(-1.48416e-63 2.99565e-64 0)
(-8.96029e-63 -3.92876e-64 0)
(-4.12777e-61 -1.86883e-62 0)
(-1.79604e-59 -8.61924e-61 0)
(-7.78767e-58 -3.74759e-59 0)
(-3.13552e-56 -1.62101e-57 0)
(-1.27487e-54 -6.52331e-56 0)
(-4.72089e-53 -2.64487e-54 0)
(-1.79932e-51 -9.79185e-53 0)
(-6.07772e-50 -3.71975e-51 0)
(-2.17151e-48 -1.25661e-49 0)
(-6.61531e-47 -4.47205e-48 0)
(-2.21734e-45 -1.36314e-46 0)
(-5.99601e-44 -4.54706e-45 0)
(-1.88948e-42 -1.23093e-43 0)
(-4.43151e-41 -3.8554e-42 0)
(-1.31943e-39 -9.05258e-41 0)
(-2.59011e-38 -2.66863e-39 0)
(-7.36444e-37 -5.1855e-38 0)
(-1.1388e-35 -1.41159e-36 0)
(-3.15526e-34 -1.79129e-35 0)
(-3.30025e-33 -3.42377e-34 0)
(-8.93029e-32 4.50444e-33 0)
(-1.54583e-32 -1.92229e-31 0)
(-4.79655e-33 -3.89815e-33 0)
(-2.51531e-34 1.36386e-33 0)
(-4.34716e-35 5.62922e-35 0)
(-1.94955e-36 5.20823e-36 0)
(-1.76844e-37 1.94736e-37 0)
(-7.30509e-39 1.22504e-38 0)
(-4.67415e-40 4.39008e-40 0)
(-1.79183e-41 2.19905e-41 0)
(-9.07289e-43 7.46899e-43 0)
(-3.22974e-44 3.15109e-44 0)
(-1.37258e-45 1.00689e-45 0)
(-4.53954e-47 3.69796e-47 0)
(-1.6768e-48 1.10804e-48 0)
(-5.15757e-50 3.62052e-50 0)
(-1.69373e-51 1.01607e-51 0)
(-4.85143e-53 2.99868e-53 0)
(-1.43857e-54 7.88081e-55 0)
(-3.84271e-56 2.12359e-56 0)
(-1.04024e-57 5.22817e-58 0)
(-2.59498e-59 1.29654e-59 0)
(-6.4646e-61 2.99187e-61 0)
(-1.51061e-62 6.86489e-63 0)
(-1.55485e-63 -2.79652e-65 0)
(-5.44333e-62 -8.17484e-63 0)
(-2.35132e-60 -3.59926e-61 0)
(-9.90669e-59 -1.56057e-59 0)
(-3.97371e-57 -6.3774e-58 0)
(-1.5616e-55 -2.58518e-56 0)
(-5.78684e-54 -9.76551e-55 0)
(-2.11664e-52 -3.69363e-53 0)
(-7.1975e-51 -1.28221e-51 0)
(-2.44448e-49 -4.51357e-50 0)
(-7.55633e-48 -1.4289e-48 0)
(-2.37695e-46 -4.66601e-47 0)
(-6.59104e-45 -1.33348e-45 0)
(-1.91565e-43 -4.02206e-44 0)
(-4.67253e-42 -1.02329e-42 0)
(-1.25257e-40 -2.83234e-41 0)
(-2.60685e-39 -6.2655e-40 0)
(-6.44475e-38 -1.55205e-38 0)
(-1.0858e-36 -2.6422e-37 0)
(-2.47465e-35 -3.94255e-36 0)
(-2.94701e-34 8.74839e-35 0)
(-5.80323e-33 7.96256e-33 0)
(-3.63782e-31 -4.07422e-31 0)
(-3.79625e-31 -1.13951e-32 0)
(-1.19376e-32 -2.0943e-34 0)
(-1.82171e-33 -2.88377e-36 0)
(-6.70049e-35 -4.35276e-39 0)
(-5.8312e-36 8.69198e-40 0)
(-2.166e-37 6.63821e-41 0)
(-1.36089e-38 2.30439e-42 0)
(-4.87816e-40 1.018e-43 0)
(-2.44518e-41 3.20868e-45 0)
(-8.30849e-43 1.20406e-46 0)
(-3.5069e-44 3.57559e-48 0)
(-1.12094e-45 1.18494e-49 0)
(-4.11806e-47 3.30929e-51 0)
(-1.23421e-48 9.86247e-53 0)
(-4.03355e-50 2.58604e-54 0)
(-1.13217e-51 7.01719e-56 0)
(-3.34174e-53 1.7264e-57 0)
(-8.78341e-55 4.30335e-59 0)
(-2.36699e-56 9.93313e-61 0)
(-5.82785e-58 2.28932e-62 0)
(-1.44532e-59 4.95891e-64 0)
(-3.33922e-61 1.10138e-65 0)
(-2.56699e-62 1.9571e-65 0)
(-8.12635e-61 9.01916e-64 0)
(-3.52898e-59 4.13216e-62 0)
(-1.48692e-57 1.79037e-60 0)
(-6.00601e-56 7.68513e-59 0)
(-2.35914e-54 3.08262e-57 0)
(-8.82176e-53 1.23869e-55 0)
(-3.22281e-51 4.57269e-54 0)
(-1.10883e-49 1.71864e-52 0)
(-3.75764e-48 5.79241e-51 0)
(-1.17944e-46 2.03487e-49 0)
(-3.69731e-45 6.19272e-48 0)
(-1.04597e-43 2.03233e-46 0)
(-3.02518e-42 5.4923e-45 0)
(-7.57733e-41 1.67596e-43 0)
(-2.01848e-39 3.81698e-42 0)
(-4.35424e-38 9.66447e-41 0)
(-1.06919e-36 4.78704e-40 0)
(-1.89462e-35 -9.61829e-38 0)
(-4.30848e-34 -1.08795e-35 0)
(-5.59577e-33 -6.99731e-34 0)
(-1.13978e-31 -3.31008e-32 0)
(-5.03476e-33 -2.12717e-31 0)
(-1.00342e-32 -7.39119e-33 0)
(-4.23233e-34 -1.57466e-33 0)
(-6.21064e-35 -5.92817e-35 0)
(-2.58557e-36 -5.22301e-36 0)
(-2.20544e-37 -1.9424e-37 0)
(-8.79681e-39 -1.2204e-38 0)
(-5.46117e-40 -4.37367e-40 0)
(-2.05184e-41 -2.19177e-41 0)
(-1.0206e-42 -7.446e-43 0)
(-3.58608e-44 -3.14246e-44 0)
(-1.50624e-45 -1.00433e-45 0)
(-4.93644e-47 -3.68947e-47 0)
(-1.80834e-48 -1.10567e-48 0)
(-5.52495e-50 -3.61346e-50 0)
(-1.80323e-51 -1.01422e-51 0)
(-5.13856e-53 -2.99365e-53 0)
(-1.51648e-54 -7.86844e-55 0)
(-4.0344e-56 -2.12051e-56 0)
(-1.08803e-57 -5.22105e-58 0)
(-2.70529e-59 -1.2949e-59 0)
(-6.71883e-61 -2.98832e-61 0)
(-1.56353e-62 -6.84975e-63 0)
(-5.65026e-64 3.99132e-64 0)
(-8.54538e-63 2.55398e-62 0)
(-3.63166e-61 1.16236e-60 0)
(-1.37284e-59 5.05159e-59 0)
(-5.50814e-58 2.15109e-57 0)
(-1.86229e-56 8.67751e-56 0)
(-7.09856e-55 3.45296e-54 0)
(-2.08552e-53 1.28626e-52 0)
(-7.67001e-52 4.77578e-51 0)
(-1.85554e-50 1.63124e-49 0)
(-6.82023e-49 5.64294e-48 0)
(-1.20537e-47 1.75013e-46 0)
(-4.85723e-46 5.63301e-45 0)
(-4.2089e-45 1.56359e-43 0)
(-2.65439e-43 4.66646e-42 0)
(1.47413e-42 1.11799e-40 0)
(-1.03039e-40 2.90156e-39 0)
(3.40523e-39 3.63931e-38 0)
(-2.3944e-38 -1.01301e-36 0)
(2.60164e-36 -1.88412e-34 0)
(-3.62284e-36 -1.359e-32 0)
(1.02903e-33 -7.28518e-31 0)
(1.47041e-33 -6.00332e-33 0)
(-9.31257e-34 -2.69984e-34 0)
(-3.66302e-35 -5.33783e-35 0)
(-7.5226e-36 -2.28377e-36 0)
(-3.1044e-37 -1.97513e-37 0)
(-2.88723e-38 -7.89137e-39 0)
(-1.1403e-39 -4.8996e-40 0)
(-7.28365e-41 -1.84062e-41 0)
(-2.70306e-42 -9.15311e-43 0)
(-1.35349e-43 -3.21568e-44 0)
(-4.68871e-45 -1.35049e-45 0)
(-1.96167e-46 -4.42561e-47 0)
(-6.32921e-48 -1.62113e-48 0)
(-2.2957e-49 -4.95275e-50 0)
(-6.8968e-51 -1.61646e-51 0)
(-2.22039e-52 -4.60628e-53 0)
(-6.21511e-54 -1.35943e-54 0)
(-1.80459e-55 -3.61663e-56 0)
(-4.71122e-57 -9.75399e-58 0)
(-1.24767e-58 -2.42532e-59 0)
(-3.04155e-60 -6.02383e-61 0)
(-7.4065e-62 -1.40145e-62 0)
(-1.46672e-63 -3.22111e-64 0)
(1.03159e-62 6.44379e-66 0)
(4.78338e-61 6.22607e-64 0)
(2.08067e-59 2.776e-62 0)
(9.01723e-58 1.19797e-60 0)
(3.62939e-56 4.977e-59 0)
(1.47482e-54 1.99858e-57 0)
(5.45939e-53 7.71634e-56 0)
(2.07941e-51 2.87159e-54 0)
(7.02105e-50 1.02664e-52 0)
(2.50658e-48 3.52107e-51 0)
(7.63267e-47 1.16051e-49 0)
(2.55588e-45 3.63985e-48 0)
(6.9079e-44 1.09952e-46 0)
(2.17415e-42 3.11403e-45 0)
(5.09609e-41 8.49032e-44 0)
(1.51473e-39 2.04707e-42 0)
(2.97146e-38 4.01403e-41 0)
(8.42735e-37 -1.9346e-40 0)
(1.30221e-35 -9.38046e-38 0)
(3.5926e-34 -8.38224e-36 0)
(3.75398e-33 -5.1828e-34 0)
(1.00678e-31 -2.30327e-32 0)
(5.18743e-35 -7.94677e-34 0)
(-2.82832e-35 -3.10733e-35 0)
(-1.24103e-36 -6.72781e-36 0)
(-2.53144e-37 -2.78773e-37 0)
(-1.12246e-38 -2.59694e-38 0)
(-1.03227e-39 -1.02577e-39 0)
(-4.2725e-41 -6.54968e-41 0)
(-2.70364e-42 -2.4303e-42 0)
(-1.03643e-43 -1.21661e-43 0)
(-5.15223e-45 -4.21402e-45 0)
(-1.82682e-46 -1.76283e-46 0)
(-7.6011e-48 -5.68716e-48 0)
(-2.49445e-49 -2.06267e-49 0)
(-9.00988e-51 -6.19635e-51 0)
(-2.74069e-52 -1.9948e-52 0)
(-8.79502e-54 -5.58347e-54 0)
(-2.48422e-55 -1.62116e-55 0)
(-7.19455e-57 -4.23227e-57 0)
(-1.8904e-58 -1.12083e-58 0)
(-4.99559e-60 -2.73233e-60 0)
(-1.22314e-61 -6.65397e-62 0)
(-2.97264e-63 -1.51647e-63 0)
(-5.75135e-65 -3.81903e-65 0)
(4.84585e-64 -1.99036e-64 0)
(2.22897e-62 -9.27965e-63 0)
(9.67122e-61 -4.28695e-61 0)
(4.15368e-59 -1.86465e-59 0)
(1.66834e-57 -8.08093e-58 0)
(6.70529e-56 -3.25243e-56 0)
(2.47835e-54 -1.32165e-54 0)
(9.31227e-53 -4.89232e-53 0)
(3.14185e-51 -1.86348e-51 0)
(1.10269e-49 -6.29203e-50 0)
(3.3584e-48 -2.24647e-48 0)
(1.10032e-46 -6.84092e-47 0)
(2.97806e-45 -2.29101e-45 0)
(9.10918e-44 -6.19269e-44 0)
(2.1413e-42 -1.9494e-42 0)
(6.12405e-41 -4.57047e-41 0)
(1.20694e-39 -1.35909e-39 0)
(3.24101e-38 -2.66981e-38 0)
(5.04041e-37 -7.59283e-37 0)
(1.27759e-35 -1.18926e-35 0)
(1.34014e-34 -3.33649e-34 0)
(3.04964e-33 -3.80697e-33 0)
(4.39375e-36 -2.49377e-35 0)
(-2.20299e-36 -1.09109e-36 0)
(-9.03382e-38 -2.26756e-37 0)
(-1.91904e-38 -1.00735e-38 0)
(-8.29334e-40 -9.2693e-40 0)
(-7.76315e-41 -3.83698e-41 0)
(-3.16214e-42 -2.4277e-42 0)
(-2.00715e-43 -9.30635e-44 0)
(-7.58609e-45 -4.62603e-45 0)
(-3.75194e-46 -1.64024e-46 0)
(-1.31152e-47 -6.82471e-48 0)
(-5.4031e-49 -2.23967e-49 0)
(-1.74705e-50 -8.08981e-51 0)
(-6.22882e-52 -2.46085e-52 0)
(-1.86548e-53 -7.8973e-54 0)
(-5.89686e-55 -2.23071e-55 0)
(-1.63864e-56 -6.46063e-57 0)
(-4.6677e-58 -1.69761e-58 0)
(-1.20568e-59 -4.48634e-60 0)
(-3.13023e-61 -1.09849e-61 0)
(-7.52867e-63 -2.67003e-63 0)
(-1.79592e-64 -6.10172e-65 0)
(-3.01156e-66 -1.56373e-66 0)
(4.83471e-65 -9.41138e-66 0)
(2.26508e-63 -4.37831e-64 0)
(1.00154e-61 -2.00764e-62 0)
(4.38187e-60 -8.7112e-61 0)
(1.79066e-58 -3.74148e-59 0)
(7.32192e-57 -1.50285e-57 0)
(2.74776e-55 -6.04036e-56 0)
(1.04884e-53 -2.23271e-54 0)
(3.58302e-52 -8.38962e-53 0)
(1.27524e-50 -2.83075e-51 0)
(3.9173e-49 -9.93553e-50 0)
(1.29863e-47 -3.02629e-48 0)
(3.52397e-46 -9.91568e-47 0)
(1.0874e-44 -2.68406e-45 0)
(2.53757e-43 -8.21054e-44 0)
(7.28889e-42 -1.93045e-42 0)
(1.39978e-40 -5.52196e-41 0)
(3.7478e-39 -1.08904e-39 0)
(5.45181e-38 -2.9277e-38 0)
(1.36332e-36 -4.57848e-37 0)
(1.20935e-35 -1.16878e-35 0)
(2.77731e-34 -1.26912e-34 0)
(4.26986e-37 2.28516e-36 0)
(-2.12219e-37 7.72481e-38 0)
(-8.84494e-39 3.50337e-39 0)
(-1.40158e-39 3.26926e-41 0)
(-5.92936e-41 -1.2752e-41 0)
(-4.87883e-42 -7.79268e-43 0)
(-1.95384e-43 -6.91925e-44 0)
(-1.14899e-44 -3.01246e-45 0)
(-4.28493e-46 -1.70732e-46 0)
(-2.01293e-47 -6.44289e-48 0)
(-6.95654e-49 -2.86085e-49 0)
(-2.76066e-50 -9.71359e-51 0)
(-8.83402e-52 -3.63222e-52 0)
(-3.0606e-53 -1.12564e-53 0)
(-9.07571e-55 -3.67777e-55 0)
(-2.80384e-56 -1.04824e-56 0)
(-7.71583e-58 -3.05946e-58 0)
(-2.15642e-59 -8.05931e-60 0)
(-5.51602e-61 -2.13188e-61 0)
(-1.40884e-62 -5.20851e-63 0)
(-3.35518e-64 -1.2612e-64 0)
(-7.88882e-66 -2.86617e-66 0)
(-1.77704e-67 -1.02104e-67 0)
(-1.22071e-67 -1.90606e-66 0)
(-5.40377e-66 -9.06954e-65 0)
(-2.3419e-64 -4.24136e-63 0)
(-9.98933e-63 -1.87531e-61 0)
(-4.00017e-61 -8.2051e-60 0)
(-1.59082e-59 -3.35298e-58 0)
(-5.85296e-58 -1.37113e-56 0)
(-2.16717e-56 -5.14557e-55 0)
(-7.27017e-55 -1.96437e-53 0)
(-2.50269e-53 -6.71085e-52 0)
(-7.57517e-52 -2.38895e-50 0)
(-2.42098e-50 -7.3389e-49 0)
(-6.51366e-49 -2.43363e-47 0)
(-1.93034e-47 -6.60474e-46 0)
(-4.51442e-46 -2.03886e-44 0)
(-1.23946e-44 -4.75897e-43 0)
(-2.42889e-43 -1.36773e-41 0)
(-6.17205e-42 -2.62783e-40 0)
(-9.43955e-41 -7.04213e-39 0)
(-2.2079e-39 -1.02586e-37 0)
(-2.15677e-38 -2.57022e-36 0)
(-4.43674e-37 -2.29533e-35 0)
(9.43216e-36 4.98274e-35 0)
(-4.70241e-36 1.95817e-36 0)
(-1.74447e-37 2.02906e-37 0)
(-2.30504e-38 7.51639e-39 0)
(-8.65603e-40 5.08774e-40 0)
(-6.35262e-41 1.83542e-41 0)
(-2.29951e-42 9.60637e-43 0)
(-1.24027e-43 3.29923e-44 0)
(-4.24629e-45 1.42972e-45 0)
(-1.85822e-46 4.62431e-47 0)
(-5.96774e-48 1.72794e-48 0)
(-2.22863e-49 5.23944e-50 0)
(-6.69087e-51 1.73234e-51 0)
(-2.19738e-52 4.91574e-53 0)
(-6.1602e-54 1.46332e-54 0)
(-1.81414e-55 3.88446e-56 0)
(-4.74907e-57 1.05377e-57 0)
(-1.2709e-58 2.61763e-59 0)
(-3.10841e-60 6.52773e-61 0)
(-7.63042e-62 1.51831e-62 0)
(-1.74503e-63 3.50269e-64 0)
(-3.9582e-65 7.62999e-66 0)
(-1.94484e-66 -3.01389e-68 0)
(-5.23051e-65 -9.45253e-66 0)
(-2.44509e-63 -4.40159e-64 0)
(-1.08098e-61 -2.0131e-62 0)
(-4.72955e-60 -8.71348e-61 0)
(-1.93252e-58 -3.7329e-59 0)
(-7.90267e-57 -1.49593e-57 0)
(-2.96541e-55 -5.99753e-56 0)
(-1.13212e-53 -2.21225e-54 0)
(-3.86723e-52 -8.29276e-53 0)
(-1.37678e-50 -2.79325e-51 0)
(-4.22901e-49 -9.78183e-50 0)
(-1.40256e-47 -2.97608e-48 0)
(-3.80596e-46 -9.73153e-47 0)
(-1.17513e-44 -2.63371e-45 0)
(-2.74245e-43 -8.04333e-44 0)
(-7.88421e-42 -1.89381e-42 0)
(-1.51437e-40 -5.41171e-41 0)
(-4.0597e-39 -1.07194e-39 0)
(-5.90806e-38 -2.88221e-38 0)
(-1.48016e-36 -4.55525e-37 0)
(-1.31442e-35 -1.16546e-35 0)
(-3.02655e-34 -1.29608e-34 0)
(1.05594e-34 1.70847e-33 0)
(-5.30333e-35 5.80789e-35 0)
(-2.06185e-36 5.67225e-36 0)
(-2.23188e-37 1.90369e-37 0)
(-8.331e-39 1.28848e-38 0)
(-5.68194e-40 4.38382e-40 0)
(-2.05399e-41 2.30958e-41 0)
(-1.07708e-42 7.62429e-43 0)
(-3.70315e-44 3.32169e-44 0)
(-1.60667e-45 1.04416e-45 0)
(-5.2015e-47 3.9162e-47 0)
(-1.94548e-48 1.16253e-48 0)
(-5.90408e-50 3.85274e-50 0)
(-1.95367e-51 1.07579e-51 0)
(-5.54799e-53 3.20632e-53 0)
(-1.65266e-54 8.40629e-55 0)
(-4.39002e-56 2.28118e-56 0)
(-1.19161e-57 5.61186e-58 0)
(-2.96175e-59 1.39894e-59 0)
(-7.38952e-61 3.22895e-61 0)
(-1.7196e-62 7.44236e-63 0)
(-3.97083e-64 1.61119e-64 0)
(-1.9157e-65 -8.46045e-67 0)
(-4.8912e-64 -2.11504e-64 0)
(-2.23611e-62 -9.90013e-63 0)
(-9.67842e-61 -4.57416e-61 0)
(-4.14614e-59 -1.98954e-59 0)
(-1.66146e-57 -8.6237e-58 0)
(-6.6609e-56 -3.47088e-56 0)
(-2.4568e-54 -1.41077e-54 0)
(-9.20904e-53 -5.22234e-53 0)
(-3.10167e-51 -1.98987e-51 0)
(-1.08612e-49 -6.71918e-50 0)
(-3.30418e-48 -2.40012e-48 0)
(-1.08036e-46 -7.30962e-47 0)
(-2.92348e-45 -2.44959e-45 0)
(-8.92747e-44 -6.6226e-44 0)
(-2.10154e-42 -2.08665e-42 0)
(-6.00414e-41 -4.89383e-41 0)
(-1.1884e-39 -1.45717e-39 0)
(-3.19126e-38 -2.86408e-38 0)
(-5.01286e-37 -8.16208e-37 0)
(-1.27238e-35 -1.28008e-35 0)
(-1.3631e-34 -3.60422e-34 0)
(-3.0975e-33 -4.12882e-33 0)
(3.41697e-33 1.08866e-32 0)
(-1.71697e-33 4.24687e-34 0)
(-5.6217e-35 1.16153e-35 0)
(-6.10145e-36 2.35755e-37 0)
(-2.08095e-37 7.61721e-39 0)
(-1.42989e-38 2.10248e-40 0)
(-4.87856e-40 1.0064e-41 0)
(-2.57405e-41 3.24265e-43 0)
(-8.50108e-43 1.40632e-44 0)
(-3.70469e-44 4.39398e-46 0)
(-1.16476e-45 1.6484e-47 0)
(-4.36903e-47 4.87356e-49 0)
(-1.29711e-48 1.61543e-50 0)
(-4.29893e-50 4.49635e-52 0)
(-1.20047e-51 1.34004e-53 0)
(-3.57794e-53 3.50425e-55 0)
(-9.38092e-55 9.5072e-57 0)
(-2.54563e-56 2.33389e-58 0)
(-6.26246e-58 5.81587e-60 0)
(-1.56107e-59 1.34003e-61 0)
(-3.60313e-61 3.08716e-63 0)
(-8.30923e-63 6.68764e-65 0)
(-4.15941e-64 6.76045e-66 0)
(-1.10507e-62 2.62229e-64 0)
(-5.10414e-61 1.22652e-62 0)
(-2.22015e-59 5.6603e-61 0)
(-9.62343e-58 2.46131e-59 0)
(-3.87337e-56 1.06533e-57 0)
(-1.57436e-54 4.2869e-56 0)
(-5.82799e-53 1.73936e-54 0)
(-2.22057e-51 6.43793e-53 0)
(-7.4981e-50 2.44758e-51 0)
(-2.67817e-48 8.26465e-50 0)
(-8.15605e-47 2.94384e-48 0)
(-2.73293e-45 8.96655e-47 0)
(-7.38785e-44 2.99397e-45 0)
(-2.32733e-42 8.09575e-44 0)
(-5.45689e-41 2.53799e-42 0)
(-1.62411e-39 5.94342e-41 0)
(-3.18769e-38 1.74722e-39 0)
(-9.05845e-37 3.31074e-38 0)
(-1.40097e-35 8.43642e-37 0)
(-3.87731e-34 5.34224e-36 0)
(-4.05833e-33 -1.69306e-34 0)
(-1.09463e-31 -2.1293e-32 0)
(1.61326e-33 4.5982e-31 0)
(-8.10638e-34 1.28124e-32 0)
(-2.63097e-35 2.39133e-34 0)
(-2.85839e-36 3.39093e-36 0)
(-9.69943e-38 1.67457e-38 0)
(-6.6704e-39 -5.61543e-40 0)
(-2.26794e-40 -5.24853e-41 0)
(-1.19728e-41 -1.85625e-42 0)
(-3.94406e-43 -8.24389e-44 0)
(-1.71936e-44 -2.59907e-45 0)
(-5.39517e-46 -9.75563e-47 0)
(-2.02409e-47 -2.89574e-48 0)
(-6.00004e-49 -9.59657e-50 0)
(-1.98867e-50 -2.6791e-51 0)
(-5.54649e-52 -7.98421e-53 0)
(-1.65304e-53 -2.09288e-54 0)
(-4.32974e-55 -5.67878e-56 0)
(-1.1748e-56 -1.39675e-57 0)
(-2.88772e-58 -3.48144e-59 0)
(-7.19714e-60 -8.03419e-61 0)
(-1.66003e-61 -1.85154e-62 0)
(-3.81951e-63 -4.00618e-64 0)
(1.97887e-64 9.59549e-66 0)
(1.31305e-62 8.94727e-64 0)
(6.06226e-61 4.18793e-62 0)
(2.63645e-59 1.93468e-60 0)
(1.14153e-57 8.41586e-59 0)
(4.59401e-56 3.64706e-57 0)
(1.86469e-54 1.46804e-55 0)
(6.90231e-53 5.96503e-54 0)
(2.62532e-51 2.20838e-52 0)
(8.86498e-50 8.4106e-51 0)
(3.15938e-48 2.84035e-49 0)
(9.62258e-47 1.01391e-47 0)
(3.21515e-45 3.08821e-46 0)
(8.69321e-44 1.03389e-44 0)
(2.72838e-42 2.79428e-43 0)
(6.39909e-41 8.77743e-42 0)
(1.89512e-39 2.03736e-40 0)
(3.7208e-38 5.82877e-39 0)
(1.05015e-36 8.85904e-38 0)
(1.62441e-35 4.71119e-37 0)
(4.45109e-34 -1.81582e-34 0)
(4.65513e-33 -1.40437e-32 0)
(1.23474e-31 -7.88387e-31 0)
(-5.07901e-33 2.29933e-31 0)
(2.5521e-33 6.43852e-33 0)
(8.33408e-35 1.21684e-34 0)
(9.05026e-36 1.75748e-36 0)
(3.08216e-37 1.1836e-38 0)
(2.11861e-38 -1.67922e-40 0)
(7.22122e-40 -2.04054e-41 0)
(3.81089e-41 -7.36546e-43 0)
(1.25766e-42 -3.28793e-44 0)
(5.48137e-44 -1.0379e-45 0)
(1.72237e-45 -3.8964e-47 0)
(6.46092e-47 -1.15695e-48 0)
(1.91729e-48 -3.83411e-50 0)
(6.35436e-50 -1.07063e-51 0)
(1.77377e-51 -3.19065e-53 0)
(5.28648e-53 -8.36513e-55 0)
(1.38562e-54 -2.26978e-56 0)
(3.75982e-56 -5.58357e-58 0)
(9.24701e-58 -1.39173e-59 0)
(2.30487e-59 -3.2121e-61 0)
(5.31867e-61 -7.40264e-63 0)
(1.22726e-62 -1.60522e-64 0)
(1.02323e-63 -1.30519e-65 0)
(3.54679e-62 -4.73467e-64 0)
(1.63809e-60 -2.21526e-62 0)
(7.12549e-59 -1.02314e-60 0)
(3.08751e-57 -4.45042e-59 0)
(1.24277e-55 -1.92806e-57 0)
(5.04894e-54 -7.7607e-56 0)
(1.86915e-52 -3.15224e-54 0)
(7.11726e-51 -1.167e-52 0)
(2.40346e-49 -4.44253e-51 0)
(8.5774e-48 -1.50029e-49 0)
(2.61241e-46 -5.35247e-48 0)
(8.74375e-45 -1.63029e-46 0)
(2.36391e-43 -5.45354e-45 0)
(7.43554e-42 -1.47326e-43 0)
(1.74354e-40 -4.61382e-42 0)
(5.17852e-39 -1.05805e-40 0)
(1.01638e-37 -2.88434e-39 0)
(2.87995e-36 -2.74818e-38 0)
(4.4528e-35 1.51075e-36 0)
(1.22719e-33 2.33798e-34 0)
(1.28311e-32 1.63915e-32 0)
(3.4376e-31 8.71306e-31 0)
(-1.76563e-33 -2.24079e-31 0)
(8.87188e-34 -6.14941e-33 0)
(2.92924e-35 -1.1027e-34 0)
(3.17833e-36 -1.46849e-36 0)
(1.08935e-37 2.13867e-39 0)
(7.48165e-39 6.09422e-40 0)
(2.56123e-40 4.29487e-41 0)
(1.35084e-41 1.47474e-42 0)
(4.47219e-43 6.4995e-44 0)
(1.94839e-44 2.04524e-45 0)
(6.13703e-46 7.67487e-47 0)
(2.30159e-47 2.27693e-48 0)
(6.84275e-49 7.54602e-50 0)
(2.26764e-50 2.10588e-51 0)
(6.33932e-52 6.27602e-53 0)
(1.88936e-53 1.64465e-54 0)
(4.95799e-55 4.46257e-56 0)
(1.34545e-56 1.09737e-57 0)
(3.31225e-58 2.73518e-59 0)
(8.25722e-60 6.31092e-61 0)
(1.90694e-61 1.45436e-62 0)
(4.39057e-63 3.14456e-64 0)
(-1.49805e-64 -1.66024e-65 0)
(-1.14673e-62 -1.14883e-63 0)
(-5.29986e-61 -5.3767e-62 0)
(-2.30565e-59 -2.4835e-60 0)
(-9.99476e-58 -1.08029e-58 0)
(-4.02344e-56 -4.68066e-57 0)
(-1.63542e-54 -1.88405e-55 0)
(-6.05485e-53 -7.65369e-54 0)
(-2.30697e-51 -2.83352e-52 0)
(-7.79081e-50 -1.07885e-50 0)
(-2.7825e-48 -3.64338e-49 0)
(-8.47457e-47 -1.3001e-47 0)
(-2.83918e-45 -3.95993e-46 0)
(-7.6754e-44 -1.32507e-44 0)
(-2.41721e-42 -3.58024e-43 0)
(-5.66739e-41 -1.12254e-41 0)
(-1.68599e-39 -2.58632e-40 0)
(-3.30846e-38 -7.18617e-39 0)
(-9.39508e-37 -8.47873e-38 0)
(-1.45225e-35 2.02415e-36 0)
(-4.01509e-34 4.38887e-34 0)
(-4.19746e-33 3.14184e-32 0)
(-1.13069e-31 1.69075e-30 0)
(1.64792e-33 -4.22432e-33 0)
(-8.28088e-34 -1.71153e-34 0)
(-2.6863e-35 -1.59306e-36 0)
(-2.91428e-36 2.47878e-38 0)
(-9.88259e-38 5.89884e-39 0)
(-6.79214e-39 2.25821e-40 0)
(-2.30824e-40 1.24069e-41 0)
(-1.21827e-41 4.14045e-43 0)
(-4.01197e-43 1.80683e-44 0)
(-1.74887e-44 5.69772e-46 0)
(-5.48681e-46 2.13657e-47 0)
(-2.05856e-47 6.35636e-49 0)
(-6.10173e-49 2.10631e-50 0)
(-2.02257e-50 5.89152e-52 0)
(-5.641e-52 1.75594e-53 0)
(-1.68143e-53 4.61004e-55 0)
(-4.40429e-55 1.25114e-56 0)
(-1.1952e-56 3.08134e-58 0)
(-2.93812e-58 7.68261e-60 0)
(-7.32398e-60 1.77489e-61 0)
(-1.68948e-61 4.09188e-63 0)
(-3.90427e-63 8.87807e-65 0)
(-6.02528e-64 5.94297e-66 0)
(-2.42505e-62 1.99281e-64 0)
(-1.11988e-60 9.3297e-63 0)
(-4.87088e-59 4.31557e-61 0)
(-2.11009e-57 1.8783e-59 0)
(-8.49271e-56 8.15185e-58 0)
(-3.44937e-54 3.28291e-56 0)
(-1.27689e-52 1.33626e-54 0)
(-4.86058e-51 4.94899e-53 0)
(-1.64131e-49 1.88873e-51 0)
(-5.8553e-48 6.38013e-50 0)
(-1.7833e-46 2.2832e-48 0)
(-5.96607e-45 6.95522e-47 0)
(-1.61298e-43 2.33593e-45 0)
(-5.07071e-42 6.31682e-44 0)
(-1.18909e-40 1.99716e-42 0)
(-3.52925e-39 4.70546e-41 0)
(-6.92776e-38 1.42862e-39 0)
(-1.96115e-36 3.05882e-38 0)
(-3.03292e-35 1.0597e-36 0)
(-8.34726e-34 3.25619e-35 0)
(-8.73047e-33 1.5546e-33 0)
(-2.33328e-31 5.69356e-32 0)
(4.16384e-35 -8.45023e-34 0)
(-2.0954e-35 -2.84986e-35 0)
(-8.24241e-37 -2.82381e-36 0)
(-8.39239e-38 -9.47891e-38 0)
(-3.12138e-39 -6.43534e-39 0)
(-2.07133e-40 -2.18796e-40 0)
(-7.47265e-42 -1.15401e-41 0)
(-3.8731e-43 -3.80767e-43 0)
(-1.33196e-44 -1.66026e-44 0)
(-5.75506e-46 -5.21791e-46 0)
(-1.86664e-47 -1.9584e-47 0)
(-6.98054e-49 -5.8136e-49 0)
(-2.1247e-50 -1.92788e-50 0)
(-7.04534e-52 -5.38397e-52 0)
(-2.00814e-53 -1.60557e-53 0)
(-6.00239e-55 -4.21045e-55 0)
(-1.60116e-56 -1.14318e-56 0)
(-4.36444e-58 -2.81314e-58 0)
(-1.08973e-59 -7.01618e-60 0)
(-2.73158e-61 -1.61999e-61 0)
(-6.38703e-63 -3.73565e-63 0)
(-1.48617e-64 -8.07672e-65 0)
(-2.70957e-65 7.38846e-66 0)
(-1.10963e-63 4.49611e-64 0)
(-5.07981e-62 2.10501e-62 0)
(-2.2013e-60 9.728e-61 0)
(-9.43907e-59 4.23349e-59 0)
(-3.78675e-57 1.83536e-57 0)
(-1.51935e-55 7.39156e-56 0)
(-5.60964e-54 3.00474e-54 0)
(-2.10396e-52 1.1131e-52 0)
(-7.092e-51 4.24138e-51 0)
(-2.48418e-49 1.43346e-49 0)
(-7.56079e-48 5.11985e-48 0)
(-2.47185e-46 1.56099e-46 0)
(-6.68789e-45 5.22964e-45 0)
(-2.04083e-43 1.41589e-43 0)
(-4.79815e-42 4.45858e-42 0)
(-1.36864e-40 1.04772e-40 0)
(-2.69981e-39 3.11651e-39 0)
(-7.22847e-38 6.14402e-38 0)
(-1.12654e-36 1.74868e-36 0)
(-2.8461e-35 2.7626e-35 0)
(-2.99755e-34 7.78165e-34 0)
(-6.79421e-33 9.14745e-33 0)
)
;

boundaryField
{
    leftWall
    {
        type            fixedValue;
        value           uniform (0 0 0);
    }
    rightWall
    {
        type            fixedValue;
        value           nonuniform 0();
    }
    lowerWall
    {
        type            fixedValue;
        value           nonuniform 0();
    }
    atmosphere
    {
        type            pressureInletOutletVelocity;
        value           nonuniform List<vector> 
45
(
(0 -8.45023e-34 0)
(0 -2.84986e-35 0)
(0 -2.82381e-36 0)
(0 -9.47891e-38 0)
(0 -6.43534e-39 0)
(0 -2.18796e-40 0)
(0 -1.15401e-41 0)
(0 -3.80767e-43 0)
(0 -1.66026e-44 0)
(0 -5.21791e-46 0)
(0 -1.9584e-47 0)
(0 -5.8136e-49 0)
(0 -1.92788e-50 0)
(0 -5.38397e-52 0)
(0 -1.60557e-53 0)
(0 -4.21045e-55 0)
(0 -1.14318e-56 0)
(0 -2.81314e-58 0)
(0 -7.01618e-60 0)
(0 -1.61999e-61 0)
(0 -3.73565e-63 0)
(0 -8.07672e-65 0)
(-2.70957e-65 7.38846e-66 0)
(-1.10963e-63 4.49611e-64 0)
(-5.07981e-62 2.10501e-62 0)
(-2.2013e-60 9.728e-61 0)
(-9.43907e-59 4.23349e-59 0)
(-3.78675e-57 1.83536e-57 0)
(-1.51935e-55 7.39156e-56 0)
(-5.60964e-54 3.00474e-54 0)
(-2.10396e-52 1.1131e-52 0)
(-7.092e-51 4.24138e-51 0)
(-2.48418e-49 1.43346e-49 0)
(-7.56079e-48 5.11985e-48 0)
(-2.47185e-46 1.56099e-46 0)
(-6.68789e-45 5.22964e-45 0)
(-2.04083e-43 1.41589e-43 0)
(-4.79815e-42 4.45858e-42 0)
(-1.36864e-40 1.04772e-40 0)
(-2.69981e-39 3.11651e-39 0)
(-7.22847e-38 6.14402e-38 0)
(-1.12654e-36 1.74868e-36 0)
(-2.8461e-35 2.7626e-35 0)
(-2.99755e-34 7.78165e-34 0)
(-6.79421e-33 9.14745e-33 0)
)
;
    }
    defaultFaces
    {
        type            empty;
    }
    procBoundary2to0
    {
        type            processor;
        value           nonuniform List<vector> 
46
(
(-8.9875e-36 8.4011e-36 0)
(-1.00042e-36 3.31949e-37 0)
(-4.00234e-38 2.13171e-38 0)
(-2.74899e-39 7.94731e-40 0)
(-1.02782e-40 4.02903e-41 0)
(-5.35001e-42 1.40993e-42 0)
(-1.86399e-43 5.99445e-44 0)
(-7.98523e-45 1.96097e-45 0)
(-2.58915e-46 7.24248e-47 0)
(-9.53915e-48 2.21158e-48 0)
(-2.87848e-49 7.25955e-50 0)
(-9.3689e-51 2.06915e-51 0)
(-2.63309e-52 6.13263e-53 0)
(-8.0456e-54 1.88738e-54 0)
(-9.21434e-54 8.57747e-54 0)
(-2.59268e-52 2.45728e-52 0)
(-5.48458e-51 7.6773e-51 0)
(-1.33528e-49 1.96994e-49 0)
(-1.65774e-48 5.79727e-48 0)
(-2.14229e-47 1.32364e-46 0)
(7.76178e-46 3.73562e-45 0)
(3.61501e-44 7.71585e-44 0)
(1.38577e-42 2.14454e-42 0)
(4.18597e-41 4.15578e-41 0)
(9.51996e-40 1.15735e-39 0)
(-3.32884e-34 -6.73781e-34 0)
(-7.78925e-33 -7.63855e-33 0)
(-4.76396e-32 -2.00504e-31 0)
(-1.17167e-30 -5.88248e-32 0)
(-3.88186e-31 3.97236e-31 0)
(1.13885e-30 7.12073e-32 0)
(2.74836e-32 -2.6155e-31 0)
(-3.77816e-31 -4.4449e-33 0)
(2.98297e-33 1.34513e-31 0)
(4.03317e-31 7.14108e-32 0)
(4.20031e-31 2.72082e-33 0)
(4.23469e-31 -5.85828e-33 0)
(4.21887e-31 -2.93971e-33 0)
(4.05917e-31 -6.89825e-32 0)
(1.77108e-32 -6.9204e-32 0)
(1.13797e-34 -5.1984e-33 0)
(-1.50128e-32 -6.6491e-32 0)
(-3.88073e-31 -9.16228e-36 0)
(-1.51261e-32 6.62448e-32 0)
(-2.57136e-33 2.47636e-33 0)
(-2.57136e-33 2.47636e-33 0)
)
;
    }
    procBoundary2to3
    {
        type            processor;
        value           nonuniform List<vector> 
43
(
(6.51801e-37 4.54965e-42 0)
(2.50989e-38 -2.12387e-38 0)
(2.93119e-39 -1.0202e-39 0)
(3.49224e-40 -5.45101e-39 0)
(-2.84668e-41 -8.94522e-38 0)
(-9.59149e-37 -2.97266e-36 0)
(-8.67502e-35 -3.43886e-35 0)
(-5.81336e-33 -1.13822e-33 0)
(-2.58372e-31 -2.11398e-33 0)
(-5.75325e-33 -7.30644e-32 0)
(1.92056e-33 -4.37026e-31 0)
(-1.01533e-34 -1.9615e-29 0)
(-4.0667e-33 3.88756e-31 0)
(-2.16569e-35 2.00137e-29 0)
(2.04862e-33 4.48474e-31 0)
(6.14731e-35 7.57433e-32 0)
(-5.14891e-37 4.3769e-33 0)
(-6.29909e-35 8.29315e-32 0)
(-2.24019e-33 4.15147e-31 0)
(2.54457e-33 2.20414e-29 0)
(7.04613e-33 -2.4025e-29 0)
(-2.40018e-33 -4.65946e-29 0)
(-7.18402e-33 -6.77199e-31 0)
(2.55446e-33 2.33428e-29 0)
(7.42832e-33 -2.54919e-29 0)
(-5.07993e-33 -4.91868e-29 0)
(-5.07226e-33 2.42014e-29 0)
(2.28401e-33 3.9339e-33 0)
(-8.19473e-33 3.52031e-31 0)
(-3.67943e-31 -9.64672e-31 0)
(-8.37846e-33 -2.65492e-29 0)
(-2.83918e-33 -5.95105e-31 0)
(-8.30384e-35 -1.00079e-31 0)
(-7.16621e-36 -2.87247e-33 0)
(1.19911e-38 -5.27467e-34 0)
(7.81345e-36 -2.92811e-33 0)
(8.32819e-35 -1.09055e-31 0)
(2.95269e-33 -5.47958e-31 0)
(-3.32776e-33 -2.90499e-29 0)
(-9.2683e-33 3.14138e-29 0)
(3.04916e-33 6.12668e-29 0)
(6.29064e-33 1.4708e-30 0)
(1.82395e-34 2.38658e-31 0)
)
;
    }
}


// ************************************************************************* //
