/*--------------------------------*- C++ -*----------------------------------*\
| =========                 |                                                 |
| \\      /  F ield         | OpenFOAM: The Open Source CFD Toolbox           |
|  \\    /   O peration     | Version:  2.4.0                                 |
|   \\  /    A nd           | Web:      www.OpenFOAM.org                      |
|    \\/     M anipulation  |                                                 |
\*---------------------------------------------------------------------------*/
FoamFile
{
    version     2.0;
    format      ascii;
    class       surfaceScalarField;
    location    "0.85";
    object      phi;
}
// * * * * * * * * * * * * * * * * * * * * * * * * * * * * * * * * * * * * * //

dimensions      [0 3 -1 0 0 0 0];

internalField   nonuniform List<scalar> 
3731
(
1.57855e-43
-1.67828e-41
-3.06827e-42
1.41147e-42
-1.18906e-40
-2.17354e-41
1.0165e-41
-7.99822e-40
-1.46013e-40
6.94189e-41
-5.07328e-39
-9.26298e-40
4.51101e-40
-3.06975e-38
-5.59283e-39
2.73434e-39
-1.71383e-37
-3.12881e-38
1.56678e-38
-9.22013e-37
-1.66948e-37
8.0149e-38
-4.31205e-36
-7.8629e-37
3.86545e-37
-2.09458e-35
-3.65175e-36
1.39569e-36
-6.91665e-35
-1.24933e-35
-3.46973e-39
-9.18335e-41
-1.8403e-38
-5.08318e-40
-2.72741e-38
-3.41136e-39
-5.39448e-37
-2.54594e-39
4.19394e-45
6.56913e-39
5.39448e-37
6.56913e-39
2.72745e-38
-2.54593e-39
1.84084e-38
-3.41124e-39
3.49043e-39
-5.07768e-40
4.34421e-40
-9.07025e-41
6.08472e-41
-1.17379e-41
6.26333e-42
-1.57634e-42
-6.26434e-42
-3.56187e-43
-6.08568e-41
-1.57654e-42
-4.34512e-40
-1.174e-41
-3.49129e-39
-9.07227e-41
-1.84156e-38
-5.07948e-40
-2.73363e-38
-3.41281e-39
-5.3989e-37
-2.55784e-39
-3.55222e-39
6.47685e-39
5.20598e-37
6.04944e-39
-3.55222e-39
-6.04944e-39
-5.3989e-37
-6.47685e-39
-2.73363e-38
2.55784e-39
-1.84156e-38
3.41281e-39
-3.49138e-39
5.07946e-40
-4.35373e-40
9.07023e-41
-6.81336e-41
1.1558e-41
-6.88048e-41
-1.79171e-44
-4.41618e-40
-1.17177e-41
-3.54512e-39
-9.20787e-41
-1.87882e-38
-5.18105e-40
-3.03851e-38
-3.4916e-39
-5.54746e-37
-2.97333e-39
-1.19768e-38
3.58529e-39
1.19759e-38
7.00701e-39
5.54739e-37
3.58513e-39
3.03227e-38
-2.97495e-39
1.84605e-38
-3.50157e-39
-5.52195e-40
-1.28051e-39
1.08969e-40
-6.48471e-39
8.28409e-40
-3.71539e-38
5.19612e-39
-5.92386e-38
3.76173e-39
2.63071e-45
-9.93991e-39
5.92386e-38
-9.93991e-39
3.71542e-38
3.76172e-39
6.48754e-39
5.19607e-39
1.29436e-39
8.29478e-40
1.8531e-40
1.34158e-40
2.70587e-41
1.62844e-41
2.96066e-42
1.98713e-42
-2.9612e-42
4.19602e-43
-2.70636e-41
1.98733e-42
-1.85356e-40
1.62866e-41
-1.29478e-39
1.3418e-40
-6.49096e-39
8.2969e-40
-3.71817e-38
5.19806e-39
-5.94273e-38
3.77821e-39
-1.32189e-39
-9.80377e-39
5.25623e-38
-9.09394e-39
-1.32189e-39
9.09394e-39
-5.94273e-38
9.80377e-39
-3.71817e-38
-3.77821e-39
-6.49096e-39
-5.19806e-39
-1.29483e-39
-8.29688e-40
-1.85778e-40
-1.34158e-40
-3.05231e-41
-1.60727e-41
-3.08484e-41
1.98504e-44
-1.88729e-40
1.62622e-41
-1.31851e-39
1.35911e-40
-6.64876e-39
8.43983e-40
-3.82873e-38
5.31572e-39
-6.4593e-38
4.47155e-39
-3.17998e-38
-5.45366e-39
3.17994e-38
-1.06644e-38
6.45897e-38
-5.45351e-39
3.82579e-38
4.47241e-39
6.48695e-39
5.30857e-39
6.25698e-40
-3.40819e-40
4.45601e-41
-1.38201e-39
3.18347e-40
-6.12366e-39
1.64927e-39
-9.23921e-39
1.10288e-39
5.1087e-46
-3.13452e-39
9.23921e-39
-3.13452e-39
6.1237e-39
1.10288e-39
1.38256e-39
1.64925e-39
3.42933e-40
3.1879e-40
5.57718e-41
5.53083e-41
8.96574e-42
7.26441e-42
1.04072e-42
9.28143e-43
-1.04094e-42
2.05102e-43
-8.96771e-42
9.28251e-43
-5.57896e-41
7.26554e-42
-3.43088e-40
5.53196e-41
-1.38377e-39
3.18894e-40
-6.13284e-39
1.65018e-39
-9.2962e-39
1.11024e-39
-3.52072e-40
-3.07828e-39
7.79967e-39
-2.80836e-39
-3.52072e-40
2.80836e-39
-9.2962e-39
3.07828e-39
-6.13284e-39
-1.11024e-39
-1.38377e-39
-1.65018e-39
-3.43106e-40
-3.18892e-40
-5.59467e-41
-5.53082e-41
-1.01954e-41
-7.16086e-42
-1.03153e-41
9.98058e-45
-5.69838e-41
7.2532e-42
-3.50877e-40
5.61217e-41
-1.43041e-39
3.25227e-40
-6.41878e-39
1.69812e-39
-1.03267e-38
1.3728e-39
-5.03624e-39
-1.75519e-39
5.03613e-39
-3.41096e-39
1.0326e-38
-1.75512e-39
6.41338e-39
1.37318e-39
1.40018e-39
1.69536e-39
2.39941e-40
-6.62072e-41
1.39822e-41
-2.17207e-40
9.3921e-41
-7.74695e-40
4.51796e-40
-1.11314e-39
2.92114e-40
4.39961e-47
-8.583e-40
1.11314e-39
-8.583e-40
7.74696e-40
2.92113e-40
2.17264e-40
4.51795e-40
6.62988e-41
9.41081e-41
1.21003e-41
1.74936e-41
2.10289e-42
2.42751e-42
2.56682e-43
3.25103e-43
-2.56744e-43
7.44994e-44
-2.10343e-42
3.25145e-43
-1.21051e-41
2.42794e-42
-6.63389e-41
1.74978e-41
-2.17565e-40
9.41458e-41
-7.76844e-40
4.5212e-40
-1.12554e-39
2.94578e-40
-6.84466e-41
-8.40482e-40
8.83476e-40
-7.61728e-40
-6.84466e-41
7.61728e-40
-1.12554e-39
8.40482e-40
-7.76844e-40
-2.94578e-40
-2.17566e-40
-4.5212e-40
-6.63437e-41
-9.41454e-41
-1.21457e-41
-1.74936e-41
-2.40863e-42
-2.38988e-42
-2.43932e-42
3.72521e-45
-1.24014e-41
2.42331e-42
-6.81502e-41
1.77769e-41
-2.27519e-40
9.62473e-41
-8.30741e-40
4.67149e-40
-1.27436e-39
3.70868e-40
-6.13478e-40
-4.85259e-40
6.13464e-40
-9.39226e-40
1.2743e-39
-4.85244e-40
8.30238e-40
3.70925e-40
2.24142e-40
4.65961e-40
7.00658e-41
-1.16592e-41
3.24063e-42
-2.92899e-41
2.08446e-41
-7.55759e-41
9.40908e-41
-1.00142e-40
5.8906e-41
-1.34432e-47
-1.78687e-40
1.00142e-40
-1.78687e-40
7.55739e-41
5.89062e-41
2.92841e-41
9.40928e-41
1.15806e-41
2.09025e-41
2.34414e-42
4.09761e-42
4.3809e-43
5.9567e-43
5.57542e-44
8.27884e-44
-5.57691e-44
1.95505e-44
-4.38218e-43
8.28003e-44
-2.34524e-42
5.95789e-43
-1.15897e-41
4.09874e-42
-2.93499e-41
2.09124e-41
-7.60222e-41
9.41756e-41
-1.02552e-40
5.95116e-41
-1.20289e-41
-1.74507e-40
6.84477e-41
-1.57179e-40
-1.20289e-41
1.57179e-40
-1.02552e-40
1.74507e-40
-7.60222e-41
-5.95116e-41
-2.935e-41
-9.41756e-41
-1.15908e-41
-2.09123e-41
-2.35444e-42
-4.0976e-42
-5.05001e-43
-5.8579e-43
-5.11891e-43
9.98702e-46
-2.40996e-42
5.94541e-43
-1.19642e-41
4.16939e-42
-3.1246e-41
2.1425e-41
-8.51927e-41
9.76677e-41
-1.19807e-40
7.62337e-41
-5.59087e-41
-1.01922e-40
5.59083e-41
-1.96546e-40
1.19814e-40
-1.0192e-40
8.52477e-41
7.62327e-41
3.12883e-41
9.73149e-41
1.5342e-41
-1.87223e-42
6.54609e-43
-3.60702e-42
4.10499e-42
-5.36626e-42
1.79057e-41
-5.67583e-42
1.09818e-41
2.98647e-49
-3.40399e-41
5.67581e-42
-3.40398e-41
5.36578e-42
1.09826e-41
3.60358e-42
1.79111e-41
1.84448e-42
4.14599e-42
4.06505e-43
8.51024e-43
8.04164e-44
1.28393e-43
1.05849e-44
1.84282e-44
-1.0588e-44
4.46126e-45
-8.04425e-44
1.8431e-44
-4.06727e-43
1.28421e-43
-1.84626e-42
8.51287e-43
-3.61615e-42
4.14825e-42
-5.4482e-42
1.79296e-41
-6.09491e-42
1.11132e-41
-1.9269e-42
-3.31704e-41
1.65313e-42
-2.97632e-41
-1.9269e-42
2.97632e-41
-6.09491e-42
3.31704e-41
-5.4482e-42
-1.11132e-41
-3.61617e-42
-1.79296e-41
-1.84649e-42
-4.14822e-42
-4.08534e-43
-8.51021e-43
-9.32002e-44
-1.26138e-43
-9.45433e-44
2.32134e-46
-4.1907e-43
1.2813e-43
-1.91455e-42
8.66933e-43
-3.94028e-42
4.25816e-42
-6.87359e-42
1.865e-41
-7.77159e-42
1.43898e-41
-3.26998e-42
-1.95358e-41
3.27033e-42
-3.75611e-41
7.77579e-42
-1.95358e-41
6.90558e-42
1.4386e-41
4.04419e-42
1.85597e-41
2.9985e-42
-2.75721e-43
1.23285e-43
-4.36154e-43
5.27214e-43
-1.41446e-43
3.02637e-42
1.59776e-43
1.83699e-42
5.29136e-47
-5.82115e-42
-1.59432e-43
-5.82067e-42
1.43355e-43
1.84179e-42
4.38851e-43
3.06046e-42
2.83287e-43
7.33675e-43
6.64781e-44
1.56327e-43
1.37363e-44
2.43304e-44
1.85537e-45
3.58579e-45
-1.85595e-45
8.86447e-46
-1.37411e-44
3.58638e-45
-6.65188e-44
2.43362e-44
-2.83609e-43
1.5638e-43
-4.41063e-43
7.34124e-43
-1.57452e-43
3.06405e-42
9.07427e-44
1.86657e-42
-2.97386e-43
-5.66071e-42
-6.66984e-43
-5.06217e-42
-2.97386e-43
5.06217e-42
9.07426e-44
5.66071e-42
-1.57453e-43
-1.86657e-42
-4.41068e-43
-3.06404e-42
-2.8365e-43
-7.34118e-43
-6.68443e-44
-1.56326e-43
-1.5989e-44
-2.38821e-44
-1.62295e-44
4.68395e-47
-6.86907e-44
2.42772e-44
-2.95213e-43
1.59411e-43
-4.93453e-43
7.54856e-43
-3.72045e-43
3.1956e-42
-5.07219e-44
2.44033e-42
6.68166e-44
-3.3587e-42
-6.66893e-44
-6.44074e-42
5.18802e-44
-3.35877e-42
3.80404e-43
2.43905e-42
5.23361e-43
3.17623e-42
5.2345e-43
2.14869e-43
-1.35347e-42
3.95285e-46
-1.21336e-42
5.40185e-44
2.87958e-43
1.11288e-43
2.66595e-43
3.82368e-46
-9.39799e-43
-1.08513e-43
-9.37428e-43
-3.60051e-44
2.92054e-43
5.4305e-44
4.92326e-43
4.16061e-44
1.21179e-43
1.02102e-44
2.66226e-44
2.17824e-45
4.24823e-45
3.00237e-46
6.39936e-46
-3.00337e-46
1.6094e-46
-2.17906e-45
6.40047e-46
-1.0217e-44
4.24931e-45
-4.16592e-44
2.66324e-44
-5.4664e-44
1.2126e-43
3.37716e-44
4.92968e-43
9.79862e-44
2.96406e-43
-4.38443e-44
-9.09913e-43
-1.73432e-43
-8.11668e-43
-4.38443e-44
8.11668e-43
9.79862e-44
9.09913e-43
3.37715e-44
-2.96406e-43
-5.46648e-44
-4.92968e-43
-4.16661e-44
-1.21259e-43
-1.02709e-44
-2.66225e-44
-2.54438e-45
-4.16682e-45
-2.58396e-45
8.61402e-48
-1.05696e-44
4.23843e-45
-4.34916e-44
2.71713e-44
-6.26377e-44
1.24866e-43
2.73579e-45
5.15262e-43
8.75261e-44
3.90322e-43
5.70431e-44
-5.43092e-43
-5.70136e-44
-1.03918e-42
-8.72871e-44
-5.43117e-43
-1.08161e-45
3.90007e-43
6.86903e-44
5.11533e-43
8.5397e-44
4.23988e-42
1.08593e-41
6.06759e-43
-7.64834e-42
1.60621e-43
-1.05168e-42
4.16371e-44
-7.72699e-44
2.51465e-45
-1.52941e-43
-2.138e-44
-1.42435e-43
-9.32606e-45
4.33904e-44
6.91852e-45
7.42229e-44
5.90972e-45
1.86864e-44
1.49537e-45
4.20748e-45
3.26658e-46
6.85373e-46
4.57377e-47
1.05099e-46
-4.57536e-47
2.68132e-47
-3.26787e-46
1.05118e-46
-1.49642e-45
6.85559e-46
-5.91774e-45
4.20917e-45
-6.97094e-45
1.87005e-44
9.01705e-45
7.43352e-44
2.00971e-44
4.41769e-44
-6.24547e-45
-1.37094e-43
-3.0114e-44
-1.22021e-43
-6.24547e-45
1.22021e-43
2.00971e-44
1.37094e-43
9.01704e-45
-4.41769e-44
-6.97107e-45
-7.43352e-44
-5.91883e-45
-1.87004e-44
-1.50478e-45
-4.2075e-45
-3.82638e-46
-6.71809e-46
-3.8875e-46
1.45053e-48
-1.55028e-45
6.83723e-46
-6.19161e-45
4.2974e-45
-8.13059e-45
1.92804e-44
4.65793e-45
7.78439e-44
1.94267e-44
5.85512e-44
1.15745e-44
-8.22496e-44
-1.15688e-44
-1.57086e-43
-1.93841e-44
-8.22555e-44
-4.37304e-45
5.8488e-44
9.17998e-45
7.71959e-44
1.30304e-44
6.02293e-41
-1.06254e-40
7.9244e-42
-1.26016e-41
1.12649e-42
-1.31474e-42
1.27472e-43
-1.19981e-43
1.33425e-44
-3.44282e-44
-2.03926e-45
-2.37007e-44
-1.42537e-45
6.80597e-45
8.95938e-46
1.18832e-44
8.0545e-46
3.04511e-45
2.08249e-46
6.98685e-46
4.63074e-47
1.1563e-46
6.56708e-48
1.79774e-47
-6.56902e-48
4.63802e-48
-4.6321e-47
1.7981e-47
-2.08333e-46
1.15666e-46
-8.05742e-46
6.99019e-46
-8.93113e-46
3.04804e-45
1.49933e-45
1.19084e-44
3.12356e-45
7.01249e-45
-8.52201e-46
-2.19486e-44
-4.44097e-45
-1.95017e-44
-8.52201e-46
1.95017e-44
3.12356e-45
2.19486e-44
1.49932e-45
-7.01249e-45
-8.93133e-46
-1.19084e-44
-8.05901e-46
-3.04801e-45
-2.09551e-46
-6.98727e-46
-5.43637e-47
-1.13286e-46
-5.52511e-47
2.5301e-49
-2.16081e-46
1.15345e-46
-8.44451e-46
7.14071e-46
-1.05367e-45
3.14563e-45
9.10882e-46
1.24892e-44
3.09056e-45
9.34147e-45
1.79618e-45
-1.32218e-44
-1.79524e-45
-2.52145e-44
-3.08377e-45
-1.32231e-44
-8.66792e-46
9.32909e-45
1.21571e-45
1.23736e-44
2.10569e-45
1.1203e-35
-4.65083e-35
-8.12054e-35
1.27691e-35
-9.65857e-37
-2.31167e-33
-6.03982e-35
-2.59558e-36
1.6457e-35
2.6094e-33
9.15633e-35
-2.59811e-35
1.84198e-36
7.1381e-35
9.55555e-35
7.18673e-37
1.24603e-35
1.2055e-34
2.32696e-35
1.45023e-35
-2.11506e-36
2.07844e-34
4.012e-35
-2.58421e-36
-2.60666e-35
4.1166e-34
2.01583e-34
-3.08691e-35
-4.38063e-35
4.41522e-33
4.70494e-34
-5.15846e-35
-1.32286e-36
4.67932e-33
4.78567e-34
-1.55382e-36
4.36439e-35
2.10486e-34
5.13888e-35
3.80962e-35
3.27972e-35
7.5685e-36
5.23913e-36
1.08671e-36
8.23796e-37
1.85056e-37
9.87631e-38
2.61979e-37
8.46291e-39
2.09783e-36
-3.05743e-38
1.47905e-35
-2.66005e-37
1.1552e-34
-2.2436e-36
5.86996e-34
-1.39309e-35
9.10723e-34
-9.03321e-35
1.55661e-32
-7.84074e-35
9.10721e-34
7.84075e-35
5.86981e-34
9.03311e-35
1.15425e-34
1.38979e-35
1.41744e-35
1.63581e-36
1.56102e-36
-7.91492e-36
7.77448e-37
-1.41766e-34
6.44316e-37
-8.17774e-36
9.79946e-38
-6.07424e-37
1.5882e-38
-3.27008e-38
3.19297e-39
1.58425e-39
6.43029e-39
1.87308e-38
9.42851e-38
2.27374e-36
-7.56455e-36
4.30919e-37
-6.15295e-37
6.19045e-38
-4.09397e-38
-2.27507e-39
9.11218e-39
-5.7959e-37
-5.44176e-36
-1.04385e-37
-4.09849e-37
-1.49094e-38
-2.24714e-38
-6.57008e-40
-1.93465e-39
-3.78489e-36
8.46313e-36
-6.6659e-37
6.49401e-37
-9.34198e-38
3.61444e-38
1.04431e-39
-1.20335e-38
1.06818e-37
9.14727e-36
2.95087e-38
7.31761e-37
5.6852e-39
4.50229e-38
1.96786e-39
1.17867e-39
2.89352e-36
3.18887e-36
5.55776e-37
3.71113e-37
8.24445e-38
4.16911e-38
4.53958e-39
1.21653e-38
-6.22227e-37
5.56923e-36
-1.31218e-37
6.54228e-37
-2.12369e-38
7.40682e-38
8.07058e-39
-3.30571e-39
-6.48552e-36
2.08627e-35
-1.27184e-36
1.82651e-36
-1.92805e-37
1.33577e-37
8.61613e-39
-2.87385e-38
-1.05353e-35
4.52154e-35
-2.04209e-36
3.60582e-36
-3.05814e-37
2.1262e-37
7.49348e-39
-4.52608e-38
-3.13238e-37
4.59282e-35
-6.03647e-38
3.65606e-36
-8.98377e-39
2.14558e-37
7.40705e-39
-1.32445e-39
1.04907e-35
2.16313e-35
2.03334e-36
1.87586e-36
3.04483e-37
1.34387e-37
8.31394e-39
4.50649e-38
6.89119e-36
5.15927e-36
1.35243e-36
5.90615e-37
2.05154e-37
6.47004e-38
6.85791e-39
3.06012e-38
1.24452e-36
1.28921e-36
2.58442e-37
1.8129e-37
4.13472e-38
2.46326e-38
3.05497e-39
6.3796e-39
2.0529e-37
2.09159e-37
4.51537e-38
3.27369e-38
7.55331e-39
4.84662e-39
6.40513e-40
1.21075e-39
2.55789e-38
4.02019e-38
5.8574e-39
7.29694e-39
1.00987e-39
1.18694e-39
1.72625e-40
1.6606e-40
-9.4032e-40
6.48448e-38
-4.19903e-40
1.50741e-38
-1.51969e-40
2.62667e-39
4.22307e-40
-3.14776e-41
-3.88943e-38
4.97782e-37
-1.08086e-38
1.11072e-37
-2.56979e-39
1.84837e-38
2.87323e-39
-4.74666e-40
-3.25619e-37
3.37e-36
-8.77291e-38
6.85582e-37
-2.00491e-38
1.06096e-37
1.54795e-38
-3.59143e-39
-2.70679e-36
2.36544e-35
-6.90232e-37
4.25807e-36
-1.5079e-37
5.89777e-37
7.86956e-38
-2.59585e-38
-1.66025e-35
1.1282e-34
-4.02512e-36
1.5794e-35
-8.28139e-37
1.7118e-36
1.73133e-37
-1.36131e-37
-1.04456e-34
6.41468e-34
-2.21064e-35
6.89097e-35
-4.29589e-36
5.67612e-36
3.61489e-37
-6.69031e-37
-9.02698e-35
1.09875e-33
-1.86936e-35
1.13573e-34
-3.60082e-36
8.92858e-36
5.0819e-37
-5.55697e-37
9.02698e-35
6.4147e-34
1.86935e-35
6.89119e-35
3.60077e-36
5.67673e-36
3.61629e-37
5.55683e-37
1.04455e-34
1.12835e-34
2.21056e-35
1.58129e-35
4.29543e-36
1.71665e-36
1.74195e-37
6.6891e-37
1.65795e-35
2.37492e-35
4.01516e-36
4.3742e-36
8.23973e-37
6.18088e-37
8.45395e-38
1.35129e-37
2.31616e-36
3.98453e-36
5.68821e-37
1.4187e-36
1.117e-37
2.61815e-37
4.58265e-38
1.76433e-38
-4.6468e-36
1.03073e-36
-1.05567e-36
7.44839e-37
-2.54969e-37
1.50192e-37
2.8371e-38
-4.69738e-38
-1.07068e-35
-4.72871e-37
-7.34732e-36
-6.19501e-37
-1.64431e-36
-1.29052e-37
-2.4421e-38
-2.7375e-37
-4.96831e-36
-6.07259e-37
-1.14213e-36
-7.31093e-37
-2.7439e-37
-1.54053e-37
-2.46605e-38
-5.01044e-38
-3.89981e-37
-9.3687e-38
-1.20358e-37
-1.14132e-37
-3.56537e-38
-1.78969e-38
3.94277e-38
-3.68815e-39
-2.10037e-38
-1.31657e-38
-1.23792e-39
-5.89355e-39
2.99357e-38
7.30952e-38
3.54665e-37
5.64784e-38
1.41219e-38
8.27219e-39
7.07696e-38
6.54007e-38
3.08202e-37
4.26247e-37
2.07006e-36
7.07601e-37
1.14985e-37
4.76161e-38
5.89672e-37
3.31871e-37
2.87601e-36
2.21495e-36
1.13573e-35
8.63892e-36
6.20528e-37
3.54604e-36
2.00404e-35
8.11557e-35
1.05631e-39
-8.36295e-41
1.17484e-40
6.46882e-42
1.20728e-41
1.09451e-42
1.19845e-42
1.07318e-43
1.12303e-43
6.62261e-45
9.68103e-45
-1.30236e-45
6.4477e-46
6.12302e-46
1.93001e-46
1.00223e-45
1.18344e-46
2.60857e-46
3.00066e-47
6.13323e-47
6.69056e-48
1.03486e-47
9.55371e-49
1.64022e-48
-9.5296e-49
4.29637e-49
-6.65825e-48
1.64061e-48
-2.95646e-47
1.03522e-47
-1.12569e-46
6.13598e-47
-1.20341e-46
2.60999e-46
2.29219e-46
1.00184e-45
4.63781e-46
5.84902e-46
-1.19248e-46
-1.84588e-45
-6.4436e-46
-1.63751e-45
-1.19248e-46
1.63751e-45
4.63781e-46
1.84588e-45
2.29219e-46
-5.84902e-46
-1.20344e-46
-1.00184e-45
-1.12593e-46
-2.60996e-46
-2.97433e-47
-6.13323e-47
-7.82781e-48
-1.01316e-47
-7.95759e-48
2.37312e-50
-3.06907e-47
1.0322e-47
-1.18122e-46
6.27283e-47
-1.43033e-46
2.69702e-46
1.47519e-46
1.05261e-45
4.6384e-46
7.82711e-46
2.66726e-46
-1.11703e-45
-2.6657e-46
-2.12636e-45
-4.62753e-46
-1.11717e-45
-1.4051e-46
7.81446e-46
1.69459e-46
1.04178e-45
1.77791e-46
-1.8515e-40
4.9927e-41
-1.55979e-41
9.8155e-42
-1.06431e-42
1.0342e-42
-4.95525e-44
8.85772e-44
5.15362e-46
6.51994e-45
4.8518e-46
2.8808e-46
6.69003e-47
7.68376e-47
1.96275e-47
8.86637e-47
9.80725e-48
2.30765e-47
2.42524e-48
5.46835e-48
5.397e-49
9.3097e-49
7.75206e-50
1.48578e-49
-7.66519e-50
3.9159e-50
-5.30165e-49
1.48673e-49
-2.3185e-48
9.31803e-49
-8.70006e-48
5.47329e-48
-9.13604e-48
2.30622e-47
1.82494e-47
8.74979e-47
3.64995e-47
5.07322e-47
-9.23192e-48
-1.61124e-46
-5.03619e-47
-1.4275e-46
-9.23192e-48
1.4275e-46
3.64995e-47
1.61124e-46
1.82494e-47
-5.07322e-47
-9.13628e-48
-8.74979e-47
-8.70201e-48
-2.3062e-47
-2.33309e-48
-5.47078e-48
-6.24587e-49
-9.11692e-49
-6.35146e-49
2.17159e-51
-2.40933e-48
9.29038e-49
-9.14106e-48
5.59713e-48
-1.09069e-47
2.38445e-47
1.19733e-47
9.20176e-47
3.66883e-47
6.81551e-47
2.1018e-47
-9.77682e-47
-2.10041e-47
-1.85939e-46
-3.65949e-47
-9.77822e-47
-1.13803e-47
6.80301e-47
1.31267e-47
9.0998e-47
1.5635e-47
-1.17049e-39
-9.19645e-41
-1.04603e-40
-1.71666e-41
-8.36688e-42
-1.85771e-42
-5.83276e-43
-1.66377e-43
-3.31085e-44
-1.36672e-44
-1.00185e-45
-1.05649e-45
7.63153e-47
-7.13016e-47
2.11102e-47
1.84664e-48
3.40502e-48
1.53174e-48
4.8114e-49
4.27296e-49
7.11102e-50
7.58356e-50
8.74281e-51
1.23403e-50
-5.98211e-51
3.28887e-51
-4.25268e-50
1.23852e-50
-1.84598e-49
7.68468e-50
-6.86247e-49
4.46443e-49
-7.13884e-49
1.85711e-48
1.45391e-48
6.96187e-48
2.89204e-48
4.0098e-48
-7.28928e-49
-1.28147e-47
-3.98234e-48
-1.13394e-47
-7.28928e-49
1.13394e-47
2.89204e-48
1.28147e-47
1.4539e-48
-4.0098e-48
-7.13904e-49
-6.96186e-48
-6.86406e-49
-1.85709e-48
-1.85786e-49
-4.46231e-49
-5.01795e-50
-7.51569e-50
-5.10366e-50
1.83598e-52
-1.91942e-49
7.66127e-50
-7.21583e-49
4.56739e-49
-8.54516e-49
1.9215e-48
9.60786e-49
7.32963e-48
2.91459e-48
5.40662e-48
1.6673e-48
-7.79916e-48
-1.66609e-48
-1.48163e-47
-2.90665e-48
-7.80045e-48
-9.1108e-49
5.39547e-48
1.04154e-48
7.24265e-48
1.2498e-48
1.68703e-40
1.12467e-41
2.35223e-41
-7.19454e-42
2.86514e-42
-8.65351e-43
3.33902e-43
-7.15216e-44
3.56906e-44
-4.78385e-45
3.65117e-45
-2.52979e-46
3.50778e-46
-6.49315e-48
3.24362e-47
1.12718e-48
2.89619e-48
2.81791e-49
2.54833e-49
5.25106e-50
2.28166e-50
7.92219e-51
2.0135e-51
1.16319e-51
-3.5679e-52
2.82446e-52
-3.22294e-51
1.01095e-51
-1.39043e-50
6.23401e-51
-5.12108e-50
3.59739e-50
-5.2894e-50
1.48638e-49
1.0889e-49
5.52342e-49
2.15791e-49
3.16418e-49
-5.4453e-50
-1.01625e-48
-2.97048e-49
-8.98349e-49
-5.4453e-50
8.98349e-49
2.15791e-49
1.01625e-48
1.0889e-49
-3.16418e-49
-5.28956e-50
-5.52341e-49
-5.12232e-50
-1.48636e-49
-1.39964e-50
-3.59564e-50
-3.81637e-51
-6.09547e-51
-3.88229e-51
1.50888e-53
-1.4467e-50
6.21468e-51
-5.38907e-50
3.68126e-50
-6.34575e-50
1.53856e-49
7.22377e-50
5.81931e-49
2.17926e-49
4.27952e-49
1.24568e-49
-6.19788e-49
-1.2447e-49
-1.17661e-48
-2.17295e-49
-6.19901e-49
-6.83498e-50
4.2699e-49
7.80328e-50
5.74658e-49
9.96516e-50
1.35435e-39
5.20722e-40
1.48544e-40
5.02063e-41
1.49921e-41
4.88146e-42
1.47243e-42
4.53121e-43
1.36383e-43
4.10111e-44
1.22476e-44
3.54518e-45
1.05042e-45
2.97267e-46
8.73495e-47
2.4e-47
6.99315e-48
1.8855e-48
5.44006e-49
1.44446e-49
4.104e-50
1.08942e-50
3.01683e-51
8.20771e-52
1.76034e-52
7.24959e-53
-2.26243e-52
8.13335e-53
-1.03014e-51
4.77707e-52
-3.77155e-51
2.73509e-51
-3.87513e-51
1.12111e-50
8.03135e-51
4.12942e-50
1.58734e-50
2.35313e-50
-4.01328e-51
-7.59481e-50
-2.18522e-50
-6.70714e-50
-4.01328e-51
6.70714e-50
1.58734e-50
7.59481e-50
8.03134e-51
-2.35313e-50
-3.87525e-51
-4.12941e-50
-3.77255e-51
-1.1211e-50
-1.03801e-51
-2.73371e-51
-2.84688e-52
-4.66742e-52
-2.8964e-52
1.17423e-54
-1.07324e-51
4.75976e-52
-3.97116e-51
2.79963e-51
-4.65714e-51
1.16103e-50
5.33985e-51
4.35401e-50
1.60547e-50
3.19202e-50
9.1728e-51
-4.64202e-50
-9.16506e-51
-8.80568e-50
-1.60059e-50
-4.64295e-50
-5.04304e-51
3.18426e-50
5.77221e-51
4.29693e-50
7.48157e-51
-3.86938e-40
9.20508e-40
-4.36914e-41
8.78596e-41
-4.52416e-42
8.43993e-42
-4.50976e-43
7.73861e-43
-4.22854e-44
6.91798e-44
-3.82048e-45
5.90881e-45
-3.29008e-46
4.89538e-46
-2.73651e-47
3.90041e-47
-2.18679e-48
3.01683e-48
-1.69193e-49
2.25663e-49
-1.26389e-50
1.64227e-50
-9.16145e-52
1.16164e-51
-6.72182e-53
8.09766e-53
-2.16105e-53
1.11507e-53
-7.34541e-53
3.60367e-53
-2.65797e-52
2.03402e-52
-2.71707e-52
8.29488e-52
5.66489e-52
3.03413e-51
1.11684e-51
1.72135e-51
-2.83016e-52
-5.57832e-51
-1.53783e-51
-4.92229e-51
-2.83016e-52
4.92229e-51
1.11684e-51
5.57832e-51
5.66488e-52
-1.72135e-51
-2.71714e-52
-3.03413e-51
-2.65845e-52
-8.29475e-52
-7.36547e-53
-2.03277e-52
-2.03239e-53
-3.48817e-53
-2.068e-53
8.86594e-56
-7.61789e-53
3.5577e-53
-2.79995e-52
2.0822e-52
-3.27089e-52
8.59301e-52
3.77386e-52
3.20094e-51
1.13124e-51
2.34092e-51
6.46069e-52
-3.4152e-51
-6.45491e-52
-6.47489e-51
-1.12765e-51
-3.41594e-51
-3.55811e-52
2.33486e-51
4.08078e-52
3.15734e-51
5.51918e-52
-3.23125e-39
5.16134e-40
-3.55562e-40
2.80669e-41
-3.59844e-41
1.83037e-42
-3.53118e-42
1.38208e-43
-3.26623e-43
1.13772e-44
-2.92297e-44
9.38777e-46
-2.49697e-45
7.6518e-47
-2.06533e-46
6.03329e-48
-1.64329e-47
4.63063e-49
-1.26824e-48
3.43957e-50
-9.46408e-50
2.48719e-51
-6.86418e-51
1.74738e-52
-4.83377e-52
1.2033e-53
-3.43189e-53
1.21347e-54
-7.28411e-54
2.60678e-54
-1.84783e-53
1.44872e-53
-1.86744e-53
5.87623e-53
3.91026e-53
2.13483e-52
7.69317e-53
1.20594e-52
-1.95345e-53
-3.92362e-52
-1.05953e-52
-3.45943e-52
-1.95345e-53
3.45943e-52
7.69318e-53
3.92362e-52
3.91031e-53
-1.20594e-52
-1.86659e-53
-2.13483e-52
-1.83392e-53
-5.87613e-53
-5.10898e-54
-1.44765e-53
-1.41572e-54
-2.49685e-54
-1.44066e-54
6.416e-57
-5.28529e-54
2.54701e-54
-1.93234e-53
1.48316e-53
-2.25018e-53
6.08948e-53
2.60887e-53
2.25349e-52
7.80172e-53
1.64402e-52
4.4543e-53
-2.40615e-52
-4.45011e-53
-4.55926e-52
-7.77607e-53
-2.4067e-52
-2.45619e-53
1.63952e-52
2.82437e-53
2.2217e-52
3.8978e-53
-5.05272e-39
-3.66376e-40
-5.53326e-40
-8.98402e-41
-5.57374e-41
-1.08371e-41
-5.45056e-42
-1.06606e-42
-5.02488e-43
-9.74676e-44
-4.48495e-44
-8.37956e-45
-3.82179e-45
-6.95126e-46
-3.15462e-46
-5.53601e-47
-2.50515e-47
-4.27677e-48
-1.93022e-48
-3.19322e-49
-1.43819e-49
-2.31775e-50
-1.04171e-50
-1.63238e-51
-7.32376e-52
-1.11967e-52
-5.02269e-53
-7.44543e-54
-3.6818e-54
-3.08617e-55
-1.43805e-54
9.7501e-55
-1.25151e-54
4.06426e-54
2.60417e-54
1.46896e-53
5.1148e-54
8.26719e-54
-1.30134e-54
-2.69896e-53
-7.04583e-54
-2.37802e-53
-1.30134e-54
2.37802e-53
5.11485e-54
2.69896e-53
2.60502e-54
-8.2672e-54
-1.23777e-54
-1.46897e-53
-1.22105e-54
-4.06612e-54
-3.41979e-55
-1.00541e-54
-9.516e-56
-1.74087e-55
-9.68448e-56
4.49341e-58
-3.53862e-55
1.77605e-55
-1.2871e-54
1.03023e-54
-1.49419e-54
4.21481e-54
1.74051e-54
1.5513e-53
5.19305e-54
1.12945e-53
2.96401e-54
-1.65736e-53
-2.9611e-54
-3.13907e-53
-5.17543e-54
-1.65777e-53
-1.63652e-54
1.12622e-53
1.88556e-54
1.52877e-53
2.69132e-54
-1.47264e-40
-3.99297e-40
-1.60817e-41
-9.40218e-41
-1.61546e-42
-1.12809e-41
-1.57641e-43
-1.10818e-42
-1.45033e-44
-1.01279e-43
-1.29233e-45
-8.70655e-45
-1.09951e-46
-7.22261e-46
-9.06355e-48
-5.75234e-47
-7.18851e-49
-4.4441e-48
-5.53266e-50
-3.3183e-49
-4.11811e-51
-2.40865e-50
-2.9801e-52
-1.69649e-51
-2.09341e-53
-1.16375e-52
-1.43751e-54
-7.76683e-54
-1.17579e-55
-4.9397e-55
-8.56149e-56
3.53136e-56
-8.06328e-56
2.697e-55
1.69527e-55
9.7618e-55
3.32324e-55
5.47498e-55
-8.46984e-56
-1.79322e-54
-4.57869e-55
-1.57894e-54
-8.4698e-56
1.57895e-54
3.32326e-55
1.79327e-54
1.69551e-55
-5.47463e-55
-8.02428e-56
-9.76296e-55
-7.94378e-56
-2.71713e-55
-2.23468e-56
-6.74274e-56
-6.23768e-57
-1.16976e-56
-6.34839e-57
5.96257e-60
-2.31271e-56
1.19504e-56
-8.37625e-56
6.90986e-56
-9.69825e-56
2.81718e-55
1.13417e-55
1.03149e-54
3.37742e-55
7.49526e-55
1.92723e-55
-1.10264e-54
-1.92526e-55
-2.0875e-54
-3.36565e-55
-1.10287e-54
-1.0652e-55
7.47254e-55
1.22991e-55
1.01608e-54
1.79454e-55
5.03097e-39
4.50807e-40
5.50962e-40
2.03881e-41
5.55009e-41
1.03105e-42
5.42758e-42
6.24975e-44
5.00382e-43
4.50826e-45
4.46625e-44
3.46883e-46
3.80593e-45
2.71772e-47
3.14159e-46
2.08116e-48
2.49485e-47
1.55991e-49
1.9223e-48
1.13314e-50
1.43232e-49
8.02732e-52
1.03747e-50
5.5248e-53
7.29389e-52
3.71107e-54
4.99431e-53
2.42958e-55
3.32725e-54
1.62921e-56
2.11429e-55
5.29708e-57
8.68346e-57
1.74843e-56
1.15641e-56
6.32979e-56
2.10066e-56
3.58821e-56
-5.34891e-57
-1.15989e-55
-2.88756e-56
-1.02314e-55
-5.34735e-57
1.02413e-55
2.09545e-56
1.16797e-55
1.07066e-56
-3.51547e-56
-5.05091e-57
-6.32123e-56
-5.01432e-57
-1.7819e-56
-1.41649e-57
-4.47068e-57
-3.99655e-58
-4.15047e-58
-4.03919e-58
-4.10134e-58
-1.46433e-57
6.764e-58
-5.28796e-57
4.51059e-57
-6.10734e-57
1.8467e-56
7.16989e-57
6.73306e-56
2.13131e-56
4.88736e-56
1.21625e-56
-7.19613e-56
-1.21456e-56
-1.3566e-55
-2.12433e-56
-7.11487e-56
-6.73068e-57
4.81651e-56
7.78434e-57
6.58488e-56
1.14967e-56
3.44305e-39
7.65872e-40
3.79078e-40
7.22712e-41
3.83834e-41
6.90051e-42
3.76818e-42
6.30549e-43
3.48677e-43
5.62298e-44
3.12137e-44
4.7927e-45
2.66726e-45
3.96275e-46
2.20679e-46
3.15092e-47
1.75629e-47
2.43184e-48
1.35577e-48
1.81432e-49
1.01196e-49
1.31608e-50
7.3412e-51
9.264e-52
5.16865e-52
6.35153e-53
3.5437e-53
4.23799e-54
2.36458e-54
2.75583e-55
1.53606e-55
1.63827e-56
9.50896e-57
-2.83864e-57
1.34115e-57
2.59958e-57
1.33539e-57
9.97805e-57
-3.72302e-58
-6.78381e-58
-1.78201e-57
-4.80683e-57
-2.93218e-58
6.3454e-57
1.29124e-57
1.40275e-56
6.21799e-58
2.31388e-57
-3.46861e-58
-1.17491e-57
-2.94883e-58
-2.83852e-57
-8.20182e-59
-1.42779e-57
-7.61623e-59
5.68809e-57
-2.89036e-59
-6.73343e-57
-5.3269e-59
-1.70049e-57
-2.92673e-58
1.70969e-58
-3.43075e-58
2.70901e-57
4.14348e-58
1.01325e-56
1.25292e-57
7.86041e-57
7.79687e-58
-1.00802e-56
-7.09492e-58
-1.00426e-56
-1.36069e-57
3.7456e-57
-4.50405e-58
-1.7633e-57
5.15175e-58
2.26471e-57
-2.23753e-57
7.41307e-40
3.79286e-40
8.34184e-41
3.77733e-41
8.61825e-42
3.69988e-42
8.58836e-43
3.42509e-43
8.05662e-44
3.07642e-44
7.2909e-45
2.636e-45
6.29208e-46
2.18817e-46
5.24842e-47
1.74606e-47
4.20814e-48
1.35162e-48
3.26904e-49
1.01121e-49
2.45412e-50
7.35294e-51
1.78924e-51
5.1875e-52
1.2655e-52
3.56376e-53
8.71128e-54
2.3813e-54
5.83073e-55
1.49312e-55
3.7796e-56
-1.36571e-56
3.19419e-57
-8.35529e-56
1.47897e-57
-2.41687e-56
2.12934e-58
1.29405e-55
-8.02705e-58
1.10398e-55
-1.82206e-58
2.63886e-56
6.0012e-58
-3.40503e-57
1.01816e-58
1.05135e-55
-6.12475e-58
7.3581e-56
-6.50365e-58
4.62025e-56
2.1485e-58
-2.92774e-56
1.0221e-58
-2.06725e-56
-8.52581e-58
9.08299e-56
-6.1705e-59
-1.07397e-55
6.26781e-58
-2.7705e-56
5.61722e-58
-1.50447e-57
5.51681e-58
2.58236e-56
-4.76399e-58
9.87594e-56
-1.00697e-57
8.00509e-56
5.36713e-58
-9.37801e-56
6.22872e-58
-2.7423e-56
-9.36527e-58
1.30914e-55
-5.86943e-58
-8.18045e-56
6.10088e-58
-3.05496e-56
-4.52139e-56
1.45469e-40
8.29623e-41
1.67541e-41
8.52292e-42
1.7651e-42
8.51891e-43
1.78491e-43
8.02093e-44
1.69522e-44
7.29662e-45
1.54904e-45
6.32465e-46
1.34788e-46
5.29966e-47
1.1318e-47
4.26573e-48
9.1262e-49
3.32638e-49
7.12251e-50
2.50554e-50
5.36812e-51
1.83258e-51
3.92649e-52
1.29988e-52
2.78472e-53
8.96925e-54
1.91948e-54
5.84805e-55
1.22581e-55
-5.84603e-56
3.46601e-57
-3.79338e-55
1.39274e-56
-1.37091e-54
2.19955e-56
-3.99189e-55
2.11478e-57
2.10333e-54
-1.35181e-56
1.80083e-54
-1.82366e-57
4.25758e-55
1.01614e-56
-9.52887e-56
8.32049e-58
1.58985e-54
-1.06129e-56
1.16685e-54
-1.07366e-56
7.46185e-55
3.64352e-57
-4.84442e-55
1.96823e-57
-3.60271e-55
-1.36889e-56
1.39882e-54
-9.07613e-58
-1.66726e-54
1.03918e-56
-4.26765e-55
9.78127e-57
-1.81803e-56
9.74358e-57
4.18385e-55
-8.62786e-57
1.60128e-54
-1.86606e-56
1.29568e-54
7.88777e-57
-1.53298e-54
1.10153e-56
-4.69435e-55
-1.41333e-56
2.02624e-54
-8.71447e-57
-1.36163e-54
9.69321e-57
-4.88741e-55
-6.65035e-55
2.03616e-41
2.37699e-41
2.37929e-42
2.60574e-42
2.53349e-43
2.7177e-43
2.58286e-44
2.6767e-44
2.46717e-45
2.51694e-45
2.2646e-46
2.25832e-46
1.97635e-47
1.94509e-47
1.6633e-48
1.61006e-48
1.34287e-49
1.28525e-49
1.04891e-50
9.90832e-51
7.90666e-52
7.39096e-52
5.7826e-53
5.3398e-53
4.09186e-54
3.69419e-54
2.5292e-55
-2.23009e-56
-8.66368e-56
-1.52852e-54
-8.17329e-56
-6.03862e-54
2.23093e-55
-2.17832e-53
3.65894e-55
-6.36399e-54
3.43921e-56
3.34051e-53
-2.27901e-55
2.85549e-53
-3.89844e-56
6.60203e-54
1.62703e-55
-2.03724e-54
2.05646e-56
2.34803e-53
-1.68648e-55
1.8024e-53
-1.78331e-55
1.17023e-53
5.52596e-56
-7.83842e-54
3.50409e-56
-6.09819e-54
-2.14674e-55
2.0986e-53
-1.31909e-56
-2.52301e-53
1.66826e-55
-6.40281e-54
1.60895e-55
-1.86997e-55
1.61646e-55
6.63102e-54
-1.44689e-55
2.54064e-53
-3.13518e-55
2.05137e-53
1.23313e-55
-2.45325e-53
1.7761e-55
-7.94854e-54
-2.27334e-55
3.04992e-53
-1.30986e-55
-2.2056e-53
1.57968e-55
-7.56551e-54
-9.44842e-54
-5.18311e-42
6.0647e-41
-6.98283e-43
7.04535e-42
-8.80071e-44
7.57624e-43
-9.9592e-45
7.75243e-44
-1.06745e-45
7.47111e-45
-1.06395e-46
6.89376e-46
-1.01232e-47
6.06077e-47
-9.11712e-49
5.12801e-48
-7.88425e-50
4.16457e-49
-6.52076e-51
3.26602e-50
-5.20112e-52
2.46675e-51
-3.99446e-53
1.79852e-52
-3.08109e-54
1.19172e-53
-6.93463e-55
-3.37802e-54
-1.73025e-54
-2.36643e-53
-1.35324e-54
-9.29214e-53
3.62161e-54
-3.36746e-52
5.94485e-54
-9.87287e-53
5.46815e-55
5.16204e-52
-3.74619e-54
4.40525e-52
-7.74129e-55
9.95266e-53
2.5364e-54
-3.95331e-53
4.4405e-55
3.35523e-52
-2.60707e-54
2.70736e-52
-2.88873e-54
1.78554e-52
8.09323e-55
-1.23356e-52
6.05557e-55
-1e-52
-3.27086e-54
3.05282e-52
-1.83351e-55
-3.70543e-52
2.60788e-54
-9.31941e-53
2.58032e-54
-1.33705e-54
2.61513e-54
1.02231e-52
-2.36521e-54
3.92232e-52
-5.13481e-54
3.16094e-52
1.87305e-54
-3.81966e-52
2.78918e-54
-1.30372e-52
-3.56312e-54
4.45394e-52
-1.89859e-54
-3.47424e-52
2.50953e-54
-1.13865e-52
-1.28757e-52
-6.8923e-41
4.00855e-40
-8.7518e-42
4.56024e-41
-1.03748e-42
4.82275e-42
-1.13055e-43
4.87461e-43
-1.16758e-44
4.64888e-44
-1.13347e-45
4.2548e-45
-1.05171e-46
3.71399e-46
-9.28962e-48
3.12415e-47
-7.88855e-49
2.52256e-48
-6.42758e-50
1.96659e-49
-5.05553e-51
1.47171e-50
-3.83621e-52
1.05685e-51
-2.99583e-53
6.17781e-53
-9.58736e-54
-5.83197e-53
-2.7343e-53
-3.54163e-52
-2.15284e-53
-1.39259e-51
5.74054e-53
-5.07374e-51
9.42848e-53
-1.49343e-51
8.48225e-54
7.77424e-51
-6.0091e-53
6.62292e-51
-1.44621e-53
1.4611e-51
3.85666e-53
-7.14638e-52
8.75539e-54
4.6511e-51
-3.9279e-53
3.96284e-51
-4.56802e-53
2.65568e-51
1.14645e-53
-1.89103e-51
1.01712e-53
-1.59083e-51
-4.8504e-53
4.3191e-51
-2.42997e-54
-5.29641e-51
3.97598e-53
-1.3189e-51
4.03906e-53
2.41188e-54
4.1297e-53
1.53489e-51
-3.77396e-53
5.90093e-51
-8.20684e-53
4.74562e-51
2.76981e-53
-5.79652e-51
4.27449e-53
-2.07405e-51
-5.4489e-53
6.32903e-51
-2.65433e-53
-5.32992e-51
3.89133e-53
-1.66915e-51
-1.68492e-51
-5.05761e-40
2.06335e-39
-6.28831e-41
2.26783e-40
-7.31756e-42
2.3439e-41
-7.86253e-43
2.32809e-42
-8.02329e-44
2.19153e-43
-7.71455e-45
1.98468e-44
-7.10019e-46
1.71778e-45
-6.22976e-47
1.43455e-46
-5.26022e-48
1.14877e-47
-4.26459e-49
8.85567e-49
-3.33832e-50
6.46553e-50
-2.52156e-51
4.41236e-51
-2.11482e-52
1.21145e-52
-1.29496e-52
-8.94558e-52
-4.20596e-52
-5.13301e-51
-3.33246e-52
-2.0239e-50
8.85101e-52
-7.41579e-50
1.45463e-51
-2.19185e-50
1.27918e-52
1.13574e-49
-9.37495e-52
9.65824e-50
-2.56779e-52
2.07869e-50
5.69412e-52
-1.21803e-50
1.61571e-52
6.20504e-50
-5.7409e-52
5.62298e-50
-7.02701e-52
3.83129e-50
1.55699e-52
-2.81122e-50
1.65645e-52
-2.44722e-50
-6.96276e-52
5.90027e-50
-3.01994e-53
-7.31937e-50
5.88644e-52
-1.80381e-50
6.14975e-52
3.6058e-52
6.34535e-52
2.23481e-50
-5.85639e-52
8.61221e-50
-1.27592e-51
6.91416e-50
3.96341e-52
-8.53222e-50
6.36462e-52
-3.19015e-50
-8.09519e-52
8.69177e-50
-3.54469e-52
-7.92822e-50
5.86569e-52
-2.3712e-50
-2.08689e-50
-3.53306e-39
9.80285e-39
-4.27972e-40
1.03173e-39
-4.8772e-41
1.03553e-40
-5.15239e-42
1.00855e-41
-5.18607e-43
9.34822e-43
-4.9292e-44
8.36522e-44
-4.49348e-45
7.16568e-45
-3.9102e-46
5.9291e-46
-3.27847e-47
4.67077e-47
-2.63984e-48
3.49434e-48
-2.05164e-49
2.33826e-49
-1.53763e-50
1.26669e-50
-1.51808e-51
-1.77994e-51
-1.82008e-51
-1.27689e-50
-6.31635e-51
-7.22455e-50
-5.03083e-51
-2.8599e-49
1.33002e-50
-1.05479e-48
2.18748e-50
-3.13231e-49
1.87911e-51
1.61456e-48
-1.42518e-50
1.37038e-48
-4.35407e-51
2.87479e-49
8.18913e-51
-1.97404e-49
2.81945e-51
8.00722e-49
-8.16506e-51
7.76389e-49
-1.05374e-50
5.38018e-49
2.03234e-51
-4.06462e-49
2.62026e-51
-3.64897e-49
-9.70849e-51
7.82657e-49
-3.48227e-52
-9.82962e-49
8.48709e-51
-2.39413e-49
9.12585e-51
9.52472e-51
9.50273e-51
3.16292e-49
-8.85802e-51
1.22289e-48
-1.93289e-50
9.7982e-49
5.51233e-51
-1.22229e-48
9.23697e-51
-4.75506e-49
-1.1719e-50
1.15985e-48
-4.52348e-51
-1.1468e-48
8.61854e-51
-3.27495e-49
-2.44868e-49
-1.77079e-38
1.70658e-38
-2.07949e-39
1.54069e-39
-2.3079e-40
1.42928e-40
-2.39079e-41
1.34274e-41
-2.36751e-42
1.22391e-42
-2.22177e-43
1.08609e-43
-2.00404e-44
9.25852e-45
-1.72907e-45
7.56779e-46
-1.4389e-46
5.23011e-47
-1.14844e-47
2.45738e-48
-8.81128e-49
-1.88473e-49
-6.49152e-50
-7.18173e-50
-1.04254e-50
-4.10139e-50
-2.55751e-50
-1.73664e-49
-9.20478e-50
-9.81151e-49
-7.36669e-50
-3.90306e-48
1.93794e-49
-1.44953e-47
3.1899e-49
-4.32575e-48
2.67485e-50
2.21749e-47
-2.10069e-49
1.87846e-47
-7.07075e-50
3.83635e-48
1.13941e-49
-3.04562e-48
4.68497e-50
9.86559e-48
-1.12204e-49
1.03483e-47
-1.53232e-49
7.29874e-48
2.50937e-50
-5.67661e-48
4.00969e-50
-5.24491e-48
-1.30385e-49
9.96595e-48
-3.54761e-51
-1.2696e-47
1.18391e-49
-3.05468e-48
1.31305e-49
1.90562e-49
1.38049e-49
4.32355e-48
-1.29882e-49
1.67781e-47
-2.83953e-49
1.34237e-47
7.38008e-50
-1.69151e-47
1.2979e-49
-6.83122e-48
-1.64237e-49
1.48786e-47
-5.41262e-50
-1.60207e-47
1.22684e-49
-4.36384e-48
-2.63807e-48
-8.40814e-38
1.52152e-38
-9.57651e-39
-2.36878e-42
-1.03973e-39
-6.82252e-41
-1.05612e-40
-9.2312e-42
-1.03e-41
-9.40904e-43
-9.53439e-43
-8.66194e-44
-8.50465e-44
-7.3971e-45
-7.26442e-45
-7.06313e-46
-5.98717e-46
-1.60823e-46
-4.69338e-47
-3.31537e-47
-3.47628e-48
-7.3505e-48
-2.42225e-49
-1.28985e-48
-9.75661e-50
-5.58681e-49
-3.57191e-49
-2.27375e-48
-1.30612e-48
-1.29175e-47
-1.05058e-48
-5.16965e-47
2.74789e-48
-1.93576e-46
4.52751e-48
-5.81002e-47
3.70299e-49
2.95935e-46
-3.01269e-48
2.50152e-46
-1.10232e-48
4.96781e-47
1.54253e-48
-4.49985e-47
7.44055e-49
1.17163e-46
-1.49823e-48
1.34059e-46
-2.16906e-48
9.62586e-47
2.94245e-49
-7.69932e-47
5.95442e-49
-7.29927e-47
-1.69734e-48
1.23077e-46
-2.96097e-50
-1.59177e-46
1.60613e-48
-3.7756e-47
1.83862e-48
3.28399e-48
1.95176e-48
5.7337e-47
-1.85363e-48
2.23621e-46
-4.05845e-48
1.78577e-46
9.59085e-49
-2.27516e-46
1.77576e-48
-9.49922e-47
-2.24031e-48
1.85294e-46
-6.0572e-49
-2.17322e-46
1.70012e-48
-5.64277e-47
-2.58874e-47
-6.9463e-38
1.24793e-38
-7.87e-39
-1.39661e-39
-8.51327e-40
-2.53672e-40
-8.61717e-41
-2.89555e-41
-8.38139e-42
-2.8164e-42
-7.73881e-43
-2.53063e-43
-6.89226e-44
-2.04892e-44
-5.88521e-45
-2.87214e-45
-4.7176e-46
-1.5669e-45
-2.81491e-47
-3.83511e-46
-2.48976e-49
-8.99648e-47
2.12475e-49
-1.59623e-47
-1.06893e-48
-6.95408e-48
-4.84421e-48
-2.8514e-47
-1.78987e-47
-1.63133e-46
-1.44712e-47
-6.57583e-46
3.76201e-47
-2.48365e-45
6.2049e-47
-7.49894e-46
4.94535e-48
3.79418e-45
-4.17177e-47
3.2002e-45
-1.64782e-47
6.16993e-46
2.01026e-47
-6.33442e-46
1.1303e-47
1.3113e-45
-1.92209e-47
1.66666e-45
-2.96473e-47
1.21945e-45
3.16801e-48
-1.00315e-45
8.52405e-48
-9.74539e-46
-2.1126e-47
1.44647e-45
-1.22845e-49
-1.90476e-45
2.09748e-47
-4.45207e-46
2.48567e-47
5.15293e-47
2.66592e-47
7.30289e-46
-2.55321e-47
2.8639e-45
-5.60167e-47
2.28464e-45
1.19075e-47
-2.93954e-45
2.34098e-47
-1.26699e-45
-2.94416e-47
2.20122e-45
-6.03996e-48
-2.83148e-45
2.27184e-47
-6.99502e-46
-2.08124e-46
6.946e-38
1.524e-38
7.86952e-39
1.11559e-42
8.51257e-40
-6.78278e-41
8.61635e-41
-9.21197e-42
8.3808e-42
-9.21444e-43
7.73461e-43
-5.16426e-44
6.83234e-44
1.11528e-44
5.68867e-45
-1.37451e-44
6.45898e-46
-1.77364e-44
1.7511e-46
-4.58773e-45
3.87239e-47
-1.08842e-45
5.91577e-48
-1.9249e-46
-1.38232e-47
-8.36365e-47
-6.3995e-47
-3.45418e-46
-2.38441e-46
-1.9931e-45
-1.93954e-46
-8.10472e-45
5.00495e-46
-3.09384e-44
8.26591e-46
-9.40851e-45
6.41316e-47
4.72232e-44
-5.61293e-46
3.97314e-44
-2.36831e-46
7.4246e-45
2.54806e-46
-8.56435e-45
1.64761e-46
1.40835e-44
-2.39331e-46
2.01293e-44
-3.93951e-46
1.50089e-44
3.13697e-47
-1.26806e-44
1.18317e-46
-1.25861e-44
-2.54401e-46
1.649e-44
1.89439e-48
-2.21249e-44
2.66128e-46
-5.07961e-45
3.26624e-46
7.45833e-46
3.53941e-46
9.00777e-45
-3.41848e-46
3.55912e-44
-7.51109e-46
2.83435e-44
1.43507e-46
-3.68849e-44
3.00384e-46
-1.634e-44
-3.76366e-46
2.54016e-44
-5.17506e-47
-3.57863e-44
2.95227e-46
-8.40107e-45
-1.13141e-45
8.40572e-38
1.72476e-38
9.57273e-39
1.5655e-39
1.03919e-39
1.4552e-40
1.05553e-40
1.33992e-41
1.02979e-41
1.42815e-42
9.48983e-43
5.22961e-43
7.79768e-44
2.29991e-43
4.94253e-45
-1.55345e-43
2.67963e-45
-2.09559e-43
1.79368e-45
-5.37346e-44
4.56795e-46
-1.26278e-44
7.21261e-47
-2.21209e-45
-1.74303e-46
-9.5471e-46
-8.11304e-46
-3.97398e-45
-3.0492e-45
-2.31497e-44
-2.49645e-45
-9.51372e-44
6.38783e-45
-3.67215e-43
1.05657e-44
-1.12494e-43
7.97038e-46
5.59972e-43
-7.2466e-45
4.69958e-43
-3.25347e-45
8.49272e-44
3.08817e-45
-1.0984e-43
2.29561e-45
1.39111e-43
-2.83799e-45
2.3128e-43
-5.02185e-45
1.75961e-43
2.58588e-46
-1.52728e-43
1.57509e-45
-1.5478e-43
-2.89502e-45
1.76433e-43
6.95717e-47
-2.42385e-43
3.22657e-45
-5.46508e-44
4.11895e-45
1.00834e-44
4.51461e-45
1.05835e-43
-4.38719e-45
4.21554e-43
-9.66476e-45
3.35576e-43
1.63468e-45
-4.40861e-43
3.68869e-45
-2.00616e-43
-4.60261e-45
2.76284e-43
-2.84696e-46
-4.30882e-43
3.67269e-45
-9.58087e-44
5.0074e-45
1.75209e-38
1.07587e-38
2.05141e-39
1.15712e-39
2.26927e-40
1.13653e-40
2.35483e-41
7.45616e-42
2.38481e-42
3.04441e-42
1.71691e-43
4.82886e-42
-6.70971e-44
2.54183e-42
-2.68292e-44
-1.80446e-42
2.61199e-44
-2.41208e-42
2.1674e-44
-6.09765e-43
5.56547e-45
-1.41513e-43
8.77914e-46
-2.44911e-44
-2.12584e-45
-1.0482e-44
-9.97159e-45
-4.40505e-44
-3.78849e-44
-2.59687e-43
-3.12875e-44
-1.08117e-42
7.90613e-44
-4.23352e-42
1.31069e-43
-1.30899e-42
9.59868e-45
6.44861e-42
-9.07492e-44
5.39573e-42
-4.28864e-44
9.40643e-43
3.65057e-44
-1.35588e-42
3.07636e-44
1.30955e-42
-3.26033e-44
2.58476e-42
-6.21056e-44
2.00604e-42
1.66147e-45
-1.78523e-42
2.03361e-44
-1.84133e-42
-3.18431e-44
1.83809e-42
1.37465e-45
-2.58491e-42
3.8011e-44
-5.69268e-43
5.04594e-44
1.27787e-43
5.59626e-44
1.20285e-42
-5.45833e-44
4.84579e-42
-1.2053e-43
3.85167e-42
1.82193e-44
-5.12106e-42
4.41573e-44
-2.38113e-42
-5.47728e-44
2.93159e-42
7.39732e-46
-5.03423e-42
4.4342e-44
-1.05771e-42
2.52693e-43
2.10378e-39
6.77437e-39
2.23882e-40
8.30832e-40
2.17885e-41
4.28632e-41
3.27932e-42
-3.63554e-41
1.003e-42
2.20328e-41
-5.14513e-43
5.12822e-41
-1.01607e-42
2.73811e-41
-3.31392e-43
-1.96265e-41
3.09227e-43
-2.60999e-41
2.55748e-43
-6.50173e-42
6.49673e-44
-1.48585e-42
1.01829e-44
-2.53631e-43
-2.46092e-44
-1.07464e-43
-1.16536e-43
-4.56836e-43
-4.47953e-43
-2.72978e-42
-3.74169e-43
-1.15499e-41
9.25985e-43
-4.58959e-41
1.54074e-42
-1.4323e-41
1.09333e-43
6.98221e-41
-1.07712e-42
5.82494e-41
-5.33099e-43
9.7635e-42
4.10689e-43
-1.57152e-41
3.9302e-43
1.07041e-41
-3.49314e-43
2.71006e-41
-7.26222e-43
2.14943e-41
2.43689e-45
-1.96256e-41
2.50253e-43
-2.06048e-41
-3.24166e-43
1.75389e-41
2.24219e-44
-2.54817e-41
4.23031e-43
-5.48517e-42
5.88035e-43
1.51235e-42
6.61832e-43
1.28542e-41
-6.40098e-43
5.24049e-41
-1.42247e-42
4.16813e-41
1.91745e-43
-5.59096e-41
5.01427e-43
-2.65776e-41
-6.16094e-43
2.87331e-41
5.88502e-44
-5.53059e-41
5.03646e-43
-1.09171e-41
5.09492e-42
-7.21829e-39
4.55419e-39
-9.74724e-40
6.88108e-40
-1.21574e-40
-4.3855e-40
1.25136e-42
-4.78994e-40
8.09747e-42
2.23622e-40
-6.1092e-42
5.40016e-40
-1.14861e-41
2.88067e-40
-3.6515e-42
-2.08252e-40
3.60337e-42
-2.7513e-40
2.93769e-42
-6.71635e-41
7.35247e-43
-1.50576e-41
1.14313e-43
-2.52498e-42
-2.75556e-43
-1.0566e-42
-1.32051e-42
-4.55582e-42
-5.156e-42
-2.77042e-41
-4.39796e-42
-1.19588e-40
1.03782e-41
-4.85075e-40
1.74135e-41
-1.53287e-40
1.1931e-42
7.36855e-40
-1.22841e-41
6.12339e-40
-6.22255e-42
9.82837e-41
4.61726e-42
-1.7599e-40
4.8688e-42
8.17258e-41
-3.54378e-42
2.77828e-40
-8.1139e-42
2.24974e-40
-4.55657e-44
-2.10115e-40
3.00721e-42
-2.23646e-40
-3.19268e-42
1.65236e-40
3.18402e-43
-2.47026e-40
4.58682e-42
-5.14422e-41
6.66851e-42
1.68547e-41
7.64917e-42
1.32967e-40
-7.12263e-42
5.51757e-40
-1.60289e-41
4.38358e-40
2.12438e-42
-5.95707e-40
5.60569e-42
-2.87414e-40
-6.74216e-42
2.78534e-40
1.05707e-42
-5.91666e-40
5.43849e-42
-1.09231e-40
7.53803e-41
-4.00169e-38
-1.29644e-39
-5.18617e-39
1.04587e-39
-6.14054e-40
-4.88372e-39
9.01612e-41
-4.71776e-39
9.31315e-41
2.16526e-39
-6.14897e-41
5.23154e-39
-1.16532e-40
2.78388e-39
-3.4624e-41
-2.0295e-39
3.99902e-41
-2.66389e-39
3.17156e-41
-6.36948e-40
7.80152e-42
-1.39327e-40
1.19986e-42
-2.28853e-41
-2.884e-42
-9.42899e-42
-1.40337e-41
-4.13778e-41
-5.57943e-41
-2.56773e-40
-4.96159e-41
-1.13742e-39
1.03604e-40
-4.70888e-39
1.77741e-40
-1.50608e-39
1.16756e-41
7.14077e-39
-1.26661e-40
5.91248e-39
-6.31717e-41
9.04188e-40
5.13946e-41
-1.81243e-39
5.79136e-41
4.32143e-40
-2.95863e-41
2.60679e-39
-8.00056e-41
2.1608e-39
1.34101e-42
-2.06686e-39
3.44989e-41
-2.23306e-39
-2.77765e-41
1.35858e-39
4.13825e-42
-2.1311e-39
4.60789e-41
-4.31e-40
7.10233e-41
1.72662e-40
8.4269e-41
1.26398e-39
-6.81722e-41
5.34055e-39
-1.60152e-40
4.25388e-39
2.5507e-41
-5.82422e-39
5.93941e-41
-2.85853e-39
-6.75589e-41
2.40187e-39
1.19938e-41
-5.81379e-39
5.01029e-41
-9.93573e-40
9.85239e-40
-8.19349e-39
1.95672e-38
-2.17261e-39
1.42487e-38
-4.73724e-41
-4.61762e-38
1.49168e-39
-4.50578e-38
9.59939e-40
2.07373e-38
-5.40709e-40
4.98735e-38
-1.02141e-39
2.645e-38
-2.33577e-40
-1.95165e-38
4.50649e-40
-2.53721e-38
3.36415e-40
-5.87745e-39
8.05789e-41
-1.24698e-39
1.22147e-41
-1.99273e-40
-2.92494e-41
-8.05485e-41
-1.45249e-40
-3.61203e-40
-5.939e-40
-2.30314e-39
-5.78614e-40
-1.05323e-38
8.5913e-40
-4.50249e-38
1.58693e-39
-1.46623e-38
9.75461e-41
6.81412e-38
-1.1449e-39
5.6108e-38
-4.72527e-40
8.11451e-39
6.49617e-40
-1.8189e-38
6.95667e-40
1.62461e-39
-1.44862e-40
2.42407e-38
-6.33242e-40
2.05172e-38
1.19672e-40
-1.99989e-38
4.01491e-40
-2.18008e-38
-2.32869e-40
1.15386e-38
4.94822e-41
-1.86316e-38
4.54773e-40
-3.57698e-39
7.43039e-40
1.66661e-39
9.39093e-40
1.16743e-38
-4.69217e-40
5.07945e-38
-1.30059e-39
4.04527e-38
4.17228e-40
-5.62057e-38
6.51577e-40
-2.77377e-38
-6.39848e-40
2.1301e-38
4.83096e-42
-5.62024e-38
3.21304e-40
-8.82096e-39
1.12545e-38
-2.80557e-39
2.01151e-37
-6.47925e-39
1.25422e-37
7.49969e-40
-3.83756e-37
9.77812e-39
-3.75518e-37
6.6612e-39
1.73022e-37
-2.55663e-39
4.14638e-37
-4.43994e-39
2.19092e-37
1.10174e-39
-1.63571e-37
5.02387e-39
-2.10726e-37
3.30553e-39
-4.73152e-38
7.63246e-40
-9.6366e-39
1.13187e-40
-1.49069e-39
-2.69834e-40
-5.87738e-40
-1.37981e-39
-2.71043e-39
-5.86283e-39
-1.78431e-38
-6.86933e-39
-8.51721e-38
2.25712e-39
-3.7533e-37
7.74351e-39
-1.24228e-37
3.70652e-40
5.66706e-37
-5.83841e-39
4.64379e-37
9.78544e-40
6.30634e-38
9.37784e-39
-1.59731e-37
8.4214e-39
-1.54487e-38
2.45045e-39
1.95518e-37
-6.1192e-40
1.6958e-37
4.17315e-39
-1.68778e-37
4.64839e-39
-1.86121e-37
-1.43804e-39
7.66168e-38
5.49453e-40
-1.33346e-37
4.0006e-39
-2.46838e-38
7.18481e-39
1.41318e-38
1.03609e-38
9.42309e-38
2.04433e-39
4.21953e-37
-2.23869e-39
3.38391e-37
8.11859e-39
-4.71951e-37
7.15034e-39
-2.35358e-37
-4.61711e-39
1.55011e-37
-4.01168e-39
-4.73608e-37
-2.1191e-39
-6.70846e-38
1.15541e-37
5.56639e-38
1.68695e-36
4.26312e-38
1.07904e-36
7.2526e-39
-3.20311e-36
-8.00309e-39
-3.14105e-36
8.15954e-39
1.45179e-36
3.21804e-38
3.45083e-36
7.24826e-38
1.81442e-36
8.09801e-38
-1.38086e-36
6.16322e-38
-1.75136e-36
3.28873e-38
-3.71631e-37
7.13987e-39
-7.22306e-38
1.02659e-39
-1.07069e-38
-2.43262e-39
-4.10331e-39
-1.29587e-38
-1.95353e-38
-5.87673e-38
-1.34168e-37
-9.15275e-38
-6.7228e-37
-1.05688e-37
-3.13975e-36
-8.70342e-38
-1.06956e-36
-7.55852e-39
4.72908e-36
5.65362e-38
3.83856e-36
1.32745e-37
4.81635e-37
1.59993e-37
-1.38506e-36
1.10334e-37
-2.27459e-37
9.84225e-38
1.60413e-36
1.10534e-37
1.41696e-36
1.07794e-37
-1.42736e-36
5.88634e-38
-1.5748e-36
-6.88749e-39
6.17119e-37
5.78646e-39
-1.05946e-36
3.5215e-38
-1.77343e-37
7.02651e-38
1.12122e-37
1.25354e-37
7.40265e-37
1.5806e-37
3.50146e-36
1.99756e-37
2.8184e-36
1.69207e-37
-3.9963e-36
9.02818e-38
-1.96982e-36
-1.58195e-38
1.29523e-36
-1.35901e-37
-4.00454e-36
-1.28686e-37
-5.07164e-37
1.05495e-36
1.78257e-36
1.04039e-35
2.36621e-36
6.80672e-36
5.93368e-38
-1.97246e-35
-2.05823e-36
-1.93833e-35
-1.01452e-36
8.97671e-36
1.36997e-36
2.12082e-35
2.82987e-36
1.10948e-35
2.01385e-36
-8.58871e-36
7.4976e-37
-1.07483e-35
2.94646e-37
-2.16525e-36
5.85159e-38
-3.94494e-37
8.00003e-39
-5.56651e-38
-1.88151e-38
-2.05303e-38
-1.06827e-37
-1.02006e-37
-5.31774e-37
-7.35337e-37
-1.21381e-36
-3.94228e-36
-3.32292e-36
-1.93769e-35
-3.86159e-36
-6.75646e-36
-2.59952e-37
2.91042e-35
2.66292e-36
2.34467e-35
3.49276e-36
2.69821e-36
2.67079e-36
-8.90304e-36
1.43385e-36
-2.77526e-36
2.22976e-36
9.65089e-36
3.16996e-36
8.71082e-36
2.19736e-36
-8.90712e-36
7.36493e-37
-9.87157e-36
4.95597e-38
2.9089e-36
5.58049e-38
-5.46126e-36
2.49386e-37
-8.82077e-37
6.16135e-37
6.686e-37
1.51173e-36
4.32775e-36
3.96964e-36
2.15306e-35
5.95345e-36
1.77173e-35
3.12451e-36
-2.48482e-35
1.14156e-36
-1.22257e-35
4.48014e-37
7.11711e-36
-3.06057e-36
-2.49532e-35
-3.17314e-36
-2.76897e-36
7.67907e-36
3.21938e-35
6.56528e-35
4.69598e-35
4.57832e-35
4.8494e-37
-1.25091e-34
-4.41468e-35
-1.23308e-34
-2.29762e-35
5.76475e-35
2.61857e-35
1.33367e-34
5.3393e-35
6.92536e-35
3.43921e-35
-5.56342e-35
9.07991e-36
-6.74454e-35
2.71388e-36
-1.18383e-35
4.79269e-37
-2.04416e-36
6.1829e-38
-2.72369e-37
-1.44075e-37
-9.75841e-38
-8.80563e-37
-5.00771e-37
-4.95584e-36
-3.82527e-36
-1.55147e-35
-2.16623e-35
-6.00817e-35
-1.23277e-34
-7.44747e-35
-4.55402e-35
-4.49098e-36
1.8482e-34
5.16531e-35
1.45543e-34
6.11726e-35
1.44731e-35
4.01516e-35
-5.73908e-35
1.78407e-35
-4.80548e-35
3.67319e-35
6.16263e-35
5.64987e-35
5.61311e-35
3.56988e-35
-5.73921e-35
9.03332e-36
-6.22758e-35
1.14408e-36
-8.55812e-36
5.10916e-37
-5.28987e-36
1.82589e-36
-5.19953e-36
5.56796e-36
3.55579e-36
1.81692e-35
2.36285e-35
6.79625e-35
1.34918e-34
1.07429e-34
1.13316e-34
4.85223e-35
-1.61742e-34
1.44376e-35
-7.52771e-35
1.19486e-35
2.30625e-35
-5.24029e-35
-1.61482e-34
-5.48132e-35
-1.56352e-35
7.87414e-35
4.22973e-34
6.5963e-34
2.88764e-36
-6.40468e-34
-3.37343e-34
3.58937e-34
7.26295e-34
4.38608e-34
8.4937e-35
1.86519e-35
2.86179e-36
3.37836e-37
-7.78668e-37
-5.3032e-36
-3.44799e-35
-1.51596e-34
-7.94602e-34
-1.02896e-33
-5.28466e-35
7.12697e-34
7.96211e-34
4.73785e-34
1.72049e-34
4.59681e-34
7.47461e-34
4.42539e-34
8.53305e-35
1.74432e-35
3.65992e-36
6.87356e-36
3.74209e-35
1.69651e-34
8.69874e-34
1.43471e-33
5.74613e-34
1.38842e-34
2.01593e-34
-6.84905e-34
-7.20185e-34
)
;

boundaryField
{
    leftWall
    {
        type            calculated;
        value           nonuniform 0();
    }
    rightWall
    {
        type            calculated;
        value           uniform 0;
    }
    lowerWall
    {
        type            calculated;
        value           uniform 0;
    }
    atmosphere
    {
        type            calculated;
        value           nonuniform 0();
    }
    defaultFaces
    {
        type            empty;
        value           nonuniform 0();
    }
    procBoundary1to0
    {
        type            processor;
        value           nonuniform List<scalar> 
44
(
1.06717e-43
1.01767e-42
7.57408e-42
5.36839e-41
3.64141e-40
2.32278e-39
1.4089e-38
7.7291e-38
3.99188e-37
1.61705e-36
1.10517e-35
-4.76746e-36
-2.75715e-35
-1.96516e-36
1.21812e-35
-2.13258e-36
-2.60884e-35
-4.3842e-35
-1.32393e-36
4.36794e-35
4.15134e-34
-2.76952e-35
-4.30927e-36
-6.71318e-37
-8.01576e-38
-1.25236e-38
-3.05989e-38
-2.47128e-37
-2.07517e-36
-1.28333e-35
-8.28679e-35
-7.18895e-35
7.18896e-35
8.28688e-35
1.28561e-35
2.46403e-36
5.20805e-36
9.82509e-36
4.96411e-36
3.89183e-37
2.27802e-38
5.47781e-40
-2.63072e-39
-1.26471e-38
)
;
    }
    procBoundary1to3
    {
        type            processor;
        value           nonuniform List<scalar> 
45
(
5.12602e-39
3.94931e-38
2.75827e-37
1.85692e-36
9.6026e-36
5.67559e-35
3.99434e-35
-1.08228e-34
-1.06731e-34
4.99683e-35
1.1524e-34
5.9778e-35
-4.82805e-35
-5.82607e-35
-1.00027e-35
-1.71338e-36
-2.26099e-37
-8.06414e-38
-4.15914e-37
-3.20833e-36
-1.83167e-35
-1.06706e-34
-3.97424e-35
1.59941e-34
1.25548e-34
1.26303e-35
-4.46082e-35
1.118e-34
5.85285e-35
4.91416e-35
-4.93322e-35
-4.91196e-35
1.41252e-34
-1.5294e-34
-9.16406e-36
2.6117e-36
2.03718e-35
1.21763e-34
1.02481e-34
-1.3479e-34
-5.92503e-35
1.74396e-34
-1.35392e-34
-1.75916e-35
-6.79222e-35
)
;
    }
}


// ************************************************************************* //
