/*--------------------------------*- C++ -*----------------------------------*\
| =========                 |                                                 |
| \\      /  F ield         | OpenFOAM: The Open Source CFD Toolbox           |
|  \\    /   O peration     | Version:  2.4.0                                 |
|   \\  /    A nd           | Web:      www.OpenFOAM.org                      |
|    \\/     M anipulation  |                                                 |
\*---------------------------------------------------------------------------*/
FoamFile
{
    version     2.0;
    format      ascii;
    class       volScalarField;
    location    "0.2";
    object      p;
}
// * * * * * * * * * * * * * * * * * * * * * * * * * * * * * * * * * * * * * //

dimensions      [1 -1 -2 0 0 0 0];

internalField   nonuniform List<scalar> 
1915
(
-0.0235435
-0.0235435
-0.0706305
-0.0706305
-0.117717
-0.117717
-0.164804
-0.164804
-0.211891
-0.211891
-0.258978
-0.258978
-0.306065
-0.306065
-0.353152
-0.353152
-0.400239
-0.400239
-0.447326
-0.447326
-0.0235435
-0.0235435
-0.0235435
-0.0235435
-0.0235435
-0.0235435
-0.0235435
-0.0235435
-0.0235435
-0.0235435
-0.0235435
-0.0235435
-0.0235435
-0.0235435
-0.0235435
-0.0235435
-0.0235435
-0.0235435
-0.0235435
-0.0235435
-0.0235435
-0.0235435
-0.0235435
-0.0235435
-0.0235435
-0.0235435
-0.0235435
-0.0235435
-0.0235435
-0.0235435
-0.0235435
-0.0235435
-0.0235435
-0.0235435
-0.0235435
-0.0235435
-0.0235435
-0.0235435
-0.0235435
-0.0235435
-0.0706305
-0.0706305
-0.0706305
-0.0706305
-0.0706305
-0.0706305
-0.0706305
-0.0706305
-0.0706305
-0.0706305
-0.0706305
-0.0706305
-0.0706305
-0.0706305
-0.0706305
-0.0706305
-0.0706305
-0.0706305
-0.0706305
-0.0706305
-0.0706305
-0.0706305
-0.0706305
-0.0706305
-0.0706305
-0.0706305
-0.0706305
-0.0706305
-0.0706305
-0.0706305
-0.0706305
-0.0706305
-0.0706305
-0.0706305
-0.0706305
-0.0706305
-0.0706305
-0.0706305
-0.0706305
-0.0706305
-0.117717
-0.117717
-0.117717
-0.117717
-0.117717
-0.117717
-0.117717
-0.117717
-0.117717
-0.117717
-0.117717
-0.117717
-0.117717
-0.117717
-0.117717
-0.117717
-0.117717
-0.117717
-0.117717
-0.117717
-0.117717
-0.117717
-0.117717
-0.117717
-0.117717
-0.117717
-0.117717
-0.117717
-0.117717
-0.117717
-0.117717
-0.117717
-0.117717
-0.117717
-0.117717
-0.117717
-0.117717
-0.117717
-0.117717
-0.117717
-0.164804
-0.164804
-0.164804
-0.164804
-0.164804
-0.164804
-0.164804
-0.164804
-0.164804
-0.164804
-0.164804
-0.164804
-0.164804
-0.164804
-0.164804
-0.164804
-0.164804
-0.164804
-0.164804
-0.164804
-0.164804
-0.164804
-0.164804
-0.164804
-0.164804
-0.164804
-0.164804
-0.164804
-0.164804
-0.164804
-0.164804
-0.164804
-0.164804
-0.164804
-0.164804
-0.164804
-0.164804
-0.164804
-0.164804
-0.164804
-0.211891
-0.211891
-0.211891
-0.211891
-0.211891
-0.211891
-0.211891
-0.211891
-0.211891
-0.211891
-0.211891
-0.211891
-0.211891
-0.211891
-0.211891
-0.211891
-0.211891
-0.211891
-0.211891
-0.211891
-0.211891
-0.211891
-0.211891
-0.211891
-0.211891
-0.211891
-0.211891
-0.211891
-0.211891
-0.211891
-0.211891
-0.211891
-0.211891
-0.211891
-0.211891
-0.211891
-0.211891
-0.211891
-0.211891
-0.211891
-0.258978
-0.258978
-0.258978
-0.258978
-0.258978
-0.258978
-0.258978
-0.258978
-0.258978
-0.258978
-0.258978
-0.258978
-0.258978
-0.258978
-0.258978
-0.258978
-0.258978
-0.258978
-0.258978
-0.258978
-0.258978
-0.258978
-0.258978
-0.258978
-0.258978
-0.258978
-0.258978
-0.258978
-0.258978
-0.258978
-0.258978
-0.258978
-0.258978
-0.258978
-0.258978
-0.258978
-0.258978
-0.258978
-0.258978
-0.258978
-0.306065
-0.306065
-0.306065
-0.306065
-0.306065
-0.306065
-0.306065
-0.306065
-0.306065
-0.306065
-0.306065
-0.306065
-0.306065
-0.306065
-0.306065
-0.306065
-0.306065
-0.306065
-0.306065
-0.306065
-0.306065
-0.306065
-0.306065
-0.306065
-0.306065
-0.306065
-0.306065
-0.306065
-0.306065
-0.306065
-0.306065
-0.306065
-0.306065
-0.306065
-0.306065
-0.306065
-0.306065
-0.306065
-0.306065
-0.306065
-0.353152
-0.353152
-0.353152
-0.353152
-0.353152
-0.353152
-0.353152
-0.353152
-0.353152
-0.353152
-0.353152
-0.353152
-0.353152
-0.353152
-0.353152
-0.353152
-0.353152
-0.353152
-0.353152
-0.353152
-0.353152
-0.353152
-0.353152
-0.353152
-0.353152
-0.353152
-0.353152
-0.353152
-0.353152
-0.353152
-0.353152
-0.353152
-0.353152
-0.353152
-0.353152
-0.353152
-0.353152
-0.353152
-0.353152
-0.353152
-0.400239
-0.400239
-0.400239
-0.400239
-0.400239
-0.400239
-0.400239
-0.400239
-0.400239
-0.400239
-0.400239
-0.400239
-0.400239
-0.400239
-0.400239
-0.400239
-0.400239
-0.400239
-0.400239
-0.400239
-0.400239
-0.400239
-0.400239
-0.400239
-0.400239
-0.400239
-0.400239
-0.400239
-0.400239
-0.400239
-0.400239
-0.400239
-0.400239
-0.400239
-0.400239
-0.400239
-0.400239
-0.400239
-0.400239
-0.400239
-0.447326
-0.447326
-0.447326
-0.447326
-0.447326
-0.447326
-0.447326
-0.447326
-0.447326
-0.447326
-0.447326
-0.447326
-0.447326
-0.447326
-0.447326
-0.447326
-0.447326
-0.447326
-0.447326
-0.447326
-0.447326
-0.447326
-0.447326
-0.447326
-0.447326
-0.447326
-0.447326
-0.447326
-0.447326
-0.447326
-0.447326
-0.447326
-0.447326
-0.447326
-0.447326
-0.447326
-0.447326
-0.447326
-0.447326
-0.447326
-0.505463
-0.505463
-0.574649
-0.574649
-0.643836
-0.643836
-0.713022
-0.713022
-0.782209
-0.782209
-0.851395
-0.851395
-0.920582
-0.920582
-0.989768
-0.989768
-1.05895
-1.05895
-1.12814
-1.12814
-1.19733
-1.26651
-1.3357
-1.40489
-1.47407
-1.54326
-1.61245
-1.68163
-1.75082
-1.82001
-1.88919
-1.95838
-2.02756
-2.09675
-2.16594
-2.23512
-2.30431
-2.3735
-2.44268
-2.51187
-2.58106
-2.65024
-2.71943
-0.505463
-0.505463
-0.505463
-0.505463
-0.574649
-0.574649
-0.574649
-0.574649
-0.643836
-0.643836
-0.643836
-0.643836
-0.713022
-0.713022
-0.713022
-0.713022
-0.782209
-0.782209
-0.782209
-0.782209
-0.851395
-0.851395
-0.851395
-0.851395
-0.920582
-0.920582
-0.920582
-0.920582
-0.989768
-0.989768
-0.989768
-0.989768
-1.05895
-1.05895
-1.05895
-1.05895
-1.12814
-1.12814
-1.12814
-1.12814
-1.19733
-1.19733
-1.19733
-1.19733
-1.26651
-1.26651
-1.26651
-1.26651
-1.3357
-1.3357
-1.3357
-1.3357
-1.40489
-1.40489
-1.40489
-1.40489
-1.47407
-1.47407
-1.47407
-1.47407
-1.54326
-1.54326
-1.54326
-1.54326
-1.61245
-1.61245
-1.61245
-1.61245
-1.68163
-1.68163
-1.68163
-1.68163
-1.75082
-1.75082
-1.75082
-1.75082
-1.82001
-1.82001
-1.82001
-1.82001
-1.88919
-1.88919
-1.88919
-1.88919
-1.95838
-1.95838
-1.95838
-1.95838
-2.02756
-2.02756
-2.02756
-2.02756
-2.09675
-2.09675
-2.09675
-2.09675
-2.16594
-2.16594
-2.16594
-2.16594
-2.23512
-2.23512
-2.23512
-2.23512
-2.30431
-2.30431
-2.30431
-2.30431
-2.3735
-2.3735
-2.3735
-2.3735
-2.44268
-2.44268
-2.44268
-2.44268
-2.51187
-2.51187
-2.51187
-2.51187
-2.58106
-2.58106
-2.58106
-2.58106
-2.65024
-2.65024
-2.65024
-2.65024
-2.71943
-2.71943
-2.71943
-2.71943
-0.505463
-0.505463
-0.505463
-0.505463
-0.505463
-0.505463
-0.505463
-0.505463
-0.505463
-0.505463
-0.505463
-0.505463
-0.505463
-0.505463
-0.505463
-0.505463
-0.505463
-0.505463
-0.505463
-0.505463
-0.505463
-0.505463
-0.505463
-0.505463
-0.505463
-0.505463
-0.505463
-0.505463
-0.505463
-0.505463
-0.505463
-0.505463
-0.505463
-0.505463
-0.505463
-0.505463
-0.505463
-0.505463
-0.505463
-0.505463
-0.574649
-0.574649
-0.574649
-0.574649
-0.574649
-0.574649
-0.574649
-0.574649
-0.574649
-0.574649
-0.574649
-0.574649
-0.574649
-0.574649
-0.574649
-0.574649
-0.574649
-0.574649
-0.574649
-0.574649
-0.574649
-0.574649
-0.574649
-0.574649
-0.574649
-0.574649
-0.574649
-0.574649
-0.574649
-0.574649
-0.574649
-0.574649
-0.574649
-0.574649
-0.574649
-0.574649
-0.574649
-0.574649
-0.574649
-0.574649
-0.643836
-0.643836
-0.643836
-0.643836
-0.643836
-0.643836
-0.643836
-0.643836
-0.643836
-0.643836
-0.643836
-0.643836
-0.643836
-0.643836
-0.643836
-0.643836
-0.643836
-0.643836
-0.643836
-0.643836
-0.643836
-0.643836
-0.643836
-0.643836
-0.643836
-0.643836
-0.643836
-0.643836
-0.643836
-0.643836
-0.643836
-0.643836
-0.643836
-0.643836
-0.643836
-0.643836
-0.643836
-0.643836
-0.643836
-0.643836
-0.713022
-0.713022
-0.713022
-0.713022
-0.713022
-0.713022
-0.713022
-0.713022
-0.713022
-0.713022
-0.713022
-0.713022
-0.713022
-0.713022
-0.713022
-0.713022
-0.713022
-0.713022
-0.713022
-0.713022
-0.713022
-0.713022
-0.713022
-0.713022
-0.713022
-0.713022
-0.713022
-0.713022
-0.713022
-0.713022
-0.713022
-0.713022
-0.713022
-0.713022
-0.713022
-0.713022
-0.713022
-0.713022
-0.713022
-0.713022
-0.782209
-0.782209
-0.782209
-0.782209
-0.782209
-0.782209
-0.782209
-0.782209
-0.782209
-0.782209
-0.782209
-0.782209
-0.782209
-0.782209
-0.782209
-0.782209
-0.782209
-0.782209
-0.782209
-0.782209
-0.782209
-0.782209
-0.782209
-0.782209
-0.782209
-0.782209
-0.782209
-0.782209
-0.782209
-0.782209
-0.782209
-0.782209
-0.782209
-0.782209
-0.782209
-0.782209
-0.782209
-0.782209
-0.782209
-0.782209
-0.851395
-0.851395
-0.851395
-0.851395
-0.851395
-0.851395
-0.851395
-0.851395
-0.851395
-0.851395
-0.851395
-0.851395
-0.851395
-0.851395
-0.851395
-0.851395
-0.851395
-0.851395
-0.851395
-0.851395
-0.851395
-0.851395
-0.851395
-0.851395
-0.851395
-0.851395
-0.851395
-0.851395
-0.851395
-0.851395
-0.851395
-0.851395
-0.851395
-0.851395
-0.851395
-0.851395
-0.851395
-0.851395
-0.851395
-0.851395
-0.920582
-0.920582
-0.920582
-0.920582
-0.920582
-0.920582
-0.920582
-0.920582
-0.920582
-0.920582
-0.920582
-0.920582
-0.920582
-0.920582
-0.920582
-0.920582
-0.920582
-0.920582
-0.920582
-0.920582
-0.920582
-0.920582
-0.920582
-0.920582
-0.920582
-0.920582
-0.920582
-0.920582
-0.920582
-0.920582
-0.920582
-0.920582
-0.920582
-0.920582
-0.920582
-0.920582
-0.920582
-0.920582
-0.920582
-0.920582
-0.989768
-0.989768
-0.989768
-0.989768
-0.989768
-0.989768
-0.989768
-0.989768
-0.989768
-0.989768
-0.989768
-0.989768
-0.989768
-0.989768
-0.989768
-0.989768
-0.989768
-0.989768
-0.989768
-0.989768
-0.989768
-0.989768
-0.989768
-0.989768
-0.989768
-0.989768
-0.989768
-0.989768
-0.989768
-0.989768
-0.989768
-0.989768
-0.989768
-0.989768
-0.989768
-0.989768
-0.989768
-0.989768
-0.989768
-0.989768
-1.05895
-1.05895
-1.05895
-1.05895
-1.05895
-1.05895
-1.05895
-1.05895
-1.05895
-1.05895
-1.05895
-1.05895
-1.05895
-1.05895
-1.05895
-1.05895
-1.05895
-1.05895
-1.05895
-1.05895
-1.05895
-1.05895
-1.05895
-1.05895
-1.05895
-1.05895
-1.05895
-1.05895
-1.05895
-1.05895
-1.05895
-1.05895
-1.05895
-1.05895
-1.05895
-1.05895
-1.05895
-1.05895
-1.05895
-1.05895
-1.12814
-1.12814
-1.12814
-1.12814
-1.12814
-1.12814
-1.12814
-1.12814
-1.12814
-1.12814
-1.12814
-1.12814
-1.12814
-1.12814
-1.12814
-1.12814
-1.12814
-1.12814
-1.12814
-1.12814
-1.12814
-1.12814
-1.12814
-1.12814
-1.12814
-1.12814
-1.12814
-1.12814
-1.12814
-1.12814
-1.12814
-1.12814
-1.12814
-1.12814
-1.12814
-1.12814
-1.12814
-1.12814
-1.12814
-1.12814
-1.19733
-1.19733
-1.19733
-1.19733
-1.19733
-1.19733
-1.19733
-1.19733
-1.19733
-1.19733
-1.19733
-1.19733
-1.19733
-1.19733
-1.19733
-1.19733
-1.19733
-1.19733
-1.19733
-1.19733
-1.19733
-1.19733
-1.19733
-1.19733
-1.19733
-1.19733
-1.19733
-1.19733
-1.19733
-1.19733
-1.19733
-1.19733
-1.19733
-1.19733
-1.19733
-1.19733
-1.19733
-1.19733
-1.19733
-1.19733
-1.26651
-1.26651
-1.26651
-1.26651
-1.26651
-1.26651
-1.26651
-1.26651
-1.26651
-1.26651
-1.26651
-1.26651
-1.26651
-1.26651
-1.26651
-1.26651
-1.26651
-1.26651
-1.26651
-1.26651
-1.26651
-1.26651
-1.26651
-1.26651
-1.26651
-1.26651
-1.26651
-1.26651
-1.26651
-1.26651
-1.26651
-1.26651
-1.26651
-1.26651
-1.26651
-1.26651
-1.26651
-1.26651
-1.26651
-1.26651
-1.3357
-1.3357
-1.3357
-1.3357
-1.3357
-1.3357
-1.3357
-1.3357
-1.3357
-1.3357
-1.3357
-1.3357
-1.3357
-1.3357
-1.3357
-1.3357
-1.3357
-1.3357
-1.3357
-1.3357
-1.3357
-1.3357
-1.3357
-1.3357
-1.3357
-1.3357
-1.3357
-1.3357
-1.3357
-1.3357
-1.3357
-1.3357
-1.3357
-1.3357
-1.3357
-1.3357
-1.3357
-1.3357
-1.3357
-1.3357
-1.40489
-1.40489
-1.40489
-1.40489
-1.40489
-1.40489
-1.40489
-1.40489
-1.40489
-1.40489
-1.40489
-1.40489
-1.40489
-1.40489
-1.40489
-1.40489
-1.40489
-1.40489
-1.40489
-1.40489
-1.40489
-1.40489
-1.40489
-1.40489
-1.40489
-1.40489
-1.40489
-1.40489
-1.40489
-1.40489
-1.40489
-1.40489
-1.40489
-1.40489
-1.40489
-1.40489
-1.40489
-1.40489
-1.40489
-1.40489
-1.47407
-1.47407
-1.47407
-1.47407
-1.47407
-1.47407
-1.47407
-1.47407
-1.47407
-1.47407
-1.47407
-1.47407
-1.47407
-1.47407
-1.47407
-1.47407
-1.47407
-1.47407
-1.47407
-1.47407
-1.47407
-1.47407
-1.47407
-1.47407
-1.47407
-1.47407
-1.47407
-1.47407
-1.47407
-1.47407
-1.47407
-1.47407
-1.47407
-1.47407
-1.47407
-1.47407
-1.47407
-1.47407
-1.47407
-1.47407
-1.54326
-1.54326
-1.54326
-1.54326
-1.54326
-1.54326
-1.54326
-1.54326
-1.54326
-1.54326
-1.54326
-1.54326
-1.54326
-1.54326
-1.54326
-1.54326
-1.54326
-1.54326
-1.54326
-1.54326
-1.54326
-1.54326
-1.54326
-1.54326
-1.54326
-1.54326
-1.54326
-1.54326
-1.54326
-1.54326
-1.54326
-1.54326
-1.54326
-1.54326
-1.54326
-1.54326
-1.54326
-1.54326
-1.54326
-1.54326
-1.61245
-1.61245
-1.61245
-1.61245
-1.61245
-1.61245
-1.61245
-1.61245
-1.61245
-1.61245
-1.61245
-1.61245
-1.61245
-1.61245
-1.61245
-1.61245
-1.61245
-1.61245
-1.61245
-1.61245
-1.61245
-1.61245
-1.61245
-1.61245
-1.61245
-1.61245
-1.61245
-1.61245
-1.61245
-1.61245
-1.61245
-1.61245
-1.61245
-1.61245
-1.61245
-1.61245
-1.61245
-1.61245
-1.61245
-1.61245
-1.68163
-1.68163
-1.68163
-1.68163
-1.68163
-1.68163
-1.68163
-1.68163
-1.68163
-1.68163
-1.68163
-1.68163
-1.68163
-1.68163
-1.68163
-1.68163
-1.68163
-1.68163
-1.68163
-1.68163
-1.68163
-1.68163
-1.68163
-1.68163
-1.68163
-1.68163
-1.68163
-1.68163
-1.68163
-1.68163
-1.68163
-1.68163
-1.68163
-1.68163
-1.68163
-1.68163
-1.68163
-1.68163
-1.68163
-1.68163
-1.75082
-1.75082
-1.75082
-1.75082
-1.75082
-1.75082
-1.75082
-1.75082
-1.75082
-1.75082
-1.75082
-1.75082
-1.75082
-1.75082
-1.75082
-1.75082
-1.75082
-1.75082
-1.75082
-1.75082
-1.75082
-1.75082
-1.75082
-1.75082
-1.75082
-1.75082
-1.75082
-1.75082
-1.75082
-1.75082
-1.75082
-1.75082
-1.75082
-1.75082
-1.75082
-1.75082
-1.75082
-1.75082
-1.75082
-1.75082
-1.82001
-1.82001
-1.82001
-1.82001
-1.82001
-1.82001
-1.82001
-1.82001
-1.82001
-1.82001
-1.82001
-1.82001
-1.82001
-1.82001
-1.82001
-1.82001
-1.82001
-1.82001
-1.82001
-1.82001
-1.82001
-1.82001
-1.82001
-1.82001
-1.82001
-1.82001
-1.82001
-1.82001
-1.82001
-1.82001
-1.82001
-1.82001
-1.82001
-1.82001
-1.82001
-1.82001
-1.82001
-1.82001
-1.82001
-1.82001
-1.88919
-1.88919
-1.88919
-1.88919
-1.88919
-1.88919
-1.88919
-1.88919
-1.88919
-1.88919
-1.88919
-1.88919
-1.88919
-1.88919
-1.88919
-1.88919
-1.88919
-1.88919
-1.88919
-1.88919
-1.88919
-1.88919
-1.88919
-1.88919
-1.88919
-1.88919
-1.88919
-1.88919
-1.88919
-1.88919
-1.88919
-1.88919
-1.88919
-1.88919
-1.88919
-1.88919
-1.88919
-1.88919
-1.88919
-1.88919
-1.95838
-1.95838
-1.95838
-1.95838
-1.95838
-1.95838
-1.95838
-1.95838
-1.95838
-1.95838
-1.95838
-1.95838
-1.95838
-1.95838
-1.95838
-1.95838
-1.95838
-1.95838
-1.95838
-1.95838
-1.95838
-1.95838
-1.95838
-1.95838
-1.95838
-1.95838
-1.95838
-1.95838
-1.95838
-1.95838
-1.95838
-1.95838
-1.95838
-1.95838
-1.95838
-1.95838
-1.95838
-1.95838
-1.95838
-1.95838
-2.02756
-2.02756
-2.02756
-2.02756
-2.02756
-2.02756
-2.02756
-2.02756
-2.02756
-2.02756
-2.02756
-2.02756
-2.02756
-2.02756
-2.02756
-2.02756
-2.02756
-2.02756
-2.02756
-2.02756
-2.02756
-2.02756
-2.02756
-2.02756
-2.02756
-2.02756
-2.02756
-2.02756
-2.02756
-2.02756
-2.02756
-2.02756
-2.02756
-2.02756
-2.02756
-2.02756
-2.02756
-2.02756
-2.02756
-2.02756
-2.09675
-2.09675
-2.09675
-2.09675
-2.09675
-2.09675
-2.09675
-2.09675
-2.09675
-2.09675
-2.09675
-2.09675
-2.09675
-2.09675
-2.09675
-2.09675
-2.09675
-2.09675
-2.09675
-2.09675
-2.09675
-2.09675
-2.09675
-2.09675
-2.09675
-2.09675
-2.09675
-2.09675
-2.09675
-2.09675
-2.09675
-2.09675
-2.09675
-2.09675
-2.09675
-2.09675
-2.09675
-2.09675
-2.09675
-2.09675
-2.16594
-2.16594
-2.16594
-2.16594
-2.16594
-2.16594
-2.16594
-2.16594
-2.16594
-2.16594
-2.16594
-2.16594
-2.16594
-2.16594
-2.16594
-2.16594
-2.16594
-2.16594
-2.16594
-2.16594
-2.16594
-2.16594
-2.16594
-2.16594
-2.16594
-2.16594
-2.16594
-2.16594
-2.16594
-2.16594
-2.16594
-2.16594
-2.16594
-2.16594
-2.16594
-2.16594
-2.16594
-2.16594
-2.16594
-2.16594
-2.23512
-2.23512
-2.23512
-2.23512
-2.23512
-2.23512
-2.23512
-2.23512
-2.23512
-2.23512
-2.23512
-2.23512
-2.23512
-2.23512
-2.23512
-2.23512
-2.23512
-2.23512
-2.23512
-2.23512
-2.23512
-2.23512
-2.23512
-2.23512
-2.23512
-2.23512
-2.23512
-2.23512
-2.23512
-2.23512
-2.23512
-2.23512
-2.23512
-2.23512
-2.23512
-2.23512
-2.23512
-2.23512
-2.23512
-2.23512
-2.30431
-2.30431
-2.30431
-2.30431
-2.30431
-2.30431
-2.30431
-2.30431
-2.30431
-2.30431
-2.30431
-2.30431
-2.30431
-2.30431
-2.30431
-2.30431
-2.30431
-2.30431
-2.30431
-2.30431
-2.30431
-2.30431
-2.30431
-2.30431
-2.30431
-2.30431
-2.30431
-2.30431
-2.30431
-2.30431
-2.30431
-2.30431
-2.30431
-2.30431
-2.30431
-2.30431
-2.30431
-2.30431
-2.30431
-2.30431
-2.3735
-2.3735
-2.3735
-2.3735
-2.3735
-2.3735
-2.3735
-2.3735
-2.3735
-2.3735
-2.3735
-2.3735
-2.3735
-2.3735
-2.3735
-2.3735
-2.3735
-2.3735
-2.3735
-2.3735
-2.3735
-2.3735
-2.3735
-2.3735
-2.3735
-2.3735
-2.3735
-2.3735
-2.3735
-2.3735
-2.3735
-2.3735
-2.3735
-2.3735
-2.3735
-2.3735
-2.3735
-2.3735
-2.3735
-2.3735
-2.44268
-2.44268
-2.44268
-2.44268
-2.44268
-2.44268
-2.44268
-2.44268
-2.44268
-2.44268
-2.44268
-2.44268
-2.44268
-2.44268
-2.44268
-2.44268
-2.44268
-2.44268
-2.44268
-2.44268
-2.44268
-2.44268
-2.44268
-2.44268
-2.44268
-2.44268
-2.44268
-2.44268
-2.44268
-2.44268
-2.44268
-2.44268
-2.44268
-2.44268
-2.44268
-2.44268
-2.44268
-2.44268
-2.44268
-2.44268
-2.51187
-2.51187
-2.51187
-2.51187
-2.51187
-2.51187
-2.51187
-2.51187
-2.51187
-2.51187
-2.51187
-2.51187
-2.51187
-2.51187
-2.51187
-2.51187
-2.51187
-2.51187
-2.51187
-2.51187
-2.51187
-2.51187
-2.51187
-2.51187
-2.51187
-2.51187
-2.51187
-2.51187
-2.51187
-2.51187
-2.51187
-2.51187
-2.51187
-2.51187
-2.51187
-2.51187
-2.51187
-2.51187
-2.51187
-2.51187
-2.58106
-2.58106
-2.58106
-2.58106
-2.58106
-2.58106
-2.58106
-2.58106
-2.58106
-2.58106
-2.58106
-2.58106
-2.58106
-2.58106
-2.58106
-2.58106
-2.58106
-2.58106
-2.58106
-2.58106
-2.58106
-2.58106
-2.58106
-2.58106
-2.58106
-2.58106
-2.58106
-2.58106
-2.58106
-2.58106
-2.58106
-2.58106
-2.58106
-2.58106
-2.58106
-2.58106
-2.58106
-2.58106
-2.58106
-2.58106
-2.65024
-2.65024
-2.65024
-2.65024
-2.65024
-2.65024
-2.65024
-2.65024
-2.65024
-2.65024
-2.65024
-2.65024
-2.65024
-2.65024
-2.65024
-2.65024
-2.65024
-2.65024
-2.65024
-2.65024
-2.65024
-2.65024
-2.65024
-2.65024
-2.65024
-2.65024
-2.65024
-2.65024
-2.65024
-2.65024
-2.65024
-2.65024
-2.65024
-2.65024
-2.65024
-2.65024
-2.65024
-2.65024
-2.65024
-2.65024
-2.71943
-2.71943
-2.71943
-2.71943
-2.71943
-2.71943
-2.71943
-2.71943
-2.71943
-2.71943
-2.71943
-2.71943
-2.71943
-2.71943
-2.71943
-2.71943
-2.71943
-2.71943
-2.71943
-2.71943
-2.71943
-2.71943
-2.71943
-2.71943
-2.71943
-2.71943
-2.71943
-2.71943
-2.71943
-2.71943
-2.71943
-2.71943
-2.71943
-2.71943
-2.71943
-2.71943
-2.71943
-2.71943
-2.71943
-2.71943
)
;

boundaryField
{
    leftWall
    {
        type            calculated;
        value           nonuniform 0();
    }
    rightWall
    {
        type            calculated;
        value           nonuniform List<scalar> 
43
(
-0.0235435
-0.0706305
-0.117717
-0.164804
-0.211891
-0.258978
-0.306065
-0.353152
-0.400239
-0.447326
-0.505463
-0.574649
-0.643836
-0.713022
-0.782209
-0.851395
-0.920582
-0.989768
-1.05895
-1.12814
-1.19733
-1.26651
-1.3357
-1.40489
-1.47407
-1.54326
-1.61245
-1.68163
-1.75082
-1.82001
-1.88919
-1.95838
-2.02756
-2.09675
-2.16594
-2.23512
-2.30431
-2.3735
-2.44268
-2.51187
-2.58106
-2.65024
-2.71943
)
;
    }
    lowerWall
    {
        type            calculated;
        value           nonuniform List<scalar> 
66
(
0
0
-0.0235435
-0.0706305
-0.117717
-0.164804
-0.211891
-0.258978
-0.306065
-0.353152
-0.400239
-0.447326
-0.47087
-0.47087
-0.47087
-0.47087
-0.0235435
-0.0706305
-0.117717
-0.164804
-0.211891
-0.258978
-0.306065
-0.353152
-0.400239
-0.447326
0
0
0
0
0
0
0
0
0
0
0
0
0
0
0
0
0
0
0
0
0
0
0
0
0
0
0
0
0
0
0
0
0
0
0
0
0
0
0
0
)
;
    }
    atmosphere
    {
        type            calculated;
        value           nonuniform 0();
    }
    defaultFaces
    {
        type            empty;
    }
    procBoundary1to0
    {
        type            processor;
        value           nonuniform List<scalar> 
44
(
-0.0235435
-0.0706305
-0.117717
-0.164804
-0.211891
-0.258978
-0.306065
-0.353152
-0.400239
-0.447326
-0.505463
-0.574649
-0.643836
-0.713022
-0.782209
-0.851395
-0.920582
-0.989768
-1.05895
-1.12814
-1.19733
-1.19733
-1.26651
-1.3357
-1.40489
-1.47407
-1.54326
-1.61245
-1.68163
-1.75082
-1.82001
-1.88919
-1.95838
-2.02756
-2.09675
-2.16594
-2.23512
-2.30431
-2.3735
-2.44268
-2.51187
-2.58106
-2.65024
-2.71943
)
;
    }
    procBoundary1to3
    {
        type            processor;
        value           nonuniform List<scalar> 
45
(
-2.78862
-2.78862
-2.78862
-2.78862
-2.78862
-2.78862
-2.78862
-2.78862
-2.78862
-2.78862
-2.78862
-2.78862
-2.78862
-2.78862
-2.78862
-2.78862
-2.78862
-2.78862
-2.78862
-2.78862
-2.78862
-2.78862
-2.78862
-2.78862
-2.78862
-2.78862
-2.78862
-2.78862
-2.78862
-2.78862
-2.78862
-2.78862
-2.78862
-2.78862
-2.78862
-2.78862
-2.78862
-2.78862
-2.78862
-2.78862
-2.78862
-2.78862
-2.78862
-2.78862
-2.78862
)
;
    }
}


// ************************************************************************* //
