/*--------------------------------*- C++ -*----------------------------------*\
| =========                 |                                                 |
| \\      /  F ield         | OpenFOAM: The Open Source CFD Toolbox           |
|  \\    /   O peration     | Version:  2.4.0                                 |
|   \\  /    A nd           | Web:      www.OpenFOAM.org                      |
|    \\/     M anipulation  |                                                 |
\*---------------------------------------------------------------------------*/
FoamFile
{
    version     2.0;
    format      ascii;
    class       volVectorField;
    location    "0.2";
    object      U;
}
// * * * * * * * * * * * * * * * * * * * * * * * * * * * * * * * * * * * * * //

dimensions      [0 1 -1 0 0 0 0];

internalField   nonuniform List<vector> 
1915
(
(1.40669e-45 -1.36371e-42 0)
(5.6352e-44 -7.43203e-44 0)
(1.13987e-44 -2.43317e-41 0)
(1.08607e-42 -1.30411e-42 0)
(1.8812e-43 -3.85378e-40 0)
(1.94556e-41 -2.05514e-41 0)
(2.66978e-42 -6.39661e-39 0)
(3.06611e-40 -3.33088e-40 0)
(3.83968e-41 -8.7452e-38 0)
(5.06378e-39 -4.55072e-39 0)
(4.11165e-40 -1.34617e-36 0)
(6.8725e-38 -6.77774e-38 0)
(4.58861e-39 -1.50321e-35 0)
(1.05055e-36 -7.63527e-37 0)
(1.93126e-38 -2.1966e-34 0)
(1.15391e-35 -1.05985e-35 0)
(9.00016e-39 -1.7756e-33 0)
(1.65559e-34 -8.85112e-35 0)
(-3.02039e-36 -2.68087e-32 0)
(1.2203e-33 -1.21191e-33 0)
(-4.07701e-37 -9.46268e-38 0)
(-9.41147e-36 -1.01331e-36 0)
(-6.11301e-35 -2.24923e-35 0)
(-1.73914e-33 -2.06485e-35 0)
(-1.68706e-33 4.42562e-35 0)
(1.68706e-33 4.42562e-35 0)
(1.73914e-33 -2.06485e-35 0)
(6.113e-35 -2.24923e-35 0)
(9.41227e-36 -1.01346e-36 0)
(3.92258e-37 -9.74051e-38 0)
(3.55357e-38 -4.14801e-39 0)
(1.49532e-39 -2.80362e-40 0)
(-3.90036e-46 -2.28413e-41 0)
(-1.49533e-39 -2.80363e-40 0)
(-3.55359e-38 -4.14804e-39 0)
(-3.92262e-37 -9.74058e-38 0)
(-9.41237e-36 -1.01347e-36 0)
(-6.11315e-35 -2.24926e-35 0)
(-1.73917e-33 -2.06527e-35 0)
(-1.68746e-33 4.41585e-35 0)
(1.67762e-33 4.32385e-35 0)
(1.67762e-33 -4.32385e-35 0)
(-1.68746e-33 -4.41585e-35 0)
(-1.73917e-33 2.06527e-35 0)
(-6.11315e-35 2.24926e-35 0)
(-9.41237e-36 1.01347e-36 0)
(-3.92266e-37 9.74051e-38 0)
(-3.56364e-38 4.13657e-39 0)
(-3.00265e-39 -5.96362e-43 0)
(-3.57321e-38 -4.14739e-39 0)
(-3.93665e-37 -9.76734e-38 0)
(-9.4464e-36 -1.01734e-36 0)
(-6.14881e-35 -2.25858e-35 0)
(-1.74819e-33 -2.15685e-35 0)
(-1.73914e-33 2.26838e-35 0)
(-2.9381e-42 4.518e-35 0)
(1.73914e-33 2.26838e-35 0)
(1.74819e-33 -2.15687e-35 0)
(6.14542e-35 -2.25862e-35 0)
(9.26075e-36 -9.6109e-37 0)
(-3.71744e-38 4.50334e-38 0)
(-7.60284e-37 5.1242e-37 0)
(-5.45531e-36 1.13903e-35 0)
(-1.10167e-34 1.04564e-35 0)
(-1.05439e-34 -2.241e-35 0)
(1.05439e-34 -2.241e-35 0)
(1.10167e-34 1.04564e-35 0)
(5.4553e-36 1.13903e-35 0)
(7.60378e-37 5.12525e-37 0)
(3.64374e-38 4.845e-38 0)
(3.17514e-39 2.05018e-39 0)
(1.44528e-40 1.3719e-40 0)
(-4.0158e-47 1.11143e-41 0)
(-1.44529e-40 1.37191e-40 0)
(-3.17517e-39 2.05019e-39 0)
(-3.64378e-38 4.84503e-38 0)
(-7.60388e-37 5.1253e-37 0)
(-5.45545e-36 1.13905e-35 0)
(-1.1017e-34 1.04585e-35 0)
(-1.05475e-34 -2.23614e-35 0)
(1.04675e-34 -2.18954e-35 0)
(1.04675e-34 2.18954e-35 0)
(-1.05475e-34 2.23614e-35 0)
(-1.1017e-34 -1.04585e-35 0)
(-5.45545e-36 -1.13905e-35 0)
(-7.60388e-37 -5.1253e-37 0)
(-3.64382e-38 -4.845e-38 0)
(-3.18472e-39 -2.04461e-39 0)
(-2.90257e-40 2.88489e-43 0)
(-3.19379e-39 2.04988e-39 0)
(-3.65736e-38 4.85814e-38 0)
(-7.63418e-37 5.14443e-37 0)
(-5.4887e-36 1.14369e-35 0)
(-1.10894e-34 1.09224e-35 0)
(-1.10167e-34 -1.14856e-35 0)
(-3.42543e-43 -2.28779e-35 0)
(1.10167e-34 -1.14856e-35 0)
(1.10894e-34 1.09225e-35 0)
(5.48522e-36 1.1436e-35 0)
(7.39922e-37 4.25404e-37 0)
(-5.39237e-39 3.99213e-39 0)
(-9.48614e-38 4.69854e-38 0)
(-3.31856e-37 8.76624e-37 0)
(-4.73455e-36 7.90732e-37 0)
(-4.49305e-36 -1.71889e-36 0)
(4.49305e-36 -1.71889e-36 0)
(4.73455e-36 7.90732e-37 0)
(3.31854e-37 8.76624e-37 0)
(9.48594e-38 4.69943e-38 0)
(4.99567e-39 4.32799e-39 0)
(5.18121e-40 1.98996e-40 0)
(2.44707e-41 1.31029e-41 0)
(-7.70319e-48 1.11933e-42 0)
(-2.44708e-41 1.3103e-41 0)
(-5.18126e-40 1.98997e-40 0)
(-4.99574e-39 4.32802e-39 0)
(-9.48611e-38 4.69949e-38 0)
(-3.31879e-37 8.76637e-37 0)
(-4.73507e-36 7.90931e-37 0)
(-4.49807e-36 -1.71455e-36 0)
(4.39767e-36 -1.6717e-36 0)
(4.39767e-36 1.6717e-36 0)
(-4.49807e-36 1.71455e-36 0)
(-4.73507e-36 -7.90931e-37 0)
(-3.31879e-37 -8.76637e-37 0)
(-9.48611e-38 -4.69949e-38 0)
(-4.99582e-39 -4.32799e-39 0)
(-5.19854e-40 -1.98435e-40 0)
(-4.9162e-41 2.88014e-44 0)
(-5.21496e-40 1.98966e-40 0)
(-5.01864e-39 4.3405e-39 0)
(-9.53546e-38 4.71808e-38 0)
(-3.36355e-37 8.80766e-37 0)
(-4.82491e-36 8.33585e-37 0)
(-4.73455e-36 -8.8512e-37 0)
(-1.55268e-44 -1.76193e-36 0)
(4.73455e-36 -8.85119e-37 0)
(4.82491e-36 8.33594e-37 0)
(3.36343e-37 8.80686e-37 0)
(9.56878e-38 3.90332e-38 0)
(-4.08612e-40 6.60845e-40 0)
(-6.44205e-39 6.73802e-39 0)
(-1.50246e-38 1.21902e-37 0)
(-1.55367e-37 1.09759e-37 0)
(-1.46449e-37 -2.39154e-37 0)
(1.46449e-37 -2.39154e-37 0)
(1.55367e-37 1.09759e-37 0)
(1.50245e-38 1.21902e-37 0)
(6.44151e-39 6.7403e-39 0)
(3.73969e-40 7.16318e-40 0)
(4.04328e-41 3.40259e-41 0)
(2.01535e-42 2.39162e-42 0)
(-6.85797e-49 2.07448e-43 0)
(-2.01536e-42 2.39163e-42 0)
(-4.04331e-41 3.40262e-41 0)
(-3.73976e-40 7.16324e-40 0)
(-6.44165e-39 6.74041e-39 0)
(-1.50265e-38 1.21904e-37 0)
(-1.55408e-37 1.09793e-37 0)
(-1.46825e-37 -2.38435e-37 0)
(1.39967e-37 -2.32379e-37 0)
(1.39967e-37 2.32379e-37 0)
(-1.46825e-37 2.38435e-37 0)
(-1.55408e-37 -1.09793e-37 0)
(-1.50265e-38 -1.21904e-37 0)
(-6.44165e-39 -6.74041e-39 0)
(-3.73982e-40 -7.16318e-40 0)
(-4.05773e-41 -3.3922e-41 0)
(-4.04974e-42 5.48986e-45 0)
(-4.07139e-41 3.40202e-41 0)
(-3.7586e-40 7.186e-40 0)
(-6.48006e-39 6.77204e-39 0)
(-1.53599e-38 1.22586e-37 0)
(-1.61473e-37 1.15814e-37 0)
(-1.55367e-37 -1.23307e-37 0)
(-3.37234e-46 -2.45241e-37 0)
(1.55367e-37 -1.23307e-37 0)
(1.61474e-37 1.15815e-37 0)
(1.53701e-38 1.22562e-37 0)
(6.57988e-39 5.48378e-39 0)
(-3.83267e-41 5.15221e-41 0)
(-5.66898e-40 5.11845e-40 0)
(-7.70506e-40 8.56642e-39 0)
(-3.33162e-39 7.64664e-39 0)
(-3.09757e-39 -1.67842e-38 0)
(3.09757e-39 -1.67842e-38 0)
(3.33162e-39 7.64664e-39 0)
(7.70492e-40 8.56643e-39 0)
(5.66784e-40 5.12046e-40 0)
(3.41088e-41 5.60849e-41 0)
(3.95101e-42 2.80833e-42 0)
(2.00415e-43 1.99665e-43 0)
(-7.1657e-50 1.79295e-44 0)
(-2.00416e-43 1.99666e-43 0)
(-3.95105e-42 2.80835e-42 0)
(-3.41095e-41 5.60854e-41 0)
(-5.66799e-40 5.12055e-40 0)
(-7.70694e-40 8.56663e-39 0)
(-3.33559e-39 7.64946e-39 0)
(-3.13188e-39 -1.67279e-38 0)
(2.52682e-39 -1.62694e-38 0)
(2.52682e-39 1.62694e-38 0)
(-3.13188e-39 1.67279e-38 0)
(-3.33559e-39 -7.64946e-39 0)
(-7.70694e-40 -8.56663e-39 0)
(-5.66799e-40 -5.12055e-40 0)
(-3.41102e-41 -5.60849e-41 0)
(-3.96577e-42 -2.79935e-42 0)
(-4.0279e-43 4.76278e-46 0)
(-3.9797e-42 2.80783e-42 0)
(-3.42966e-41 5.62751e-41 0)
(-5.70548e-40 5.14664e-40 0)
(-8.00837e-40 8.61989e-39 0)
(-3.86806e-39 8.10522e-39 0)
(-3.33162e-39 -8.67637e-39 0)
(1.60936e-46 -1.72454e-38 0)
(3.33162e-39 -8.67637e-39 0)
(3.86818e-39 8.10521e-39 0)
(8.03381e-40 8.61766e-39 0)
(5.89671e-40 4.13759e-40 0)
(-2.6358e-42 5.05124e-42 0)
(-3.67077e-41 4.73032e-41 0)
(-3.81492e-41 7.78911e-40 0)
(-1.45189e-41 6.94476e-40 0)
(-1.10071e-41 -1.52652e-39 0)
(1.10071e-41 -1.52652e-39 0)
(1.45189e-41 6.94476e-40 0)
(3.81481e-41 7.78911e-40 0)
(3.66976e-41 4.73267e-41 0)
(2.32319e-42 5.50031e-42 0)
(2.75334e-43 2.7996e-43 0)
(1.4425e-44 2.04225e-44 0)
(-5.40387e-51 1.84959e-45 0)
(-1.44251e-44 2.04226e-44 0)
(-2.75337e-43 2.79962e-43 0)
(-2.32324e-42 5.50036e-42 0)
(-3.66987e-41 4.73276e-41 0)
(-3.81626e-41 7.78932e-40 0)
(-1.47953e-41 6.94757e-40 0)
(-1.33448e-41 -1.52099e-39 0)
(-2.5967e-41 -1.47891e-39 0)
(-2.5967e-41 1.47891e-39 0)
(-1.33448e-41 1.52099e-39 0)
(-1.47953e-41 -6.94757e-40 0)
(-3.81626e-41 -7.78932e-40 0)
(-3.66987e-41 -4.73276e-41 0)
(-2.32329e-42 -5.50031e-42 0)
(-2.76405e-43 -2.79033e-43 0)
(-2.89953e-44 4.96133e-47 0)
(-2.77415e-43 2.79908e-43 0)
(-2.3367e-42 5.51975e-42 0)
(-3.69595e-41 4.75871e-41 0)
(-4.02094e-41 7.84151e-40 0)
(-4.91552e-41 7.36563e-40 0)
(-1.45189e-41 -7.89691e-40 0)
(1.865e-47 -1.56886e-39 0)
(1.45194e-41 -7.89691e-40 0)
(4.91659e-41 7.36556e-40 0)
(4.04304e-41 7.83886e-40 0)
(3.85308e-41 3.77739e-41 0)
(-1.91541e-43 3.80069e-43 0)
(-2.68605e-42 3.23246e-42 0)
(-2.39636e-42 5.10013e-41 0)
(5.31059e-42 4.52351e-41 0)
(5.17629e-42 -9.98812e-41 0)
(-5.17629e-42 -9.98812e-41 0)
(-5.31058e-42 4.52351e-41 0)
(2.39645e-42 5.10017e-41 0)
(2.6832e-42 3.23893e-42 0)
(1.72394e-43 3.83803e-43 0)
(2.09769e-44 2.01706e-44 0)
(1.11011e-45 1.48271e-45 0)
(-4.23104e-52 1.37197e-46 0)
(-1.11012e-45 1.48272e-45 0)
(-2.09771e-44 2.01708e-44 0)
(-1.72397e-43 3.83807e-43 0)
(-2.68328e-42 3.23899e-42 0)
(-2.39757e-42 5.10032e-41 0)
(5.28952e-42 4.52553e-41 0)
(5.00278e-42 -9.94959e-41 0)
(-7.88055e-42 -9.66221e-41 0)
(-7.88055e-42 9.66221e-41 0)
(5.00278e-42 9.94959e-41 0)
(5.28952e-42 -4.52553e-41 0)
(-2.39757e-42 -5.10032e-41 0)
(-2.68328e-42 -3.23899e-42 0)
(-1.72401e-43 -3.83803e-43 0)
(-2.10601e-44 -2.01018e-44 0)
(-2.23157e-45 3.68749e-48 0)
(-2.11385e-44 2.01667e-44 0)
(-1.73432e-43 3.85213e-43 0)
(-2.70314e-42 3.25768e-42 0)
(-2.5489e-42 5.13667e-41 0)
(2.77984e-42 4.8109e-41 0)
(5.31058e-42 -5.17534e-41 0)
(2.10276e-48 -1.02774e-40 0)
(-5.31053e-42 -5.17535e-41 0)
(-2.77884e-42 4.81082e-41 0)
(2.56931e-42 5.13462e-41 0)
(2.84255e-42 2.57429e-42 0)
(1.91965e-43 1.07464e-42 0)
(-1.7132e-43 1.39397e-43 0)
(-1.33295e-43 3.74477e-42 0)
(4.31284e-43 3.32315e-42 0)
(4.15421e-43 -7.34691e-42 0)
(-4.15404e-43 -7.34689e-42 0)
(-4.31052e-43 3.32356e-42 0)
(1.36996e-43 3.75137e-42 0)
(1.62116e-43 2.41013e-43 0)
(1.0723e-44 2.92734e-44 0)
(1.31666e-45 1.55378e-45 0)
(7.10994e-47 1.15338e-46 0)
(-2.76899e-53 1.07303e-47 0)
(-7.11e-47 1.15339e-46 0)
(-1.31667e-45 1.55379e-45 0)
(-1.07233e-44 2.92737e-44 0)
(-1.62121e-43 2.41019e-43 0)
(-1.37068e-43 3.75149e-42 0)
(4.2973e-43 3.32512e-42 0)
(4.04611e-43 -7.3175e-42 0)
(-5.78843e-43 -7.10432e-42 0)
(-5.78843e-43 7.10432e-42 0)
(4.04611e-43 7.3175e-42 0)
(4.2973e-43 -3.32512e-42 0)
(-1.37068e-43 -3.75149e-42 0)
(-1.62121e-43 -2.41019e-43 0)
(-1.07235e-44 -2.92734e-44 0)
(-1.322e-45 -1.5484e-45 0)
(-1.42938e-46 2.89001e-49 0)
(-1.32704e-45 1.55348e-45 0)
(-1.07895e-44 2.93831e-44 0)
(-1.63366e-43 2.42457e-43 0)
(-1.46469e-43 3.7792e-42 0)
(2.78409e-43 3.53674e-42 0)
(4.31052e-43 -3.8087e-42 0)
(1.62429e-49 -7.56153e-42 0)
(-4.31048e-43 -3.80871e-42 0)
(-2.78338e-43 3.53666e-42 0)
(1.47869e-43 3.77749e-42 0)
(1.72787e-43 1.90485e-43 0)
(1.0596e-41 3.11614e-42 0)
(-1.57044e-43 -1.41128e-42 0)
(7.92127e-44 1.3105e-43 0)
(3.4662e-44 1.95898e-43 0)
(2.88192e-44 -4.44837e-43 0)
(-2.85108e-44 -4.44643e-43 0)
(-2.96826e-44 2.00531e-43 0)
(8.50073e-45 2.27149e-43 0)
(1.02644e-44 1.50086e-44 0)
(6.85416e-46 1.83848e-45 0)
(8.49509e-47 9.95719e-47 0)
(4.61864e-48 7.40926e-48 0)
(-1.79754e-54 6.98594e-49 0)
(-4.61868e-48 7.4093e-48 0)
(-8.49518e-47 9.95727e-47 0)
(-6.85432e-46 1.8385e-45 0)
(-1.02647e-44 1.50089e-44 0)
(-8.50536e-45 2.27157e-43 0)
(2.95979e-44 2.00631e-43 0)
(2.78342e-44 -4.42789e-43 0)
(-3.8874e-44 -4.29526e-43 0)
(-3.8874e-44 4.29526e-43 0)
(2.78342e-44 4.42789e-43 0)
(2.95979e-44 -2.00631e-43 0)
(-8.50536e-45 -2.27157e-43 0)
(-1.02647e-44 -1.50089e-44 0)
(-6.85449e-46 -1.83848e-45 0)
(-8.52986e-47 -9.92218e-47 0)
(-9.28554e-48 1.87979e-50 0)
(-8.56262e-47 9.95522e-47 0)
(-6.89738e-46 1.84552e-45 0)
(-1.0345e-44 1.51011e-44 0)
(-9.10548e-45 2.28895e-43 0)
(2.00236e-44 2.13794e-43 0)
(2.96832e-44 -2.30748e-43 0)
(1.23786e-50 -4.5799e-43 0)
(-2.96829e-44 -2.30748e-43 0)
(-2.00186e-44 2.13788e-43 0)
(9.20356e-45 2.2878e-43 0)
(1.10002e-44 1.18444e-44 0)
(4.57128e-40 3.62951e-40 0)
(2.56921e-41 -2.94083e-41 0)
(1.56648e-42 -1.98755e-42 0)
(7.83236e-44 -6.60194e-44 0)
(5.04758e-45 -3.1362e-44 0)
(-1.47125e-45 -2.82091e-44 0)
(-1.68063e-45 1.26547e-44 0)
(4.68305e-46 1.43547e-44 0)
(5.70605e-46 9.57232e-46 0)
(3.88504e-47 1.1826e-46 0)
(4.82391e-48 6.44833e-48 0)
(2.65811e-49 4.8055e-49 0)
(-9.65053e-56 4.54639e-50 0)
(-2.65813e-49 4.80553e-49 0)
(-4.82395e-48 6.44838e-48 0)
(-3.88511e-47 1.18262e-46 0)
(-5.70618e-46 9.57259e-46 0)
(-4.68358e-46 1.43553e-44 0)
(1.68143e-45 1.26653e-44 0)
(1.57892e-45 -2.79774e-44 0)
(-2.19348e-45 -2.71324e-44 0)
(-2.19348e-45 2.71324e-44 0)
(1.57892e-45 2.79774e-44 0)
(1.68143e-45 -1.26653e-44 0)
(-4.68358e-46 -1.43553e-44 0)
(-5.70618e-46 -9.57259e-46 0)
(-3.88521e-47 -1.1826e-46 0)
(-4.84388e-48 -6.42555e-48 0)
(-5.34419e-49 1.2205e-51 0)
(-4.8627e-48 6.44705e-48 0)
(-3.9099e-47 1.18717e-46 0)
(-5.75174e-46 9.63227e-46 0)
(-5.02364e-46 1.44671e-44 0)
(1.14995e-45 1.35038e-44 0)
(1.68627e-45 -1.45863e-44 0)
(7.90136e-52 -2.89471e-44 0)
(-1.68625e-45 -1.45863e-44 0)
(-1.14965e-45 1.35034e-44 0)
(5.08202e-46 1.44592e-44 0)
(6.14183e-46 7.54153e-46 0)
(3.6036e-35 -1.26556e-31 0)
(2.14723e-32 -6.4152e-33 0)
(1.96856e-33 -4.28201e-30 0)
(-1.46645e-33 -1.53716e-31 0)
(6.66004e-32 5.05135e-31 0)
(2.07671e-32 1.83731e-32 0)
(1.96816e-33 4.80418e-30 0)
(3.55513e-33 1.72955e-31 0)
(3.65961e-35 1.44527e-31 0)
(2.40122e-32 7.35148e-33 0)
(6.36828e-37 6.4912e-32 0)
(-7.8397e-34 3.30165e-33 0)
(3.33504e-36 2.92573e-31 0)
(-3.94707e-32 1.48414e-32 0)
(6.44697e-36 7.74642e-30 0)
(-7.68272e-32 2.85589e-31 0)
(2.05885e-37 1.54631e-29 0)
(-2.45897e-33 5.62437e-31 0)
(-6.43848e-36 8.23456e-30 0)
(7.67328e-32 3.031e-31 0)
(4.20148e-32 1.55127e-32 0)
(1.85037e-33 2.18084e-33 0)
(1.63845e-34 1.01856e-34 0)
(6.64166e-36 8.76044e-36 0)
(4.20438e-37 1.67389e-36 0)
(-1.79542e-38 1.9957e-35 0)
(-5.39737e-37 5.05249e-34 0)
(-1.39238e-35 5.66713e-33 0)
(-1.56825e-34 1.44854e-31 0)
(-3.7731e-33 9.39403e-31 0)
(-3.62969e-33 2.80659e-29 0)
(3.62969e-33 2.80659e-29 0)
(3.7731e-33 9.39403e-31 0)
(1.54896e-34 1.4485e-31 0)
(-1.19886e-34 5.62266e-33 0)
(-6.84017e-33 -6.10928e-34 0)
(-2.31505e-31 1.9933e-35 0)
(-6.84071e-33 1.11747e-33 0)
(-1.3381e-34 4.45224e-35 0)
(-1.92856e-36 4.36466e-36 0)
(-3.24171e-39 1.68868e-37 0)
(1.50137e-38 1.61426e-38 0)
(1.15124e-37 9.1648e-38 0)
(1.08112e-33 -2.5926e-34 0)
(1.19051e-34 -1.18145e-35 0)
(5.91498e-36 -8.09297e-37 0)
(4.43759e-37 -3.79279e-38 0)
(-6.63351e-35 -4.33053e-33 0)
(-6.77157e-37 -9.93122e-35 0)
(1.16323e-37 -2.59159e-36 0)
(3.48494e-38 -7.61678e-38 0)
(5.82522e-34 4.91774e-34 0)
(2.22223e-34 1.02594e-35 0)
(1.21564e-35 1.19373e-37 0)
(1.4578e-36 -1.09921e-39 0)
(1.96926e-34 4.8587e-33 0)
(2.79546e-35 1.10651e-34 0)
(1.5698e-36 2.75514e-36 0)
(1.43332e-37 7.66236e-38 0)
(1.25301e-33 2.59001e-34 0)
(1.36698e-34 7.23613e-36 0)
(6.89379e-36 2.53037e-37 0)
(5.15619e-37 9.35985e-39 0)
(-4.79254e-35 3.24124e-34 0)
(-5.50154e-36 1.60553e-35 0)
(-3.01019e-37 1.17464e-36 0)
(-2.28242e-38 5.61381e-38 0)
(-2.08633e-33 7.36405e-34 0)
(-2.26189e-34 2.75557e-35 0)
(-1.14585e-35 1.55044e-36 0)
(-8.50633e-37 6.85503e-38 0)
(-4.02072e-33 7.84549e-33 0)
(-4.35552e-34 1.70486e-34 0)
(-2.19459e-35 2.64232e-36 0)
(-1.62859e-36 2.00405e-38 0)
(-1.28235e-34 1.50579e-32 0)
(-1.38883e-35 3.14558e-34 0)
(-6.98441e-37 3.70996e-36 0)
(-5.18258e-38 -3.02084e-38 0)
(4.01495e-33 8.30122e-33 0)
(4.34927e-34 1.79569e-34 0)
(2.19121e-35 2.70726e-36 0)
(1.62609e-36 1.67288e-38 0)
(2.21976e-33 7.53369e-34 0)
(2.40741e-34 2.77698e-35 0)
(1.21939e-35 1.53456e-36 0)
(9.05411e-37 6.73708e-38 0)
(1.13308e-34 2.13773e-34 0)
(1.26991e-35 1.06022e-35 0)
(6.93096e-37 7.73502e-37 0)
(5.22288e-38 3.69591e-38 0)
(1.00493e-35 1.09385e-35 0)
(1.27825e-36 5.93339e-37 0)
(7.14925e-38 4.44692e-38 0)
(5.67407e-39 2.22951e-39 0)
(4.35529e-37 1.09204e-36 0)
(5.71592e-38 6.13763e-38 0)
(3.34042e-39 4.86145e-39 0)
(2.68766e-40 2.4814e-40 0)
(-2.79676e-38 1.37105e-37 0)
(-2.68445e-40 1.47469e-38 0)
(-3.34309e-40 9.41078e-40 0)
(-1.59841e-41 6.98856e-41 0)
(-1.46536e-36 1.36285e-36 0)
(-1.02887e-37 1.72821e-37 0)
(-1.39103e-38 1.02511e-38 0)
(-8.30454e-40 8.1338e-40 0)
(-2.25357e-35 3.19231e-35 0)
(-1.58452e-36 3.93573e-36 0)
(-2.02324e-37 2.21682e-37 0)
(-1.19815e-38 1.73954e-38 0)
(-5.68813e-34 3.58084e-34 0)
(-3.69998e-35 3.75814e-35 0)
(-4.6056e-36 2.04482e-36 0)
(-2.59353e-37 1.5079e-37 0)
(-6.12556e-33 7.9749e-33 0)
(-3.96809e-34 7.71753e-34 0)
(-4.3298e-35 3.83493e-35 0)
(-2.37721e-36 2.76397e-36 0)
(-1.45543e-31 5.15714e-32 0)
(-8.07701e-33 2.17472e-33 0)
(-8.61436e-34 7.06835e-35 0)
(-4.38584e-35 3.20552e-36 0)
(-1.39965e-31 1.10574e-30 0)
(-7.71572e-33 3.05355e-32 0)
(-8.22555e-34 6.39645e-34 0)
(-4.17294e-35 7.77443e-36 0)
(1.39965e-31 1.10574e-30 0)
(7.71572e-33 3.05355e-32 0)
(8.22554e-34 6.39645e-34 0)
(4.17293e-35 7.77455e-36 0)
(1.45543e-31 5.15715e-32 0)
(8.077e-33 2.17491e-33 0)
(8.61421e-34 7.06975e-35 0)
(4.38573e-35 3.2072e-36 0)
(6.12364e-33 7.97952e-33 0)
(3.96451e-34 7.76633e-34 0)
(4.30709e-35 3.86832e-35 0)
(2.36072e-36 2.80311e-36 0)
(4.35848e-34 4.05112e-34 0)
(2.26828e-35 8.73322e-35 0)
(-1.43575e-36 5.3957e-36 0)
(-1.38891e-37 4.94981e-37 0)
(-6.7815e-33 1.21229e-33 0)
(-4.33419e-34 1.24244e-33 0)
(-7.07518e-35 7.1743e-35 0)
(-4.21827e-36 7.27426e-36 0)
(-2.30602e-31 1.35958e-36 0)
(-1.05932e-32 1.72637e-37 0)
(-1.71517e-33 1.02548e-38 0)
(-8.95641e-35 9.57568e-40 0)
(-6.80398e-33 -1.18028e-33 0)
(-4.35e-34 -1.23849e-33 0)
(-7.09534e-35 -7.15202e-35 0)
(-4.22801e-36 -7.25408e-36 0)
(-1.32962e-34 -4.70242e-35 0)
(-1.43164e-35 -4.97498e-35 0)
(-6.03814e-36 -3.34205e-36 0)
(-3.56587e-37 -2.75447e-37 0)
(-1.91405e-36 -4.61131e-36 0)
(-3.47673e-37 -4.87174e-36 0)
(-1.46664e-37 -2.09991e-37 0)
(1.0972e-36 9.78449e-37 0)
(4.88693e-39 -1.65097e-37 0)
(1.30374e-37 -2.54252e-38 0)
(1.18603e-36 2.87407e-36 0)
(1.70043e-35 2.42094e-35 0)
(1.92721e-37 8.97463e-38 0)
(3.40129e-36 1.37315e-36 0)
(2.8898e-35 2.52451e-35 0)
(4.50836e-34 2.40238e-34 0)
(1.63666e-36 1.98243e-36 0)
(3.00971e-35 2.71581e-35 0)
(3.02092e-34 5.32937e-34 0)
(5.2282e-33 5.12119e-33 0)
(1.95676e-38 -1.70701e-39 0)
(1.06779e-39 -3.01646e-41 0)
(4.19779e-41 -9.53465e-43 0)
(1.94841e-42 -3.27422e-44 0)
(7.17942e-44 -2.61157e-45 0)
(2.85767e-45 -1.19509e-45 0)
(3.00944e-47 5.10716e-46 0)
(2.31077e-47 5.82837e-46 0)
(2.38561e-47 3.95626e-47 0)
(1.62614e-48 4.94702e-48 0)
(2.01483e-49 2.73548e-49 0)
(1.11173e-50 2.05052e-50 0)
(9.94097e-56 1.95909e-51 0)
(-1.11137e-50 2.05054e-50 0)
(-2.01366e-49 2.73553e-49 0)
(-1.62223e-48 4.94716e-48 0)
(-2.37381e-47 3.95664e-47 0)
(-1.94328e-47 5.82934e-46 0)
(7.04445e-47 5.13188e-46 0)
(6.61288e-47 -1.13567e-45 0)
(-9.17017e-47 -1.10079e-45 0)
(-9.17017e-47 1.10079e-45 0)
(6.61288e-47 1.13567e-45 0)
(7.04445e-47 -5.13188e-46 0)
(-1.94328e-47 -5.82934e-46 0)
(-2.37381e-47 -3.95664e-47 0)
(-1.62227e-48 -4.94711e-48 0)
(-2.02196e-49 -2.72569e-49 0)
(-2.23437e-50 5.26886e-53 0)
(-2.0298e-49 2.73496e-49 0)
(-1.63259e-48 4.96657e-48 0)
(-2.39283e-47 3.98194e-47 0)
(-2.08528e-47 5.87607e-46 0)
(4.83406e-47 5.47786e-46 0)
(7.06467e-47 -5.92594e-46 0)
(3.59445e-53 -1.17576e-45 0)
(-7.06459e-47 -5.92595e-46 0)
(-4.83271e-47 5.47767e-46 0)
(2.11145e-47 5.87264e-46 0)
(2.57075e-47 3.1072e-47 0)
(2.18454e-39 -4.20762e-39 0)
(1.8335e-40 -1.73888e-40 0)
(8.92286e-42 -9.95507e-42 0)
(5.32722e-43 -4.04954e-43 0)
(2.29107e-44 -1.95324e-44 0)
(1.11268e-45 -7.78412e-46 0)
(4.12481e-47 -1.11066e-47 0)
(2.43759e-48 2.11312e-47 0)
(8.17663e-49 1.47392e-48 0)
(5.4519e-50 1.86772e-49 0)
(6.56672e-51 1.0369e-50 0)
(3.64035e-52 7.72528e-52 0)
(8.34589e-56 7.37746e-53 0)
(-3.6132e-52 7.73849e-52 0)
(-6.4862e-51 1.04125e-50 0)
(-5.20872e-50 1.88067e-49 0)
(-7.52357e-49 1.51367e-48 0)
(-6.13929e-49 2.22036e-47 0)
(2.23566e-48 1.9533e-47 0)
(2.09689e-48 -4.32495e-47 0)
(-2.90819e-48 -4.19142e-47 0)
(-2.90819e-48 4.19142e-47 0)
(2.09689e-48 4.32495e-47 0)
(2.23566e-48 -1.9533e-47 0)
(-6.13929e-49 -2.22036e-47 0)
(-7.52357e-49 -1.51367e-48 0)
(-5.20885e-50 -1.88065e-49 0)
(-6.51317e-51 -1.03754e-50 0)
(-7.26445e-52 1.96662e-54 0)
(-6.53864e-51 1.04103e-50 0)
(-5.24242e-50 1.888e-49 0)
(-7.5848e-49 1.52331e-48 0)
(-6.59502e-49 2.23812e-47 0)
(1.53578e-48 2.08578e-47 0)
(2.24217e-48 -2.25708e-47 0)
(1.25413e-54 -4.47833e-47 0)
(-2.24214e-48 -2.25708e-47 0)
(-1.53532e-48 2.08571e-47 0)
(6.6825e-49 2.23677e-47 0)
(8.17813e-49 1.1917e-48 0)
(7.09867e-38 -2.0676e-40 0)
(5.0944e-39 -9.15849e-42 0)
(2.20392e-40 -4.33637e-43 0)
(1.2366e-41 -1.59286e-44 0)
(4.96872e-43 -6.44481e-46 0)
(2.34046e-44 -2.33705e-47 0)
(8.73161e-46 -1.66465e-49 0)
(3.59059e-47 6.90945e-49 0)
(1.27093e-48 4.86627e-50 0)
(4.7492e-50 6.12915e-51 0)
(1.69859e-51 3.43123e-52 0)
(6.15056e-53 2.54867e-53 0)
(1.49018e-54 2.44566e-54 0)
(-1.2178e-53 2.55082e-53 0)
(-2.1935e-52 3.43886e-52 0)
(-1.77368e-51 6.1543e-51 0)
(-2.55502e-50 4.95015e-50 0)
(-2.08306e-50 7.16387e-49 0)
(7.59371e-50 6.29054e-49 0)
(7.1206e-50 -1.39492e-48 0)
(-9.87616e-50 -1.35125e-48 0)
(-9.87616e-50 1.35125e-48 0)
(7.1206e-50 1.39492e-48 0)
(7.59371e-50 -6.29054e-49 0)
(-2.08306e-50 -7.16387e-49 0)
(-2.55502e-50 -4.95015e-50 0)
(-1.77372e-51 -6.15423e-51 0)
(-2.20256e-52 -3.42657e-52 0)
(-2.45743e-53 6.49387e-56 0)
(-2.2111e-52 3.43815e-52 0)
(-1.78508e-51 6.17845e-51 0)
(-2.57573e-50 4.98199e-50 0)
(-2.23839e-50 7.22196e-49 0)
(5.21737e-50 6.72375e-49 0)
(7.61574e-50 -7.284e-49 0)
(4.45076e-56 -1.44508e-48 0)
(-7.61564e-50 -7.28401e-49 0)
(-5.21578e-50 6.72348e-49 0)
(2.26881e-50 7.21739e-49 0)
(2.78578e-50 3.89843e-50 0)
(6.9487e-39 4.08014e-39 0)
(4.40268e-40 1.68137e-40 0)
(1.89424e-41 9.68968e-42 0)
(9.92075e-43 3.95345e-43 0)
(3.96825e-44 1.91045e-44 0)
(1.79114e-45 7.21864e-46 0)
(6.65885e-47 3.0181e-47 0)
(2.6608e-48 1.08103e-48 0)
(9.28316e-50 4.09209e-50 0)
(3.36809e-51 1.48733e-51 0)
(1.13646e-52 5.46158e-53 0)
(3.88854e-54 2.16413e-54 0)
(1.06074e-55 1.22298e-55 0)
(-3.70696e-55 8.59339e-55 0)
(-6.66722e-54 1.16739e-53 0)
(-5.41342e-53 2.08868e-52 0)
(-7.71704e-52 1.69314e-51 0)
(-6.27559e-52 2.44328e-50 0)
(2.29332e-51 2.14426e-50 0)
(2.14882e-51 -4.75677e-50 0)
(-2.98171e-51 -4.60726e-50 0)
(-2.98171e-51 4.60726e-50 0)
(2.14882e-51 4.75677e-50 0)
(2.29332e-51 -2.14426e-50 0)
(-6.2756e-52 -2.44328e-50 0)
(-7.71704e-52 -1.69314e-51 0)
(-5.41355e-53 -2.08866e-52 0)
(-6.69484e-54 -1.16326e-53 0)
(-7.51693e-55 2.15996e-57 0)
(-6.72083e-54 1.16715e-53 0)
(-5.44832e-53 2.09681e-52 0)
(-7.77995e-52 1.70395e-51 0)
(-6.74998e-52 2.463e-50 0)
(1.57615e-51 2.2926e-50 0)
(2.30001e-51 -2.48405e-50 0)
(1.41959e-57 -4.92834e-50 0)
(-2.29998e-51 -2.48406e-50 0)
(-1.57565e-51 2.2925e-50 0)
(6.84409e-52 2.46141e-50 0)
(8.43541e-52 1.33704e-51 0)
(2.25952e-38 4.99948e-40 0)
(1.2271e-39 2.04861e-41 0)
(4.81243e-41 1.0461e-42 0)
(2.22672e-42 4.14721e-44 0)
(8.18251e-44 1.85219e-45 0)
(3.32909e-45 6.84494e-47 0)
(1.14463e-46 2.71429e-48 0)
(4.17964e-48 9.41802e-50 0)
(1.34542e-49 3.39553e-51 0)
(4.47291e-51 1.1384e-52 0)
(1.35074e-52 3.87205e-54 0)
(4.13378e-54 1.31822e-55 0)
(1.16712e-55 5.69381e-57 0)
(-8.21833e-57 2.62166e-56 0)
(-2.05448e-55 3.57348e-55 0)
(-1.68377e-54 6.35342e-54 0)
(-2.39505e-53 5.17264e-53 0)
(-1.9462e-53 7.38661e-52 0)
(7.11655e-53 6.47251e-52 0)
(6.66662e-53 -1.43761e-51 0)
(-9.25176e-53 -1.39191e-51 0)
(-9.25176e-53 1.39191e-51 0)
(6.66662e-53 1.43761e-51 0)
(7.11655e-53 -6.47251e-52 0)
(-1.9462e-53 -7.38661e-52 0)
(-2.39505e-53 -5.17264e-53 0)
(-1.68381e-54 -6.35336e-54 0)
(-2.06376e-55 -3.56087e-55 0)
(-2.3165e-56 6.55386e-59 0)
(-2.0717e-55 3.57274e-55 0)
(-1.69454e-54 6.37816e-54 0)
(-2.41445e-53 5.20577e-53 0)
(-2.09393e-53 7.44655e-52 0)
(4.89111e-53 6.92597e-52 0)
(7.13719e-53 -7.5106e-52 0)
(4.50534e-59 -1.49003e-51 0)
(-7.13709e-53 -7.51061e-52 0)
(-4.88954e-53 6.92566e-52 0)
(2.12343e-53 7.4416e-52 0)
(2.62363e-53 4.09197e-53 0)
(-1.04708e-39 3.10508e-39 0)
(-5.66332e-41 1.2094e-40 0)
(-2.27605e-42 5.55847e-42 0)
(-1.04209e-43 2.03792e-43 0)
(-3.87451e-45 8.2504e-45 0)
(-1.5547e-46 2.82944e-46 0)
(-5.36278e-48 1.02828e-47 0)
(-1.92756e-49 3.29978e-49 0)
(-6.18573e-51 1.09182e-50 0)
(-2.02096e-52 3.28382e-52 0)
(-6.04725e-54 9.99642e-54 0)
(-1.81367e-55 2.82496e-55 0)
(-5.08911e-57 8.01765e-57 0)
(-4.69515e-58 1.0082e-57 0)
(-5.83139e-57 1.10199e-56 0)
(-4.80934e-56 1.95893e-55 0)
(-6.78501e-55 1.60922e-54 0)
(-5.5017e-55 2.29295e-53 0)
(2.0157e-54 2.00824e-53 0)
(1.88706e-54 -4.46202e-53 0)
(-2.61981e-54 -4.31967e-53 0)
(-2.61981e-54 4.31967e-53 0)
(1.88706e-54 4.46202e-53 0)
(2.0157e-54 -2.00824e-53 0)
(-5.5017e-55 -2.29295e-53 0)
(-6.78502e-55 -1.60922e-54 0)
(-4.80945e-56 -1.95891e-55 0)
(-5.85141e-57 -1.09761e-56 0)
(-6.59558e-58 1.97673e-60 0)
(-5.87384e-57 1.10123e-56 0)
(-4.84e-56 1.96648e-55 0)
(-6.83999e-55 1.61943e-54 0)
(-5.92411e-55 2.31143e-53 0)
(1.38564e-54 2.14949e-53 0)
(2.02155e-54 -2.33118e-53 0)
(1.31667e-60 -4.62508e-53 0)
(-2.02152e-54 -2.33118e-53 0)
(-1.38519e-54 2.14939e-53 0)
(6.00876e-55 2.30988e-53 0)
(7.44831e-55 1.27676e-54 0)
(-3.72946e-38 3.65831e-39 0)
(-2.00971e-39 1.40998e-40 0)
(-7.86937e-41 6.44722e-42 0)
(-3.61302e-42 2.35517e-43 0)
(-1.32373e-43 9.50524e-45 0)
(-5.34454e-45 3.24966e-46 0)
(-1.83024e-46 1.17751e-47 0)
(-6.6329e-48 3.76703e-49 0)
(-2.12457e-49 1.24267e-50 0)
(-7.00939e-51 3.7248e-52 0)
(-2.10294e-52 1.13e-53 0)
(-6.38033e-54 3.17857e-55 0)
(-1.79591e-55 8.93582e-57 0)
(-5.05765e-57 2.58721e-58 0)
(-2.98618e-58 3.19811e-58 0)
(-1.37971e-57 5.55479e-57 0)
(-1.938e-56 4.59669e-56 0)
(-1.5703e-56 6.49636e-55 0)
(5.75648e-56 5.68228e-55 0)
(5.38792e-56 -1.26381e-54 0)
(-7.48097e-56 -1.2231e-54 0)
(-7.48097e-56 1.2231e-54 0)
(5.38792e-56 1.26381e-54 0)
(5.75648e-56 -5.68228e-55 0)
(-1.5703e-56 -6.49636e-55 0)
(-1.93799e-56 -4.59669e-56 0)
(-1.37624e-57 -5.55458e-57 0)
(-1.65745e-58 -3.12541e-58 0)
(-1.86688e-59 5.54718e-62 0)
(-1.66373e-58 3.13565e-58 0)
(-1.3849e-57 5.57598e-57 0)
(-1.95356e-56 4.62579e-56 0)
(-1.69135e-56 6.54876e-55 0)
(3.9571e-56 6.08617e-55 0)
(5.77305e-56 -6.60474e-55 0)
(3.79357e-62 -1.31038e-54 0)
(-5.77297e-56 -6.60476e-55 0)
(-3.95579e-56 6.08589e-55 0)
(1.71561e-56 6.54427e-55 0)
(2.13112e-56 3.65641e-56 0)
(-7.11571e-38 -1.18371e-39 0)
(-3.83374e-39 -6.4195e-41 0)
(-1.49747e-40 -3.17353e-42 0)
(-6.87413e-42 -1.17869e-43 0)
(-2.51388e-43 -4.77371e-45 0)
(-1.01481e-44 -1.63582e-46 0)
(-3.47032e-46 -5.92856e-48 0)
(-1.25744e-47 -1.89907e-49 0)
(-4.02322e-49 -6.26505e-51 0)
(-1.32709e-50 -1.87967e-52 0)
(-3.97797e-52 -5.70267e-54 0)
(-1.20667e-53 -1.60518e-55 0)
(-3.39403e-55 -4.51204e-57 0)
(-9.53899e-57 -1.18723e-58 0)
(-2.56541e-58 5.75145e-60 0)
(-4.34217e-59 1.5727e-58 0)
(-5.15307e-58 1.31535e-57 0)
(-4.16661e-58 1.85553e-56 0)
(1.52984e-57 1.62227e-56 0)
(1.43113e-57 -3.60927e-56 0)
(-1.98771e-57 -3.49264e-56 0)
(-1.98771e-57 3.49264e-56 0)
(1.43113e-57 3.60927e-56 0)
(1.52984e-57 -1.62227e-56 0)
(-4.16657e-58 -1.85553e-56 0)
(-5.15143e-58 -1.31535e-57 0)
(-3.68194e-59 -1.57347e-58 0)
(-4.39267e-60 -8.84717e-60 0)
(-4.96028e-61 1.5338e-63 0)
(-4.40921e-60 8.87578e-60 0)
(-3.70495e-59 1.57946e-58 0)
(-5.1927e-58 1.32359e-57 0)
(-4.49082e-58 1.87037e-56 0)
(1.05178e-57 1.73801e-56 0)
(1.53424e-57 -1.88623e-56 0)
(1.02384e-63 -3.74252e-56 0)
(-1.53421e-57 -1.88623e-56 0)
(-1.05143e-57 1.73793e-56 0)
(4.55568e-58 1.86908e-56 0)
(5.67503e-58 1.0496e-57 0)
(-2.2616e-39 -6.12943e-39 0)
(-1.21841e-40 -2.73115e-40 0)
(-4.75489e-42 -1.29634e-41 0)
(-2.18261e-43 -4.77009e-43 0)
(-7.97645e-45 -1.92822e-44 0)
(-3.21976e-46 -6.59509e-46 0)
(-1.10047e-47 -2.38957e-47 0)
(-3.98719e-49 -7.64498e-49 0)
(-1.27518e-50 -2.52155e-50 0)
(-4.20593e-52 -7.55788e-52 0)
(-1.26031e-53 -2.29245e-53 0)
(-3.82268e-55 -6.44765e-55 0)
(-1.07491e-56 -1.81198e-56 0)
(-3.02078e-58 -4.78974e-58 0)
(-8.09846e-60 -1.23064e-59 0)
(-1.1857e-60 3.85822e-60 0)
(-1.36478e-59 3.51825e-59 0)
(-1.10267e-59 4.93232e-58 0)
(4.05081e-59 4.30753e-58 0)
(3.7886e-59 -9.59158e-58 0)
(-5.26265e-59 -9.27919e-58 0)
(-5.26265e-59 9.27919e-58 0)
(3.7886e-59 9.59158e-58 0)
(4.05081e-59 -4.30753e-58 0)
(-1.10266e-59 -4.93232e-58 0)
(-1.36426e-59 -3.51902e-59 0)
(-9.76685e-61 -4.17028e-60 0)
(-1.1522e-61 -2.35073e-61 0)
(-1.29964e-62 3.01694e-65 0)
(-1.15648e-61 2.35836e-61 0)
(-9.8272e-61 4.18606e-60 0)
(-1.37508e-59 3.54094e-59 0)
(-1.1888e-59 4.97166e-58 0)
(2.78491e-59 4.61756e-58 0)
(4.06233e-59 -5.01369e-58 0)
(2.73581e-65 -9.94805e-58 0)
(-4.06227e-59 -5.0137e-58 0)
(-2.78397e-59 4.61734e-58 0)
(1.20596e-59 4.96819e-58 0)
(1.5051e-59 2.81661e-59 0)
(7.10431e-38 -1.50417e-39 0)
(3.82759e-39 -7.77183e-41 0)
(1.49499e-40 -3.80711e-42 0)
(6.86277e-42 -1.41122e-43 0)
(2.50964e-43 -5.71321e-45 0)
(1.0131e-44 -1.95707e-46 0)
(3.46435e-46 -7.09245e-48 0)
(1.25527e-47 -2.27136e-49 0)
(4.01619e-49 -7.49283e-51 0)
(1.32476e-50 -2.24759e-52 0)
(3.97091e-52 -6.81846e-54 0)
(1.20452e-53 -1.91893e-55 0)
(3.38793e-55 -5.39363e-57 0)
(9.52154e-57 -1.4265e-58 0)
(2.51704e-58 -3.7297e-60 0)
(6.56662e-60 1.63893e-62 0)
(-1.76751e-61 9.31118e-61 0)
(-2.70981e-61 1.30618e-59 0)
(1.01171e-60 1.14023e-59 0)
(9.45695e-61 -2.5397e-59 0)
(-1.31399e-60 -2.45673e-59 0)
(-1.31398e-60 2.45673e-59 0)
(9.45695e-61 2.53975e-59 0)
(1.0116e-60 -1.14022e-59 0)
(-2.75003e-61 -1.30618e-59 0)
(-3.40767e-61 -9.33449e-61 0)
(-2.45103e-62 -1.09383e-61 0)
(-2.87191e-63 -5.73776e-63 0)
(-3.3413e-64 -4.22477e-64 0)
(-2.8616e-63 6.15189e-63 0)
(-2.46703e-62 1.09797e-61 0)
(-3.43454e-61 9.39187e-61 0)
(-2.96659e-61 1.31651e-59 0)
(6.95534e-61 1.22259e-59 0)
(1.01447e-60 -1.32753e-59 0)
(1.31867e-65 -2.63425e-59 0)
(-1.01446e-60 -1.32748e-59 0)
(-6.95311e-61 1.22252e-59 0)
(3.00939e-61 1.31558e-59 0)
(3.7655e-61 7.49249e-61 0)
(3.9694e-38 3.58442e-39 0)
(2.1392e-39 1.37956e-40 0)
(8.37592e-41 6.30588e-42 0)
(3.84574e-42 2.30203e-43 0)
(1.40891e-43 9.28904e-45 0)
(5.68851e-45 3.17411e-46 0)
(1.94792e-46 1.14992e-47 0)
(7.05933e-48 3.67716e-49 0)
(2.26103e-49 1.21278e-50 0)
(7.45943e-51 3.63381e-52 0)
(2.23784e-52 1.10217e-53 0)
(6.78939e-54 3.09908e-55 0)
(1.91093e-55 8.70909e-57 0)
(5.3715e-57 2.30175e-58 0)
(1.42077e-58 6.02709e-60 0)
(3.72042e-60 1.52548e-61 0)
(8.42093e-62 2.54299e-62 0)
(-4.41751e-63 3.25591e-61 0)
(2.50864e-62 2.87044e-61 0)
(2.32896e-62 -6.32409e-61 0)
(-3.24645e-62 -6.13126e-61 0)
(-3.19811e-62 6.13811e-61 0)
(2.338e-62 6.52781e-61 0)
(2.45369e-62 -2.82413e-61 0)
(-6.85202e-63 -3.25282e-61 0)
(-8.42842e-63 -2.4091e-62 0)
(-1.46856e-64 -2.43242e-63 0)
(-5.24391e-64 1.78518e-62 0)
(-4.81026e-64 -1.80742e-62 0)
(3.72512e-64 -1.00037e-63 0)
(-5.78472e-64 2.59086e-63 0)
(-8.43508e-63 2.36976e-62 0)
(-7.27624e-63 3.30586e-61 0)
(1.70778e-62 3.07296e-61 0)
(2.50058e-62 -3.33756e-61 0)
(5.42778e-64 -6.5757e-61 0)
(-2.50807e-62 -3.11606e-61 0)
(-1.76796e-62 3.03992e-61 0)
(7.05246e-63 3.27639e-61 0)
(1.0131e-62 2.63138e-63 0)
(2.39634e-39 2.03815e-39 0)
(1.29957e-40 7.93112e-41 0)
(5.24356e-42 3.63431e-42 0)
(2.41565e-43 1.33066e-43 0)
(9.03683e-45 5.37132e-45 0)
(3.65593e-46 1.83898e-46 0)
(1.27082e-47 6.66393e-48 0)
(4.61132e-49 2.13417e-49 0)
(1.49321e-50 7.04064e-51 0)
(4.93052e-52 2.11208e-52 0)
(1.49112e-53 6.40782e-54 0)
(4.52667e-55 1.8035e-55 0)
(1.28166e-56 5.06961e-57 0)
(3.60422e-58 1.34093e-58 0)
(9.57479e-60 3.51149e-60 0)
(2.49078e-61 8.24444e-62 0)
(5.39903e-63 -6.94666e-62 0)
(4.40309e-63 -2.42449e-62 0)
(3.28468e-63 1.14876e-61 0)
(-1.85227e-63 6.19845e-62 0)
(-2.1832e-63 -5.69773e-63 0)
(1.85514e-62 3.10332e-62 0)
(2.30187e-63 7.6066e-61 0)
(-1.79403e-62 8.04657e-62 0)
(-3.08528e-63 3.34805e-62 0)
(-9.24991e-64 -2.91877e-62 0)
(1.964e-62 8.77252e-63 0)
(-1.93369e-62 7.24633e-61 0)
(-2.01785e-62 -7.27617e-61 0)
(1.88911e-62 -4.62373e-62 0)
(1.32753e-63 -5.42178e-63 0)
(1.80475e-63 5.76186e-63 0)
(1.86575e-63 8.40819e-62 0)
(-3.77333e-63 9.57459e-62 0)
(-1.17889e-63 -1.03166e-61 0)
(2.33287e-62 -3.79892e-63 0)
(-2.28637e-63 7.96436e-61 0)
(-2.24168e-62 -4.90417e-62 0)
(-1.5578e-62 -2.99964e-62 0)
(3.51156e-62 -6.49515e-61 0)
(2.64874e-40 1.23951e-40 0)
(1.46333e-41 4.97203e-42 0)
(5.93627e-43 2.28625e-43 0)
(2.75212e-44 8.54841e-45 0)
(1.02915e-45 3.45752e-46 0)
(4.16289e-47 1.2017e-47 0)
(1.4414e-48 4.36013e-49 0)
(5.20899e-50 1.41178e-50 0)
(1.67619e-51 4.66145e-52 0)
(5.4977e-53 1.4097e-53 0)
(1.64936e-54 4.27946e-55 0)
(4.96429e-56 1.21166e-56 0)
(1.39243e-57 3.40741e-58 0)
(3.87675e-59 9.05077e-60 0)
(1.01384e-60 2.1193e-61 0)
(-4.90044e-62 -2.0847e-61 0)
(-2.80952e-62 -3.07763e-60 0)
(1.89627e-61 -1.38007e-60 0)
(1.15854e-61 4.59901e-60 0)
(-1.0363e-61 3.30773e-60 0)
(-6.50449e-62 3.87175e-61 0)
(7.74711e-61 5.32451e-61 0)
(7.54143e-62 2.98606e-59 0)
(-7.40915e-61 3.58415e-60 0)
(-1.22277e-61 1.75567e-60 0)
(-3.44368e-62 -1.23466e-60 0)
(7.93348e-61 2.4563e-61 0)
(-7.75671e-61 2.91389e-59 0)
(-8.11923e-61 -2.92655e-59 0)
(7.60577e-61 -1.84003e-60 0)
(5.41575e-62 -2.20153e-61 0)
(8.57794e-62 2.20085e-61 0)
(8.74438e-62 3.23489e-60 0)
(-1.80025e-61 3.71436e-60 0)
(-7.97783e-62 -4.06947e-60 0)
(9.47492e-61 3.84735e-61 0)
(-7.27047e-62 3.2406e-59 0)
(-8.87593e-61 -2.54683e-60 0)
(-6.22492e-61 -1.51698e-60 0)
(1.39529e-60 -2.59827e-59 0)
(1.29049e-41 1.40796e-41 0)
(7.16842e-43 5.70353e-43 0)
(2.96088e-44 2.6379e-44 0)
(1.3763e-45 9.88556e-46 0)
(5.20925e-47 3.99518e-47 0)
(2.10953e-48 1.38593e-48 0)
(7.36431e-50 5.00598e-50 0)
(2.66188e-51 1.61327e-51 0)
(8.61243e-53 5.28991e-53 0)
(2.8235e-54 1.5889e-54 0)
(8.50002e-56 4.78178e-56 0)
(2.5559e-57 1.34248e-57 0)
(7.18262e-59 3.73725e-59 0)
(1.9706e-60 9.26e-61 0)
(-1.71785e-61 -9.99483e-61 0)
(-3.21362e-60 -8.60068e-60 0)
(-1.22786e-60 -1.23681e-58 0)
(8.08508e-60 -5.54773e-59 0)
(4.93781e-60 1.84821e-58 0)
(-4.43536e-60 1.32889e-58 0)
(-2.92353e-60 1.4955e-59 0)
(3.10433e-59 1.54575e-59 0)
(3.21462e-60 1.11411e-57 0)
(-2.96021e-59 1.38097e-58 0)
(-5.07552e-60 6.99094e-59 0)
(-1.59044e-60 -5.02416e-59 0)
(3.19918e-59 4.55167e-60 0)
(-3.10837e-59 1.09107e-57 0)
(-3.26296e-59 -1.09616e-57 0)
(3.05929e-59 -6.8622e-59 0)
(2.16986e-60 -8.24954e-60 0)
(3.63869e-60 8.86795e-60 0)
(3.68005e-60 1.2996e-58 0)
(-7.69257e-60 1.4926e-58 0)
(-3.50605e-60 -1.64193e-58 0)
(3.84186e-59 9.5411e-60 0)
(-3.08815e-60 1.21649e-57 0)
(-3.57302e-59 -1.07769e-58 0)
(-2.45851e-59 -5.67105e-59 0)
(5.57529e-59 -9.65535e-58 0)
(-1.7365e-42 3.47655e-42 0)
(-7.45377e-44 1.82509e-43 0)
(-4.85467e-45 7.73281e-45 0)
(-1.96415e-46 3.46682e-46 0)
(-9.91064e-48 1.32794e-47 0)
(-3.72392e-49 5.2346e-49 0)
(-1.57685e-50 1.83339e-50 0)
(-5.48853e-52 6.4843e-52 0)
(-2.03205e-53 2.0929e-53 0)
(-6.55877e-55 6.7334e-55 0)
(-2.17506e-56 2.01329e-56 0)
(-6.52245e-58 5.94686e-58 0)
(-1.97292e-59 1.63582e-59 0)
(-1.62413e-60 -1.85454e-60 0)
(-9.01424e-60 -4.13714e-59 0)
(-1.29187e-58 -3.43085e-58 0)
(-4.93719e-59 -4.97e-57 0)
(3.24929e-58 -2.23125e-57 0)
(1.98396e-58 7.4277e-57 0)
(-1.7891e-58 5.33613e-57 0)
(-1.23677e-58 5.77373e-58 0)
(1.15778e-57 4.08028e-58 0)
(1.2917e-58 4.20099e-56 0)
(-1.0999e-57 5.33592e-57 0)
(-1.98374e-58 2.78615e-57 0)
(-6.88321e-59 -2.04208e-57 0)
(1.20217e-57 -8.03997e-60 0)
(-1.15941e-57 4.13e-56 0)
(-1.22154e-57 -4.15033e-56 0)
(1.14592e-57 -2.56604e-57 0)
(8.16225e-59 -3.10219e-58 0)
(1.45569e-58 3.54516e-58 0)
(1.47868e-58 5.21492e-57 0)
(-3.09815e-58 5.91143e-57 0)
(-1.47152e-58 -6.62997e-57 0)
(1.4543e-57 1.70649e-58 0)
(-1.23557e-58 4.61317e-56 0)
(-1.34107e-57 -4.52788e-57 0)
(-8.99799e-58 -2.12422e-57 0)
(2.0712e-57 -3.62959e-56 0)
(-6.30063e-41 3.90973e-41 0)
(-2.92027e-42 2.13798e-42 0)
(-1.62002e-43 8.91435e-44 0)
(-6.74829e-45 4.11601e-45 0)
(-3.12275e-46 1.56837e-46 0)
(-1.18494e-47 6.32801e-48 0)
(-4.76684e-49 2.2194e-49 0)
(-1.66149e-50 8.00629e-51 0)
(-5.95725e-52 2.59815e-52 0)
(-1.91859e-53 8.50616e-54 0)
(-6.23152e-55 2.56112e-55 0)
(-1.86194e-56 7.67759e-57 0)
(-5.56111e-58 2.08112e-58 0)
(-5.87974e-59 -8.12254e-59 0)
(-3.59362e-58 -1.56187e-57 0)
(-5.19124e-57 -1.28038e-56 0)
(-1.98877e-57 -1.85748e-55 0)
(1.30583e-56 -8.34056e-56 0)
(7.9706e-57 2.77624e-55 0)
(-7.21531e-57 1.99364e-55 0)
(-5.1904e-57 2.06638e-56 0)
(4.36443e-56 6.99685e-57 0)
(5.19047e-57 1.44833e-54 0)
(-4.13178e-56 1.91152e-55 0)
(-7.77139e-57 1.03167e-55 0)
(-2.94284e-57 -7.72489e-56 0)
(4.56553e-56 -7.65515e-57 0)
(-4.37103e-56 1.43009e-54 0)
(-4.62075e-56 -1.43769e-54 0)
(4.33918e-56 -8.85481e-56 0)
(3.07644e-57 -1.07105e-56 0)
(5.81957e-57 1.32907e-56 0)
(5.85306e-57 1.94896e-55 0)
(-1.2476e-56 2.21478e-55 0)
(-6.04643e-57 -2.48743e-55 0)
(5.5577e-56 -1.8852e-57 0)
(-4.9489e-57 1.60248e-54 0)
(-5.08304e-56 -1.76719e-55 0)
(-3.33261e-56 -7.36258e-56 0)
(7.78255e-56 -1.24503e-54 0)
(-8.84988e-40 8.09939e-40 0)
(-4.09524e-41 4.40928e-41 0)
(-2.24912e-42 1.79915e-42 0)
(-9.38486e-44 8.2906e-44 0)
(-4.33574e-45 3.11174e-45 0)
(-1.65229e-46 1.25439e-46 0)
(-6.66839e-48 4.35274e-48 0)
(-2.33896e-49 1.56977e-49 0)
(-8.43904e-51 5.05428e-51 0)
(-2.73875e-52 1.65436e-52 0)
(-8.96752e-54 4.94431e-54 0)
(-2.70025e-55 1.47907e-55 0)
(-8.1869e-57 3.8427e-57 0)
(-1.86476e-57 -3.17743e-57 0)
(-1.34012e-56 -5.92082e-56 0)
(-1.94009e-55 -4.80001e-55 0)
(-7.43671e-56 -7.02777e-54 0)
(4.88085e-55 -3.159e-54 0)
(2.97851e-55 1.05051e-53 0)
(-2.70664e-55 7.53667e-54 0)
(-2.02616e-55 7.49376e-55 0)
(1.50396e-54 -8.09133e-57 0)
(1.93976e-55 5.1314e-53 0)
(-1.41706e-54 6.95919e-54 0)
(-2.82725e-55 3.87239e-54 0)
(-1.16724e-55 -2.95417e-54 0)
(1.58787e-54 -5.32364e-55 0)
(-1.50646e-54 5.0901e-53 0)
(-1.59978e-54 -5.11865e-53 0)
(1.50323e-54 -3.10652e-54 0)
(1.0728e-55 -3.76716e-55 0)
(2.16574e-55 4.99082e-55 0)
(2.19293e-55 7.36177e-54 0)
(-4.67298e-55 8.23661e-54 0)
(-2.35267e-55 -9.45703e-54 0)
(1.95011e-54 -3.4313e-55 0)
(-1.84159e-55 5.71588e-53 0)
(-1.76562e-54 -6.93861e-54 0)
(-1.12064e-54 -2.59131e-54 0)
(2.66881e-54 -4.39524e-53 0)
(-1.89496e-38 6.92552e-39 0)
(-8.4957e-40 3.67033e-40 0)
(-4.64461e-41 1.49393e-41 0)
(-1.89691e-42 6.82051e-43 0)
(-8.74462e-44 2.56645e-44 0)
(-3.28275e-45 1.03366e-45 0)
(-1.32352e-46 3.60687e-47 0)
(-4.59312e-48 1.3059e-48 0)
(-1.65661e-49 4.22811e-50 0)
(-5.33427e-51 1.39035e-51 0)
(-1.74611e-52 4.13438e-53 0)
(-5.21911e-54 1.22746e-54 0)
(-1.59592e-55 2.3968e-56 0)
(-6.64282e-56 -1.13889e-55 0)
(-5.02279e-55 -2.06293e-54 0)
(-7.34052e-54 -1.65616e-53 0)
(-2.82198e-54 -2.42773e-52 0)
(1.84687e-53 -1.09144e-52 0)
(1.12666e-53 3.62921e-52 0)
(-1.02764e-53 2.6027e-52 0)
(-7.94705e-54 2.47007e-53 0)
(5.32695e-53 -1.03385e-53 0)
(7.33917e-54 1.62115e-51 0)
(-4.99798e-53 2.30323e-52 0)
(-1.04429e-53 1.32523e-52 0)
(-4.63953e-54 -1.03253e-52 0)
(5.67353e-53 -2.72823e-53 0)
(-5.33638e-53 1.61698e-51 0)
(-5.68963e-53 -1.62684e-51 0)
(5.35273e-53 -9.84235e-53 0)
(3.79844e-54 -1.18696e-53 0)
(8.15159e-54 1.73026e-53 0)
(8.15062e-54 2.5436e-52 0)
(-1.77165e-53 2.86132e-52 0)
(-9.03735e-54 -3.27869e-52 0)
(7.01776e-53 -2.19173e-53 0)
(-6.94755e-54 1.82318e-51 0)
(-6.29444e-53 -2.48755e-52 0)
(-3.88291e-53 -8.27067e-53 0)
(9.41703e-53 -1.37955e-51 0)
(-1.63522e-37 1.20982e-37 0)
(-7.26167e-39 6.37159e-39 0)
(-3.87266e-40 2.51452e-40 0)
(-1.57861e-41 1.14402e-41 0)
(-7.21137e-43 4.21169e-43 0)
(-2.71421e-44 1.69193e-44 0)
(-1.09335e-45 5.80948e-46 0)
(-3.81564e-47 2.09864e-47 0)
(-1.38161e-48 6.68841e-49 0)
(-4.47367e-50 2.18626e-50 0)
(-1.4712e-51 6.28036e-52 0)
(-4.37646e-53 1.80598e-53 0)
(-1.42014e-54 1.21132e-55 0)
(-2.1986e-54 -4.04121e-54 0)
(-1.73268e-53 -7.32902e-53 0)
(-2.53573e-52 -5.82657e-52 0)
(-9.75291e-53 -8.64017e-51 0)
(6.3806e-52 -3.88945e-51 0)
(3.89154e-52 1.29175e-50 0)
(-3.56292e-52 9.25388e-51 0)
(-2.85053e-52 8.40183e-52 0)
(1.68198e-51 -6.70542e-52 0)
(2.53521e-52 5.39059e-50 0)
(-1.56839e-51 7.89448e-51 0)
(-3.51415e-52 4.68069e-51 0)
(-1.68333e-52 -3.71177e-51 0)
(1.81236e-51 -1.23813e-51 0)
(-1.68526e-51 5.40668e-50 0)
(-1.80729e-51 -5.44144e-50 0)
(1.70148e-51 -3.23412e-51 0)
(1.21924e-52 -3.89445e-52 0)
(2.80458e-52 6.09286e-52 0)
(2.83198e-52 9.03497e-51 0)
(-6.1334e-52 9.97384e-51 0)
(-3.24498e-52 -1.17265e-50 0)
(2.26621e-51 -1.08057e-51 0)
(-2.3896e-52 6.11148e-50 0)
(-2.00792e-51 -9.13338e-51 0)
(-1.18615e-51 -2.73165e-51 0)
(2.95493e-51 -4.56761e-50 0)
(-2.989e-36 1.18712e-37 0)
(-1.26822e-37 5.83756e-39 0)
(-6.72879e-39 2.26149e-40 0)
(-2.66013e-40 1.02419e-41 0)
(-1.21107e-41 3.75724e-43 0)
(-4.45997e-43 1.50863e-44 0)
(-1.792e-44 5.1704e-46 0)
(-6.15412e-46 1.85383e-47 0)
(-2.22336e-47 4.56205e-49 0)
(-7.08716e-49 9.86585e-51 0)
(-2.31688e-50 -6.1148e-52 0)
(-6.66182e-52 -4.96299e-53 0)
(-2.34238e-53 -1.38837e-53 0)
(-7.73415e-53 -1.29466e-52 0)
(-6.09572e-52 -2.33638e-51 0)
(-9.02511e-51 -1.84351e-50 0)
(-3.48365e-51 -2.73616e-49 0)
(2.27108e-50 -1.23185e-49 0)
(1.38464e-50 4.09092e-49 0)
(-1.27233e-50 2.92964e-49 0)
(-1.04547e-50 2.52702e-50 0)
(5.5912e-50 -3.18753e-50 0)
(9.02316e-51 1.54306e-48 0)
(-5.1866e-50 2.3934e-49 0)
(-1.22276e-50 1.46822e-49 0)
(-6.23498e-51 -1.18895e-49 0)
(6.08763e-50 -4.85307e-50 0)
(-5.60284e-50 1.55883e-48 0)
(-6.03737e-50 -1.56984e-48 0)
(5.69219e-50 -9.3099e-50 0)
(4.04949e-51 -1.10479e-50 0)
(9.92859e-51 1.93765e-50 0)
(9.86557e-51 2.86252e-49 0)
(-2.18719e-50 3.18925e-49 0)
(-1.16453e-50 -3.72593e-49 0)
(7.67452e-50 -4.48519e-50 0)
(-8.48358e-51 1.77146e-48 0)
(-6.72682e-50 -2.98728e-49 0)
(-3.83349e-50 -7.95468e-50 0)
(9.77851e-50 -1.29613e-48 0)
(-2.8436e-36 -5.96735e-38 0)
(-1.20372e-37 -1.05103e-38 0)
(-6.38587e-39 -4.7317e-40 0)
(-2.52037e-40 -2.22572e-41 0)
(-1.1473e-41 -8.24203e-43 0)
(-4.21984e-43 -3.3149e-44 0)
(-1.69532e-44 -1.13363e-45 0)
(-5.81922e-46 -4.55456e-47 0)
(-2.08851e-47 -6.05665e-48 0)
(-5.25596e-49 -3.67182e-49 0)
(-1.19085e-50 -4.12311e-50 0)
(5.85285e-52 -2.26388e-51 0)
(-8.54581e-53 -4.7863e-52 0)
(-2.44694e-51 -4.26523e-51 0)
(-1.92865e-50 -7.76517e-50 0)
(-2.85811e-49 -6.07733e-49 0)
(-1.1036e-49 -9.15369e-48 0)
(7.19277e-49 -4.12782e-48 0)
(4.3844e-49 1.36873e-47 0)
(-4.04379e-49 9.78966e-48 0)
(-3.42221e-49 8.05081e-49 0)
(1.59935e-48 -1.35395e-48 0)
(2.85744e-49 4.81175e-47 0)
(-1.47129e-48 7.71986e-48 0)
(-3.77441e-49 4.87671e-48 0)
(-2.05802e-49 -4.01502e-48 0)
(1.76784e-48 -1.87532e-48 0)
(-1.60306e-48 4.89411e-47 0)
(-1.74068e-48 -4.93045e-47 0)
(1.64253e-48 -2.86069e-48 0)
(1.18517e-49 -3.3708e-49 0)
(3.13227e-49 6.38764e-49 0)
(3.15598e-49 9.55418e-48 0)
(-6.94134e-49 1.0401e-47 0)
(-3.83247e-49 -1.25286e-47 0)
(2.25917e-48 -1.78475e-48 0)
(-2.67477e-49 5.57827e-47 0)
(-1.95039e-48 -1.02612e-47 0)
(-1.04617e-48 -2.46278e-48 0)
(2.77404e-48 -4.02077e-47 0)
(2.8436e-36 -5.96672e-38 0)
(1.20372e-37 -1.05098e-38 0)
(6.38585e-39 -4.7315e-40 0)
(2.52036e-40 -2.22563e-41 0)
(1.1473e-41 -8.24032e-43 0)
(4.21982e-43 -3.28853e-44 0)
(1.69381e-44 -1.00122e-45 0)
(5.71595e-46 -1.67848e-46 0)
(2.53233e-47 -1.37326e-46 0)
(5.62331e-48 -9.33528e-48 0)
(3.60955e-49 -1.15191e-48 0)
(4.22311e-50 -6.42204e-50 0)
(-2.13011e-51 -1.3866e-50 0)
(-8.13121e-50 -1.2303e-49 0)
(-6.35839e-49 -2.23765e-48 0)
(-9.56275e-48 -1.74376e-47 0)
(-3.70885e-48 -2.62781e-46 0)
(2.40658e-47 -1.18508e-46 0)
(1.46638e-47 3.92941e-46 0)
(-1.3573e-47 2.80961e-46 0)
(-1.17405e-47 2.18172e-47 0)
(4.98585e-47 -4.85342e-47 0)
(9.5604e-48 1.22834e-45 0)
(-4.55685e-47 2.1194e-46 0)
(-1.23647e-47 1.38639e-46 0)
(-7.11359e-48 -1.16565e-46 0)
(5.58042e-47 -6.22187e-47 0)
(-4.99815e-47 1.26167e-45 0)
(-5.45886e-47 -1.2721e-45 0)
(5.16016e-47 -7.3745e-47 0)
(3.68769e-48 -8.43905e-48 0)
(1.04218e-47 1.84297e-47 0)
(1.02859e-47 2.74498e-46 0)
(-2.32668e-47 3.03106e-46 0)
(-1.28387e-47 -3.60761e-46 0)
(7.19834e-47 -6.08746e-47 0)
(-8.93102e-48 1.44848e-45 0)
(-6.13769e-47 -3.03097e-46 0)
(-3.1415e-47 -6.46132e-47 0)
(8.60054e-47 -1.01395e-45 0)
(2.98887e-36 1.18804e-37 0)
(1.26816e-37 5.84394e-39 0)
(6.72829e-39 2.26434e-40 0)
(2.65991e-40 1.02497e-41 0)
(1.211e-41 3.80418e-43 0)
(4.45954e-43 2.36333e-44 0)
(1.74985e-44 4.82606e-45 0)
(3.2754e-46 -3.96875e-45 0)
(1.45972e-46 -4.2735e-45 0)
(1.42816e-46 -2.8674e-46 0)
(9.74711e-48 -3.5698e-47 0)
(1.19853e-48 -1.96771e-48 0)
(-6.19902e-50 -4.27532e-49 0)
(-2.34327e-48 -3.77121e-48 0)
(-1.82451e-47 -6.94481e-47 0)
(-2.74542e-46 -5.37958e-46 0)
(-1.06501e-46 -8.26323e-45 0)
(6.90938e-46 -3.73425e-45 0)
(4.20924e-46 1.23573e-44 0)
(-3.91054e-46 8.82252e-45 0)
(-3.4717e-46 6.50277e-46 0)
(1.27163e-45 -1.75698e-45 0)
(2.7447e-46 3.59236e-44 0)
(-1.14853e-45 6.43458e-45 0)
(-3.46164e-46 4.33066e-45 0)
(-2.11627e-46 -3.69746e-45 0)
(1.45254e-45 -2.15656e-45 0)
(-1.27516e-45 3.72118e-44 0)
(-1.40744e-45 -3.75341e-44 0)
(1.33181e-45 -2.11631e-45 0)
(9.71445e-47 -2.38511e-46 0)
(2.98142e-46 5.679e-46 0)
(2.99976e-46 8.60739e-45 0)
(-6.69372e-46 9.23406e-45 0)
(-3.83505e-46 -1.14049e-44 0)
(1.90672e-45 -2.14059e-45 0)
(-2.55231e-46 4.2873e-44 0)
(-1.59464e-45 -9.74731e-45 0)
(-7.45557e-46 -1.87397e-45 0)
(2.16832e-45 -2.94634e-44 0)
(1.61684e-37 1.23018e-37 0)
(7.16543e-39 6.51197e-39 0)
(3.80537e-40 2.575e-40 0)
(1.54892e-41 1.15699e-41 0)
(7.21836e-43 5.38151e-43 0)
(2.67348e-44 2.35757e-43 0)
(-1.21146e-44 1.10978e-43 0)
(-9.00562e-45 -1.02142e-43 0)
(3.90122e-45 -1.09505e-43 0)
(4.46647e-45 -7.34581e-45 0)
(3.00121e-46 -9.13925e-46 0)
(3.71691e-47 -5.04213e-47 0)
(-1.90055e-48 -1.09928e-47 0)
(-7.27346e-47 -9.66182e-47 0)
(-5.62938e-46 -1.77791e-45 0)
(-8.63461e-45 -1.37813e-44 0)
(-3.36841e-45 -2.11712e-43 0)
(2.17275e-44 -9.56765e-44 0)
(1.32311e-44 3.16601e-43 0)
(-1.23356e-44 2.25984e-43 0)
(-1.11467e-44 1.55967e-44 0)
(3.7181e-44 -5.2449e-44 0)
(8.63235e-45 7.99078e-43 0)
(-3.33012e-44 1.57424e-43 0)
(-1.06764e-44 1.09842e-43 0)
(-6.83451e-45 -9.57947e-44 0)
(4.31183e-44 -6.16274e-44 0)
(-3.72895e-44 8.39517e-43 0)
(-4.14526e-44 -8.47771e-43 0)
(3.93101e-44 -4.78514e-44 0)
(2.82917e-45 -5.10463e-45 0)
(9.3219e-45 1.46366e-44 0)
(9.13275e-45 2.20799e-43 0)
(-2.10863e-44 2.41859e-43 0)
(-1.19837e-44 -2.92997e-43 0)
(5.72057e-44 -6.22328e-44 0)
(-8.01491e-45 9.77181e-43 0)
(-4.71623e-44 -2.56193e-43 0)
(-2.06846e-44 -4.35158e-44 0)
(6.29658e-44 -6.4352e-43 0)
(-2.40007e-38 2.43706e-38 0)
(-1.28817e-39 1.49672e-39 0)
(-1.01606e-40 5.84136e-41 0)
(-4.36803e-42 -2.94062e-42 0)
(1.8036e-43 3.18539e-42 0)
(-3.69155e-45 6.45791e-42 0)
(-3.38004e-43 3.26312e-42 0)
(-2.3158e-43 -3.02592e-42 0)
(9.99444e-44 -3.23779e-42 0)
(1.1445e-43 -2.1196e-43 0)
(7.68911e-45 -2.6433e-44 0)
(9.51654e-46 -1.43415e-45 0)
(-4.86903e-47 -3.13836e-46 0)
(-1.86226e-45 -2.74787e-45 0)
(-1.44232e-44 -5.14454e-44 0)
(-2.21259e-43 -3.97587e-43 0)
(-8.63383e-44 -6.26492e-42 0)
(5.56462e-43 -2.83883e-42 0)
(3.3883e-43 9.36961e-42 0)
(-3.17071e-43 6.67556e-42 0)
(-2.93241e-43 4.34683e-43 0)
(8.26168e-43 -1.7055e-42 0)
(2.21207e-43 2.1961e-41 0)
(-7.26644e-43 4.50618e-42 0)
(-2.66711e-43 3.23111e-42 0)
(-1.80526e-43 -2.85761e-42 0)
(9.86002e-43 -1.95511e-42 0)
(-8.28792e-43 2.33202e-41 0)
(-9.35477e-43 -2.35584e-41 0)
(8.88347e-43 -1.28198e-42 0)
(6.58738e-44 -1.32926e-43 0)
(2.38093e-43 4.21144e-43 0)
(2.39508e-43 6.51127e-42 0)
(-5.41147e-43 6.87728e-42 0)
(-3.20131e-43 -8.7198e-42 0)
(1.33881e-42 -1.99009e-42 0)
(-2.04269e-43 2.72573e-41 0)
(-1.07599e-42 -7.72724e-42 0)
(-4.0647e-43 -1.18269e-42 0)
(1.37493e-42 -1.75428e-41 0)
(-3.79273e-37 3.42878e-37 0)
(-1.83312e-38 2.21316e-38 0)
(-1.19674e-39 7.9046e-40 0)
(-4.26528e-41 -9.07582e-41 0)
(1.05914e-41 7.01676e-41 0)
(1.0856e-43 1.44318e-40 0)
(-9.9712e-42 7.29359e-41 0)
(-6.82811e-42 -6.7642e-41 0)
(2.96769e-42 -7.23764e-41 0)
(3.38491e-42 -4.73638e-42 0)
(2.21908e-43 -5.85656e-43 0)
(2.7531e-44 -3.17792e-44 0)
(-1.38477e-45 -6.94642e-45 0)
(-5.38955e-44 -6.08922e-44 0)
(-4.16187e-43 -1.13983e-42 0)
(-6.54927e-42 -8.88935e-42 0)
(-2.5765e-42 -1.40045e-40 0)
(1.6433e-41 -6.34568e-41 0)
(1.00045e-41 2.0943e-40 0)
(-9.3953e-42 1.49188e-40 0)
(-8.80777e-42 8.98839e-42 0)
(2.27202e-41 -4.28715e-41 0)
(6.54904e-42 4.10561e-40 0)
(-1.97469e-41 9.59913e-41 0)
(-7.73805e-42 7.14729e-41 0)
(-5.44207e-42 -6.45955e-41 0)
(2.76001e-41 -4.77221e-41 0)
(-2.27773e-41 4.45679e-40 0)
(-2.59382e-41 -4.50998e-40 0)
(2.46975e-41 -2.46415e-41 0)
(1.79558e-42 -2.29635e-42 0)
(7.00334e-42 9.47828e-42 0)
(6.80853e-42 1.45806e-40 0)
(-1.60059e-41 1.58648e-40 0)
(-9.29977e-42 -1.95375e-40 0)
(3.79104e-41 -4.918e-41 0)
(-6.02648e-42 5.28977e-40 0)
(-2.99846e-41 -1.7678e-40 0)
(-1.03396e-41 -2.36807e-41 0)
(3.74504e-41 -3.18298e-40 0)
(-8.01669e-36 2.04115e-39 0)
(-3.60537e-37 1.78241e-39 0)
(-2.34785e-38 -3.92954e-39 0)
(-7.6513e-40 -3.91466e-39 0)
(2.4473e-40 1.90877e-39 0)
(2.91058e-42 4.02755e-39 0)
(-2.20546e-40 2.03584e-39 0)
(-1.50276e-40 -1.89306e-39 0)
(6.65208e-41 -2.02083e-39 0)
(7.56912e-41 -1.27832e-40 0)
(4.9601e-42 -1.5773e-41 0)
(6.10124e-43 -8.35876e-43 0)
(-3.0694e-44 -1.82899e-43 0)
(-1.19438e-42 -1.6017e-42 0)
(-9.30792e-42 -3.07178e-41 0)
(-1.46452e-40 -2.3995e-40 0)
(-5.7927e-41 -3.9146e-39 0)
(3.62798e-40 -1.78009e-39 0)
(2.21267e-40 5.85455e-39 0)
(-2.08597e-40 4.16077e-39 0)
(-1.99359e-40 2.34408e-40 0)
(4.26419e-40 -1.28062e-39 0)
(1.46605e-40 1.06708e-38 0)
(-3.57411e-40 2.6021e-39 0)
(-1.66387e-40 1.98778e-39 0)
(-1.22736e-40 -1.81893e-39 0)
(5.38286e-40 -1.40335e-39 0)
(-4.25284e-40 1.1742e-38 0)
(-4.95971e-40 -1.18856e-38 0)
(4.7317e-40 -6.17193e-40 0)
(3.59791e-41 -5.45567e-41 0)
(1.5615e-40 2.54686e-40 0)
(1.57669e-40 4.05815e-39 0)
(-3.53854e-40 4.2148e-39 0)
(-2.13447e-40 -5.49526e-39 0)
(7.61663e-40 -1.45241e-39 0)
(-1.31998e-40 1.4002e-38 0)
(-5.82967e-40 -5.02205e-39 0)
(-1.53675e-40 -6.04476e-40 0)
(6.79069e-40 -8.18801e-39 0)
(-3.78298e-37 -3.04267e-37 0)
(-2.42945e-38 1.15084e-38 0)
(-6.89324e-39 -7.49424e-38 0)
(5.80255e-39 -7.37873e-38 0)
(8.05016e-39 3.59469e-38 0)
(1.33879e-40 7.58681e-38 0)
(-5.92076e-39 3.83395e-38 0)
(-3.95482e-39 -3.56602e-38 0)
(1.8829e-39 -3.80639e-38 0)
(2.11476e-39 -2.40472e-39 0)
(1.33921e-40 -2.89794e-40 0)
(1.64385e-41 -1.53287e-41 0)
(-8.07524e-43 -3.32375e-42 0)
(-3.21967e-41 -2.93843e-41 0)
(-2.51348e-40 -5.64401e-40 0)
(-4.09639e-39 -4.52072e-39 0)
(-1.66659e-39 -7.3737e-38 0)
(9.67715e-39 -3.35287e-38 0)
(5.94212e-39 1.10257e-37 0)
(-5.62494e-39 7.8354e-38 0)
(-5.39445e-39 4.01024e-39 0)
(1.13271e-38 -2.65684e-38 0)
(4.11623e-39 1.57616e-37 0)
(-9.13294e-39 4.65816e-38 0)
(-4.33894e-39 3.70314e-38 0)
(-3.25311e-39 -3.46507e-38 0)
(1.43202e-38 -2.8472e-38 0)
(-1.10517e-38 1.80226e-37 0)
(-1.30314e-38 -1.82919e-37 0)
(1.24745e-38 -9.58783e-39 0)
(9.19316e-40 -6.66662e-40 0)
(4.33772e-39 4.83183e-39 0)
(4.21888e-39 7.66232e-38 0)
(-9.42856e-39 8.30002e-38 0)
(-5.3509e-39 -1.03705e-37 0)
(2.03205e-38 -2.97553e-38 0)
(-3.48334e-39 2.2037e-37 0)
(-1.5422e-38 -9.66291e-38 0)
(-3.91596e-39 -1.00173e-38 0)
(1.742e-38 -1.14276e-37 0)
(-6.20344e-39 9.86802e-37 0)
(-8.81587e-38 8.96715e-37 0)
(-8.34534e-38 -1.9717e-36 0)
(8.61397e-38 -1.96475e-36 0)
(1.2603e-37 9.59015e-37 0)
(2.5231e-39 2.01872e-36 0)
(-8.58007e-38 1.01955e-36 0)
(-4.8687e-38 -9.51775e-37 0)
(3.71394e-38 -1.01263e-36 0)
(3.99094e-38 -6.08765e-38 0)
(2.52183e-39 -7.26667e-39 0)
(3.0219e-40 -3.71416e-40 0)
(-1.48265e-41 -8.03268e-41 0)
(-5.91866e-40 -7.12157e-40 0)
(-4.74044e-39 -1.41653e-38 0)
(-7.73116e-38 -1.14512e-37 0)
(-3.46554e-38 -1.96472e-36 0)
(1.32331e-37 -8.97764e-37 0)
(8.61745e-38 2.93805e-36 0)
(-8.22263e-38 2.08139e-36 0)
(-7.68584e-38 9.81506e-38 0)
(1.93656e-37 -7.42058e-37 0)
(7.9287e-38 3.94201e-36 0)
(-1.2473e-37 1.20793e-36 0)
(-5.37557e-38 9.82973e-37 0)
(-3.72102e-38 -9.29432e-37 0)
(2.28399e-37 -7.86814e-37 0)
(-1.6251e-37 4.58367e-36 0)
(-1.99878e-37 -4.65179e-36 0)
(1.91926e-37 -2.25732e-37 0)
(1.51909e-38 -1.40037e-38 0)
(8.16557e-38 1.21543e-37 0)
(8.65686e-38 2.0306e-36 0)
(-1.26463e-37 2.07073e-36 0)
(-5.70757e-38 -2.78261e-36 0)
(3.1771e-37 -8.23516e-37 0)
(-4.26261e-38 5.62866e-36 0)
(-2.44705e-37 -2.61018e-36 0)
(-7.76196e-38 -2.41606e-37 0)
(2.39695e-37 -2.82425e-36 0)
(1.10151e-36 1.50264e-35 0)
(-3.68054e-37 1.34272e-35 0)
(-4.13617e-37 -2.94797e-35 0)
(4.85561e-37 -2.93825e-35 0)
(1.43639e-36 1.43377e-35 0)
(6.39859e-38 3.01919e-35 0)
(-3.62312e-37 1.52393e-35 0)
(6.32883e-37 -1.42359e-35 0)
(1.11043e-36 -1.51419e-35 0)
(1.06605e-36 -9.06353e-37 0)
(6.39548e-38 -1.02169e-37 0)
(7.58338e-39 -5.18253e-39 0)
(-3.59517e-40 -1.09342e-39 0)
(-1.48632e-38 -9.94762e-39 0)
(-1.20301e-37 -1.99201e-37 0)
(-2.06849e-36 -1.71089e-36 0)
(-1.16201e-36 -2.93822e-35 0)
(-2.10821e-37 -1.34261e-35 0)
(3.71452e-37 4.39207e-35 0)
(-3.89737e-37 3.11166e-35 0)
(-4.42234e-38 1.29225e-36 0)
(6.80241e-36 -1.2063e-35 0)
(2.23329e-36 4.06218e-35 0)
(-2.91078e-36 1.71116e-35 0)
(5.24289e-37 1.45301e-35 0)
(9.07745e-37 -1.40599e-35 0)
(5.95397e-36 -1.25546e-35 0)
(-4.03707e-36 5.11724e-35 0)
(-5.03872e-36 -5.21805e-35 0)
(4.85997e-36 -2.58664e-36 0)
(3.64483e-37 -6.50591e-38 0)
(2.16776e-36 1.82777e-36 0)
(2.39696e-36 3.0464e-35 0)
(4.70757e-37 3.29993e-35 0)
(2.33867e-36 -4.16679e-35 0)
(6.73325e-36 -1.32464e-35 0)
(5.61788e-37 6.58489e-35 0)
(-6.32593e-36 -3.98063e-35 0)
(-5.3975e-36 -3.08517e-36 0)
(5.67862e-36 -2.52895e-35 0)
(2.58753e-35 3.87903e-34 0)
(1.59965e-34 3.49614e-34 0)
(1.50214e-34 -7.6182e-34 0)
(-1.49143e-34 -7.59547e-34 0)
(-1.43691e-34 3.71302e-34 0)
(9.59855e-37 7.78874e-34 0)
(1.60049e-34 3.92793e-34 0)
(1.75238e-34 -3.68926e-34 0)
(2.59825e-35 -3.90515e-34 0)
(1.62453e-35 -2.15968e-35 0)
(9.59431e-37 -2.38434e-36 0)
(1.06842e-37 -1.14859e-37 0)
(-5.03278e-39 -2.40717e-38 0)
(-2.09414e-37 -2.20566e-37 0)
(-1.81168e-36 -4.65479e-36 0)
(-3.15361e-35 -4.08171e-35 0)
(-3.58212e-35 -7.59539e-34 0)
(-3.25334e-34 -3.4959e-34 0)
(-1.59928e-34 1.13553e-33 0)
(1.50401e-34 8.00833e-34 0)
(1.72749e-34 2.97991e-35 0)
(2.46476e-34 -3.21818e-34 0)
(4.3086e-35 1.031e-33 0)
(-1.25429e-35 4.32878e-34 0)
(1.74576e-34 3.74936e-34 0)
(1.78575e-34 -3.65615e-34 0)
(7.82135e-35 -3.32487e-34 0)
(-3.87417e-35 1.31664e-33 0)
(-5.40219e-35 -1.34062e-33 0)
(5.24557e-35 -5.80193e-35 0)
(4.52056e-36 -7.94739e-37 0)
(3.29581e-35 4.31779e-35 0)
(5.66817e-35 7.82033e-34 0)
(3.38132e-34 7.82115e-34 0)
(3.54505e-34 -1.08605e-33 0)
(-4.96277e-35 -3.50302e-34 0)
(1.56199e-34 1.69141e-33 0)
(-8.17792e-35 -1.04104e-33 0)
(-3.7273e-34 -7.11606e-35 0)
(3.00453e-35 -6.43089e-34 0)
(1.03393e-33 3.9594e-33 0)
(1.15599e-32 3.5668e-33 0)
(1.09534e-32 -7.76424e-33 0)
(-1.09277e-32 -7.74442e-33 0)
(-1.11301e-32 3.78417e-33 0)
(2.3098e-35 7.94128e-33 0)
(1.15619e-32 3.99993e-33 0)
(1.19657e-32 -3.76345e-33 0)
(1.03539e-33 -3.98006e-33 0)
(4.29214e-34 -2.16672e-34 0)
(2.30887e-35 -2.07799e-35 0)
(2.49895e-36 -9.75853e-37 0)
(-1.11726e-37 -1.9258e-37 0)
(-4.90296e-36 -1.87858e-36 0)
(-4.3671e-35 -4.05916e-35 0)
(-8.3545e-34 -4.12626e-34 0)
(-1.64395e-33 -7.74435e-33 0)
(-2.29164e-32 -3.56652e-33 0)
(-1.15591e-32 1.15693e-32 0)
(1.09568e-32 8.15939e-33 0)
(1.22286e-32 2.52404e-34 0)
(1.36983e-32 -3.52403e-33 0)
(1.48532e-33 5.30401e-33 0)
(1.66375e-34 4.178e-33 0)
(1.19594e-32 3.77854e-33 0)
(1.20377e-32 -3.77032e-33 0)
(2.28303e-33 -3.58137e-33 0)
(-8.74024e-34 8.45587e-33 0)
(-1.28003e-33 -8.69326e-33 0)
(1.25281e-33 -3.98726e-34 0)
(9.87741e-35 2.72688e-35 0)
(8.64936e-34 4.38185e-34 0)
(2.11435e-33 8.00863e-33 0)
(2.35951e-32 8.82904e-33 0)
(2.37537e-32 -1.10771e-32 0)
(-7.39559e-33 -3.79718e-33 0)
(1.07656e-32 1.20439e-32 0)
(-2.34855e-33 -1.07973e-32 0)
(-2.36577e-32 -5.92176e-34 0)
(-5.76538e-36 -1.70368e-33 0)
(3.13044e-32 9.84405e-32 0)
(6.01874e-31 9.00731e-32 0)
(5.75445e-31 -1.93583e-31 0)
(-5.7518e-31 -1.93161e-31 0)
(-5.96954e-31 9.47036e-32 0)
(2.42477e-34 1.97356e-31 0)
(6.01894e-31 9.93008e-32 0)
(6.06549e-31 -9.4265e-32 0)
(3.13462e-32 -9.88788e-32 0)
(4.91748e-33 -4.61496e-33 0)
(2.42402e-34 -4.39873e-34 0)
(2.20053e-35 -1.91379e-35 0)
(-9.5828e-37 -3.77582e-36 0)
(-4.31869e-35 -3.68503e-35 0)
(-4.62739e-34 -8.60752e-34 0)
(-9.5935e-33 -8.79128e-33 0)
(-5.77958e-32 -1.9316e-31 0)
(-1.18197e-30 -9.00696e-32 0)
(-6.01872e-31 2.88727e-31 0)
(5.75429e-31 2.01994e-31 0)
(6.284e-31 5.25323e-33 0)
(6.1272e-31 -8.91309e-32 0)
(3.64849e-32 1.75946e-31 0)
(3.50538e-32 1.03134e-31 0)
(6.06984e-31 9.44616e-32 0)
(6.06857e-31 -9.45268e-32 0)
(3.25668e-32 -9.02256e-32 0)
(3.6654e-33 2.57144e-31 0)
(-1.00874e-33 -2.62198e-31 0)
(1.2644e-33 -8.65434e-33 0)
(5.41e-34 6.85201e-34 0)
(9.88178e-33 9.2278e-33 0)
(6.38728e-32 1.97816e-31 0)
(1.20911e-30 1.94951e-31 0)
(1.19028e-30 -2.79332e-31 0)
(-4.89961e-31 -9.50517e-32 0)
(5.5388e-31 3.47708e-31 0)
(-3.22023e-32 -2.72127e-31 0)
(-1.15685e-30 -1.2983e-32 0)
(-5.55562e-32 -8.54602e-32 0)
)
;

boundaryField
{
    leftWall
    {
        type            fixedValue;
        value           nonuniform 0();
    }
    rightWall
    {
        type            fixedValue;
        value           uniform (0 0 0);
    }
    lowerWall
    {
        type            fixedValue;
        value           uniform (0 0 0);
    }
    atmosphere
    {
        type            pressureInletOutletVelocity;
        value           nonuniform 0();
    }
    defaultFaces
    {
        type            empty;
    }
    procBoundary1to0
    {
        type            processor;
        value           nonuniform List<vector> 
44
(
(-3.57758e-44 -9.85727e-44 0)
(-1.01428e-42 -1.68843e-42 0)
(-1.82824e-41 -2.65318e-41 0)
(-2.89692e-40 -4.28167e-40 0)
(-4.81113e-39 -5.8009e-39 0)
(-6.58143e-38 -8.55475e-38 0)
(-1.01305e-36 -9.465e-37 0)
(-1.12819e-35 -1.28698e-35 0)
(-1.63369e-34 -1.03214e-34 0)
(-1.25338e-33 -1.3553e-33 0)
(-2.14409e-32 -6.39647e-33 0)
(3.54605e-33 -1.53153e-31 0)
(4.8526e-32 1.83857e-32 0)
(-1.4766e-33 1.72404e-31 0)
(-2.3975e-32 7.33005e-33 0)
(7.84721e-34 3.29605e-33 0)
(3.9479e-32 1.48461e-32 0)
(7.68432e-32 2.85783e-31 0)
(2.45948e-33 5.62823e-31 0)
(-7.67488e-32 3.03306e-31 0)
(-3.54881e-36 3.05958e-31 0)
(-3.54881e-36 3.05958e-31 0)
(-1.76504e-37 4.27403e-32 0)
(-1.78477e-38 1.74808e-33 0)
(2.06629e-39 1.49164e-34 0)
(5.42986e-38 6.10226e-36 0)
(1.42957e-36 1.63156e-36 0)
(2.19815e-35 2.93483e-35 0)
(5.54827e-34 3.29521e-34 0)
(5.98056e-33 7.33785e-33 0)
(1.42031e-31 4.76597e-32 0)
(1.36584e-31 1.02182e-30 0)
(-1.36584e-31 1.02182e-30 0)
(-1.42031e-31 4.76595e-32 0)
(-5.98089e-33 7.33321e-33 0)
(-5.67747e-34 2.82168e-34 0)
(-4.14463e-34 -1.1483e-33 0)
(-9.54561e-33 1.24958e-36 0)
(-3.92535e-34 1.17772e-33 0)
(-1.29229e-35 4.73551e-35 0)
(-3.23229e-37 4.64461e-36 0)
(-1.37333e-38 1.80006e-37 0)
(2.26947e-40 1.23071e-38 0)
(5.41324e-39 5.53456e-39 0)
)
;
    }
    procBoundary1to3
    {
        type            processor;
        value           nonuniform List<vector> 
45
(
(2.24848e-36 2.10802e-41 0)
(3.20801e-35 -2.24193e-41 0)
(6.34429e-34 -2.38838e-41 0)
(6.39407e-33 -1.87869e-42 0)
(1.26584e-31 -3.50741e-43 0)
(7.61114e-31 -1.78722e-42 0)
(2.03738e-29 -1.60642e-42 0)
(1.97319e-29 3.49009e-42 0)
(-1.97263e-29 3.47599e-42 0)
(-2.02546e-29 -1.70283e-42 0)
(5.13194e-33 -3.56498e-42 0)
(2.03743e-29 -1.7973e-42 0)
(2.04879e-29 1.69492e-42 0)
(7.61139e-31 1.78887e-42 0)
(1.19198e-31 9.40185e-44 0)
(5.13048e-33 1.04819e-44 0)
(4.65524e-34 4.80925e-46 0)
(-1.88062e-35 -8.48141e-47 0)
(-9.14885e-34 -3.67127e-45 0)
(-9.79425e-33 -1.05951e-43 0)
(-2.33285e-31 -2.47728e-42 0)
(-1.40352e-30 -5.95398e-41 0)
(-4.02193e-29 -5.88043e-40 0)
(-2.03738e-29 2.33315e-38 0)
(1.97314e-29 3.2494e-36 0)
(2.10166e-29 1.95851e-34 0)
(2.06059e-29 8.8692e-33 0)
(8.8502e-31 2.70629e-31 0)
(8.82505e-31 8.86923e-33 0)
(2.04982e-29 1.99077e-34 0)
(2.04934e-29 1.95851e-34 0)
(7.60428e-31 8.67338e-33 0)
(1.20476e-31 2.6176e-31 0)
(6.42556e-33 -2.6176e-31 0)
(2.05886e-34 -8.67333e-33 0)
(1.02223e-32 -1.8927e-34 0)
(2.38059e-31 1.97544e-34 0)
(1.52026e-30 9.09201e-33 0)
(4.08761e-29 2.77431e-31 0)
(4.04513e-29 9.28787e-33 0)
(-1.76863e-29 9.06995e-33 0)
(1.92082e-29 2.7063e-31 0)
(-7.50496e-31 8.67643e-33 0)
(-3.95775e-29 -8.48523e-33 0)
(-1.42326e-30 -2.61779e-31 0)
)
;
    }
}


// ************************************************************************* //
