/*--------------------------------*- C++ -*----------------------------------*\
| =========                 |                                                 |
| \\      /  F ield         | OpenFOAM: The Open Source CFD Toolbox           |
|  \\    /   O peration     | Version:  2.4.0                                 |
|   \\  /    A nd           | Web:      www.OpenFOAM.org                      |
|    \\/     M anipulation  |                                                 |
\*---------------------------------------------------------------------------*/
FoamFile
{
    version     2.0;
    format      ascii;
    class       volVectorField;
    location    "0.35";
    object      U;
}
// * * * * * * * * * * * * * * * * * * * * * * * * * * * * * * * * * * * * * //

dimensions      [0 1 -1 0 0 0 0];

internalField   nonuniform List<vector> 
1935
(
(2.51072e-35 4.09711e-40 0)
(2.22047e-36 -1.51893e-36 0)
(3.28936e-37 -1.51816e-37 0)
(3.69624e-38 -2.38894e-37 0)
(-1.65639e-37 -2.7897e-36 0)
(-2.13771e-35 -4.65025e-35 0)
(-8.92179e-34 -4.43994e-34 0)
(-2.71261e-32 -6.83039e-33 0)
(-5.45925e-31 -2.26816e-32 0)
(-2.65545e-32 -3.71396e-31 0)
(7.74856e-33 -1.95392e-30 0)
(-7.81044e-34 -3.99901e-29 0)
(-1.76008e-32 8.18431e-31 0)
(-4.1196e-34 4.08542e-29 0)
(8.83257e-33 2.00775e-30 0)
(5.85059e-34 3.86662e-31 0)
(-3.63334e-36 4.63041e-32 0)
(-5.82544e-34 4.06601e-31 0)
(-9.22267e-33 1.78612e-30 0)
(1.17566e-32 4.34012e-29 0)
(3.04511e-32 -5.0559e-29 0)
(-1.03549e-32 -9.63704e-29 0)
(-3.09265e-32 -3.17527e-30 0)
(1.10098e-32 4.54231e-29 0)
(3.16436e-32 -5.34259e-29 0)
(-2.15957e-32 -1.0062e-28 0)
(-2.23347e-32 4.66622e-29 0)
(8.36017e-33 8.05625e-31 0)
(-3.75553e-32 6.15077e-31 0)
(-7.71371e-31 -3.40053e-30 0)
(-3.90782e-32 -5.44789e-29 0)
(-1.30348e-32 -2.68083e-30 0)
(-8.13596e-34 -5.10674e-31 0)
(-8.44795e-35 -3.10848e-32 0)
(1.59387e-37 -6.90062e-33 0)
(8.84771e-35 -3.06492e-32 0)
(7.73319e-34 -5.32739e-31 0)
(1.21605e-32 -2.35807e-30 0)
(-1.5383e-32 -5.72148e-29 0)
(-4.01132e-32 6.61338e-29 0)
(1.27119e-32 1.27036e-28 0)
(2.76539e-32 6.67916e-30 0)
(1.77825e-33 1.27421e-30 0)
(2.85789e-34 -4.40986e-40 0)
(3.67581e-33 -4.90336e-40 0)
(3.09251e-32 -6.51033e-41 0)
(3.82655e-31 -1.13486e-41 0)
(2.48835e-35 -2.2084e-35 0)
(3.01259e-34 -2.4006e-34 0)
(2.48187e-33 -3.04156e-33 0)
(2.71823e-32 -2.3878e-32 0)
(3.46389e-36 -1.94876e-36 0)
(3.96099e-35 -2.09197e-35 0)
(2.81475e-34 -2.4895e-34 0)
(2.69239e-33 -1.90075e-33 0)
(2.62191e-37 -1.15527e-37 0)
(2.67507e-36 -2.74367e-36 0)
(1.80975e-35 -3.34208e-35 0)
(1.56282e-34 -2.31146e-34 0)
(-9.05021e-38 2.09876e-36 0)
(-1.43336e-38 2.21765e-36 0)
(1.25453e-36 -1.98176e-36 0)
(1.22112e-35 -1.5181e-35 0)
(-2.03763e-35 3.47657e-35 0)
(-5.17657e-36 3.95684e-35 0)
(-2.92032e-36 4.38769e-36 0)
(3.35198e-37 -6.1655e-37 0)
(-8.70173e-34 2.93383e-34 0)
(-1.38194e-34 3.3853e-34 0)
(-5.21482e-35 3.79824e-35 0)
(-5.55361e-36 4.83716e-36 0)
(-2.67377e-32 4.3254e-33 0)
(-2.83142e-33 4.9387e-33 0)
(-5.33745e-34 4.77677e-34 0)
(-5.0028e-35 5.99313e-35 0)
(-5.39918e-31 -2.41779e-33 0)
(-4.09962e-32 -3.0822e-34 0)
(-7.49981e-33 -2.5385e-35 0)
(-6.23212e-34 -2.34932e-36 0)
(-3.42406e-33 -3.96441e-32 0)
(-2.84486e-34 -9.022e-33 0)
(-1.91224e-34 -7.83735e-34 0)
(-2.12176e-35 -8.71124e-35 0)
(3.4616e-31 -1.79077e-31 0)
(3.22162e-32 -9.86523e-33 0)
(4.18164e-33 -3.97188e-34 0)
(3.28114e-34 -1.32218e-35 0)
(-3.09476e-32 -2.57343e-30 0)
(-3.28049e-33 -1.15261e-31 0)
(-4.42342e-34 -3.81482e-33 0)
(-3.69401e-35 -6.32517e-35 0)
(-7.07406e-31 5.39474e-32 0)
(-6.60736e-32 2.49735e-33 0)
(-8.6596e-33 8.69747e-35 0)
(-6.83527e-34 1.92028e-36 0)
(-1.69452e-32 2.63154e-30 0)
(-1.96204e-33 1.17992e-31 0)
(-2.67043e-34 3.91096e-33 0)
(-2.29472e-35 6.52984e-35 0)
(3.5476e-31 1.83709e-31 0)
(3.3092e-32 9.88223e-33 0)
(4.33095e-33 3.79086e-34 0)
(3.41462e-34 9.62324e-36 0)
(2.38725e-32 3.61203e-32 0)
(2.60829e-33 4.17776e-33 0)
(3.50989e-34 3.13257e-34 0)
(2.95331e-35 2.78213e-35 0)
(-1.50798e-34 4.92977e-33 0)
(-1.5007e-35 6.21534e-34 0)
(-2.08629e-36 5.09235e-35 0)
(-1.65632e-37 4.68284e-36 0)
(-2.35001e-32 3.75645e-32 0)
(-2.55787e-33 4.29691e-33 0)
(-3.37609e-34 3.18676e-34 0)
(-2.81677e-35 2.81328e-35 0)
(-3.69644e-31 1.62138e-31 0)
(-3.3955e-32 5.8467e-33 0)
(-4.42389e-33 2.58006e-35 0)
(-3.45976e-34 -2.50534e-35 0)
(4.73407e-31 2.71668e-30 0)
(4.51027e-32 1.16656e-31 0)
(5.93368e-33 3.58573e-33 0)
(4.72695e-34 2.7616e-35 0)
(1.22362e-30 -3.33177e-30 0)
(1.14234e-31 -1.54174e-31 0)
(1.49644e-32 -5.36755e-33 0)
(1.18071e-33 -1.19024e-34 0)
(-4.15856e-31 -6.27021e-30 0)
(-3.87966e-32 -2.83282e-31 0)
(-5.07634e-33 -9.47174e-33 0)
(-4.00199e-34 -1.64895e-34 0)
(-1.2421e-30 -2.93081e-31 0)
(-1.15808e-31 -2.15138e-32 0)
(-1.51549e-32 -1.22183e-33 0)
(-1.19458e-33 -8.23759e-35 0)
(4.41983e-31 2.81612e-30 0)
(4.1221e-32 1.1492e-31 0)
(5.38925e-33 3.10974e-33 0)
(4.24682e-34 -3.41563e-35 0)
(1.27073e-30 -3.51065e-30 0)
(1.18078e-31 -1.60007e-31 0)
(1.54474e-32 -5.4125e-33 0)
(1.21586e-33 -1.00212e-34 0)
(-8.67536e-31 -6.49154e-30 0)
(-8.0567e-32 -2.94121e-31 0)
(-1.05481e-32 -9.96225e-33 0)
(-8.30359e-34 -1.94132e-34 0)
(-8.96645e-31 2.86919e-30 0)
(-8.41746e-32 1.24452e-31 0)
(-1.10395e-32 3.98912e-33 0)
(-8.73383e-34 5.76966e-35 0)
(3.85291e-31 9.28942e-32 0)
(3.49726e-32 8.61671e-35 0)
(4.51102e-33 -3.49147e-34 0)
(3.49373e-34 -5.44216e-35 0)
(1.67929e-32 4.15278e-32 0)
(1.9519e-33 8.00362e-33 0)
(3.18841e-35 6.68738e-34 0)
(-5.04475e-36 7.98558e-35 0)
(-2.97105e-31 -2.90309e-31 0)
(-1.42416e-32 -1.52649e-32 0)
(-4.92043e-33 -5.80972e-34 0)
(-4.33397e-34 -1.50283e-35 0)
(-4.47778e-32 -3.53001e-30 0)
(-4.65687e-33 -1.68348e-31 0)
(-8.43842e-34 -6.254e-33 0)
(-7.79298e-35 -2.07876e-34 0)
(-4.73702e-31 -2.46219e-31 0)
(-4.4333e-32 -1.39281e-32 0)
(-5.85909e-33 -5.87041e-34 0)
(-4.64626e-34 -2.2686e-35 0)
(-3.20223e-32 -4.77578e-32 0)
(-3.50759e-33 -5.57409e-33 0)
(-4.76465e-34 -4.20248e-34 0)
(-4.03058e-35 -3.76797e-35 0)
(-3.71161e-33 -3.32094e-33 0)
(-4.1441e-34 -4.28005e-34 0)
(-6.27655e-35 -3.54748e-35 0)
(-5.52771e-36 -3.31419e-36 0)
(5.1235e-36 -7.44893e-34 0)
(5.49095e-37 -1.10442e-34 0)
(4.34183e-38 -9.66087e-36 0)
(2.1706e-39 -9.60029e-37 0)
(3.88444e-33 -3.26072e-33 0)
(4.30815e-34 -4.06993e-34 0)
(6.46939e-35 -3.31956e-35 0)
(5.65946e-36 -3.03519e-36 0)
(3.12257e-32 -4.91697e-32 0)
(3.40127e-33 -5.61266e-33 0)
(4.49664e-34 -4.15577e-34 0)
(3.7555e-35 -3.66376e-35 0)
(4.874e-31 -2.14064e-31 0)
(4.47776e-32 -7.75059e-33 0)
(5.83415e-33 -3.7379e-35 0)
(4.56298e-34 3.27201e-35 0)
(-6.19465e-31 -3.58202e-30 0)
(-5.9028e-32 -1.53829e-31 0)
(-7.7665e-33 -4.72821e-33 0)
(-6.18777e-34 -3.63416e-35 0)
(-1.61223e-30 4.35944e-30 0)
(-1.50586e-31 2.01997e-31 0)
(-1.97354e-32 7.05245e-33 0)
(-1.55774e-33 1.58795e-34 0)
(5.10322e-31 8.28046e-30 0)
(4.70871e-32 3.77686e-31 0)
(6.15601e-33 1.28693e-32 0)
(4.83057e-34 2.55166e-34 0)
(1.11163e-30 6.12861e-31 0)
(1.04333e-31 3.65686e-32 0)
(1.36808e-32 1.65144e-33 0)
(1.08214e-33 7.41095e-35 0)
(7.20262e-32 1.20335e-31 0)
(7.90917e-33 1.33819e-32 0)
(1.06965e-33 9.85367e-34 0)
(9.04968e-35 8.57232e-35 0)
(2.05804e-30 -8.55777e-42 0)
(3.30815e-29 -6.53236e-42 0)
(3.13725e-29 1.4844e-41 0)
(-3.13447e-29 1.47568e-41 0)
(-3.2721e-29 -7.13055e-42 0)
(2.49672e-32 -1.53638e-41 0)
(3.30839e-29 -7.80211e-42 0)
(3.34167e-29 7.04939e-42 0)
(2.06913e-30 7.72412e-42 0)
(3.60086e-31 6.75414e-43 0)
(2.49506e-32 8.84045e-44 0)
(2.66463e-33 5.6514e-45 0)
(-1.65111e-34 -1.37407e-44 0)
(-5.19307e-33 -2.68789e-43 0)
(-4.72241e-32 -5.05748e-42 0)
(-6.95384e-31 -8.08044e-41 0)
(-3.78065e-30 -1.21515e-39 0)
(-6.47862e-29 -6.28821e-39 0)
(-3.30812e-29 3.72814e-37 0)
(3.13698e-29 2.50079e-35 0)
(3.47952e-29 9.03747e-34 0)
(3.37734e-29 2.43179e-32 0)
(2.45165e-30 4.41054e-31 0)
(2.43781e-30 2.43182e-32 0)
(3.34668e-29 9.28382e-34 0)
(3.3444e-29 9.03747e-34 0)
(2.06884e-30 2.34145e-32 0)
(3.63713e-31 4.16736e-31 0)
(2.87305e-32 -4.16736e-31 0)
(4.92592e-33 -2.34137e-32 0)
(4.97689e-32 -8.53104e-34 0)
(7.18415e-31 9.01809e-34 0)
(4.12716e-30 2.49288e-32 0)
(6.65673e-29 4.52159e-31 0)
(6.54781e-29 2.58325e-32 0)
(-2.58785e-29 2.52439e-32 0)
(3.00184e-29 4.41055e-31 0)
(-2.01964e-30 2.3438e-32 0)
(-6.30758e-29 -2.25465e-32 0)
(-3.68692e-30 -4.16814e-31 0)
(1.42425e-31 -2.73946e-31 0)
(1.64183e-30 -2.35367e-31 0)
(1.5239e-30 5.33471e-31 0)
(-1.52167e-30 5.3114e-31 0)
(-1.61624e-30 -2.57134e-31 0)
(2.00514e-33 -5.5051e-31 0)
(1.64203e-30 -2.78678e-31 0)
(1.6654e-30 2.5465e-31 0)
(1.43495e-31 2.76336e-31 0)
(2.55607e-32 2.16987e-32 0)
(2.00366e-33 2.49726e-33 0)
(2.17652e-34 1.70457e-34 0)
(-1.43481e-35 4.12437e-35 0)
(-4.23504e-34 3.24434e-34 0)
(-3.78859e-33 4.82638e-33 0)
(-4.91317e-32 4.09132e-32 0)
(-2.61632e-31 5.31126e-31 0)
(-3.18906e-30 2.35265e-31 0)
(-1.64181e-30 -7.93115e-31 0)
(1.52366e-30 -5.72388e-31 0)
(1.75989e-30 -2.41216e-32 0)
(1.68732e-30 2.7325e-31 0)
(1.70855e-31 2.81663e-31 0)
(1.73111e-31 -2.52753e-31 0)
(1.66965e-30 -2.54517e-31 0)
(1.6674e-30 2.57406e-31 0)
(1.40375e-31 2.78314e-31 0)
(2.92145e-32 4.45258e-32 0)
(5.67043e-33 -2.03439e-32 0)
(-2.69979e-33 -1.96306e-33 0)
(3.73774e-33 -5.04193e-33 0)
(5.0668e-32 -4.23595e-32 0)
(2.8234e-31 -5.25891e-31 0)
(3.31274e-30 -4.50747e-32 0)
(3.24142e-30 7.77373e-31 0)
(-1.14705e-30 3.03383e-31 0)
(1.43118e-30 -1.50227e-31 0)
(-1.35938e-31 7.58868e-31 0)
(-3.06769e-30 1.90577e-32 0)
(-2.57214e-31 -4.77468e-31 0)
(6.96749e-33 -1.88069e-32 0)
(5.28837e-32 -1.57397e-32 0)
(4.83805e-32 3.64763e-32 0)
(-4.81227e-32 3.62868e-32 0)
(-5.03064e-32 -1.7475e-32 0)
(2.27659e-34 -3.78276e-32 0)
(5.29079e-32 -1.91916e-32 0)
(5.52256e-32 1.72722e-32 0)
(7.07175e-33 1.90012e-32 0)
(2.57019e-33 1.73009e-33 0)
(2.2744e-34 2.03997e-34 0)
(2.87715e-35 1.48628e-35 0)
(-1.98728e-36 3.643e-36 0)
(-5.59313e-35 2.82606e-35 0)
(-4.25949e-34 3.93344e-34 0)
(-4.91488e-33 3.25735e-33 0)
(-1.15999e-32 3.62856e-32 0)
(-1.03574e-31 1.57301e-32 0)
(-5.28788e-32 -5.41562e-32 0)
(4.83497e-32 -3.95714e-32 0)
(5.74135e-32 -1.90157e-33 0)
(5.75376e-32 1.89238e-32 0)
(9.84239e-33 2.1664e-32 0)
(9.95592e-33 -1.69424e-32 0)
(5.57007e-32 -1.72328e-32 0)
(5.54634e-32 1.75248e-32 0)
(6.86771e-33 1.93119e-32 0)
(2.83119e-33 5.60654e-33 0)
(4.90069e-34 -3.67367e-33 0)
(-1.50407e-34 -3.09067e-34 0)
(4.01359e-34 -4.34197e-34 0)
(4.83337e-33 -3.3474e-33 0)
(1.03019e-32 -3.59092e-32 0)
(1.08724e-31 -8.26276e-33 0)
(1.12194e-31 5.28916e-32 0)
(-3.21676e-32 2.1372e-32 0)
(4.64289e-32 -6.72273e-33 0)
(-6.41472e-33 5.15939e-32 0)
(-9.92652e-32 1.40782e-33 0)
(-1.51102e-32 -3.40639e-32 0)
(2.61986e-34 -2.19189e-33 0)
(1.20751e-33 -1.82906e-33 0)
(1.08876e-33 4.25855e-33 0)
(-1.07204e-33 4.23309e-33 0)
(-1.05678e-33 -2.03863e-33 0)
(1.46745e-35 -4.4164e-33 0)
(1.2091e-33 -2.24548e-33 0)
(1.34295e-33 2.01132e-33 0)
(2.68785e-34 2.21989e-33 0)
(1.50188e-34 2.08731e-34 0)
(1.46586e-35 2.74836e-35 0)
(1.95133e-36 2.08889e-36 0)
(-1.41122e-37 5.40076e-37 0)
(-3.78881e-36 3.95974e-36 0)
(-2.73544e-35 5.29104e-35 0)
(-2.85856e-34 3.90151e-34 0)
(-3.89179e-34 4.23291e-33 0)
(-2.42951e-33 1.82782e-33 0)
(-1.20713e-33 -6.32481e-33 0)
(1.08651e-33 -4.62719e-33 0)
(1.32692e-33 -2.33767e-34 0)
(1.46451e-33 2.18875e-33 0)
(4.31806e-34 2.30286e-33 0)
(4.51365e-34 -1.98763e-33 0)
(1.37452e-33 -2.00798e-33 0)
(1.3576e-33 2.04352e-33 0)
(2.44893e-34 2.24301e-33 0)
(1.79013e-34 4.5169e-34 0)
(4.35938e-35 -2.15647e-34 0)
(-2.03249e-35 -2.27376e-35 0)
(2.42203e-35 -5.49748e-35 0)
(2.75275e-34 -3.80407e-34 0)
(2.65698e-34 -4.08225e-33 0)
(2.58961e-33 3.91539e-34 0)
(2.97766e-33 6.2771e-33 0)
(-5.80383e-34 2.51601e-33 0)
(1.11968e-33 -9.85346e-34 0)
(-2.14464e-34 6.0114e-33 0)
(-2.32059e-33 1.99303e-34 0)
(-6.96481e-34 -3.76009e-33 0)
(1.24734e-35 -1.34432e-34 0)
(2.21191e-36 -1.10724e-34 0)
(9.79029e-37 2.60885e-34 0)
(4.0364e-37 2.59154e-34 0)
(9.6589e-36 -1.24513e-34 0)
(1.20372e-36 -2.71157e-34 0)
(2.34543e-36 -1.3811e-34 0)
(1.28143e-35 1.22651e-34 0)
(1.30322e-35 1.3637e-34 0)
(1.18177e-35 1.37309e-35 0)
(1.20226e-36 1.87528e-36 0)
(1.702e-37 1.49065e-37 0)
(-1.25654e-38 3.92719e-38 0)
(-3.30334e-37 2.82198e-37 0)
(-2.23326e-36 3.60389e-36 0)
(-2.24454e-35 2.55989e-35 0)
(-1.44031e-35 2.59141e-34 0)
(-1.36009e-35 1.10634e-34 0)
(-2.17329e-36 -3.87283e-34 0)
(7.89219e-37 -2.85023e-34 0)
(3.54567e-36 -1.52862e-35 0)
(2.28494e-35 1.35144e-34 0)
(2.58932e-35 1.52204e-34 0)
(2.6961e-35 -1.20135e-34 0)
(1.5368e-35 -1.22256e-34 0)
(1.40562e-35 1.25008e-34 0)
(1.16092e-35 1.387e-34 0)
(1.36179e-35 3.90794e-35 0)
(3.01146e-36 -2.34853e-35 0)
(-1.12081e-36 -2.29727e-36 0)
(1.89199e-36 -3.84588e-36 0)
(2.08436e-35 -2.45035e-35 0)
(-3.82783e-36 -2.47146e-34 0)
(1.82134e-35 3.44484e-35 0)
(6.52339e-35 3.86431e-34 0)
(1.60141e-35 1.574e-34 0)
(1.16274e-35 -4.49679e-35 0)
(-9.26189e-36 3.67726e-34 0)
(-1.41706e-35 1.29047e-35 0)
(-4.27511e-35 -2.37651e-34 0)
(5.22986e-37 -1.09324e-35 0)
(-1.26951e-36 -9.0267e-36 0)
(-1.20231e-36 2.13411e-35 0)
(1.28452e-36 2.11892e-35 0)
(1.94011e-36 -1.01806e-35 0)
(7.1654e-38 -2.21816e-35 0)
(-1.25756e-36 -1.13123e-35 0)
(-6.6689e-37 1.00173e-35 0)
(6.06292e-37 1.11599e-35 0)
(6.71137e-37 1.1437e-36 0)
(7.15608e-38 1.64397e-37 0)
(1.0385e-38 1.33457e-38 0)
(-7.88189e-40 3.60635e-39 0)
(-2.01408e-38 2.5225e-38 0)
(-1.3267e-37 3.15672e-37 0)
(-1.27148e-36 2.12415e-36 0)
(-5.50966e-37 2.1188e-35 0)
(1.88062e-36 9.02361e-36 0)
(1.26802e-36 -3.16865e-35 0)
(-1.21414e-36 -2.3338e-35 0)
(-1.32672e-36 -1.28664e-36 0)
(-1.38202e-37 1.09974e-35 0)
(1.3393e-36 1.18841e-35 0)
(1.43986e-36 -9.85188e-36 0)
(-5.118e-37 -9.98944e-36 0)
(-5.95122e-37 1.02177e-35 0)
(4.89289e-37 1.13159e-35 0)
(8.14697e-37 2.69738e-36 0)
(2.15655e-37 -1.39034e-36 0)
(-9.89401e-38 -1.52185e-37 0)
(1.05993e-37 -3.22457e-37 0)
(1.15683e-36 -1.9252e-36 0)
(-6.46386e-37 -1.96278e-35 0)
(-1.74416e-36 9.03316e-36 0)
(1.2051e-36 3.21749e-35 0)
(1.75297e-36 1.29911e-35 0)
(-4.59781e-37 -4.16087e-36 0)
(-3.44762e-37 3.00491e-35 0)
(1.73855e-36 1.15627e-36 0)
(-2.30387e-36 -1.8905e-35 0)
(-6.87516e-37 -2.49806e-37 0)
(-1.7588e-37 -4.83052e-37 0)
(-1.17142e-37 1.22655e-36 0)
(1.17572e-37 1.21539e-36 0)
(1.6518e-37 -5.83049e-37 0)
(4.86231e-39 -1.27444e-36 0)
(-1.19523e-37 -6.5072e-37 0)
(-8.01136e-38 5.73079e-37 0)
(3.69937e-38 6.41424e-37 0)
(4.48852e-38 6.8414e-38 0)
(4.85705e-39 1.00525e-38 0)
(7.22991e-40 8.39331e-40 0)
(-5.54689e-41 2.29578e-40 0)
(-1.40186e-39 1.58501e-39 0)
(-8.98635e-39 1.928e-38 0)
(-8.49673e-38 1.26848e-37 0)
(-2.97643e-38 1.21518e-36 0)
(1.93208e-37 5.1381e-37 0)
(1.20253e-37 -1.81765e-36 0)
(-1.13104e-37 -1.3436e-36 0)
(-1.27583e-37 -7.65813e-38 0)
(-4.34634e-38 6.34724e-37 0)
(8.6062e-38 7.19139e-37 0)
(9.15057e-38 -5.59723e-37 0)
(-6.96825e-38 -5.70746e-37 0)
(-7.51445e-38 5.85932e-37 0)
(3.03976e-38 6.53646e-37 0)
(5.31983e-38 1.92126e-37 0)
(1.32045e-38 -1.13724e-37 0)
(-5.37255e-39 -1.19527e-38 0)
(6.83938e-39 -1.9951e-38 0)
(7.48851e-38 -1.11931e-37 0)
(-7.41137e-38 -1.10642e-36 0)
(-1.87443e-37 6.4512e-37 0)
(3.70055e-38 1.86305e-36 0)
(1.42338e-37 7.57892e-37 0)
(-5.86883e-38 -1.8879e-37 0)
(-2.08922e-38 1.72347e-36 0)
(1.78639e-37 6.85367e-38 0)
(-1.47265e-37 -1.11029e-36 0)
(-5.48504e-36 4.32357e-36 0)
(-4.09798e-37 3.18029e-37 0)
(-3.94881e-38 1.04614e-37 0)
(4.53734e-39 8.3203e-38 0)
(9.13831e-39 -3.90948e-38 0)
(2.58259e-40 -8.56865e-38 0)
(-6.84451e-39 -4.37857e-38 0)
(-4.74474e-39 3.84877e-38 0)
(1.91964e-39 4.31384e-38 0)
(2.4004e-39 4.65565e-39 0)
(2.66822e-40 7.00878e-40 0)
(4.02028e-41 5.92127e-41 0)
(-3.13982e-42 1.63985e-41 0)
(-7.79129e-41 1.11727e-40 0)
(-4.93171e-40 1.34358e-39 0)
(-4.53703e-39 8.61562e-39 0)
(-1.47563e-39 8.16733e-38 0)
(1.11893e-38 3.44688e-38 0)
(6.88443e-39 -1.2221e-37 0)
(-6.44673e-39 -9.04017e-38 0)
(-7.34367e-39 -5.24206e-39 0)
(-2.8906e-39 4.2543e-38 0)
(4.54942e-39 4.70423e-38 0)
(4.94355e-39 -3.7685e-38 0)
(-4.16325e-39 -3.83424e-38 0)
(-4.47774e-39 3.93677e-38 0)
(1.47422e-39 4.38796e-38 0)
(2.95112e-39 1.17815e-38 0)
(8.1936e-40 -6.4294e-39 0)
(-3.7888e-40 -7.18856e-40 0)
(3.53075e-40 -1.34209e-39 0)
(3.90763e-39 -7.19073e-39 0)
(-4.71492e-39 -7.21163e-38 0)
(-1.09223e-38 6.54439e-38 0)
(1.73662e-39 1.2745e-37 0)
(7.825e-39 5.14001e-38 0)
(-3.45863e-39 -1.37425e-38 0)
(-9.36924e-40 1.15774e-37 0)
(1.04358e-38 4.8439e-39 0)
(-7.96091e-39 -7.34039e-38 0)
(-6.69278e-35 -1.61137e-37 0)
(-4.62835e-36 -1.27319e-38 0)
(-3.74629e-37 3.75913e-39 0)
(-2.32975e-38 4.33124e-39 0)
(-1.07312e-39 -2.09674e-39 0)
(-7.85167e-41 -4.59097e-39 0)
(-4.12232e-40 -2.34765e-39 0)
(-2.84752e-40 2.05589e-39 0)
(1.10752e-40 2.31165e-39 0)
(1.39835e-40 2.56035e-40 0)
(1.56836e-41 3.90112e-41 0)
(2.39136e-42 3.35676e-42 0)
(-1.88052e-43 9.36071e-43 0)
(-4.6337e-42 6.33031e-42 0)
(-2.89596e-41 7.47257e-41 0)
(-2.6417e-40 4.73355e-40 0)
(-8.38852e-41 4.37022e-39 0)
(6.66784e-40 1.83524e-39 0)
(4.0897e-40 -6.54012e-39 0)
(-3.82426e-40 -4.84983e-39 0)
(-4.36511e-40 -2.87041e-40 0)
(-1.73949e-40 2.28763e-39 0)
(2.64061e-40 2.617e-39 0)
(2.84534e-40 -2.00208e-39 0)
(-2.50451e-40 -2.04602e-39 0)
(-2.68578e-40 2.10658e-39 0)
(8.71862e-41 2.36046e-39 0)
(1.69437e-40 7.2858e-40 0)
(4.53836e-41 -4.33774e-40 0)
(-1.9733e-41 -4.74087e-41 0)
(1.95893e-41 -7.49362e-41 0)
(2.20149e-40 -3.81836e-40 0)
(-3.44965e-40 -3.77456e-39 0)
(-6.51902e-40 4.11814e-39 0)
(1.54491e-40 6.90042e-39 0)
(4.69669e-40 2.78982e-39 0)
(-2.05998e-40 -6.04612e-40 0)
(-5.61002e-41 6.19627e-39 0)
(6.19332e-40 2.64239e-40 0)
(-4.58626e-40 -3.99846e-39 0)
(-2.99222e-36 -6.12262e-36 0)
(-2.38494e-37 -4.71307e-37 0)
(-2.17222e-38 -2.89095e-38 0)
(-1.47292e-39 -1.68292e-39 0)
(-8.17217e-41 -2.32677e-40 0)
(-5.89972e-42 -2.74203e-40 0)
(-2.07703e-41 -1.37291e-40 0)
(-1.4302e-41 1.19743e-40 0)
(5.48481e-42 1.34804e-40 0)
(6.97107e-42 1.50604e-41 0)
(7.9621e-43 2.32212e-42 0)
(1.2214e-43 2.01294e-43 0)
(-9.7225e-45 5.64642e-44 0)
(-2.36583e-43 3.79454e-43 0)
(-1.46944e-42 4.44659e-42 0)
(-1.31555e-41 2.78167e-41 0)
(-4.11254e-42 2.54727e-40 0)
(3.33905e-41 1.06805e-40 0)
(2.04724e-41 -3.81274e-40 0)
(-1.91203e-41 -2.82921e-40 0)
(-2.1902e-41 -1.69387e-41 0)
(-9.00339e-42 1.3314e-40 0)
(1.31398e-41 1.50119e-40 0)
(1.43874e-41 -1.16795e-40 0)
(-1.25333e-41 -1.19207e-40 0)
(-1.34871e-41 1.22748e-40 0)
(4.10685e-42 1.37508e-40 0)
(8.68078e-42 4.03849e-41 0)
(2.51052e-42 -2.3016e-41 0)
(-1.18749e-42 -2.60833e-42 0)
(9.28999e-43 -4.32476e-42 0)
(1.06677e-41 -2.11733e-41 0)
(-1.94285e-41 -2.12922e-40 0)
(-3.26495e-41 3.05961e-40 0)
(9.66765e-42 4.09221e-40 0)
(2.34338e-41 1.64046e-40 0)
(-1.02294e-41 -3.70209e-41 0)
(-2.49059e-42 3.60991e-40 0)
(3.11857e-41 1.58722e-41 0)
(-2.31904e-41 -2.30732e-40 0)
(2.77469e-35 -3.41453e-37 0)
(1.75332e-36 -1.27934e-38 0)
(1.18986e-37 -6.80215e-40 0)
(6.87693e-39 -4.204e-41 0)
(4.1182e-40 -9.70081e-42 0)
(2.1886e-41 -1.36002e-41 0)
(1.13455e-43 -6.84895e-42 0)
(-6.8665e-43 5.96009e-42 0)
(2.87723e-43 6.72498e-42 0)
(3.6293e-43 7.64939e-43 0)
(4.17258e-44 1.18675e-43 0)
(6.43473e-45 1.0416e-44 0)
(-5.14645e-46 2.93173e-45 0)
(-1.24618e-44 1.96291e-44 0)
(-7.69605e-44 2.27125e-43 0)
(-6.84379e-43 1.41214e-42 0)
(-2.1283e-43 1.26942e-41 0)
(1.73979e-42 5.30341e-42 0)
(1.06661e-42 -1.90018e-41 0)
(-9.95646e-43 -1.41256e-41 0)
(-1.14128e-42 -8.57134e-43 0)
(-4.6637e-43 6.66126e-42 0)
(6.83416e-43 7.70284e-42 0)
(7.44655e-43 -5.78795e-42 0)
(-6.5333e-43 -5.92845e-42 0)
(-7.02824e-43 6.1175e-42 0)
(2.16595e-43 6.88084e-42 0)
(4.48158e-43 2.22842e-42 0)
(1.27299e-43 -1.34547e-42 0)
(-5.84749e-44 -1.50505e-43 0)
(4.54984e-44 -2.20315e-43 0)
(5.35451e-43 -1.03115e-42 0)
(-1.18577e-42 -1.03313e-41 0)
(-1.70107e-42 1.73747e-41 0)
(6.74445e-43 2.06656e-41 0)
(1.24182e-42 8.27774e-42 0)
(-5.28874e-43 -1.5565e-42 0)
(-1.32469e-43 1.7994e-41 0)
(1.62079e-42 8.00054e-43 0)
(-1.20079e-42 -1.16581e-41 0)
(-3.2136e-36 2.05977e-36 0)
(-2.11502e-37 2.97515e-37 0)
(-1.47102e-38 1.96972e-38 0)
(-8.76857e-40 1.22677e-39 0)
(-5.34494e-41 6.58429e-41 0)
(-2.92158e-42 2.88892e-42 0)
(-2.09661e-43 -1.78106e-43 0)
(-4.27453e-44 3.18889e-43 0)
(1.27942e-44 3.50559e-43 0)
(1.68534e-44 4.01151e-44 0)
(1.96504e-45 6.2554e-45 0)
(3.03903e-46 5.5173e-46 0)
(-2.4522e-47 1.55622e-46 0)
(-5.8849e-46 1.0395e-45 0)
(-3.62577e-45 1.19676e-44 0)
(-3.18027e-44 7.39878e-44 0)
(-9.80371e-45 6.60693e-43 0)
(8.08944e-44 2.75663e-43 0)
(4.96051e-44 -9.89061e-43 0)
(-4.62687e-44 -7.35702e-43 0)
(-5.31698e-44 -4.50003e-44 0)
(-2.21599e-44 3.46472e-43 0)
(3.17554e-44 3.97375e-43 0)
(3.50348e-44 -3.01305e-43 0)
(-3.03156e-44 -3.08435e-43 0)
(-3.27151e-44 3.18311e-43 0)
(9.63678e-45 3.58092e-43 0)
(2.12876e-44 1.1302e-43 0)
(6.39047e-45 -6.67024e-44 0)
(-3.11195e-45 -7.62948e-45 0)
(1.98395e-45 -1.12881e-44 0)
(2.40942e-44 -5.07699e-44 0)
(-6.11613e-44 -5.1892e-43 0)
(-7.90803e-44 1.07268e-42 0)
(3.72147e-44 1.09417e-42 0)
(5.79275e-44 4.34583e-43 0)
(-2.43605e-44 -8.308e-44 0)
(-5.59098e-45 9.3617e-43 0)
(7.5693e-44 4.24288e-44 0)
(-5.6508e-44 -6.03238e-43 0)
(-5.83741e-35 -6.84068e-39 0)
(-3.71301e-36 -3.92707e-39 0)
(-2.54364e-37 -2.8479e-40 0)
(-1.4803e-38 -1.83462e-41 0)
(-8.91653e-40 -1.02597e-42 0)
(-4.78175e-41 -8.81543e-44 0)
(-2.5948e-42 -1.93776e-44 0)
(-1.30523e-43 1.4262e-44 0)
(-5.76346e-45 1.62847e-44 0)
(5.02925e-46 1.88971e-45 0)
(8.00377e-47 2.95551e-46 0)
(1.39059e-47 2.62958e-47 0)
(-1.19849e-48 7.42496e-48 0)
(-2.80612e-47 4.95414e-47 0)
(-1.72593e-46 5.65319e-46 0)
(-1.50532e-45 3.48682e-45 0)
(-4.62371e-46 3.07156e-44 0)
(3.82979e-45 1.27806e-44 0)
(2.3487e-45 -4.59821e-44 0)
(-2.18984e-45 -3.42505e-44 0)
(-2.51814e-45 -2.11427e-45 0)
(-1.04598e-45 1.61603e-44 0)
(1.50304e-45 1.8897e-44 0)
(1.65438e-45 -1.39448e-44 0)
(-1.43491e-45 -1.43165e-44 0)
(-1.54878e-45 1.47991e-44 0)
(4.59065e-46 1.67021e-44 0)
(1.00424e-45 5.66289e-45 0)
(2.99339e-46 -3.47883e-45 0)
(-1.44132e-46 -3.94939e-46 0)
(8.71469e-47 -5.29065e-46 0)
(1.09613e-45 -2.27637e-45 0)
(-3.28063e-45 -2.33749e-44 0)
(-3.74343e-45 5.56792e-44 0)
(2.14482e-45 5.16034e-44 0)
(2.78766e-45 2.0433e-44 0)
(-1.14384e-45 -3.31351e-45 0)
(-2.66615e-46 4.35311e-44 0)
(3.57872e-45 1.98536e-45 0)
(-2.66949e-45 -2.83537e-44 0)
(-1.99961e-36 -2.07925e-36 0)
(-1.33323e-37 -3.03556e-37 0)
(-9.27025e-39 -2.01483e-38 0)
(-5.56182e-40 -1.25779e-39 0)
(-3.39008e-41 -6.80208e-41 0)
(-1.85749e-42 -3.69654e-42 0)
(-1.01801e-43 -1.8453e-43 0)
(-5.20899e-45 -8.42392e-45 0)
(-2.29681e-46 3.49762e-46 0)
(2.27157e-47 7.06826e-47 0)
(3.55715e-48 1.32601e-47 0)
(6.12589e-49 1.22286e-48 0)
(-5.29299e-50 3.53876e-49 0)
(-1.23289e-48 2.37112e-48 0)
(-7.58446e-48 2.69612e-47 0)
(-6.54612e-47 1.66018e-46 0)
(-1.9972e-47 1.4543e-45 0)
(1.66577e-46 6.04437e-46 0)
(1.02178e-46 -2.17716e-45 0)
(-9.52107e-47 -1.62262e-45 0)
(-1.09705e-46 -1.00733e-46 0)
(-4.62767e-47 7.65103e-46 0)
(6.53601e-47 8.9106e-46 0)
(7.26646e-47 -6.60073e-46 0)
(-6.23016e-47 -6.77589e-46 0)
(-6.74236e-47 7.00545e-46 0)
(1.92526e-47 7.90987e-46 0)
(4.44419e-47 2.65236e-46 0)
(1.38078e-47 -1.61203e-46 0)
(-6.93663e-48 -1.85642e-47 0)
(3.49461e-48 -2.45643e-47 0)
(4.59046e-47 -1.01222e-46 0)
(-1.56345e-46 -1.06407e-45 0)
(-1.62796e-46 3.0082e-45 0)
(1.06692e-46 2.48552e-45 0)
(1.2203e-46 9.75813e-46 0)
(-4.92964e-47 -1.57644e-46 0)
(-1.06431e-47 2.06046e-45 0)
(1.56223e-46 9.51079e-47 0)
(-1.17298e-46 -1.33848e-45 0)
(2.91328e-35 3.47363e-38 0)
(1.85162e-36 -1.37477e-38 0)
(1.26773e-37 -1.08696e-39 0)
(7.37379e-39 -7.09597e-41 0)
(4.43993e-40 -3.94345e-42 0)
(2.38018e-41 -2.16608e-43 0)
(1.29011e-42 -1.0962e-44 0)
(6.41183e-44 -5.15994e-46 0)
(3.17857e-45 8.02435e-48 0)
(1.48716e-46 2.7777e-48 0)
(6.92212e-48 5.68138e-49 0)
(3.20391e-49 5.34455e-50 0)
(1.0205e-50 1.56114e-50 0)
(-5.34771e-50 1.04856e-49 0)
(-3.32395e-49 1.1848e-48 0)
(-2.85513e-48 7.2971e-48 0)
(-8.68325e-49 6.32622e-47 0)
(7.2658e-48 2.62369e-47 0)
(4.45736e-48 -9.47043e-47 0)
(-4.15196e-48 -7.06599e-47 0)
(-4.78745e-48 -4.41483e-48 0)
(-2.0179e-48 3.33746e-47 0)
(2.85069e-48 3.9469e-47 0)
(3.16747e-48 -2.86069e-47 0)
(-2.71648e-48 -2.94385e-47 0)
(-2.9412e-48 3.04748e-47 0)
(8.40249e-49 3.45e-47 0)
(1.93754e-48 1.22164e-47 0)
(6.01742e-49 -7.64356e-48 0)
(-3.01952e-49 -8.76536e-49 0)
(1.38769e-49 -1.06644e-48 0)
(1.91476e-48 -4.19157e-48 0)
(-7.56252e-48 -4.46048e-47 0)
(-7.10015e-48 1.44018e-46 0)
(5.3932e-48 1.09777e-46 0)
(5.40685e-48 4.28946e-47 0)
(-2.13234e-48 -5.94019e-48 0)
(-4.61807e-49 8.96443e-47 0)
(6.81075e-48 4.15044e-48 0)
(-5.11538e-48 -5.87489e-47 0)
(2.558e-36 1.79861e-36 0)
(1.6866e-37 1.21521e-37 0)
(1.168e-38 7.0414e-39 0)
(6.95884e-40 4.23379e-40 0)
(4.2291e-41 2.26855e-41 0)
(2.3062e-42 1.22923e-42 0)
(1.25978e-43 6.10819e-44 0)
(6.34214e-45 3.02759e-45 0)
(3.16437e-46 1.41645e-46 0)
(1.48675e-47 6.59285e-48 0)
(6.89525e-49 3.0562e-49 0)
(3.09817e-50 1.4327e-50 0)
(1.18597e-51 1.17298e-51 0)
(-2.16542e-51 4.62349e-51 0)
(-1.36821e-50 5.18904e-50 0)
(-1.16572e-49 3.19869e-49 0)
(-3.52605e-50 2.75977e-48 0)
(2.96682e-49 1.14342e-48 0)
(1.8204e-49 -4.13131e-48 0)
(-1.69487e-49 -3.08406e-48 0)
(-1.95756e-49 -1.93475e-49 0)
(-8.35552e-50 1.45648e-48 0)
(1.16389e-49 1.72031e-48 0)
(1.30396e-49 -1.24719e-48 0)
(-1.10757e-49 -1.28376e-48 0)
(-1.20192e-49 1.3292e-48 0)
(3.32536e-50 1.50576e-48 0)
(8.02534e-50 5.32243e-49 0)
(2.574e-50 -3.31813e-49 0)
(-1.33391e-50 -3.84157e-50 0)
(5.10276e-51 -4.54772e-50 0)
(7.48007e-50 -1.70072e-49 0)
(-3.35132e-49 -1.86176e-48 0)
(-2.89885e-49 7.00021e-48 0)
(2.46194e-49 4.87222e-48 0)
(2.22708e-49 1.88736e-48 0)
(-8.62842e-50 -2.55581e-49 0)
(-1.74249e-50 3.90978e-48 0)
(2.78964e-49 1.82322e-49 0)
(-2.10694e-49 -2.56032e-48 0)
(-1.43578e-38 3.15726e-37 0)
(-8.99298e-40 2.15805e-38 0)
(-6.15101e-41 1.28005e-39 0)
(-3.50818e-42 7.7578e-41 0)
(-2.09789e-43 4.22531e-42 0)
(-1.10311e-44 2.30568e-43 0)
(-5.92755e-46 1.16019e-44 0)
(-2.89616e-47 5.78577e-46 0)
(-1.42041e-48 2.71288e-47 0)
(-6.24191e-50 1.25416e-48 0)
(-2.64793e-51 5.5668e-50 0)
(-7.98769e-53 2.44171e-51 0)
(-9.18573e-54 1.24527e-52 0)
(-9.03235e-53 1.93894e-52 0)
(-5.57396e-52 2.13229e-51 0)
(-4.72807e-51 1.31696e-50 0)
(-1.42601e-51 1.12703e-49 0)
(1.20331e-50 4.66152e-50 0)
(7.38421e-51 -1.68705e-49 0)
(-6.8729e-51 -1.26053e-49 0)
(-7.944e-51 -7.94378e-51 0)
(-3.39433e-51 5.96241e-50 0)
(4.7206e-51 7.13082e-50 0)
(5.29227e-51 -5.07731e-50 0)
(-4.49011e-51 -5.23737e-50 0)
(-4.8759e-51 5.42825e-50 0)
(1.34372e-51 6.16303e-50 0)
(3.26018e-51 2.27393e-50 0)
(1.04959e-51 -1.44899e-50 0)
(-5.46409e-52 -1.67388e-51 0)
(1.83173e-52 -1.83901e-51 0)
(2.88271e-51 -6.5157e-51 0)
(-1.48555e-50 -7.27997e-50 0)
(-1.17564e-50 3.11275e-49 0)
(1.12426e-50 2.02162e-49 0)
(9.17257e-51 7.78428e-50 0)
(-3.46998e-51 -9.07221e-51 0)
(-6.95521e-52 1.59687e-49 0)
(1.13156e-50 7.45193e-51 0)
(-8.55558e-51 -1.05353e-49 0)
(-2.40918e-36 1.80757e-36 0)
(-1.57998e-37 1.21809e-37 0)
(-1.08703e-38 7.03289e-39 0)
(-6.45629e-40 4.2219e-40 0)
(-3.91047e-41 2.25656e-41 0)
(-2.12897e-42 1.22123e-42 0)
(-1.16112e-43 6.05733e-44 0)
(-5.84175e-45 2.99804e-45 0)
(-2.91271e-46 1.38674e-46 0)
(-1.36305e-47 6.34543e-48 0)
(-6.28078e-49 2.74986e-49 0)
(-2.74851e-50 1.17284e-50 0)
(-1.18015e-51 4.78981e-52 0)
(-5.19867e-53 2.68408e-53 0)
(-2.35301e-53 8.73615e-53 0)
(-1.81906e-52 5.36498e-52 0)
(-5.45977e-53 4.57173e-51 0)
(4.62774e-52 1.88922e-51 0)
(2.84032e-52 -6.84303e-51 0)
(-2.64261e-52 -5.11553e-51 0)
(-3.05882e-52 -3.2331e-52 0)
(-1.32087e-52 2.42023e-51 0)
(1.81541e-52 2.89652e-51 0)
(2.04961e-52 -2.05779e-51 0)
(-1.72463e-52 -2.12373e-51 0)
(-1.87655e-52 2.2016e-51 0)
(5.02706e-53 2.50161e-51 0)
(1.26911e-52 9.26863e-52 0)
(4.19272e-53 -5.90972e-52 0)
(-2.23897e-53 -6.87244e-53 0)
(6.11726e-54 -7.27053e-53 0)
(1.05226e-52 -2.42553e-52 0)
(-6.15416e-52 -2.8077e-51 0)
(-4.52092e-52 1.38462e-50 0)
(4.76004e-52 8.34459e-51 0)
(3.56481e-52 3.18474e-51 0)
(-1.32248e-52 -3.56287e-52 0)
(-2.4811e-53 6.47648e-51 0)
(4.3636e-52 3.03358e-52 0)
(-3.31534e-52 -4.27525e-51 0)
(-2.94325e-35 -2.29335e-36 0)
(-1.86126e-36 -1.73369e-37 0)
(-1.27171e-37 -1.03937e-38 0)
(-7.37148e-39 -6.3174e-40 0)
(-4.43161e-40 -3.40536e-41 0)
(-2.36981e-41 -1.84955e-42 0)
(-1.28291e-42 -9.21885e-44 0)
(-6.3644e-44 -4.57449e-45 0)
(-3.15057e-45 -2.12382e-46 0)
(-1.45745e-46 -9.73913e-48 0)
(-6.6697e-48 -4.23279e-49 0)
(-2.89035e-49 -1.80844e-50 0)
(-1.23266e-50 -7.38842e-52 0)
(-5.02555e-52 -2.92963e-53 0)
(-2.09143e-53 2.20188e-54 0)
(-7.67798e-54 2.07268e-53 0)
(-2.09691e-54 1.75842e-52 0)
(1.7572e-53 7.25638e-53 0)
(1.07869e-53 -2.63186e-52 0)
(-1.00333e-53 -1.96895e-52 0)
(-1.16223e-53 -1.2484e-53 0)
(-5.03047e-54 9.32918e-53 0)
(6.89404e-54 1.12823e-52 0)
(7.79551e-54 -7.89343e-53 0)
(-6.54552e-54 -8.1619e-53 0)
(-7.12803e-54 8.46796e-53 0)
(1.89553e-54 9.64067e-53 0)
(4.83391e-54 3.69863e-53 0)
(1.60713e-54 -2.39898e-53 0)
(-8.64855e-55 -2.7872e-54 0)
(1.96005e-55 -2.75104e-54 0)
(3.76468e-54 -8.5931e-54 0)
(-2.52755e-53 -1.02593e-52 0)
(-1.71662e-53 5.75118e-52 0)
(1.99734e-53 3.26302e-52 0)
(1.37454e-53 1.23665e-52 0)
(-4.97851e-54 -1.18755e-53 0)
(-9.18206e-55 2.4913e-52 0)
(1.6579e-53 1.16571e-53 0)
(-1.26166e-53 -1.65523e-52 0)
(4.04583e-35 -4.65668e-36 0)
(2.58759e-36 -4.80224e-37 0)
(1.77574e-37 -3.03924e-38 0)
(1.03725e-38 -1.87345e-39 0)
(6.25681e-40 -1.00955e-40 0)
(3.36444e-41 -5.47813e-42 0)
(1.82629e-42 -2.72241e-43 0)
(9.0979e-44 -1.34869e-44 0)
(4.51378e-45 -6.24579e-46 0)
(2.09485e-46 -2.85983e-47 0)
(9.6046e-48 -1.24034e-48 0)
(4.17294e-49 -5.29212e-50 0)
(1.78252e-50 -2.15841e-51 0)
(7.2806e-52 -8.63357e-53 0)
(2.91258e-53 -3.19654e-54 0)
(8.72701e-55 6.66487e-55 0)
(-3.2455e-56 6.67364e-54 0)
(6.39991e-55 2.75346e-54 0)
(3.92012e-55 -9.99454e-54 0)
(-3.64451e-55 -7.48062e-54 0)
(-4.22701e-55 -4.75263e-55 0)
(-1.84636e-55 3.5462e-54 0)
(2.50473e-55 4.29739e-54 0)
(2.84966e-55 -2.99463e-54 0)
(-2.37538e-55 -3.09865e-54 0)
(-2.59143e-55 3.21556e-54 0)
(6.71644e-56 3.66418e-54 0)
(1.77486e-55 1.41706e-54 0)
(6.0282e-56 -9.21981e-55 0)
(-3.31233e-56 -1.07638e-55 0)
(5.7827e-57 -1.01518e-55 0)
(1.28489e-55 -2.93693e-55 0)
(-9.83237e-55 -3.6739e-54 0)
(-6.23618e-55 2.36822e-53 0)
(7.90066e-55 1.26129e-53 0)
(5.05365e-55 4.73679e-54 0)
(-1.79231e-55 -4.27815e-55 0)
(-3.09795e-56 9.46033e-54 0)
(6.03797e-55 4.43163e-55 0)
(-4.6149e-55 -6.29506e-54 0)
(1.00801e-34 3.52527e-37 0)
(6.4099e-36 2.33065e-37 0)
(4.39026e-37 1.6829e-38 0)
(2.55448e-38 1.07234e-39 0)
(1.53846e-39 5.83425e-41 0)
(8.24933e-41 3.1751e-42 0)
(4.47198e-42 1.58107e-43 0)
(2.22298e-43 7.84002e-45 0)
(1.10164e-44 3.63527e-46 0)
(5.10404e-46 1.66573e-47 0)
(2.33781e-47 7.23171e-49 0)
(1.01431e-48 3.08753e-50 0)
(4.32891e-50 1.26031e-51 0)
(1.76609e-51 5.04485e-53 0)
(7.0667e-53 1.94773e-54 0)
(2.71168e-54 1.02201e-55 0)
(9.98953e-56 2.45326e-55 0)
(2.65561e-56 1.00032e-55 0)
(1.41436e-56 -3.63119e-55 0)
(-1.30195e-56 -2.71963e-55 0)
(-1.5117e-56 -1.7317e-56 0)
(-6.62449e-57 1.29108e-55 0)
(8.95282e-57 1.57868e-55 0)
(1.02081e-56 -1.08548e-55 0)
(-8.48485e-57 -1.12514e-55 0)
(-9.26536e-57 1.16835e-55 0)
(2.37733e-57 1.33368e-55 0)
(6.36929e-57 5.31049e-56 0)
(2.18048e-57 -3.50335e-56 0)
(-1.20933e-57 -4.08965e-57 0)
(1.57672e-58 -3.60775e-57 0)
(4.27709e-57 -9.57968e-57 0)
(-3.77129e-56 -1.25542e-55 0)
(-2.22872e-56 9.23182e-55 0)
(3.07984e-56 4.66166e-55 0)
(1.83426e-56 1.73707e-55 0)
(-6.34906e-57 -1.33231e-56 0)
(-1.06894e-57 3.43771e-55 0)
(2.15987e-56 1.60644e-56 0)
(-1.65414e-56 -2.30074e-55 0)
(-3.41377e-35 4.49062e-36 0)
(-2.16955e-36 6.96487e-37 0)
(-1.48525e-37 4.65288e-38 0)
(-8.63854e-39 2.90932e-39 0)
(-5.20116e-40 1.57375e-40 0)
(-2.78817e-41 8.54904e-42 0)
(-1.51121e-42 4.25089e-43 0)
(-7.51088e-44 2.10641e-44 0)
(-3.7218e-45 9.75758e-46 0)
(-1.72419e-46 4.46854e-47 0)
(-7.89696e-48 1.93849e-48 0)
(-3.42612e-49 8.27208e-50 0)
(-1.4622e-50 3.37442e-51 0)
(-5.96537e-52 1.3501e-52 0)
(-2.38703e-53 5.19748e-54 0)
(-9.19308e-55 1.96953e-55 0)
(-3.47377e-56 1.58127e-56 0)
(-4.77348e-58 3.82417e-57 0)
(4.37198e-58 -1.29698e-56 0)
(-4.49704e-58 -9.72445e-57 0)
(-5.20801e-58 -6.20045e-58 0)
(-2.30052e-58 4.61984e-57 0)
(3.08123e-58 5.6658e-57 0)
(3.53255e-58 -3.87545e-57 0)
(-2.91701e-58 -4.02048e-57 0)
(-3.19063e-58 4.1758e-57 0)
(7.99318e-59 4.77137e-57 0)
(2.21272e-58 1.91987e-57 0)
(7.71372e-59 -1.27232e-57 0)
(-4.35412e-59 -1.49077e-58 0)
(3.7128e-60 -1.24889e-58 0)
(1.36356e-58 -2.98802e-58 0)
(-1.38287e-57 -4.18411e-57 0)
(-7.66945e-58 3.54811e-56 0)
(1.14434e-57 1.69642e-56 0)
(6.39556e-58 6.26231e-57 0)
(-2.16479e-58 -4.40419e-58 0)
(-3.41187e-59 1.2287e-56 0)
(7.44965e-58 5.73667e-58 0)
(-5.72797e-58 -8.24151e-57 0)
(-1.01913e-34 -4.69725e-36 0)
(-6.47655e-36 -3.00038e-37 0)
(-4.43404e-37 -1.71014e-38 0)
(-2.57885e-38 -1.02284e-39 0)
(-1.55273e-39 -5.47299e-41 0)
(-8.32345e-41 -2.96432e-42 0)
(-4.51138e-42 -1.47286e-43 0)
(-2.24214e-43 -7.29674e-45 0)
(-1.11101e-44 -3.37983e-46 0)
(-5.14678e-46 -1.54778e-47 0)
(-2.35722e-47 -6.71435e-49 0)
(-1.02265e-48 -2.86527e-50 0)
(-4.36433e-50 -1.16886e-51 0)
(-1.78046e-51 -4.6768e-53 0)
(-7.12419e-53 -1.80045e-54 0)
(-2.7427e-54 -6.78376e-56 0)
(-1.03398e-55 -2.17489e-57 0)
(-3.74136e-57 3.45465e-59 0)
(-1.18056e-58 -4.49703e-58 0)
(-1.97832e-59 -3.34967e-58 0)
(-1.77594e-59 -2.13863e-59 0)
(-7.81138e-60 1.593e-58 0)
(1.04093e-59 1.96921e-58 0)
(1.19658e-59 -1.33094e-58 0)
(-9.84753e-60 -1.38298e-58 0)
(-1.07824e-59 1.43717e-58 0)
(2.66821e-60 1.64477e-58 0)
(7.51034e-60 6.7863e-59 0)
(2.64141e-60 -4.54967e-59 0)
(-1.50605e-60 -5.33328e-60 0)
(6.63299e-62 -4.18115e-60 0)
(4.22027e-60 -8.86025e-60 0)
(-4.98309e-59 -1.336e-58 0)
(-2.59059e-59 1.30322e-57 0)
(4.17617e-59 5.94193e-58 0)
(2.19448e-59 2.1749e-58 0)
(-7.24591e-60 -1.26946e-59 0)
(-1.1018e-60 4.22923e-58 0)
(2.51925e-59 1.96746e-59 0)
(-1.94146e-59 -2.85174e-58 0)
(3.62067e-35 -9.0815e-36 0)
(2.30038e-36 -7.90272e-37 0)
(1.57435e-37 -4.85279e-38 0)
(9.15514e-39 -2.96692e-39 0)
(5.51131e-40 -1.59579e-40 0)
(2.95412e-41 -8.65511e-42 0)
(1.60102e-42 -4.30103e-43 0)
(7.95682e-44 -2.13077e-44 0)
(3.94263e-45 -9.86812e-46 0)
(1.82645e-46 -4.51858e-47 0)
(8.3653e-48 -1.95985e-48 0)
(3.62932e-49 -8.36237e-50 0)
(1.54895e-50 -3.41078e-51 0)
(6.31943e-52 -1.36453e-52 0)
(2.52878e-53 -5.25223e-54 0)
(9.73611e-55 -1.97969e-55 0)
(3.67066e-56 -7.20312e-57 0)
(1.33864e-57 -2.53012e-58 0)
(4.82362e-59 -2.39808e-59 0)
(1.15552e-60 -1.16173e-59 0)
(-5.19871e-61 -7.3312e-61 0)
(-2.55354e-61 5.38774e-60 0)
(3.40241e-61 6.6848e-60 0)
(3.93013e-61 -4.49058e-60 0)
(-3.21484e-61 -4.67072e-60 0)
(-3.52553e-61 4.85479e-60 0)
(8.52789e-62 5.56181e-60 0)
(2.4754e-61 2.32255e-60 0)
(8.84464e-62 -1.56544e-60 0)
(-5.12043e-62 -1.84058e-61 0)
(2.05172e-64 -1.36286e-61 0)
(1.252e-61 -2.47126e-61 0)
(-1.72796e-60 -4.14213e-60 0)
(-8.46474e-61 4.70364e-59 0)
(1.46373e-60 2.04427e-59 0)
(7.27259e-61 7.41056e-60 0)
(-2.34537e-61 -3.82397e-61 0)
(-3.32627e-62 1.42871e-59 0)
(8.24942e-61 6.62972e-61 0)
(-6.38095e-61 -9.65986e-60 0)
(1.03713e-34 2.06376e-36 0)
(6.58517e-36 3.61644e-37 0)
(4.50758e-37 2.44365e-38 0)
(2.62005e-38 1.53235e-39 0)
(1.57723e-39 8.29163e-41 0)
(8.4509e-41 4.50434e-42 0)
(4.57958e-42 2.23911e-43 0)
(2.2752e-43 1.10937e-44 0)
(1.12718e-44 5.13768e-46 0)
(5.22012e-46 2.35251e-47 0)
(2.39038e-47 1.02033e-48 0)
(1.03676e-48 4.35348e-50 0)
(4.4238e-50 1.77561e-51 0)
(1.80431e-51 7.10339e-53 0)
(7.2184e-53 2.7341e-54 0)
(2.77839e-54 1.03053e-55 0)
(1.04724e-55 3.75501e-57 0)
(3.81563e-57 1.33989e-58 0)
(1.36044e-58 4.13567e-60 0)
(4.68803e-60 -2.13409e-61 0)
(1.40656e-61 -1.85161e-62 0)
(-3.04578e-63 1.76559e-61 0)
(1.10671e-62 2.20423e-61 0)
(1.26341e-62 -1.46457e-61 0)
(-1.02915e-62 -1.52567e-61 0)
(-1.12987e-62 1.58649e-61 0)
(2.69456e-63 1.82024e-61 0)
(7.97166e-63 7.7712e-62 0)
(2.87503e-63 -5.29012e-62 0)
(-1.68162e-63 -6.2252e-63 0)
(-5.7471e-65 -4.30868e-63 0)
(3.5845e-63 -6.42373e-63 0)
(-5.87684e-62 -1.23155e-61 0)
(-2.71143e-62 1.6333e-60 0)
(5.02922e-62 6.80194e-61 0)
(2.3672e-62 2.44344e-61 0)
(-7.44227e-63 -9.99259e-63 0)
(-1.00752e-63 4.66936e-61 0)
(2.64598e-62 2.15676e-62 0)
(-2.05177e-62 -3.17262e-61 0)
(-7.08708e-35 2.87346e-36 0)
(-4.50063e-36 5.93261e-37 0)
(-3.08171e-37 4.06338e-38 0)
(-1.79147e-38 2.55653e-39 0)
(-1.07864e-39 1.38506e-40 0)
(-5.77984e-41 7.52801e-42 0)
(-3.13244e-42 3.7441e-43 0)
(-1.5563e-43 1.85563e-44 0)
(-7.71066e-45 8.59729e-46 0)
(-3.57094e-46 3.93783e-47 0)
(-1.63522e-47 1.70853e-48 0)
(-7.09226e-49 7.29201e-50 0)
(-3.02619e-50 2.9751e-51 0)
(-1.23424e-51 1.19053e-52 0)
(-4.93762e-53 4.58379e-54 0)
(-1.90043e-54 1.72817e-55 0)
(-7.16288e-56 6.29838e-57 0)
(-2.60965e-57 2.24599e-58 0)
(-9.30291e-59 7.75295e-60 0)
(-3.21731e-60 2.50991e-61 0)
(-1.09378e-61 7.89016e-63 0)
(-3.83838e-63 5.93666e-63 0)
(2.23762e-64 7.1083e-63 0)
(3.90955e-64 -4.68536e-63 0)
(-3.1983e-64 -4.88631e-63 0)
(-3.51532e-64 5.08217e-63 0)
(8.19989e-65 5.83727e-63 0)
(2.49865e-64 2.52467e-63 0)
(9.13913e-65 -1.72854e-63 0)
(-5.4181e-65 -2.03928e-64 0)
(-3.81121e-66 -1.32607e-64 0)
(9.80176e-65 -1.495e-64 0)
(-1.93258e-63 -3.53545e-63 0)
(-8.43033e-64 5.56214e-62 0)
(1.66853e-63 2.21987e-62 0)
(7.47139e-64 7.89526e-63 0)
(-2.29157e-64 -2.67732e-64 0)
(-2.87401e-65 1.49588e-62 0)
(8.2438e-64 6.88261e-64 0)
(-6.41486e-64 -1.01952e-62 0)
(-7.46255e-35 -2.77058e-36 0)
(-4.75369e-36 -3.52147e-37 0)
(-3.25843e-37 -2.2882e-38 0)
(-1.89839e-38 -1.41623e-39 0)
(-1.14417e-39 -7.61704e-41 0)
(-6.14162e-41 -4.11939e-42 0)
(-3.33172e-42 -2.03968e-43 0)
(-1.65768e-43 -1.0066e-44 0)
(-8.22051e-45 -4.6439e-46 0)
(-3.81176e-46 -2.11808e-47 0)
(-1.74704e-47 -9.15093e-49 0)
(-7.58562e-49 -3.88903e-50 0)
(-3.23947e-50 -1.57992e-51 0)
(-1.32256e-51 -6.29514e-53 0)
(-5.29534e-53 -2.41326e-54 0)
(-2.04002e-54 -9.0587e-56 0)
(-7.69525e-56 -3.28693e-57 0)
(-2.80609e-57 -1.16688e-58 0)
(-1.00112e-58 -4.01858e-60 0)
(-3.46466e-60 -1.35699e-61 0)
(-1.17295e-61 -4.45612e-63 0)
(-3.86879e-63 3.42508e-65 0)
(-1.13996e-64 2.18179e-64 0)
(8.15849e-66 -1.45565e-64 0)
(-9.85213e-66 -1.51889e-64 0)
(-1.07167e-65 1.5803e-64 0)
(2.4596e-66 1.81766e-64 0)
(7.65431e-66 8.01985e-65 0)
(2.82661e-66 -5.53888e-65 0)
(-1.69287e-66 -6.54199e-66 0)
(-1.78843e-67 -3.9661e-66 0)
(2.55919e-66 -2.92817e-66 0)
(-6.22628e-65 -9.7023e-65 0)
(-2.56784e-65 1.83117e-63 0)
(5.42087e-65 7.03135e-64 0)
(2.31344e-65 2.4769e-64 0)
(-6.91223e-66 -5.98527e-66 0)
(-8.16909e-67 4.65197e-64 0)
(2.51471e-65 2.12858e-65 0)
(-1.96197e-65 -3.18538e-64 0)
(2.93921e-35 -4.06978e-36 0)
(1.8404e-36 -2.84758e-37 0)
(1.24249e-37 -1.65001e-38 0)
(7.12674e-39 -9.72085e-40 0)
(4.23147e-40 -5.11045e-41 0)
(2.23748e-41 -2.69448e-42 0)
(1.19578e-42 -1.307e-43 0)
(5.86149e-44 -6.28166e-45 0)
(2.86321e-45 -2.82843e-46 0)
(1.30778e-46 -1.25229e-47 0)
(5.90257e-48 -5.25677e-49 0)
(2.52368e-49 -2.15973e-50 0)
(1.0609e-50 -8.48049e-52 0)
(4.26298e-52 -3.24974e-53 0)
(1.67931e-53 -1.19659e-54 0)
(6.36378e-55 -4.29141e-56 0)
(2.36032e-56 -1.48392e-57 0)
(8.46042e-58 -4.98994e-59 0)
(2.9657e-59 -1.62083e-60 0)
(1.00808e-60 -5.11203e-62 0)
(3.34986e-62 -1.55788e-63 0)
(1.08193e-63 -4.05635e-65 0)
(3.44821e-65 5.51368e-66 0)
(1.41033e-66 -4.45988e-66 0)
(-2.56632e-67 -4.62663e-66 0)
(-3.16824e-67 4.81377e-66 0)
(7.14004e-68 5.54302e-66 0)
(2.28624e-67 2.479e-66 0)
(8.55103e-68 -1.72224e-66 0)
(-5.18379e-68 -2.0388e-67 0)
(-7.19242e-69 -1.15477e-67 0)
(6.29778e-68 -3.42305e-68 0)
(-1.94635e-66 -2.54534e-66 0)
(-7.61128e-67 5.90588e-65 0)
(1.70721e-66 2.18281e-65 0)
(6.96639e-67 7.61062e-66 0)
(-2.02837e-67 -1.30011e-67 0)
(-2.19668e-68 1.41717e-65 0)
(7.46872e-67 6.45169e-67 0)
(-5.84663e-67 -9.73652e-66 0)
(-2.14493e-36 5.75249e-36 0)
(-2.01787e-37 4.68348e-37 0)
(-2.15362e-38 2.97342e-38 0)
(-1.57258e-39 2.0502e-39 0)
(-1.2226e-40 1.19496e-40 0)
(-7.73827e-42 7.22976e-42 0)
(-5.01758e-43 3.88385e-43 0)
(-2.84836e-44 2.11197e-44 0)
(-1.62138e-45 1.05157e-45 0)
(-8.39994e-47 5.2228e-47 0)
(-4.31119e-48 2.42315e-48 0)
(-2.06111e-49 1.11171e-49 0)
(-9.69486e-51 4.829e-51 0)
(-4.31133e-52 2.06355e-52 0)
(-1.87908e-53 8.42689e-54 0)
(-7.82021e-55 3.37529e-55 0)
(-3.18322e-56 1.30049e-56 0)
(-1.24578e-57 4.90654e-58 0)
(-4.764e-59 1.7892e-59 0)
(-1.76017e-60 6.38354e-61 0)
(-6.35268e-62 2.20902e-62 0)
(-2.22312e-63 7.47853e-64 0)
(-7.59921e-65 2.48143e-65 0)
(-2.51553e-66 6.6143e-67 0)
(-9.04029e-68 -1.12222e-67 0)
(-1.18251e-68 1.4346e-67 0)
(1.95713e-69 1.6456e-67 0)
(6.6742e-69 7.49461e-68 0)
(2.52133e-69 -5.24745e-68 0)
(-1.54372e-69 -6.22024e-69 0)
(-2.64645e-70 -3.2713e-69 0)
(1.43984e-69 6.03914e-70 0)
(-5.95775e-68 -6.30722e-68 0)
(-2.20954e-68 1.84796e-66 0)
(5.26256e-68 6.59405e-67 0)
(2.05673e-68 2.27607e-67 0)
(-5.8289e-69 -1.83928e-69 0)
(-5.84874e-70 4.20148e-67 0)
(2.17158e-68 1.90057e-68 0)
(-1.70461e-68 -2.89957e-67 0)
(-5.66877e-35 -9.16585e-38 0)
(-4.1386e-36 1.7655e-38 0)
(-3.65631e-37 1.43956e-39 0)
(-2.40288e-38 9.43421e-41 0)
(-1.72705e-39 5.22993e-42 0)
(-1.02997e-40 2.86591e-43 0)
(-6.39221e-42 1.44244e-44 0)
(-3.49104e-43 7.191e-46 0)
(-1.93131e-44 3.36274e-47 0)
(-9.73589e-46 1.54867e-48 0)
(-4.89573e-47 6.77198e-50 0)
(-2.29324e-48 2.90525e-51 0)
(-1.06196e-49 1.19338e-52 0)
(-4.64799e-51 4.799e-54 0)
(-2.00067e-52 1.85882e-55 0)
(-8.22034e-54 7.04094e-57 0)
(-3.31174e-55 2.58002e-58 0)
(-1.28245e-56 9.24125e-60 0)
(-4.86148e-58 3.21243e-61 0)
(-1.78024e-59 1.09154e-62 0)
(-6.37666e-61 3.60821e-64 0)
(-2.21447e-62 1.16656e-65 0)
(-7.52035e-64 3.73263e-67 0)
(-2.48281e-65 7.52004e-69 0)
(-8.01863e-67 -3.63862e-69 0)
(-2.54749e-68 4.1527e-69 0)
(-7.19278e-70 4.78251e-69 0)
(1.67082e-70 2.20861e-69 0)
(7.20584e-71 -1.55553e-69 0)
(-4.50513e-71 -1.84783e-70 0)
(-9.09871e-72 -9.02117e-71 0)
(2.9512e-71 6.63471e-71 0)
(-1.7741e-69 -1.45759e-69 0)
(-6.25388e-70 5.66159e-68 0)
(1.57701e-69 1.95165e-68 0)
(5.91832e-70 6.6655e-69 0)
(-1.63271e-70 -6.56669e-72 0)
(-1.47538e-71 1.21987e-68 0)
(6.1585e-70 5.48453e-70 0)
(-4.84994e-70 -8.44875e-69 0)
(-8.39819e-36 -5.81872e-36 0)
(-6.11524e-37 -2.60268e-37 0)
(-4.97667e-38 -1.4376e-38 0)
(-3.24832e-39 -1.06724e-39 0)
(-2.23812e-40 -6.61058e-41 0)
(-1.32639e-41 -4.3271e-42 0)
(-8.03136e-43 -2.4417e-43 0)
(-4.36373e-44 -1.39772e-44 0)
(-2.37676e-45 -7.21009e-46 0)
(-1.19326e-46 -3.7098e-47 0)
(-5.93831e-48 -1.76732e-48 0)
(-2.77269e-49 -8.31994e-50 0)
(-1.2748e-50 -3.68875e-51 0)
(-5.56556e-52 -1.60756e-52 0)
(-2.38349e-53 -6.67261e-54 0)
(-9.77415e-55 -2.71432e-55 0)
(-3.9234e-56 -1.05977e-56 0)
(-1.51702e-57 -4.04868e-58 0)
(-5.73562e-59 -1.49267e-59 0)
(-2.09794e-60 -5.38087e-61 0)
(-7.50044e-62 -1.8793e-62 0)
(-2.60254e-63 -6.41633e-64 0)
(-8.82638e-65 -2.12859e-65 0)
(-2.91227e-66 -6.90498e-67 0)
(-9.39475e-68 -2.19179e-68 0)
(-2.9608e-69 -5.5624e-70 0)
(-8.92787e-71 1.15253e-70 0)
(2.58396e-72 6.308e-71 0)
(1.96838e-72 -4.51854e-71 0)
(-1.28253e-72 -5.37405e-72 0)
(-2.97583e-73 -2.42189e-72 0)
(4.95049e-73 3.26084e-72 0)
(-5.17203e-71 -3.04541e-71 0)
(-1.73354e-71 1.68726e-69 0)
(4.625e-71 5.63218e-70 0)
(1.66924e-71 1.90349e-70 0)
(-4.47819e-72 1.41478e-72 0)
(-3.65922e-73 3.45342e-70 0)
(1.70995e-71 1.54156e-71 0)
(-1.35043e-71 -2.4023e-70 0)
(-4.00287e-35 -7.901e-37 0)
(-2.56033e-36 -4.02353e-38 0)
(-1.76895e-37 -2.30941e-39 0)
(-1.03578e-38 -1.58601e-40 0)
(-6.29045e-40 -9.5493e-42 0)
(-3.3955e-41 -5.93888e-43 0)
(-1.85569e-42 -3.28795e-44 0)
(-9.28842e-44 -1.82718e-45 0)
(-4.63977e-45 -9.30871e-47 0)
(-2.16498e-46 -4.7016e-48 0)
(-9.99431e-48 -2.22065e-49 0)
(-4.3678e-49 -1.03263e-50 0)
(-1.87867e-50 -4.55021e-52 0)
(-7.72121e-52 -1.96623e-53 0)
(-3.1136e-53 -8.12461e-55 0)
(-1.2077e-54 -3.28514e-56 0)
(-4.58825e-56 -1.27833e-57 0)
(-1.68473e-57 -4.86252e-59 0)
(-6.05378e-59 -1.78819e-60 0)
(-2.10984e-60 -6.42585e-62 0)
(-7.19341e-62 -2.24001e-63 0)
(-2.38503e-63 -7.63029e-65 0)
(-7.73589e-65 -2.52776e-66 0)
(-2.44497e-66 -8.18515e-68 0)
(-7.5609e-68 -2.58556e-69 0)
(-2.28208e-69 -7.64188e-71 0)
(-6.73622e-71 1.36329e-72 0)
(-1.80068e-72 1.72149e-72 0)
(1.48253e-75 -1.28061e-72 0)
(-3.71658e-74 -1.52477e-73 0)
(-9.34176e-75 -6.32793e-74 0)
(4.43441e-75 1.29956e-73 0)
(-1.46973e-72 -5.33698e-73 0)
(-4.69207e-73 4.92254e-71 0)
(1.32144e-72 1.59231e-71 0)
(4.59639e-73 5.32304e-72 0)
(-1.199e-73 7.71219e-74 0)
(-8.57288e-75 9.57434e-72 0)
(4.63723e-73 4.24369e-73 0)
(-3.6739e-73 -6.68504e-72 0)
(-3.52252e-36 -2.45112e-36 0)
(-2.33556e-37 -1.67083e-37 0)
(-1.63026e-38 -9.7426e-39 0)
(-9.76784e-40 -5.90699e-40 0)
(-5.97916e-41 -3.18604e-41 0)
(-3.27903e-42 -1.74042e-42 0)
(-1.80334e-43 -8.70829e-44 0)
(-9.13037e-45 -4.3489e-45 0)
(-4.58417e-46 -2.02879e-46 0)
(-2.1574e-47 -9.3642e-48 0)
(-1.00013e-48 -4.09185e-49 0)
(-4.39951e-50 -1.75983e-50 0)
(-1.89892e-51 -7.23222e-52 0)
(-7.84413e-53 -2.91632e-53 0)
(-3.17237e-54 -1.13114e-54 0)
(-1.23539e-55 -4.29741e-56 0)
(-4.70481e-57 -1.57795e-57 0)
(-1.73294e-58 -5.67026e-59 0)
(-6.23939e-60 -1.97624e-60 0)
(-2.17987e-61 -6.73829e-62 0)
(-7.44418e-63 -2.23426e-63 0)
(-2.47288e-64 -7.24738e-65 0)
(-8.03111e-66 -2.29074e-66 0)
(-2.54195e-67 -7.08457e-68 0)
(-7.86847e-69 -2.1384e-69 0)
(-2.37728e-70 -6.30803e-71 0)
(-7.02573e-72 -1.72142e-72 0)
(-1.99095e-73 -2.16801e-75 0)
(-4.21719e-75 -3.68734e-74 0)
(-1.1275e-75 -4.27132e-75 0)
(-2.84508e-76 -1.6105e-75 0)
(-1.28518e-76 4.59508e-75 0)
(-4.08902e-74 -5.83259e-75 0)
(-1.24389e-74 1.39978e-72 0)
(3.6954e-74 4.39608e-73 0)
(1.24048e-74 1.45368e-73 0)
(-3.14365e-75 3.26227e-75 0)
(-1.95388e-76 2.59196e-73 0)
(1.23149e-74 1.13975e-74 0)
(-9.78481e-75 -1.81757e-73 0)
(-5.12055e-37 -2.25534e-37 0)
(-3.46785e-38 -1.55955e-38 0)
(-2.48412e-39 -9.31818e-40 0)
(-1.50374e-40 -5.69749e-41 0)
(-9.30882e-42 -3.12313e-42 0)
(-5.12483e-43 -1.71702e-43 0)
(-2.82883e-44 -8.69133e-45 0)
(-1.43205e-45 -4.36275e-46 0)
(-7.18512e-47 -2.05283e-47 0)
(-3.372e-48 -9.51488e-49 0)
(-1.55787e-49 -4.18492e-50 0)
(-6.82107e-51 -1.80604e-51 0)
(-2.92872e-52 -7.45952e-53 0)
(-1.20254e-53 -3.01647e-54 0)
(-4.83175e-55 -1.17456e-55 0)
(-1.86839e-56 -4.47266e-57 0)
(-7.06251e-58 -1.64728e-58 0)
(-2.58108e-59 -5.93047e-60 0)
(-9.21731e-61 -2.07177e-61 0)
(-3.19318e-62 -7.07451e-63 0)
(-1.08096e-63 -2.34992e-64 0)
(-3.55885e-65 -7.63125e-66 0)
(-1.14521e-66 -2.41524e-67 0)
(-3.59098e-68 -7.47581e-69 0)
(-1.10098e-69 -2.2585e-70 0)
(-3.29418e-71 -6.67309e-72 0)
(-9.64113e-73 -1.90092e-73 0)
(-2.74699e-74 -4.12159e-75 0)
(-7.31477e-76 -1.11028e-75 0)
(-4.6908e-77 -1.18887e-76 0)
(-8.71504e-78 -3.99223e-77 0)
(-9.8919e-78 1.51174e-76 0)
(-1.11058e-75 8.17681e-77 0)
(-3.22359e-76 3.89688e-74 0)
(1.00843e-75 1.18909e-74 0)
(3.27264e-76 3.88809e-75 0)
(-8.05496e-77 1.14397e-76 0)
(-4.15424e-78 6.87263e-75 0)
(3.19768e-76 2.99805e-76 0)
(-2.54869e-76 -4.83791e-75 0)
(-7.25962e-41 -6.70147e-38 0)
(-1.5129e-41 -4.75836e-39 0)
(-2.11079e-42 -2.86859e-40 0)
(-1.69839e-43 -1.76999e-41 0)
(-1.36775e-44 -9.71918e-43 0)
(-8.86451e-46 -5.35099e-44 0)
(-5.71966e-47 -2.70258e-45 0)
(-3.24329e-48 -1.3528e-46 0)
(-1.81387e-49 -6.3349e-48 0)
(-9.28135e-51 -2.92029e-49 0)
(-4.65642e-52 -1.27597e-50 0)
(-2.1858e-53 -5.46709e-52 0)
(-1.00272e-54 -2.24028e-53 0)
(-4.36371e-56 -8.98317e-55 0)
(-1.85284e-57 -3.46689e-56 0)
(-7.53105e-59 -1.30791e-57 0)
(-2.98477e-60 -4.77076e-59 0)
(-1.13943e-61 -1.70042e-60 0)
(-4.24125e-63 -5.87972e-62 0)
(-1.52729e-64 -1.98667e-63 0)
(-5.3644e-66 -6.52856e-65 0)
(-1.82862e-67 -2.09694e-66 0)
(-6.08303e-69 -6.56318e-68 0)
(-1.96856e-70 -2.00855e-69 0)
(-6.22057e-72 -5.99871e-71 0)
(-1.91573e-73 -1.75245e-72 0)
(-5.76361e-75 -4.99539e-74 0)
(-1.66697e-76 -1.36239e-75 0)
(-3.82558e-78 -6.36195e-77 0)
(-8.07328e-79 -4.07049e-78 0)
(-2.33555e-79 -9.84788e-79 0)
(-4.22848e-79 4.6857e-78 0)
(-2.95369e-77 8.41098e-78 0)
(-8.18409e-78 1.05901e-75 0)
(2.69401e-77 3.14459e-76 0)
(8.46285e-78 1.0167e-76 0)
(-2.02144e-78 3.76189e-78 0)
(-8.38994e-80 1.78144e-76 0)
(8.133e-78 7.70372e-78 0)
(-6.50137e-78 -1.25938e-76 0)
(5.20582e-37 -2.04097e-37 0)
(3.50604e-38 -1.3909e-38 0)
(2.49703e-39 -8.24007e-40 0)
(1.50413e-40 -4.98723e-41 0)
(9.26419e-42 -2.71489e-42 0)
(5.07715e-43 -1.48063e-43 0)
(2.78952e-44 -7.44942e-45 0)
(1.4061e-45 -3.71419e-46 0)
(7.02415e-47 -1.73809e-47 0)
(3.28289e-48 -8.00852e-49 0)
(1.51037e-49 -3.50454e-50 0)
(6.58664e-51 -1.50435e-51 0)
(2.81665e-52 -6.18386e-53 0)
(1.152e-53 -2.48829e-54 0)
(4.61044e-55 -9.64497e-56 0)
(1.77595e-56 -3.65572e-57 0)
(6.68711e-58 -1.34052e-58 0)
(2.43458e-59 -4.80472e-60 0)
(8.66098e-61 -1.67139e-61 0)
(2.98913e-62 -5.68292e-63 0)
(1.00806e-63 -1.87987e-64 0)
(3.3064e-65 -6.07939e-66 0)
(1.05998e-66 -1.91627e-67 0)
(3.31132e-68 -5.90716e-69 0)
(1.01144e-69 -1.77741e-70 0)
(3.01499e-71 -5.2324e-72 0)
(8.79137e-73 -1.50518e-73 0)
(2.50463e-74 -4.23725e-75 0)
(6.98337e-76 -1.17376e-76 0)
(1.90233e-77 -3.22664e-78 0)
(5.02007e-79 -1.05467e-79 0)
(-1.6173e-81 1.36825e-79 0)
(-7.67441e-79 3.78716e-79 0)
(-2.03289e-79 2.81804e-77 0)
(7.03189e-79 8.14896e-78 0)
(2.14142e-79 2.6044e-78 0)
(-4.96192e-80 1.14296e-79 0)
(-1.50993e-81 4.52363e-78 0)
(2.02424e-79 1.93898e-79 0)
(-1.62317e-79 -3.21062e-78 0)
(3.21582e-36 -2.35155e-36 0)
(2.11047e-37 -1.58356e-37 0)
(1.45296e-38 -9.13749e-39 0)
(8.63366e-40 -5.48319e-40 0)
(5.23124e-41 -2.92957e-41 0)
(2.84883e-42 -1.58508e-42 0)
(1.55405e-43 -7.85997e-44 0)
(7.81993e-45 -3.88966e-45 0)
(3.89943e-46 -1.79882e-46 0)
(1.82495e-47 -8.23007e-48 0)
(8.40953e-49 -3.56579e-49 0)
(3.6803e-50 -1.52049e-50 0)
(1.57991e-51 -6.19651e-52 0)
(6.49481e-53 -2.47773e-53 0)
(2.61355e-54 -9.53098e-55 0)
(1.0131e-55 -3.59101e-56 0)
(3.84009e-57 -1.30776e-57 0)
(1.40818e-58 -4.66076e-59 0)
(5.04738e-60 -1.61114e-60 0)
(1.75585e-61 -5.44847e-62 0)
(5.97026e-63 -1.79185e-63 0)
(1.97496e-64 -5.7648e-65 0)
(6.38706e-66 -1.80725e-66 0)
(2.01328e-67 -5.54351e-68 0)
(6.20633e-69 -1.65947e-69 0)
(1.86746e-70 -4.86196e-71 0)
(5.49757e-72 -1.39186e-72 0)
(1.5815e-73 -3.90106e-74 0)
(4.45304e-75 -1.06939e-75 0)
(1.22635e-76 -2.8712e-77 0)
(3.30694e-78 -7.54953e-79 0)
(8.68183e-80 -1.54684e-80 0)
(-1.72907e-80 1.31415e-80 0)
(-4.8913e-81 7.32873e-79 0)
(1.79749e-80 2.06652e-79 0)
(5.31214e-81 6.52822e-80 0)
(-1.19314e-81 3.33975e-81 0)
(-2.33736e-83 1.12394e-79 0)
(4.9364e-81 4.77204e-81 0)
(-3.97011e-81 -8.01102e-80 0)
(3.88186e-35 3.00342e-36 0)
(2.45492e-36 2.27216e-37 0)
(1.67736e-37 1.36255e-38 0)
(9.72313e-39 8.28252e-40 0)
(5.84546e-40 4.46501e-41 0)
(3.12593e-41 2.42518e-42 0)
(1.69226e-42 1.20886e-43 0)
(8.39528e-44 5.99864e-45 0)
(4.15595e-45 2.78511e-46 0)
(1.92257e-46 1.27718e-47 0)
(8.79826e-48 5.551e-49 0)
(3.81281e-49 2.37167e-50 0)
(1.62608e-50 9.69019e-52 0)
(6.62781e-52 3.88138e-53 0)
(2.65046e-53 1.49622e-54 0)
(1.01964e-54 5.64588e-56 0)
(3.84198e-56 2.05979e-57 0)
(1.39924e-57 7.35083e-59 0)
(4.98693e-59 2.54496e-60 0)
(1.72394e-60 8.61679e-62 0)
(5.82997e-62 2.8376e-63 0)
(1.91732e-63 9.13915e-65 0)
(6.16838e-65 2.86844e-66 0)
(1.93374e-66 8.80724e-68 0)
(5.9313e-68 2.63921e-69 0)
(1.7755e-69 7.73933e-71 0)
(5.20166e-71 2.21762e-72 0)
(1.48904e-72 6.22058e-74 0)
(4.1732e-74 1.70662e-75 0)
(1.1439e-75 4.58529e-77 0)
(3.07089e-77 1.20583e-78 0)
(8.06903e-79 3.11756e-80 0)
(2.02863e-80 1.22196e-81 0)
(4.05828e-82 1.86872e-80 0)
(4.62248e-82 5.13695e-81 0)
(1.29357e-82 1.60348e-81 0)
(-2.80743e-83 9.28971e-83 0)
(-2.21448e-85 2.73634e-81 0)
(1.17881e-82 1.15058e-82 0)
(-9.51001e-83 -1.95826e-81 0)
(-5.29654e-35 6.14875e-36 0)
(-3.38779e-36 6.33953e-37 0)
(-2.32498e-37 4.01243e-38 0)
(-1.35815e-38 2.47351e-39 0)
(-8.19278e-40 1.33303e-40 0)
(-4.40563e-41 7.23378e-42 0)
(-2.39152e-42 3.5951e-43 0)
(-1.1914e-43 1.78109e-44 0)
(-5.91103e-45 8.24854e-46 0)
(-2.74337e-46 3.77693e-47 0)
(-1.25781e-47 1.63813e-48 0)
(-5.46493e-49 6.98945e-50 0)
(-2.33442e-50 2.85071e-51 0)
(-9.53497e-52 1.14043e-52 0)
(-3.81836e-53 4.38948e-54 0)
(-1.47149e-54 1.65445e-55 0)
(-5.55128e-56 6.02786e-57 0)
(-2.02471e-57 2.14889e-58 0)
(-7.22391e-59 7.43085e-60 0)
(-2.50033e-60 2.51346e-61 0)
(-8.46366e-62 8.26812e-63 0)
(-2.78643e-63 2.66046e-64 0)
(-8.97218e-65 8.34193e-66 0)
(-2.81531e-66 2.55904e-67 0)
(-8.642e-68 7.66148e-69 0)
(-2.58903e-69 2.24482e-70 0)
(-7.59036e-71 6.42679e-72 0)
(-2.17439e-72 1.80133e-73 0)
(-6.09785e-74 4.93799e-75 0)
(-1.67254e-75 1.32572e-76 0)
(-4.49265e-77 3.48373e-78 0)
(-1.18119e-78 8.96914e-80 0)
(-3.04363e-80 2.2745e-81 0)
(-7.70261e-82 5.21039e-82 0)
(-7.97288e-84 1.26381e-82 0)
(2.6141e-84 3.85977e-83 0)
(-6.58504e-85 2.50575e-84 0)
(2.2027e-87 6.52294e-83 0)
(2.75894e-84 2.71471e-84 0)
(-2.23245e-84 -4.68802e-83 0)
(-1.33029e-34 -2.471e-37 0)
(-8.46142e-36 -2.90152e-37 0)
(-5.79642e-37 -2.11403e-38 0)
(-3.3732e-38 -1.34983e-39 0)
(-2.03177e-39 -7.34393e-41 0)
(-1.08957e-40 -3.99641e-42 0)
(-5.90696e-42 -1.98927e-43 0)
(-2.93651e-43 -9.86208e-45 0)
(-1.45531e-44 -4.57123e-46 0)
(-6.74291e-46 -2.09415e-47 0)
(-3.08853e-47 -9.0888e-49 0)
(-1.34007e-48 -3.87956e-50 0)
(-5.71924e-50 -1.58317e-51 0)
(-2.33334e-51 -6.3358e-53 0)
(-9.33661e-53 -2.43974e-54 0)
(-3.59451e-54 -9.19863e-56 0)
(-1.35506e-55 -3.35274e-57 0)
(-4.93805e-57 -1.19557e-58 0)
(-1.76065e-58 -4.13563e-60 0)
(-6.0893e-60 -1.39922e-61 0)
(-2.05995e-61 -4.60411e-63 0)
(-6.77719e-63 -1.48182e-64 0)
(-2.18095e-64 -4.64744e-66 0)
(-6.83917e-66 -1.42599e-67 0)
(-2.09823e-67 -4.2702e-69 0)
(-6.28246e-69 -1.25141e-70 0)
(-1.8409e-70 -3.58343e-72 0)
(-5.27081e-72 -1.00456e-73 0)
(-1.47742e-73 -2.75428e-75 0)
(-4.05032e-75 -7.39573e-77 0)
(-1.08746e-76 -1.94376e-78 0)
(-2.85778e-78 -5.00495e-80 0)
(-7.35773e-80 -1.26179e-81 0)
(-1.85535e-81 -1.9839e-83 0)
(-4.55849e-83 2.22818e-84 0)
(-1.03849e-84 8.91221e-85 0)
(-4.0981e-86 6.46936e-86 0)
(-3.75679e-88 1.52405e-84 0)
(6.32504e-86 6.27617e-86 0)
(-5.13504e-86 -1.09986e-84 0)
(4.11918e-35 -3.40348e-36 0)
(2.6107e-36 -7.46335e-37 0)
(1.78636e-37 -5.13848e-38 0)
(1.03703e-38 -3.23735e-39 0)
(6.24026e-40 -1.75506e-40 0)
(3.34043e-41 -9.54074e-42 0)
(1.80947e-42 -4.7463e-43 0)
(8.983e-44 -2.35245e-44 0)
(4.44866e-45 -1.09006e-45 0)
(2.05895e-46 -4.99281e-47 0)
(9.42475e-48 -2.1664e-48 0)
(4.08556e-49 -9.24589e-50 0)
(1.74266e-50 -3.77231e-51 0)
(7.10433e-52 -1.50947e-52 0)
(2.84122e-53 -5.81157e-54 0)
(1.09313e-54 -2.1909e-55 0)
(4.11891e-56 -7.98432e-57 0)
(1.50014e-57 -2.84687e-58 0)
(5.3463e-59 -9.84651e-60 0)
(1.84812e-60 -3.33109e-61 0)
(6.2494e-62 -1.09597e-62 0)
(2.05511e-63 -3.52707e-64 0)
(6.61092e-65 -1.1061e-65 0)
(2.07224e-66 -3.39361e-67 0)
(6.35525e-68 -1.01615e-68 0)
(1.90214e-69 -2.97769e-70 0)
(5.5718e-71 -8.52604e-72 0)
(1.59474e-72 -2.38998e-73 0)
(4.46863e-74 -6.55241e-75 0)
(1.22466e-75 -1.75933e-76 0)
(3.28706e-77 -4.62364e-78 0)
(8.63549e-79 -1.19047e-79 0)
(2.22265e-80 -3.00198e-81 0)
(5.60289e-82 -7.39187e-83 0)
(1.38484e-83 -1.72686e-84 0)
(3.36742e-85 -2.1654e-86 0)
(7.62922e-87 6.54151e-88 0)
(1.94373e-88 3.48631e-86 0)
(1.42641e-87 1.42025e-87 0)
(-1.15776e-87 -2.52835e-86 0)
(9.24389e-35 3.02512e-36 0)
(5.8871e-36 1.55941e-37 0)
(4.03412e-37 8.17924e-39 0)
(2.3497e-38 4.75296e-40 0)
(1.41572e-39 2.50862e-41 0)
(7.59697e-41 1.35164e-42 0)
(4.11982e-42 6.67489e-44 0)
(2.04915e-43 3.29613e-45 0)
(1.01582e-44 1.51961e-46 0)
(4.70868e-46 6.93888e-48 0)
(2.15735e-47 2.99823e-49 0)
(9.36388e-49 1.27601e-50 0)
(3.99741e-50 5.18749e-52 0)
(1.6314e-51 2.07036e-53 0)
(6.52947e-53 7.94608e-55 0)
(2.51453e-54 2.98835e-56 0)
(9.48153e-56 1.086e-57 0)
(3.45614e-57 3.86345e-59 0)
(1.23255e-58 1.33288e-60 0)
(4.26392e-60 4.49948e-62 0)
(1.44276e-61 1.47696e-63 0)
(4.74775e-63 4.74348e-65 0)
(1.52818e-64 1.48436e-66 0)
(4.79325e-66 4.54534e-68 0)
(1.47085e-67 1.35827e-69 0)
(4.4049e-69 3.97284e-71 0)
(1.29099e-70 1.13538e-72 0)
(3.69707e-72 3.17698e-74 0)
(1.0365e-73 8.69432e-76 0)
(2.84209e-75 2.33043e-77 0)
(7.63212e-77 6.11393e-79 0)
(2.00605e-78 1.57157e-80 0)
(5.16576e-80 3.95642e-82 0)
(1.30281e-81 9.76836e-84 0)
(3.22016e-83 2.37622e-85 0)
(7.79942e-85 6.07007e-87 0)
(1.85107e-86 1.70403e-88 0)
(4.31303e-88 7.85839e-88 0)
(4.11743e-89 3.15871e-89 0)
(-2.53697e-89 -5.69772e-88 0)
(7.86336e-36 5.48422e-36 0)
(5.20665e-37 3.6759e-37 0)
(3.61392e-38 2.12036e-38 0)
(2.1597e-39 1.26972e-39 0)
(1.31477e-40 6.78304e-41 0)
(7.18622e-42 3.66491e-42 0)
(3.93113e-43 1.81688e-43 0)
(1.98276e-44 8.98147e-45 0)
(9.90355e-46 4.15217e-46 0)
(4.64165e-47 1.89804e-47 0)
(2.1409e-48 8.22023e-49 0)
(9.3771e-50 3.5025e-50 0)
(4.02724e-51 1.42676e-51 0)
(1.65619e-52 5.70113e-53 0)
(6.66523e-54 2.19203e-54 0)
(2.58382e-55 8.25373e-56 0)
(9.7923e-57 3.0044e-57 0)
(3.59025e-58 1.07011e-58 0)
(1.28642e-59 3.69739e-60 0)
(4.47353e-61 1.24966e-61 0)
(1.52036e-62 4.10779e-63 0)
(5.02688e-64 1.32086e-64 0)
(1.62475e-65 4.13884e-66 0)
(5.11836e-67 1.26887e-67 0)
(1.57678e-68 3.79655e-69 0)
(4.74127e-70 1.11175e-70 0)
(1.39476e-71 3.18112e-72 0)
(4.00939e-73 8.91147e-74 0)
(1.12805e-74 2.44166e-75 0)
(3.10421e-76 6.55199e-77 0)
(8.36435e-78 1.72091e-78 0)
(2.20599e-79 4.42846e-80 0)
(5.69915e-81 1.11612e-81 0)
(1.44201e-82 2.75692e-83 0)
(3.57537e-84 6.67328e-85 0)
(8.68645e-86 1.5845e-86 0)
(2.06855e-87 3.69316e-88 0)
(4.83024e-89 2.59939e-89 0)
(1.77486e-90 8.88233e-91 0)
(-5.15128e-91 -1.27809e-89 0)
)
;

boundaryField
{
    leftWall
    {
        type            fixedValue;
        value           nonuniform 0();
    }
    rightWall
    {
        type            fixedValue;
        value           uniform (0 0 0);
    }
    lowerWall
    {
        type            fixedValue;
        value           nonuniform 0();
    }
    atmosphere
    {
        type            pressureInletOutletVelocity;
        value           nonuniform List<vector> 
45
(
(1.77825e-33 1.27421e-30 0)
(7.20262e-32 1.20335e-31 0)
(7.90917e-33 1.33819e-32 0)
(1.06965e-33 9.85367e-34 0)
(9.04968e-35 8.57232e-35 0)
(7.86336e-36 5.48422e-36 0)
(5.20665e-37 3.6759e-37 0)
(3.61392e-38 2.12036e-38 0)
(2.1597e-39 1.26972e-39 0)
(1.31477e-40 6.78304e-41 0)
(7.18622e-42 3.66491e-42 0)
(3.93113e-43 1.81688e-43 0)
(1.98276e-44 8.98147e-45 0)
(9.90355e-46 4.15217e-46 0)
(4.64165e-47 1.89804e-47 0)
(2.1409e-48 8.22023e-49 0)
(9.3771e-50 3.5025e-50 0)
(4.02724e-51 1.42676e-51 0)
(1.65619e-52 5.70113e-53 0)
(6.66523e-54 2.19203e-54 0)
(2.58382e-55 8.25373e-56 0)
(9.7923e-57 3.0044e-57 0)
(3.59025e-58 1.07011e-58 0)
(1.28642e-59 3.69739e-60 0)
(4.47353e-61 1.24966e-61 0)
(1.52036e-62 4.10779e-63 0)
(5.02688e-64 1.32086e-64 0)
(1.62475e-65 4.13884e-66 0)
(5.11836e-67 1.26887e-67 0)
(1.57678e-68 3.79655e-69 0)
(4.74127e-70 1.11175e-70 0)
(1.39476e-71 3.18112e-72 0)
(4.00939e-73 8.91147e-74 0)
(1.12805e-74 2.44166e-75 0)
(3.10421e-76 6.55199e-77 0)
(8.36435e-78 1.72091e-78 0)
(2.20599e-79 4.42846e-80 0)
(5.69915e-81 1.11612e-81 0)
(1.44201e-82 2.75692e-83 0)
(3.57537e-84 6.67328e-85 0)
(8.68645e-86 1.5845e-86 0)
(2.06855e-87 3.69316e-88 0)
(4.83024e-89 2.59939e-89 0)
(1.77486e-90 8.88233e-91 0)
(0 -1.27809e-89 0)
)
;
    }
    defaultFaces
    {
        type            empty;
    }
    procBoundary3to1
    {
        type            processor;
        value           nonuniform List<vector> 
45
(
(2.22138e-36 1.52488e-36 0)
(2.48844e-35 2.20775e-35 0)
(3.01259e-34 2.40053e-34 0)
(2.48187e-33 3.04156e-33 0)
(2.71823e-32 2.3878e-32 0)
(1.42425e-31 2.73946e-31 0)
(1.64183e-30 2.35367e-31 0)
(1.5239e-30 -5.33471e-31 0)
(-1.52167e-30 -5.3114e-31 0)
(-1.61624e-30 2.57134e-31 0)
(2.00514e-33 5.5051e-31 0)
(1.64203e-30 2.78678e-31 0)
(1.6654e-30 -2.5465e-31 0)
(1.43495e-31 -2.76336e-31 0)
(2.55607e-32 -2.16987e-32 0)
(2.00366e-33 -2.49726e-33 0)
(2.17652e-34 -1.70457e-34 0)
(-1.43481e-35 -4.12437e-35 0)
(-4.23504e-34 -3.24434e-34 0)
(-3.78859e-33 -4.82638e-33 0)
(-4.91317e-32 -4.09132e-32 0)
(-2.61632e-31 -5.31126e-31 0)
(-3.18906e-30 -2.35265e-31 0)
(-1.64181e-30 7.93115e-31 0)
(1.52372e-30 5.72417e-31 0)
(1.76043e-30 2.51276e-32 0)
(1.69436e-30 -2.47034e-31 0)
(1.70855e-31 1.84102e-31 0)
(1.66078e-31 2.78969e-31 0)
(1.66918e-30 2.55552e-31 0)
(1.6678e-30 -2.564e-31 0)
(1.46874e-31 -2.53103e-31 0)
(2.21772e-32 3.95024e-31 0)
(-1.36619e-33 -4.19206e-31 0)
(3.80851e-33 -2.32458e-32 0)
(4.27246e-33 4.09518e-33 0)
(5.12751e-32 4.33621e-32 0)
(2.89562e-31 5.52765e-31 0)
(3.3128e-30 5.22571e-31 0)
(3.23473e-30 -7.49493e-31 0)
(-1.14057e-30 -2.76137e-31 0)
(1.43105e-30 6.15993e-31 0)
(-1.4341e-31 -7.3363e-31 0)
(-3.07462e-30 -4.32814e-32 0)
(-2.44647e-31 3.7889e-32 0)
)
;
    }
    procBoundary3to2
    {
        type            processor;
        value           nonuniform List<vector> 
43
(
(1.69609e-36 4.68711e-40 0)
(1.55403e-37 -1.10255e-37 0)
(2.27127e-38 -2.14651e-38 0)
(-1.17364e-38 -1.98125e-37 0)
(-2.83216e-37 -2.41608e-36 0)
(-5.57546e-36 -3.94051e-35 0)
(-1.40475e-34 -3.42223e-34 0)
(-2.75259e-33 -5.00012e-33 0)
(-4.01022e-32 -2.23513e-33 0)
(-2.55752e-32 -2.76417e-32 0)
(-3.39542e-31 -1.65662e-31 0)
(3.02635e-32 -2.38613e-30 0)
(6.91854e-31 5.0029e-32 0)
(1.65941e-32 2.44008e-30 0)
(-3.46962e-31 1.70571e-31 0)
(-2.33696e-32 3.33827e-32 0)
(1.4746e-34 4.55775e-33 0)
(2.30097e-32 3.47171e-32 0)
(3.61494e-31 1.50739e-31 0)
(-4.63049e-31 2.51889e-30 0)
(-1.19672e-30 -3.08951e-30 0)
(4.06716e-31 -5.81427e-30 0)
(1.2148e-30 -2.7173e-31 0)
(-4.32272e-31 2.61134e-30 0)
(-1.24277e-30 -3.2555e-30 0)
(8.48436e-31 -6.01911e-30 0)
(8.76925e-31 2.65977e-30 0)
(-3.7819e-31 8.58305e-32 0)
(-5.79501e-32 2.55909e-32 0)
(-5.24568e-31 -2.6948e-31 0)
(2.32565e-33 -3.26011e-30 0)
(4.61865e-31 -2.27717e-31 0)
(3.13105e-32 -4.40355e-32 0)
(3.6281e-33 -3.0637e-33 0)
(-5.02618e-36 -6.87129e-34 0)
(-3.79769e-33 -3.01489e-33 0)
(-3.05735e-32 -4.5443e-32 0)
(-4.76655e-31 -1.99011e-31 0)
(6.05913e-31 -3.32123e-30 0)
(1.57679e-30 4.04244e-30 0)
(-4.9907e-31 7.67819e-30 0)
(-1.08723e-30 5.68789e-31 0)
(-7.0525e-32 1.11263e-31 0)
)
;
    }
}


// ************************************************************************* //
