/*--------------------------------*- C++ -*----------------------------------*\
| =========                 |                                                 |
| \\      /  F ield         | OpenFOAM: The Open Source CFD Toolbox           |
|  \\    /   O peration     | Version:  2.4.0                                 |
|   \\  /    A nd           | Web:      www.OpenFOAM.org                      |
|    \\/     M anipulation  |                                                 |
\*---------------------------------------------------------------------------*/
FoamFile
{
    version     2.0;
    format      ascii;
    class       surfaceScalarField;
    location    "0.35";
    object      phi;
}
// * * * * * * * * * * * * * * * * * * * * * * * * * * * * * * * * * * * * * //

dimensions      [0 3 -1 0 0 0 0];

internalField   nonuniform List<scalar> 
3731
(
1.70881e-46
-5.16176e-44
-4.52269e-45
2.43421e-45
-6.04322e-43
-5.2628e-44
3.03085e-44
-6.94899e-42
-5.97554e-43
3.49099e-43
-7.20575e-41
-6.16912e-42
3.96554e-42
-7.53066e-40
-6.3372e-41
4.01125e-41
-6.65736e-39
-5.60648e-40
4.1273e-40
-6.34691e-38
-5.19347e-39
3.46853e-39
-4.39988e-37
-3.6569e-38
3.20798e-38
-4.01114e-36
-3.11623e-37
1.85985e-37
-1.68596e-35
-1.39523e-36
-9.25161e-40
-1.15158e-41
-6.01745e-39
-9.519e-41
-8.29924e-39
-1.28378e-39
-3.54521e-37
-1.11393e-39
2.3568e-49
2.50505e-39
3.54521e-37
2.50505e-39
8.29924e-39
-1.11393e-39
6.01769e-39
-1.28377e-39
9.24257e-40
-9.51958e-41
6.305e-41
-1.1321e-41
6.42583e-42
-7.58195e-43
3.89075e-43
-6.4726e-44
-3.89084e-43
-8.01791e-45
-6.42597e-42
-6.4727e-44
-6.30521e-41
-7.58211e-43
-9.24291e-40
-1.13213e-41
-6.01812e-39
-9.51999e-41
-8.3057e-39
-1.28384e-39
-3.54585e-37
-1.11469e-39
-9.30719e-40
2.49366e-39
3.4844e-37
2.40909e-39
-9.30719e-40
-2.40909e-39
-3.54585e-37
-2.49366e-39
-8.3057e-39
1.11469e-39
-6.01812e-39
1.28384e-39
-9.24293e-40
9.51999e-41
-6.30864e-41
1.1321e-41
-6.85308e-42
7.54171e-43
-6.88303e-42
-2.65294e-46
-6.34752e-41
-7.57913e-43
-9.30296e-40
-1.13814e-41
-6.0747e-39
-9.58933e-41
-9.16648e-39
-1.2944e-39
-3.59672e-37
-1.1985e-39
-3.14879e-39
1.30584e-39
3.14876e-39
2.59032e-39
3.59672e-37
1.30584e-39
9.16038e-39
-1.19856e-39
6.03802e-39
-1.29489e-39
-1.02209e-40
-1.34193e-40
1.16576e-41
-9.10309e-40
1.16113e-40
-1.04381e-38
1.53338e-39
-1.86362e-38
1.32482e-39
3.5029e-48
-2.98837e-39
1.86362e-38
-2.98837e-39
1.04381e-38
1.32482e-39
9.10359e-40
1.53338e-39
1.34264e-40
1.1616e-40
1.03491e-41
1.3076e-41
1.04505e-42
8.62131e-43
6.7301e-44
7.09489e-44
-6.73026e-44
8.64608e-45
-1.04508e-42
7.09499e-44
-1.03495e-41
8.62147e-43
-1.3427e-40
1.30763e-41
-9.10433e-40
1.16164e-40
-1.04391e-38
1.53345e-39
-1.86466e-38
1.32568e-39
-1.35316e-40
-2.97522e-39
1.77154e-38
-2.87134e-39
-1.35316e-40
2.87134e-39
-1.86466e-38
2.97522e-39
-1.04391e-38
-1.32568e-39
-9.10433e-40
-1.53345e-39
-1.34271e-40
-1.16164e-40
-1.03554e-41
-1.3076e-41
-1.11899e-42
-8.57792e-43
-1.12415e-42
2.79956e-46
-1.04227e-41
8.61833e-43
-1.35243e-40
1.31423e-41
-9.19731e-40
1.16956e-40
-1.0563e-38
1.54566e-39
-1.94217e-38
1.4287e-39
-9.65261e-39
-1.55887e-39
9.65261e-39
-3.09305e-39
1.94216e-38
-1.55887e-39
1.05618e-38
1.42874e-39
9.12034e-40
1.54529e-39
9.37434e-41
-2.13492e-41
1.94521e-42
-9.49266e-41
1.91263e-41
-7.70414e-40
2.13979e-40
-1.333e-39
1.79678e-40
-1.46763e-48
-4.1516e-40
1.333e-39
-4.1516e-40
7.70414e-40
1.79678e-40
9.49278e-41
2.13979e-40
2.12643e-41
1.91344e-41
1.85823e-42
2.19943e-42
2.14273e-43
1.55778e-43
1.45373e-44
1.29791e-44
-1.45377e-44
1.64784e-45
-2.14279e-43
1.29793e-44
-1.85832e-42
1.55781e-43
-2.12657e-41
2.19949e-42
-9.49438e-41
1.91352e-41
-7.7063e-40
2.13992e-40
-1.33487e-39
1.79834e-40
-2.148e-41
-4.12948e-40
1.23619e-39
-3.95869e-40
-2.148e-41
3.95869e-40
-1.33487e-39
4.12948e-40
-7.7063e-40
-1.79834e-40
-9.49438e-41
-2.13992e-40
-2.12658e-41
-1.91352e-41
-1.85968e-42
-2.19943e-42
-2.30342e-43
-1.54951e-43
-2.31523e-43
5.37927e-47
-1.87421e-42
1.55721e-43
-2.14641e-41
2.21152e-42
-9.65863e-41
1.9278e-41
-7.9002e-40
2.16035e-40
-1.40832e-39
1.96756e-40
-6.95092e-40
-2.1826e-40
6.95091e-40
-4.32383e-40
1.40831e-39
-2.18259e-40
7.89971e-40
1.96763e-40
9.63092e-41
2.15971e-40
1.54001e-41
-2.21725e-42
3.76427e-43
-7.36482e-42
3.36652e-42
-4.33382e-41
3.58464e-41
-7.24719e-41
2.9875e-41
-2.98985e-49
-6.95515e-41
7.24719e-41
-6.95515e-41
4.33381e-41
2.9875e-41
7.36451e-42
3.58465e-41
2.20304e-42
3.36878e-42
2.13382e-43
4.26699e-43
2.61432e-44
3.16438e-44
1.85951e-45
2.77411e-45
-1.85957e-45
3.6206e-46
-2.6144e-44
2.77416e-45
-2.13394e-43
3.16446e-44
-2.20322e-42
4.26712e-43
-7.36656e-42
3.36896e-42
-4.33644e-41
3.58492e-41
-7.26873e-41
2.99068e-41
-2.22938e-42
-6.9122e-41
6.48919e-41
-6.61509e-41
-2.22938e-42
6.61509e-41
-7.26873e-41
6.9122e-41
-4.33644e-41
-2.99068e-41
-7.36656e-42
-3.58492e-41
-2.20323e-42
-3.36896e-42
-2.13574e-43
-4.26699e-43
-2.82049e-44
-3.14621e-44
-2.83596e-44
1.21179e-47
-2.15432e-43
3.16309e-44
-2.22734e-42
4.29278e-43
-7.55361e-42
3.39783e-42
-4.5352e-41
3.62441e-41
-7.78224e-41
3.28461e-41
-3.79875e-41
-3.66762e-41
3.79875e-41
-7.25518e-41
7.78226e-41
-3.66761e-41
4.5355e-41
3.28464e-41
7.57671e-42
3.62244e-41
2.67117e-42
-2.49314e-43
4.61426e-44
-5.85271e-43
3.95891e-43
-1.80399e-42
3.94702e-42
-2.73005e-42
3.24853e-42
-6.48581e-50
-7.64884e-42
2.73005e-42
-7.64884e-42
1.80398e-42
3.24853e-42
5.85153e-43
3.94702e-42
2.46752e-43
3.96219e-43
2.55632e-44
5.25928e-44
3.34295e-45
4.08268e-45
2.44774e-46
3.67148e-46
-2.44782e-46
4.92937e-47
-3.34307e-45
3.67154e-46
-2.55649e-44
4.08279e-45
-2.46776e-43
5.25946e-44
-5.85423e-43
3.96244e-43
-1.80735e-42
3.94739e-42
-2.75589e-42
3.25263e-42
-2.50121e-43
-7.59588e-42
2.11906e-42
-7.24851e-42
-2.50121e-43
7.24851e-42
-2.75589e-42
7.59588e-42
-1.80735e-42
-3.25263e-42
-5.85423e-43
-3.94739e-42
-2.46778e-43
-3.96244e-43
-2.55893e-44
-5.25928e-44
-3.61523e-45
-4.05793e-45
-3.63619e-45
1.67196e-48
-2.58338e-44
4.08089e-45
-2.49852e-43
5.29334e-44
-6.07618e-43
3.99959e-43
-2.02826e-42
3.99588e-42
-3.09092e-42
3.59589e-42
-1.44311e-42
-4.04918e-42
1.44312e-42
-7.99997e-42
3.09103e-42
-4.04918e-42
2.02991e-42
3.59587e-42
6.18334e-43
3.99289e-42
3.10752e-43
-2.36367e-44
5.83951e-45
-4.47488e-44
4.72528e-44
-4.72191e-44
4.57897e-43
-4.27076e-44
3.75026e-43
-7.99142e-51
-8.87448e-43
4.27075e-44
-8.87448e-43
4.7217e-44
3.75027e-43
4.47315e-44
4.57901e-43
2.33332e-44
4.73261e-44
2.55242e-45
6.61414e-45
3.46287e-46
5.27962e-46
2.60736e-47
4.8777e-47
-2.60744e-47
6.66438e-48
-3.463e-46
4.8778e-47
-2.55261e-45
5.27977e-46
-2.33358e-44
6.61438e-45
-4.47604e-44
4.73294e-44
-4.75661e-44
4.5795e-43
-4.52888e-44
3.75558e-43
-2.36823e-44
-8.80785e-43
-4.60537e-45
-8.39591e-43
-2.36823e-44
8.39591e-43
-4.52888e-44
8.80785e-43
-4.75661e-44
-3.75558e-43
-4.47604e-44
-4.5795e-43
-2.3336e-44
-4.73294e-44
-2.55526e-45
-6.61414e-45
-3.75355e-46
-5.24616e-46
-3.77624e-46
2.29085e-49
-2.58131e-45
5.27717e-46
-2.36536e-44
6.65932e-45
-4.69637e-44
4.78086e-44
-6.8318e-44
4.64033e-43
-6.6338e-44
4.16221e-43
-2.35864e-44
-4.70741e-43
2.35875e-44
-9.29128e-43
6.63556e-44
-4.70742e-43
6.85585e-44
4.16205e-43
4.84601e-44
4.63577e-43
3.66513e-44
-2.2827e-45
2.04851e-45
-3.81424e-45
4.4081e-45
1.21458e-45
4.43639e-44
5.89016e-45
3.60959e-44
8.4761e-51
-8.59991e-44
-5.89008e-45
-8.5999e-44
-1.21384e-45
3.60987e-44
3.80991e-45
4.43956e-44
2.26186e-45
4.75701e-45
2.55001e-46
6.85756e-46
3.56336e-47
5.6287e-47
2.72867e-48
5.29111e-48
-2.72877e-48
7.36109e-49
-3.5635e-47
5.29121e-48
-2.55021e-46
5.62887e-47
-2.26214e-45
6.85783e-46
-3.81294e-45
4.75738e-45
1.17791e-45
4.44009e-44
5.63205e-45
3.61553e-44
-2.29779e-45
-8.53079e-44
-9.95802e-45
-8.11853e-44
-2.29779e-45
8.11853e-44
5.63205e-45
8.53079e-44
1.17791e-45
-3.61553e-44
-3.81294e-45
-4.44009e-44
-2.26216e-45
-4.75738e-45
-2.55303e-46
-6.85755e-46
-3.86812e-47
-5.59174e-47
-3.89222e-47
2.55361e-50
-2.58029e-46
5.62597e-47
-2.29478e-45
6.9065e-46
-4.03201e-45
4.80837e-45
-8.25919e-46
4.503e-44
4.11992e-45
4.02213e-44
2.984e-45
-4.5726e-44
-2.98384e-45
-9.01733e-44
-4.11759e-45
-4.57261e-44
8.56821e-46
4.02188e-44
4.21926e-45
4.49767e-44
3.65368e-45
2.41174e-46
2.15629e-45
-2.9176e-46
-3.24107e-45
3.09418e-46
3.98596e-45
8.38484e-46
3.4753e-45
1.13192e-49
-8.3686e-45
-8.37208e-46
-8.36724e-45
-2.94989e-46
3.49919e-45
3.13472e-46
4.31954e-45
1.97439e-46
4.7208e-46
2.28721e-47
6.99093e-47
3.25593e-48
5.83976e-48
2.53561e-49
5.57058e-49
-2.53571e-49
7.83942e-50
-3.25607e-48
5.57069e-49
-2.2874e-47
5.83995e-48
-1.97465e-46
6.99123e-47
-3.13753e-46
4.72119e-46
2.91705e-46
4.32009e-45
8.14062e-46
3.50507e-45
-2.00723e-46
-8.29669e-45
-1.17384e-45
-7.8892e-45
-2.00723e-46
7.8892e-45
8.14062e-46
8.29669e-45
2.91705e-46
-3.50507e-45
-3.13754e-46
-4.32009e-45
-1.97467e-46
-4.72119e-46
-2.29005e-47
-6.99093e-47
-3.53952e-48
-5.8004e-48
-3.56213e-48
2.7396e-51
-2.31538e-47
5.83683e-48
-2.00443e-46
7.04241e-47
-3.33342e-46
4.77402e-46
1.1742e-46
4.38412e-45
7.01314e-46
3.90669e-45
4.30893e-46
-4.45511e-45
-4.30874e-46
-8.78001e-45
-7.01066e-46
-4.45513e-45
-1.14245e-46
3.90634e-45
3.52264e-46
4.37811e-45
3.59853e-46
1.50661e-44
2.88108e-43
5.65886e-46
-4.56353e-44
2.56577e-46
-3.71972e-45
1.00486e-46
6.22219e-47
1.40419e-48
-7.46106e-46
-8.28178e-47
-7.33063e-46
-3.17572e-47
3.04864e-46
2.63595e-47
3.78207e-46
1.70368e-47
4.22856e-47
2.00619e-48
6.37254e-48
2.89675e-49
5.41725e-49
2.28059e-50
5.22027e-50
-2.28068e-50
7.43227e-51
-2.89688e-49
5.22038e-50
-2.00636e-48
5.41743e-49
-1.70392e-47
6.37282e-48
-2.63846e-47
4.22894e-47
3.14703e-47
3.78261e-46
8.08747e-47
3.05445e-46
-1.7329e-47
-7.25939e-46
-1.11297e-46
-6.89533e-46
-1.7329e-47
6.89533e-46
8.08747e-47
7.25939e-46
3.14703e-47
-3.05445e-46
-2.63846e-47
-3.78261e-46
-1.70394e-47
-4.22894e-47
-2.00877e-48
-6.37254e-48
-3.15208e-49
-5.37993e-49
-3.17256e-49
2.61109e-52
-2.03155e-48
5.41446e-49
-1.73038e-47
6.42073e-48
-2.80986e-47
4.27789e-47
1.64651e-47
3.84088e-46
7.18445e-47
3.41306e-46
4.28244e-47
-3.90562e-46
-4.28224e-47
-7.69267e-46
-7.18198e-47
-3.90564e-46
-1.6156e-47
3.41268e-46
2.99238e-47
3.83498e-46
3.20762e-47
4.44394e-43
-1.00232e-42
3.37093e-44
-8.40914e-44
2.90146e-45
-5.75814e-45
1.97594e-46
-2.93654e-46
1.2194e-47
-9.01807e-47
-6.18168e-48
-7.27986e-47
-2.66671e-48
2.97883e-47
2.07998e-48
3.71153e-47
1.35963e-48
4.20763e-48
1.62767e-49
6.42643e-49
2.37304e-50
5.52464e-50
1.88913e-51
5.36321e-51
-1.8892e-51
7.692e-52
-2.37313e-50
5.36333e-51
-1.62777e-49
5.52485e-50
-1.35972e-48
6.42676e-49
-2.08003e-48
4.20812e-48
2.68191e-48
3.71229e-47
6.72703e-48
2.98918e-47
-1.38347e-48
-7.12171e-47
-9.13469e-48
-6.76017e-47
-1.38347e-48
6.76017e-47
6.72703e-48
7.12171e-47
2.68191e-48
-2.98918e-47
-2.08003e-48
-3.71229e-47
-1.35974e-48
-4.20812e-48
-1.62977e-49
-6.42647e-49
-2.58469e-50
-5.48603e-50
-2.60175e-50
2.7117e-53
-1.64864e-49
5.52176e-50
-1.38138e-48
6.47595e-49
-2.21885e-48
4.258e-48
1.48725e-48
3.77099e-47
6.03257e-48
3.34516e-47
3.56519e-48
-3.83629e-47
-3.56501e-48
-7.55311e-47
-6.03038e-48
-3.83632e-47
-1.46044e-48
3.34472e-47
2.37622e-48
3.76468e-47
3.17956e-48
2.96516e-36
-9.5736e-36
-1.99957e-35
3.12615e-36
-1.64546e-38
-1.27494e-33
-1.63661e-35
-3.1197e-37
1.54196e-35
1.42747e-33
2.35042e-35
-6.04191e-36
6.88804e-37
1.43414e-35
2.27191e-35
4.38217e-37
3.31801e-36
2.69937e-35
2.3208e-36
3.51642e-36
-1.99008e-37
4.62769e-35
3.97481e-36
-2.14973e-37
-5.77516e-36
9.34463e-35
4.03606e-35
-6.14913e-36
-1.08077e-35
2.26161e-33
1.08131e-34
-1.14921e-35
-3.41045e-37
2.40679e-33
1.10267e-34
-3.6246e-37
1.07862e-35
4.26251e-35
1.1469e-35
3.84498e-36
6.53742e-36
5.68076e-37
4.85761e-37
4.31458e-38
5.17026e-38
4.96008e-39
3.283e-39
9.0571e-39
2.0901e-40
1.40013e-37
-8.29982e-40
1.39454e-36
-1.05819e-38
2.12404e-35
-1.70371e-37
1.3755e-34
-1.53885e-36
2.03209e-34
-2.17531e-35
8.26506e-33
-2.03748e-35
2.03208e-34
2.03748e-35
1.37549e-34
2.17531e-35
2.12299e-35
1.53734e-36
1.2463e-36
1.07323e-37
1.14204e-39
-1.90729e-36
1.47618e-37
-7.5349e-35
1.48926e-37
-1.91783e-36
1.05272e-38
-6.30443e-38
1.16481e-39
-1.50895e-39
7.97187e-41
2.38208e-42
8.25837e-41
2.00589e-40
1.4284e-39
2.78763e-37
-8.77753e-37
3.55498e-38
-3.38627e-38
2.77651e-39
-1.27589e-39
-5.10054e-41
2.66744e-40
-2.76994e-38
-7.04669e-37
-2.06533e-39
-2.56223e-38
-9.5823e-41
-8.19437e-40
-2.55052e-41
3.34873e-42
-1.48492e-37
1.01107e-36
1.26575e-39
3.63736e-38
6.13547e-40
1.06524e-39
2.59781e-41
2.08937e-40
4.36575e-38
9.95319e-37
7.00249e-39
3.66426e-38
6.363e-40
1.15749e-39
3.41508e-41
7.38493e-41
3.31094e-37
1.69876e-37
4.19832e-38
1.02816e-38
3.34463e-39
7.62472e-40
5.04029e-41
3.20682e-40
-2.37025e-38
3.03576e-37
-3.20699e-39
1.88564e-38
-2.75867e-40
1.42826e-39
9.46266e-41
-2.72567e-41
-5.90732e-37
1.84321e-36
-7.49092e-38
7.14436e-38
-6.01012e-39
2.4248e-39
7.81225e-41
-5.74354e-40
-1.08807e-36
4.63841e-36
-1.37498e-37
1.63963e-37
-1.0954e-38
3.90156e-39
2.47179e-41
-1.04454e-39
-3.41306e-38
4.72572e-36
-4.30761e-39
1.66822e-37
-3.4225e-40
3.9443e-39
2.28081e-41
-3.26093e-41
1.08557e-36
1.93539e-36
1.37177e-37
7.43782e-38
1.09271e-38
2.45518e-39
7.48116e-41
1.04195e-39
6.27766e-37
2.79854e-37
7.96381e-38
1.67819e-38
6.38972e-39
1.22122e-39
7.93835e-41
6.10801e-40
5.32687e-38
6.35497e-38
7.07271e-39
4.85421e-39
6.04023e-40
4.4001e-40
3.1432e-41
5.92638e-41
5.84375e-39
5.44145e-39
8.47539e-40
4.55846e-40
7.53032e-41
4.3527e-41
3.25494e-42
7.72364e-42
3.91428e-40
6.83392e-40
5.91595e-41
6.58752e-41
5.4471e-42
6.54753e-42
5.35337e-43
5.71687e-43
-2.09143e-41
1.004e-39
-1.88954e-42
1.54341e-40
-6.20175e-43
1.42741e-41
1.44885e-42
-5.98668e-44
-9.0201e-40
1.44333e-38
-1.13648e-40
2.15238e-39
-1.7674e-41
1.89676e-40
1.88956e-41
-1.74238e-42
-1.12934e-38
1.41019e-37
-1.39804e-39
1.85572e-38
-2.07679e-40
1.5507e-39
1.45967e-40
-2.00476e-41
-1.80411e-37
1.90535e-36
-2.09296e-38
2.23518e-37
-2.99151e-39
1.70001e-38
1.52068e-39
-2.76891e-40
-1.62349e-36
1.1995e-35
-1.82306e-37
8.6573e-37
-2.37612e-38
4.84306e-38
3.20094e-39
-2.11094e-39
-2.2623e-35
1.41624e-34
-2.20803e-36
6.74755e-36
-2.76666e-37
2.45385e-37
6.59506e-39
-2.30999e-38
-2.11694e-35
2.62814e-34
-2.04537e-36
1.21776e-35
-2.55706e-37
4.25163e-37
9.57296e-39
-2.12475e-38
2.11694e-35
1.41624e-34
2.04537e-36
6.74763e-36
2.55705e-37
2.45395e-37
6.59653e-39
2.12474e-38
2.26229e-35
1.19962e-35
2.20802e-36
8.67006e-37
2.76657e-37
4.85789e-38
3.22221e-39
2.30987e-38
1.62255e-36
1.91583e-36
1.82011e-37
2.35025e-37
2.3641e-38
1.82941e-38
1.68974e-39
2.09581e-39
1.4407e-37
2.89138e-37
1.4104e-38
1.79205e-37
9.30738e-40
1.7236e-38
2.11556e-39
4.18793e-41
-1.04499e-36
1.53165e-37
-1.1888e-37
1.52496e-37
-2.06366e-38
1.47201e-38
1.83957e-39
-2.04956e-39
-2.48585e-36
-1.37774e-37
-1.73389e-36
-1.50193e-37
-2.90113e-37
-1.4516e-38
-1.81545e-39
-2.57495e-38
-1.05623e-36
-1.48043e-37
-1.20271e-37
-1.60635e-37
-2.08405e-38
-1.56748e-38
-1.91032e-39
-2.06531e-39
-3.63363e-38
-1.04715e-38
-6.81982e-39
-1.14962e-38
-2.02042e-39
-1.18523e-39
5.53617e-40
-1.69498e-40
-9.25637e-40
-1.14588e-39
-2.06429e-40
-1.13819e-39
5.86684e-40
1.41655e-39
1.07698e-38
1.25679e-39
1.36079e-40
2.6468e-41
1.0533e-39
9.65867e-40
8.96915e-39
1.23588e-38
9.33737e-38
2.1233e-38
2.21762e-39
1.04733e-39
1.653e-38
1.14248e-38
1.53107e-37
1.4412e-37
1.12908e-36
4.85198e-37
1.67913e-38
1.43287e-37
1.52724e-36
8.405e-36
1.70091e-41
-2.81988e-42
1.18562e-42
-1.0501e-43
6.92308e-44
-6.86617e-45
4.22157e-45
-4.21545e-46
2.27654e-46
-3.22148e-47
1.18843e-47
-5.195e-48
3.91665e-49
1.36761e-48
2.04772e-49
1.82303e-48
1.15608e-49
2.10262e-49
1.38521e-50
3.27581e-50
2.02394e-51
2.85698e-51
1.61921e-52
2.80823e-52
-1.61795e-52
4.07093e-53
-2.02108e-51
2.80857e-52
-1.37859e-50
2.85769e-51
-1.14166e-49
3.27725e-50
-1.73709e-49
2.10549e-49
2.30659e-49
1.8284e-48
5.7334e-49
1.46768e-48
-1.16188e-49
-3.50633e-48
-7.74799e-49
-3.32597e-48
-1.16188e-49
3.32597e-48
5.7334e-49
3.50633e-48
2.30659e-49
-1.46768e-48
-1.73709e-49
-1.8284e-48
-1.14167e-49
-2.10549e-49
-1.38031e-50
-3.27709e-50
-2.20233e-51
-2.83714e-51
-2.21697e-51
1.44582e-54
-1.39647e-50
2.85604e-51
-1.16009e-49
3.30298e-50
-1.85454e-49
2.13125e-49
1.30475e-49
1.8583e-48
5.16e-49
1.64515e-48
3.04005e-49
-1.89161e-48
-3.03988e-49
-3.72235e-48
-5.15799e-49
-1.89163e-48
-1.2801e-49
1.6449e-48
2.00122e-49
1.85492e-48
1.58011e-49
7.87983e-43
-1.35767e-42
1.14251e-43
-7.73871e-44
9.49575e-45
-6.18944e-45
7.93633e-46
-3.97361e-46
5.27484e-47
-2.72119e-47
3.49717e-48
-1.7412e-48
1.94399e-49
-1.47709e-50
1.96904e-50
9.05672e-50
5.79762e-51
1.08239e-50
6.64555e-52
1.71317e-51
9.51768e-53
1.50614e-52
7.63341e-54
1.48154e-53
-7.55675e-54
2.15439e-54
-9.36245e-53
1.48409e-53
-6.32345e-52
1.51185e-52
-5.17553e-51
1.72516e-51
-7.84513e-51
1.10728e-50
1.05205e-50
9.53362e-50
2.60524e-50
7.63671e-50
-5.26921e-51
-1.8276e-49
-3.51706e-50
-1.73276e-49
-5.26921e-51
1.73276e-49
2.60524e-50
1.8276e-49
1.05205e-50
-7.63671e-50
-7.84514e-51
-9.53362e-50
-5.17559e-51
-1.10728e-50
-6.33156e-52
-1.72507e-51
-1.021e-52
-1.50097e-52
-1.02789e-52
7.63624e-56
-6.40707e-52
1.51098e-52
-5.26085e-51
1.73875e-51
-8.38294e-51
1.12091e-50
5.98646e-51
9.6909e-50
2.34849e-50
8.56989e-50
1.38232e-50
-9.86628e-50
-1.38224e-50
-1.94123e-49
-2.34751e-50
-9.86637e-50
-5.8672e-51
8.56846e-50
9.08676e-51
9.67234e-50
8.3133e-51
1.81491e-41
8.26424e-43
1.89056e-42
3.9426e-44
1.33628e-43
3.77593e-45
1.02603e-44
2.68126e-46
6.36839e-46
1.99977e-47
4.09207e-47
1.20164e-48
2.29096e-48
7.73632e-50
1.29855e-49
8.37863e-51
6.88259e-51
7.30285e-52
3.68568e-52
9.1752e-53
2.04914e-53
7.6945e-54
1.11053e-54
7.31994e-55
-3.26372e-55
1.04632e-55
-4.43639e-54
7.09522e-55
-2.99573e-53
7.1957e-54
-2.4382e-52
8.14077e-53
-3.68853e-52
5.18661e-52
4.96371e-52
4.41517e-51
1.22721e-51
3.52764e-51
-2.48261e-52
-8.46071e-51
-1.65637e-51
-8.01696e-51
-2.48261e-52
8.01696e-51
1.22721e-51
8.46071e-51
4.96371e-52
-3.52764e-51
-3.68853e-52
-4.41517e-51
-2.43823e-52
-5.18661e-52
-2.99959e-53
-8.14038e-53
-4.84088e-54
-7.1434e-54
-4.87356e-54
3.6789e-57
-3.0355e-53
7.1915e-54
-2.47863e-52
8.20572e-53
-3.94329e-52
5.25147e-52
2.82944e-52
4.48933e-51
1.10701e-51
3.96413e-51
6.51399e-52
-4.5721e-51
-6.51356e-52
-8.99315e-51
-1.10653e-51
-4.57215e-51
-2.7711e-52
3.96341e-51
4.29065e-52
4.48026e-51
3.88503e-52
5.25095e-42
1.55855e-42
4.22149e-43
8.41098e-44
2.72518e-44
6.67744e-45
1.86242e-45
4.31704e-46
1.09707e-46
2.94811e-47
6.60518e-48
1.70534e-48
3.57498e-49
1.00082e-49
1.94093e-50
5.4424e-51
9.81637e-52
2.97769e-52
4.9489e-53
1.70112e-53
2.4398e-54
9.67518e-55
1.18845e-55
6.16346e-56
-1.13806e-56
6.15624e-57
-1.94619e-55
3.37734e-56
-1.31098e-54
3.42646e-55
-1.05819e-53
3.8632e-54
-1.59678e-53
2.46297e-53
2.15535e-53
2.08339e-52
5.31966e-53
1.66185e-52
-1.07768e-53
-3.99117e-52
-7.18039e-53
-3.78042e-52
-1.07768e-53
3.78042e-52
5.31966e-53
3.99117e-52
2.15535e-53
-1.66185e-52
-1.59678e-53
-2.08339e-52
-1.0582e-53
-2.46297e-53
-1.31269e-54
-3.86301e-54
-2.12605e-55
-3.40156e-55
-2.14049e-55
1.74611e-58
-1.32854e-54
3.42445e-55
-1.07592e-53
3.89407e-54
-1.70821e-53
2.49385e-53
1.23019e-53
2.11856e-52
4.80233e-53
1.86916e-52
2.82521e-53
-2.15785e-52
-2.82501e-53
-4.24403e-52
-4.80013e-53
-2.15787e-52
-1.20403e-53
1.86879e-52
1.86397e-53
2.11413e-52
1.84631e-53
2.01789e-41
3.90687e-42
1.3977e-42
2.23987e-43
8.11583e-44
1.37428e-44
4.92779e-45
7.43213e-46
2.64724e-46
4.11289e-47
1.44525e-47
2.07068e-48
7.21241e-49
1.04606e-49
3.59853e-50
4.92552e-51
1.6762e-51
2.30407e-52
7.73296e-53
1.02738e-53
3.38079e-54
4.54094e-55
1.45604e-55
1.96894e-56
5.25557e-57
9.59881e-58
-8.26204e-57
1.52001e-57
-5.72815e-56
1.51368e-56
-4.60498e-55
1.69677e-55
-6.93826e-55
1.07908e-54
9.38069e-55
9.04956e-54
2.31292e-54
7.20334e-54
-4.69006e-55
-1.73304e-53
-3.12209e-54
-1.64073e-53
-4.69006e-55
1.64073e-53
2.31292e-54
1.73304e-53
9.38069e-55
-7.20334e-54
-6.93826e-55
-9.04956e-54
-4.60504e-55
-1.07908e-54
-5.73651e-56
-1.69668e-55
-9.2798e-57
-1.50253e-56
-9.3428e-57
7.74283e-60
-5.80584e-56
1.51269e-56
-4.68238e-55
1.71041e-55
-7.42532e-55
1.09273e-54
5.35703e-55
9.20399e-54
2.08887e-54
8.11116e-54
1.22876e-54
-9.37654e-54
-1.22867e-54
-1.84385e-53
-2.08788e-54
-9.37665e-54
-5.24077e-55
8.10949e-54
8.12353e-55
9.18401e-54
8.08544e-55
-1.78836e-42
7.26893e-42
-1.25186e-43
4.12011e-43
-7.42044e-45
2.48997e-44
-4.51257e-46
1.3285e-45
-2.44557e-47
7.23956e-47
-1.33018e-48
3.59433e-48
-6.64713e-50
1.7881e-49
-3.29253e-51
8.28586e-51
-1.52748e-52
3.80666e-52
-6.97398e-54
1.65349e-53
-3.01907e-55
7.07755e-55
-1.28097e-56
2.89477e-56
-5.50512e-58
1.16776e-57
-3.70043e-58
1.0957e-58
-2.35424e-57
6.62313e-58
-1.88023e-56
7.38814e-57
-2.82716e-56
4.70717e-56
3.83065e-56
3.92792e-55
9.43235e-56
3.12228e-55
-1.91518e-56
-7.52022e-55
-1.27333e-55
-7.11742e-55
-1.91518e-56
7.11742e-55
9.43235e-56
7.52022e-55
3.83065e-56
-3.12228e-55
-2.82716e-56
-3.92792e-55
-1.88025e-56
-4.70717e-56
-2.35651e-57
-7.38771e-57
-3.81366e-58
-6.55818e-58
-3.8396e-58
3.36256e-61
-2.38509e-57
6.60243e-58
-1.91202e-56
7.44748e-57
-3.02723e-56
4.76673e-56
2.18924e-56
3.99514e-55
8.52356e-56
3.51842e-55
5.01323e-56
-4.07027e-55
-5.01285e-56
-8.00359e-55
-8.5194e-56
-4.07032e-55
-2.14079e-56
3.51767e-55
3.31942e-56
3.98626e-55
3.53094e-56
-3.61911e-41
2.99102e-42
-2.49422e-42
1.20574e-43
-1.44599e-43
6.35348e-45
-8.72864e-45
3.25359e-46
-4.67309e-46
1.75043e-47
-2.53512e-47
8.63558e-49
-1.25929e-48
4.28241e-50
-6.24104e-50
1.97746e-51
-2.89046e-51
9.06258e-53
-1.32365e-52
3.92414e-54
-5.74156e-54
1.67537e-55
-2.44965e-55
6.82776e-57
-9.99328e-57
2.73535e-58
-4.13829e-58
1.31793e-59
-1.10861e-58
2.76219e-59
-7.60904e-58
3.03328e-58
-1.14178e-57
1.93323e-57
1.54906e-57
1.60248e-56
3.81105e-57
1.27156e-56
-7.7447e-58
-3.06708e-56
-5.14504e-57
-2.90163e-56
-7.7447e-58
2.90163e-56
3.81105e-57
3.06708e-56
1.54906e-57
-1.27156e-56
-1.14176e-57
-1.60248e-56
-7.60334e-58
-1.93323e-57
-9.55997e-59
-3.03299e-58
-1.54362e-59
-2.70275e-59
-1.5541e-59
1.38387e-62
-9.67583e-59
2.721e-59
-7.73187e-58
3.05759e-58
-1.22296e-57
1.95778e-57
8.85619e-58
1.63007e-56
3.44505e-57
1.43427e-56
2.0261e-57
-1.66091e-56
-2.02594e-57
-3.26562e-56
-3.44333e-57
-1.66094e-56
-8.65755e-58
1.43395e-56
1.34377e-57
1.62635e-56
1.45104e-57
-6.55376e-41
-6.58032e-42
-4.50978e-42
-5.0878e-43
-2.60688e-43
-3.32727e-44
-1.57174e-44
-1.80729e-45
-8.397e-46
-9.88468e-47
-4.55085e-47
-4.90794e-48
-2.25698e-48
-2.43891e-49
-1.11764e-49
-1.12881e-50
-5.16977e-51
-5.17813e-52
-2.36575e-52
-2.2455e-53
-1.02516e-53
-9.59259e-55
-4.37116e-55
-3.91274e-56
-1.78153e-56
-1.56662e-57
-7.12776e-58
-6.0204e-59
-3.10847e-59
-1.17309e-60
-3.02714e-59
1.217e-59
-4.38724e-59
7.8318e-59
5.95734e-59
6.46577e-58
1.46407e-58
5.12445e-58
-2.9785e-59
-1.23723e-57
-1.97667e-58
-1.17016e-57
-2.9785e-59
1.17016e-57
1.46407e-58
1.23723e-57
5.95747e-59
-5.12445e-58
-4.38349e-59
-6.46577e-58
-2.92398e-59
-7.83209e-59
-3.69303e-60
-1.22523e-59
-5.95422e-61
-1.09359e-60
-5.99464e-61
5.53275e-64
-3.73782e-60
1.10095e-60
-2.97354e-59
1.23515e-59
-4.69725e-59
7.93146e-59
3.40779e-59
6.5772e-58
1.32407e-58
5.78397e-58
7.78632e-59
-6.7018e-58
-7.78569e-59
-1.31766e-57
-1.32339e-58
-6.70189e-58
-3.33038e-59
5.78266e-58
5.17106e-59
6.56193e-58
5.88714e-59
-2.04263e-42
-6.89834e-42
-1.40474e-43
-5.29534e-43
-8.11081e-45
-3.45774e-44
-4.88784e-46
-1.87751e-45
-2.60912e-47
-1.02679e-46
-1.41348e-48
-5.0981e-48
-7.00559e-50
-2.5334e-49
-3.46793e-51
-1.17253e-50
-1.60332e-52
-5.37871e-52
-7.33477e-54
-2.33247e-53
-3.17709e-55
-9.96408e-55
-1.35432e-56
-4.06424e-56
-5.51782e-58
-1.62729e-57
-2.20749e-59
-6.2642e-59
-9.88044e-61
-2.32015e-60
-1.13872e-60
3.86049e-61
-1.65854e-60
3.02166e-60
2.25497e-60
2.48397e-59
5.53762e-60
1.96576e-59
-1.12742e-60
-4.75177e-59
-7.47678e-60
-4.49267e-59
-1.12742e-60
4.49267e-59
5.53762e-60
4.75178e-59
2.25501e-60
-1.96575e-59
-1.65738e-60
-2.48399e-59
-1.10679e-60
-3.02476e-60
-1.40139e-61
-4.72132e-61
-2.25236e-62
-4.21632e-62
-2.26758e-62
-6.29397e-65
-1.41835e-61
4.25207e-62
-1.12554e-60
4.75954e-61
-1.77651e-60
3.06315e-60
1.29025e-60
2.52692e-59
5.00954e-60
2.22057e-59
2.94575e-60
-2.57493e-59
-2.94551e-60
-5.0624e-59
-5.00696e-60
-2.57495e-59
-1.26068e-60
2.22005e-59
1.95903e-60
2.52095e-59
2.27644e-60
6.53711e-41
2.54316e-42
4.49825e-42
9.192e-44
2.6001e-43
4.55857e-45
1.56763e-44
2.28379e-46
8.37474e-46
1.21964e-47
4.53872e-47
5.98975e-49
2.2509e-48
2.96357e-50
1.11461e-49
1.36466e-51
5.15567e-51
6.24298e-53
2.35926e-52
2.69694e-54
1.02233e-53
1.1495e-55
4.35905e-55
4.67442e-57
1.77655e-56
1.86798e-58
7.10235e-58
7.17358e-60
2.73142e-59
2.71694e-61
9.8885e-61
2.75955e-62
-2.26356e-62
1.14518e-61
8.32351e-62
9.38378e-61
2.00976e-61
7.42734e-61
-4.09454e-62
-1.79448e-60
-2.71303e-61
-1.69667e-60
-4.0942e-62
1.69682e-60
2.00927e-61
1.79759e-60
8.18941e-62
-7.4141e-61
-6.01092e-62
-9.3828e-61
-4.01934e-62
-1.14868e-61
-5.10654e-63
-1.78344e-62
-8.24901e-64
8.19889e-64
-8.24341e-64
-2.45448e-63
-5.16496e-63
1.33874e-63
-4.08763e-62
1.79392e-62
-6.44502e-62
1.16194e-61
4.68761e-62
9.55338e-61
1.81834e-61
8.39211e-61
1.0692e-61
-9.7356e-61
-1.06904e-61
-1.9128e-60
-1.81745e-61
-9.70049e-61
-4.58001e-62
8.38013e-61
7.11904e-62
9.52284e-61
8.45121e-62
3.84917e-41
6.03362e-42
2.65317e-42
3.40598e-43
1.53823e-43
2.05336e-44
9.28628e-45
1.09374e-45
4.9718e-46
5.9506e-47
2.6973e-47
2.95002e-48
1.33987e-48
1.46526e-49
6.64059e-50
6.77943e-51
3.07552e-51
3.10943e-52
1.40841e-52
1.34814e-53
6.10918e-54
5.75857e-55
2.6065e-55
2.34856e-56
1.06317e-56
9.40286e-58
4.25272e-58
3.61953e-59
1.63692e-59
1.36483e-60
6.15436e-61
4.85786e-62
2.0376e-62
-9.14217e-63
3.79132e-63
2.79078e-62
7.18603e-63
4.94832e-62
-1.49888e-63
-4.80396e-62
-9.58731e-63
-5.89147e-62
-1.35088e-63
6.27928e-62
7.08845e-63
1.35697e-61
2.80775e-63
-1.08187e-62
-2.1764e-63
-2.54082e-62
-1.34643e-63
-9.91681e-63
-1.77528e-64
-1.15485e-63
-2.19188e-64
6.77335e-62
-3.93509e-65
-6.89204e-62
-8.32026e-65
-7.45387e-63
-1.42347e-63
-3.88892e-64
-2.2563e-63
6.12105e-63
1.64658e-63
5.09358e-62
6.41562e-63
4.70728e-62
3.91733e-63
-5.42751e-62
-3.69459e-63
-6.95191e-62
-6.60283e-63
4.59136e-62
-1.8038e-63
1.70369e-62
2.63144e-63
2.83055e-62
-5.09118e-62
3.87536e-42
2.49887e-42
2.71348e-43
1.43497e-43
1.61031e-44
8.70299e-45
9.82633e-46
4.65663e-46
5.34481e-47
2.53828e-47
2.92238e-48
1.26171e-48
1.46805e-49
6.27519e-50
7.3188e-51
2.90913e-51
3.41754e-52
1.33574e-52
1.57216e-53
5.80024e-54
6.86138e-55
2.47983e-55
2.93786e-56
1.0126e-56
1.20391e-57
4.05729e-58
4.82925e-59
1.56328e-59
1.86486e-60
5.81657e-61
6.9714e-62
-3.09495e-62
3.70801e-63
-4.37914e-61
2.40233e-63
-1.7933e-61
3.71366e-64
6.57955e-61
-1.32563e-63
4.93435e-61
1.72943e-63
7.12779e-62
3.10165e-63
2.4082e-62
-1.61437e-63
1.93681e-60
-3.10281e-63
4.51084e-61
-1.19852e-63
2.47654e-61
2.4296e-63
-1.69324e-61
1.59944e-64
-2.75205e-62
-5.5129e-63
1.86838e-60
-2.88991e-64
-1.90109e-60
2.94357e-63
-2.05616e-61
9.38453e-64
-2.8192e-62
1.08997e-63
5.50094e-62
-6.80714e-64
4.74501e-61
-1.64418e-63
4.82685e-61
3.32139e-63
-5.55907e-61
3.16883e-63
-2.09304e-62
-4.04001e-63
2.24283e-60
-5.00718e-63
-4.00866e-61
2.81735e-63
-1.71298e-61
-1.47278e-60
5.19275e-43
2.64294e-43
3.70953e-44
1.55709e-44
2.23201e-45
9.55177e-46
1.37576e-46
5.19479e-47
7.5356e-48
2.85348e-48
4.13979e-49
1.43442e-49
2.0859e-50
7.17391e-51
1.04148e-51
3.35247e-52
4.86555e-53
1.54562e-53
2.23694e-54
6.75042e-55
9.75029e-56
2.89483e-56
4.16618e-57
1.187e-57
1.70294e-58
4.76641e-59
6.80729e-60
1.82123e-60
2.44316e-61
-1.64249e-61
-1.07417e-62
-1.46284e-60
3.60874e-62
-1.22923e-59
6.54307e-62
-5.06176e-60
3.52989e-63
1.84049e-59
-3.84211e-62
1.3876e-59
5.58222e-62
1.99077e-60
8.86777e-62
1.93535e-61
-5.04435e-62
5.07704e-59
-8.97059e-62
1.22417e-59
-3.32142e-62
6.90212e-60
6.89433e-62
-4.80513e-60
5.50864e-63
-1.12612e-60
-1.53928e-61
4.93435e-59
-7.94962e-63
-5.02575e-59
8.27849e-62
-5.4032e-60
2.86726e-62
-7.31136e-61
3.44489e-62
1.53649e-60
-2.19979e-62
1.32489e-59
-5.58708e-62
1.34541e-59
8.9341e-62
-1.56139e-59
9.31521e-62
-9.35426e-61
-1.07907e-61
5.94599e-59
-1.37038e-61
-1.16319e-59
7.70309e-62
-4.58049e-60
-3.83718e-59
3.9308e-44
4.42531e-44
2.84338e-45
2.77935e-45
1.73335e-46
1.72159e-46
1.07672e-47
9.78523e-48
5.94595e-49
5.41633e-49
3.28281e-50
2.81113e-50
1.66274e-51
1.41565e-51
8.32829e-53
6.77408e-53
3.90355e-54
3.14267e-54
1.79807e-55
1.39706e-55
7.85262e-57
6.02264e-57
3.3586e-58
2.50141e-58
1.37323e-59
1.0022e-59
4.85319e-61
-1.8228e-61
-4.95984e-61
-6.41925e-60
-5.98237e-61
-4.01387e-59
1.03785e-60
-3.38499e-58
1.90047e-60
-1.39549e-58
9.94151e-62
5.06847e-58
-1.13452e-60
3.81733e-58
1.48334e-60
5.3005e-59
2.45328e-60
-5.56823e-60
-1.34259e-60
1.31265e-57
-2.46967e-60
3.26202e-58
-9.62496e-61
1.88271e-58
1.88509e-60
-1.34075e-58
1.76342e-61
-4.02075e-59
-4.22585e-60
1.28447e-57
-2.15203e-61
-1.30952e-57
2.28409e-60
-1.39553e-58
8.16624e-61
-1.85988e-59
9.95264e-61
4.21908e-59
-6.44884e-61
3.64416e-58
-1.63911e-60
3.68075e-58
2.46097e-60
-4.32235e-58
2.58644e-60
-3.65667e-59
-2.99859e-60
1.5526e-57
-3.72696e-60
-3.30042e-58
2.13767e-60
-1.1957e-58
-9.84929e-58
-6.63126e-45
1.16545e-43
-4.70195e-46
8.37025e-45
-3.74356e-47
5.142e-46
-2.34625e-48
3.19255e-47
-1.53839e-49
1.77377e-48
-8.6811e-51
9.80023e-50
-4.95412e-52
4.98624e-51
-2.5502e-53
2.50035e-52
-1.30458e-54
1.17556e-53
-6.1862e-56
5.41858e-55
-2.88793e-57
2.36659e-56
-1.27077e-58
1.00931e-57
-5.74453e-60
3.94669e-59
-2.01979e-60
-1.35277e-59
-1.4472e-59
-1.69637e-58
-1.67688e-59
-1.05458e-57
2.90278e-59
-8.92711e-57
5.31646e-59
-3.68332e-57
2.70072e-60
1.33675e-56
-3.22532e-59
1.00591e-56
3.7463e-59
1.34956e-57
6.50377e-59
-4.37239e-58
-3.39672e-59
3.22303e-56
-6.51191e-59
8.31205e-57
-2.6856e-59
4.91607e-57
4.92893e-59
-3.58324e-57
5.38862e-60
-1.30484e-57
-1.11034e-58
3.17813e-56
-5.57735e-60
-3.24402e-56
6.03679e-59
-3.43533e-57
2.23928e-59
-4.48435e-58
2.77358e-59
1.11202e-57
-1.81536e-59
9.60508e-57
-4.63435e-59
9.68704e-57
6.48719e-59
-1.1454e-56
6.88422e-59
-1.25288e-57
-7.99225e-59
3.8572e-56
-9.68617e-59
-8.96071e-57
5.68606e-59
-2.9827e-57
-2.39588e-56
-1.58308e-43
1.47875e-42
-1.1161e-44
1.05068e-43
-8.1045e-46
6.34669e-45
-5.01925e-47
3.91511e-46
-3.12455e-48
2.15155e-47
-1.74148e-49
1.18369e-48
-9.62087e-51
5.97857e-50
-4.89745e-52
2.98936e-51
-2.45162e-53
1.39795e-52
-1.15142e-54
6.42696e-54
-5.294e-56
2.789e-55
-2.31042e-57
1.18223e-56
-1.05813e-58
4.33958e-58
-5.31781e-59
-3.73205e-58
-3.98008e-58
-4.39964e-57
-4.61945e-58
-2.72546e-56
7.98568e-58
-2.32203e-55
1.46307e-57
-9.59398e-56
7.21275e-59
3.47718e-55
-9.00935e-58
2.61362e-55
9.30664e-58
3.38694e-56
1.70085e-57
-1.84027e-56
-8.45665e-58
7.83395e-55
-1.69329e-57
2.09182e-55
-7.37303e-58
1.26687e-55
1.27129e-57
-9.43763e-56
1.60139e-58
-3.98291e-56
-2.87765e-57
7.78909e-55
-1.42118e-58
-7.95949e-55
1.57376e-57
-8.3433e-56
6.04223e-58
-1.06545e-56
7.58777e-58
2.88007e-56
-5.04138e-58
2.49513e-55
-1.28642e-57
2.50121e-55
1.68859e-57
-2.995e-55
1.80792e-57
-3.95321e-56
-2.10114e-57
9.48871e-55
-2.48191e-57
-2.39351e-55
1.49257e-57
-7.34137e-56
-5.77126e-55
-1.77248e-42
1.11158e-41
-1.23486e-43
7.68966e-43
-8.84695e-45
4.58626e-44
-5.44224e-46
2.79512e-45
-3.36574e-47
1.52646e-46
-1.86985e-48
8.35105e-48
-1.03036e-49
4.20659e-49
-5.24081e-51
2.09904e-50
-2.62331e-52
9.79171e-52
-1.23293e-53
4.48731e-53
-5.67552e-55
1.92053e-54
-2.4793e-56
7.96259e-56
-1.25123e-57
2.03513e-57
-1.33357e-57
-9.53277e-57
-1.04741e-56
-1.08514e-55
-1.21717e-56
-6.70362e-55
2.1022e-56
-5.73592e-54
3.85223e-56
-2.3721e-54
1.8414e-57
8.58959e-54
-2.4079e-56
6.4506e-54
2.16949e-56
8.05685e-55
4.2278e-56
-6.32796e-55
-1.97602e-56
1.78688e-53
-4.18197e-56
4.989e-54
-1.93639e-56
3.09842e-54
3.1072e-56
-2.3613e-54
4.53152e-57
-1.13275e-54
-7.07578e-56
1.79389e-53
-3.43696e-57
-1.83583e-53
3.89754e-56
-1.91161e-54
1.55972e-56
-2.36716e-55
1.9911e-56
7.10625e-55
-1.33474e-56
6.16034e-54
-3.42175e-56
6.17117e-54
4.16874e-56
-7.43268e-54
4.51534e-56
-1.15296e-54
-5.25651e-56
2.19658e-53
-6.01958e-56
-6.06913e-54
3.72503e-56
-1.71101e-54
-1.30038e-53
-2.39104e-41
1.10628e-40
-1.62402e-42
7.49639e-42
-1.14788e-43
4.36292e-43
-6.94596e-45
2.62817e-44
-4.2584e-46
1.41256e-45
-2.33942e-47
7.66529e-47
-1.28142e-48
3.81793e-48
-6.46691e-50
1.89317e-49
-3.22326e-51
8.71351e-51
-1.50581e-52
3.9404e-52
-6.90501e-54
1.61197e-53
-2.99708e-55
6.23085e-55
-1.77291e-56
-4.5173e-57
-3.38629e-56
-2.33258e-55
-2.72138e-55
-2.64216e-54
-3.16827e-55
-1.62889e-53
5.46273e-55
-1.40493e-52
1.00147e-54
-5.8199e-53
4.63804e-56
2.10394e-52
-6.34598e-55
1.57802e-52
4.99784e-55
1.89915e-53
1.04216e-54
-1.94899e-53
-4.56602e-55
4.06648e-52
-1.02395e-54
1.1822e-52
-5.02259e-55
7.52055e-53
7.53372e-55
-5.85263e-53
1.25457e-55
-3.1059e-53
-1.72554e-54
4.12471e-52
-8.20822e-56
-4.22665e-52
9.5715e-55
-4.34801e-53
3.97662e-55
-5.21597e-54
5.1438e-55
1.72972e-53
-3.50269e-55
1.50661e-52
-8.96385e-55
1.49872e-52
1.02236e-54
-1.83018e-52
1.11855e-54
-3.21563e-53
-1.30372e-54
5.07367e-52
-1.44738e-54
-1.52217e-52
9.22314e-55
-3.95716e-53
-2.92541e-52
-1.72939e-40
2.01555e-40
-1.14854e-41
1.28057e-41
-7.91783e-43
7.28718e-43
-4.73389e-44
4.35662e-44
-2.86675e-45
2.33088e-45
-1.5654e-46
1.26251e-46
-8.52611e-48
6.27448e-48
-4.29287e-49
3.0925e-49
-2.13547e-50
1.26799e-50
-9.95358e-52
4.57201e-52
-4.54738e-53
-3.0438e-54
-1.95195e-54
-1.62163e-54
-2.04911e-55
-7.51893e-55
-8.22237e-55
-5.35187e-54
-6.7063e-54
-6.04867e-53
-7.81673e-54
-3.72546e-52
1.34631e-53
-3.22913e-51
2.46875e-53
-1.33905e-51
1.10654e-54
4.83574e-51
-1.58638e-53
3.62359e-51
1.05807e-53
4.19014e-52
2.41375e-53
-5.44137e-52
-9.70098e-54
8.535e-51
-2.35301e-53
2.62117e-51
-1.23505e-53
1.71134e-51
1.7084e-53
-1.36191e-51
3.28611e-54
-7.9354e-52
-3.94296e-53
8.76661e-51
-1.83726e-54
-8.9998e-51
2.20682e-53
-9.19354e-52
9.6122e-54
-1.0527e-52
1.26449e-53
3.96846e-52
-8.67462e-54
3.46138e-51
-2.2316e-53
3.44484e-51
2.34801e-53
-4.22541e-51
2.60556e-53
-8.3384e-52
-3.04322e-53
1.08557e-50
-3.24897e-53
-3.58258e-51
2.14664e-53
-8.55419e-52
-6.03782e-51
-1.84979e-39
9.23414e-41
-1.18547e-40
-3.78661e-42
-8.051e-42
-3.79231e-43
-4.70372e-43
-2.57216e-44
-2.81793e-44
-1.42105e-45
-1.51423e-45
-7.75989e-47
-8.18014e-47
-3.83599e-48
-4.07068e-48
-2.2716e-49
-2.01101e-49
-4.83103e-50
-9.24046e-51
-5.00484e-51
-4.15784e-52
-7.37642e-52
-1.71875e-53
-6.50415e-53
-3.68552e-54
-1.81785e-53
-1.99258e-53
-1.21105e-52
-1.64109e-52
-1.37662e-51
-1.91693e-52
-8.47686e-51
3.2946e-52
-7.4224e-50
6.04482e-52
-3.08438e-50
2.61975e-53
1.11152e-49
-3.93319e-52
8.31703e-50
2.23033e-52
9.23885e-51
5.59071e-52
-1.44777e-50
-2.05438e-52
1.81011e-49
-5.40626e-52
5.82917e-50
-3.01756e-52
3.89934e-50
3.87836e-52
-3.16582e-50
8.48123e-53
-1.98598e-50
-9.01487e-52
1.88378e-49
-4.09099e-53
-1.93684e-49
5.08818e-52
-1.94927e-50
2.30861e-52
-2.12991e-51
3.07504e-52
9.0407e-51
-2.14519e-52
7.94208e-50
-5.50035e-52
7.83853e-50
5.40861e-52
-9.76493e-50
6.07048e-52
-2.10816e-50
-7.09965e-52
2.34589e-49
-7.29576e-52
-8.41105e-50
4.99846e-52
-1.85168e-50
-1.26105e-49
-1.69914e-39
-1.66454e-41
-1.08573e-40
-1.95338e-41
-7.36592e-42
-1.4232e-42
-4.29482e-43
-9.08733e-44
-2.57077e-44
-4.9432e-45
-1.37939e-45
-2.67379e-46
-7.44713e-47
-1.2543e-47
-3.70347e-48
-1.40171e-48
-1.7968e-49
-8.6532e-49
-6.46694e-51
-9.82525e-50
-1.42445e-52
-1.52068e-50
1.33422e-53
-1.35033e-51
-6.68585e-53
-3.80643e-52
-4.53982e-52
-2.53905e-51
-3.76069e-51
-2.89685e-50
-4.39833e-51
-1.7866e-49
7.54973e-51
-1.57343e-48
1.38561e-50
-6.54613e-49
5.79858e-52
2.35614e-48
-9.135e-51
1.7613e-48
4.16288e-51
1.87221e-49
1.19662e-50
-3.52043e-49
-3.85829e-51
3.44955e-48
-1.14581e-50
1.19073e-48
-6.89994e-51
8.18313e-49
8.07727e-51
-6.79206e-49
2.04853e-51
-4.58026e-49
-1.89648e-50
3.65168e-48
-8.37938e-52
-3.76348e-48
1.0828e-50
-3.75976e-49
5.18951e-51
-3.81599e-50
7.0349e-51
1.91139e-49
-4.93441e-51
1.68309e-48
-1.27313e-50
1.6646e-48
1.14531e-50
-2.07893e-48
1.30848e-50
-4.91059e-49
-1.53434e-50
4.5884e-48
-1.49821e-50
-1.8221e-48
1.07632e-50
-3.67634e-49
-2.34511e-48
1.69913e-39
9.24799e-41
1.08572e-40
-3.77426e-42
7.36584e-42
-3.78413e-43
4.29477e-43
-2.56939e-44
2.57075e-44
-1.40113e-45
1.37924e-45
-4.18628e-47
7.4256e-47
1.43547e-47
3.64873e-48
-1.60632e-47
2.56116e-49
-1.79317e-47
5.44169e-50
-2.05397e-48
5.95184e-51
-3.20387e-49
7.02589e-52
-2.82704e-50
-1.50435e-51
-7.97459e-51
-1.03304e-50
-5.32653e-50
-8.63859e-50
-6.12987e-49
-1.01302e-49
-3.78928e-48
1.73409e-49
-3.38168e-47
3.18503e-49
-1.41069e-47
1.2855e-50
5.0637e-47
-2.12391e-49
3.77883e-47
7.82066e-50
3.8433e-48
2.59579e-49
-8.40009e-48
-7.30857e-50
6.78215e-47
-2.46132e-49
2.47671e-47
-1.58289e-49
1.74417e-47
1.70926e-49
-1.47535e-47
4.92439e-50
-1.0521e-47
-4.04907e-49
7.30406e-47
-1.72838e-50
-7.54107e-47
2.33567e-49
-7.39158e-48
1.17028e-49
-6.97845e-49
1.60483e-49
4.05604e-48
-1.14648e-49
3.60954e-47
-2.94246e-49
3.53368e-47
2.47032e-49
-4.49311e-47
2.85842e-49
-1.13525e-47
-3.35676e-49
9.24306e-47
-3.12392e-49
-3.99106e-47
2.34964e-49
-7.41544e-48
-4.51322e-47
1.84963e-39
2.0348e-40
1.18533e-40
1.29735e-41
8.04976e-42
7.39331e-43
4.70291e-43
4.37154e-44
2.81766e-44
2.69202e-45
1.51141e-45
8.16258e-46
7.74548e-47
3.58112e-46
2.9648e-48
-3.06398e-46
1.7494e-48
-3.46033e-46
9.79202e-49
-3.93738e-47
1.17289e-49
-6.11032e-48
1.44043e-50
-5.36431e-49
-3.15596e-50
-1.51002e-49
-2.16968e-49
-1.0109e-48
-1.82401e-48
-1.16941e-47
-2.14202e-48
-7.26864e-47
3.66081e-48
-6.5319e-46
6.72644e-48
-2.72857e-46
2.61399e-49
9.77975e-46
-4.54166e-48
7.29083e-46
1.19968e-48
7.05676e-47
5.07736e-48
-1.80417e-46
-1.13699e-48
1.15051e-45
-4.7531e-48
4.6036e-46
-3.33472e-48
3.33486e-46
3.22228e-48
-2.88332e-46
1.08912e-48
-2.17951e-46
-7.74028e-48
1.26984e-45
-3.18587e-49
-1.31526e-45
4.53393e-48
-1.27927e-46
2.42398e-48
-1.06307e-47
3.38675e-48
7.80453e-47
-2.42589e-48
6.9711e-46
-6.2753e-48
6.85467e-46
4.76429e-48
-8.71435e-46
5.64068e-48
-2.36876e-46
-6.64638e-48
1.62728e-45
-5.76808e-48
-7.86445e-46
4.6304e-48
-1.33373e-46
-7.36412e-46
1.71054e-40
1.25335e-40
1.13316e-41
8.71614e-42
7.78325e-43
5.02924e-43
4.65336e-44
1.8743e-44
2.87596e-45
8.00997e-45
1.00029e-46
1.38421e-44
-8.46384e-47
7.03724e-45
-2.32497e-47
-6.14885e-45
3.33659e-47
-6.92225e-45
2.08274e-47
-7.74021e-46
2.47924e-48
-1.1938e-46
3.0478e-49
-1.03548e-47
-6.68081e-49
-2.90506e-48
-4.60384e-48
-1.95192e-47
-3.91969e-47
-2.28592e-46
-4.61911e-47
-1.42958e-45
7.8629e-47
-1.30796e-44
1.44636e-46
-5.48298e-45
5.40273e-48
1.95813e-44
-9.86729e-47
1.45674e-44
1.86306e-47
1.34158e-45
1.02854e-46
-3.90945e-45
-1.80075e-47
2.08536e-44
-9.50975e-47
8.92728e-45
-7.15697e-47
6.62655e-45
6.32711e-47
-5.83163e-45
2.43431e-47
-4.60123e-45
-1.53705e-46
2.35603e-44
-6.0366e-48
-2.44524e-44
9.1179e-47
-2.31819e-45
5.11509e-47
-1.70317e-46
7.22135e-47
1.53433e-45
-5.2775e-47
1.39214e-44
-1.35478e-46
1.35144e-44
9.59854e-47
-1.75531e-44
1.1522e-46
-5.02055e-45
-1.35966e-46
3.04665e-44
-1.10899e-46
-1.60174e-44
9.44737e-47
-2.49452e-45
-1.29278e-44
-3.80025e-42
1.72182e-40
-5.38743e-43
1.38681e-41
-7.01037e-44
6.42304e-43
-3.09689e-45
-1.67015e-43
1.00101e-45
1.1185e-43
-1.03626e-45
2.37837e-43
-1.78477e-45
1.21532e-43
-4.52789e-46
-1.06411e-43
6.41347e-46
-1.19656e-43
3.99896e-46
-1.32593e-44
4.72808e-47
-2.02162e-45
5.78773e-48
-1.74025e-46
-1.26808e-47
-4.8545e-47
-8.78334e-47
-3.28175e-46
-7.52954e-46
-3.87232e-45
-8.89016e-46
-2.45124e-44
1.5076e-45
-2.26206e-43
2.77563e-45
-9.49817e-44
9.94488e-47
3.38581e-43
-1.91627e-45
2.51614e-43
1.74671e-46
2.18799e-44
1.81079e-45
-7.37635e-44
-1.78085e-46
3.05e-43
-1.64304e-45
1.48322e-43
-1.36948e-45
1.13429e-43
1.05729e-45
-1.02024e-43
4.87645e-46
-8.44961e-44
-2.61901e-45
3.58094e-43
-9.75007e-47
-3.73354e-43
1.58736e-45
-3.51211e-44
9.63836e-46
-1.98015e-45
1.38896e-45
2.63884e-44
-1.01135e-45
2.4079e-43
-2.6252e-45
2.35582e-43
1.65773e-45
-3.04749e-43
2.05077e-45
-9.26986e-44
-2.42975e-45
4.71823e-43
-1.79182e-45
-2.82193e-43
1.67604e-45
-3.9827e-44
-1.76177e-43
-2.08348e-40
1.51707e-40
-1.54664e-41
1.38284e-41
-1.24702e-42
-3.48041e-42
-3.34308e-44
-4.15667e-42
2.34333e-44
2.02192e-42
-2.04589e-44
4.41591e-42
-3.55964e-44
2.25641e-42
-8.94292e-45
-1.98299e-42
1.29021e-44
-2.22297e-42
8.00679e-45
-2.40231e-43
9.3058e-46
-3.61881e-44
1.13436e-46
-3.06028e-45
-2.48244e-46
-8.47833e-46
-1.72953e-45
-5.77421e-45
-1.50916e-44
-6.93696e-44
-1.79191e-44
-4.44542e-43
3.00144e-44
-4.20839e-42
5.5429e-44
-1.77558e-42
1.89914e-45
6.29805e-42
-3.86269e-44
4.66768e-42
1.24884e-45
3.82969e-43
3.42776e-44
-1.45882e-42
-1.34996e-45
5.0718e-42
-3.04349e-44
2.67574e-42
-2.72544e-44
2.09601e-42
1.92709e-44
-1.91597e-42
1.01245e-44
-1.63945e-42
-4.82085e-44
6.15494e-42
-1.67748e-45
-6.431e-42
2.9681e-44
-5.82949e-43
1.89742e-44
-2.51687e-44
2.7605e-44
4.77737e-43
-2.03718e-44
4.46417e-42
-5.2452e-44
4.29559e-42
3.12763e-44
-5.70632e-42
3.91194e-44
-1.80199e-42
-4.63351e-44
8.20392e-42
-3.16303e-44
-5.33033e-42
3.17366e-44
-6.87069e-43
-2.77753e-42
-2.55434e-39
-1.15012e-40
-1.79199e-40
1.49042e-41
-1.41771e-41
-6.46714e-41
-7.91544e-44
-6.34845e-41
4.30804e-43
3.04308e-41
-3.4216e-43
6.65239e-41
-5.96848e-43
3.39684e-41
-1.45458e-43
-2.99118e-41
2.22414e-43
-3.3482e-41
1.3732e-43
-3.57385e-42
1.5807e-44
-5.25947e-43
1.90816e-45
-4.39479e-44
-4.17294e-45
-1.20307e-44
-2.94018e-44
-8.29877e-44
-2.58976e-43
-1.0087e-42
-3.09553e-43
-6.62556e-42
5.00163e-43
-6.34289e-41
9.3116e-43
-2.68157e-41
3.03687e-44
9.48889e-41
-6.56797e-43
7.02441e-41
-2.88756e-44
5.37713e-42
5.37537e-43
-2.36924e-41
3.72474e-44
6.03356e-41
-4.50664e-43
3.86614e-41
-4.5271e-43
3.12625e-41
2.82364e-43
-2.92083e-41
1.81246e-43
-2.60485e-41
-7.10032e-43
7.84039e-41
-2.26105e-44
-8.24988e-41
4.51539e-43
-7.42761e-42
3.19307e-43
-1.17455e-43
4.76807e-43
7.13986e-42
-3.3322e-43
6.73127e-41
-8.83156e-43
6.56185e-41
4.79219e-43
-8.63115e-41
6.15478e-43
-2.8749e-41
-7.26829e-43
1.07734e-40
-4.36469e-43
-8.17361e-41
4.83062e-43
-9.42728e-42
-2.80579e-41
-2.14495e-40
4.07207e-40
-2.75105e-41
4.53874e-40
-9.67074e-43
-1.10449e-39
1.44926e-41
-1.09586e-39
8.75013e-42
5.26446e-40
-5.90347e-42
1.14724e-39
-1.02782e-41
5.85112e-40
-2.22e-42
-5.17978e-40
4.21548e-42
-5.77206e-40
2.56094e-42
-5.92846e-41
2.87284e-43
-8.53235e-42
3.43669e-44
-6.9379e-43
-7.50294e-44
-1.87616e-43
-5.34829e-43
-1.31128e-42
-4.83713e-42
-1.63825e-41
-5.90681e-42
-1.10096e-40
8.41574e-42
-1.09574e-39
1.61485e-41
-4.66467e-40
4.94274e-43
1.63882e-39
-1.1515e-41
1.20862e-39
-2.88961e-43
8.60668e-41
9.9516e-42
-4.29112e-40
1.3936e-42
9.20492e-40
-7.27753e-42
6.49172e-40
-7.58255e-42
5.37201e-40
5.21059e-42
-5.09016e-40
3.53418e-42
-4.64875e-40
-1.20964e-41
1.25578e-39
-3.46034e-43
-1.32352e-39
7.84558e-42
-1.12263e-40
5.85742e-42
2.73444e-43
8.89709e-42
1.18215e-40
-5.37825e-42
1.15745e-39
-1.4821e-41
1.10359e-39
9.01084e-42
-1.50209e-39
1.10544e-41
-5.12886e-40
-1.26553e-41
1.7499e-39
-7.75708e-42
-1.43138e-39
7.72897e-42
-1.49188e-40
-3.84138e-40
-6.34184e-41
7.09785e-39
-1.29198e-40
5.85603e-39
4.06717e-42
-1.38038e-38
1.66007e-40
-1.37116e-38
1.03574e-40
6.58789e-39
-6.10556e-41
1.43472e-38
-9.9079e-41
7.30827e-39
-3.11986e-42
-6.4888e-39
6.57675e-41
-7.2157e-39
3.82373e-41
-7.27516e-40
4.21893e-42
-9.97606e-41
4.94087e-43
-7.94354e-42
-1.07752e-42
-2.09718e-42
-7.86735e-42
-1.50361e-41
-7.22917e-41
-1.91706e-40
-9.38267e-41
-1.35594e-39
6.8467e-41
-1.37109e-38
1.62224e-40
-5.85242e-39
4.28353e-42
2.04929e-38
-1.19843e-40
1.50942e-38
3.32559e-41
9.83286e-40
1.60953e-40
-5.73538e-39
4.40864e-41
7.81586e-39
-5.9505e-41
7.77106e-39
-5.84983e-41
6.65202e-39
9.07467e-41
-6.4412e-39
5.74459e-41
-6.09653e-39
-1.45163e-40
1.23857e-38
-3.44055e-42
-1.32122e-38
9.96155e-41
-1.11881e-39
8.57351e-41
5.59545e-41
1.39195e-40
1.45857e-39
-1.98644e-41
1.44959e-38
-1.18376e-40
1.41248e-38
1.49463e-40
-1.88535e-38
1.53101e-40
-6.74535e-39
-1.50621e-40
1.82462e-38
-1.31372e-40
-1.81975e-38
4.81798e-41
-1.65873e-39
-1.59924e-39
7.54418e-40
1.13779e-37
1.6415e-40
9.48748e-38
7.11741e-41
-2.21046e-37
5.18062e-40
-2.19716e-37
5.59254e-40
1.058e-37
1.82725e-40
2.29269e-37
7.80487e-40
1.16582e-37
1.33069e-39
-1.04373e-37
1.27938e-39
-1.15245e-37
6.70324e-40
-1.08806e-38
7.06601e-41
-1.43594e-39
8.11572e-42
-1.09459e-40
-1.76539e-41
-2.8336e-41
-1.31985e-40
-2.07474e-40
-1.27056e-39
-2.76412e-39
-1.89711e-39
-2.03344e-38
-1.44163e-39
-2.19707e-37
-8.10507e-40
-9.48095e-38
-4.98567e-41
3.283e-37
3.85028e-40
2.40386e-37
3.06646e-39
1.41847e-38
4.07521e-39
-9.50997e-38
1.15704e-39
1.13014e-37
4.9154e-40
1.21663e-37
1.49348e-39
1.06313e-37
2.84564e-39
-1.0406e-37
1.15526e-39
-9.99207e-38
-2.27503e-39
1.90526e-37
-4.29416e-41
-2.02832e-37
1.60733e-39
-1.53231e-38
1.47703e-39
1.13582e-39
2.64787e-39
2.17398e-38
2.36842e-39
2.3078e-37
2.85316e-39
2.1824e-37
4.13873e-39
-3.04883e-37
2.80371e-39
-1.10151e-37
-1.59332e-39
2.83504e-37
-4.41377e-39
-2.95257e-37
-1.70122e-39
-2.38685e-38
-1.5848e-38
7.56558e-38
1.02705e-36
1.18222e-37
8.59291e-37
8.60782e-40
-1.99234e-36
-1.09601e-37
-1.98183e-36
-5.3652e-38
9.54414e-37
6.30052e-38
2.06616e-36
1.3139e-37
1.04849e-36
8.29788e-38
-9.43158e-37
2.15706e-38
-1.03792e-36
8.48703e-39
-9.48281e-38
8.55152e-40
-1.13218e-38
9.31975e-41
-8.29109e-40
-2.0233e-40
-2.04595e-40
-1.60339e-39
-1.5759e-39
-1.61254e-38
-2.18264e-38
-3.47536e-38
-1.784e-37
-1.45117e-37
-1.98176e-36
-1.87217e-37
-8.5876e-37
-6.03262e-39
2.95816e-36
1.25728e-37
2.1622e-36
1.59792e-37
1.13001e-37
1.124e-37
-9.06399e-37
3.07122e-38
4.60783e-37
7.80921e-38
1.05212e-36
1.40483e-37
9.50037e-37
9.69285e-38
-9.48526e-37
2.05039e-38
-9.36568e-37
-1.80774e-38
1.21048e-36
-9.65971e-41
-1.31656e-36
1.49861e-38
-1.01396e-37
1.8227e-38
1.62466e-38
4.45102e-38
1.90699e-37
1.62333e-37
2.08537e-36
2.72961e-37
2.05945e-36
1.23007e-37
-2.756e-36
4.08644e-38
-1.0334e-36
3.04574e-38
2.01006e-36
-1.60839e-37
-2.69925e-36
-1.43905e-37
-1.85036e-37
3.51175e-37
3.0814e-36
1.43186e-35
5.21352e-36
1.22817e-35
1.327e-38
-2.78762e-35
-5.06755e-36
-2.77529e-35
-2.57827e-36
1.34311e-35
2.73565e-36
2.87756e-35
5.56718e-36
1.45688e-35
3.20734e-36
-1.32997e-35
4.96408e-37
-1.4445e-35
1.44034e-37
-1.1459e-36
1.31909e-38
-1.32119e-37
1.37897e-39
-9.06403e-39
-2.9819e-39
-2.19541e-39
-2.48093e-38
-1.72503e-38
-2.74969e-37
-2.55297e-37
-8.50252e-37
-2.16039e-36
-5.92963e-36
-2.77522e-35
-8.05472e-36
-1.22762e-35
-2.31176e-37
4.14401e-35
5.46244e-36
2.99327e-35
6.13399e-36
1.32871e-36
3.66942e-36
-1.28991e-35
8.19033e-37
-1.13593e-35
3.16633e-36
1.4582e-35
5.72121e-36
1.33489e-35
3.4056e-36
-1.3391e-35
4.83783e-37
-1.32216e-35
-2.29798e-37
-3.66658e-37
2.20441e-39
-9.10612e-37
2.13492e-37
-1.22404e-36
3.02544e-37
2.15462e-37
1.00247e-36
2.29115e-36
6.33552e-36
2.89038e-35
1.11857e-35
2.74133e-35
4.11454e-36
-3.91263e-35
9.15092e-37
-1.44354e-35
1.84351e-36
1.1153e-35
-5.85114e-36
-3.83027e-35
-5.72858e-36
-2.27958e-36
2.1854e-35
9.18611e-35
1.62985e-34
1.14864e-37
-1.61553e-34
-8.31075e-35
8.46421e-35
1.70281e-34
9.31296e-35
8.70372e-36
1.41913e-36
1.14363e-37
1.0467e-38
-2.25425e-38
-2.16857e-37
-2.72457e-36
-1.59994e-35
-1.77656e-34
-2.48714e-34
-6.07967e-36
1.69082e-34
1.77867e-34
9.60294e-35
1.73468e-35
9.44869e-35
1.71802e-34
9.34275e-35
8.7035e-36
1.07144e-36
1.25741e-37
4.16043e-37
2.85983e-36
1.75477e-35
1.85465e-34
3.37095e-34
1.07817e-34
1.49553e-35
6.62933e-35
-1.65678e-34
-1.7089e-34
)
;

boundaryField
{
    leftWall
    {
        type            calculated;
        value           nonuniform 0();
    }
    rightWall
    {
        type            calculated;
        value           uniform 0;
    }
    lowerWall
    {
        type            calculated;
        value           uniform 0;
    }
    atmosphere
    {
        type            calculated;
        value           nonuniform 0();
    }
    defaultFaces
    {
        type            empty;
        value           nonuniform 0();
    }
    procBoundary1to0
    {
        type            processor;
        value           nonuniform List<scalar> 
44
(
1.27782e-46
2.09426e-45
2.64121e-44
3.08417e-43
3.55709e-42
3.67071e-41
3.85516e-40
3.34554e-39
3.17516e-38
1.96852e-37
2.94213e-36
-8.74522e-37
-6.99862e-36
-1.68923e-37
3.29119e-36
-1.99812e-37
-5.77848e-36
-1.08139e-35
-3.41238e-37
1.07924e-35
9.43943e-35
-6.14013e-36
-4.50326e-37
-4.78363e-38
-3.02397e-39
-2.8123e-40
-7.84511e-40
-9.64034e-39
-1.54931e-37
-1.39651e-36
-1.97042e-35
-1.84537e-35
1.84537e-35
1.97042e-35
1.39744e-36
1.91121e-37
1.06457e-36
2.23895e-36
1.05497e-36
3.61935e-38
9.30113e-40
1.29136e-41
-1.81539e-41
-1.22346e-40
)
;
    }
    procBoundary1to3
    {
        type            processor;
        value           nonuniform List<scalar> 
45
(
7.06805e-41
9.66956e-40
1.05141e-38
1.33217e-37
1.04583e-36
1.33987e-35
1.15118e-35
-2.60921e-35
-2.59781e-35
1.25764e-35
2.69255e-35
1.36301e-35
-1.24549e-35
-1.35156e-35
-1.06128e-36
-1.22141e-37
-8.33709e-39
-2.01723e-39
-1.58681e-38
-2.36059e-37
-2.00107e-36
-2.59774e-35
-1.15069e-35
3.87914e-35
2.79982e-35
1.2732e-36
-1.08931e-35
7.20135e-35
1.48338e-35
1.25445e-35
-1.24963e-35
-1.12341e-35
8.11403e-35
-8.2323e-35
-2.28212e-36
1.5857e-37
2.16495e-36
2.8255e-35
2.64351e-35
-3.53943e-35
-1.22712e-35
9.31373e-35
-3.47356e-35
-3.21965e-36
-5.78034e-35
)
;
    }
}


// ************************************************************************* //
