/*--------------------------------*- C++ -*----------------------------------*\
| =========                 |                                                 |
| \\      /  F ield         | OpenFOAM: The Open Source CFD Toolbox           |
|  \\    /   O peration     | Version:  2.4.0                                 |
|   \\  /    A nd           | Web:      www.OpenFOAM.org                      |
|    \\/     M anipulation  |                                                 |
\*---------------------------------------------------------------------------*/
FoamFile
{
    version     2.0;
    format      ascii;
    class       volVectorField;
    location    "0.35";
    object      U;
}
// * * * * * * * * * * * * * * * * * * * * * * * * * * * * * * * * * * * * * //

dimensions      [0 1 -1 0 0 0 0];

internalField   nonuniform List<vector> 
1915
(
(1.27593e-43 -8.20195e-41 0)
(4.74925e-42 -7.24165e-42 0)
(1.37843e-42 -1.03189e-39 0)
(6.80927e-41 -9.03582e-41 0)
(1.57271e-41 -1.20094e-38 0)
(8.49261e-40 -1.04536e-39 0)
(1.61377e-40 -1.3795e-37 0)
(9.8017e-39 -1.18499e-38 0)
(1.5662e-39 -1.41705e-36 0)
(1.11608e-37 -1.2128e-37 0)
(1.22741e-38 -1.48341e-35 0)
(1.13251e-36 -1.24629e-36 0)
(8.61984e-38 -1.28832e-34 0)
(1.16929e-35 -1.08525e-35 0)
(2.44547e-37 -1.24083e-33 0)
(9.87454e-35 -1.01223e-34 0)
(-8.74595e-37 -8.25411e-33 0)
(9.16415e-34 -6.87937e-34 0)
(-2.74283e-35 -7.83064e-32 0)
(5.33535e-33 -6.0369e-33 0)
(-1.6598e-36 -4.40884e-37 0)
(-2.47438e-35 -3.9908e-36 0)
(-1.46991e-34 -5.38844e-35 0)
(-2.60532e-33 -4.67396e-35 0)
(-2.48161e-33 1.05111e-34 0)
(2.48161e-33 1.05111e-34 0)
(2.60532e-33 -4.67396e-35 0)
(1.46991e-34 -5.38844e-35 0)
(2.47506e-35 -3.99176e-36 0)
(1.62713e-36 -4.61616e-37 0)
(1.72286e-37 -3.05169e-38 0)
(1.1104e-38 -2.55871e-39 0)
(-1.31749e-44 -3.13533e-40 0)
(-1.11042e-38 -2.55875e-39 0)
(-1.72289e-37 -3.05176e-38 0)
(-1.62718e-36 -4.61627e-37 0)
(-2.47516e-35 -3.99191e-36 0)
(-1.47002e-34 -5.38869e-35 0)
(-2.60549e-33 -4.67703e-35 0)
(-2.48325e-33 1.04646e-34 0)
(2.45669e-33 1.01088e-34 0)
(2.45669e-33 -1.01088e-34 0)
(-2.48325e-33 -1.04646e-34 0)
(-2.60549e-33 4.67703e-35 0)
(-1.47002e-34 5.38869e-35 0)
(-2.47516e-35 3.99191e-36 0)
(-1.62724e-36 4.61616e-37 0)
(-1.73211e-37 3.03596e-38 0)
(-2.23719e-38 -1.0266e-41 0)
(-1.74066e-37 -3.0506e-38 0)
(-1.63748e-36 -4.64007e-37 0)
(-2.49126e-35 -4.01987e-36 0)
(-1.48456e-34 -5.43179e-35 0)
(-2.6286e-33 -5.02978e-35 0)
(-2.60532e-33 5.47845e-35 0)
(-4.23795e-41 1.08697e-34 0)
(2.60532e-33 5.47843e-35 0)
(2.6286e-33 -5.02998e-35 0)
(1.4829e-34 -5.43214e-35 0)
(2.40319e-35 -3.74046e-36 0)
(-2.66821e-37 2.05436e-37 0)
(-3.56296e-36 2.04458e-36 0)
(-2.24167e-35 2.76367e-35 0)
(-2.7548e-34 2.39646e-35 0)
(-2.56386e-34 -5.38932e-35 0)
(2.56386e-34 -5.38932e-35 0)
(2.7548e-34 2.39646e-35 0)
(2.24168e-35 2.76367e-35 0)
(3.56438e-36 2.04541e-36 0)
(2.67453e-37 2.3015e-37 0)
(2.79044e-38 1.50151e-38 0)
(1.92073e-39 1.23534e-39 0)
(-2.45509e-45 1.49601e-40 0)
(-1.92077e-39 1.23536e-39 0)
(-2.79051e-38 1.50154e-38 0)
(-2.67463e-37 2.30155e-37 0)
(-3.56454e-36 2.04549e-36 0)
(-2.24187e-35 2.7638e-35 0)
(-2.75508e-34 2.39797e-35 0)
(-2.56656e-34 -5.36618e-35 0)
(2.52794e-34 -5.18327e-35 0)
(2.52794e-34 5.18327e-35 0)
(-2.56656e-34 5.36618e-35 0)
(-2.75508e-34 -2.39797e-35 0)
(-2.24187e-35 -2.7638e-35 0)
(-3.56454e-36 -2.04549e-36 0)
(-2.67473e-37 -2.3015e-37 0)
(-2.80645e-38 -1.494e-38 0)
(-3.87093e-39 4.84186e-42 0)
(-2.82117e-38 1.501e-38 0)
(-2.69245e-37 2.31305e-37 0)
(-3.5905e-36 2.05927e-36 0)
(-2.26581e-35 2.7853e-35 0)
(-2.78803e-34 2.57937e-35 0)
(-2.7548e-34 -2.80856e-35 0)
(-8.79364e-42 -5.57362e-35 0)
(2.7548e-34 -2.80855e-35 0)
(2.78802e-34 2.57944e-35 0)
(2.26276e-35 2.78465e-35 0)
(3.40133e-36 1.65072e-36 0)
(-4.98046e-38 3.2911e-38 0)
(-5.59491e-37 3.29435e-37 0)
(-2.14966e-36 3.71421e-36 0)
(-1.98375e-35 3.12224e-36 0)
(-1.82054e-35 -7.20604e-36 0)
(1.82054e-35 -7.20604e-36 0)
(1.98375e-35 3.12224e-36 0)
(2.14965e-36 3.71421e-36 0)
(5.59539e-37 3.29561e-37 0)
(4.73324e-38 3.71975e-38 0)
(5.70033e-39 2.61173e-39 0)
(4.14886e-40 2.15254e-40 0)
(-6.16738e-46 2.71738e-41 0)
(-4.14896e-40 2.15257e-40 0)
(-5.7005e-39 2.61178e-39 0)
(-4.73348e-38 3.71984e-38 0)
(-5.59575e-37 3.29574e-37 0)
(-2.15007e-36 3.71442e-36 0)
(-1.98433e-35 3.12486e-36 0)
(-1.82532e-35 -7.16863e-36 0)
(1.76401e-35 -6.87386e-36 0)
(1.76401e-35 6.87386e-36 0)
(-1.82532e-35 7.16863e-36 0)
(-1.98433e-35 -3.12486e-36 0)
(-2.15007e-36 -3.71442e-36 0)
(-5.59575e-37 -3.29574e-37 0)
(-4.73372e-38 -3.71975e-38 0)
(-5.73709e-39 -2.59809e-39 0)
(-8.36733e-40 8.8204e-43 0)
(-5.7708e-39 2.61079e-39 0)
(-4.7718e-38 3.73981e-38 0)
(-5.64856e-37 3.31971e-37 0)
(-2.19166e-36 3.74899e-36 0)
(-2.0355e-35 3.41701e-36 0)
(-1.98375e-35 -3.78661e-36 0)
(-7.93332e-43 -7.50324e-36 0)
(1.98375e-35 -3.7866e-36 0)
(2.0355e-35 3.41715e-36 0)
(2.19035e-36 3.74803e-36 0)
(5.58266e-37 2.65923e-37 0)
(-5.79587e-39 6.86019e-39 0)
(-5.74833e-38 6.16149e-38 0)
(-1.52705e-37 6.60741e-37 0)
(-1.08414e-36 5.51391e-37 0)
(-9.84164e-37 -1.28219e-36 0)
(9.84164e-37 -1.28219e-36 0)
(1.08414e-36 5.51391e-37 0)
(1.52702e-37 6.60741e-37 0)
(5.74768e-38 6.16552e-38 0)
(5.39677e-39 7.77137e-39 0)
(6.93041e-40 5.73259e-40 0)
(5.30695e-41 5.01115e-41 0)
(-8.71102e-47 6.51738e-42 0)
(-5.30709e-41 5.01124e-41 0)
(-6.93065e-40 5.73273e-40 0)
(-5.39709e-39 7.77161e-39 0)
(-5.74816e-38 6.16585e-38 0)
(-1.52756e-37 6.60791e-37 0)
(-1.08484e-36 5.51968e-37 0)
(-9.89614e-37 -1.27436e-36 0)
(9.25989e-37 -1.21995e-36 0)
(9.25989e-37 1.21995e-36 0)
(-9.89614e-37 1.27436e-36 0)
(-1.08484e-36 -5.51968e-37 0)
(-1.52756e-37 -6.60791e-37 0)
(-5.74816e-38 -6.16585e-38 0)
(-5.39741e-39 -7.77137e-39 0)
(-6.9787e-40 -5.69988e-40 0)
(-1.0708e-40 2.17787e-43 0)
(-7.02287e-40 5.73027e-40 0)
(-5.44602e-39 7.81798e-39 0)
(-5.8121e-38 6.21816e-38 0)
(-1.57455e-37 6.67986e-37 0)
(-1.13687e-36 6.05801e-37 0)
(-1.08414e-36 -6.75855e-37 0)
(-4.38701e-44 -1.33712e-36 0)
(1.08414e-36 -6.75854e-37 0)
(1.13687e-36 6.05808e-37 0)
(1.57533e-37 6.67635e-37 0)
(5.87025e-38 4.89418e-38 0)
(-7.11346e-40 8.36113e-40 0)
(-6.40393e-39 7.21598e-39 0)
(-1.02994e-38 7.21638e-38 0)
(-4.11856e-38 5.94229e-38 0)
(-3.67285e-38 -1.39842e-37 0)
(3.67285e-38 -1.39842e-37 0)
(4.11856e-38 5.94229e-38 0)
(1.02989e-38 7.2164e-38 0)
(6.40101e-39 7.22176e-39 0)
(6.41138e-40 9.52776e-40 0)
(8.84201e-41 7.37202e-41 0)
(6.98572e-42 6.60707e-42 0)
(-1.24333e-47 8.85171e-43 0)
(-6.98592e-42 6.60719e-42 0)
(-8.84234e-41 7.37221e-41 0)
(-6.41183e-40 9.52808e-40 0)
(-6.40166e-39 7.2222e-39 0)
(-1.0306e-38 7.21706e-38 0)
(-4.12746e-38 5.94971e-38 0)
(-3.73767e-38 -1.38883e-37 0)
(3.02385e-38 -1.32546e-37 0)
(3.02385e-38 1.32546e-37 0)
(-3.73767e-38 1.38883e-37 0)
(-4.12746e-38 -5.94971e-38 0)
(-1.0306e-38 -7.21706e-38 0)
(-6.40167e-39 -7.2222e-39 0)
(-6.41228e-40 -9.52776e-40 0)
(-8.90753e-41 -7.32758e-41 0)
(-1.41014e-41 2.99716e-44 0)
(-8.96734e-41 7.36881e-41 0)
(-6.47608e-40 9.58907e-40 0)
(-6.48301e-39 7.28931e-39 0)
(-1.0858e-38 7.30492e-38 0)
(-4.70274e-38 6.57595e-38 0)
(-4.11856e-38 -7.40148e-38 0)
(6.11569e-45 -1.46247e-37 0)
(4.11857e-38 -7.40147e-38 0)
(4.70306e-38 6.57591e-38 0)
(1.09019e-38 7.29966e-38 0)
(6.74499e-39 5.67212e-39 0)
(-7.19311e-41 1.07304e-40 0)
(-6.02648e-40 8.78282e-40 0)
(-6.74459e-40 8.53556e-39 0)
(-6.73147e-40 6.99541e-39 0)
(-5.45703e-40 -1.65435e-38 0)
(5.45702e-40 -1.65435e-38 0)
(6.73144e-40 6.99541e-39 0)
(6.74402e-40 8.5356e-39 0)
(6.0221e-40 8.79211e-40 0)
(6.3706e-41 1.22519e-40 0)
(9.13869e-42 9.75295e-42 0)
(7.44126e-43 8.9951e-43 0)
(-1.41465e-48 1.22671e-43 0)
(-7.44149e-43 8.99527e-43 0)
(-9.13906e-42 9.75322e-42 0)
(-6.37109e-41 1.22524e-40 0)
(-6.02281e-40 8.79272e-40 0)
(-6.75156e-40 8.5365e-39 0)
(-6.82354e-40 7.00523e-39 0)
(-6.10162e-40 -1.642e-38 0)
(-6.57173e-41 -1.56544e-38 0)
(-6.57173e-41 1.56544e-38 0)
(-6.10162e-40 1.642e-38 0)
(-6.82354e-40 -7.00523e-39 0)
(-6.75156e-40 -8.5365e-39 0)
(-6.02281e-40 -8.79272e-40 0)
(-6.37158e-41 -1.22519e-40 0)
(-9.20979e-42 -9.69136e-42 0)
(-1.50262e-42 4.21282e-45 0)
(-9.27457e-42 9.74844e-42 0)
(-6.43944e-41 1.23353e-40 0)
(-6.10666e-40 8.88125e-40 0)
(-7.29652e-40 8.6492e-39 0)
(-1.2201e-39 7.76102e-39 0)
(-6.73144e-40 -8.77346e-39 0)
(1.4706e-45 -1.7318e-38 0)
(6.73172e-40 -8.77347e-39 0)
(1.22058e-39 7.76074e-39 0)
(7.36041e-40 8.64087e-39 0)
(6.46982e-40 6.81413e-40 0)
(-6.79073e-42 1.2089e-41 0)
(-5.83563e-41 8.78341e-41 0)
(-5.05001e-41 8.26453e-40 0)
(8.51635e-41 6.72254e-40 0)
(8.29382e-41 -1.60102e-39 0)
(-8.29379e-41 -1.60102e-39 0)
(-8.51615e-41 6.72259e-40 0)
(5.05192e-41 8.26501e-40 0)
(5.82136e-41 8.84034e-41 0)
(6.33849e-42 1.27111e-41 0)
(9.39087e-43 1.04159e-42 0)
(7.7875e-44 9.77698e-44 0)
(-1.55105e-49 1.35867e-44 0)
(-7.78774e-44 9.77717e-44 0)
(-9.39126e-43 1.04162e-42 0)
(-6.33902e-42 1.27116e-41 0)
(-5.82211e-41 8.84102e-41 0)
(-5.05981e-41 8.26599e-40 0)
(8.42149e-41 6.73307e-40 0)
(7.65205e-41 -1.58821e-39 0)
(-1.42098e-40 -1.51157e-39 0)
(-1.42098e-40 1.51157e-39 0)
(7.65205e-41 1.58821e-39 0)
(8.42149e-41 -6.73307e-40 0)
(-5.05981e-41 -8.26599e-40 0)
(-5.82211e-41 -8.84102e-41 0)
(-6.33955e-42 -1.27111e-41 0)
(-9.46646e-43 -1.03477e-42 0)
(-1.57295e-43 4.70982e-46 0)
(-9.53524e-43 1.04109e-42 0)
(-6.41047e-42 1.28015e-41 0)
(-5.90813e-41 8.9354e-41 0)
(-5.599e-41 8.38262e-40 0)
(3.24187e-41 7.48902e-40 0)
(8.51615e-41 -8.51162e-40 0)
(2.43951e-46 -1.67862e-39 0)
(-8.51573e-41 -8.51164e-40 0)
(-3.23563e-41 7.48857e-40 0)
(5.68094e-41 8.37284e-40 0)
(6.36057e-41 6.79479e-41 0)
(1.17097e-41 2.9794e-41 0)
(-4.82673e-42 2.29252e-42 0)
(-3.49993e-42 8.05961e-41 0)
(1.23306e-41 6.57513e-41 0)
(1.15993e-41 -1.5729e-40 0)
(-1.15961e-41 -1.57287e-40 0)
(-1.22974e-41 6.58027e-41 0)
(3.87858e-42 8.11966e-41 0)
(5.06773e-42 8.85694e-42 0)
(5.6707e-43 1.30966e-42 0)
(8.56859e-44 1.09233e-43 0)
(7.23651e-45 1.04105e-44 0)
(-1.50011e-50 1.46354e-45 0)
(-7.23675e-45 1.04107e-44 0)
(-8.56897e-44 1.09237e-43 0)
(-5.6712e-43 1.30972e-42 0)
(-5.06843e-42 8.85768e-42 0)
(-3.88591e-42 8.12071e-41 0)
(1.2211e-41 6.59127e-41 0)
(1.10219e-41 -1.55966e-40 0)
(-1.67504e-41 -1.48319e-40 0)
(-1.67504e-41 1.48319e-40 0)
(1.10219e-41 1.55966e-40 0)
(1.2211e-41 -6.59127e-41 0)
(-3.88591e-42 -8.12071e-41 0)
(-5.06843e-42 -8.85767e-42 0)
(-5.67171e-43 -1.30966e-42 0)
(-8.6396e-44 -1.08498e-43 0)
(-1.46198e-44 5.11212e-47 0)
(-8.70413e-44 1.09179e-43 0)
(-5.73754e-43 1.31928e-42 0)
(-5.14679e-42 8.95649e-42 0)
(-4.36659e-42 8.24067e-41 0)
(7.71769e-42 7.34496e-41 0)
(1.22974e-41 -8.37365e-41 0)
(2.89618e-47 -1.65033e-40 0)
(-1.22969e-41 -8.37369e-41 0)
(-7.7111e-42 7.34432e-41 0)
(4.45062e-42 8.22949e-41 0)
(5.60278e-42 6.75416e-42 0)
(4.19466e-40 1.42929e-41 0)
(1.05137e-41 -6.85583e-41 0)
(5.63638e-42 8.99553e-43 0)
(1.6862e-42 5.3035e-42 0)
(1.18161e-42 -1.3812e-41 0)
(-1.14153e-42 -1.37873e-41 0)
(-1.22204e-42 5.74057e-42 0)
(3.15705e-43 7.11921e-42 0)
(4.36581e-43 7.95051e-43 0)
(4.96391e-44 1.19683e-43 0)
(7.61628e-45 1.01645e-44 0)
(6.5087e-46 9.78888e-46 0)
(-1.38387e-51 1.39281e-46 0)
(-6.50892e-46 9.78909e-46 0)
(-7.61663e-45 1.01649e-44 0)
(-4.96437e-44 1.19688e-43 0)
(-4.36645e-43 7.95121e-43 0)
(-3.16357e-43 7.12019e-42 0)
(1.2145e-42 5.75088e-42 0)
(1.09362e-42 -1.36651e-41 0)
(-1.58818e-42 -1.29805e-41 0)
(-1.58818e-42 1.29805e-41 0)
(1.09362e-42 1.36651e-41 0)
(1.2145e-42 -5.75088e-42 0)
(-3.16357e-43 -7.12019e-42 0)
(-4.36645e-43 -7.95121e-43 0)
(-4.96483e-44 -1.19683e-43 0)
(-7.68069e-45 -1.00946e-44 0)
(-1.31516e-45 4.89177e-48 0)
(-7.73916e-45 1.01593e-44 0)
(-5.024e-44 1.20587e-43 0)
(-4.43602e-43 8.04306e-43 0)
(-3.58315e-43 7.22964e-42 0)
(8.28219e-43 6.42527e-42 0)
(1.22218e-42 -7.35122e-42 0)
(3.13585e-48 -1.44798e-41 0)
(-1.22213e-42 -7.35126e-42 0)
(-8.27566e-43 6.42457e-42 0)
(3.66484e-43 7.21862e-42 0)
(4.87524e-43 6.03281e-43 0)
(1.17983e-38 5.87627e-39 0)
(8.84455e-40 -8.64487e-40 0)
(7.75905e-41 -7.69517e-41 0)
(5.21549e-42 -4.03133e-42 0)
(4.23744e-43 -1.44268e-42 0)
(-7.57348e-44 -1.2007e-42 0)
(-1.00687e-43 4.9258e-43 0)
(2.45805e-44 6.1349e-43 0)
(3.4781e-44 6.95065e-44 0)
(4.02194e-45 1.06077e-44 0)
(6.23339e-46 9.11396e-46 0)
(5.39149e-47 8.84307e-47 0)
(-1.05966e-52 1.26772e-47 0)
(-5.39165e-47 8.84327e-47 0)
(-6.23362e-46 9.11429e-46 0)
(-4.02219e-45 1.06083e-44 0)
(-3.47836e-44 6.95143e-44 0)
(-2.45794e-44 6.13609e-43 0)
(1.0112e-43 4.94144e-43 0)
(9.0866e-44 -1.17717e-42 0)
(-1.30349e-43 -1.11744e-42 0)
(-1.30349e-43 1.11744e-42 0)
(9.0866e-44 1.17717e-42 0)
(1.0112e-43 -4.94144e-43 0)
(-2.45794e-44 -6.13609e-43 0)
(-3.47836e-44 -6.95142e-44 0)
(-4.02258e-45 -1.06078e-44 0)
(-6.287e-46 -9.05032e-46 0)
(-1.08956e-46 4.46774e-49 0)
(-6.33568e-46 9.1092e-46 0)
(-4.07156e-45 1.06894e-44 0)
(-3.53523e-44 7.03372e-44 0)
(-2.79725e-44 6.23299e-43 0)
(7.04178e-44 5.52956e-43 0)
(1.01748e-43 -6.34077e-43 0)
(2.95356e-49 -1.24843e-42 0)
(-1.01744e-43 -6.34082e-43 0)
(-7.03601e-44 5.52884e-43 0)
(2.86799e-44 6.22259e-43 0)
(3.91362e-44 5.25377e-44 0)
(1.62447e-34 -3.34152e-31 0)
(5.74311e-32 -2.83044e-32 0)
(5.38682e-33 -6.76815e-30 0)
(-5.70642e-33 -4.03204e-31 0)
(1.08356e-31 8.19599e-31 0)
(-1.51613e-32 5.00237e-32 0)
(5.38541e-33 7.63418e-30 0)
(7.9935e-33 4.57198e-31 0)
(1.69775e-34 3.87869e-31 0)
(6.42773e-32 3.30803e-32 0)
(4.83219e-36 1.94655e-31 0)
(-3.87024e-33 1.70026e-32 0)
(1.40286e-35 8.04002e-31 0)
(-1.12187e-31 6.87739e-32 0)
(2.59571e-35 1.28578e-29 0)
(-2.09949e-31 8.0221e-31 0)
(8.16318e-37 2.50891e-29 0)
(-6.62506e-33 1.53127e-30 0)
(-2.59042e-35 1.36312e-29 0)
(2.09531e-31 8.48291e-31 0)
(1.19277e-31 7.15596e-32 0)
(8.74807e-33 1.14153e-32 0)
(9.29282e-34 8.43776e-34 0)
(5.86866e-35 8.73109e-35 0)
(4.58005e-36 1.97278e-35 0)
(-5.58333e-38 1.75725e-34 0)
(-4.2421e-36 2.84576e-33 0)
(-7.13331e-35 2.72485e-32 0)
(-6.90208e-34 4.3112e-31 0)
(-9.97935e-33 2.53722e-30 0)
(-9.35652e-33 4.55141e-29 0)
(9.35653e-33 4.55141e-29 0)
(9.97923e-33 2.53722e-30 0)
(6.75458e-34 4.31096e-31 0)
(-5.44e-34 2.70458e-32 0)
(-1.87011e-32 -1.50623e-34 0)
(-3.76446e-31 1.75268e-34 0)
(-1.87054e-32 3.01033e-33 0)
(-6.15332e-34 2.03503e-34 0)
(-1.47477e-35 2.36737e-35 0)
(-9.25776e-38 1.46305e-36 0)
(3.36496e-37 2.57281e-37 0)
(2.22138e-36 1.52488e-36 0)
(4.77333e-33 -1.70621e-33 0)
(6.41202e-34 -1.10203e-34 0)
(4.92952e-35 -8.73212e-36 0)
(4.63399e-36 -5.86291e-37 0)
(-4.99811e-34 -1.83342e-32 0)
(-3.82047e-35 -6.62934e-34 0)
(-1.91098e-36 -2.03983e-35 0)
(4.97743e-38 -5.78241e-37 0)
(-2.90045e-33 2.24555e-33 0)
(1.62293e-35 7.79372e-35 0)
(8.35589e-36 1.68931e-36 0)
(3.56127e-36 -4.08164e-39 0)
(7.2305e-34 2.08387e-32 0)
(1.24928e-34 7.52528e-34 0)
(1.10841e-35 2.26317e-35 0)
(1.27502e-36 5.97202e-37 0)
(5.6749e-33 1.88598e-33 0)
(7.56068e-34 8.40792e-35 0)
(5.93887e-35 3.79563e-36 0)
(5.57529e-36 1.82514e-37 0)
(-4.02977e-34 1.99255e-33 0)
(-5.74051e-35 1.50666e-34 0)
(-4.88557e-36 1.36128e-35 0)
(-4.72705e-37 9.68263e-37 0)
(-1.01258e-32 4.93855e-33 0)
(-1.34824e-33 2.79855e-34 0)
(-1.06752e-34 1.89965e-35 0)
(-9.98454e-36 1.19221e-36 0)
(-1.8658e-32 3.71448e-32 0)
(-2.47608e-33 1.35131e-33 0)
(-1.94601e-34 3.63653e-35 0)
(-1.81627e-35 5.91449e-37 0)
(-5.85344e-34 6.87573e-32 0)
(-7.75878e-35 2.39221e-33 0)
(-6.08058e-36 5.27133e-35 0)
(-5.67071e-37 -2.71008e-38 0)
(1.86151e-32 3.91382e-32 0)
(2.47032e-33 1.41659e-33 0)
(1.94123e-34 3.73412e-35 0)
(1.81178e-35 5.47844e-37 0)
(1.076e-32 5.04974e-33 0)
(1.43335e-33 2.81582e-34 0)
(1.13492e-34 1.87145e-35 0)
(1.06181e-35 1.16022e-36 0)
(9.07988e-34 1.33976e-33 0)
(1.26672e-34 1.01573e-34 0)
(1.07042e-35 9.16796e-36 0)
(1.02801e-36 6.52227e-37 0)
(9.83723e-35 1.11178e-34 0)
(1.51332e-35 9.2557e-36 0)
(1.32889e-36 8.78162e-37 0)
(1.33757e-37 6.54149e-38 0)
(6.5497e-36 1.3059e-35 0)
(1.05316e-36 1.15196e-36 0)
(9.59143e-38 1.15627e-37 0)
(9.88683e-39 8.90044e-39 0)
(-3.80577e-37 2.54388e-36 0)
(-2.56497e-38 3.52077e-37 0)
(-1.10516e-38 3.38637e-38 0)
(-9.94284e-40 3.32212e-39 0)
(-1.56265e-35 2.0379e-35 0)
(-1.89364e-36 3.17176e-36 0)
(-3.13787e-37 2.92037e-37 0)
(-2.95019e-38 2.97574e-38 0)
(-1.95895e-34 3.09156e-34 0)
(-2.34611e-35 4.59704e-35 0)
(-3.6936e-36 4.03857e-36 0)
(-3.40221e-37 4.01659e-37 0)
(-3.15106e-33 2.91053e-33 0)
(-3.53125e-34 3.7772e-34 0)
(-5.33977e-35 3.13662e-35 0)
(-4.70762e-36 2.931e-36 0)
(-2.84181e-32 4.05916e-32 0)
(-3.11551e-33 4.72553e-33 0)
(-4.25485e-34 3.56771e-34 0)
(-3.60381e-35 3.17885e-35 0)
(-4.01506e-31 2.33274e-31 0)
(-3.79087e-32 1.50404e-32 0)
(-4.97881e-33 7.48974e-34 0)
(-3.94991e-34 4.12938e-35 0)
(-3.76058e-31 3.00022e-30 0)
(-3.51247e-32 1.39017e-31 0)
(-4.60333e-33 4.85355e-33 0)
(-3.63348e-34 1.09282e-34 0)
(3.76058e-31 3.00022e-30 0)
(3.51246e-32 1.39017e-31 0)
(4.60332e-33 4.85357e-33 0)
(3.63347e-34 1.09284e-34 0)
(4.01506e-31 2.33275e-31 0)
(3.79085e-32 1.50421e-32 0)
(4.97865e-33 7.49182e-34 0)
(3.9497e-34 4.13248e-35 0)
(2.84036e-32 4.06165e-32 0)
(3.11186e-33 4.75299e-33 0)
(4.23399e-34 3.5995e-34 0)
(3.57898e-35 3.22432e-35 0)
(2.54163e-33 3.12478e-33 0)
(2.56698e-34 6.12986e-34 0)
(1.72493e-35 5.77332e-35 0)
(8.28814e-37 6.33607e-36 0)
(-1.83547e-32 3.47669e-33 0)
(-1.94257e-33 3.47855e-33 0)
(-3.66479e-34 3.3579e-34 0)
(-3.43537e-35 4.19654e-35 0)
(-3.74141e-31 2.03035e-35 0)
(-2.84756e-32 3.16481e-36 0)
(-5.20252e-33 2.92146e-37 0)
(-4.3246e-34 3.49016e-38 0)
(-1.85497e-32 -3.1659e-33 0)
(-1.96592e-33 -3.43231e-33 0)
(-3.70147e-34 -3.31714e-34 0)
(-3.46458e-35 -4.14845e-35 0)
(-6.09369e-34 -2.14149e-34 0)
(-9.64056e-35 -2.35231e-34 0)
(-3.60584e-35 -2.61654e-35 0)
(-3.18501e-36 -2.13115e-36 0)
(-1.45663e-35 -2.49319e-35 0)
(-3.41269e-36 -2.72455e-35 0)
(-5.96858e-37 -8.95175e-37 0)
(1.19922e-35 1.47711e-35 0)
(1.32503e-37 -1.23024e-36 0)
(2.51062e-36 1.25878e-36 0)
(1.79481e-35 3.32372e-35 0)
(1.56263e-34 2.31119e-34 0)
(3.47128e-36 1.83455e-36 0)
(3.96024e-35 2.07935e-35 0)
(2.81467e-34 2.48934e-34 0)
(2.69239e-33 1.90075e-33 0)
(2.48844e-35 2.20775e-35 0)
(3.01259e-34 2.40053e-34 0)
(2.48187e-33 3.04156e-33 0)
(2.71823e-32 2.3878e-32 0)
(3.08613e-37 -3.39364e-38 0)
(2.1762e-38 -8.52551e-40 0)
(1.2669e-39 -3.22885e-41 0)
(7.78006e-41 -1.48951e-42 0)
(4.19663e-42 -1.56711e-43 0)
(2.2519e-43 -7.34687e-44 0)
(5.64271e-45 2.81991e-44 0)
(1.96476e-45 3.55013e-44 0)
(2.0126e-45 4.08748e-45 0)
(2.32887e-46 6.36311e-46 0)
(3.61668e-47 5.54734e-47 0)
(3.14497e-48 5.45253e-48 0)
(9.06838e-53 7.90304e-49 0)
(-3.1427e-48 5.45272e-48 0)
(-3.61136e-47 5.54767e-47 0)
(-2.31655e-46 6.36372e-46 0)
(-1.98583e-45 4.08855e-45 0)
(-1.38818e-45 3.55199e-44 0)
(5.86837e-45 2.85151e-44 0)
(5.26784e-45 -6.81177e-44 0)
(-7.52461e-45 -6.46155e-44 0)
(-7.52461e-45 6.46155e-44 0)
(5.26784e-45 6.81177e-44 0)
(5.86837e-45 -2.85151e-44 0)
(-1.38818e-45 -3.55199e-44 0)
(-1.98584e-45 -4.08854e-45 0)
(-2.31678e-46 -6.36342e-46 0)
(-3.64255e-47 -5.50779e-47 0)
(-6.35126e-48 2.80713e-50 0)
(-3.67099e-47 5.54447e-47 0)
(-2.34532e-46 6.41367e-46 0)
(-2.01876e-45 4.13856e-45 0)
(-1.58339e-45 3.61004e-44 0)
(4.11767e-45 3.19615e-44 0)
(5.9048e-45 -3.67473e-44 0)
(1.90666e-50 -7.23125e-44 0)
(-5.9045e-45 -3.67476e-44 0)
(-4.11407e-45 3.19566e-44 0)
(1.62767e-45 3.60349e-44 0)
(2.25938e-45 3.06825e-45 0)
(1.32561e-38 -2.37179e-38 0)
(2.04916e-39 -1.29445e-39 0)
(1.69985e-40 -1.08095e-40 0)
(1.44549e-41 -7.12926e-42 0)
(9.60121e-43 -5.01942e-43 0)
(6.4432e-44 -3.27467e-44 0)
(3.49483e-45 -2.37473e-46 0)
(2.81053e-46 1.77169e-45 0)
(1.01402e-46 2.11464e-46 0)
(1.12075e-47 3.34504e-47 0)
(1.70045e-48 2.93953e-48 0)
(1.48206e-49 2.89087e-49 0)
(6.09875e-53 4.20264e-50 0)
(-1.46839e-49 2.89587e-49 0)
(-1.67167e-48 2.95067e-48 0)
(-1.06106e-47 3.36832e-47 0)
(-8.99157e-47 2.16269e-46 0)
(-6.24634e-47 1.86302e-45 0)
(2.66807e-46 1.49251e-45 0)
(2.3922e-46 -3.57149e-45 0)
(-3.41566e-46 -3.38624e-45 0)
(-3.41566e-46 3.38624e-45 0)
(2.3922e-46 3.57149e-45 0)
(2.66807e-46 -1.49251e-45 0)
(-6.24634e-47 -1.86302e-45 0)
(-8.99158e-47 -2.16269e-46 0)
(-1.06117e-47 -3.36816e-47 0)
(-1.68634e-48 -2.92945e-48 0)
(-2.96801e-49 1.48948e-51 0)
(-1.6997e-48 2.94897e-48 0)
(-1.0745e-47 3.39485e-47 0)
(-9.14385e-47 2.1893e-46 0)
(-7.13867e-47 1.89373e-45 0)
(1.87664e-46 1.67478e-45 0)
(2.68493e-46 -1.92798e-45 0)
(9.729e-52 -3.79341e-45 0)
(-2.68478e-46 -1.92799e-45 0)
(-1.87488e-46 1.67451e-45 0)
(7.35274e-47 1.89012e-45 0)
(1.02968e-46 1.62389e-46 0)
(3.18204e-37 -4.04065e-39 0)
(3.43133e-38 -2.87776e-40 0)
(2.40784e-39 -1.84522e-41 0)
(1.87673e-40 -9.95049e-43 0)
(1.16169e-41 -5.4423e-44 0)
(7.52717e-43 -2.85342e-45 0)
(4.21028e-44 -6.45287e-47 0)
(2.39532e-45 8.00199e-47 0)
(1.26901e-46 9.83903e-48 0)
(6.78178e-48 1.57649e-48 0)
(3.7706e-49 1.39886e-49 0)
(2.09529e-50 1.3824e-50 0)
(6.17351e-52 2.02147e-51 0)
(-6.9566e-51 1.38455e-50 0)
(-7.92132e-50 1.40412e-49 0)
(-5.02659e-49 1.58877e-48 0)
(-4.23316e-48 1.01219e-47 0)
(-2.93121e-48 8.61888e-47 0)
(1.25724e-47 6.88683e-47 0)
(1.12641e-47 -1.65164e-46 0)
(-1.60861e-47 -1.56504e-46 0)
(-1.60861e-47 1.56504e-46 0)
(1.12641e-47 1.65164e-46 0)
(1.25724e-47 -6.88683e-47 0)
(-2.93121e-48 -8.61888e-47 0)
(-4.23316e-48 -1.01219e-47 0)
(-5.02711e-49 -1.5887e-48 0)
(-7.99112e-50 -1.39391e-49 0)
(-1.41151e-50 7.17993e-53 0)
(-8.0546e-50 1.4033e-49 0)
(-5.09051e-49 1.60145e-48 0)
(-4.30529e-48 1.02485e-47 0)
(-3.35391e-48 8.76361e-47 0)
(8.84964e-48 7.73867e-47 0)
(1.26523e-47 -8.92516e-47 0)
(4.92054e-53 -1.75555e-46 0)
(-1.26516e-47 -8.92525e-47 0)
(-8.84096e-48 7.73726e-47 0)
(3.45854e-48 8.74593e-47 0)
(4.87536e-48 7.58156e-48 0)
(9.42869e-38 2.09375e-38 0)
(7.7044e-39 1.09387e-39 0)
(4.95158e-40 9.56538e-41 0)
(3.41654e-41 6.47708e-42 0)
(2.00917e-42 4.6329e-43 0)
(1.2171e-43 2.74217e-44 0)
(6.58498e-45 1.64627e-45 0)
(3.58843e-46 9.12869e-47 0)
(1.81506e-47 5.09214e-48 0)
(9.1608e-49 2.99439e-49 0)
(4.51643e-50 1.7433e-50 0)
(2.22478e-51 1.14211e-51 0)
(8.36031e-53 1.17807e-52 0)
(-3.04652e-52 6.61156e-52 0)
(-3.47552e-51 6.70915e-51 0)
(-2.19881e-50 7.56616e-50 0)
(-1.83547e-49 4.82432e-49 0)
(-1.26602e-49 4.08231e-48 0)
(5.45243e-49 3.25662e-48 0)
(4.88015e-49 -7.82066e-48 0)
(-6.97337e-49 -7.40784e-48 0)
(-6.97337e-49 7.40784e-48 0)
(4.88015e-49 7.82066e-48 0)
(5.45243e-49 -3.25662e-48 0)
(-1.26602e-49 -4.08231e-48 0)
(-1.83548e-49 -4.82432e-49 0)
(-2.19904e-50 -7.5658e-50 0)
(-3.50646e-51 -6.66039e-51 0)
(-6.23041e-52 3.41834e-54 0)
(-3.53451e-51 6.70521e-51 0)
(-2.22702e-50 7.62661e-50 0)
(-1.86711e-49 4.8848e-49 0)
(-1.45081e-49 4.15121e-48 0)
(3.84025e-49 3.66269e-48 0)
(5.4875e-49 -4.22815e-48 0)
(2.29286e-54 -8.31595e-48 0)
(-5.48716e-49 -4.22819e-48 0)
(-3.83632e-49 3.66198e-48 0)
(1.49768e-49 4.14254e-48 0)
(2.12279e-49 3.61653e-49 0)
(3.66281e-37 1.09281e-38 0)
(2.56625e-38 6.25815e-40 0)
(1.48553e-39 4.08709e-41 0)
(9.084e-41 2.34939e-42 0)
(4.87447e-42 1.39471e-43 0)
(2.67375e-43 7.44506e-45 0)
(1.33411e-44 3.99966e-46 0)
(6.67839e-46 1.99867e-47 0)
(3.11184e-47 9.95958e-49 0)
(1.43905e-48 4.83668e-50 0)
(6.29493e-50 2.34862e-51 0)
(2.71705e-51 1.18048e-52 0)
(1.1108e-52 8.06159e-54 0)
(-8.99864e-54 2.93637e-53 0)
(-1.51478e-52 2.96494e-52 0)
(-9.61123e-52 3.32406e-51 0)
(-7.98332e-51 2.11382e-50 0)
(-5.49314e-51 1.77308e-49 0)
(2.37136e-50 1.41143e-49 0)
(2.12111e-50 -3.39559e-49 0)
(-3.03208e-50 -3.21477e-49 0)
(-3.03208e-50 3.21477e-49 0)
(2.12111e-50 3.39559e-49 0)
(2.37136e-50 -1.41143e-49 0)
(-5.49314e-51 -1.77308e-49 0)
(-7.98332e-51 -2.11381e-50 0)
(-9.61229e-52 -3.32389e-51 0)
(-1.52996e-52 -2.94325e-52 0)
(-2.72495e-53 1.51704e-55 0)
(-1.54219e-52 2.96314e-52 0)
(-9.73471e-52 3.35079e-51 0)
(-8.1213e-51 2.14054e-50 0)
(-6.30118e-51 1.80334e-49 0)
(1.67064e-50 1.58926e-49 0)
(2.38666e-50 -1.83714e-49 0)
(1.04491e-55 -3.61265e-49 0)
(-2.38651e-50 -1.83716e-49 0)
(-1.66887e-50 1.58894e-49 0)
(6.50936e-51 1.79943e-49 0)
(9.2693e-51 1.58378e-50 0)
(-3.24402e-38 6.89505e-38 0)
(-2.29573e-39 3.95374e-39 0)
(-1.35816e-40 2.40111e-40 0)
(-8.31454e-42 1.28461e-41 0)
(-4.50407e-43 7.01437e-43 0)
(-2.46065e-44 3.48913e-44 0)
(-1.22998e-45 1.73878e-45 0)
(-6.11151e-47 8.07188e-47 0)
(-2.83704e-48 3.71486e-48 0)
(-1.29833e-49 1.61688e-49 0)
(-5.62501e-51 6.93564e-51 0)
(-2.39059e-52 2.84515e-52 0)
(-9.74869e-54 1.15638e-53 0)
(-9.44119e-55 1.71405e-54 0)
(-6.24336e-54 1.29886e-53 0)
(-3.9484e-53 1.45095e-52 0)
(-3.25721e-52 9.24428e-52 0)
(-2.23409e-52 7.71599e-51 0)
(9.67452e-52 6.13382e-51 0)
(8.64631e-52 -1.47729e-50 0)
(-1.23662e-51 -1.39818e-50 0)
(-1.23662e-51 1.39818e-50 0)
(8.64631e-52 1.47729e-50 0)
(9.67452e-52 -6.13382e-51 0)
(-2.23409e-52 -7.71599e-51 0)
(-3.25721e-52 -9.24428e-52 0)
(-3.94875e-53 -1.45087e-52 0)
(-6.28382e-54 -1.28776e-53 0)
(-1.12359e-54 6.60299e-57 0)
(-6.33421e-54 1.29645e-53 0)
(-3.99924e-53 1.46261e-52 0)
(-3.31386e-52 9.36124e-52 0)
(-2.56605e-52 7.84801e-51 0)
(6.81829e-52 6.9118e-51 0)
(9.73735e-52 -7.99556e-51 0)
(4.46898e-57 -1.57222e-50 0)
(-9.7367e-52 -7.99566e-51 0)
(-6.81087e-52 6.91032e-51 0)
(2.65273e-52 7.83057e-51 0)
(3.79471e-52 6.93415e-52 0)
(-6.57155e-37 7.96677e-38 0)
(-4.57985e-38 4.4701e-39 0)
(-2.64767e-39 2.6898e-40 0)
(-1.60932e-40 1.43159e-41 0)
(-8.60762e-42 7.7874e-43 0)
(-4.69104e-43 3.85971e-44 0)
(-2.33011e-44 1.91711e-45 0)
(-1.15854e-45 8.86912e-47 0)
(-5.36786e-47 4.06811e-48 0)
(-2.46403e-48 1.76379e-49 0)
(-1.06949e-49 7.5349e-51 0)
(-4.57145e-51 3.0734e-52 0)
(-1.86605e-52 1.23118e-53 0)
(-7.49796e-54 5.26179e-55 0)
(-5.40013e-55 5.52831e-55 0)
(-1.61329e-54 5.96089e-54 0)
(-1.31661e-53 3.79845e-53 0)
(-9.01127e-54 3.14908e-52 0)
(3.90993e-53 2.4989e-52 0)
(3.49243e-53 -6.02726e-52 0)
(-4.99671e-53 -5.70219e-52 0)
(-4.99671e-53 5.70219e-52 0)
(3.49243e-53 6.02726e-52 0)
(3.90993e-53 -2.4989e-52 0)
(-9.01126e-54 -3.14908e-52 0)
(-1.31657e-53 -3.79845e-53 0)
(-1.60259e-54 -5.95994e-54 0)
(-2.54284e-55 -5.31069e-55 0)
(-4.55394e-56 2.71995e-58 0)
(-2.5632e-55 5.34654e-55 0)
(-1.62305e-54 6.00829e-54 0)
(-1.33949e-53 3.84669e-53 0)
(-1.03592e-53 3.20329e-52 0)
(2.7561e-53 2.81858e-52 0)
(3.93536e-53 -3.2639e-52 0)
(1.864e-58 -6.41735e-52 0)
(-3.93509e-53 -3.26394e-52 0)
(-2.75303e-53 2.81796e-52 0)
(1.07144e-53 3.19599e-52 0)
(1.53861e-53 2.85086e-53 0)
(-1.19014e-36 -1.85142e-38 0)
(-8.28215e-38 -2.00488e-39 0)
(-4.77363e-39 -1.39079e-40 0)
(-2.89818e-40 -7.66371e-42 0)
(-1.54677e-41 -4.20852e-43 0)
(-8.42166e-43 -2.09411e-44 0)
(-4.17634e-44 -1.04154e-45 0)
(-2.07482e-45 -4.82607e-47 0)
(-9.60103e-47 -2.2152e-48 0)
(-4.40412e-48 -9.61469e-50 0)
(-1.90963e-49 -4.10948e-51 0)
(-8.15757e-51 -1.67742e-52 0)
(-3.32711e-52 -6.71924e-54 0)
(-1.3322e-53 -2.5672e-55 0)
(-5.22511e-55 1.1918e-56 0)
(-8.12596e-56 2.40862e-55 0)
(-5.06715e-55 1.54173e-54 0)
(-3.45436e-55 1.27303e-53 0)
(1.50255e-54 1.009e-53 0)
(1.34116e-54 -2.43598e-53 0)
(-1.91968e-54 -2.30397e-53 0)
(-1.91968e-54 2.30397e-53 0)
(1.34116e-54 2.43598e-53 0)
(1.50256e-54 -1.009e-53 0)
(-3.45411e-55 -1.27303e-53 0)
(-5.0601e-55 -1.54174e-54 0)
(-6.19265e-56 -2.41206e-55 0)
(-9.80471e-57 -2.1527e-56 0)
(-1.7604e-57 1.09471e-59 0)
(-9.88321e-57 2.16719e-56 0)
(-6.27179e-56 2.43159e-55 0)
(-5.14845e-55 1.5613e-54 0)
(-3.97521e-55 1.29497e-53 0)
(1.05943e-54 1.13883e-53 0)
(1.51236e-54 -1.3195e-53 0)
(7.39122e-60 -2.59431e-53 0)
(-1.51225e-54 -1.31952e-53 0)
(-1.05823e-54 1.13857e-53 0)
(4.11355e-55 1.29197e-53 0)
(5.9304e-55 1.15883e-54 0)
(-3.70949e-38 -1.16025e-37 0)
(-2.57995e-39 -8.39748e-39 0)
(-1.48526e-40 -5.41204e-40 0)
(-9.01323e-42 -2.92875e-41 0)
(-4.80622e-43 -1.60014e-42 0)
(-2.61582e-44 -7.94051e-44 0)
(-1.29634e-45 -3.94497e-45 0)
(-6.43813e-47 -1.82531e-46 0)
(-2.97764e-48 -8.37184e-48 0)
(-1.36548e-49 -3.62961e-49 0)
(-5.91825e-51 -1.55032e-50 0)
(-2.5275e-52 -6.32244e-52 0)
(-1.03049e-53 -2.53115e-53 0)
(-4.12527e-55 -9.74191e-55 0)
(-1.62417e-56 -3.59025e-56 0)
(-2.94945e-57 7.96292e-57 0)
(-1.91684e-56 5.95332e-56 0)
(-1.30461e-56 4.89349e-55 0)
(5.68453e-56 3.87272e-55 0)
(5.0714e-56 -9.36116e-55 0)
(-7.26122e-56 -8.8508e-55 0)
(-7.26122e-56 8.8508e-55 0)
(5.0714e-56 9.36116e-55 0)
(5.68454e-56 -3.87272e-55 0)
(-1.30454e-56 -4.8935e-55 0)
(-1.91466e-56 -5.95809e-56 0)
(-2.35114e-57 -9.30125e-57 0)
(-3.70838e-58 -8.32189e-58 0)
(-6.66464e-59 3.65013e-61 0)
(-3.73795e-58 8.37829e-58 0)
(-2.38111e-57 9.37657e-57 0)
(-1.94807e-56 6.03373e-56 0)
(-1.50252e-56 4.97807e-55 0)
(4.00861e-56 4.37464e-55 0)
(5.72162e-56 -5.07266e-55 0)
(2.88203e-61 -9.97303e-55 0)
(-5.72121e-56 -5.07273e-55 0)
(-4.004e-56 4.37362e-55 0)
(1.55532e-56 4.96632e-55 0)
(2.24977e-56 4.48393e-56 0)
(1.18712e-36 -2.50162e-38 0)
(8.261e-38 -2.4292e-39 0)
(4.76121e-39 -1.65755e-40 0)
(2.89061e-40 -9.09944e-42 0)
(1.54267e-41 -4.99206e-43 0)
(8.39922e-43 -2.4829e-44 0)
(4.1651e-44 -1.23473e-45 0)
(2.06921e-45 -5.72007e-47 0)
(9.57485e-47 -2.62529e-48 0)
(4.39205e-48 -1.13928e-49 0)
(1.90436e-49 -4.86902e-51 0)
(8.13496e-51 -1.98719e-52 0)
(3.31783e-52 -7.95959e-54 0)
(1.32838e-53 -3.06567e-55 0)
(5.11335e-55 -1.15345e-56 0)
(1.91991e-56 -6.98816e-59 0)
(7.71617e-60 2.24681e-57 0)
(-4.47376e-58 1.85169e-56 0)
(2.06409e-57 1.46398e-56 0)
(1.83955e-57 -3.54154e-56 0)
(-2.63485e-57 -3.34767e-56 0)
(-2.63478e-57 3.34768e-56 0)
(1.83955e-57 3.54175e-56 0)
(2.06315e-57 -1.46389e-56 0)
(-4.72485e-58 -1.85174e-56 0)
(-6.95039e-58 -2.2623e-57 0)
(-8.56539e-59 -3.51815e-58 0)
(-1.35325e-59 -2.98668e-59 0)
(-2.48993e-60 -1.65186e-60 0)
(-1.35216e-59 3.15364e-59 0)
(-8.67996e-59 3.54638e-58 0)
(-7.07158e-58 2.29087e-57 0)
(-5.44684e-58 1.88378e-56 0)
(1.45518e-57 1.65467e-56 0)
(2.07666e-57 -1.91956e-56 0)
(9.38369e-62 -3.77387e-56 0)
(-2.07653e-57 -1.91935e-56 0)
(-1.45358e-57 1.65422e-56 0)
(5.63985e-58 1.87923e-56 0)
(8.18774e-58 1.70414e-57 0)
(6.98922e-37 7.70129e-38 0)
(4.87171e-38 4.30857e-39 0)
(2.81655e-39 2.58958e-40 0)
(1.71213e-40 1.37688e-41 0)
(9.1578e-42 7.48569e-43 0)
(4.99115e-43 3.70754e-44 0)
(2.47921e-44 1.84065e-45 0)
(1.23271e-45 8.51022e-47 0)
(5.71152e-47 3.90171e-48 0)
(2.62181e-48 1.69069e-49 0)
(1.13797e-49 7.21925e-51 0)
(4.86416e-51 2.9429e-52 0)
(1.9855e-52 1.17788e-53 0)
(7.95384e-54 4.53236e-55 0)
(3.06387e-55 1.70895e-56 0)
(1.15572e-56 6.3409e-58 0)
(3.96665e-58 9.4589e-59 0)
(-8.93125e-61 6.6888e-58 0)
(7.45335e-59 5.45897e-58 0)
(6.50436e-59 -1.27397e-57 0)
(-9.41569e-59 -1.21285e-57 0)
(-9.20612e-59 1.21585e-57 0)
(6.58225e-59 1.33539e-57 0)
(7.18593e-59 -5.19688e-58 0)
(-1.73232e-59 -6.66425e-58 0)
(-2.495e-59 -8.62576e-59 0)
(-1.20233e-60 -1.28224e-59 0)
(-2.24586e-60 4.663e-59 0)
(-2.01152e-60 -4.85316e-59 0)
(1.24719e-60 -4.16488e-60 0)
(-2.86326e-60 1.21416e-59 0)
(-2.47854e-59 8.47823e-59 0)
(-1.90396e-59 6.9477e-58 0)
(5.10217e-59 6.11515e-58 0)
(7.35914e-59 -7.09491e-58 0)
(2.49656e-60 -1.36981e-57 0)
(-7.4258e-59 -6.39799e-58 0)
(-5.39913e-59 5.91586e-58 0)
(1.89553e-59 6.7783e-58 0)
(3.21561e-59 2.37654e-59 0)
(7.02968e-38 4.63485e-38 0)
(4.97583e-39 2.65518e-39 0)
(2.94675e-40 1.60865e-40 0)
(1.8102e-41 8.59355e-42 0)
(9.84097e-43 4.68071e-43 0)
(5.40469e-44 2.32398e-44 0)
(2.71565e-45 1.15518e-45 0)
(1.35811e-46 5.35078e-47 0)
(6.34544e-48 2.45572e-48 0)
(2.92587e-49 1.06568e-49 0)
(1.2779e-50 4.55454e-51 0)
(5.48152e-52 1.85888e-52 0)
(2.24809e-53 7.44598e-54 0)
(9.03093e-55 2.86801e-55 0)
(3.49122e-56 1.08155e-56 0)
(1.30975e-57 3.59132e-58 0)
(4.43371e-59 -2.81507e-58 0)
(2.7685e-59 -9.82862e-59 0)
(1.89763e-59 4.65821e-58 0)
(-1.17632e-59 2.9177e-58 0)
(-1.39852e-59 8.30041e-60 0)
(4.75765e-59 6.79928e-59 0)
(1.2668e-59 1.43903e-57 0)
(-4.40244e-59 2.98493e-58 0)
(-1.62428e-59 1.46936e-58 0)
(-7.03662e-60 -1.16498e-58 0)
(5.42278e-59 -1.07893e-59 0)
(-5.11211e-59 1.33823e-57 0)
(-5.59582e-59 -1.36059e-57 0)
(5.0345e-59 -1.48234e-58 0)
(6.8291e-60 -2.00928e-59 0)
(1.13988e-59 4.03668e-59 0)
(9.772e-60 3.46646e-58 0)
(-2.29938e-59 3.5092e-58 0)
(-8.94177e-60 -4.002e-58 0)
(7.34544e-59 -5.15571e-59 0)
(-1.19051e-59 1.57853e-57 0)
(-6.65657e-59 -2.43255e-58 0)
(-3.06907e-59 -9.91057e-59 0)
(8.54133e-59 -1.06469e-57 0)
(9.40639e-39 4.74254e-39 0)
(6.79697e-40 2.7871e-40 0)
(4.08196e-41 1.70731e-41 0)
(2.53348e-42 9.27252e-43 0)
(1.38712e-43 5.08985e-44 0)
(7.65505e-45 2.55666e-45 0)
(3.85828e-46 1.27828e-46 0)
(1.93257e-47 5.97135e-48 0)
(9.03421e-49 2.75295e-49 0)
(4.16329e-50 1.20222e-50 0)
(1.8161e-51 5.1564e-52 0)
(7.77411e-53 2.11459e-53 0)
(3.18033e-54 8.49412e-55 0)
(1.27351e-55 3.28221e-56 0)
(4.86927e-57 1.07692e-57 0)
(-1.23813e-58 -9.91915e-58 0)
(-8.4828e-59 -8.67194e-57 0)
(7.85767e-58 -3.56823e-57 0)
(4.85119e-58 1.29865e-56 0)
(-4.16557e-58 9.79685e-57 0)
(-3.29712e-58 1.44902e-57 0)
(1.41397e-57 4.2438e-58 0)
(3.08454e-58 3.81604e-56 0)
(-1.28824e-57 8.92422e-57 0)
(-4.54156e-58 4.91653e-57 0)
(-1.90977e-58 -3.34545e-57 0)
(1.53009e-57 -5.51886e-58 0)
(-1.42309e-57 3.68622e-56 0)
(-1.56671e-57 -3.75086e-56 0)
(1.4123e-57 -4.05571e-57 0)
(1.95664e-58 -5.56312e-58 0)
(3.61256e-58 1.08434e-57 0)
(3.07858e-58 9.35485e-57 0)
(-7.35133e-58 9.5179e-57 0)
(-3.50068e-58 -1.09657e-56 0)
(2.08537e-57 -3.76378e-58 0)
(-2.76045e-58 4.42777e-56 0)
(-1.81988e-57 -7.95272e-57 0)
(-8.41852e-58 -3.40319e-57 0)
(2.33805e-57 -2.90473e-56 0)
(7.11434e-40 6.61136e-40 0)
(5.20594e-41 3.96465e-41 0)
(3.16855e-42 2.45612e-42 0)
(1.98193e-43 1.34857e-43 0)
(1.09422e-44 7.44287e-45 0)
(6.06883e-46 3.76116e-46 0)
(3.07509e-47 1.88477e-47 0)
(1.54516e-48 8.83012e-49 0)
(7.2474e-50 4.07179e-50 0)
(3.3462e-51 1.77946e-51 0)
(1.46258e-52 7.62266e-53 0)
(6.26692e-54 3.12316e-54 0)
(2.5662e-55 1.25113e-55 0)
(1.0108e-56 4.41416e-57 0)
(-6.81472e-58 -4.43509e-57 0)
(-8.95221e-57 -2.89169e-56 0)
(-2.66757e-57 -2.42653e-55 0)
(2.28261e-56 -9.99229e-56 0)
(1.40875e-56 3.63314e-55 0)
(-1.21565e-56 2.73907e-55 0)
(-9.87974e-57 3.92535e-56 0)
(3.86911e-56 3.53258e-57 0)
(8.95987e-57 9.99874e-55 0)
(-3.50376e-56 2.41366e-55 0)
(-1.29317e-56 1.36202e-55 0)
(-5.76326e-57 -9.48987e-56 0)
(4.2378e-56 -2.24725e-56 0)
(-3.89529e-56 9.72e-55 0)
(-4.31274e-56 -9.90041e-55 0)
(3.89474e-56 -1.06416e-55 0)
(5.41741e-57 -1.43923e-56 0)
(1.04442e-56 3.03302e-56 0)
(8.8872e-57 2.61528e-55 0)
(-2.1413e-56 2.65561e-55 0)
(-1.0424e-56 -3.08271e-55 0)
(5.82243e-56 -1.8749e-56 0)
(-7.98699e-57 1.17142e-54 0)
(-5.02557e-56 -2.29869e-55 0)
(-2.21344e-56 -9.0248e-56 0)
(6.36552e-56 -7.55489e-55 0)
(-1.20353e-40 2.43649e-40 0)
(-8.4484e-42 1.71792e-41 0)
(-6.84383e-43 1.06378e-42 0)
(-4.27436e-44 6.52084e-44 0)
(-2.82862e-45 3.63119e-45 0)
(-1.59465e-46 1.98638e-46 0)
(-9.15143e-48 1.00963e-47 0)
(-4.71145e-49 5.01995e-49 0)
(-2.41916e-50 2.35361e-50 0)
(-1.14784e-51 1.07692e-51 0)
(-5.37277e-53 4.69103e-53 0)
(-2.36571e-54 1.99113e-54 0)
(-1.02563e-55 7.97931e-56 0)
(-9.01517e-57 -8.14101e-57 0)
(-3.0216e-56 -1.26811e-55 0)
(-2.5088e-55 -7.91747e-55 0)
(-7.4828e-56 -6.67818e-54 0)
(6.38646e-55 -2.75325e-54 0)
(3.9399e-55 9.99952e-54 0)
(-3.41533e-55 7.53088e-54 0)
(-2.84934e-55 1.04447e-54 0)
(1.01259e-54 -1.17379e-55 0)
(2.50659e-55 2.58382e-53 0)
(-9.10417e-55 6.42805e-54 0)
(-3.54417e-55 3.71313e-54 0)
(-1.67217e-55 -2.64635e-54 0)
(1.12458e-54 -7.99598e-55 0)
(-1.01992e-54 2.52898e-53 0)
(-1.13674e-54 -2.57841e-53 0)
(1.02841e-54 -2.74684e-54 0)
(1.44139e-55 -3.65873e-55 0)
(2.90804e-55 8.32288e-55 0)
(2.47919e-55 7.18919e-54 0)
(-6.00524e-55 7.25998e-54 0)
(-2.99624e-55 -8.52906e-54 0)
(1.55966e-54 -7.28881e-55 0)
(-2.22507e-55 3.05726e-53 0)
(-1.32986e-54 -6.51807e-54 0)
(-5.51524e-55 -2.35445e-54 0)
(1.65595e-54 -1.93821e-53 0)
(-2.87292e-39 2.13919e-39 0)
(-2.0196e-40 1.53956e-40 0)
(-1.48243e-41 9.4494e-42 0)
(-9.17424e-43 5.8753e-43 0)
(-5.74846e-44 3.26348e-44 0)
(-3.20474e-45 1.80509e-45 0)
(-1.77812e-46 9.18508e-47 0)
(-9.05771e-48 4.61015e-48 0)
(-4.54808e-49 2.16815e-49 0)
(-2.13792e-50 1.00017e-50 0)
(-9.85246e-52 4.36954e-52 0)
(-4.30284e-53 1.86449e-53 0)
(-1.84788e-54 7.27134e-55 0)
(-2.0737e-55 -2.68441e-55 0)
(-8.2553e-55 -3.34154e-54 0)
(-6.90513e-54 -2.07698e-53 0)
(-2.06741e-54 -1.75843e-52 0)
(1.75783e-53 -7.25548e-53 0)
(1.08395e-53 2.63309e-52 0)
(-9.43853e-54 1.98134e-52 0)
(-8.06068e-54 2.65482e-53 0)
(2.61373e-53 -8.82227e-54 0)
(6.89888e-54 6.33132e-52 0)
(-2.33246e-53 1.63518e-52 0)
(-9.56493e-54 9.67992e-53 0)
(-4.756e-54 -7.06154e-53 0)
(2.94488e-53 -2.58787e-53 0)
(-2.63384e-53 6.24501e-52 0)
(-2.95553e-53 -6.37478e-52 0)
(2.67949e-53 -6.74909e-53 0)
(3.77292e-54 -8.80269e-54 0)
(7.96315e-54 2.19037e-53 0)
(6.77487e-54 1.89193e-52 0)
(-1.65669e-53 1.90798e-52 0)
(-8.41975e-54 -2.25655e-52 0)
(4.12179e-53 -2.4887e-53 0)
(-6.10186e-54 7.58058e-52 0)
(-3.47094e-53 -1.7669e-52 0)
(-1.34977e-53 -5.86288e-53 0)
(4.24885e-53 -4.70472e-52 0)
(-3.2191e-38 2.80949e-38 0)
(-2.23664e-39 1.99424e-39 0)
(-1.61887e-40 1.20313e-40 0)
(-9.95135e-42 7.41717e-42 0)
(-6.19326e-43 4.07265e-43 0)
(-3.44144e-44 2.23962e-44 0)
(-1.90438e-45 1.13051e-45 0)
(-9.69279e-47 5.65093e-47 0)
(-4.86645e-48 2.6414e-48 0)
(-2.28914e-49 1.21402e-49 0)
(-1.05622e-50 5.26535e-51 0)
(-4.61552e-52 2.2307e-52 0)
(-2.00114e-53 8.14544e-54 0)
(-4.29183e-54 -7.36199e-54 0)
(-2.16106e-53 -8.66121e-53 0)
(-1.81831e-52 -5.36469e-52 0)
(-5.45854e-53 -4.57171e-51 0)
(4.62903e-52 -1.889e-51 0)
(2.85329e-52 6.84603e-51 0)
(-2.49563e-52 5.14559e-51 0)
(-2.18133e-52 6.65935e-52 0)
(6.39521e-52 -3.67433e-52 0)
(1.81661e-52 1.53839e-50 0)
(-5.65471e-52 4.11335e-51 0)
(-2.4681e-52 2.49341e-51 0)
(-1.29302e-52 -1.85897e-51 0)
(7.32826e-52 -7.88453e-52 0)
(-6.44808e-52 1.53008e-50 0)
(-7.29549e-52 -1.56362e-50 0)
(6.62792e-52 -1.63835e-51 0)
(9.42437e-53 -2.09035e-52 0)
(2.08707e-52 5.66947e-52 0)
(1.78032e-52 4.91227e-51 0)
(-4.37283e-52 4.9231e-51 0)
(-2.27337e-52 -5.89783e-51 0)
(1.03705e-51 -7.83373e-52 0)
(-1.60014e-52 1.86423e-50 0)
(-8.60978e-52 -4.71701e-51 0)
(-3.08229e-52 -1.44236e-51 0)
(1.03176e-51 -1.13293e-50 0)
(-4.3498e-37 1.99175e-37 0)
(-2.94415e-38 1.37278e-38 0)
(-2.10249e-39 8.1738e-40 0)
(-1.27074e-40 4.97311e-41 0)
(-7.84056e-42 2.71368e-42 0)
(-4.30702e-43 1.48347e-43 0)
(-2.36932e-44 7.47015e-45 0)
(-1.19628e-45 3.72654e-46 0)
(-5.98104e-47 1.73784e-47 0)
(-2.79626e-48 7.96058e-49 0)
(-1.28542e-49 3.40012e-50 0)
(-5.57693e-51 1.40494e-51 0)
(-2.44408e-52 3.34641e-53 0)
(-9.99522e-53 -1.87542e-52 0)
(-5.5778e-52 -2.13204e-51 0)
(-4.72807e-51 -1.31695e-50 0)
(-1.42578e-51 -1.12703e-49 0)
(1.20363e-50 -4.66102e-50 0)
(7.41567e-51 1.68774e-49 0)
(-6.5148e-51 1.26741e-49 0)
(-5.81124e-51 1.58068e-50 0)
(1.55187e-50 -1.25705e-50 0)
(4.72351e-51 3.49956e-49 0)
(-1.35923e-50 9.78901e-50 0)
(-6.29622e-51 6.08558e-50 0)
(-3.45935e-51 -4.64194e-50 0)
(1.80924e-50 -2.23714e-50 0)
(-1.56556e-50 3.51473e-49 0)
(-1.78603e-50 -3.59711e-49 0)
(1.6266e-50 -3.74457e-50 0)
(2.32514e-51 -4.63078e-51 0)
(5.39881e-51 1.39623e-50 0)
(4.5922e-51 1.2104e-49 0)
(-1.13956e-50 1.21251e-49 0)
(-6.01523e-51 -1.46068e-49 0)
(2.58729e-50 -2.27897e-50 0)
(-4.14677e-51 4.30464e-49 0)
(-2.11759e-50 -1.19371e-49 0)
(-6.9371e-51 -3.35405e-50 0)
(2.48516e-50 -2.54542e-49 0)
(-3.15049e-36 2.06268e-36 0)
(-2.08573e-37 1.39541e-37 0)
(-1.45124e-38 8.10291e-39 0)
(-8.66683e-40 4.87616e-40 0)
(-5.27991e-41 2.6167e-41 0)
(-2.88288e-42 1.41887e-42 0)
(-1.57664e-43 7.05901e-44 0)
(-7.94192e-45 3.49806e-45 0)
(-3.96295e-46 1.60775e-46 0)
(-1.84862e-47 7.26037e-48 0)
(-8.47039e-49 2.95576e-49 0)
(-3.62171e-50 1.13345e-50 0)
(-1.6963e-51 -1.25823e-52 0)
(-2.28377e-51 -4.58158e-51 0)
(-1.36869e-50 -5.18887e-50 0)
(-1.16572e-49 -3.19868e-49 0)
(-3.52552e-50 -2.75976e-48 0)
(2.96754e-49 -1.14331e-48 0)
(1.8276e-49 4.13287e-48 0)
(-1.61268e-49 3.09962e-48 0)
(-1.46862e-49 3.72487e-49 0)
(3.52376e-49 -3.85913e-49 0)
(1.16456e-49 7.96424e-48 0)
(-3.04882e-49 2.31919e-48 0)
(-1.52152e-49 1.47677e-48 0)
(-8.77368e-50 -1.15019e-48 0)
(4.19567e-49 -6.12651e-49 0)
(-3.5574e-49 8.08177e-48 0)
(-4.10118e-49 -8.28195e-48 0)
(3.74432e-49 -8.51534e-49 0)
(5.42079e-50 -1.02013e-49 0)
(1.32494e-49 3.39691e-49 0)
(1.13113e-49 2.95933e-48 0)
(-2.81604e-49 2.94298e-48 0)
(-1.51849e-49 -3.59586e-48 0)
(6.07913e-49 -6.34667e-49 0)
(-1.01824e-49 9.94301e-48 0)
(-4.89273e-49 -2.9928e-48 0)
(-1.41787e-49 -7.75528e-49 0)
(5.58737e-49 -5.72665e-48 0)
(-3.37744e-35 2.05825e-36 0)
(-2.15483e-36 1.22281e-37 0)
(-1.47761e-37 6.79622e-39 0)
(-8.61678e-39 4.03124e-40 0)
(-5.19441e-40 2.14894e-41 0)
(-2.7898e-41 1.16241e-42 0)
(-1.51353e-42 5.7696e-44 0)
(-7.5332e-44 2.82475e-45 0)
(-3.73434e-45 9.84736e-47 0)
(-1.71722e-46 2.08742e-48 0)
(-7.7591e-48 -3.57809e-49 0)
(-3.16842e-49 -4.44899e-50 0)
(-1.69981e-50 -1.52471e-50 0)
(-5.45872e-50 -1.04841e-49 0)
(-3.32439e-49 -1.1848e-48 0)
(-2.85512e-48 -7.29709e-48 0)
(-8.68206e-49 -6.3262e-47 0)
(7.26743e-48 -2.62345e-47 0)
(4.47365e-48 9.4737e-47 0)
(-3.96481e-48 7.09872e-47 0)
(-3.67479e-48 8.19454e-48 0)
(8.00684e-48 -1.07393e-47 0)
(2.85221e-48 1.6654e-46 0)
(-6.84251e-48 5.12724e-47 0)
(-3.65828e-48 3.35127e-47 0)
(-2.20285e-48 -2.66951e-47 0)
(9.73595e-48 -1.56118e-47 0)
(-8.08861e-48 1.71157e-46 0)
(-9.42134e-48 -1.75725e-46 0)
(8.62673e-48 -1.79453e-47 0)
(1.25625e-48 -2.05031e-48 0)
(3.22787e-48 7.77409e-48 0)
(2.7449e-48 6.78109e-47 0)
(-6.91159e-48 6.74891e-47 0)
(-3.77195e-48 -8.27956e-47 0)
(1.42773e-47 -1.64138e-47 0)
(-2.48638e-48 2.12009e-46 0)
(-1.13035e-47 -7.02555e-47 0)
(-2.86731e-48 -1.67141e-47 0)
(1.2576e-47 -1.17721e-46 0)
(-3.10294e-35 -1.70272e-37 0)
(-1.97365e-36 -1.99701e-37 0)
(-1.35203e-37 -1.45498e-38 0)
(-7.86809e-39 -9.2902e-40 0)
(-4.73917e-40 -5.05436e-41 0)
(-2.54144e-41 -2.74897e-42 0)
(-1.37792e-42 -1.36125e-43 0)
(-6.85665e-44 -7.46919e-45 0)
(-3.36747e-45 -1.08621e-45 0)
(-1.22519e-46 -1.04415e-46 0)
(-3.09115e-48 -1.47238e-47 0)
(3.24374e-49 -1.28533e-48 0)
(-6.52238e-50 -3.56425e-49 0)
(-1.23339e-48 -2.37123e-48 0)
(-7.58447e-48 -2.69612e-47 0)
(-6.5461e-47 -1.66018e-46 0)
(-1.99695e-47 -1.4543e-45 0)
(1.66611e-46 -6.04388e-46 0)
(1.02521e-46 2.17785e-45 0)
(-9.12583e-47 1.62949e-45 0)
(-8.61745e-47 1.807e-46 0)
(1.67032e-46 -2.85267e-46 0)
(6.5392e-47 3.53435e-45 0)
(-1.40333e-46 1.14054e-45 0)
(-8.22228e-47 7.63733e-46 0)
(-5.17975e-47 -6.20579e-46 0)
(2.08685e-46 -3.90435e-46 0)
(-1.68896e-46 3.68035e-45 0)
(-1.99466e-46 -3.78428e-45 0)
(1.8319e-46 -3.80597e-46 0)
(2.71272e-47 -4.14971e-47 0)
(7.36706e-47 1.77069e-46 0)
(6.29711e-47 1.556e-45 0)
(-1.58814e-46 1.53515e-45 0)
(-8.847e-47 -1.91371e-45 0)
(3.10928e-46 -4.14614e-46 0)
(-5.6777e-47 4.58432e-45 0)
(-2.41244e-46 -1.64944e-45 0)
(-4.97597e-47 -3.61875e-46 0)
(2.58817e-46 -2.46058e-45 0)
(3.10292e-35 -1.70054e-37 0)
(1.97363e-36 -1.99681e-37 0)
(1.35202e-37 -1.45485e-38 0)
(7.86798e-39 -9.28947e-40 0)
(4.73912e-40 -5.05234e-41 0)
(2.5414e-41 -2.71777e-42 0)
(1.37545e-42 -1.20325e-43 0)
(6.68521e-44 -2.11898e-44 0)
(4.01848e-45 -1.66058e-44 0)
(9.56163e-46 -1.90443e-45 0)
(1.00798e-46 -2.9619e-46 0)
(1.48067e-47 -2.63231e-47 0)
(-1.16005e-48 -7.42607e-48 0)
(-2.80596e-47 -4.95415e-47 0)
(-1.72592e-46 -5.65318e-46 0)
(-1.50532e-45 -3.48681e-45 0)
(-4.62318e-46 -3.07156e-44 0)
(3.83051e-45 -1.27796e-44 0)
(2.35588e-45 4.59951e-44 0)
(-2.1062e-45 3.43814e-44 0)
(-2.01917e-45 3.64716e-45 0)
(3.5382e-45 -6.91248e-45 0)
(1.50371e-45 6.6994e-44 0)
(-2.92328e-45 2.32047e-44 0)
(-1.85743e-45 1.59672e-44 0)
(-1.21708e-45 -1.32662e-44 0)
(4.53704e-45 -8.97422e-45 0)
(-3.58055e-45 7.09806e-44 0)
(-4.28411e-45 -7.31626e-44 0)
(3.9484e-45 -7.30648e-45 0)
(5.88273e-46 -7.38709e-46 0)
(1.68481e-45 3.73089e-45 0)
(1.43231e-45 3.28559e-44 0)
(-3.65917e-45 3.24986e-44 0)
(-2.05609e-45 -4.05914e-44 0)
(6.85429e-45 -9.62541e-45 0)
(-1.30227e-45 8.92285e-44 0)
(-5.21769e-45 -3.56045e-44 0)
(-8.50029e-46 -7.15466e-45 0)
(5.41382e-45 -4.54868e-44 0)
(3.37715e-35 2.06087e-36 0)
(2.15458e-36 1.22513e-37 0)
(1.47738e-37 6.81157e-39 0)
(8.61526e-39 4.03617e-40 0)
(5.19393e-40 2.18763e-41 0)
(2.78929e-41 1.86186e-42 0)
(1.46378e-42 4.13817e-43 0)
(4.06527e-44 -3.07234e-43 0)
(1.69337e-44 -3.5002e-43 0)
(1.70456e-44 -4.00905e-44 0)
(1.97386e-45 -6.25433e-45 0)
(3.04286e-46 -5.51685e-46 0)
(-2.45056e-47 -1.5562e-46 0)
(-5.88489e-46 -1.0395e-45 0)
(-3.62577e-45 -1.19676e-44 0)
(-3.18026e-44 -7.39877e-44 0)
(-9.80272e-45 -6.60691e-43 0)
(8.09081e-44 -2.75645e-43 0)
(4.97422e-44 9.89312e-43 0)
(-4.4665e-44 7.38226e-43 0)
(-4.35495e-44 7.49317e-44 0)
(6.68515e-44 -1.64833e-43 0)
(3.17681e-44 1.31966e-42 0)
(-5.38523e-44 4.83176e-43 0)
(-3.84691e-44 3.4064e-43 0)
(-2.63024e-44 -2.8838e-43 0)
(8.889e-44 -2.06134e-43 0)
(-6.77356e-44 1.42238e-42 0)
(-8.26069e-44 -1.46866e-42 0)
(7.64189e-44 -1.43819e-43 0)
(1.16454e-44 -1.35292e-44 0)
(3.54364e-44 7.91976e-44 0)
(3.03457e-44 7.05138e-43 0)
(-7.74647e-44 6.89987e-43 0)
(-4.44229e-44 -8.78056e-43 0)
(1.36962e-43 -2.22485e-43 0)
(-2.74005e-44 1.80058e-42 0)
(-1.01695e-43 -7.80394e-43 0)
(-1.03409e-44 -1.44459e-43 0)
(1.00279e-43 -8.77272e-43 0)
(3.11662e-36 2.09942e-36 0)
(2.0583e-37 1.42739e-37 0)
(1.42669e-38 8.30456e-39 0)
(8.50829e-40 4.90174e-40 0)
(5.30109e-41 3.31638e-41 0)
(2.85001e-42 1.48271e-41 0)
(-9.07115e-43 6.90802e-42 0)
(-7.3685e-43 -5.95728e-42 0)
(2.85263e-43 -6.72485e-42 0)
(3.62817e-43 -7.64934e-43 0)
(4.17207e-44 -1.18675e-43 0)
(6.43451e-45 -1.0416e-44 0)
(-5.14654e-46 -2.93173e-45 0)
(-1.24617e-44 -1.96291e-44 0)
(-7.69604e-44 -2.27125e-43 0)
(-6.84377e-43 -1.41213e-42 0)
(-2.12811e-43 -1.26942e-41 0)
(1.74005e-42 -5.30311e-42 0)
(1.06926e-42 1.9006e-41 0)
(-9.6432e-43 1.41684e-41 0)
(-9.52242e-43 1.36787e-42 0)
(1.31411e-42 -3.52392e-42 0)
(6.83661e-43 2.22032e-41 0)
(-1.03343e-42 8.92919e-42 0)
(-8.13689e-43 6.47771e-42 0)
(-5.76437e-43 -5.60677e-42 0)
(1.80538e-42 -4.25003e-42 0)
(-1.33255e-42 2.45404e-41 0)
(-1.65291e-42 -2.54226e-41 0)
(1.53566e-42 -2.47174e-42 0)
(2.35343e-43 -2.03822e-43 0)
(7.58182e-43 1.51649e-42 0)
(6.44449e-43 1.35478e-41 0)
(-1.66952e-42 1.33249e-41 0)
(-9.61925e-43 -1.6939e-41 0)
(2.82629e-42 -4.62061e-42 0)
(-5.88317e-43 3.14703e-41 0)
(-2.05261e-42 -1.5299e-41 0)
(-1.01426e-43 -2.58245e-42 0)
(1.93643e-42 -1.41792e-41 0)
(-6.46318e-38 4.63146e-37 0)
(-9.1819e-39 3.5468e-38 0)
(-1.28232e-39 1.97807e-39 0)
(-7.93372e-41 -1.06961e-40 0)
(1.91851e-41 1.30605e-40 0)
(2.57886e-43 2.68184e-40 0)
(-2.03856e-41 1.36973e-40 0)
(-1.42807e-41 -1.1976e-40 0)
(5.486e-42 -1.34805e-40 0)
(6.97113e-42 -1.50605e-41 0)
(7.96213e-43 -2.32212e-42 0)
(1.2214e-43 -2.01294e-43 0)
(-9.72249e-45 -5.64642e-44 0)
(-2.36582e-43 -3.79454e-43 0)
(-1.46944e-42 -4.44659e-42 0)
(-1.31555e-41 -2.78166e-41 0)
(-4.11223e-42 -2.54726e-40 0)
(3.33949e-41 -1.068e-40 0)
(2.05172e-41 3.81347e-40 0)
(-1.85856e-41 2.83671e-40 0)
(-1.8635e-41 2.60616e-41 0)
(2.20277e-41 -7.64073e-41 0)
(1.3144e-41 4.04163e-40 0)
(-1.6603e-41 1.73595e-40 0)
(-1.53104e-41 1.29007e-40 0)
(-1.12896e-41 -1.13625e-40 0)
(3.18258e-41 -8.98252e-41 0)
(-2.23541e-41 4.57166e-40 0)
(-2.8516e-41 -4.74524e-40 0)
(2.66222e-41 -4.49252e-41 0)
(4.20976e-42 -3.27842e-42 0)
(1.45112e-41 2.9854e-41 0)
(1.24671e-41 2.71084e-40 0)
(-3.21109e-41 2.62986e-40 0)
(-1.88793e-41 -3.41946e-40 0)
(5.1078e-41 -9.80279e-41 0)
(-1.12452e-41 5.91438e-40 0)
(-3.59487e-41 -3.12188e-40 0)
(1.14548e-42 -4.84197e-41 0)
(3.14089e-41 -2.50139e-40 0)
(-3.76955e-36 3.05723e-36 0)
(-2.77283e-37 2.48075e-37 0)
(-2.31263e-38 1.11543e-38 0)
(-1.09494e-39 -3.30777e-39 0)
(4.456e-40 2.15624e-39 0)
(9.55386e-42 4.59456e-39 0)
(-4.06935e-40 2.34784e-39 0)
(-2.84469e-40 -2.05588e-39 0)
(1.10767e-40 -2.31165e-39 0)
(1.39835e-40 -2.56035e-40 0)
(1.56837e-41 -3.90112e-41 0)
(2.39136e-42 -3.35676e-42 0)
(-1.88052e-43 -9.36071e-43 0)
(-4.63369e-42 -6.33031e-42 0)
(-2.89596e-41 -7.47256e-41 0)
(-2.6417e-40 -4.73355e-40 0)
(-8.38797e-41 -4.37021e-39 0)
(6.66861e-40 -1.83516e-39 0)
(4.09757e-40 6.54117e-39 0)
(-3.7287e-40 4.86074e-39 0)
(-3.77397e-40 4.21288e-40 0)
(4.01653e-40 -1.43174e-39 0)
(2.64133e-40 5.83176e-39 0)
(-2.90354e-40 2.85896e-39 0)
(-3.00795e-40 2.19012e-39 0)
(-2.28577e-40 -1.97233e-39 0)
(6.02884e-40 -1.63775e-39 0)
(-4.06232e-40 6.8643e-39 0)
(-5.3014e-40 -7.15895e-39 0)
(4.97558e-40 -6.7315e-40 0)
(7.89484e-41 -3.72071e-41 0)
(2.89594e-40 5.09675e-40 0)
(2.46589e-40 4.65203e-39 0)
(-6.42278e-40 4.55364e-39 0)
(-3.76517e-40 -5.88885e-39 0)
(9.84008e-40 -1.79726e-39 0)
(-2.24177e-40 9.0553e-39 0)
(-6.75808e-40 -5.45744e-39 0)
(6.14404e-41 -7.65869e-40 0)
(5.54992e-40 -3.35192e-39 0)
(-4.6399e-35 4.45121e-38 0)
(-3.21499e-36 3.46564e-38 0)
(-2.65665e-37 -8.23135e-38 0)
(-9.70313e-39 -8.16782e-38 0)
(8.16569e-39 3.91833e-38 0)
(2.01987e-40 8.56918e-38 0)
(-6.84789e-39 4.3786e-38 0)
(-4.74492e-39 -3.84876e-38 0)
(1.91963e-39 -4.31384e-38 0)
(2.4004e-39 -4.65565e-39 0)
(2.66822e-40 -7.00878e-40 0)
(4.02028e-41 -5.92127e-41 0)
(-3.13982e-42 -1.63985e-41 0)
(-7.79129e-41 -1.11727e-40 0)
(-4.93171e-40 -1.34358e-39 0)
(-4.53702e-39 -8.61562e-39 0)
(-1.47555e-39 -8.16732e-38 0)
(1.11904e-38 -3.44677e-38 0)
(6.89588e-39 1.22227e-37 0)
(-6.30602e-39 9.05731e-38 0)
(-6.45121e-39 7.40877e-39 0)
(5.89034e-39 -2.83948e-38 0)
(4.55045e-39 9.78647e-38 0)
(-3.82698e-39 5.18483e-38 0)
(-4.92644e-39 4.06641e-38 0)
(-3.86672e-39 -3.7201e-38 0)
(9.35119e-39 -3.18819e-38 0)
(-5.83078e-39 1.18978e-37 0)
(-7.96045e-39 -1.24327e-37 0)
(7.52127e-39 -1.12456e-38 0)
(1.24914e-39 -4.77385e-40 0)
(4.95288e-39 9.25797e-39 0)
(4.30833e-39 8.66209e-38 0)
(-1.07806e-38 8.32727e-38 0)
(-6.3733e-39 -1.10781e-37 0)
(1.56814e-38 -3.50456e-38 0)
(-3.72668e-39 1.58679e-37 0)
(-1.03908e-38 -1.03525e-37 0)
(1.9131e-39 -1.32817e-38 0)
(7.46959e-39 -5.34366e-38 0)
(-3.76705e-36 -2.39601e-36 0)
(-3.99166e-37 2.7007e-37 0)
(-1.3518e-37 -1.23994e-36 0)
(1.16397e-37 -1.21631e-36 0)
(1.651e-37 5.82996e-37 0)
(4.85753e-39 1.27444e-36 0)
(-1.19523e-37 6.5072e-37 0)
(-8.01136e-38 -5.73079e-37 0)
(3.69937e-38 -6.41424e-37 0)
(4.48852e-38 -6.8414e-38 0)
(4.85705e-39 -1.00525e-38 0)
(7.22991e-40 -8.39331e-40 0)
(-5.54689e-41 -2.29578e-40 0)
(-1.40186e-39 -1.58501e-39 0)
(-8.98635e-39 -1.928e-38 0)
(-8.49672e-38 -1.26848e-37 0)
(-2.97631e-38 -1.21517e-36 0)
(1.93225e-37 -5.13797e-37 0)
(1.20433e-37 1.81784e-36 0)
(-1.10832e-37 1.34562e-36 0)
(-1.12828e-37 1.0253e-37 0)
(1.07216e-37 -4.56012e-37 0)
(8.60781e-38 1.13574e-36 0)
(-5.90096e-38 7.38609e-37 0)
(-8.23446e-38 5.98519e-37 0)
(-6.49343e-38 -5.59983e-37 0)
(1.66142e-37 -5.00697e-37 0)
(-9.74958e-38 1.48404e-36 0)
(-1.37457e-37 -1.56242e-36 0)
(1.30736e-37 -1.40617e-37 0)
(2.16518e-38 -1.92407e-39 0)
(9.21191e-38 1.36721e-37 0)
(8.06925e-38 1.28963e-36 0)
(-1.85156e-37 1.25834e-36 0)
(-1.02718e-37 -1.65392e-36 0)
(2.77739e-37 -5.52748e-37 0)
(-6.30255e-38 2.04401e-36 0)
(-1.82783e-37 -1.56762e-36 0)
(3.21144e-38 -1.79465e-37 0)
(1.18008e-37 -5.20227e-37 0)
(7.23509e-38 1.07216e-35 0)
(-1.30415e-36 9.00969e-36 0)
(-1.20532e-36 -2.13422e-35 0)
(1.28432e-36 -2.11893e-35 0)
(1.9401e-36 1.01806e-35 0)
(7.16532e-38 2.21816e-35 0)
(-1.25756e-36 1.13123e-35 0)
(-6.6689e-37 -1.00173e-35 0)
(6.06292e-37 -1.11599e-35 0)
(6.71137e-37 -1.1437e-36 0)
(7.15608e-38 -1.64397e-37 0)
(1.0385e-38 -1.33457e-38 0)
(-7.88189e-40 -3.60635e-39 0)
(-2.01408e-38 -2.5225e-38 0)
(-1.3267e-37 -3.15672e-37 0)
(-1.27148e-36 -2.12414e-36 0)
(-5.50953e-37 -2.1188e-35 0)
(1.88081e-36 -9.02344e-36 0)
(1.27014e-36 3.1689e-35 0)
(-1.18693e-36 2.33654e-35 0)
(-1.14082e-36 1.65716e-36 0)
(1.78677e-36 -8.31748e-36 0)
(1.33949e-36 1.76843e-35 0)
(-4.83179e-37 1.25342e-35 0)
(-6.72609e-37 1.03849e-35 0)
(-4.63627e-37 -9.8472e-36 0)
(2.22624e-36 -9.00398e-36 0)
(-1.11044e-36 2.41912e-35 0)
(-1.70911e-36 -2.54978e-35 0)
(1.64228e-36 -2.15467e-36 0)
(2.92586e-37 7.51482e-39 0)
(1.37268e-36 2.28026e-36 0)
(1.33096e-36 2.23752e-35 0)
(-1.71679e-36 2.13052e-35 0)
(-5.82479e-37 -2.90573e-35 0)
(3.48556e-36 -9.93355e-36 0)
(-5.1182e-37 3.37338e-35 0)
(-2.41376e-36 -2.7698e-35 0)
(-1.37926e-37 -2.87079e-36 0)
(1.07374e-36 -7.33373e-36 0)
(1.24438e-35 1.34399e-34 0)
(2.20953e-36 1.10721e-34 0)
(9.78817e-37 -2.60886e-34 0)
(4.03625e-37 -2.59154e-34 0)
(9.6589e-36 1.24513e-34 0)
(1.20372e-36 2.71157e-34 0)
(2.34543e-36 1.3811e-34 0)
(1.28143e-35 -1.22651e-34 0)
(1.30322e-35 -1.3637e-34 0)
(1.18177e-35 -1.37309e-35 0)
(1.20226e-36 -1.87528e-36 0)
(1.702e-37 -1.49065e-37 0)
(-1.25654e-38 -3.92719e-38 0)
(-3.30334e-37 -2.82198e-37 0)
(-2.23326e-36 -3.60389e-36 0)
(-2.24454e-35 -2.55989e-35 0)
(-1.4403e-35 -2.59141e-34 0)
(-1.35983e-35 -1.10633e-34 0)
(-2.1445e-36 3.87302e-34 0)
(1.17611e-36 2.85246e-34 0)
(6.30244e-36 1.84468e-35 0)
(5.32587e-35 -1.08946e-34 0)
(2.58956e-35 1.42116e-34 0)
(-3.42195e-36 1.4635e-34 0)
(1.29693e-35 1.2562e-34 0)
(1.60392e-35 -1.21847e-34 0)
(3.92328e-35 -1.15644e-34 0)
(-1.67937e-35 2.29043e-34 0)
(-2.73951e-35 -2.44635e-34 0)
(2.65611e-35 -2.07201e-35 0)
(4.65865e-36 1.13651e-36 0)
(2.40304e-35 2.75411e-35 0)
(2.74002e-35 2.74003e-34 0)
(1.86026e-35 2.67486e-34 0)
(3.68154e-35 -3.56416e-34 0)
(4.35727e-35 -1.2798e-34 0)
(1.0885e-35 3.39322e-34 0)
(-4.18326e-35 -3.44362e-34 0)
(-4.38978e-35 -3.10431e-35 0)
(1.08543e-35 -2.53638e-35 0)
(2.61983e-34 2.19189e-33 0)
(1.20751e-33 1.82906e-33 0)
(1.08876e-33 -4.25855e-33 0)
(-1.07204e-33 -4.23309e-33 0)
(-1.05678e-33 2.03863e-33 0)
(1.46745e-35 4.4164e-33 0)
(1.2091e-33 2.24548e-33 0)
(1.34295e-33 -2.01132e-33 0)
(2.68785e-34 -2.21989e-33 0)
(1.50188e-34 -2.08731e-34 0)
(1.46586e-35 -2.74836e-35 0)
(1.95133e-36 -2.08889e-36 0)
(-1.41122e-37 -5.40076e-37 0)
(-3.78881e-36 -3.95974e-36 0)
(-2.73544e-35 -5.29104e-35 0)
(-2.85856e-34 -3.90151e-34 0)
(-3.89177e-34 -4.23291e-33 0)
(-2.42948e-33 -1.82781e-33 0)
(-1.2069e-33 6.325e-33 0)
(1.08973e-33 4.62962e-33 0)
(1.35233e-33 2.71569e-34 0)
(1.75137e-33 -1.83543e-33 0)
(4.31825e-34 2.16853e-33 0)
(1.6471e-34 2.34114e-33 0)
(1.3521e-33 2.04801e-33 0)
(1.37655e-33 -2.00572e-33 0)
(5.06127e-34 -1.9273e-33 0)
(-1.07872e-34 3.66639e-33 0)
(-2.43253e-34 -3.90241e-33 0)
(2.41377e-34 -2.92571e-34 0)
(4.9704e-35 2.2086e-35 0)
(3.04326e-34 4.16945e-34 0)
(5.60213e-34 4.44445e-33 0)
(2.59285e-33 4.19458e-33 0)
(2.70897e-33 -5.87711e-33 0)
(-3.19756e-34 -2.12412e-33 0)
(1.11348e-33 5.4571e-33 0)
(-5.21895e-34 -5.69238e-33 0)
(-2.60213e-33 -4.56965e-34 0)
(-1.92986e-34 -2.98659e-34 0)
(6.96749e-33 1.88069e-32 0)
(5.28837e-32 1.57397e-32 0)
(4.83805e-32 -3.64763e-32 0)
(-4.81227e-32 -3.62868e-32 0)
(-5.03064e-32 1.7475e-32 0)
(2.27659e-34 3.78276e-32 0)
(5.29079e-32 1.91916e-32 0)
(5.52256e-32 -1.72722e-32 0)
(7.07175e-33 -1.90012e-32 0)
(2.57019e-33 -1.73009e-33 0)
(2.2744e-34 -2.03997e-34 0)
(2.87715e-35 -1.48628e-35 0)
(-1.98728e-36 -3.643e-36 0)
(-5.59313e-35 -2.82606e-35 0)
(-4.25949e-34 -3.93344e-34 0)
(-4.91488e-33 -3.25735e-33 0)
(-1.15999e-32 -3.62856e-32 0)
(-1.03574e-31 -1.57301e-32 0)
(-5.28763e-32 5.41566e-32 0)
(4.83861e-32 3.95779e-32 0)
(5.7713e-32 2.03881e-33 0)
(6.14299e-32 -1.66965e-32 0)
(9.84259e-33 7.25249e-33 0)
(6.0658e-33 1.91701e-32 0)
(5.54351e-32 1.73761e-32 0)
(5.56901e-32 -1.73875e-32 0)
(1.04581e-32 -1.72215e-32 0)
(-1.06136e-33 2.10827e-32 0)
(-3.40209e-33 -2.30156e-32 0)
(3.4449e-33 -1.78054e-33 0)
(7.01836e-34 3.10086e-34 0)
(5.17459e-33 3.48202e-33 0)
(1.42968e-32 3.81924e-32 0)
(1.08761e-31 3.79122e-32 0)
(1.08503e-31 -5.04711e-32 0)
(-2.85845e-32 -1.90044e-32 0)
(4.63586e-32 3.564e-32 0)
(-1.05514e-32 -4.94955e-32 0)
(-1.03098e-31 -3.32621e-33 0)
(-8.17101e-33 7.47867e-33 0)
(1.42425e-31 2.73946e-31 0)
(1.64183e-30 2.35367e-31 0)
(1.5239e-30 -5.33471e-31 0)
(-1.52167e-30 -5.3114e-31 0)
(-1.61624e-30 2.57134e-31 0)
(2.00514e-33 5.5051e-31 0)
(1.64203e-30 2.78678e-31 0)
(1.6654e-30 -2.5465e-31 0)
(1.43495e-31 -2.76336e-31 0)
(2.55607e-32 -2.16987e-32 0)
(2.00366e-33 -2.49726e-33 0)
(2.17652e-34 -1.70457e-34 0)
(-1.43481e-35 -4.12437e-35 0)
(-4.23504e-34 -3.24434e-34 0)
(-3.78859e-33 -4.82638e-33 0)
(-4.91317e-32 -4.09132e-32 0)
(-2.61632e-31 -5.31126e-31 0)
(-3.18906e-30 -2.35265e-31 0)
(-1.64181e-30 7.93115e-31 0)
(1.52372e-30 5.72417e-31 0)
(1.76043e-30 2.51276e-32 0)
(1.69436e-30 -2.47034e-31 0)
(1.70855e-31 1.84102e-31 0)
(1.66078e-31 2.78969e-31 0)
(1.66918e-30 2.55552e-31 0)
(1.6678e-30 -2.564e-31 0)
(1.46874e-31 -2.53103e-31 0)
(2.21772e-32 3.95024e-31 0)
(-1.36619e-33 -4.19206e-31 0)
(3.80851e-33 -2.32458e-32 0)
(4.27246e-33 4.09518e-33 0)
(5.12751e-32 4.33621e-32 0)
(2.89562e-31 5.52765e-31 0)
(3.3128e-30 5.22571e-31 0)
(3.23473e-30 -7.49493e-31 0)
(-1.14057e-30 -2.76137e-31 0)
(1.43105e-30 6.15993e-31 0)
(-1.4341e-31 -7.3363e-31 0)
(-3.07462e-30 -4.32814e-32 0)
(-2.44647e-31 3.7889e-32 0)
)
;

boundaryField
{
    leftWall
    {
        type            fixedValue;
        value           nonuniform 0();
    }
    rightWall
    {
        type            fixedValue;
        value           uniform (0 0 0);
    }
    lowerWall
    {
        type            fixedValue;
        value           uniform (0 0 0);
    }
    atmosphere
    {
        type            pressureInletOutletVelocity;
        value           nonuniform 0();
    }
    defaultFaces
    {
        type            empty;
    }
    procBoundary1to0
    {
        type            processor;
        value           nonuniform List<vector> 
44
(
(-3.77443e-42 -9.99614e-42 0)
(-6.11473e-41 -1.23012e-40 0)
(-7.69513e-40 -1.41344e-39 0)
(-8.96342e-39 -1.58791e-38 0)
(-1.03083e-37 -1.60465e-37 0)
(-1.05987e-36 -1.62301e-36 0)
(-1.10886e-35 -1.38053e-35 0)
(-9.57243e-35 -1.25153e-34 0)
(-9.05298e-34 -8.11407e-34 0)
(-5.5906e-33 -6.77391e-33 0)
(-5.73086e-32 -2.82434e-32 0)
(1.15994e-32 -4.01817e-31 0)
(1.30822e-31 5.0078e-32 0)
(-2.10435e-33 4.55865e-31 0)
(-6.40958e-32 3.29939e-32 0)
(3.8762e-33 1.69835e-32 0)
(1.12224e-31 6.88267e-32 0)
(2.10016e-31 8.03078e-31 0)
(6.62718e-33 1.53294e-30 0)
(-2.09599e-31 8.4921e-31 0)
(-1.48794e-35 8.37582e-31 0)
(-1.48794e-35 8.37582e-31 0)
(-1.20525e-36 1.30079e-31 0)
(-1.38974e-37 8.52383e-33 0)
(4.91817e-38 8.57854e-34 0)
(8.82383e-37 5.51983e-35 0)
(1.52937e-35 2.29441e-35 0)
(1.9149e-34 2.8564e-34 0)
(3.08061e-33 2.69025e-33 0)
(2.78153e-32 3.75157e-32 0)
(3.92702e-31 2.16422e-31 0)
(3.6779e-31 2.78206e-30 0)
(-3.6779e-31 2.78206e-30 0)
(-3.92702e-31 2.1642e-31 0)
(-2.78186e-32 3.74894e-32 0)
(-3.16822e-33 2.46533e-33 0)
(-1.97636e-33 -2.99105e-33 0)
(-2.58116e-32 1.87467e-35 0)
(-1.78575e-33 3.27795e-33 0)
(-8.7668e-35 2.24995e-34 0)
(-3.31824e-36 2.62633e-35 0)
(-1.58248e-37 1.61332e-36 0)
(1.61132e-38 1.42028e-37 0)
(1.54995e-37 1.17097e-37 0)
)
;
    }
    procBoundary1to3
    {
        type            processor;
        value           nonuniform List<vector> 
45
(
(2.51072e-35 4.09711e-40 0)
(2.85789e-34 -4.40986e-40 0)
(3.67581e-33 -4.90336e-40 0)
(3.09251e-32 -6.51033e-41 0)
(3.82655e-31 -1.13486e-41 0)
(2.05804e-30 -8.55777e-42 0)
(3.30815e-29 -6.53236e-42 0)
(3.13725e-29 1.4844e-41 0)
(-3.13447e-29 1.47568e-41 0)
(-3.2721e-29 -7.13055e-42 0)
(2.49672e-32 -1.53638e-41 0)
(3.30839e-29 -7.80211e-42 0)
(3.34167e-29 7.04939e-42 0)
(2.06913e-30 7.72412e-42 0)
(3.60086e-31 6.75414e-43 0)
(2.49506e-32 8.84045e-44 0)
(2.66463e-33 5.6514e-45 0)
(-1.65111e-34 -1.37407e-44 0)
(-5.19307e-33 -2.68789e-43 0)
(-4.72241e-32 -5.05748e-42 0)
(-6.95384e-31 -8.08044e-41 0)
(-3.78065e-30 -1.21515e-39 0)
(-6.47862e-29 -6.28821e-39 0)
(-3.30812e-29 3.72814e-37 0)
(3.13698e-29 2.50079e-35 0)
(3.47952e-29 9.03747e-34 0)
(3.37734e-29 2.43179e-32 0)
(2.45165e-30 4.41054e-31 0)
(2.43781e-30 2.43182e-32 0)
(3.34668e-29 9.28382e-34 0)
(3.3444e-29 9.03747e-34 0)
(2.06884e-30 2.34145e-32 0)
(3.63713e-31 4.16736e-31 0)
(2.87305e-32 -4.16736e-31 0)
(4.92592e-33 -2.34137e-32 0)
(4.97689e-32 -8.53104e-34 0)
(7.18415e-31 9.01809e-34 0)
(4.12716e-30 2.49288e-32 0)
(6.65673e-29 4.52159e-31 0)
(6.54781e-29 2.58325e-32 0)
(-2.58785e-29 2.52439e-32 0)
(3.00184e-29 4.41055e-31 0)
(-2.01964e-30 2.3438e-32 0)
(-6.30758e-29 -2.25465e-32 0)
(-3.68692e-30 -4.16814e-31 0)
)
;
    }
}


// ************************************************************************* //
