/*--------------------------------*- C++ -*----------------------------------*\
| =========                 |                                                 |
| \\      /  F ield         | OpenFOAM: The Open Source CFD Toolbox           |
|  \\    /   O peration     | Version:  2.4.0                                 |
|   \\  /    A nd           | Web:      www.OpenFOAM.org                      |
|    \\/     M anipulation  |                                                 |
\*---------------------------------------------------------------------------*/
FoamFile
{
    version     2.0;
    format      ascii;
    class       volVectorField;
    location    "0.65";
    object      U;
}
// * * * * * * * * * * * * * * * * * * * * * * * * * * * * * * * * * * * * * //

dimensions      [0 1 -1 0 0 0 0];

internalField   nonuniform List<vector> 
1935
(
(3.47366e-34 9.76243e-39 0)
(5.58876e-35 -3.11626e-35 0)
(1.0394e-35 -5.49715e-36 0)
(1.39014e-36 -4.40073e-36 0)
(-3.80564e-36 -3.40339e-35 0)
(-1.89019e-34 -3.63265e-34 0)
(-4.46012e-33 -2.86761e-33 0)
(-7.66025e-32 -2.70615e-32 0)
(-8.86364e-31 -1.1461e-31 0)
(-7.418e-32 -1.13291e-30 0)
(1.66344e-32 -5.21387e-30 0)
(-3.14046e-33 -6.19339e-29 0)
(-4.33811e-32 1.32381e-30 0)
(-2.07393e-33 6.33839e-29 0)
(2.16115e-32 5.36729e-30 0)
(2.48295e-33 1.18767e-30 0)
(-4.7349e-36 2.29675e-31 0)
(-2.38027e-33 1.18254e-30 0)
(-2.10564e-32 4.52616e-30 0)
(3.14373e-32 6.38832e-29 0)
(7.48633e-32 -8.16969e-29 0)
(-2.53308e-32 -1.52213e-28 0)
(-7.55245e-32 -8.97751e-30 0)
(2.68875e-32 6.5454e-29 0)
(7.61921e-32 -8.59051e-29 0)
(-5.19547e-32 -1.56701e-28 0)
(-5.63641e-32 6.66855e-29 0)
(1.47667e-32 2.57104e-30 0)
(-1.04242e-31 6.2023e-31 0)
(-1.2425e-30 -8.24774e-30 0)
(-1.10288e-31 -8.52398e-29 0)
(-3.53872e-32 -7.23448e-30 0)
(-3.62997e-33 -1.56843e-30 0)
(-4.46251e-34 -1.59129e-31 0)
(1.85443e-37 -4.22349e-32 0)
(4.42353e-34 -1.50038e-31 0)
(3.17984e-33 -1.53891e-30 0)
(2.778e-32 -5.97568e-30 0)
(-4.11731e-32 -8.42358e-29 0)
(-9.88603e-32 1.06969e-28 0)
(2.97121e-32 2.01378e-28 0)
(6.94948e-32 1.81907e-29 0)
(7.84535e-33 4.13245e-30 0)
(2.95443e-33 -1.10036e-38 0)
(2.46366e-32 -1.31775e-38 0)
(1.61952e-31 -3.06256e-39 0)
(1.24196e-30 -6.70106e-40 0)
(4.63484e-34 -3.01499e-34 0)
(3.66755e-33 -2.42823e-33 0)
(2.32293e-32 -1.96492e-32 0)
(1.59082e-31 -1.16689e-31 0)
(8.12491e-35 -4.87421e-35 0)
(5.9978e-34 -3.83154e-34 0)
(3.34771e-33 -2.93075e-33 0)
(1.96688e-32 -1.66233e-32 0)
(9.50643e-36 -7.17725e-36 0)
(6.45175e-35 -6.58477e-35 0)
(3.34979e-34 -4.96785e-34 0)
(1.7421e-33 -2.62013e-33 0)
(-1.43661e-36 1.70836e-35 0)
(3.76516e-36 1.67756e-35 0)
(3.24614e-35 -4.92921e-35 0)
(1.69546e-34 -2.74204e-34 0)
(-1.71155e-34 1.83742e-34 0)
(-6.08293e-35 2.48577e-34 0)
(-2.98673e-35 4.45951e-35 0)
(7.86618e-36 -2.07108e-35 0)
(-4.22832e-33 1.15548e-33 0)
(-1.04103e-33 1.65426e-33 0)
(-3.76631e-34 3.21854e-34 0)
(-6.43892e-35 5.42154e-35 0)
(-7.40773e-32 9.18976e-33 0)
(-1.33158e-32 1.34303e-32 0)
(-3.082e-33 2.25196e-33 0)
(-4.58958e-34 3.79471e-34 0)
(-8.62093e-31 -2.15346e-32 0)
(-1.09478e-31 -3.6686e-33 0)
(-2.39328e-32 -4.63204e-34 0)
(-3.18426e-33 -5.74446e-35 0)
(3.40888e-32 -2.01604e-31 0)
(7.60152e-33 -4.2524e-32 0)
(7.30262e-34 -5.54368e-33 0)
(4.31246e-35 -7.57985e-34 0)
(9.08886e-31 -8.25119e-31 0)
(1.48565e-31 -7.84549e-32 0)
(2.56337e-32 -5.38383e-33 0)
(3.16423e-33 -2.8007e-34 0)
(-1.32095e-31 -6.71987e-30 0)
(-2.51304e-32 -5.21547e-31 0)
(-4.59855e-33 -2.99686e-32 0)
(-6.06354e-34 -1.01158e-33 0)
(-1.88282e-30 1.50205e-31 0)
(-3.09945e-31 1.22081e-32 0)
(-5.40714e-32 7.47312e-34 0)
(-6.73678e-33 3.14369e-35 0)
(-9.37704e-32 6.89004e-30 0)
(-1.87251e-32 5.35657e-31 0)
(-3.45543e-33 3.08416e-32 0)
(-4.60963e-34 1.04719e-33 0)
(9.35741e-31 8.48241e-31 0)
(1.5347e-31 7.95656e-32 0)
(2.66934e-32 5.30612e-33 0)
(3.31631e-33 2.44442e-34 0)
(1.1097e-31 1.97108e-31 0)
(2.14678e-32 2.982e-32 0)
(3.91566e-33 3.37563e-33 0)
(5.16094e-34 3.88047e-34 0)
(-4.47124e-35 4.301e-32 0)
(2.09157e-35 7.23861e-33 0)
(9.23605e-36 9.05465e-34 0)
(1.94127e-36 1.11205e-34 0)
(-1.03705e-31 1.92549e-31 0)
(-1.98515e-32 2.8447e-32 0)
(-3.54487e-33 3.14149e-33 0)
(-4.60222e-34 3.53852e-34 0)
(-9.04013e-31 6.99965e-31 0)
(-1.43434e-31 5.01665e-32 0)
(-2.46071e-32 1.42873e-33 0)
(-3.00672e-33 -2.54919e-34 0)
(1.373e-30 6.53996e-30 0)
(2.33649e-31 4.73285e-31 0)
(4.11898e-32 2.41995e-32 0)
(5.20153e-33 3.84675e-34 0)
(3.24717e-30 -9.26228e-30 0)
(5.33894e-31 -7.52333e-31 0)
(9.30554e-32 -4.60578e-32 0)
(1.15838e-32 -1.95274e-33 0)
(-1.09603e-30 -1.68627e-29 0)
(-1.79695e-31 -1.3305e-30 0)
(-3.12318e-32 -7.79759e-32 0)
(-3.87761e-33 -2.81244e-33 0)
(-3.26978e-30 -1.44897e-30 0)
(-5.35836e-31 -1.66694e-31 0)
(-9.31798e-32 -1.49206e-32 0)
(-1.15731e-32 -1.32373e-33 0)
(1.16223e-30 6.5292e-30 0)
(1.90382e-31 4.37065e-31 0)
(3.30537e-32 1.81312e-32 0)
(4.10047e-33 -4.73678e-34 0)
(3.29655e-30 -9.69188e-30 0)
(5.36889e-31 -7.7683e-31 0)
(9.32148e-32 -4.64751e-32 0)
(1.15499e-32 -1.79961e-33 0)
(-2.25104e-30 -1.7102e-29 0)
(-3.66648e-31 -1.34703e-30 0)
(-6.37569e-32 -7.96254e-32 0)
(-7.90914e-33 -3.04859e-33 0)
(-2.43656e-30 6.5784e-30 0)
(-4.0452e-31 4.75545e-31 0)
(-7.07296e-32 2.5329e-32 0)
(-8.84098e-33 6.61815e-34 0)
(9.03888e-31 4.40318e-31 0)
(1.40269e-31 1.52895e-32 0)
(2.37393e-32 -2.31367e-33 0)
(2.85745e-33 -6.63646e-34 0)
(1.42605e-31 4.90345e-32 0)
(2.87729e-32 1.59067e-32 0)
(4.19549e-33 2.30454e-33 0)
(4.67242e-34 3.94188e-34 0)
(2.89579e-32 -1.24583e-30 0)
(5.09503e-32 -1.15681e-31 0)
(1.90745e-33 -7.74572e-33 0)
(-5.86606e-35 -3.70792e-34 0)
(-1.23104e-31 -9.36898e-30 0)
(-2.18579e-32 -7.65192e-31 0)
(-4.90587e-33 -4.83127e-32 0)
(-7.19249e-34 -2.42779e-33 0)
(-1.26437e-30 -1.1501e-30 0)
(-2.08687e-31 -1.12207e-31 0)
(-3.66878e-32 -8.06775e-33 0)
(-4.5981e-33 -4.78459e-34 0)
(-1.51106e-31 -2.60664e-31 0)
(-2.9362e-32 -3.9759e-32 0)
(-5.40933e-33 -4.53412e-33 0)
(-7.18514e-34 -5.26849e-34 0)
(-2.22249e-32 -3.00104e-32 0)
(-4.48889e-33 -5.1739e-33 0)
(-8.93668e-34 -6.59704e-34 0)
(-1.24525e-34 -8.27467e-35 0)
(-3.79836e-35 -8.17596e-33 0)
(-1.0538e-35 -1.57023e-33 0)
(-3.28029e-36 -2.14671e-34 0)
(-5.87173e-37 -2.86846e-35 0)
(2.2014e-32 -2.80322e-32 0)
(4.39846e-33 -4.67002e-33 0)
(8.64447e-34 -5.79704e-34 0)
(1.19126e-34 -7.0637e-35 0)
(1.39001e-31 -2.49962e-31 0)
(2.66602e-32 -3.67554e-32 0)
(4.77491e-33 -4.03919e-33 0)
(6.21433e-34 -4.52801e-34 0)
(1.19277e-30 -9.2413e-31 0)
(1.89304e-31 -6.63363e-32 0)
(3.24805e-32 -1.90429e-33 0)
(3.96938e-33 3.33937e-34 0)
(-1.79867e-30 -8.62608e-30 0)
(-3.06218e-31 -6.24161e-31 0)
(-5.39994e-32 -3.18829e-32 0)
(-6.82124e-33 -4.99953e-34 0)
(-4.29113e-30 1.2139e-29 0)
(-7.06388e-31 9.8849e-31 0)
(-1.23227e-31 6.08207e-32 0)
(-1.53523e-32 2.62645e-33 0)
(1.28383e-30 2.23923e-29 0)
(2.06309e-31 1.78483e-30 0)
(3.57024e-32 1.06605e-31 0)
(4.40156e-33 4.17133e-33 0)
(3.01751e-30 2.89546e-30 0)
(5.00725e-31 2.91185e-31 0)
(8.75374e-32 2.18388e-32 0)
(1.09396e-32 1.40994e-33 0)
(3.44727e-31 6.96666e-31 0)
(6.72304e-32 1.01438e-31 0)
(1.24173e-32 1.11332e-32 0)
(1.65485e-33 1.23343e-33 0)
(5.66946e-30 -1.23374e-40 0)
(5.34673e-29 -3.41009e-41 0)
(4.88801e-29 5.51898e-41 0)
(-4.87294e-29 5.57198e-41 0)
(-5.22914e-29 -2.64138e-41 0)
(1.32375e-31 -5.96815e-41 0)
(5.34835e-29 -3.07537e-41 0)
(5.4509e-29 2.57193e-41 0)
(5.7599e-30 3.01291e-41 0)
(1.17223e-30 4.41737e-42 0)
(1.32134e-31 6.97726e-43 0)
(1.76195e-32 -5.82877e-44 0)
(-1.67072e-33 -1.85328e-42 0)
(-3.39601e-32 -2.40895e-41 0)
(-2.46494e-31 -2.99401e-40 0)
(-2.21392e-30 -3.26179e-39 0)
(-1.03633e-29 -2.87583e-38 0)
(-1.03369e-28 -1.6911e-38 0)
(-5.34653e-29 6.84225e-36 0)
(4.88635e-29 2.22005e-34 0)
(5.80859e-29 4.53619e-33 0)
(5.5672e-29 6.8983e-32 0)
(7.04813e-30 7.19101e-31 0)
(6.9753e-30 6.89899e-32 0)
(5.47744e-29 4.75135e-33 0)
(5.46569e-29 4.53619e-33 0)
(5.77169e-30 6.44537e-32 0)
(1.18393e-30 6.50117e-31 0)
(1.45361e-31 -6.50118e-31 0)
(4.59531e-32 -6.44398e-32 0)
(2.6428e-31 -4.08663e-33 0)
(2.33478e-30 4.43497e-33 0)
(1.14648e-29 7.0716e-32 0)
(1.08333e-28 7.37388e-31 0)
(1.05574e-28 7.52522e-32 0)
(-3.38873e-29 7.36262e-32 0)
(4.54329e-29 7.19111e-31 0)
(-5.50135e-30 6.46634e-32 0)
(-9.87453e-29 -6.008e-32 0)
(-9.38094e-30 -6.50369e-31 0)
(6.88974e-31 -7.74173e-31 0)
(4.60004e-30 -5.8917e-31 0)
(4.04761e-30 1.48597e-30 0)
(-4.02586e-30 1.47152e-30 0)
(-4.44918e-30 -6.97186e-31 0)
(1.90278e-32 -1.56482e-30 0)
(4.60243e-30 -8.03388e-31 0)
(4.73158e-30 6.8121e-31 0)
(7.02776e-31 7.88789e-31 0)
(1.50276e-31 1.07737e-31 0)
(1.89888e-32 1.6153e-32 0)
(2.61614e-33 1.75698e-33 0)
(-2.61409e-34 5.53294e-34 0)
(-5.03373e-33 3.27465e-33 0)
(-3.53369e-32 3.05945e-32 0)
(-2.81813e-31 1.99494e-31 0)
(-1.2576e-30 1.47134e-30 0)
(-8.77618e-30 5.87709e-31 0)
(-4.59974e-30 -2.1995e-30 0)
(4.04496e-30 -1.67443e-30 0)
(5.15588e-30 -1.23452e-31 0)
(4.87151e-30 7.65911e-31 0)
(8.69654e-31 7.64205e-31 0)
(8.68406e-31 -6.71921e-31 0)
(4.77078e-30 -6.79998e-31 0)
(4.75206e-30 6.99741e-31 0)
(6.96823e-31 7.99173e-31 0)
(1.6101e-31 1.67524e-31 0)
(2.99557e-32 -4.3826e-32 0)
(-9.31466e-34 -1.01884e-32 0)
(3.67285e-32 -3.25198e-32 0)
(2.97543e-31 -2.09855e-31 0)
(1.3871e-30 -1.49717e-30 0)
(9.38253e-30 -5.78114e-31 0)
(9.06634e-30 2.07288e-30 0)
(-2.2388e-30 9.26985e-31 0)
(3.6411e-30 -2.25601e-31 0)
(-6.55509e-31 2.03928e-30 0)
(-8.20936e-30 9.17664e-32 0)
(-1.12181e-30 -1.17652e-30 0)
(5.39778e-32 -9.50112e-32 0)
(2.61032e-31 -6.87485e-32 0)
(2.24085e-31 1.81356e-31 0)
(-2.20869e-31 1.79215e-31 0)
(-2.42005e-31 -8.41829e-32 0)
(2.76366e-33 -1.92475e-31 0)
(2.61402e-31 -9.93378e-32 0)
(2.77202e-31 8.18023e-32 0)
(5.58432e-32 9.71737e-32 0)
(1.89026e-32 1.53968e-32 0)
(2.75639e-33 2.40901e-33 0)
(4.30345e-34 2.77874e-34 0)
(-4.56987e-35 8.95365e-35 0)
(-8.2664e-34 5.16744e-34 0)
(-5.07791e-33 4.5477e-33 0)
(-3.50923e-32 2.84124e-32 0)
(-9.31629e-32 1.79186e-31 0)
(-5.00783e-31 6.85112e-32 0)
(-2.60957e-31 -2.67976e-31 0)
(2.23652e-31 -2.08152e-31 0)
(2.98525e-31 -1.76078e-32 0)
(2.94824e-31 9.42926e-32 0)
(7.71117e-32 9.74426e-32 0)
(7.68494e-32 -7.9886e-32 0)
(2.8289e-31 -8.14648e-32 0)
(2.80225e-31 8.47168e-32 0)
(5.52597e-32 9.91339e-32 0)
(2.02527e-32 2.70679e-32 0)
(4.14487e-33 -9.2928e-33 0)
(2.21119e-34 -1.92389e-33 0)
(5.14143e-33 -4.9444e-33 0)
(3.60869e-32 -2.98216e-32 0)
(9.99705e-32 -1.83423e-31 0)
(5.45481e-31 -8.6543e-32 0)
(5.46325e-31 2.49571e-31 0)
(-9.2538e-32 1.17787e-31 0)
(2.05488e-31 -1.32107e-32 0)
(-4.96964e-32 2.4583e-31 0)
(-4.65859e-31 1.28271e-32 0)
(-9.84772e-32 -1.40697e-31 0)
(3.1986e-33 -1.41766e-32 0)
(1.0433e-32 -1.01221e-32 0)
(8.74521e-33 2.71058e-32 0)
(-8.41763e-33 2.67436e-32 0)
(-8.72274e-33 -1.25485e-32 0)
(2.78491e-34 -2.88005e-32 0)
(1.04719e-32 -1.49237e-32 0)
(1.18525e-32 1.21438e-32 0)
(3.38161e-33 1.45573e-32 0)
(1.69532e-33 2.41821e-33 0)
(2.77633e-34 4.09959e-34 0)
(4.65395e-35 4.97922e-35 0)
(-5.18363e-36 1.67903e-35 0)
(-8.92635e-35 9.22159e-35 0)
(-5.08199e-34 7.71584e-34 0)
(-3.11792e-33 4.43166e-33 0)
(-5.10859e-33 2.67382e-32 0)
(-2.05428e-32 1.0081e-32 0)
(-1.04238e-32 -4.00695e-32 0)
(8.69672e-33 -3.12699e-32 0)
(1.21695e-32 -2.80513e-33 0)
(1.33654e-32 1.39645e-32 0)
(5.31248e-33 1.39009e-32 0)
(5.34797e-33 -1.19206e-32 0)
(1.24333e-32 -1.20956e-32 0)
(1.21544e-32 1.26322e-32 0)
(3.28335e-33 1.48005e-32 0)
(1.8857e-33 3.60647e-33 0)
(4.72204e-34 -7.83849e-34 0)
(-1.28088e-35 -2.34432e-34 0)
(4.99217e-34 -8.15083e-34 0)
(3.15281e-33 -4.54668e-33 0)
(5.34999e-33 -2.69214e-32 0)
(2.30046e-32 -9.49196e-33 0)
(2.49488e-32 3.76747e-32 0)
(-1.78666e-33 1.78853e-32 0)
(8.70262e-33 -2.15293e-33 0)
(-2.72988e-33 3.66457e-32 0)
(-1.92099e-32 2.26687e-33 0)
(-6.82542e-33 -2.02058e-32 0)
(1.85198e-34 -1.39595e-33 0)
(1.23621e-34 -9.74399e-34 0)
(8.6282e-35 2.66769e-33 0)
(-5.096e-35 2.62807e-33 0)
(4.56406e-35 -1.22935e-33 0)
(2.97116e-35 -2.84255e-33 0)
(1.27928e-34 -1.47842e-33 0)
(2.61543e-34 1.1849e-33 0)
(2.04492e-34 1.43832e-33 0)
(1.67408e-34 2.53983e-34 0)
(2.9607e-35 4.50808e-35 0)
(5.29313e-36 5.71797e-36 0)
(-6.09481e-37 1.98082e-36 0)
(-1.0143e-35 1.05612e-35 0)
(-5.38571e-35 8.462e-35 0)
(-3.05786e-34 4.63497e-34 0)
(-2.46179e-34 2.62744e-33 0)
(-3.4153e-34 9.69723e-34 0)
(-1.22445e-34 -3.94271e-33 0)
(8.0789e-35 -3.10225e-33 0)
(1.66554e-34 -2.95167e-34 0)
(4.10936e-34 1.3787e-33 0)
(3.96737e-34 1.40657e-33 0)
(3.99987e-34 -1.1548e-33 0)
(3.2342e-34 -1.17788e-33 0)
(2.94133e-34 1.24025e-33 0)
(1.95811e-34 1.46944e-33 0)
(1.86369e-34 4.07926e-34 0)
(4.90357e-35 -1.095e-34 0)
(8.20856e-37 -2.99462e-35 0)
(5.14999e-35 -8.98016e-35 0)
(3.0069e-34 -4.70054e-34 0)
(2.12535e-34 -2.62336e-33 0)
(4.60902e-34 -8.40772e-34 0)
(8.31775e-34 3.71775e-33 0)
(2.25486e-34 1.80413e-33 0)
(2.12016e-34 -1.03561e-34 0)
(-1.39516e-34 3.59622e-33 0)
(-3.5862e-34 2.4489e-34 0)
(-5.16428e-34 -1.97921e-33 0)
(9.63466e-36 -1.47927e-34 0)
(-2.10467e-35 -1.03049e-34 0)
(-1.92286e-35 2.85422e-34 0)
(2.241e-35 2.8086e-34 0)
(3.53322e-35 -1.31302e-34 0)
(2.67505e-36 -3.04311e-34 0)
(-2.05042e-35 -1.58707e-34 0)
(-9.30791e-36 1.26183e-34 0)
(1.25322e-35 1.54102e-34 0)
(1.42496e-35 2.79865e-35 0)
(2.66474e-36 5.1958e-36 0)
(4.94646e-37 6.79658e-37 0)
(-5.85416e-38 2.4164e-37 0)
(-9.47078e-37 1.2521e-36 0)
(-4.82862e-36 9.73382e-36 0)
(-2.58898e-35 5.08517e-35 0)
(-1.1243e-35 2.80781e-34 0)
(2.91104e-35 1.02645e-34 0)
(2.10162e-35 -4.21976e-34 0)
(-1.97351e-35 -3.32981e-34 0)
(-2.21234e-35 -3.27772e-35 0)
(3.05054e-36 1.46839e-34 0)
(2.90017e-35 1.48307e-34 0)
(2.96119e-35 -1.23107e-34 0)
(-3.69474e-36 -1.25402e-34 0)
(-6.38618e-36 1.32543e-34 0)
(1.15619e-35 1.57354e-34 0)
(1.62324e-35 4.27291e-35 0)
(4.69058e-36 -9.62205e-36 0)
(-9.82766e-38 -3.08644e-36 0)
(4.4861e-36 -1.0122e-35 0)
(2.49585e-35 -5.02941e-35 0)
(5.81128e-36 -2.74616e-34 0)
(-2.34576e-35 -5.55137e-35 0)
(1.49664e-35 4.03053e-34 0)
(3.15406e-35 1.959e-34 0)
(-3.58846e-36 -9.82106e-36 0)
(-6.52241e-36 3.84521e-34 0)
(2.22596e-35 2.86215e-35 0)
(-3.84333e-35 -2.08248e-34 0)
(-1.00542e-35 -6.25318e-36 0)
(-4.38959e-36 -8.20014e-36 0)
(-2.8922e-36 2.52183e-35 0)
(3.0188e-36 2.47236e-35 0)
(4.37446e-36 -1.15365e-35 0)
(2.4494e-37 -2.68476e-35 0)
(-3.05399e-36 -1.40373e-35 0)
(-2.0672e-36 1.10558e-35 0)
(9.13043e-37 1.36054e-35 0)
(1.2673e-36 2.55622e-36 0)
(2.44065e-37 4.88852e-37 0)
(4.66119e-38 6.5714e-38 0)
(-5.61689e-39 2.37904e-38 0)
(-8.92028e-38 1.20827e-37 0)
(-4.40912e-37 9.14179e-37 0)
(-2.29583e-36 4.63091e-36 0)
(-5.99013e-37 2.47087e-35 0)
(4.86274e-36 8.91609e-36 0)
(3.1023e-36 -3.71755e-35 0)
(-2.7889e-36 -2.94688e-35 0)
(-3.39796e-36 -2.99724e-36 0)
(-9.66463e-37 1.29613e-35 0)
(2.38257e-36 1.33179e-35 0)
(2.43533e-36 -1.07272e-35 0)
(-1.55339e-36 -1.09699e-35 0)
(-1.79787e-36 1.1666e-35 0)
(8.3235e-37 1.39422e-35 0)
(1.44269e-36 4.08746e-36 0)
(4.2338e-37 -1.04958e-36 0)
(-1.97508e-40 -3.18823e-37 0)
(3.98642e-37 -9.48057e-37 0)
(2.15849e-36 -4.5009e-36 0)
(-1.79639e-37 -2.38061e-35 0)
(-4.54368e-36 -3.16386e-36 0)
(-6.5352e-37 3.58105e-35 0)
(3.30298e-36 1.75791e-35 0)
(-1.14066e-36 -2.14617e-37 0)
(-3.79729e-37 3.38513e-35 0)
(4.01546e-36 2.67248e-36 0)
(-3.17668e-36 -1.83289e-35 0)
(-6.57109e-35 4.21634e-35 0)
(-7.6756e-36 3.91043e-36 0)
(-1.06735e-36 2.72409e-36 0)
(1.89159e-37 2.27693e-36 0)
(3.74786e-37 -1.03898e-36 0)
(1.94154e-38 -2.43031e-36 0)
(-2.76722e-37 -1.27315e-36 0)
(-1.98449e-37 9.97082e-37 0)
(6.68745e-38 1.23238e-36 0)
(1.01261e-37 2.35952e-37 0)
(2.00066e-38 4.62681e-38 0)
(3.89401e-39 6.33788e-39 0)
(-4.77024e-40 2.32956e-39 0)
(-7.44845e-39 1.16345e-38 0)
(-3.60672e-38 8.6415e-38 0)
(-1.82964e-37 4.26352e-37 0)
(-3.58401e-38 2.23402e-36 0)
(4.48733e-37 8.00412e-37 0)
(2.80699e-37 -3.36457e-36 0)
(-2.49778e-37 -2.67283e-36 0)
(-3.10432e-37 -2.77796e-37 0)
(-1.12096e-37 1.17021e-36 0)
(1.84651e-37 1.19891e-36 0)
(1.90423e-37 -9.67205e-37 0)
(-1.56105e-37 -9.88943e-37 0)
(-1.76434e-37 1.05488e-36 0)
(5.93904e-38 1.26322e-36 0)
(1.16926e-37 3.70023e-37 0)
(3.59908e-38 -8.84837e-38 0)
(-8.82806e-40 -2.88844e-38 0)
(3.16712e-38 -8.80876e-38 0)
(1.68504e-37 -4.03647e-37 0)
(-4.22289e-38 -2.10463e-36 0)
(-4.28091e-37 -2.92309e-38 0)
(-9.73724e-38 3.28562e-36 0)
(2.7525e-37 1.61171e-36 0)
(-1.11163e-37 -5.01399e-39 0)
(-2.21962e-38 3.06218e-36 0)
(3.74989e-37 2.54427e-37 0)
(-2.48216e-37 -1.64364e-36 0)
(-4.39478e-34 -5.8335e-36 0)
(-4.69297e-35 -6.02909e-37 0)
(-5.1045e-36 1.35876e-37 0)
(-4.62287e-37 1.75559e-37 0)
(-1.40749e-38 -8.40028e-38 0)
(-2.29676e-39 -1.95634e-37 0)
(-2.33672e-38 -1.02639e-37 0)
(-1.68343e-38 7.98718e-38 0)
(5.16119e-39 9.92269e-38 0)
(8.10311e-39 1.9411e-38 0)
(1.62546e-39 3.87599e-39 0)
(3.21107e-40 5.40286e-40 0)
(-3.97866e-41 2.00908e-40 0)
(-6.14024e-40 9.90512e-40 0)
(-2.92546e-39 7.23056e-39 0)
(-1.46184e-38 3.50076e-38 0)
(-2.49886e-39 1.79486e-37 0)
(3.75658e-38 6.37412e-38 0)
(2.33695e-38 -2.7053e-37 0)
(-2.07148e-38 -2.15548e-37 0)
(-2.59246e-38 -2.2861e-38 0)
(-9.90189e-39 9.42406e-38 0)
(1.46043e-38 9.77326e-38 0)
(1.50711e-38 -7.71474e-38 0)
(-1.33674e-38 -7.91199e-38 0)
(-1.50149e-38 8.47801e-38 0)
(4.57836e-39 1.01984e-37 0)
(9.36308e-39 3.13883e-38 0)
(2.91048e-39 -8.15815e-39 0)
(-5.14059e-41 -2.5742e-39 0)
(2.49467e-39 -7.32049e-39 0)
(1.31314e-38 -3.24456e-38 0)
(-5.36839e-39 -1.65909e-37 0)
(-3.60422e-38 1.27761e-38 0)
(-7.85235e-39 2.67096e-37 0)
(2.25573e-38 1.31538e-37 0)
(-9.36021e-39 2.91407e-39 0)
(-1.57692e-39 2.46168e-37 0)
(3.14339e-38 2.12171e-38 0)
(-1.96347e-38 -1.32171e-37 0)
(-6.75663e-36 -7.90076e-35 0)
(-1.56286e-36 -7.9643e-36 0)
(-2.65759e-37 -7.10555e-37 0)
(-3.00058e-38 -5.08456e-38 0)
(-1.20392e-39 -1.21524e-38 0)
(-2.22714e-40 -1.61499e-38 0)
(-1.7536e-39 -8.28561e-39 0)
(-1.26638e-39 6.39192e-39 0)
(3.74721e-40 7.96995e-39 0)
(5.98763e-40 1.58036e-39 0)
(1.21994e-40 3.20272e-40 0)
(2.43698e-41 4.52004e-41 0)
(-3.05271e-42 1.6966e-41 0)
(-4.65849e-41 8.27794e-41 0)
(-2.19282e-40 5.96951e-40 0)
(-1.07843e-39 2.84569e-39 0)
(-1.71993e-40 1.43968e-38 0)
(2.81157e-39 5.08448e-39 0)
(1.74681e-39 -2.17141e-38 0)
(-1.54489e-39 -1.73307e-38 0)
(-1.94259e-39 -1.86516e-39 0)
(-7.60275e-40 7.5566e-39 0)
(1.07391e-39 7.83706e-39 0)
(1.11519e-39 -6.1709e-39 0)
(-1.00438e-39 -6.33141e-39 0)
(-1.12944e-39 6.80101e-39 0)
(3.2721e-40 8.19649e-39 0)
(6.9902e-40 2.53928e-39 0)
(2.24073e-40 -6.43253e-40 0)
(-8.02846e-42 -2.09586e-40 0)
(1.81238e-40 -5.94832e-40 0)
(9.46668e-40 -2.56617e-39 0)
(-5.06684e-40 -1.29915e-38 0)
(-2.70109e-39 2.62439e-39 0)
(-5.2192e-40 2.17395e-38 0)
(1.6789e-39 1.0683e-38 0)
(-6.9385e-40 3.31944e-40 0)
(-1.0078e-40 1.97528e-38 0)
(2.35553e-39 1.75748e-39 0)
(-1.45021e-39 -1.05537e-38 0)
(3.59071e-34 -8.693e-36 0)
(3.41615e-35 -7.23657e-38 0)
(3.17635e-36 1.44565e-38 0)
(2.71604e-37 2.2348e-39 0)
(2.27486e-38 -4.37843e-40 0)
(1.77192e-39 -1.1626e-39 0)
(7.89152e-42 -6.11877e-40 0)
(-8.28999e-41 4.71743e-40 0)
(2.7735e-41 5.90191e-40 0)
(4.36393e-41 1.18769e-40 0)
(8.97914e-42 2.43457e-41 0)
(1.80937e-42 3.47663e-42 0)
(-2.28425e-43 1.31485e-42 0)
(-3.4576e-42 6.36141e-42 0)
(-1.61177e-41 4.53401e-41 0)
(-7.84262e-41 2.13597e-40 0)
(-1.20756e-41 1.06446e-39 0)
(2.05484e-40 3.73529e-40 0)
(1.27629e-40 -1.60636e-39 0)
(-1.12726e-40 -1.2848e-39 0)
(-1.42093e-40 -1.40148e-40 0)
(-5.59829e-41 5.59843e-40 0)
(7.80132e-41 5.85899e-40 0)
(8.11145e-41 -4.53715e-40 0)
(-7.34408e-41 -4.66659e-40 0)
(-8.26515e-41 5.03012e-40 0)
(2.35745e-41 6.08246e-40 0)
(5.0998e-41 1.95094e-40 0)
(1.65101e-41 -5.2325e-41 0)
(-5.99798e-43 -1.66566e-41 0)
(1.29e-41 -4.47516e-41 0)
(6.70351e-41 -1.87987e-40 0)
(-4.57957e-41 -9.39516e-40 0)
(-1.97448e-40 2.92793e-40 0)
(-3.0442e-41 1.62818e-39 0)
(1.23628e-40 8.00531e-40 0)
(-5.0108e-41 3.9385e-41 0)
(-6.92785e-42 1.46124e-39 0)
(1.72038e-40 1.33182e-40 0)
(-1.05362e-40 -7.81212e-40 0)
(-7.17323e-35 2.33646e-35 0)
(-7.12292e-36 7.10853e-36 0)
(-6.84965e-37 7.61327e-37 0)
(-6.05107e-38 6.82143e-38 0)
(-5.16908e-39 5.42883e-39 0)
(-4.1554e-40 3.35163e-40 0)
(-4.10094e-41 -1.40715e-41 0)
(-8.7521e-42 3.64652e-41 0)
(1.66932e-42 4.31762e-41 0)
(2.97591e-42 8.75743e-42 0)
(6.21243e-43 1.81034e-42 0)
(1.26211e-43 2.60718e-43 0)
(-1.60691e-44 9.9183e-44 0)
(-2.41246e-43 4.7665e-43 0)
(-1.116e-42 3.36829e-42 0)
(-5.36846e-42 1.57164e-41 0)
(-8.02319e-43 7.75253e-41 0)
(1.40957e-41 2.70841e-41 0)
(8.75593e-42 -1.17046e-40 0)
(-7.72422e-42 -9.37464e-41 0)
(-9.7632e-42 -1.03321e-41 0)
(-3.8798e-42 4.07861e-41 0)
(5.33798e-42 4.27505e-41 0)
(5.57767e-42 -3.29546e-41 0)
(-5.02942e-42 -3.39208e-41 0)
(-5.67384e-42 3.66385e-41 0)
(1.58383e-42 4.43808e-41 0)
(3.52379e-42 1.43715e-41 0)
(1.16674e-42 -3.839e-42 0)
(-5.99081e-44 -1.23753e-42 0)
(8.63361e-43 -3.27333e-42 0)
(4.47126e-42 -1.34385e-41 0)
(-3.68015e-42 -6.66735e-41 0)
(-1.35424e-41 2.98533e-41 0)
(-1.59615e-42 1.20325e-40 0)
(8.52862e-42 5.89722e-41 0)
(-3.39021e-42 3.39145e-42 0)
(-4.22994e-43 1.06455e-40 0)
(1.18081e-41 9.9095e-42 0)
(-7.23518e-42 -5.67631e-41 0)
(-7.73574e-34 2.5387e-37 0)
(-7.43357e-35 -9.45682e-38 0)
(-6.99196e-36 -1.19821e-38 0)
(-6.0374e-37 -1.135e-39 0)
(-5.07758e-38 -9.72113e-41 0)
(-4.0066e-39 -1.33169e-41 0)
(-3.07748e-40 -3.62408e-42 0)
(-2.28126e-41 2.3071e-42 0)
(-1.46156e-42 2.9497e-42 0)
(9.29448e-44 6.06521e-43 0)
(3.49865e-44 1.26429e-43 0)
(8.13841e-45 1.83639e-44 0)
(-1.1273e-45 7.02186e-45 0)
(-1.64108e-44 3.35593e-44 0)
(-7.54453e-44 2.35195e-43 0)
(-3.599e-43 1.08913e-42 0)
(-5.26706e-44 5.31327e-42 0)
(9.46038e-43 1.84721e-42 0)
(5.8773e-43 -8.02492e-42 0)
(-5.18009e-43 -6.4378e-42 0)
(-6.55939e-43 -7.16253e-43 0)
(-2.61512e-43 2.80039e-42 0)
(3.57787e-43 2.95624e-42 0)
(3.74511e-43 -2.24838e-42 0)
(-3.37139e-43 -2.31913e-42 0)
(-3.80868e-43 2.51177e-42 0)
(1.05346e-43 3.05051e-42 0)
(2.37146e-43 1.01397e-42 0)
(7.93048e-44 -2.82521e-43 0)
(-4.42729e-45 -8.94922e-44 0)
(5.63419e-44 -2.25948e-43 0)
(2.91198e-43 -9.06351e-43 0)
(-2.87134e-43 -4.45635e-42 0)
(-9.08716e-43 2.57115e-42 0)
(-6.88102e-44 8.35897e-42 0)
(5.78445e-43 4.09031e-42 0)
(-2.2454e-43 2.91576e-43 0)
(-2.66239e-44 7.29923e-42 0)
(7.92239e-43 6.90798e-43 0)
(-4.85375e-43 -3.89551e-42 0)
(-5.45946e-35 -2.33616e-35 0)
(-5.43758e-36 -7.27114e-36 0)
(-5.22228e-37 -7.81644e-37 0)
(-4.613e-38 -7.01875e-38 0)
(-3.93946e-39 -5.64567e-39 0)
(-3.15863e-40 -4.35523e-40 0)
(-2.45403e-41 -3.19527e-41 0)
(-1.83459e-42 -2.08958e-42 0)
(-1.21311e-43 4.58638e-44 0)
(3.97557e-45 3.10208e-44 0)
(2.12587e-45 7.97063e-45 0)
(5.18811e-46 1.21882e-45 0)
(-7.3978e-47 4.80637e-46 0)
(-1.06306e-45 2.29831e-45 0)
(-4.86325e-45 1.60079e-44 0)
(-2.29967e-44 7.36809e-44 0)
(-3.29234e-45 3.56547e-43 0)
(6.05017e-44 1.23509e-43 0)
(3.75936e-44 -5.3868e-43 0)
(-3.31046e-44 -4.32648e-43 0)
(-4.20086e-44 -4.84983e-44 0)
(-1.68523e-44 1.88051e-43 0)
(2.28586e-44 1.9898e-43 0)
(2.40264e-44 -1.50481e-43 0)
(-2.15224e-44 -1.55367e-43 0)
(-2.43669e-44 1.6857e-43 0)
(6.629e-45 2.05056e-43 0)
(1.52713e-44 6.88903e-44 0)
(5.19729e-45 -1.93218e-44 0)
(-3.58429e-46 -6.13666e-45 0)
(3.49937e-45 -1.51394e-44 0)
(1.80746e-44 -5.94603e-44 0)
(-2.07717e-44 -2.90737e-43 0)
(-5.81025e-44 2.11949e-43 0)
(-2.11338e-45 5.69186e-43 0)
(3.73017e-44 2.77424e-43 0)
(-1.41636e-44 2.18912e-44 0)
(-1.51664e-45 4.89936e-43 0)
(5.0696e-44 4.70501e-44 0)
(-3.11117e-44 -2.61161e-43 0)
(3.79881e-34 3.46368e-36 0)
(3.64304e-35 -5.62165e-37 0)
(3.42089e-36 -7.79003e-38 0)
(2.94961e-37 -7.48534e-39 0)
(2.47778e-38 -6.20508e-40 0)
(1.9531e-39 -4.8597e-41 0)
(1.496e-40 -3.60123e-42 0)
(1.08923e-41 -2.46218e-43 0)
(7.71056e-43 -4.84636e-45 0)
(5.30635e-44 1.48567e-45 0)
(3.61608e-45 4.83662e-46 0)
(2.54208e-46 7.74395e-47 0)
(9.01859e-48 3.13279e-47 0)
(-6.62438e-47 1.49853e-46 0)
(-3.05592e-46 1.03752e-45 0)
(-1.43548e-45 4.75241e-45 0)
(-2.0197e-46 2.28026e-44 0)
(3.779e-45 7.86855e-45 0)
(2.34848e-45 -3.44598e-44 0)
(-2.06656e-45 -2.77122e-44 0)
(-2.62653e-45 -3.12768e-45 0)
(-1.05703e-45 1.20469e-44 0)
(1.42671e-45 1.28221e-44 0)
(1.50268e-45 -9.58727e-45 0)
(-1.34263e-45 -9.91684e-45 0)
(-1.52225e-45 1.07833e-44 0)
(4.10304e-46 1.31456e-44 0)
(9.57238e-46 4.50895e-45 0)
(3.28936e-46 -1.30724e-45 0)
(-2.48756e-47 -4.09334e-46 0)
(2.11551e-46 -9.68406e-46 0)
(1.09301e-45 -3.72208e-45 0)
(-1.45932e-45 -1.8079e-44 0)
(-3.62847e-45 1.59192e-44 0)
(2.43824e-47 3.6913e-44 0)
(2.35611e-45 1.79382e-44 0)
(-8.72977e-46 1.61186e-45 0)
(-8.7436e-47 3.13449e-44 0)
(3.16657e-45 3.04559e-45 0)
(-1.94469e-45 -1.6727e-44 0)
(6.06818e-35 3.65813e-35 0)
(6.00293e-36 3.32849e-36 0)
(5.7382e-37 2.83465e-37 0)
(5.04659e-38 2.36939e-38 0)
(4.29579e-39 1.86397e-39 0)
(3.43386e-40 1.42635e-40 0)
(2.65749e-41 1.03798e-41 0)
(1.9556e-42 7.34561e-43 0)
(1.39516e-43 5.05531e-44 0)
(9.58766e-45 3.4461e-45 0)
(6.43552e-46 2.43723e-46 0)
(4.26699e-47 1.81043e-47 0)
(2.24723e-48 2.78277e-48 0)
(-3.91074e-48 9.54882e-48 0)
(-1.84538e-47 6.54882e-47 0)
(-8.61101e-47 2.98828e-46 0)
(-1.18964e-47 1.4244e-45 0)
(2.26825e-46 4.90044e-46 0)
(1.40985e-46 -2.15305e-45 0)
(-1.23972e-46 -1.73318e-45 0)
(-1.57845e-46 -1.96707e-46 0)
(-6.38566e-47 7.53243e-46 0)
(8.55769e-47 8.03918e-46 0)
(9.04599e-47 -5.97372e-46 0)
(-8.0463e-47 -6.18584e-46 0)
(-9.14025e-47 6.73666e-46 0)
(2.42818e-47 8.22478e-46 0)
(5.78086e-47 2.85219e-46 0)
(2.01506e-47 -8.36678e-47 0)
(-1.76434e-48 -2.61337e-47 0)
(1.22675e-47 -6.01444e-47 0)
(6.34773e-47 -2.26449e-46 0)
(-9.69516e-47 -1.09509e-45 0)
(-2.17752e-46 1.15397e-45 0)
(1.04602e-47 2.33986e-45 0)
(1.42804e-46 1.13194e-45 0)
(-5.16886e-47 1.09594e-46 0)
(-4.62875e-48 1.95843e-45 0)
(1.9019e-46 1.92274e-46 0)
(-1.17009e-46 -1.04486e-45 0)
(3.09007e-37 1.10383e-35 0)
(3.72489e-38 1.03057e-36 0)
(4.10684e-39 8.96536e-38 0)
(4.02495e-40 7.58468e-39 0)
(3.71769e-41 6.04088e-40 0)
(3.17692e-42 4.66249e-41 0)
(2.58951e-43 3.4243e-42 0)
(1.99104e-44 2.43868e-43 0)
(1.47277e-45 1.67013e-44 0)
(1.06519e-46 1.11435e-45 0)
(7.66073e-48 7.27739e-47 0)
(5.86873e-49 4.71063e-48 0)
(1.28455e-50 3.87372e-49 0)
(-2.38019e-49 5.94175e-49 0)
(-1.0872e-48 3.97027e-48 0)
(-5.04268e-48 1.80594e-47 0)
(-6.86196e-49 8.55033e-47 0)
(1.32891e-47 2.93246e-47 0)
(8.26107e-48 -1.29266e-46 0)
(-7.25991e-48 -1.04166e-46 0)
(-9.25654e-48 -1.18821e-47 0)
(-3.75695e-48 4.52882e-47 0)
(5.01106e-48 4.85786e-47 0)
(5.30872e-48 -3.57404e-47 0)
(-4.70862e-48 -3.70719e-47 0)
(-5.35633e-48 4.04466e-47 0)
(1.40933e-48 4.94724e-47 0)
(3.39991e-48 1.74538e-47 0)
(1.19604e-48 -5.26189e-48 0)
(-1.14115e-49 -1.62375e-48 0)
(6.92119e-49 -3.59275e-48 0)
(3.58944e-48 -1.32422e-47 0)
(-6.2586e-48 -6.37101e-47 0)
(-1.27556e-47 7.84949e-47 0)
(1.17465e-48 1.42469e-46 0)
(8.46458e-48 6.86507e-47 0)
(-2.98803e-48 7.26539e-48 0)
(-2.45005e-49 1.17596e-46 0)
(1.11457e-47 1.16427e-47 0)
(-6.86458e-48 -6.28209e-47 0)
(-5.3183e-35 3.27954e-35 0)
(-5.20196e-36 2.95286e-36 0)
(-4.91928e-37 2.49379e-37 0)
(-4.29331e-38 2.07304e-38 0)
(-3.62982e-39 1.62248e-39 0)
(-2.88665e-40 1.2368e-40 0)
(-2.22421e-41 8.96712e-42 0)
(-1.63123e-42 6.32078e-43 0)
(-1.16012e-43 4.27297e-44 0)
(-7.91602e-45 2.80953e-45 0)
(-5.24484e-46 1.78266e-46 0)
(-3.35264e-47 1.10169e-47 0)
(-2.08588e-48 6.65105e-49 0)
(-1.39268e-49 7.26374e-50 0)
(-6.92573e-50 2.36545e-49 0)
(-2.85818e-49 1.06408e-48 0)
(-3.82584e-50 5.00995e-48 0)
(7.52432e-49 1.71386e-48 0)
(4.67814e-49 -7.57519e-48 0)
(-4.10882e-49 -6.10959e-48 0)
(-5.24685e-49 -6.99845e-49 0)
(-2.13932e-49 2.65654e-48 0)
(2.83588e-49 2.85798e-48 0)
(3.0141e-49 -2.08908e-48 0)
(-2.66241e-49 -2.16945e-48 0)
(-3.0339e-49 2.37015e-48 0)
(7.87817e-50 2.90313e-48 0)
(1.93573e-49 1.03538e-48 0)
(6.89209e-50 -3.16576e-49 0)
(-7.34149e-51 -9.71912e-50 0)
(3.76519e-50 -2.08588e-49 0)
(1.95929e-49 -7.52811e-49 0)
(-3.86441e-49 -3.60866e-48 0)
(-7.22131e-49 5.17081e-48 0)
(9.75772e-50 8.47129e-48 0)
(4.8445e-49 4.06173e-48 0)
(-1.66888e-49 4.55691e-49 0)
(-1.19925e-50 6.89171e-48 0)
(6.31516e-49 6.8742e-49 0)
(-3.89654e-49 -3.68313e-48 0)
(-3.41123e-34 -4.66113e-35 0)
(-3.23778e-35 -5.25586e-36 0)
(-3.01946e-36 -4.83081e-37 0)
(-2.58504e-37 -4.15592e-38 0)
(-2.16032e-38 -3.31112e-39 0)
(-1.69402e-39 -2.5494e-40 0)
(-1.29237e-40 -1.86382e-41 0)
(-9.37361e-42 -1.32205e-42 0)
(-6.60904e-43 -8.99124e-44 0)
(-4.46842e-44 -5.94074e-45 0)
(-2.93814e-45 -3.78607e-46 0)
(-1.86361e-46 -2.34728e-47 0)
(-1.15075e-47 -1.40939e-48 0)
(-6.89135e-49 -8.05249e-50 0)
(-4.3573e-50 8.67669e-51 0)
(-1.8046e-50 6.03196e-50 0)
(-2.21069e-51 2.83678e-49 0)
(4.15877e-50 9.67975e-50 0)
(2.58637e-50 -4.29001e-49 0)
(-2.27051e-50 -3.46307e-49 0)
(-2.90308e-50 -3.98191e-50 0)
(-1.18754e-50 1.50663e-49 0)
(1.56706e-50 1.62808e-49 0)
(1.66936e-50 -1.17947e-49 0)
(-1.47017e-50 -1.22678e-49 0)
(-1.67762e-50 1.34234e-49 0)
(4.31376e-51 1.64687e-49 0)
(1.07435e-50 5.96084e-50 0)
(3.8584e-51 -1.86571e-50 0)
(-4.43742e-52 -5.66676e-51 0)
(1.99313e-51 -1.17077e-50 0)
(1.04144e-50 -4.13391e-50 0)
(-2.32091e-50 -1.97331e-49 0)
(-3.99145e-50 3.24504e-49 0)
(7.19513e-51 4.8666e-49 0)
(2.71055e-50 2.32263e-49 0)
(-9.10127e-51 2.78293e-50 0)
(-5.8051e-52 3.90349e-49 0)
(3.49255e-50 3.91721e-50 0)
(-2.15786e-50 -2.08918e-49 0)
(6.00992e-34 -7.8938e-35 0)
(5.81842e-35 -1.1977e-35 0)
(5.49662e-36 -1.16909e-36 0)
(4.76943e-37 -1.02099e-37 0)
(4.02443e-38 -8.13827e-39 0)
(3.18669e-39 -6.25191e-40 0)
(2.44937e-40 -4.55408e-41 0)
(1.78977e-41 -3.22023e-42 0)
(1.26945e-42 -2.18296e-43 0)
(8.63316e-44 -1.43842e-44 0)
(5.70425e-45 -9.14243e-46 0)
(3.63524e-46 -5.65504e-47 0)
(2.25376e-47 -3.3885e-48 0)
(1.35343e-48 -1.97749e-49 0)
(7.90001e-50 -1.04845e-50 0)
(3.65623e-51 2.74296e-51 0)
(1.39403e-52 1.56505e-50 0)
(2.24465e-51 5.33812e-51 0)
(1.38827e-51 -2.37197e-50 0)
(-1.21746e-51 -1.91619e-50 0)
(-1.55879e-51 -2.21029e-51 0)
(-6.40284e-52 8.33968e-51 0)
(8.40282e-52 9.03936e-51 0)
(8.9781e-52 -6.50556e-51 0)
(-7.87651e-52 -6.77477e-51 0)
(-9.00227e-52 7.4219e-51 0)
(2.2866e-52 9.11776e-51 0)
(5.79248e-52 3.3351e-51 0)
(2.10209e-52 -1.05965e-51 0)
(-2.63852e-53 -3.19785e-52 0)
(1.02092e-52 -6.39515e-52 0)
(5.36233e-52 -2.20842e-51 0)
(-1.34305e-51 -1.05076e-50 0)
(-2.14081e-51 1.97684e-50 0)
(4.81484e-52 2.73046e-50 0)
(1.47081e-51 1.29619e-50 0)
(-4.815e-52 1.62852e-51 0)
(-2.59327e-53 2.15844e-50 0)
(1.87482e-51 2.17759e-51 0)
(-1.1605e-51 -1.15622e-50 0)
(1.32918e-33 -1.88604e-35 0)
(1.27648e-34 5.30322e-36 0)
(1.20003e-35 6.75529e-37 0)
(1.03573e-36 6.32184e-38 0)
(8.70755e-38 5.15168e-39 0)
(6.86855e-39 3.98935e-40 0)
(5.2642e-40 2.91744e-41 0)
(3.83535e-41 2.06767e-42 0)
(2.71403e-42 1.40439e-43 0)
(1.84145e-43 9.26829e-45 0)
(1.21437e-44 5.89968e-46 0)
(7.72435e-46 3.65395e-47 0)
(4.78111e-47 2.19222e-48 0)
(2.86667e-48 1.28153e-49 0)
(1.67471e-49 7.31986e-51 0)
(9.46458e-51 5.84811e-52 0)
(5.21053e-52 8.63175e-52 0)
(1.45353e-52 2.86988e-52 0)
(7.42233e-53 -1.27249e-51 0)
(-6.37071e-53 -1.02881e-51 0)
(-8.17559e-53 -1.1901e-52 0)
(-3.36912e-53 4.48073e-52 0)
(4.40229e-53 4.87619e-52 0)
(4.71462e-53 -3.48063e-52 0)
(-4.12346e-53 -3.6301e-52 0)
(-4.71919e-53 3.9821e-52 0)
(1.18686e-53 4.89919e-52 0)
(3.04792e-53 1.81552e-52 0)
(1.11511e-53 -5.88824e-53 0)
(-1.49771e-54 -1.75983e-53 0)
(5.08994e-54 -3.38956e-53 0)
(2.68967e-53 -1.14352e-52 0)
(-7.56921e-53 -5.42072e-52 0)
(-1.12178e-52 1.15762e-51 0)
(3.04275e-53 1.48626e-51 0)
(7.80425e-53 7.01937e-52 0)
(-2.48866e-53 9.28236e-53 0)
(-1.12774e-54 1.15817e-51 0)
(9.83061e-53 1.17349e-52 0)
(-6.09446e-53 -6.21391e-52 0)
(-4.43863e-34 3.70032e-35 0)
(-4.25428e-35 1.61452e-35 0)
(-3.99289e-36 1.77876e-36 0)
(-3.44141e-37 1.60728e-37 0)
(-2.88991e-38 1.29486e-38 0)
(-2.27728e-39 9.9832e-40 0)
(-1.74391e-40 7.2828e-41 0)
(-1.26963e-41 5.15349e-42 0)
(-8.97891e-43 3.49541e-43 0)
(-6.08882e-44 2.3042e-44 0)
(-4.01356e-45 1.4651e-45 0)
(-2.5519e-46 9.06542e-47 0)
(-1.57901e-47 5.4338e-48 0)
(-9.46466e-49 3.17375e-49 0)
(-5.52826e-50 1.8017e-50 0)
(-3.14028e-51 1.00729e-51 0)
(-1.74094e-52 9.79347e-53 0)
(-3.41507e-54 1.77908e-53 0)
(3.21532e-54 -6.65518e-53 0)
(-3.27783e-54 -5.39523e-53 0)
(-4.17529e-54 -6.25655e-54 0)
(-1.72662e-54 2.35142e-53 0)
(2.24481e-54 2.56678e-53 0)
(2.41079e-54 -1.82012e-53 0)
(-2.10083e-54 -1.90066e-53 0)
(-2.40795e-54 2.08723e-53 0)
(5.98594e-55 2.57116e-53 0)
(1.56207e-54 9.62524e-54 0)
(5.76793e-55 -3.16931e-54 0)
(-8.32692e-56 -9.4062e-55 0)
(2.46116e-55 -1.75072e-54 0)
(1.30999e-54 -5.76506e-54 0)
(-4.13082e-54 -2.72435e-53 0)
(-5.72112e-54 6.59336e-53 0)
(1.81612e-54 7.9055e-53 0)
(4.02906e-54 3.71265e-53 0)
(-1.25159e-54 5.10796e-54 0)
(-4.43182e-56 6.07102e-53 0)
(5.01798e-54 6.17435e-54 0)
(-3.11678e-54 -3.26119e-53 0)
(-1.32557e-33 -1.04036e-34 0)
(-1.27104e-34 -8.53962e-36 0)
(-1.19346e-35 -6.96821e-37 0)
(-1.02896e-36 -5.73019e-38 0)
(-8.64322e-38 -4.48299e-39 0)
(-6.81258e-39 -3.42398e-40 0)
(-5.21809e-40 -2.49014e-41 0)
(-3.79962e-41 -1.76004e-42 0)
(-2.68751e-42 -1.19307e-43 0)
(-1.8227e-43 -7.86187e-45 0)
(-1.20159e-44 -4.99741e-46 0)
(-7.64061e-46 -3.09146e-47 0)
(-4.72803e-47 -1.85265e-48 0)
(-2.83416e-48 -1.08191e-49 0)
(-1.65548e-49 -6.14021e-51 0)
(-9.39755e-51 -3.39555e-52 0)
(-5.20524e-52 -1.60972e-53 0)
(-2.77903e-53 -2.05793e-55 0)
(-1.29574e-54 -3.45211e-54 0)
(-2.38369e-55 -2.75691e-54 0)
(-2.12175e-55 -3.20195e-55 0)
(-8.66396e-56 1.20126e-54 0)
(1.11922e-55 1.31614e-54 0)
(1.20487e-55 -9.26136e-55 0)
(-1.0467e-55 -9.68522e-55 0)
(-1.20131e-55 1.06482e-54 0)
(2.9567e-56 1.31347e-54 0)
(7.82219e-56 4.97505e-55 0)
(2.91046e-56 -1.66865e-55 0)
(-4.46085e-57 -4.90857e-56 0)
(1.15852e-56 -8.79818e-56 0)
(6.21754e-56 -2.82393e-55 0)
(-2.19849e-55 -1.32974e-54 0)
(-2.853e-55 3.63108e-54 0)
(1.04151e-55 4.09214e-54 0)
(2.03519e-55 1.9112e-54 0)
(-6.15408e-56 2.7406e-55 0)
(-1.62541e-57 3.09741e-54 0)
(2.50421e-55 3.15949e-55 0)
(-1.55804e-55 -1.66668e-54 0)
(4.68991e-34 -1.67574e-34 0)
(4.49261e-35 -2.03632e-35 0)
(4.21448e-36 -1.89322e-36 0)
(3.63106e-37 -1.62918e-37 0)
(3.04821e-38 -1.29296e-38 0)
(2.40145e-39 -9.91983e-40 0)
(1.83863e-40 -7.22361e-41 0)
(1.33837e-41 -5.10758e-42 0)
(9.46382e-43 -3.46247e-43 0)
(6.41697e-44 -2.28163e-44 0)
(4.22951e-45 -1.45024e-45 0)
(2.68902e-46 -8.97084e-47 0)
(1.66377e-47 -5.3756e-48 0)
(9.97229e-49 -3.13898e-49 0)
(5.82454e-50 -1.78133e-50 0)
(3.30615e-51 -9.86356e-52 0)
(1.83116e-52 -5.31008e-53 0)
(9.89557e-54 -2.76678e-54 0)
(5.29928e-55 -3.14006e-55 0)
(1.89211e-56 -1.44729e-55 0)
(-8.79532e-57 -1.63603e-56 0)
(-4.15814e-57 5.99787e-56 0)
(5.44792e-57 6.59327e-56 0)
(5.8766e-57 -4.60926e-56 0)
(-5.08712e-57 -4.82636e-56 0)
(-5.84689e-57 5.31141e-56 0)
(1.42307e-57 6.55963e-56 0)
(3.82307e-57 2.50892e-56 0)
(1.43434e-57 -8.54084e-57 0)
(-2.33733e-58 -2.49454e-57 0)
(5.29586e-58 -4.31431e-57 0)
(2.86988e-57 -1.34781e-56 0)
(-1.13711e-56 -6.32583e-56 0)
(-1.38793e-56 1.94833e-55 0)
(5.72931e-57 2.07149e-55 0)
(1.0027e-56 9.61799e-56 0)
(-2.95117e-57 1.42653e-56 0)
(-4.83265e-59 1.54512e-55 0)
(1.21932e-56 1.58005e-56 0)
(-7.6009e-57 -8.32616e-56 0)
(1.32175e-33 5.09017e-36 0)
(1.26574e-34 7.87716e-36 0)
(1.18768e-35 9.05079e-37 0)
(1.02309e-36 8.26331e-38 0)
(8.58911e-38 6.67434e-39 0)
(6.76554e-39 5.14872e-40 0)
(5.1796e-40 3.75548e-41 0)
(3.76965e-41 2.65684e-42 0)
(2.66523e-42 1.80148e-43 0)
(1.80681e-43 1.18725e-44 0)
(1.19069e-44 7.54703e-46 0)
(7.56851e-46 4.66879e-47 0)
(4.68192e-47 2.79787e-48 0)
(2.80561e-48 1.63387e-49 0)
(1.63833e-49 9.27257e-51 0)
(9.2974e-51 5.13482e-52 0)
(5.14833e-52 2.7708e-53 0)
(2.77748e-53 1.46202e-54 0)
(1.46431e-54 6.68752e-56 0)
(7.4943e-56 -2.91132e-57 0)
(3.3071e-57 -5.94272e-58 0)
(-1.54108e-59 2.93251e-57 0)
(2.68199e-58 3.22444e-57 0)
(2.8084e-58 -2.23746e-57 0)
(-2.41972e-58 -2.34618e-57 0)
(-2.78495e-58 2.5846e-57 0)
(6.71079e-59 3.19605e-57 0)
(1.82772e-58 1.23562e-57 0)
(6.90669e-59 -4.2776e-58 0)
(-1.18695e-59 -1.23914e-58 0)
(2.35619e-59 -2.06274e-58 0)
(1.29111e-58 -6.26053e-58 0)
(-5.74309e-58 -2.92729e-57 0)
(-6.60798e-58 1.01496e-56 0)
(3.05135e-58 1.02288e-56 0)
(4.837e-58 4.7217e-57 0)
(-1.38482e-58 7.24841e-58 0)
(-9.56441e-61 7.51928e-57 0)
(5.80987e-58 7.704e-58 0)
(-3.6282e-58 -4.05919e-57 0)
(-9.06487e-34 1.07352e-35 0)
(-8.68998e-35 1.35343e-35 0)
(-8.1627e-36 1.54843e-36 0)
(-7.03724e-37 1.41231e-37 0)
(-5.91239e-38 1.14098e-38 0)
(-4.66e-39 8.80594e-40 0)
(-3.5696e-40 6.42716e-41 0)
(-2.59914e-41 4.54966e-42 0)
(-1.83843e-42 3.08682e-43 0)
(-1.24677e-43 2.03548e-44 0)
(-8.21889e-45 1.29463e-45 0)
(-5.2258e-46 8.01312e-47 0)
(-3.23355e-47 4.80455e-48 0)
(-1.93814e-48 2.8071e-49 0)
(-1.13201e-49 1.59387e-50 0)
(-6.42528e-51 8.83043e-52 0)
(-3.55853e-52 4.76633e-53 0)
(-1.92004e-53 2.51352e-54 0)
(-1.01211e-54 1.28991e-55 0)
(-5.20993e-56 6.19583e-57 0)
(-2.64391e-57 2.835e-58 0)
(-1.38441e-58 1.54869e-58 0)
(5.84446e-60 1.54926e-58 0)
(1.27873e-59 -1.06288e-58 0)
(-1.12635e-59 -1.11629e-58 0)
(-1.29654e-59 1.23084e-58 0)
(3.0903e-60 1.52379e-58 0)
(8.54258e-60 5.94641e-59 0)
(3.25268e-60 -2.08836e-59 0)
(-5.89482e-61 -6.00709e-60 0)
(1.01835e-60 -9.63462e-60 0)
(5.65324e-60 -2.83503e-59 0)
(-2.82648e-59 -1.3206e-58 0)
(-3.07475e-59 5.15951e-58 0)
(1.57136e-59 4.94366e-58 0)
(2.28024e-59 2.2682e-58 0)
(-6.34904e-60 3.58516e-59 0)
(2.15062e-62 3.58106e-58 0)
(2.70581e-59 3.67469e-59 0)
(-1.69308e-59 -1.93635e-58 0)
(-1.01659e-33 -4.33028e-35 0)
(-9.78752e-35 -8.24498e-36 0)
(-9.21726e-36 -8.31504e-37 0)
(-7.97046e-37 -7.30201e-38 0)
(-6.71102e-38 -5.80861e-39 0)
(-5.30204e-39 -4.44368e-40 0)
(-4.06916e-40 -3.22141e-41 0)
(-2.96881e-41 -2.26649e-42 0)
(-2.1035e-42 -1.52869e-43 0)
(-1.42903e-43 -1.00216e-44 0)
(-9.43519e-45 -6.33711e-46 0)
(-6.00866e-46 -3.89959e-47 0)
(-3.7234e-47 -2.32455e-48 0)
(-2.23503e-48 -1.35022e-49 0)
(-1.30721e-49 -7.62165e-51 0)
(-7.43e-51 -4.19771e-52 0)
(-4.12041e-52 -2.25233e-53 0)
(-2.22613e-53 -1.18064e-54 0)
(-1.17498e-54 -6.04294e-56 0)
(-6.05388e-56 -3.0382e-57 0)
(-3.05181e-57 -1.4967e-58 0)
(-1.50751e-58 -5.90002e-61 0)
(-6.70256e-60 6.87787e-60 0)
(2.5501e-61 -4.95241e-60 0)
(-5.28194e-61 -5.19155e-60 0)
(-5.91907e-61 5.7286e-60 0)
(1.39477e-61 7.10058e-60 0)
(3.9096e-61 2.79867e-60 0)
(1.49876e-61 -9.98228e-61 0)
(-2.84848e-62 -2.84951e-61 0)
(4.27973e-62 -4.39499e-61 0)
(2.41203e-61 -1.25072e-60 0)
(-1.36001e-60 -5.80056e-60 0)
(-1.40145e-60 2.55401e-59 0)
(7.86843e-61 2.33502e-59 0)
(1.05333e-60 1.06486e-59 0)
(-2.85073e-61 1.73313e-60 0)
(3.80991e-63 1.66682e-59 0)
(1.23432e-60 1.71223e-60 0)
(-7.73786e-61 -9.02978e-60 0)
(3.19501e-34 -8.35561e-35 0)
(2.98701e-35 -8.44357e-36 0)
(2.74021e-36 -7.41388e-37 0)
(2.3079e-37 -6.18883e-38 0)
(1.89469e-38 -4.81791e-39 0)
(1.4596e-39 -3.62486e-40 0)
(1.09254e-40 -2.59223e-41 0)
(7.77406e-42 -1.7961e-42 0)
(5.37119e-43 -1.19329e-43 0)
(3.55762e-44 -7.69125e-45 0)
(2.28925e-45 -4.7801e-46 0)
(1.42038e-46 -2.88605e-47 0)
(8.57071e-48 -1.68687e-48 0)
(5.0073e-49 -9.59156e-50 0)
(2.84854e-50 -5.29513e-51 0)
(1.57379e-51 -2.84743e-52 0)
(8.47692e-53 -1.48993e-53 0)
(4.44478e-54 -7.6026e-55 0)
(2.27471e-55 -3.78118e-56 0)
(1.1353e-56 -1.83627e-57 0)
(5.53574e-58 -8.70414e-59 0)
(2.63466e-59 -3.72792e-60 0)
(1.25245e-60 1.48205e-61 0)
(8.26388e-62 -2.32642e-61 0)
(-2.03447e-62 -2.36804e-61 0)
(-2.62775e-62 2.6115e-61 0)
(6.16537e-63 3.24074e-61 0)
(1.7517e-62 1.28884e-61 0)
(6.76232e-63 -4.6608e-62 0)
(-1.34679e-63 -1.32141e-62 0)
(1.74558e-63 -1.96064e-62 0)
(1.0016e-62 -5.38059e-62 0)
(-6.39002e-62 -2.48364e-61 0)
(-6.25208e-62 1.23541e-60 0)
(3.82818e-62 1.08041e-60 0)
(4.76224e-62 4.89636e-61 0)
(-1.25244e-62 8.17579e-62 0)
(3.00964e-64 7.59943e-61 0)
(5.51152e-62 7.81229e-62 0)
(-3.46206e-62 -4.12417e-61 0)
(3.66535e-35 4.55954e-35 0)
(2.2664e-36 5.14819e-36 0)
(4.43495e-38 5.01531e-37 0)
(-8.62794e-39 4.83504e-38 0)
(-1.99668e-39 4.23546e-39 0)
(-2.49369e-40 3.62292e-40 0)
(-2.70541e-41 2.89202e-41 0)
(-2.52318e-42 2.24396e-42 0)
(-2.20888e-43 1.65031e-43 0)
(-1.77948e-44 1.17861e-44 0)
(-1.3695e-45 8.05695e-46 0)
(-9.94733e-47 5.35139e-47 0)
(-6.95553e-48 3.42462e-48 0)
(-4.64942e-49 2.13188e-49 0)
(-3.00574e-50 1.28464e-50 0)
(-1.87186e-51 7.54046e-52 0)
(-1.13111e-52 4.29908e-53 0)
(-6.61769e-54 2.39085e-54 0)
(-3.76635e-55 1.29488e-55 0)
(-2.08286e-56 6.84984e-57 0)
(-1.12282e-57 3.53615e-58 0)
(-5.89729e-59 1.78654e-59 0)
(-3.02332e-60 8.958e-61 0)
(-1.50262e-61 3.25643e-62 0)
(-8.41265e-63 -8.52946e-63 0)
(-1.5096e-63 1.17469e-62 0)
(2.50222e-64 1.44816e-62 0)
(7.68465e-64 5.81188e-63 0)
(2.98838e-64 -2.13213e-63 0)
(-6.2129e-65 -6.00202e-64 0)
(6.90746e-65 -8.55357e-64 0)
(4.04904e-64 -2.25599e-63 0)
(-2.93862e-63 -1.03555e-62 0)
(-2.73443e-63 5.83236e-62 0)
(1.8162e-63 4.8928e-62 0)
(2.1114e-63 2.20357e-62 0)
(-5.39307e-64 3.77385e-63 0)
(1.86444e-65 3.39122e-62 0)
(2.41264e-63 3.48749e-63 0)
(-1.51844e-63 -1.84399e-62 0)
(-1.13231e-34 -7.42995e-36 0)
(-1.76354e-35 5.45021e-37 0)
(-2.6268e-36 8.73897e-38 0)
(-2.92571e-37 8.59082e-39 0)
(-3.15622e-38 7.14453e-40 0)
(-2.96818e-39 5.58512e-41 0)
(-2.6974e-40 4.1159e-42 0)
(-2.24945e-41 2.93289e-43 0)
(-1.81254e-42 2.00316e-44 0)
(-1.37293e-43 1.32804e-45 0)
(-1.00609e-44 8.49353e-47 0)
(-7.02457e-46 5.28206e-48 0)
(-4.75353e-47 3.18226e-49 0)
(-3.09061e-48 1.86721e-50 0)
(-1.95129e-49 1.06472e-51 0)
(-1.19035e-50 5.92175e-53 0)
(-7.06447e-52 3.20862e-54 0)
(-4.06724e-53 1.69806e-55 0)
(-2.282e-54 8.77195e-57 0)
(-1.24578e-55 4.43144e-58 0)
(-6.63798e-57 2.18877e-59 0)
(-3.44937e-58 1.05899e-60 0)
(-1.7519e-59 5.07565e-62 0)
(-8.69287e-61 1.88812e-63 0)
(-4.22577e-62 -3.55134e-64 0)
(-2.05538e-63 5.14508e-64 0)
(-8.2047e-65 6.34216e-64 0)
(2.88499e-65 2.56727e-64 0)
(1.27576e-65 -9.54304e-65 0)
(-2.81466e-66 -2.66889e-65 0)
(2.64441e-66 -3.65274e-65 0)
(1.59128e-65 -9.2217e-65 0)
(-1.32182e-64 -4.20609e-64 0)
(-1.17199e-64 2.69394e-63 0)
(8.39913e-65 2.17242e-63 0)
(9.17371e-65 9.72152e-64 0)
(-2.27504e-65 1.70308e-64 0)
(1.04011e-66 1.4836e-63 0)
(1.03503e-64 1.52587e-64 0)
(-6.52737e-65 -8.08229e-64 0)
(-1.01377e-34 -7.85138e-35 0)
(-1.12899e-35 -1.45927e-36 0)
(-1.24324e-36 2.18327e-38 0)
(-1.21341e-37 1.56871e-39 0)
(-1.15532e-38 -1.59678e-40 0)
(-1.01095e-39 -4.7084e-41 0)
(-8.58442e-41 -5.93302e-42 0)
(-6.84095e-42 -6.18827e-43 0)
(-5.28337e-43 -5.49416e-44 0)
(-3.87934e-44 -4.53692e-45 0)
(-2.76191e-45 -3.45285e-46 0)
(-1.88544e-46 -2.50539e-47 0)
(-1.2496e-47 -1.72043e-48 0)
(-7.98796e-49 -1.13739e-49 0)
(-4.96498e-50 -7.20647e-51 0)
(-2.98924e-51 -4.41934e-52 0)
(-1.75267e-52 -2.61631e-53 0)
(-9.98595e-54 -1.50442e-54 0)
(-5.54912e-55 -8.39057e-56 0)
(-3.00392e-56 -4.55706e-57 0)
(-1.58817e-57 -2.40854e-58 0)
(-8.19591e-59 -1.24215e-59 0)
(-4.13606e-60 -6.24907e-61 0)
(-2.04064e-61 -3.07488e-62 0)
(-9.85856e-63 -1.49667e-63 0)
(-4.6818e-64 -4.76192e-65 0)
(-2.11277e-65 2.40107e-65 0)
(4.1686e-67 1.0971e-65 0)
(5.06328e-67 -4.19437e-66 0)
(-1.25839e-67 -1.16375e-66 0)
(9.76667e-68 -1.5271e-66 0)
(6.07472e-67 -3.67271e-66 0)
(-5.82535e-66 -1.66229e-65 0)
(-4.92858e-66 1.21661e-64 0)
(3.79552e-66 9.45232e-65 0)
(3.91156e-66 4.20287e-65 0)
(-9.41351e-67 7.52841e-66 0)
(5.35564e-68 6.36053e-65 0)
(4.35651e-66 6.54031e-66 0)
(-2.7529e-66 -3.47202e-65 0)
(-5.32671e-34 -2.18284e-35 0)
(-5.156e-35 -1.05348e-36 0)
(-4.8933e-36 -6.59542e-38 0)
(-4.25852e-37 -5.60686e-39 0)
(-3.61342e-38 -4.99355e-40 0)
(-2.87455e-39 -4.49191e-41 0)
(-2.22319e-40 -3.7701e-42 0)
(-1.63372e-41 -3.05653e-43 0)
(-1.16649e-42 -2.33373e-44 0)
(-7.9833e-44 -1.7205e-45 0)
(-5.31173e-45 -1.20908e-46 0)
(-3.40814e-46 -8.22437e-48 0)
(-2.12826e-47 -5.37594e-49 0)
(-1.28722e-48 -3.40943e-50 0)
(-7.58691e-50 -2.08932e-51 0)
(-4.34526e-51 -1.24488e-52 0)
(-2.42837e-52 -7.19544e-54 0)
(-1.32206e-53 -4.05141e-55 0)
(-7.03199e-55 -2.21944e-56 0)
(-3.651e-56 -1.18636e-57 0)
(-1.85415e-57 -6.1841e-59 0)
(-9.20643e-59 -3.14996e-60 0)
(-4.47613e-60 -1.56751e-61 0)
(-2.13066e-61 -7.63295e-63 0)
(-9.94067e-63 -3.6442e-64 0)
(-4.54661e-64 -1.60472e-65 0)
(-2.03731e-65 3.70078e-67 0)
(-8.39627e-67 4.37162e-67 0)
(-1.58589e-68 -1.81588e-67 0)
(-7.00891e-69 -4.97786e-68 0)
(3.40094e-69 -6.25464e-68 0)
(2.24739e-68 -1.42462e-67 0)
(-2.5145e-67 -6.38881e-67 0)
(-2.03321e-67 5.38151e-66 0)
(1.6758e-67 4.03545e-66 0)
(1.63617e-67 1.78265e-66 0)
(-3.81962e-68 3.2585e-67 0)
(2.62154e-69 2.67548e-66 0)
(1.7989e-67 2.74986e-67 0)
(-1.13907e-67 -1.46334e-66 0)
(-8.53464e-35 -5.01303e-35 0)
(-8.50995e-36 -4.60911e-36 0)
(-8.20761e-37 -3.95974e-37 0)
(-7.27287e-38 -3.34136e-38 0)
(-6.24075e-39 -2.65131e-39 0)
(-5.02448e-40 -2.0476e-40 0)
(-3.91759e-41 -1.50318e-41 0)
(-2.90303e-42 -1.07248e-42 0)
(-2.08524e-43 -7.33536e-44 0)
(-1.43572e-44 -4.87819e-45 0)
(-9.59553e-46 -3.12864e-46 0)
(-6.18389e-47 -1.95306e-47 0)
(-3.87462e-48 -1.18091e-48 0)
(-2.35107e-49 -6.95877e-50 0)
(-1.38921e-50 -3.98477e-51 0)
(-7.97534e-52 -2.22661e-52 0)
(-4.46531e-53 -1.21208e-53 0)
(-2.43517e-54 -6.44659e-55 0)
(-1.29697e-55 -3.34691e-56 0)
(-6.7418e-57 -1.69969e-57 0)
(-3.42684e-58 -8.43953e-59 0)
(-1.70283e-59 -4.10338e-60 0)
(-8.28345e-61 -1.95331e-61 0)
(-3.94459e-62 -9.11374e-63 0)
(-1.84077e-63 -4.16828e-64 0)
(-8.41904e-65 -1.86612e-65 0)
(-3.77576e-66 -7.75763e-67 0)
(-1.63841e-67 -1.59122e-68 0)
(-6.24197e-69 -9.1055e-69 0)
(-5.31816e-70 -2.1471e-69 0)
(1.04738e-70 -2.51246e-69 0)
(8.03436e-70 -5.37678e-69 0)
(-1.0644e-68 -2.38365e-68 0)
(-8.23571e-69 2.33081e-67 0)
(7.24157e-69 1.69007e-67 0)
(6.7211e-69 7.41718e-68 0)
(-1.52124e-69 1.38282e-68 0)
(1.22505e-70 1.10402e-67 0)
(7.29331e-69 1.13389e-68 0)
(-4.62757e-69 -6.05079e-68 0)
(-1.55712e-35 -8.3472e-36 0)
(-1.59951e-36 -7.91524e-37 0)
(-1.58462e-37 -6.96671e-38 0)
(-1.42866e-38 -5.96068e-39 0)
(-1.24382e-39 -4.79258e-40 0)
(-1.01139e-40 -3.73372e-41 0)
(-7.94833e-42 -2.76518e-42 0)
(-5.92208e-43 -1.98524e-43 0)
(-4.27097e-44 -1.3663e-44 0)
(-2.94824e-45 -9.12806e-46 0)
(-1.97353e-46 -5.88062e-47 0)
(-1.27268e-47 -3.68344e-48 0)
(-7.97348e-49 -2.23443e-49 0)
(-4.83479e-50 -1.31994e-50 0)
(-2.85322e-51 -7.57581e-52 0)
(-1.63524e-52 -4.24065e-53 0)
(-9.13628e-54 -2.31216e-54 0)
(-4.97038e-55 -1.23121e-55 0)
(-2.63996e-56 -6.39883e-57 0)
(-1.36818e-57 -3.25195e-58 0)
(-6.93195e-59 -1.61566e-59 0)
(-3.43274e-60 -7.85824e-61 0)
(-1.66382e-61 -3.74157e-62 0)
(-7.89322e-63 -1.74579e-63 0)
(-3.66895e-64 -7.98343e-65 0)
(-1.6712e-65 -3.57925e-66 0)
(-7.46515e-67 -1.55644e-67 0)
(-3.26191e-68 -6.00233e-69 0)
(-1.36936e-69 -6.02946e-70 0)
(-6.88608e-71 -9.7754e-71 0)
(1.27518e-72 -9.9232e-71 0)
(2.75729e-71 -1.972e-70 0)
(-4.41803e-70 -8.61634e-70 0)
(-3.27542e-70 9.89746e-69 0)
(3.06284e-70 6.95013e-69 0)
(2.71091e-70 3.03003e-69 0)
(-5.94634e-71 5.75293e-70 0)
(5.52902e-72 4.47304e-69 0)
(2.90337e-70 4.58984e-70 0)
(-1.84601e-70 -2.45653e-69 0)
(-9.28542e-38 -3.0089e-36 0)
(-1.10331e-38 -2.93976e-37 0)
(-1.24656e-39 -2.63104e-38 0)
(-1.23851e-40 -2.27884e-39 0)
(-1.17633e-41 -1.84563e-40 0)
(-1.02649e-42 -1.44524e-41 0)
(-8.59851e-44 -1.07333e-42 0)
(-6.76674e-45 -7.71692e-44 0)
(-5.13013e-46 -5.3116e-45 0)
(-3.70194e-47 -3.54562e-46 0)
(-2.58156e-48 -2.28041e-47 0)
(-1.72787e-49 -1.42502e-48 0)
(-1.12066e-50 -8.61925e-50 0)
(-7.01606e-52 -5.07427e-51 0)
(-4.26656e-53 -2.90132e-52 0)
(-2.51478e-54 -1.61727e-53 0)
(-1.44272e-55 -8.7786e-55 0)
(-8.04719e-57 -4.65235e-56 0)
(-4.37664e-58 -2.4059e-57 0)
(-2.31983e-59 -1.21636e-58 0)
(-1.20084e-60 -6.01086e-60 0)
(-6.0696e-62 -2.90739e-61 0)
(-3.00011e-63 -1.37647e-62 0)
(-1.45025e-64 -6.38525e-64 0)
(-6.86386e-66 -2.90267e-65 0)
(-3.18123e-67 -1.29405e-66 0)
(-1.44492e-68 -5.65204e-68 0)
(-6.39806e-70 -2.39732e-69 0)
(-2.66258e-71 -1.15166e-70 0)
(-1.59e-72 -7.70183e-72 0)
(5.8582e-74 -3.98122e-72 0)
(9.08328e-73 -7.0194e-72 0)
(-1.79982e-71 -3.00719e-71 0)
(-1.27992e-71 4.12013e-70 0)
(1.26952e-71 2.80626e-70 0)
(1.07449e-71 1.21533e-70 0)
(-2.28287e-72 2.34867e-71 0)
(2.4131e-73 1.77941e-70 0)
(1.1356e-71 1.82377e-71 0)
(-7.2353e-72 -9.79285e-71 0)
(1.47288e-35 -6.97312e-36 0)
(1.4993e-36 -6.4801e-37 0)
(1.47238e-37 -5.62083e-38 0)
(1.31745e-38 -4.74384e-39 0)
(1.13869e-39 -3.77204e-40 0)
(9.19825e-41 -2.90736e-41 0)
(7.18291e-42 -2.13317e-42 0)
(5.32011e-43 -1.5177e-43 0)
(3.81476e-44 -1.03599e-44 0)
(2.61891e-45 -6.86642e-46 0)
(1.74371e-46 -4.39098e-47 0)
(1.11868e-47 -2.73065e-48 0)
(6.9733e-49 -1.64522e-49 0)
(4.20757e-50 -9.65446e-51 0)
(2.47109e-51 -5.50611e-52 0)
(1.40955e-52 -3.06302e-53 0)
(7.83864e-54 -1.66008e-54 0)
(4.24492e-55 -8.78797e-56 0)
(2.24445e-56 -4.54119e-57 0)
(1.15802e-57 -2.29494e-58 0)
(5.84125e-59 -1.13394e-59 0)
(2.87999e-60 -5.48543e-61 0)
(1.38987e-61 -2.59794e-62 0)
(6.56535e-63 -1.20584e-63 0)
(3.03875e-64 -5.48573e-65 0)
(1.37829e-65 -2.448e-66 0)
(6.13123e-67 -1.07174e-67 0)
(2.67548e-68 -4.6052e-69 0)
(1.14603e-69 -1.94916e-70 0)
(4.81763e-71 -8.19765e-72 0)
(1.99352e-72 -4.72497e-73 0)
(1.09089e-73 -2.54267e-73 0)
(-7.16419e-73 -1.00876e-72 0)
(-4.91321e-73 1.68302e-71 0)
(5.15754e-73 1.11334e-71 0)
(4.18493e-73 4.7893e-72 0)
(-8.60803e-74 9.40961e-73 0)
(1.02436e-74 6.95499e-72 0)
(4.36455e-73 7.11888e-73 0)
(-2.78665e-73 -3.83563e-72 0)
(7.20026e-35 -4.17975e-35 0)
(7.05627e-36 -3.75235e-36 0)
(6.68461e-37 -3.16193e-37 0)
(5.84197e-38 -2.62415e-38 0)
(4.94499e-39 -2.05093e-39 0)
(3.93632e-40 -1.56166e-40 0)
(3.03546e-41 -1.13109e-41 0)
(2.22769e-42 -7.96624e-43 0)
(1.58521e-43 -5.38087e-44 0)
(1.08219e-44 -3.53523e-45 0)
(7.17324e-46 -2.24068e-46 0)
(4.58749e-47 -1.38269e-47 0)
(2.853e-48 -8.2665e-49 0)
(1.719e-49 -4.81748e-50 0)
(1.00877e-50 -2.72871e-51 0)
(5.75328e-52 -1.50847e-52 0)
(3.20056e-53 -8.12516e-54 0)
(1.73463e-54 -4.27656e-55 0)
(9.18257e-56 -2.19748e-56 0)
(4.74507e-57 -1.10463e-57 0)
(2.39794e-58 -5.42968e-59 0)
(1.18481e-59 -2.61364e-60 0)
(5.73144e-61 -1.23186e-61 0)
(2.7144e-62 -5.69117e-63 0)
(1.25986e-63 -2.57736e-64 0)
(5.73136e-65 -1.14512e-65 0)
(2.55755e-66 -4.99198e-67 0)
(1.11969e-67 -2.13666e-68 0)
(4.81232e-69 -8.98097e-70 0)
(2.03088e-70 -3.70935e-71 0)
(8.42003e-72 -1.51052e-72 0)
(3.43843e-73 -6.80354e-74 0)
(-1.45242e-74 -3.45604e-74 0)
(-1.8011e-74 6.74555e-73 0)
(2.05765e-74 4.34014e-73 0)
(1.60274e-74 1.85448e-73 0)
(-3.18968e-75 3.70226e-74 0)
(4.23194e-76 2.67114e-73 0)
(1.64918e-74 2.72989e-74 0)
(-1.05516e-74 -1.47627e-73 0)
(4.5038e-34 6.12763e-35 0)
(4.2752e-35 6.91553e-36 0)
(3.98719e-36 6.35891e-37 0)
(3.41377e-37 5.47195e-38 0)
(2.85304e-38 4.36052e-39 0)
(2.23732e-39 3.35792e-40 0)
(1.70693e-40 2.45527e-41 0)
(1.23809e-41 1.74178e-42 0)
(8.72964e-43 1.18471e-43 0)
(5.90236e-44 7.82837e-45 0)
(3.8811e-45 4.98952e-46 0)
(2.46178e-46 3.09369e-47 0)
(1.52013e-47 1.85813e-48 0)
(9.09362e-49 1.08724e-49 0)
(5.30226e-50 6.18225e-51 0)
(3.00473e-51 3.42946e-52 0)
(1.66175e-52 1.85334e-53 0)
(8.95416e-54 9.78399e-55 0)
(4.71446e-55 5.04182e-56 0)
(2.42323e-56 2.54105e-57 0)
(1.21843e-57 1.25214e-58 0)
(5.99049e-59 6.04117e-60 0)
(2.8842e-60 2.85356e-61 0)
(1.35963e-61 1.32103e-62 0)
(6.28253e-63 5.9942e-64 0)
(2.84558e-64 2.66806e-65 0)
(1.26445e-65 1.16513e-66 0)
(5.51281e-67 4.99514e-68 0)
(2.35982e-68 2.10282e-69 0)
(9.91952e-70 8.69685e-71 0)
(4.09677e-71 3.53429e-72 0)
(1.66273e-72 1.40962e-73 0)
(6.52548e-74 4.58202e-75 0)
(1.91459e-75 2.67723e-74 0)
(9.04356e-76 1.66429e-74 0)
(6.07333e-76 7.05984e-75 0)
(-1.16018e-76 1.43073e-75 0)
(1.70765e-77 1.00858e-74 0)
(6.12733e-76 1.02901e-75 0)
(-3.92866e-76 -5.5861e-75 0)
(-7.88328e-34 1.05055e-34 0)
(-7.63373e-35 1.5897e-35 0)
(-7.21274e-36 1.55125e-36 0)
(-6.25945e-37 1.35482e-37 0)
(-5.28233e-38 1.0801e-38 0)
(-4.18319e-39 8.29883e-40 0)
(-3.21559e-40 6.04608e-41 0)
(-2.34983e-41 4.2758e-42 0)
(-1.6668e-42 2.89887e-43 0)
(-1.13361e-43 1.91035e-44 0)
(-7.49053e-45 1.2143e-45 0)
(-4.77383e-46 7.51163e-47 0)
(-2.95977e-47 4.5013e-48 0)
(-1.77752e-48 2.62849e-49 0)
(-1.03997e-49 1.49165e-50 0)
(-5.91279e-51 8.25977e-52 0)
(-3.2796e-52 4.45596e-53 0)
(-1.77212e-53 2.34858e-54 0)
(-9.35393e-55 1.20837e-55 0)
(-4.81949e-56 6.08129e-57 0)
(-2.42863e-57 2.99243e-58 0)
(-1.19655e-58 1.44185e-59 0)
(-5.77207e-60 6.80186e-61 0)
(-2.726e-61 3.14504e-62 0)
(-1.26177e-62 1.42538e-63 0)
(-5.72429e-64 6.33732e-65 0)
(-2.54747e-65 2.76445e-66 0)
(-1.11227e-66 1.18393e-67 0)
(-4.76766e-68 4.97892e-69 0)
(-2.00668e-69 2.05716e-70 0)
(-8.29774e-71 8.35245e-72 0)
(-3.37164e-72 3.3339e-73 0)
(-1.34724e-73 1.30596e-74 0)
(-5.31526e-75 1.53206e-75 0)
(-1.73521e-76 6.46097e-76 0)
(1.45889e-77 2.64954e-76 0)
(-4.44986e-78 5.43628e-77 0)
(6.62004e-79 3.74451e-76 0)
(2.23938e-77 3.81321e-77 0)
(-1.43889e-77 -2.07843e-76 0)
(-1.76275e-33 3.18895e-35 0)
(-1.69379e-34 -6.26283e-36 0)
(-1.59304e-35 -8.25109e-37 0)
(-1.37545e-36 -7.77565e-38 0)
(-1.15671e-37 -6.34648e-39 0)
(-9.12653e-39 -4.91625e-40 0)
(-6.99624e-40 -3.59475e-41 0)
(-5.09822e-41 -2.5472e-42 0)
(-3.60824e-42 -1.72963e-43 0)
(-2.44851e-43 -1.14121e-44 0)
(-1.61489e-44 -7.26247e-46 0)
(-1.0273e-45 -4.49697e-47 0)
(-6.35918e-47 -2.69735e-48 0)
(-3.81315e-48 -1.57641e-49 0)
(-2.22791e-49 -8.9532e-51 0)
(-1.26499e-50 -4.96125e-52 0)
(-7.00802e-52 -2.67832e-53 0)
(-3.78234e-53 -1.41253e-54 0)
(-1.99434e-54 -7.27196e-56 0)
(-1.0265e-55 -3.66172e-57 0)
(-5.16775e-57 -1.80277e-58 0)
(-2.54371e-58 -8.69051e-60 0)
(-1.226e-59 -4.10162e-61 0)
(-5.78521e-61 -1.89732e-62 0)
(-2.67564e-62 -8.60252e-64 0)
(-1.21293e-63 -3.82621e-65 0)
(-5.39395e-65 -1.66968e-66 0)
(-2.35342e-66 -7.15323e-68 0)
(-1.00809e-67 -3.00925e-69 0)
(-4.24022e-69 -1.24374e-70 0)
(-1.75224e-70 -5.05136e-72 0)
(-7.11557e-72 -2.01689e-73 0)
(-2.8407e-73 -7.91921e-75 0)
(-1.11522e-74 -2.66802e-76 0)
(-4.29442e-76 1.16208e-77 0)
(-1.55448e-77 9.29429e-78 0)
(-7.58156e-79 2.01235e-78 0)
(3.43197e-81 1.36747e-77 0)
(8.04433e-79 1.38978e-78 0)
(-5.18532e-79 -7.60717e-78 0)
(5.02869e-34 -4.13784e-36 0)
(4.80293e-35 -1.71973e-35 0)
(4.501e-36 -1.99799e-36 0)
(3.87056e-37 -1.83016e-37 0)
(3.24601e-38 -1.48117e-38 0)
(2.55359e-39 -1.14406e-39 0)
(1.95322e-40 -8.35478e-41 0)
(1.4201e-41 -5.91616e-42 0)
(1.00325e-42 -4.01513e-43 0)
(6.79551e-44 -2.6481e-44 0)
(4.47512e-45 -1.68455e-45 0)
(2.84252e-46 -1.04274e-46 0)
(1.75729e-47 -6.2525e-48 0)
(1.05238e-48 -3.65311e-49 0)
(6.14181e-50 -2.07422e-50 0)
(3.48344e-51 -1.14911e-51 0)
(1.9279e-52 -6.20203e-53 0)
(1.03951e-53 -3.27022e-54 0)
(5.47625e-55 -1.68323e-55 0)
(2.81623e-56 -8.47419e-57 0)
(1.41666e-57 -4.17135e-58 0)
(6.96782e-59 -2.01053e-59 0)
(3.35586e-60 -9.48755e-61 0)
(1.58244e-61 -4.38811e-62 0)
(7.31388e-63 -1.9893e-63 0)
(3.31342e-64 -8.84683e-65 0)
(1.47259e-65 -3.86009e-66 0)
(6.42119e-67 -1.65354e-67 0)
(2.74896e-68 -6.9554e-69 0)
(1.15563e-69 -2.8744e-70 0)
(4.77302e-71 -1.1673e-71 0)
(1.93724e-72 -4.66031e-73 0)
(7.73001e-74 -1.82953e-74 0)
(3.03298e-75 -7.05045e-76 0)
(1.17107e-76 -2.59953e-77 0)
(4.47475e-78 -6.51341e-79 0)
(1.61079e-79 3.751e-80 0)
(7.09311e-81 4.90023e-79 0)
(2.8719e-80 4.97799e-80 0)
(-1.83809e-80 -2.73936e-79 0)
(1.25758e-33 7.40558e-35 0)
(1.21046e-34 4.10019e-36 0)
(1.13951e-35 2.59421e-37 0)
(9.85e-37 1.87836e-38 0)
(8.28973e-38 1.3858e-39 0)
(6.54628e-39 1.02941e-40 0)
(5.02143e-40 7.34644e-42 0)
(3.66164e-41 5.12382e-43 0)
(2.59291e-42 3.42975e-44 0)
(1.76051e-43 2.23638e-45 0)
(1.16168e-44 1.40674e-46 0)
(7.39346e-46 8.6226e-48 0)
(4.57862e-47 5.12043e-49 0)
(2.74663e-48 2.96577e-50 0)
(1.60539e-49 1.66962e-51 0)
(9.11876e-51 9.17758e-53 0)
(5.05353e-52 4.91555e-54 0)
(2.72842e-53 2.57351e-55 0)
(1.43909e-54 1.31544e-56 0)
(7.40945e-56 6.57938e-58 0)
(3.73131e-57 3.21801e-59 0)
(1.83721e-58 1.54166e-60 0)
(8.85737e-60 7.23198e-62 0)
(4.18076e-61 3.32597e-63 0)
(1.93411e-62 1.49946e-64 0)
(8.77012e-64 6.63292e-66 0)
(3.90111e-65 2.87904e-67 0)
(1.70252e-66 1.22708e-68 0)
(7.29457e-68 5.13607e-70 0)
(3.06898e-69 2.11236e-71 0)
(1.26854e-70 8.53799e-73 0)
(5.15254e-72 3.39306e-74 0)
(2.05747e-73 1.32604e-75 0)
(8.07862e-75 5.10351e-77 0)
(3.12026e-76 1.95905e-78 0)
(1.18582e-77 8.43755e-80 0)
(4.43282e-79 5.32072e-81 0)
(1.63624e-80 1.74717e-80 0)
(1.58454e-81 1.76141e-81 0)
(-6.20588e-82 -9.7088e-81 0)
(1.96465e-34 1.13152e-34 0)
(1.96046e-35 1.00996e-35 0)
(1.88668e-36 8.49811e-37 0)
(1.66909e-37 7.04071e-38 0)
(1.42732e-38 5.50189e-39 0)
(1.14565e-39 4.18635e-40 0)
(8.89582e-41 3.032e-41 0)
(6.56661e-42 2.13445e-42 0)
(4.69545e-43 1.44159e-43 0)
(3.21886e-44 9.46781e-45 0)
(2.14105e-45 5.99991e-46 0)
(1.3734e-46 3.70124e-47 0)
(8.56295e-48 2.21235e-48 0)
(5.17074e-49 1.28888e-49 0)
(3.03996e-50 7.29862e-51 0)
(1.73654e-51 4.03347e-52 0)
(9.67322e-53 2.17194e-53 0)
(5.24862e-54 1.14278e-54 0)
(2.78104e-55 5.87024e-56 0)
(1.43822e-56 2.9498e-57 0)
(7.27266e-58 1.44944e-58 0)
(3.59521e-59 6.97442e-60 0)
(1.73981e-60 3.28595e-61 0)
(8.24207e-62 1.51751e-62 0)
(3.82618e-63 6.86966e-64 0)
(1.74079e-64 3.05093e-65 0)
(7.76825e-66 1.32947e-66 0)
(3.4008e-67 5.68799e-68 0)
(1.46147e-68 2.38974e-69 0)
(6.16668e-70 9.86465e-71 0)
(2.55614e-71 4.00167e-72 0)
(1.0411e-72 1.59595e-73 0)
(4.16834e-74 6.25897e-75 0)
(1.64095e-75 2.41467e-76 0)
(6.35394e-77 9.16674e-78 0)
(2.42055e-78 3.42879e-79 0)
(9.07393e-80 1.26922e-80 0)
(3.35004e-81 1.08172e-81 0)
(1.5511e-82 7.94227e-83 0)
(-1.68877e-83 -3.479e-82 0)
)
;

boundaryField
{
    leftWall
    {
        type            fixedValue;
        value           nonuniform 0();
    }
    rightWall
    {
        type            fixedValue;
        value           uniform (0 0 0);
    }
    lowerWall
    {
        type            fixedValue;
        value           nonuniform 0();
    }
    atmosphere
    {
        type            pressureInletOutletVelocity;
        value           nonuniform List<vector> 
45
(
(7.84535e-33 4.13245e-30 0)
(3.44727e-31 6.96666e-31 0)
(6.72304e-32 1.01438e-31 0)
(1.24173e-32 1.11332e-32 0)
(1.65485e-33 1.23343e-33 0)
(1.96465e-34 1.13152e-34 0)
(1.96046e-35 1.00996e-35 0)
(1.88668e-36 8.49811e-37 0)
(1.66909e-37 7.04071e-38 0)
(1.42732e-38 5.50189e-39 0)
(1.14565e-39 4.18635e-40 0)
(8.89582e-41 3.032e-41 0)
(6.56661e-42 2.13445e-42 0)
(4.69545e-43 1.44159e-43 0)
(3.21886e-44 9.46781e-45 0)
(2.14105e-45 5.99991e-46 0)
(1.3734e-46 3.70124e-47 0)
(8.56295e-48 2.21235e-48 0)
(5.17074e-49 1.28888e-49 0)
(3.03996e-50 7.29862e-51 0)
(1.73654e-51 4.03347e-52 0)
(9.67322e-53 2.17194e-53 0)
(5.24862e-54 1.14278e-54 0)
(2.78104e-55 5.87024e-56 0)
(1.43822e-56 2.9498e-57 0)
(7.27266e-58 1.44944e-58 0)
(3.59521e-59 6.97442e-60 0)
(1.73981e-60 3.28595e-61 0)
(8.24207e-62 1.51751e-62 0)
(3.82618e-63 6.86966e-64 0)
(1.74079e-64 3.05093e-65 0)
(7.76825e-66 1.32947e-66 0)
(3.4008e-67 5.68799e-68 0)
(1.46147e-68 2.38974e-69 0)
(6.16668e-70 9.86465e-71 0)
(2.55614e-71 4.00167e-72 0)
(1.0411e-72 1.59595e-73 0)
(4.16834e-74 6.25897e-75 0)
(1.64095e-75 2.41467e-76 0)
(6.35394e-77 9.16674e-78 0)
(2.42055e-78 3.42879e-79 0)
(9.07393e-80 1.26922e-80 0)
(3.35004e-81 1.08172e-81 0)
(1.5511e-82 7.94227e-83 0)
(0 -3.479e-82 0)
)
;
    }
    defaultFaces
    {
        type            empty;
    }
    procBoundary3to1
    {
        type            processor;
        value           nonuniform List<vector> 
45
(
(5.59083e-35 3.12684e-35 0)
(4.63504e-34 3.01378e-34 0)
(3.66754e-33 2.42809e-33 0)
(2.32293e-32 1.96492e-32 0)
(1.59082e-31 1.16689e-31 0)
(6.88974e-31 7.74173e-31 0)
(4.60004e-30 5.8917e-31 0)
(4.04761e-30 -1.48597e-30 0)
(-4.02586e-30 -1.47152e-30 0)
(-4.44918e-30 6.97186e-31 0)
(1.90278e-32 1.56482e-30 0)
(4.60243e-30 8.03388e-31 0)
(4.73158e-30 -6.8121e-31 0)
(7.02776e-31 -7.88789e-31 0)
(1.50276e-31 -1.07737e-31 0)
(1.89888e-32 -1.6153e-32 0)
(2.61614e-33 -1.75698e-33 0)
(-2.61409e-34 -5.53294e-34 0)
(-5.03373e-33 -3.27465e-33 0)
(-3.53369e-32 -3.05945e-32 0)
(-2.81813e-31 -1.99494e-31 0)
(-1.2576e-30 -1.47134e-30 0)
(-8.77617e-30 -5.87709e-31 0)
(-4.59969e-30 2.19951e-30 0)
(4.04538e-30 1.67471e-30 0)
(5.15852e-30 1.28804e-31 0)
(4.89108e-30 -6.87627e-31 0)
(8.69659e-31 2.38124e-32 0)
(8.48879e-31 7.50216e-31 0)
(4.76851e-30 6.85616e-31 0)
(4.75387e-30 -6.94389e-31 0)
(7.137e-31 -7.2623e-31 0)
(1.41439e-31 5.42209e-31 0)
(1.03934e-32 -6.65907e-31 0)
(1.60357e-32 -6.27337e-32 0)
(3.93845e-32 2.77284e-32 0)
(3.00631e-31 2.15075e-31 0)
(1.40724e-30 1.57742e-30 0)
(9.38295e-30 1.3862e-30 0)
(9.04892e-30 -1.98728e-30 0)
(-2.22198e-30 -8.43225e-31 0)
(3.64031e-30 1.01363e-30 0)
(-6.77178e-31 -1.96607e-30 0)
(-8.22856e-30 -1.59451e-31 0)
(-1.08996e-30 4.66774e-31 0)
)
;
    }
    procBoundary3to2
    {
        type            processor;
        value           nonuniform List<vector> 
43
(
(3.52618e-35 1.25901e-38 0)
(5.84296e-36 -3.11012e-36 0)
(1.09692e-36 -7.77869e-37 0)
(-1.90745e-37 -2.97606e-36 0)
(-4.91453e-36 -2.72265e-35 0)
(-7.46006e-35 -2.78291e-34 0)
(-1.16068e-33 -1.93793e-33 0)
(-1.4116e-32 -1.62637e-32 0)
(-1.19283e-31 -2.0073e-32 0)
(-1.20505e-31 -1.63018e-31 0)
(-8.97781e-31 -7.68473e-31 0)
(1.29647e-31 -6.26775e-30 0)
(1.84882e-30 1.40185e-31 0)
(9.22534e-32 6.42699e-30 0)
(-9.18845e-31 7.93084e-31 0)
(-1.09146e-31 1.83654e-31 0)
(4.46103e-35 4.00942e-32 0)
(1.02029e-31 1.79399e-31 0)
(8.87469e-31 6.55281e-31 0)
(-1.34862e-30 6.09849e-30 0)
(-3.18853e-30 -8.64169e-30 0)
(1.07625e-30 -1.57315e-29 0)
(3.21071e-30 -1.35309e-30 0)
(-1.14126e-30 6.0888e-30 0)
(-3.23679e-30 -9.04276e-30 0)
(2.21017e-30 -1.59523e-29 0)
(2.39244e-30 6.13105e-30 0)
(-8.94754e-31 4.09307e-31 0)
(-2.65096e-31 1.00798e-32 0)
(-1.41411e-30 -1.16449e-30 0)
(-3.73667e-33 -8.70343e-30 0)
(1.23392e-30 -1.0709e-30 0)
(1.48267e-31 -2.42228e-31 0)
(2.18198e-32 -2.79097e-32 0)
(3.68905e-35 -7.60706e-33 0)
(-2.16245e-32 -2.61332e-32 0)
(-1.36751e-31 -2.32893e-31 0)
(-1.17094e-30 -8.65128e-31 0)
(1.76674e-30 -8.04382e-30 0)
(4.21365e-30 1.13257e-29 0)
(-1.26039e-30 2.08898e-29 0)
(-2.96331e-30 2.70615e-30 0)
(-3.39236e-31 6.49511e-31 0)
)
;
    }
}


// ************************************************************************* //
