/*--------------------------------*- C++ -*----------------------------------*\
| =========                 |                                                 |
| \\      /  F ield         | OpenFOAM: The Open Source CFD Toolbox           |
|  \\    /   O peration     | Version:  2.4.0                                 |
|   \\  /    A nd           | Web:      www.OpenFOAM.org                      |
|    \\/     M anipulation  |                                                 |
\*---------------------------------------------------------------------------*/
FoamFile
{
    version     2.0;
    format      ascii;
    class       volVectorField;
    location    "0.5";
    object      U;
}
// * * * * * * * * * * * * * * * * * * * * * * * * * * * * * * * * * * * * * //

dimensions      [0 1 -1 0 0 0 0];

internalField   nonuniform List<vector> 
1935
(
(5.04347e-36 1.44294e-36 0)
(5.41869e-35 1.10813e-35 0)
(2.91984e-34 1.00346e-34 0)
(3.55745e-33 8.08708e-35 0)
(3.31525e-33 -1.93986e-34 0)
(-3.3145e-33 -1.93843e-34 0)
(-3.55174e-33 8.25566e-35 0)
(-2.32618e-34 1.12989e-34 0)
(2.92676e-34 1.22675e-34 0)
(3.85012e-33 1.84459e-34 0)
(6.932e-33 -1.00202e-34 0)
(3.51923e-34 -2.74856e-34 0)
(-2.96321e-33 8.08706e-35 0)
(3.37518e-33 1.81215e-34 0)
(3.56322e-33 -8.25713e-35 0)
(2.92676e-34 -1.00506e-34 0)
(5.42885e-35 -1.11007e-35 0)
(5.08399e-36 -1.5435e-36 0)
(6.28874e-37 -1.43823e-37 0)
(5.65213e-38 -1.47231e-38 0)
(5.62372e-39 -1.24142e-39 0)
(4.67098e-40 -1.07921e-40 0)
(4.00497e-41 -8.32222e-42 0)
(3.29169e-42 -5.96399e-43 0)
(3.30592e-42 5.99577e-43 0)
(4.02665e-41 8.36462e-42 0)
(4.69919e-40 1.08517e-40 0)
(5.66067e-39 1.2491e-39 0)
(5.69479e-38 1.48226e-38 0)
(6.34025e-37 1.44956e-37 0)
(5.1348e-36 1.55697e-36 0)
(5.48599e-35 1.12296e-35 0)
(2.97119e-34 1.01903e-34 0)
(3.61231e-33 9.2099e-35 0)
(3.61231e-33 -9.2099e-35 0)
(2.97119e-34 -1.01903e-34 0)
(5.48599e-35 -1.12296e-35 0)
(5.1348e-36 -1.55697e-36 0)
(6.34025e-37 -1.44956e-37 0)
(5.69479e-38 -1.48227e-38 0)
(5.66038e-39 -1.24968e-39 0)
(4.67606e-40 -1.13074e-40 0)
(2.8959e-41 -4.50001e-41 0)
(-6.19014e-41 -1.80083e-40 0)
(1.17625e-36 -6.60501e-37 0)
(1.13767e-35 -5.75565e-36 0)
(6.23205e-35 -5.21429e-35 0)
(5.11375e-34 -4.19779e-35 0)
(4.59379e-34 1.00724e-34 0)
(-4.59197e-34 1.00654e-34 0)
(-5.10004e-34 -4.2822e-35 0)
(-4.97006e-35 -5.86838e-35 0)
(6.24886e-35 -6.37408e-35 0)
(5.73862e-34 -9.57452e-35 0)
(9.83356e-34 5.20722e-35 0)
(7.50784e-35 1.42702e-34 0)
(-3.84272e-34 -4.19779e-35 0)
(4.72135e-34 -9.41201e-35 0)
(5.12757e-34 4.2829e-35 0)
(6.24886e-35 5.22209e-35 0)
(1.14044e-35 5.76758e-36 0)
(1.21754e-36 7.74146e-37 0)
(1.51747e-37 7.05605e-38 0)
(1.44862e-38 7.02071e-39 0)
(1.45838e-39 5.79893e-40 0)
(1.25319e-40 4.94219e-41 0)
(1.08688e-41 3.75146e-42 0)
(9.13902e-43 2.65321e-43 0)
(9.17951e-43 -2.66702e-43 0)
(1.09295e-41 -3.7701e-42 0)
(1.26101e-40 -4.96872e-41 0)
(1.46838e-39 -5.83358e-40 0)
(1.46005e-38 -7.06634e-39 0)
(1.53078e-37 -7.10904e-38 0)
(1.23055e-36 -7.80579e-37 0)
(1.15414e-35 -5.83102e-36 0)
(6.35515e-35 -5.29233e-35 0)
(5.22914e-34 -4.78083e-35 0)
(5.22914e-34 4.78083e-35 0)
(6.35515e-35 5.29233e-35 0)
(1.15414e-35 5.83102e-36 0)
(1.23055e-36 7.80579e-37 0)
(1.53078e-37 7.10903e-38 0)
(1.46001e-38 7.06579e-39 0)
(1.46496e-39 5.77825e-40 0)
(9.85044e-41 5.53173e-42 0)
(-1.24795e-40 -3.56996e-40 0)
(-7.88571e-40 -1.81149e-39 0)
(2.63311e-37 -1.5732e-37 0)
(2.11979e-36 -1.34084e-36 0)
(8.02401e-36 -9.9947e-36 0)
(5.05561e-35 -7.63334e-36 0)
(4.44312e-35 1.91737e-35 0)
(-4.43867e-35 1.91556e-35 0)
(-5.026e-35 -7.83742e-36 0)
(-5.64028e-36 -1.15243e-35 0)
(8.06467e-36 -1.26984e-35 0)
(5.86204e-35 -1.80198e-35 0)
(9.73664e-35 9.97642e-36 0)
(1.04404e-35 2.6807e-35 0)
(-3.39833e-35 -7.63332e-36 0)
(4.68472e-35 -1.76278e-35 0)
(5.08551e-35 7.83927e-36 0)
(8.06467e-36 1.00149e-35 0)
(2.12496e-36 1.34378e-36 0)
(2.59139e-37 1.86047e-37 0)
(3.65966e-38 1.82278e-38 0)
(3.73167e-39 1.84593e-39 0)
(3.97633e-40 1.58434e-40 0)
(3.54312e-41 1.36958e-41 0)
(3.16789e-42 1.06576e-42 0)
(2.72518e-43 7.62041e-44 0)
(2.7376e-43 -7.66128e-44 0)
(3.18627e-42 -1.07121e-42 0)
(3.56637e-41 -1.3772e-41 0)
(4.00544e-40 -1.59418e-40 0)
(3.76389e-39 -1.85855e-39 0)
(3.69583e-38 -1.83724e-38 0)
(2.62467e-37 -1.87733e-37 0)
(2.15776e-36 -1.36014e-36 0)
(8.28641e-36 -1.01824e-35 0)
(5.27134e-35 -8.9933e-36 0)
(5.27134e-35 8.9933e-36 0)
(8.28641e-36 1.01824e-35 0)
(2.15776e-36 1.36014e-36 0)
(2.62467e-37 1.87733e-37 0)
(3.69579e-38 1.83719e-38 0)
(3.75971e-39 1.8536e-39 0)
(3.67224e-40 1.0952e-40 0)
(-2.35757e-40 -3.88294e-40 0)
(-1.3474e-39 -3.32677e-39 0)
(-7.97319e-39 -1.69697e-38 0)
(3.96015e-38 -3.9526e-38 0)
(2.77353e-37 -3.04797e-37 0)
(7.59429e-37 -2.13512e-36 0)
(3.78604e-36 -1.6046e-36 0)
(3.27184e-36 4.09558e-36 0)
(-3.26472e-36 4.09083e-36 0)
(-3.74212e-36 -1.65564e-36 0)
(-4.43399e-37 -2.48681e-36 0)
(7.65884e-37 -2.75034e-36 0)
(4.55184e-36 -3.83742e-36 0)
(7.3731e-36 2.13021e-36 0)
(1.08055e-36 5.70017e-36 0)
(-2.19004e-36 -1.60458e-36 0)
(3.59293e-36 -3.73955e-36 0)
(3.83043e-36 1.65615e-36 0)
(7.65884e-37 2.14037e-36 0)
(2.78019e-37 3.05548e-37 0)
(3.80494e-38 4.63081e-38 0)
(5.80028e-39 4.80063e-39 0)
(6.24127e-40 5.13558e-40 0)
(6.88092e-41 4.57396e-41 0)
(6.31818e-42 4.08167e-42 0)
(5.76146e-43 3.24959e-43 0)
(5.05538e-44 2.36524e-44 0)
(5.07895e-44 -2.37827e-44 0)
(5.79594e-43 -3.26676e-43 0)
(6.36122e-42 -4.10531e-42 0)
(6.93377e-41 -4.60389e-41 0)
(6.29862e-40 -5.1731e-40 0)
(5.86267e-39 -4.84224e-39 0)
(3.86035e-38 -4.67753e-38 0)
(2.83182e-37 -3.09827e-37 0)
(7.97995e-37 -2.18178e-36 0)
(4.06914e-36 -1.91436e-36 0)
(4.06914e-36 1.91436e-36 0)
(7.97995e-37 2.18178e-36 0)
(2.83182e-37 3.09827e-37 0)
(3.86032e-38 4.6775e-38 0)
(5.85892e-39 4.83818e-39 0)
(5.92065e-40 4.75394e-40 0)
(-2.34348e-40 -3.81717e-40 0)
(-2.4995e-39 -3.48615e-39 0)
(-1.26603e-38 -2.93944e-38 0)
(-7.58701e-38 -1.52897e-37 0)
(4.9116e-39 -1.16511e-38 0)
(3.64751e-38 -4.81109e-38 0)
(6.31271e-38 -3.06077e-37 0)
(1.99431e-37 -2.2465e-37 0)
(1.67933e-37 5.84424e-37 0)
(-1.66819e-37 5.83647e-37 0)
(-1.93043e-37 -2.32745e-37 0)
(-2.14247e-38 -3.59262e-37 0)
(6.40047e-38 -3.99272e-37 0)
(2.63343e-37 -5.45351e-37 0)
(4.08729e-37 3.0426e-37 0)
(1.05374e-37 8.0894e-37 0)
(-6.23468e-38 -2.24487e-37 0)
(2.10276e-37 -5.29549e-37 0)
(2.05733e-37 2.32834e-37 0)
(6.40047e-38 3.05978e-37 0)
(3.61856e-38 4.67456e-38 0)
(5.40784e-39 7.45624e-39 0)
(8.88341e-40 8.10464e-40 0)
(9.95177e-41 8.95096e-41 0)
(1.13346e-41 8.21331e-42 0)
(1.06484e-42 7.47604e-43 0)
(9.88644e-44 6.06705e-44 0)
(8.80504e-45 4.46999e-45 0)
(8.84684e-45 -4.4952e-45 0)
(9.94706e-44 -6.09994e-44 0)
(1.07232e-42 -7.52072e-43 0)
(1.14252e-41 -8.26913e-42 0)
(1.00482e-40 -9.01959e-41 0)
(8.98594e-40 -8.1792e-40 0)
(5.49583e-39 -7.53741e-39 0)
(3.69723e-38 -4.74651e-38 0)
(6.85015e-38 -3.12607e-37 0)
(2.36311e-37 -2.71944e-37 0)
(2.36311e-37 2.71944e-37 0)
(6.85015e-38 3.12607e-37 0)
(3.6972e-38 4.74648e-38 0)
(5.49273e-39 7.5348e-39 0)
(8.66742e-40 7.8689e-40 0)
(-2.24049e-40 -2.32839e-40 0)
(-2.62871e-39 -3.33157e-39 0)
(-2.21633e-38 -2.76833e-38 0)
(-1.14225e-37 -2.3771e-37 0)
(-6.98945e-37 -1.26999e-36 0)
(-7.88639e-39 -4.80279e-38 0)
(7.79023e-39 -2.04118e-38 0)
(5.95631e-39 -5.26135e-38 0)
(5.61649e-39 -3.31252e-38 0)
(3.74741e-39 8.31024e-38 0)
(-3.4601e-39 8.31956e-38 0)
(-4.07249e-39 -3.2975e-38 0)
(4.46209e-43 -5.15573e-38 0)
(5.00377e-39 -5.74181e-38 0)
(9.8667e-39 -7.76392e-38 0)
(1.3347e-38 4.33659e-38 0)
(9.84806e-39 1.15038e-37 0)
(6.24877e-39 -3.16844e-38 0)
(8.59972e-39 -7.51792e-38 0)
(5.66427e-39 3.29863e-38 0)
(5.00374e-39 4.36425e-38 0)
(4.20256e-39 6.90414e-39 0)
(6.72061e-40 1.15835e-39 0)
(1.16004e-40 1.30279e-40 0)
(1.3433e-41 1.4834e-41 0)
(1.56634e-42 1.39212e-42 0)
(1.50109e-43 1.29019e-43 0)
(1.41348e-44 1.06204e-44 0)
(1.27607e-45 7.90601e-46 0)
(1.28223e-45 -7.95134e-46 0)
(1.42233e-44 -1.06791e-44 0)
(1.51192e-43 -1.29809e-43 0)
(1.57927e-42 -1.40188e-42 0)
(1.35688e-41 -1.49523e-41 0)
(1.17417e-40 -1.3154e-40 0)
(6.839e-40 -1.17177e-39 0)
(4.30483e-39 -7.01932e-39 0)
(5.55665e-39 -4.46678e-38 0)
(9.16779e-39 -3.87024e-38 0)
(9.16778e-39 3.87024e-38 0)
(5.55649e-39 4.46677e-38 0)
(4.30283e-39 7.01781e-39 0)
(6.60232e-40 1.15323e-39 0)
(-1.28607e-40 -9.1124e-41 0)
(-2.52557e-39 -2.33276e-39 0)
(-2.09759e-38 -2.472e-38 0)
(-1.79467e-37 -2.09246e-37 0)
(-9.49275e-37 -1.84837e-36 0)
(-5.92512e-36 -1.02341e-35 0)
(-7.1624e-38 -3.95043e-37 0)
(3.43547e-38 -1.12346e-37 0)
(1.04308e-38 -8.09011e-38 0)
(6.24931e-39 -1.55727e-38 0)
(5.08241e-40 8.2059e-39 0)
(7.82268e-40 9.96299e-39 0)
(7.10716e-40 -4.03383e-39 0)
(1.70028e-40 -6.36185e-39 0)
(4.16369e-40 -7.0999e-39 0)
(-1.76676e-40 -9.49097e-39 0)
(-6.01908e-40 5.31209e-39 0)
(9.79483e-40 1.40484e-38 0)
(1.55714e-39 -3.83696e-39 0)
(5.3921e-42 -9.16652e-39 0)
(-4.95489e-40 4.00895e-39 0)
(4.16112e-40 5.34965e-39 0)
(4.86171e-40 8.77274e-40 0)
(8.10947e-41 1.52482e-40 0)
(1.45317e-41 1.76664e-41 0)
(1.7227e-42 2.05697e-42 0)
(2.04717e-43 1.96878e-43 0)
(1.99126e-44 1.85049e-44 0)
(1.89652e-45 1.54311e-45 0)
(1.72967e-46 1.15864e-46 0)
(1.73812e-46 -1.16539e-46 0)
(1.90859e-45 -1.5518e-45 0)
(2.00592e-44 -1.86207e-44 0)
(2.06451e-43 -1.98295e-43 0)
(1.7407e-42 -2.07391e-42 0)
(1.47162e-41 -1.78445e-41 0)
(8.26089e-41 -1.54339e-40 0)
(4.9894e-40 -8.92846e-40 0)
(4.82263e-40 -5.48407e-39 0)
(-9.38792e-41 -4.72962e-39 0)
(-9.39597e-41 4.72957e-39 0)
(4.81103e-40 5.4834e-39 0)
(4.84739e-40 8.83777e-40 0)
(-8.77173e-41 4.22759e-41 0)
(-1.77812e-39 -1.34425e-39 0)
(-1.88356e-38 -1.45767e-38 0)
(-1.58768e-37 -1.56618e-37 0)
(-1.39545e-36 -1.36301e-36 0)
(-7.62989e-36 -1.24418e-35 0)
(-4.92003e-35 -7.25942e-35 0)
(-5.40624e-37 -2.99296e-36 0)
(3.43101e-37 -8.77322e-37 0)
(9.18691e-38 -6.1592e-37 0)
(5.73333e-38 -9.35827e-38 0)
(8.74796e-39 -1.4291e-38 0)
(1.62762e-39 -5.25359e-40 0)
(3.04957e-40 -6.76282e-40 0)
(4.72251e-41 -7.82171e-40 0)
(3.85661e-41 -8.55202e-40 0)
(-8.2494e-41 -1.13306e-39 0)
(-1.67065e-40 6.34595e-40 0)
(9.76552e-41 1.6756e-39 0)
(2.07111e-40 -4.5515e-40 0)
(-4.61439e-41 -1.092e-39 0)
(-1.08388e-40 4.76867e-40 0)
(3.66016e-41 6.39446e-40 0)
(5.24724e-41 1.07299e-40 0)
(9.03476e-42 1.92031e-41 0)
(1.66098e-42 2.27325e-42 0)
(2.00823e-43 2.69574e-43 0)
(2.42138e-44 2.61842e-44 0)
(2.38605e-45 2.48927e-45 0)
(2.29373e-46 2.09597e-46 0)
(2.11116e-47 1.58438e-47 0)
(2.12159e-47 -1.59371e-47 0)
(2.30855e-46 -2.10792e-46 0)
(2.40392e-45 -2.50511e-45 0)
(2.44233e-44 -2.63766e-44 0)
(2.02977e-43 -2.71851e-43 0)
(1.68277e-42 -2.29691e-42 0)
(9.2109e-42 -1.94461e-41 0)
(5.39276e-41 -1.09298e-40 0)
(4.39242e-41 -6.56324e-40 0)
(-6.5391e-41 -5.6444e-40 0)
(-6.58724e-41 5.64156e-40 0)
(3.69384e-41 6.52612e-40 0)
(-3.23348e-41 5.86762e-41 0)
(-1.03792e-39 -6.13982e-40 0)
(-1.11817e-38 -7.83913e-39 0)
(-1.19741e-37 -8.5627e-38 0)
(-1.03478e-36 -9.48414e-37 0)
(-9.35987e-36 -8.56976e-36 0)
(-5.34969e-35 -8.25141e-35 0)
(-3.54818e-34 -5.16589e-34 0)
(-3.0659e-36 -2.24416e-35 0)
(3.60274e-36 -6.17425e-36 0)
(8.69244e-37 -4.29722e-36 0)
(4.77444e-37 -6.33372e-37 0)
(7.06137e-38 -1.01306e-37 0)
(1.17412e-38 -1.09653e-38 0)
(1.336e-39 -1.29326e-39 0)
(1.54907e-40 -1.99029e-40 0)
(1.77794e-41 -1.0473e-40 0)
(-1.0256e-41 -1.24951e-40 0)
(-2.20519e-41 6.95231e-41 0)
(9.89704e-42 1.8339e-40 0)
(2.35105e-41 -4.95363e-41 0)
(-6.93638e-42 -1.19391e-40 0)
(-1.38716e-41 5.20319e-41 0)
(3.45103e-42 7.01581e-41 0)
(5.51776e-42 1.20404e-41 0)
(9.69854e-43 2.20194e-42 0)
(1.81731e-43 2.65603e-43 0)
(2.22959e-44 3.19466e-44 0)
(2.71914e-45 3.14343e-45 0)
(2.70629e-46 3.01622e-46 0)
(2.62067e-47 2.56186e-47 0)
(2.42901e-48 1.94762e-48 0)
(2.44111e-48 -1.95921e-48 0)
(2.63778e-47 -2.57664e-47 0)
(2.72684e-46 -3.03569e-46 0)
(2.74305e-45 -3.16693e-45 0)
(2.25397e-44 -3.22223e-44 0)
(1.84171e-43 -2.68441e-43 0)
(9.89321e-43 -2.23071e-42 0)
(5.67574e-42 -1.22738e-41 0)
(4.21975e-42 -7.20926e-41 0)
(-9.57556e-42 -6.18744e-41 0)
(-1.2252e-41 6.0787e-41 0)
(-3.50677e-41 5.77725e-41 0)
(-4.85599e-40 -1.85039e-40 0)
(-6.07054e-39 -2.49922e-39 0)
(-6.60892e-38 -3.15218e-38 0)
(-7.27527e-37 -3.53168e-37 0)
(-6.48391e-36 -4.05775e-36 0)
(-6.12668e-35 -3.90176e-35 0)
(-3.68711e-34 -4.04311e-34 0)
(-2.59821e-33 -2.87324e-33 0)
(-7.94418e-36 -1.40906e-34 0)
(4.17001e-35 -4.23669e-35 0)
(8.20404e-36 -3.12143e-35 0)
(3.45201e-36 -4.37735e-36 0)
(4.82436e-37 -6.73163e-37 0)
(7.63163e-38 -7.07937e-38 0)
(8.35138e-39 -7.70948e-39 0)
(9.38801e-40 -7.04032e-40 0)
(8.75401e-41 -7.27425e-41 0)
(6.78197e-42 -1.81487e-41 0)
(-1.7104e-42 6.95719e-42 0)
(1.017e-42 1.93296e-41 0)
(2.39728e-42 -5.20911e-42 0)
(-7.64074e-43 -1.25921e-41 0)
(-1.46831e-42 5.48017e-42 0)
(3.24652e-43 7.41862e-42 0)
(5.46858e-43 1.29404e-42 0)
(9.78284e-44 2.40538e-43 0)
(1.85915e-44 2.94174e-44 0)
(2.31034e-45 3.57598e-45 0)
(2.84346e-46 3.55228e-46 0)
(2.85521e-47 3.43167e-47 0)
(2.78175e-48 2.93304e-48 0)
(2.59458e-49 2.23865e-49 0)
(2.60753e-49 -2.25208e-49 0)
(2.79997e-48 -2.95012e-48 0)
(2.8769e-47 -3.45411e-47 0)
(2.8684e-46 -3.57928e-46 0)
(2.3353e-45 -3.60752e-45 0)
(1.88335e-44 -2.97413e-44 0)
(9.96289e-44 -2.43812e-43 0)
(5.59542e-43 -1.32081e-42 0)
(3.49111e-43 -7.64519e-42 0)
(-1.83433e-42 -6.77642e-42 0)
(-1.24039e-41 2.73964e-42 0)
(-1.5637e-40 -4.62147e-41 0)
(-1.98537e-39 -7.54643e-40 0)
(-2.49607e-38 -9.75281e-39 0)
(-2.77817e-37 -1.26634e-37 0)
(-3.14253e-36 -1.46679e-36 0)
(-2.91345e-35 -1.79453e-35 0)
(-2.87144e-34 -1.87737e-34 0)
(-1.8549e-33 -2.20464e-33 0)
(-1.36619e-32 -1.82694e-32 0)
(1.8261e-34 -1.13381e-33 0)
(5.42961e-34 -2.68195e-34 0)
(9.26837e-35 -1.8338e-34 0)
(3.09604e-35 -2.45699e-35 0)
(3.97273e-36 -3.51946e-36 0)
(5.9552e-37 -3.55162e-37 0)
(6.24393e-38 -3.71261e-38 0)
(6.83577e-39 -3.26576e-39 0)
(6.19607e-40 -2.8913e-40 0)
(5.61353e-41 -2.3781e-41 0)
(4.36437e-42 -1.25673e-42 0)
(4.26738e-43 1.25832e-42 0)
(1.95591e-43 -3.80757e-43 0)
(-5.38329e-44 -9.02106e-43 0)
(-1.05386e-43 3.92008e-43 0)
(2.21482e-44 5.32421e-43 0)
(3.82655e-44 9.43792e-44 0)
(6.92252e-45 1.79401e-44 0)
(1.32775e-45 2.2304e-45 0)
(1.66364e-46 2.75479e-46 0)
(2.05913e-47 2.7724e-47 0)
(2.07882e-48 2.70891e-48 0)
(2.0321e-49 2.33811e-49 0)
(1.90159e-50 1.79828e-50 0)
(1.90851e-50 -1.80915e-50 0)
(2.04014e-49 -2.3518e-49 0)
(2.08463e-48 -2.72668e-48 0)
(2.05875e-47 -2.79343e-47 0)
(1.6487e-46 -2.7788e-46 0)
(1.28777e-45 -2.25413e-45 0)
(6.09371e-45 -1.81661e-44 0)
(2.35666e-44 -9.59805e-44 0)
(-2.17832e-43 -5.42536e-43 0)
(-3.79932e-42 -3.83901e-43 0)
(-5.3122e-41 1.70395e-42 0)
(-7.45362e-40 1.76087e-41 0)
(-9.61994e-39 2.26144e-40 0)
(-1.24367e-37 2.63539e-39 0)
(-1.4208e-36 2.53353e-38 0)
(-1.67814e-35 4.35339e-38 0)
(-1.61794e-34 -5.90571e-36 0)
(-1.71609e-33 -2.11924e-34 0)
(-1.18218e-32 -4.58997e-33 0)
(-1.01982e-31 -6.93652e-32 0)
(6.39062e-33 -6.97444e-33 0)
(1.04867e-32 -2.26174e-33 0)
(1.35216e-33 -1.77778e-33 0)
(2.73896e-34 -2.09234e-34 0)
(3.06752e-35 -2.90325e-35 0)
(4.02407e-36 -2.77314e-36 0)
(3.96671e-37 -2.84101e-37 0)
(4.11249e-38 -2.42376e-38 0)
(3.61072e-39 -2.11014e-39 0)
(3.18884e-40 -1.63929e-40 0)
(2.52558e-41 -1.26254e-41 0)
(1.9784e-42 -8.13368e-43 0)
(1.5239e-43 -8.71541e-44 0)
(6.94315e-45 -6.22397e-44 0)
(-5.30312e-45 2.49487e-44 0)
(1.27448e-45 3.43365e-44 0)
(2.15521e-45 6.14921e-45 0)
(3.94238e-46 1.17443e-45 0)
(7.66127e-47 1.46951e-46 0)
(9.70176e-48 1.81928e-47 0)
(1.21212e-48 1.83715e-48 0)
(1.23371e-49 1.79634e-49 0)
(1.21397e-50 1.5525e-50 0)
(1.1437e-51 1.19375e-51 0)
(1.15908e-51 -1.19614e-51 0)
(1.2416e-50 -1.55244e-50 0)
(1.27994e-49 -1.79036e-49 0)
(1.28995e-48 -1.81762e-48 0)
(1.09912e-47 -1.77367e-47 0)
(9.79313e-47 -1.37603e-46 0)
(7.36839e-46 -1.00051e-45 0)
(7.58831e-45 -3.11608e-45 0)
(8.38891e-44 1.58374e-44 0)
(1.22479e-42 7.60691e-43 0)
(1.73177e-41 1.19445e-41 0)
(2.38396e-40 1.68747e-40 0)
(3.04223e-39 2.32425e-39 0)
(3.82477e-38 2.8702e-38 0)
(4.31674e-37 3.19629e-37 0)
(4.89875e-36 1.96424e-36 0)
(4.66434e-35 -2.51677e-35 0)
(4.64818e-34 -1.52971e-33 0)
(3.17993e-33 -3.88689e-32 0)
(2.43509e-32 -7.10664e-31 0)
(1.23439e-31 -7.65651e-32 0)
(1.42343e-31 -6.64395e-33 0)
(1.32554e-32 -3.88635e-34 0)
(2.60577e-33 -1.71087e-35 0)
(2.62169e-34 -4.91104e-37 0)
(3.36207e-35 -2.65554e-39 0)
(3.15148e-36 1.25996e-39 0)
(3.21123e-37 1.33944e-40 0)
(2.73914e-38 1.15011e-41 0)
(2.38714e-39 8.37529e-43 0)
(1.8561e-40 6.19643e-44 0)
(1.43552e-41 9.12328e-45 0)
(1.02523e-42 -1.11292e-45 0)
(7.16936e-44 -3.32666e-45 0)
(4.39903e-45 1.45118e-45 0)
(3.77142e-46 1.98143e-45 0)
(1.43573e-46 3.58808e-46 0)
(2.41415e-47 6.92506e-47 0)
(4.55675e-48 8.74829e-48 0)
(5.75439e-49 1.09123e-48 0)
(7.18066e-50 1.10974e-49 0)
(7.32113e-51 1.09076e-50 0)
(7.20839e-52 9.47337e-52 0)
(7.16783e-53 7.3049e-53 0)
(1.42654e-52 -7.38405e-53 0)
(2.16801e-51 -9.59538e-52 0)
(3.45254e-50 -1.11087e-50 0)
(5.70212e-49 -1.14259e-49 0)
(9.40422e-48 -1.14568e-48 0)
(1.56866e-46 -9.63941e-48 0)
(2.55139e-45 -8.39489e-47 0)
(4.09766e-44 -5.94771e-46 0)
(6.30183e-43 -5.75111e-45 0)
(9.47584e-42 -5.90614e-44 0)
(1.34494e-40 -8.64421e-43 0)
(1.86925e-39 -1.22281e-41 0)
(2.4064e-38 -1.67517e-40 0)
(3.0663e-37 -1.98908e-39 0)
(3.50083e-36 -1.92817e-38 0)
(4.05244e-35 3.7547e-39 0)
(3.92303e-34 6.30528e-36 0)
(4.04239e-33 2.28107e-34 0)
(2.84948e-32 5.29138e-33 0)
(2.35092e-31 9.18496e-32 0)
(9.61931e-33 -7.51931e-32 0)
(8.83695e-33 -5.06994e-33 0)
(1.17551e-33 1.33444e-33 0)
(2.4515e-34 1.88897e-34 0)
(2.80205e-35 2.83451e-35 0)
(3.73677e-36 2.75866e-36 0)
(3.7247e-37 2.84494e-37 0)
(3.89588e-38 2.43095e-38 0)
(3.44308e-39 2.11687e-39 0)
(3.05722e-40 1.64376e-40 0)
(2.43261e-41 1.2696e-41 0)
(1.9081e-42 9.05479e-43 0)
(1.38472e-43 6.33509e-44 0)
(9.80955e-45 3.98955e-45 0)
(6.37586e-46 3.54366e-46 0)
(4.65524e-47 1.3232e-46 0)
(9.40089e-48 2.21089e-47 0)
(1.41602e-48 4.14421e-48 0)
(2.5591e-49 5.21929e-49 0)
(3.21239e-50 6.4979e-50 0)
(4.00255e-51 6.61656e-51 0)
(4.09041e-52 6.50239e-52 0)
(4.03357e-53 5.65049e-53 0)
(3.95508e-54 4.12309e-54 0)
(6.63859e-54 -9.16726e-54 0)
(9.37861e-53 -1.52118e-52 0)
(1.39148e-51 -2.50529e-51 0)
(2.14993e-50 -4.15414e-50 0)
(3.34466e-49 -7.06089e-49 0)
(5.29786e-48 -1.18956e-47 0)
(8.27775e-47 -2.00765e-46 0)
(1.26947e-45 -3.28923e-45 0)
(1.88729e-44 -5.30413e-44 0)
(2.68434e-43 -8.17315e-43 0)
(3.67245e-42 -1.23119e-41 0)
(4.72174e-41 -1.74273e-40 0)
(5.81965e-40 -2.39796e-39 0)
(6.57942e-39 -2.94621e-38 0)
(7.12771e-38 -3.223e-37 0)
(6.67933e-37 -1.74343e-36 0)
(6.07363e-36 3.47632e-35 0)
(3.82402e-35 1.80817e-33 0)
(2.63519e-34 4.49712e-32 0)
(-4.88443e-34 8.12641e-31 0)
(2.03214e-33 -5.47648e-33 0)
(-3.98113e-34 -5.38808e-34 0)
(-1.04017e-35 1.10659e-34 0)
(1.40428e-35 1.96961e-35 0)
(2.39283e-36 3.13735e-36 0)
(4.23804e-37 3.26857e-37 0)
(4.7888e-38 3.46675e-38 0)
(5.53053e-39 3.0717e-39 0)
(5.18261e-40 2.72611e-40 0)
(4.82629e-41 2.16684e-41 0)
(3.96637e-42 1.69764e-42 0)
(3.19481e-43 1.23067e-43 0)
(2.36346e-44 8.71583e-45 0)
(1.70256e-45 5.71887e-46 0)
(1.14203e-46 4.24777e-47 0)
(7.78047e-48 8.62894e-48 0)
(8.37031e-49 1.29702e-48 0)
(9.67937e-50 2.33061e-49 0)
(1.50563e-50 2.91807e-50 0)
(1.8154e-51 3.62699e-51 0)
(2.21735e-52 3.70146e-52 0)
(2.25198e-53 3.6429e-53 0)
(2.13557e-54 3.17352e-54 0)
(-1.3548e-54 2.51099e-55 0)
(-3.10048e-53 -1.16254e-55 0)
(-6.06117e-52 -5.55254e-55 0)
(-1.14697e-50 1.55814e-53 0)
(-2.11607e-49 6.27048e-52 0)
(-3.76718e-48 1.50663e-50 0)
(-6.54172e-47 3.07261e-49 0)
(-1.08999e-45 5.69774e-48 0)
(-1.77374e-44 9.83145e-47 0)
(-2.74596e-43 1.63594e-45 0)
(-4.16482e-42 2.55532e-44 0)
(-5.92979e-41 3.94902e-43 0)
(-8.33031e-40 5.71886e-42 0)
(-1.07481e-38 8.6242e-41 0)
(-1.38925e-37 1.31132e-39 0)
(-1.58665e-36 2.47665e-38 0)
(-1.8738e-35 5.39824e-37 0)
(-1.80594e-34 1.33207e-35 0)
(-1.9156e-33 3.01785e-34 0)
(-1.31905e-32 5.81635e-33 0)
(-1.13849e-31 8.26393e-32 0)
(1.71136e-34 -9.90056e-34 0)
(-6.48509e-35 -9.69818e-35 0)
(-6.2729e-36 6.17158e-36 0)
(4.0913e-37 1.82064e-36 0)
(1.40886e-37 3.68682e-37 0)
(3.17862e-38 4.27244e-38 0)
(3.96808e-39 4.96534e-39 0)
(4.86997e-40 4.65542e-40 0)
(4.76704e-41 4.33118e-41 0)
(4.571e-42 3.55592e-42 0)
(3.8518e-43 2.86137e-43 0)
(3.15804e-44 2.11505e-44 0)
(2.37447e-45 1.52282e-45 0)
(1.73151e-46 1.02405e-46 0)
(1.17971e-47 7.01393e-48 0)
(7.96307e-49 7.61313e-49 0)
(6.8089e-50 8.83003e-50 0)
(6.52378e-51 1.3702e-50 0)
(8.66848e-52 1.64912e-51 0)
(9.91198e-53 2.00989e-52 0)
(1.17787e-53 2.03891e-53 0)
(1.18641e-54 1.99907e-54 0)
(1.29926e-55 1.84175e-55 0)
(2.99162e-55 2.29996e-55 0)
(5.74183e-54 4.42995e-54 0)
(1.11216e-52 8.84557e-53 0)
(2.08864e-51 1.7234e-51 0)
(3.82196e-50 3.254e-50 0)
(6.75127e-49 5.99151e-49 0)
(1.16111e-47 1.06489e-47 0)
(1.9165e-46 1.84577e-46 0)
(3.07971e-45 3.07051e-45 0)
(4.70948e-44 4.98594e-44 0)
(7.02105e-43 7.70461e-43 0)
(9.83155e-42 1.16541e-41 0)
(1.34791e-40 1.65576e-40 0)
(1.69901e-39 2.31855e-39 0)
(2.1183e-38 2.98715e-38 0)
(2.33729e-37 3.8561e-37 0)
(2.60858e-36 4.43628e-36 0)
(2.38124e-35 5.3226e-35 0)
(2.2973e-34 5.39741e-34 0)
(1.44474e-33 6.05379e-33 0)
(1.0359e-32 4.72354e-32 0)
(2.05467e-35 -8.1511e-35 0)
(-9.77802e-36 -9.14008e-36 0)
(-1.08241e-36 1.04092e-37 0)
(-5.60124e-38 1.13528e-37 0)
(4.1035e-39 2.8198e-38 0)
(2.14088e-39 3.56879e-39 0)
(3.17166e-40 4.38838e-40 0)
(4.31763e-41 4.29288e-41 0)
(4.47549e-42 4.11085e-42 0)
(4.47886e-43 3.46032e-43 0)
(3.88634e-44 2.83424e-44 0)
(3.26048e-45 2.12934e-45 0)
(2.49404e-46 1.55185e-46 0)
(1.844e-47 1.05836e-47 0)
(1.27272e-48 7.16138e-49 0)
(8.58336e-50 6.16159e-50 0)
(6.3472e-51 5.92832e-51 0)
(5.09375e-52 7.87835e-52 0)
(5.44238e-53 9.0001e-53 0)
(5.62802e-54 1.06763e-53 0)
(6.30464e-55 1.07351e-54 0)
(6.97282e-56 1.05208e-55 0)
(1.69937e-55 2.03386e-56 0)
(3.36239e-54 2.36986e-55 0)
(6.70169e-53 4.84875e-54 0)
(1.30372e-51 9.67647e-53 0)
(2.45851e-50 1.88484e-51 0)
(4.52155e-49 3.5589e-50 0)
(8.02797e-48 6.55525e-49 0)
(1.38988e-46 1.16562e-47 0)
(2.30961e-45 2.02176e-46 0)
(3.74527e-44 3.36567e-45 0)
(5.77988e-43 5.47049e-44 0)
(8.7272e-42 8.46161e-43 0)
(1.23772e-40 1.28182e-41 0)
(1.7284e-39 1.82484e-40 0)
(2.21894e-38 2.56697e-39 0)
(2.84431e-37 3.3437e-38 0)
(3.22698e-36 4.44238e-37 0)
(3.76471e-35 5.5135e-36 0)
(3.59522e-34 7.67278e-35 0)
(3.74074e-33 1.03451e-33 0)
(2.54159e-32 1.53275e-32 0)
(2.11577e-31 1.76497e-31 0)
(1.6419e-36 -9.51387e-36 0)
(-8.12975e-37 -1.08332e-36 0)
(-9.86836e-38 -5.77835e-38 0)
(-8.46857e-39 3.43165e-39 0)
(-1.58858e-40 1.9358e-39 0)
(1.12237e-40 2.87484e-40 0)
(2.04049e-41 3.90512e-41 0)
(3.05475e-42 4.04086e-42 0)
(3.33612e-43 4.03697e-43 0)
(3.45696e-44 3.49879e-44 0)
(3.07893e-45 2.93234e-45 0)
(2.63242e-46 2.24131e-46 0)
(2.04573e-47 1.65612e-47 0)
(1.53074e-48 1.14327e-48 0)
(1.06851e-49 7.71725e-50 0)
(7.23927e-51 5.72536e-51 0)
(5.06168e-52 4.61035e-52 0)
(3.70659e-53 4.93544e-53 0)
(3.37579e-54 5.10479e-54 0)
(3.15996e-55 5.70925e-55 0)
(3.36031e-56 5.60358e-56 0)
(1.62827e-56 5.07911e-57 0)
(2.76333e-55 -6.2222e-57 0)
(5.66369e-54 -1.4035e-55 0)
(1.12987e-52 -2.8784e-54 0)
(2.19995e-51 -5.73828e-53 0)
(4.15217e-50 -1.11637e-51 0)
(7.64436e-49 -2.10539e-50 0)
(1.3586e-47 -3.87241e-49 0)
(2.35507e-46 -6.87611e-48 0)
(3.91804e-45 -1.19056e-46 0)
(6.36323e-44 -1.97851e-45 0)
(9.83365e-43 -3.20789e-44 0)
(1.4877e-41 -4.94649e-43 0)
(2.11346e-40 -7.44265e-42 0)
(2.95893e-39 -1.04173e-40 0)
(3.80666e-38 -1.38947e-39 0)
(4.8971e-37 -1.49962e-38 0)
(5.57093e-36 -8.51152e-38 0)
(6.53468e-35 2.79283e-36 0)
(6.26335e-34 1.37562e-34 0)
(6.57804e-33 4.09987e-33 0)
(4.49503e-32 9.04376e-32 0)
(3.82066e-31 1.51509e-30 0)
(1.52866e-37 -7.52819e-37 0)
(-7.57903e-38 -9.16511e-38 0)
(-9.42438e-39 -7.72617e-39 0)
(-1.11535e-39 -1.35922e-40 0)
(-6.33517e-41 1.03084e-40 0)
(2.87263e-42 1.85944e-41 0)
(1.10434e-42 2.76949e-42 0)
(2.00996e-43 3.01697e-43 0)
(2.38032e-44 3.11992e-44 0)
(2.59718e-45 2.77516e-45 0)
(2.39065e-46 2.37014e-46 0)
(2.09403e-47 1.84046e-47 0)
(1.65649e-48 1.37626e-48 0)
(1.25652e-49 9.60568e-50 0)
(8.86874e-51 6.50999e-51 0)
(6.04612e-52 4.56009e-52 0)
(4.09593e-53 3.34723e-53 0)
(2.81897e-54 3.05552e-54 0)
(2.23454e-55 2.86258e-55 0)
(1.86611e-56 2.98777e-56 0)
(1.78742e-57 2.79369e-57 0)
(5.57326e-58 -8.29321e-58 0)
(8.36102e-57 -2.36393e-56 0)
(1.71307e-55 -4.97099e-55 0)
(3.41858e-54 -1.02006e-53 0)
(6.65877e-53 -2.03524e-52 0)
(1.25725e-51 -3.96333e-51 0)
(2.31569e-50 -7.48152e-50 0)
(4.11737e-49 -1.37761e-48 0)
(7.14113e-48 -2.44882e-47 0)
(1.18865e-46 -4.24574e-46 0)
(1.93175e-45 -7.06486e-45 0)
(2.9871e-44 -1.14753e-43 0)
(4.52291e-43 -1.773e-42 0)
(6.43003e-42 -2.67826e-41 0)
(9.01233e-41 -3.78103e-40 0)
(1.16048e-39 -5.1779e-39 0)
(1.49521e-38 -6.15093e-38 0)
(1.70288e-37 -5.97732e-37 0)
(2.00204e-36 3.37037e-38 0)
(1.92182e-35 1.92151e-34 0)
(2.02612e-34 6.97491e-33 0)
(1.3877e-33 1.61908e-31 0)
(1.1893e-32 2.81122e-30 0)
(1.12925e-38 -6.92254e-38 0)
(-5.56323e-39 -8.56887e-39 0)
(-7.21676e-40 -1.00054e-39 0)
(-9.88803e-41 -5.58016e-41 0)
(-7.11927e-42 2.78378e-42 0)
(-1.46579e-43 1.01447e-42 0)
(4.53735e-44 1.82762e-43 0)
(1.12584e-44 2.15655e-44 0)
(1.46665e-45 2.34721e-45 0)
(1.68772e-46 2.1574e-46 0)
(1.60619e-47 1.88751e-47 0)
(1.43976e-48 1.49188e-48 0)
(1.15907e-49 1.13089e-49 0)
(8.90717e-51 7.97963e-51 0)
(6.35579e-52 5.43984e-52 0)
(4.36418e-53 3.68848e-53 0)
(2.92172e-54 2.54213e-54 0)
(1.95072e-55 2.01901e-55 0)
(1.42005e-56 1.6884e-56 0)
(1.05826e-57 1.6005e-57 0)
(-5.13517e-58 1.2839e-58 0)
(-1.30853e-56 -3.5128e-58 0)
(-2.75039e-55 -7.85227e-57 0)
(-5.64329e-54 -1.64887e-55 0)
(-1.12583e-52 -3.38122e-54 0)
(-2.19211e-51 -6.74165e-53 0)
(-4.13743e-50 -1.31178e-51 0)
(-7.61736e-49 -2.47428e-50 0)
(-1.35382e-47 -4.55169e-49 0)
(-2.34683e-46 -8.08352e-48 0)
(-3.9044e-45 -1.39988e-46 0)
(-6.34121e-44 -2.32676e-45 0)
(-9.79978e-43 -3.77344e-44 0)
(-1.48261e-41 -5.82018e-43 0)
(-2.10627e-40 -8.76289e-42 0)
(-2.94896e-39 -1.22854e-40 0)
(-3.79389e-38 -1.64761e-39 0)
(-4.88088e-37 -1.81704e-38 0)
(-5.55257e-36 -1.20417e-37 0)
(-6.51358e-35 2.58691e-36 0)
(-6.24325e-34 1.40669e-34 0)
(-6.55783e-33 4.27865e-33 0)
(-4.48142e-32 9.49297e-32 0)
(-3.81061e-31 1.59691e-30 0)
(8.89302e-40 -5.08406e-39 0)
(-4.33716e-40 -6.55025e-40 0)
(-5.71458e-41 -8.88275e-41 0)
(-8.88271e-42 -6.33516e-42 0)
(-7.38016e-43 -1.19328e-43 0)
(-4.15135e-44 4.22286e-44 0)
(2.37023e-46 1.02698e-44 0)
(5.17735e-46 1.33143e-45 0)
(8.19501e-47 1.52775e-46 0)
(1.03033e-47 1.45166e-47 0)
(1.02803e-48 1.29967e-48 0)
(9.50761e-50 1.04543e-49 0)
(7.8197e-51 8.02839e-51 0)
(6.10402e-52 5.72659e-52 0)
(4.40785e-53 3.93144e-53 0)
(3.05185e-54 2.63306e-54 0)
(2.03342e-55 1.75886e-55 0)
(1.33372e-56 1.28254e-56 0)
(9.13056e-58 1.03242e-57 0)
(4.50993e-59 9.53925e-59 0)
(-3.81075e-58 3.1547e-59 0)
(-8.30945e-57 4.93453e-58 0)
(-1.74443e-55 1.06215e-56 0)
(-3.57661e-54 2.23215e-55 0)
(-7.13001e-53 4.58231e-54 0)
(-1.38709e-51 9.14652e-53 0)
(-2.6158e-50 1.78204e-51 0)
(-4.81094e-49 3.36564e-50 0)
(-8.54188e-48 6.20119e-49 0)
(-1.47887e-46 1.10299e-47 0)
(-2.45747e-45 1.91387e-46 0)
(-3.985e-44 3.18719e-45 0)
(-6.14966e-43 5.18283e-44 0)
(-9.28524e-42 8.02009e-43 0)
(-1.31678e-40 1.21568e-41 0)
(-1.83868e-39 1.73176e-40 0)
(-2.36022e-38 2.43881e-39 0)
(-3.02506e-37 3.18253e-38 0)
(-3.4313e-36 4.24637e-37 0)
(-4.00239e-35 5.31895e-36 0)
(-3.82076e-34 7.52036e-35 0)
(-3.97484e-33 1.03748e-33 0)
(-2.6992e-32 1.56332e-32 0)
(-2.24802e-31 1.82893e-31 0)
(-3.27489e-35 1.54083e-30 0)
(4.78139e-41 -4.78895e-40 0)
(-2.31824e-41 -6.29251e-41 0)
(-3.12854e-42 -9.82565e-42 0)
(-5.14981e-43 -8.25018e-43 0)
(-4.56343e-44 -4.85774e-44 0)
(-3.15937e-45 -1.15101e-46 0)
(-8.69568e-47 5.22143e-46 0)
(1.73626e-47 8.54341e-47 0)
(3.4983e-48 1.08769e-47 0)
(4.77392e-49 1.09221e-48 0)
(4.9561e-50 1.01409e-49 0)
(4.69741e-51 8.36344e-51 0)
(3.92886e-52 6.5409e-52 0)
(3.10352e-53 4.73075e-53 0)
(2.26201e-54 3.27737e-54 0)
(1.57674e-55 2.17517e-55 0)
(1.0551e-56 1.29349e-56 0)
(8.03614e-58 9.49546e-58 0)
(5.70443e-59 1.29324e-57 0)
(-5.37456e-59 2.33239e-58 0)
(-7.12582e-59 6.28153e-59 0)
(-1.31943e-57 3.44819e-58 0)
(-2.75876e-56 7.29691e-57 0)
(-5.6399e-55 1.53184e-55 0)
(-1.12098e-53 3.14122e-54 0)
(-2.1729e-52 6.26317e-53 0)
(-4.08263e-51 1.21871e-51 0)
(-7.4743e-50 2.29882e-50 0)
(-1.32099e-48 4.22919e-49 0)
(-2.27356e-47 7.51143e-48 0)
(-3.7561e-46 1.30097e-46 0)
(-6.04369e-45 2.1628e-45 0)
(-9.25698e-44 3.50902e-44 0)
(-1.38309e-42 5.41839e-43 0)
(-1.94208e-41 8.18723e-42 0)
(-2.67218e-40 1.16217e-40 0)
(-3.38393e-39 1.62504e-39 0)
(-4.24381e-38 2.09117e-38 0)
(-4.7207e-37 2.69369e-37 0)
(-5.31933e-36 3.09281e-36 0)
(-4.92756e-35 3.69595e-35 0)
(-4.82216e-34 3.73124e-34 0)
(-3.11115e-33 4.15526e-33 0)
(-2.25397e-32 3.21851e-32 0)
(-3.51611e-36 2.60583e-31 0)
(-1.79776e-40 -1.23217e-39 0)
(8.69548e-41 -1.6143e-40 0)
(1.17795e-41 -2.49425e-41 0)
(1.97482e-42 -2.07056e-42 0)
(1.78189e-43 -1.16629e-43 0)
(1.30245e-44 6.04871e-46 0)
(4.59308e-46 1.44044e-45 0)
(-5.03154e-47 2.28351e-46 0)
(-1.1757e-47 2.87253e-47 0)
(-1.66862e-48 2.86674e-48 0)
(-1.7616e-49 2.6516e-49 0)
(-1.68665e-50 2.18101e-50 0)
(-1.4198e-51 1.70259e-51 0)
(-1.12672e-52 1.22949e-52 0)
(-8.23999e-54 8.46981e-54 0)
(-5.75048e-55 5.43427e-55 0)
(-3.72711e-56 4.68132e-57 0)
(4.02997e-58 1.93387e-57 0)
(1.17215e-58 2.9061e-56 0)
(-1.32195e-57 5.35259e-57 0)
(-2.57105e-58 1.1108e-57 0)
(-2.72127e-58 1.98035e-58 0)
(-4.63391e-57 1.18442e-57 0)
(-9.47186e-56 2.44236e-56 0)
(-1.88446e-54 4.99329e-55 0)
(-3.6549e-53 9.92594e-54 0)
(-6.86852e-52 1.92433e-52 0)
(-1.25703e-50 3.61628e-51 0)
(-2.21976e-49 6.62197e-50 0)
(-3.81446e-48 1.17064e-48 0)
(-6.28731e-47 2.0154e-47 0)
(-1.00833e-45 3.33076e-46 0)
(-1.53762e-44 5.36149e-45 0)
(-2.28406e-43 8.21601e-44 0)
(-3.18254e-42 1.22826e-42 0)
(-4.33652e-41 1.72591e-41 0)
(-5.41918e-40 2.37691e-40 0)
(-6.6866e-39 3.01436e-39 0)
(-7.26417e-38 3.7893e-38 0)
(-7.96348e-37 4.23688e-37 0)
(-7.0573e-36 4.81991e-36 0)
(-6.61492e-35 4.56299e-35 0)
(-3.93062e-34 4.5917e-34 0)
(-2.75274e-33 3.13295e-33 0)
(-4.30688e-37 2.26338e-32 0)
(-2.70131e-39 -1.55695e-38 0)
(1.31685e-39 -2.00823e-39 0)
(1.73735e-40 -2.75048e-40 0)
(2.70532e-41 -1.99007e-41 0)
(2.25469e-42 -4.5399e-43 0)
(1.27982e-43 1.18921e-43 0)
(-5.06741e-46 3.02352e-44 0)
(-1.55115e-45 3.9607e-45 0)
(-2.47023e-46 4.56951e-46 0)
(-3.11428e-47 4.35494e-47 0)
(-3.11125e-48 3.90728e-48 0)
(-2.88012e-49 3.14751e-49 0)
(-2.37023e-50 2.41997e-50 0)
(-1.85119e-51 1.7273e-51 0)
(-1.33735e-52 1.17655e-52 0)
(-9.24736e-54 7.40784e-54 0)
(-5.91066e-55 -2.17579e-55 0)
(2.78902e-56 2.49095e-56 0)
(3.85536e-57 6.69708e-55 0)
(-3.11073e-56 1.22938e-55 0)
(-5.79814e-57 2.55119e-56 0)
(-1.23764e-57 3.31354e-57 0)
(-6.72185e-58 6.19305e-58 0)
(-1.05347e-56 4.16715e-57 0)
(-2.08915e-55 8.44214e-56 0)
(-4.04437e-54 1.67974e-54 0)
(-7.58534e-53 3.25835e-53 0)
(-1.38448e-51 6.12437e-52 0)
(-2.43791e-50 1.12107e-50 0)
(-4.17335e-49 1.98012e-49 0)
(-6.8519e-48 3.40356e-48 0)
(-1.093e-46 5.61175e-47 0)
(-1.6577e-45 9.00299e-46 0)
(-2.44384e-44 1.37346e-44 0)
(-3.37935e-43 2.04116e-43 0)
(-4.55466e-42 2.84577e-42 0)
(-5.62957e-41 3.88027e-41 0)
(-6.8335e-40 4.85367e-40 0)
(-7.30032e-39 5.99614e-39 0)
(-7.79973e-38 6.52855e-38 0)
(-6.72429e-37 7.18071e-37 0)
(-6.04664e-36 6.41008e-36 0)
(-3.42845e-35 6.06168e-35 0)
(-2.26384e-34 3.67769e-34 0)
(3.55294e-37 2.58419e-33 0)
(-3.46377e-38 -2.11212e-37 0)
(1.70496e-38 -2.62161e-38 0)
(2.21437e-39 -3.09204e-39 0)
(3.06482e-40 -1.76624e-40 0)
(2.23852e-41 7.48254e-42 0)
(5.49321e-43 2.98067e-42 0)
(-1.27333e-43 5.44978e-43 0)
(-3.31372e-44 6.4622e-44 0)
(-4.36391e-45 7.05566e-45 0)
(-5.05017e-46 6.49675e-46 0)
(-4.82114e-47 5.69203e-47 0)
(-4.33109e-48 4.50332e-48 0)
(-3.492e-49 3.41648e-49 0)
(-2.68686e-50 2.41134e-50 0)
(-1.9191e-51 1.62208e-51 0)
(-1.31536e-52 9.9507e-53 0)
(-8.23995e-54 -9.05774e-54 0)
(9.86208e-55 3.06246e-55 0)
(1.0903e-55 1.49831e-53 0)
(-7.17045e-55 2.74071e-54 0)
(-1.33163e-55 5.69699e-55 0)
(-2.79286e-56 7.36782e-56 0)
(-3.68552e-57 9.46097e-57 0)
(-1.61172e-57 1.44155e-57 0)
(-2.28378e-56 9.65472e-57 0)
(-4.41425e-55 1.90041e-55 0)
(-8.2803e-54 3.68117e-54 0)
(-1.51092e-52 6.90942e-53 0)
(-2.65854e-51 1.26201e-51 0)
(-4.54518e-50 2.22431e-50 0)
(-7.44743e-49 3.81079e-49 0)
(-1.18484e-47 6.26382e-48 0)
(-1.79026e-46 1.00011e-46 0)
(-2.62732e-45 1.51906e-45 0)
(-3.61008e-44 2.24177e-44 0)
(-4.83058e-43 3.10619e-43 0)
(-5.90831e-42 4.19126e-42 0)
(-7.0918e-41 5.19584e-41 0)
(-7.443e-40 6.31477e-40 0)
(-7.81675e-39 6.7802e-39 0)
(-6.52711e-38 7.25472e-38 0)
(-5.73039e-37 6.32136e-37 0)
(-3.04674e-36 5.69572e-36 0)
(-1.98914e-35 3.32904e-35 0)
(5.01139e-36 2.19169e-34 0)
(-4.66676e-37 -2.33837e-36 0)
(2.31209e-37 -2.85457e-37 0)
(2.88318e-38 -2.5219e-38 0)
(3.44602e-39 -6.16741e-40 0)
(2.00274e-40 2.86505e-40 0)
(-7.65257e-42 5.39072e-41 0)
(-3.24317e-42 8.15883e-42 0)
(-5.99295e-43 8.95162e-43 0)
(-7.13251e-44 9.30101e-44 0)
(-7.80704e-45 8.29831e-45 0)
(-7.1992e-46 7.10371e-46 0)
(-6.31488e-47 5.52559e-47 0)
(-5.00026e-48 4.13775e-48 0)
(-3.79631e-49 2.88924e-49 0)
(-2.6814e-50 1.9107e-50 0)
(-1.8215e-51 1.11518e-51 0)
(-1.10806e-52 -2.65183e-52 0)
(2.6738e-53 2.7435e-54 0)
(2.70863e-54 3.28224e-52 0)
(-1.60448e-53 5.97536e-53 0)
(-2.96896e-54 1.24351e-53 0)
(-6.23681e-55 1.60451e-54 0)
(-8.09295e-56 2.05752e-55 0)
(-1.03194e-56 2.13433e-56 0)
(6.246e-58 4.60914e-57 0)
(3.48035e-56 5.0733e-56 0)
(7.01437e-55 9.942e-55 0)
(1.35676e-53 1.90102e-53 0)
(2.56955e-52 3.52808e-52 0)
(4.65419e-51 6.35149e-51 0)
(8.26937e-50 1.10642e-49 0)
(1.39213e-48 1.86463e-48 0)
(2.30713e-47 3.02834e-47 0)
(3.57311e-46 4.74316e-46 0)
(5.48345e-45 7.1183e-45 0)
(7.69856e-44 1.02643e-43 0)
(1.08382e-42 1.40591e-42 0)
(1.34859e-41 1.84259e-41 0)
(1.71962e-40 2.26124e-40 0)
(1.82479e-39 2.64432e-39 0)
(2.06795e-38 2.81911e-38 0)
(1.73142e-37 2.85648e-37 0)
(1.68435e-36 2.48447e-36 0)
(8.91723e-36 2.05714e-35 0)
(6.78102e-35 1.20615e-34 0)
(-5.10762e-36 -2.91909e-35 0)
(2.52586e-36 -3.34354e-36 0)
(3.07562e-37 -1.88665e-37 0)
(2.76599e-38 8.79396e-39 0)
(7.07858e-40 5.67128e-39 0)
(-3.11488e-40 8.528e-40 0)
(-5.91321e-41 1.16634e-40 0)
(-8.99802e-42 1.21076e-41 0)
(-9.89798e-43 1.21257e-42 0)
(-1.03056e-43 1.05256e-43 0)
(-9.20658e-45 8.83308e-45 0)
(-7.88981e-46 6.75784e-46 0)
(-6.14194e-47 4.9976e-47 0)
(-4.60282e-48 3.44802e-48 0)
(-3.21684e-49 2.22488e-49 0)
(-2.16547e-50 1.18641e-50 0)
(-1.24419e-51 -6.34882e-51 0)
(6.60282e-52 1.46167e-53 0)
(6.34491e-53 6.94934e-51 0)
(-3.51569e-52 1.25945e-51 0)
(-6.47387e-53 2.62276e-52 0)
(-1.36151e-53 3.37676e-53 0)
(-1.76264e-54 4.33318e-54 0)
(-2.25088e-55 4.47275e-55 0)
(9.81515e-57 5.76372e-56 0)
(6.58044e-55 2.7433e-55 0)
(1.27843e-53 5.38127e-54 0)
(2.39784e-52 1.04373e-52 0)
(4.37705e-51 1.96173e-51 0)
(7.70832e-50 3.59091e-50 0)
(1.31987e-48 6.34273e-49 0)
(2.16745e-47 1.09029e-47 0)
(3.45883e-46 1.79786e-46 0)
(5.24771e-45 2.88477e-45 0)
(7.74119e-44 4.40183e-44 0)
(1.07104e-42 6.5437e-43 0)
(1.44491e-41 9.12664e-42 0)
(1.78739e-40 1.24509e-40 0)
(2.17274e-39 1.5584e-39 0)
(2.32409e-38 1.92698e-38 0)
(2.48844e-37 2.10032e-37 0)
(2.14953e-36 2.31401e-36 0)
(1.93889e-35 2.06965e-35 0)
(1.10227e-34 1.96311e-34 0)
(7.30027e-34 1.19454e-33 0)
(-6.31514e-35 -2.59189e-34 0)
(3.00442e-35 -2.92386e-35 0)
(3.35065e-36 -1.15316e-38 0)
(1.8505e-37 3.09353e-37 0)
(-1.06406e-38 8.13055e-38 0)
(-6.27091e-39 1.04415e-38 0)
(-9.40718e-40 1.29518e-39 0)
(-1.28946e-40 1.27335e-40 0)
(-1.34094e-41 1.22392e-41 0)
(-1.34528e-42 1.03297e-42 0)
(-1.16914e-43 8.47886e-44 0)
(-9.82151e-45 6.38058e-45 0)
(-7.51988e-46 4.65678e-46 0)
(-5.56575e-47 3.17049e-47 0)
(-3.8445e-48 1.93404e-48 0)
(-2.56066e-49 7.53424e-50 0)
(-1.3276e-50 -1.42252e-49 0)
(1.48014e-50 -3.13839e-52 0)
(1.38575e-51 1.44148e-49 0)
(-7.44559e-51 2.5967e-50 0)
(-1.36474e-51 5.40785e-51 0)
(-2.87207e-52 6.94029e-52 0)
(-3.71009e-53 8.90735e-53 0)
(-4.76059e-54 9.17128e-54 0)
(-1.91524e-55 9.85873e-55 0)
(5.94954e-54 1.5827e-54 0)
(1.16359e-52 2.98761e-53 0)
(2.18713e-51 5.7898e-52 0)
(4.00372e-50 1.08792e-50 0)
(7.07173e-49 1.99208e-49 0)
(1.21563e-47 3.52178e-48 0)
(2.00435e-46 6.06413e-47 0)
(3.21603e-45 1.00245e-45 0)
(4.90633e-44 1.61431e-44 0)
(7.29302e-43 2.47521e-43 0)
(1.01679e-41 3.70332e-42 0)
(1.38683e-40 5.20928e-41 0)
(1.73448e-39 7.18432e-40 0)
(2.14324e-38 9.12826e-39 0)
(2.33112e-37 1.15035e-37 0)
(2.56129e-36 1.2909e-36 0)
(2.27383e-35 1.47547e-35 0)
(2.13886e-34 1.40746e-34 0)
(1.27369e-33 1.42758e-33 0)
(8.96424e-33 9.86557e-33 0)
(-5.47734e-34 -3.04741e-33 0)
(2.10552e-34 -3.02593e-34 0)
(2.08129e-35 1.70643e-35 0)
(-8.69546e-37 5.34057e-36 0)
(-3.8807e-37 1.09806e-36 0)
(-9.17065e-38 1.27799e-37 0)
(-1.16097e-38 1.49022e-38 0)
(-1.43724e-39 1.39971e-39 0)
(-1.41394e-40 1.30425e-40 0)
(-1.36089e-41 1.07191e-41 0)
(-1.14982e-42 8.63337e-43 0)
(-9.44754e-44 6.38563e-44 0)
(-7.11525e-45 4.60067e-45 0)
(-5.19838e-46 3.07705e-46 0)
(-3.54632e-47 1.68442e-47 0)
(-2.32849e-48 1.26981e-49 0)
(-8.53008e-50 -2.91996e-48 0)
(3.1886e-49 -1.11383e-50 0)
(2.92623e-50 2.8732e-48 0)
(-1.54496e-49 5.14811e-49 0)
(-2.81438e-50 1.07155e-49 0)
(-5.92295e-51 1.3711e-50 0)
(-7.62662e-52 1.75947e-51 0)
(-9.80934e-53 1.8086e-52 0)
(-8.42135e-54 1.84726e-53 0)
(3.27561e-53 1.12024e-53 0)
(6.54292e-52 1.92203e-52 0)
(1.22937e-50 3.73935e-51 0)
(2.25061e-49 7.05697e-50 0)
(3.97782e-48 1.29911e-48 0)
(6.84731e-47 2.30872e-47 0)
(1.13152e-45 4.00183e-46 0)
(1.8214e-44 6.65766e-45 0)
(2.79136e-43 1.08125e-43 0)
(4.17391e-42 1.67107e-42 0)
(5.86687e-41 2.52833e-41 0)
(8.08351e-40 3.59293e-40 0)
(1.02551e-38 5.0331e-39 0)
(1.28906e-37 6.48661e-38 0)
(1.43846e-36 8.37939e-37 0)
(1.62705e-35 9.64647e-36 0)
(1.51568e-34 1.15917e-34 0)
(1.49155e-33 1.17747e-33 0)
(9.70942e-33 1.32474e-32 0)
(7.06076e-32 1.03638e-31 0)
(-6.30583e-33 -1.84621e-32 0)
(1.27454e-33 -1.84309e-33 0)
(4.32125e-35 3.00295e-34 0)
(-4.05953e-35 5.64731e-35 0)
(-7.04795e-36 9.168e-36 0)
(-1.26265e-36 9.62535e-37 0)
(-1.43245e-37 1.02614e-37 0)
(-1.65976e-38 9.12371e-39 0)
(-1.55814e-39 8.11963e-40 0)
(-1.45329e-40 6.46782e-41 0)
(-1.1956e-41 5.07648e-42 0)
(-9.63922e-43 3.68499e-43 0)
(-7.13568e-44 2.61344e-44 0)
(-5.14844e-45 1.67916e-45 0)
(-3.45575e-46 4.31522e-47 0)
(-2.22147e-47 -1.53109e-47 0)
(-1.66732e-49 -5.81916e-47 0)
(6.45119e-48 -2.77745e-49 0)
(5.85733e-49 5.62016e-47 0)
(-3.08061e-48 9.99503e-48 0)
(-5.58104e-49 2.07761e-48 0)
(-1.17385e-49 2.64679e-49 0)
(-1.50695e-50 3.39353e-50 0)
(-1.93907e-51 3.47935e-51 0)
(-1.88686e-52 3.46628e-52 0)
(1.9897e-52 3.73106e-53 0)
(4.25845e-51 1.43966e-52 0)
(8.03789e-50 2.75812e-51 0)
(1.47923e-48 5.21316e-50 0)
(2.62794e-47 9.61514e-49 0)
(4.5533e-46 1.71188e-47 0)
(7.57166e-45 2.97401e-46 0)
(1.22901e-43 4.95815e-45 0)
(1.89826e-42 8.07487e-44 0)
(2.86982e-41 1.25126e-42 0)
(4.0742e-40 1.90089e-41 0)
(5.69897e-39 2.71533e-40 0)
(7.32552e-38 3.84884e-39 0)
(9.41268e-37 5.09718e-38 0)
(1.06959e-35 7.05984e-37 0)
(1.25245e-34 9.63695e-36 0)
(1.19851e-33 1.55502e-34 0)
(1.2551e-32 2.54034e-33 0)
(8.55088e-32 4.2502e-32 0)
(7.22163e-31 5.45122e-31 0)
(-3.38914e-32 -2.29398e-31 0)
(-2.45125e-32 -1.60729e-32 0)
(-3.31976e-33 3.97826e-33 0)
(-7.03966e-34 5.68596e-34 0)
(-8.13626e-35 8.57403e-35 0)
(-1.09469e-35 8.35669e-36 0)
(-1.09754e-36 8.62531e-37 0)
(-1.15328e-37 7.37323e-38 0)
(-1.02267e-38 6.42263e-39 0)
(-9.10566e-40 4.98833e-40 0)
(-7.26102e-41 3.85361e-41 0)
(-5.70578e-42 2.74769e-42 0)
(-4.14668e-43 1.92324e-43 0)
(-2.95081e-44 1.14162e-44 0)
(-1.91808e-45 -4.97693e-46 0)
(-1.14925e-46 -3.6427e-46 0)
(1.6617e-47 -1.08955e-45 0)
(1.27413e-46 -5.39664e-48 0)
(1.14426e-47 1.04789e-45 0)
(-6.0288e-47 1.85192e-46 0)
(-1.08389e-47 3.84097e-47 0)
(-2.27652e-48 4.8737e-48 0)
(-2.90964e-49 6.24074e-49 0)
(-3.74163e-50 6.38397e-50 0)
(-3.83264e-51 6.3499e-51 0)
(-1.92408e-52 5.35359e-52 0)
(3.6772e-51 -3.22869e-52 0)
(7.00537e-50 -7.18923e-51 0)
(1.29027e-48 -1.35771e-49 0)
(2.29394e-47 -2.49993e-48 0)
(3.97825e-46 -4.44358e-47 0)
(6.62107e-45 -7.70387e-46 0)
(1.07592e-43 -1.28182e-44 0)
(1.66346e-42 -2.08193e-43 0)
(2.51839e-41 -3.21643e-42 0)
(3.57954e-40 -4.85843e-41 0)
(5.01628e-39 -6.85797e-40 0)
(6.45734e-38 -9.39095e-39 0)
(8.31834e-37 -1.11525e-37 0)
(9.46954e-36 -1.08329e-36 0)
(1.11311e-34 8.63913e-38 0)
(1.06773e-33 3.49062e-34 0)
(1.12557e-32 1.26626e-32 0)
(7.69725e-32 2.93834e-31 0)
(6.59853e-31 5.10034e-30 0)
(-3.80319e-31 -4.42026e-31 0)
(-4.30492e-31 -3.83566e-32 0)
(-4.00563e-32 -2.2435e-33 0)
(-7.88333e-33 -9.87497e-35 0)
(-7.93517e-34 -2.83182e-36 0)
(-1.0184e-34 -1.49704e-38 0)
(-9.5502e-36 7.31386e-39 0)
(-9.73571e-37 7.76937e-40 0)
(-8.30699e-38 6.67875e-41 0)
(-7.24162e-39 4.90876e-42 0)
(-5.63193e-40 3.5256e-43 0)
(-4.35665e-41 1.8974e-44 0)
(-3.11147e-42 -3.28903e-45 0)
(-2.19381e-43 -2.35518e-44 0)
(-1.34341e-44 -2.41307e-44 0)
(-6.79791e-46 -7.53955e-45 0)
(3.98548e-46 -2.00525e-44 0)
(2.38119e-45 -1.00374e-46 0)
(2.12331e-46 1.92428e-44 0)
(-1.12465e-45 3.36907e-45 0)
(-2.00898e-46 6.965e-46 0)
(-4.20984e-47 8.78486e-47 0)
(-5.35898e-48 1.12235e-47 0)
(-6.88251e-49 1.14384e-48 0)
(-7.05219e-50 1.13634e-49 0)
(-7.2147e-51 9.87084e-51 0)
(-4.32383e-51 4.60541e-52 0)
(-7.01085e-50 -7.12929e-51 0)
(-1.29028e-48 -1.3577e-49 0)
(-2.29395e-47 -2.49999e-48 0)
(-3.97827e-46 -4.44369e-47 0)
(-6.6211e-45 -7.70405e-46 0)
(-1.07593e-43 -1.28185e-44 0)
(-1.66347e-42 -2.08198e-43 0)
(-2.5184e-41 -3.21649e-42 0)
(-3.57956e-40 -4.85852e-41 0)
(-5.0163e-39 -6.85809e-40 0)
(-6.45736e-38 -9.3911e-39 0)
(-8.31836e-37 -1.11527e-37 0)
(-9.46957e-36 -1.08331e-36 0)
(-1.11311e-34 8.61917e-38 0)
(-1.06774e-33 3.4906e-34 0)
(-1.12557e-32 1.26626e-32 0)
(-7.69725e-32 2.93834e-31 0)
(-6.59853e-31 5.10034e-30 0)
(-1.52406e-32 -2.44916e-31 0)
(-3.40427e-32 -2.62472e-32 0)
(-4.34054e-33 -6.53646e-33 0)
(-8.70151e-34 -6.85879e-34 0)
(-9.67161e-35 -8.96933e-35 0)
(-1.26095e-35 -8.43885e-36 0)
(-1.23767e-36 -8.60113e-37 0)
(-1.27878e-37 -7.3304e-38 0)
(-1.11987e-38 -6.38166e-39 0)
(-9.86992e-40 -4.95357e-40 0)
(-7.80976e-41 -3.82497e-41 0)
(-6.10219e-42 -2.80423e-42 0)
(-4.61931e-43 -2.7371e-43 0)
(-5.26617e-44 -4.20964e-43 0)
(1.58725e-44 -4.17572e-43 0)
(4.41616e-45 -1.2944e-43 0)
(8.28137e-45 -3.467e-43 0)
(4.37837e-44 -1.7058e-45 0)
(3.8657e-45 3.3287e-43 0)
(-2.06659e-44 5.78492e-44 0)
(-3.65639e-45 1.19041e-44 0)
(-7.63641e-46 1.49339e-45 0)
(-9.66228e-47 1.90245e-46 0)
(-1.23808e-47 1.93224e-47 0)
(-1.26371e-48 1.91653e-48 0)
(-1.25931e-49 1.66482e-49 0)
(-1.52105e-50 1.41038e-50 0)
(-8.13031e-50 3.82715e-51 0)
(-1.47938e-48 5.21766e-50 0)
(-2.62807e-47 9.60917e-49 0)
(-4.55352e-46 1.71084e-47 0)
(-7.57201e-45 2.97231e-46 0)
(-1.22907e-43 4.95543e-45 0)
(-1.89833e-42 8.07074e-44 0)
(-2.86993e-41 1.25065e-42 0)
(-4.07434e-40 1.90004e-41 0)
(-5.69915e-39 2.71418e-40 0)
(-7.32573e-38 3.84741e-39 0)
(-9.41291e-37 5.09544e-38 0)
(-1.06961e-35 7.05795e-37 0)
(-1.25247e-34 9.63493e-36 0)
(-1.19853e-33 1.55484e-34 0)
(-1.25511e-32 2.54018e-33 0)
(-8.55095e-32 4.2501e-32 0)
(-7.22164e-31 5.45115e-31 0)
(4.4916e-33 -1.91313e-32 0)
(-4.24177e-33 -2.73345e-33 0)
(-5.62988e-34 -6.98142e-34 0)
(-1.40138e-34 -8.2084e-35 0)
(-1.63604e-35 -1.10002e-35 0)
(-2.27649e-36 -1.08768e-36 0)
(-2.29338e-37 -1.12634e-37 0)
(-2.43356e-38 -9.86575e-39 0)
(-2.15991e-39 -8.57063e-40 0)
(-1.9351e-40 -6.09334e-41 0)
(-1.59434e-41 -4.18313e-42 0)
(-1.37356e-42 -1.51335e-42 0)
(-4.63362e-43 -1.40276e-42 0)
(-3.79028e-43 -6.98567e-42 0)
(3.10492e-43 -7.12889e-42 0)
(7.80611e-44 -2.19132e-42 0)
(1.42285e-43 -5.94298e-42 0)
(7.57252e-43 -2.84808e-44 0)
(6.63497e-44 5.71034e-42 0)
(-3.57732e-43 9.80484e-43 0)
(-6.28143e-44 2.00556e-43 0)
(-1.30566e-44 2.49521e-44 0)
(-1.6431e-45 3.16533e-45 0)
(-2.09927e-46 3.19729e-46 0)
(-2.13534e-47 3.16243e-47 0)
(-2.12087e-48 2.73743e-48 0)
(-1.85039e-49 2.29396e-49 0)
(-2.78083e-50 2.12695e-50 0)
(-2.26923e-49 7.15523e-50 0)
(-3.98947e-48 1.29366e-48 0)
(-6.86634e-47 2.29918e-47 0)
(-1.13456e-45 3.98605e-46 0)
(-1.82603e-44 6.63229e-45 0)
(-2.7982e-43 1.07736e-43 0)
(-4.1834e-42 1.66529e-42 0)
(-5.8797e-41 2.52022e-41 0)
(-8.09948e-40 3.58183e-40 0)
(-1.02745e-38 5.01913e-39 0)
(-1.29116e-37 6.46931e-38 0)
(-1.44071e-36 8.36034e-37 0)
(-1.62904e-35 9.62551e-36 0)
(-1.51748e-34 1.15727e-34 0)
(-1.49266e-33 1.17569e-33 0)
(-9.71704e-33 1.32362e-32 0)
(-7.06219e-32 1.0356e-31 0)
(1.60571e-33 3.69875e-33 0)
(-8.88357e-34 3.72067e-34 0)
(-1.19357e-34 -8.81036e-36 0)
(-2.4937e-35 -4.72705e-36 0)
(-2.78146e-36 -1.04204e-36 0)
(-3.58906e-37 -1.23588e-37 0)
(-3.50763e-38 -1.48959e-38 0)
(-3.54412e-39 -1.39812e-39 0)
(-3.01426e-40 6.28586e-41 0)
(-3.93152e-41 1.12759e-40 0)
(-1.20632e-41 1.7652e-41 0)
(-2.99788e-42 -1.79992e-41 0)
(-6.52687e-42 -2.16019e-41 0)
(-6.40164e-42 -1.10611e-40 0)
(5.34482e-42 -1.12875e-40 0)
(1.32201e-42 -3.44345e-41 0)
(2.40923e-42 -9.42511e-41 0)
(1.29803e-41 -4.40671e-43 0)
(1.12281e-42 9.06266e-41 0)
(-6.14242e-42 1.54228e-41 0)
(-1.0653e-42 3.12832e-42 0)
(-2.20072e-43 3.86353e-43 0)
(-2.74641e-44 4.87538e-44 0)
(-3.49404e-45 4.89993e-45 0)
(-3.53452e-46 4.83109e-46 0)
(-3.50067e-47 4.1689e-47 0)
(-3.03296e-48 3.48468e-48 0)
(-2.56672e-49 2.66829e-49 0)
(-6.57191e-50 2.88925e-50 0)
(-8.15629e-49 1.71539e-49 0)
(-1.39254e-47 3.0214e-48 0)
(-2.2887e-46 5.23491e-47 0)
(-3.65123e-45 8.68701e-46 0)
(-5.55449e-44 1.40858e-44 0)
(-8.20069e-43 2.16681e-43 0)
(-1.14083e-41 3.26749e-42 0)
(-1.54297e-40 4.607e-41 0)
(-1.92773e-39 6.41395e-40 0)
(-2.35572e-38 8.15663e-39 0)
(-2.56486e-37 1.04046e-37 0)
(-2.77393e-36 1.16619e-36 0)
(-2.47542e-35 1.35641e-35 0)
(-2.27196e-34 1.29017e-34 0)
(-1.37573e-33 1.34667e-33 0)
(-9.254e-33 9.28286e-33 0)
(1.16838e-32 3.83606e-32 0)
(-5.97176e-33 4.70252e-33 0)
(-6.459e-34 3.66352e-34 0)
(-1.05902e-34 2.09132e-35 0)
(-9.86183e-36 1.16797e-36 0)
(-1.0765e-36 6.3226e-38 0)
(-9.15048e-38 -1.56049e-39 0)
(-7.6535e-39 -1.34441e-40 0)
(-4.79565e-40 3.06455e-39 0)
(-2.42879e-40 1.95971e-39 0)
(-1.60262e-40 2.93769e-40 0)
(-4.40162e-41 -2.58005e-40 0)
(-1.024e-40 -3.33893e-40 0)
(-1.00958e-40 -1.75654e-39 0)
(8.5087e-41 -1.79253e-39 0)
(2.07708e-41 -5.39448e-40 0)
(3.77822e-41 -1.50103e-39 0)
(2.05476e-40 -6.7551e-42 0)
(1.75619e-41 1.44486e-39 0)
(-9.75838e-41 2.41916e-40 0)
(-1.67696e-41 4.85714e-41 0)
(-3.4346e-42 5.92833e-42 0)
(-4.25452e-43 7.42856e-43 0)
(-5.38403e-44 7.40622e-44 0)
(-5.41902e-45 7.26728e-45 0)
(-5.34999e-46 6.23774e-46 0)
(-4.62065e-47 5.1974e-47 0)
(-3.8673e-48 3.95834e-48 0)
(-3.32794e-49 2.82306e-49 0)
(-6.64692e-49 -1.43375e-49 0)
(-1.06924e-47 -2.8268e-48 0)
(-1.7276e-46 -4.68556e-47 0)
(-2.66875e-45 -7.60066e-46 0)
(-4.00469e-44 -1.16894e-44 0)
(-5.68845e-43 -1.76906e-43 0)
(-7.85672e-42 -2.49852e-42 0)
(-1.0116e-40 -3.50961e-41 0)
(-1.27133e-39 -4.48146e-40 0)
(-1.45209e-38 -5.81739e-39 0)
(-1.63512e-37 -6.54983e-38 0)
(-1.5979e-36 -7.83658e-37 0)
(-1.57721e-35 -7.38801e-36 0)
(-1.22735e-34 -8.06747e-35 0)
(-1.02498e-33 -5.29837e-34 0)
(-5.23127e-33 -4.86533e-33 0)
(1.06477e-32 5.2789e-31 0)
(-5.44026e-33 4.58059e-32 0)
(-5.77646e-34 2.67827e-33 0)
(-9.38954e-35 1.17786e-34 0)
(-8.6428e-36 3.48464e-36 0)
(-9.51075e-37 4.33108e-38 0)
(-8.12741e-38 -8.55938e-38 0)
(2.27157e-39 -6.11511e-39 0)
(2.04483e-39 4.36055e-38 0)
(-3.06909e-39 2.79722e-38 0)
(-2.41964e-39 4.13373e-39 0)
(-6.43282e-40 -3.79645e-39 0)
(-1.61506e-39 -4.73018e-39 0)
(-1.57808e-39 -2.51027e-38 0)
(1.36578e-39 -2.56042e-38 0)
(3.25237e-40 -7.6316e-39 0)
(5.86813e-40 -2.14838e-38 0)
(3.24528e-39 -9.32261e-41 0)
(2.6992e-40 2.07009e-38 0)
(-1.55818e-39 3.42811e-39 0)
(-2.63302e-40 6.78201e-40 0)
(-5.33614e-41 8.19145e-41 0)
(-6.53185e-42 1.01719e-41 0)
(-8.20761e-43 1.00667e-42 0)
(-8.19461e-44 9.82316e-44 0)
(-8.05146e-45 8.39141e-45 0)
(-6.91668e-46 6.9691e-46 0)
(-5.76879e-47 5.29342e-47 0)
(-4.62287e-48 3.89184e-48 0)
(-4.26995e-48 2.7184e-49 0)
(-6.58242e-47 8.7056e-50 0)
(-1.07019e-45 1.18631e-48 0)
(-1.65865e-44 1.94651e-47 0)
(-2.51249e-43 3.10648e-46 0)
(-3.58303e-42 4.71416e-45 0)
(-5.02057e-41 6.95512e-44 0)
(-6.49478e-40 9.62652e-43 0)
(-8.35453e-39 1.29902e-41 0)
(-9.59365e-38 1.60802e-40 0)
(-1.12484e-36 1.95575e-39 0)
(-1.10536e-35 2.09505e-38 0)
(-1.17904e-34 2.2464e-37 0)
(-9.21956e-34 1.94824e-36 0)
(-9.15379e-33 1.7642e-35 0)
(-4.69787e-32 1.01525e-34 0)
(-1.06419e-32 5.27919e-31 0)
(5.43728e-33 4.58099e-32 0)
(5.77206e-34 2.67856e-33 0)
(9.39847e-35 1.17784e-34 0)
(8.6698e-36 5.20524e-36 0)
(7.15839e-37 4.23374e-37 0)
(4.25798e-38 -1.14123e-36 0)
(1.39208e-37 -7.58272e-38 0)
(3.7575e-38 6.43584e-37 0)
(-4.14936e-38 4.1024e-37 0)
(-3.24264e-38 6.04031e-38 0)
(-6.82635e-39 -4.8215e-38 0)
(-2.07434e-38 -6.68216e-38 0)
(-2.06561e-38 -3.68147e-37 0)
(1.99276e-38 -3.75468e-37 0)
(4.60113e-39 -1.09726e-37 0)
(8.02089e-39 -3.16306e-37 0)
(4.48713e-38 -1.29551e-39 0)
(3.53515e-39 3.05247e-37 0)
(-2.23802e-38 4.93876e-38 0)
(-3.73685e-39 9.60502e-39 0)
(-7.45752e-40 1.14008e-39 0)
(-9.03213e-41 1.39979e-40 0)
(-1.12462e-41 1.36897e-41 0)
(-1.11454e-42 1.32571e-42 0)
(-1.08899e-43 1.12346e-43 0)
(-9.31053e-45 9.282e-45 0)
(-7.73833e-46 7.01236e-46 0)
(-5.88424e-47 5.13843e-47 0)
(-4.89194e-48 3.72373e-48 0)
(-9.6764e-48 3.70073e-48 0)
(-1.5123e-46 5.78474e-47 0)
(-2.32493e-45 9.41099e-46 0)
(-3.4831e-44 1.45948e-44 0)
(-4.91916e-43 2.21244e-43 0)
(-6.79242e-42 3.1578e-42 0)
(-8.68053e-41 4.42918e-41 0)
(-1.09375e-39 5.73627e-40 0)
(-1.23628e-38 7.38791e-39 0)
(-1.40425e-37 8.49227e-38 0)
(-1.35076e-36 9.95333e-37 0)
(-1.36366e-35 9.72066e-36 0)
(-1.03478e-34 1.01528e-34 0)
(-9.1543e-34 7.27675e-34 0)
(-4.50625e-33 6.06803e-33 0)
(-1.1619e-32 3.86352e-32 0)
(5.93665e-33 4.74119e-33 0)
(6.40893e-34 3.65777e-34 0)
(1.0724e-34 2.02922e-35 0)
(1.02073e-35 2.43469e-35 0)
(-1.95152e-36 5.17615e-36 0)
(-4.12109e-37 -1.43004e-35 0)
(1.88964e-36 -9.39484e-37 0)
(5.44336e-37 8.11382e-36 0)
(-5.2438e-37 5.15126e-36 0)
(-3.6484e-37 7.40051e-37 0)
(6.60372e-39 -6.53078e-37 0)
(-2.1009e-37 -8.32491e-37 0)
(-2.16211e-37 -4.62639e-36 0)
(3.08904e-37 -4.71436e-36 0)
(6.61671e-38 -1.36029e-36 0)
(1.02444e-37 -3.98199e-36 0)
(5.86053e-37 -1.54034e-38 0)
(3.78572e-38 3.84846e-36 0)
(-3.31722e-37 6.14011e-37 0)
(-5.39734e-38 1.1627e-37 0)
(-1.05744e-38 1.35825e-38 0)
(-1.25818e-39 1.6418e-39 0)
(-1.54876e-40 1.58771e-40 0)
(-1.5167e-41 1.52326e-41 0)
(-1.47065e-42 1.28153e-42 0)
(-1.24733e-43 1.05292e-43 0)
(-1.03132e-44 7.91926e-45 0)
(-7.79582e-46 5.78345e-46 0)
(-5.7248e-47 3.96043e-47 0)
(-5.69101e-48 3.12634e-48 0)
(-2.87077e-47 8.4644e-48 0)
(-4.35422e-46 1.33871e-46 0)
(-6.48472e-45 2.05922e-45 0)
(-9.08132e-44 3.08683e-44 0)
(-1.241e-42 4.36261e-43 0)
(-1.5623e-41 6.02881e-42 0)
(-1.93351e-40 7.71219e-41 0)
(-2.12612e-39 9.72673e-40 0)
(-2.33875e-38 1.10025e-38 0)
(-2.12781e-37 1.24847e-37 0)
(-2.01714e-36 1.19215e-36 0)
(-1.33211e-35 1.17424e-35 0)
(-1.021e-34 8.10285e-35 0)
(-2.90161e-34 5.8333e-34 0)
(-1.11e-33 6.94114e-33 0)
(5.52758e-34 7.86932e-34 0)
(6.95976e-35 -4.89353e-35 0)
(3.65162e-35 -1.87127e-35 0)
(4.46823e-36 3.13528e-34 0)
(-2.84971e-35 6.87094e-35 0)
(-5.23329e-36 -1.95167e-34 0)
(2.06248e-35 -1.24476e-35 0)
(6.8903e-36 1.10156e-34 0)
(-2.74939e-36 6.94214e-35 0)
(-1.45434e-37 9.87546e-36 0)
(4.64904e-36 -7.03461e-36 0)
(1.90162e-36 -1.06147e-35 0)
(1.21872e-36 -6.23908e-35 0)
(4.5037e-36 -6.35584e-35 0)
(8.22673e-37 -1.77775e-35 0)
(7.20741e-37 -5.40071e-35 0)
(4.05145e-36 -1.90494e-37 0)
(-8.30335e-38 5.23131e-35 0)
(-4.23794e-36 8.04973e-36 0)
(-6.75009e-37 1.48103e-36 0)
(-1.28297e-37 1.68373e-37 0)
(-1.5012e-38 1.99886e-38 0)
(-1.81866e-39 1.89875e-39 0)
(-1.76098e-40 1.80051e-40 0)
(-1.6916e-41 1.49692e-41 0)
(-1.42434e-42 1.22017e-42 0)
(-1.17115e-43 9.10328e-44 0)
(-8.81341e-45 6.61138e-45 0)
(-6.43979e-46 4.49893e-46 0)
(-4.42739e-47 2.98257e-47 0)
(-5.96812e-48 3.44527e-48 0)
(-4.64775e-47 2.54979e-47 0)
(-6.83913e-46 3.88689e-46 0)
(-9.50127e-45 5.79157e-45 0)
(-1.28369e-43 8.11522e-44 0)
(-1.59805e-42 1.10969e-42 0)
(-1.94485e-41 1.39811e-41 0)
(-2.10301e-40 1.73175e-40 0)
(-2.25242e-39 1.90601e-39 0)
(-1.99115e-38 2.09701e-38 0)
(-1.79861e-37 1.90364e-37 0)
(-1.11111e-36 1.78619e-36 0)
(-7.62201e-36 1.12783e-35 0)
(-1.43363e-35 7.79248e-35 0)
(-1.73093e-34 5.34184e-34 0)
(-1.11192e-34 -1.84696e-34 0)
(-8.22089e-35 -1.68554e-33 0)
(-2.69791e-35 -3.02743e-34 0)
(-7.03189e-35 3.30086e-33 0)
(-6.94174e-35 7.21168e-34 0)
(-3.61568e-35 -2.06651e-33 0)
(1.72133e-34 -1.31019e-34 0)
(9.44838e-35 1.16303e-33 0)
(9.54173e-35 7.28846e-34 0)
(1.52906e-34 9.93349e-35 0)
(2.17796e-34 -8.80961e-35 0)
(1.76508e-34 -1.107e-34 0)
(1.50683e-34 -6.55807e-34 0)
(8.08508e-35 -6.67113e-34 0)
(1.08262e-35 -1.83245e-34 0)
(-8.76539e-36 -5.68923e-34 0)
(-5.99041e-35 -1.81965e-36 0)
(-1.93626e-35 5.52313e-34 0)
(-5.92214e-35 8.33908e-35 0)
(-8.952e-36 1.45811e-35 0)
(-1.64028e-36 1.61391e-36 0)
(-1.86457e-37 1.8625e-37 0)
(-2.21705e-38 1.73742e-38 0)
(-2.10832e-39 1.62146e-39 0)
(-2.00163e-40 1.33292e-40 0)
(-1.66549e-41 1.07649e-41 0)
(-1.35861e-42 7.97639e-43 0)
(-1.0142e-43 5.76223e-44 0)
(-7.36957e-45 3.90553e-45 0)
(-5.0171e-46 2.57373e-46 0)
(-3.3516e-47 1.62975e-47 0)
(-7.40302e-48 3.70309e-48 0)
(-7.84168e-47 4.14752e-47 0)
(-1.08202e-45 6.12152e-46 0)
(-1.45204e-44 8.50906e-45 0)
(-1.79137e-43 1.15034e-43 0)
(-2.15594e-42 1.4332e-42 0)
(-2.29515e-41 1.74572e-41 0)
(-2.41338e-40 1.8898e-40 0)
(-2.07317e-39 2.02571e-39 0)
(-1.81438e-38 1.79098e-38 0)
(-1.05077e-37 1.61125e-37 0)
(-6.74911e-37 9.75196e-37 0)
(-7.53549e-37 6.33174e-36 0)
(-3.3413e-34 -3.52796e-34 0)
(-2.0587e-33 -3.0142e-33 0)
(-2.72083e-33 -2.11053e-32 0)
(-1.24586e-32 -3.97378e-33 0)
(-4.6538e-33 4.10801e-32 0)
(1.02329e-32 8.83705e-33 0)
(7.11151e-34 -2.58524e-32 0)
(-1.90276e-33 -1.54867e-33 0)
(1.0483e-33 1.44347e-32 0)
(5.48305e-33 8.93301e-33 0)
(6.6981e-33 1.18645e-33 0)
(7.4446e-33 -7.4392e-34 0)
(6.97581e-33 -1.23962e-33 0)
(6.1193e-33 -8.05741e-33 0)
(1.47044e-33 -8.19105e-33 0)
(1.14058e-34 -2.12621e-33 0)
(-6.64132e-34 -7.05518e-33 0)
(-4.542e-33 -1.93338e-35 0)
(-7.75972e-34 6.87128e-33 0)
(-6.71871e-34 9.71962e-34 0)
(-9.54964e-35 1.62415e-34 0)
(-1.62961e-35 1.72056e-35 0)
(-1.79517e-36 1.93261e-36 0)
(-2.07146e-37 1.75476e-37 0)
(-1.93367e-38 1.61047e-38 0)
(-1.80659e-39 1.30123e-39 0)
(-1.48633e-40 1.03916e-40 0)
(-1.20134e-41 7.61019e-42 0)
(-8.90678e-43 5.4537e-43 0)
(-6.43783e-44 3.66586e-44 0)
(-4.36534e-45 2.40134e-45 0)
(-2.87804e-46 1.49586e-46 0)
(-1.85043e-47 9.38138e-48 0)
(-7.90592e-48 5.30716e-48 0)
(-9.34837e-47 7.04352e-47 0)
(-1.24136e-45 9.74205e-46 0)
(-1.51471e-44 1.30928e-44 0)
(-1.79447e-43 1.61867e-43 0)
(-1.8743e-42 1.95324e-42 0)
(-1.91638e-41 2.08841e-41 0)
(-1.57937e-40 2.20804e-40 0)
(-1.29634e-39 1.91757e-39 0)
(-6.36659e-39 1.70142e-38 0)
(-2.88499e-38 1.0264e-37 0)
(1.77362e-37 6.99408e-37 0)
(-3.79449e-33 -2.78901e-33 0)
(-2.79715e-32 -2.19441e-32 0)
(-6.61091e-32 -1.5871e-31 0)
(-4.1061e-31 -3.05045e-32 0)
(-1.40351e-31 3.08624e-31 0)
(3.61221e-31 6.5879e-32 0)
(2.90615e-32 -1.94975e-31 0)
(-1.03078e-31 -1.15563e-32 0)
(1.36929e-32 1.08406e-31 0)
(1.61123e-31 6.64873e-32 0)
(1.87931e-31 8.08006e-33 0)
(1.9757e-31 -8.90521e-33 0)
(1.90498e-31 -9.24668e-33 0)
(1.6974e-31 -6.01141e-32 0)
(2.94853e-32 -6.09619e-32 0)
(1.36307e-33 -1.53382e-32 0)
(-1.87835e-32 -5.28067e-32 0)
(-1.3901e-31 -1.20881e-34 0)
(-2.01237e-32 5.16012e-32 0)
(-9.11903e-33 7.07104e-33 0)
(-1.15624e-33 1.07176e-33 0)
(-1.8361e-34 1.08225e-34 0)
(-1.92368e-35 1.15263e-35 0)
(-2.15539e-36 1.01446e-36 0)
(-1.95728e-37 9.05044e-38 0)
(-1.79801e-38 7.17991e-39 0)
(-1.45397e-39 5.64504e-40 0)
(-1.16207e-40 4.09008e-41 0)
(-8.51588e-42 2.90551e-42 0)
(-6.10626e-43 1.94115e-43 0)
(-4.10645e-44 1.26557e-44 0)
(-2.69107e-45 7.85791e-46 0)
(-1.67702e-46 4.75634e-47 0)
(-1.0584e-47 3.24255e-48 0)
(-5.53802e-48 7.44853e-48 0)
(-5.21709e-47 1.04969e-46 0)
(-3.78741e-46 1.4812e-45 0)
(-3.19888e-46 1.97243e-44 0)
(7.37303e-44 2.60768e-43 0)
(1.8905e-42 3.22886e-42 0)
(3.65777e-41 4.06105e-41 0)
(5.80561e-40 4.75841e-40 0)
(8.29653e-39 5.8369e-39 0)
(1.08488e-37 6.62684e-38 0)
(1.27124e-36 8.03153e-37 0)
(-2.79469e-32 -2.44693e-32 0)
(-2.53981e-31 -1.97797e-31 0)
(-1.1675e-30 -1.67484e-30 0)
(-9.42333e-30 -3.55894e-31 0)
(-3.1091e-30 3.26863e-30 0)
(8.59928e-30 6.74816e-31 0)
(6.41424e-31 -2.08323e-30 0)
(-2.77074e-30 -1.05267e-31 0)
(1.19165e-31 1.13986e-30 0)
(3.4838e-30 6.81042e-31 0)
(3.91696e-30 7.63305e-32 0)
(4.006e-30 -4.81931e-32 0)
(3.94089e-30 -7.88682e-32 0)
(3.56371e-30 -6.21593e-31 0)
(4.55072e-31 -6.29697e-31 0)
(1.05494e-32 -1.37823e-31 0)
(-3.601e-31 -5.56604e-31 0)
(-3.0987e-30 -9.84267e-34 0)
(-3.70502e-31 5.46206e-31 0)
(-8.29164e-32 6.37541e-32 0)
)
;

boundaryField
{
    leftWall
    {
        type            fixedValue;
        value           uniform (0 0 0);
    }
    rightWall
    {
        type            fixedValue;
        value           nonuniform 0();
    }
    lowerWall
    {
        type            fixedValue;
        value           uniform (0 0 0);
    }
    atmosphere
    {
        type            pressureInletOutletVelocity;
        value           nonuniform 0();
    }
    defaultFaces
    {
        type            empty;
    }
    procBoundary0to1
    {
        type            processor;
        value           nonuniform List<vector> 
44
(
(2.6766e-42 -1.05484e-39 0)
(2.77298e-41 -1.07934e-38 0)
(2.5204e-40 -1.02576e-37 0)
(2.08701e-39 -9.43239e-37 0)
(1.59095e-38 -7.98681e-36 0)
(1.00394e-37 -6.64173e-35 0)
(5.25778e-37 -4.8366e-34 0)
(1.04266e-36 -3.63993e-33 0)
(-6.83171e-36 -2.09826e-32 0)
(-1.06022e-34 -1.50848e-31 0)
(4.04142e-34 -5.95294e-31 0)
(9.92309e-33 -8.78812e-30 0)
(1.4455e-31 1.09085e-30 0)
(9.92132e-33 9.96431e-30 0)
(4.38847e-34 7.02389e-31 0)
(1.68703e-35 3.85037e-31 0)
(3.10438e-35 1.48424e-30 0)
(5.51793e-35 1.74657e-29 0)
(1.71072e-36 3.33902e-29 0)
(-5.50381e-35 1.84719e-29 0)
(-5.50381e-35 1.84719e-29 0)
(2.2471e-31 1.82673e-31 0)
(2.25317e-32 3.21761e-32 0)
(2.75281e-33 3.13301e-33 0)
(2.26496e-34 3.72375e-34 0)
(2.06139e-35 9.41315e-35 0)
(2.6636e-37 6.79089e-34 0)
(-1.46241e-35 8.42547e-33 0)
(-1.92558e-34 7.14858e-32 0)
(-1.66035e-33 8.47247e-31 0)
(-1.75845e-32 4.61386e-30 0)
(-1.61032e-32 6.05491e-29 0)
(1.61032e-32 6.05491e-29 0)
(1.75838e-32 4.61386e-30 0)
(1.60796e-33 8.4718e-31 0)
(-1.38289e-33 7.09805e-32 0)
(-3.44202e-32 3.06475e-33 0)
(-5.01913e-31 6.76158e-34 0)
(-3.44348e-32 5.42308e-33 0)
(-1.57544e-33 5.09942e-34 0)
(-5.2365e-35 6.76338e-35 0)
(-5.15533e-37 5.6227e-36 0)
(2.44733e-36 1.65305e-36 0)
(1.43924e-35 8.82501e-36 0)
)
;
    }
    procBoundary0to2
    {
        type            processor;
        value           nonuniform List<vector> 
46
(
(-9.15203e-33 9.31206e-33 0)
(-1.24765e-33 8.83554e-34 0)
(-1.22722e-34 9.20692e-35 0)
(-1.2966e-35 7.83317e-36 0)
(-1.13984e-36 6.87923e-37 0)
(-1.01765e-37 5.34021e-38 0)
(-8.081e-39 4.14781e-39 0)
(-6.35982e-40 2.95974e-40 0)
(-4.61175e-41 2.0821e-41 0)
(-3.27844e-42 1.37523e-42 0)
(-2.1916e-43 8.89423e-44 0)
(-1.42959e-44 5.47318e-45 0)
(-8.87942e-46 3.28836e-46 0)
(-5.24748e-47 1.89936e-47 0)
(1.95382e-47 1.55103e-48 0)
(3.96022e-46 6.70325e-48 0)
(6.65069e-45 8.81997e-47 0)
(1.08631e-43 1.0749e-45 0)
(1.69122e-42 1.27195e-44 0)
(2.56683e-41 1.32872e-43 0)
(3.67213e-40 1.36156e-42 0)
(5.14485e-39 1.13466e-41 0)
(6.6744e-38 9.54325e-41 0)
(8.56525e-37 5.23618e-40 0)
(9.87593e-36 3.15694e-39 0)
(-2.51343e-31 5.28219e-35 0)
(-2.56319e-30 1.43014e-35 0)
(-1.22547e-29 9.97478e-36 0)
(-1.41363e-28 1.46944e-36 0)
(-4.67409e-29 2.59963e-37 0)
(1.32752e-28 4.19751e-38 0)
(6.78348e-30 -1.10985e-38 0)
(-4.33265e-29 -3.7012e-36 0)
(1.16352e-30 -1.34347e-34 0)
(5.06701e-29 -3.11884e-33 0)
(5.52684e-29 -5.41534e-32 0)
(5.61005e-29 -6.4321e-31 0)
(5.53593e-29 -5.41534e-32 0)
(5.14682e-29 -3.11885e-33 0)
(4.73736e-30 -1.34359e-34 0)
(9.37214e-32 -3.70167e-36 0)
(-3.7931e-30 -4.16542e-39 0)
(-4.66483e-29 1.15147e-38 0)
(-3.8857e-30 4.7036e-39 0)
(-9.15203e-33 9.31206e-33 0)
(-8.38473e-31 5.0303e-40 0)
)
;
    }
}


// ************************************************************************* //
