/*--------------------------------*- C++ -*----------------------------------*\
| =========                 |                                                 |
| \\      /  F ield         | OpenFOAM: The Open Source CFD Toolbox           |
|  \\    /   O peration     | Version:  2.4.0                                 |
|   \\  /    A nd           | Web:      www.OpenFOAM.org                      |
|    \\/     M anipulation  |                                                 |
\*---------------------------------------------------------------------------*/
FoamFile
{
    version     2.0;
    format      ascii;
    class       volVectorField;
    location    "0.25";
    object      U;
}
// * * * * * * * * * * * * * * * * * * * * * * * * * * * * * * * * * * * * * //

dimensions      [0 1 -1 0 0 0 0];

internalField   nonuniform List<vector> 
1915
(
(8.02013e-45 -7.05056e-42 0)
(3.32421e-43 -4.66767e-43 0)
(7.77779e-44 -1.09056e-40 0)
(5.69759e-42 -7.12578e-42 0)
(1.10576e-42 -1.53077e-39 0)
(8.81429e-41 -9.94225e-41 0)
(1.38205e-41 -2.18733e-38 0)
(1.22961e-39 -1.39356e-39 0)
(1.6949e-40 -2.67672e-37 0)
(1.74598e-38 -1.70096e-38 0)
(1.60942e-39 -3.5198e-36 0)
(2.11745e-37 -2.17748e-37 0)
(1.49125e-38 -3.5705e-35 0)
(2.75886e-36 -2.22126e-36 0)
(5.45537e-38 -4.39939e-34 0)
(2.74198e-35 -2.62077e-35 0)
(-6.61686e-38 -3.30541e-33 0)
(3.29677e-34 -2.02428e-34 0)
(-7.35184e-36 -4.13057e-32 0)
(2.22492e-33 -2.31291e-33 0)
(-7.2564e-37 -1.77347e-37 0)
(-1.39857e-35 -1.78324e-36 0)
(-8.78887e-35 -3.23624e-35 0)
(-2.06083e-33 -2.91364e-35 0)
(-1.98629e-33 6.34762e-35 0)
(1.98629e-33 6.34762e-35 0)
(2.06083e-33 -2.91364e-35 0)
(8.78887e-35 -3.23624e-35 0)
(1.39876e-35 -1.78357e-36 0)
(7.0245e-37 -1.83642e-37 0)
(6.74663e-38 -9.35648e-39 0)
(3.38205e-39 -6.85912e-40 0)
(-1.61097e-45 -6.60485e-41 0)
(-3.38208e-39 -6.85916e-40 0)
(-6.7467e-38 -9.35657e-39 0)
(-7.02462e-37 -1.83644e-37 0)
(-1.39878e-35 -1.7836e-36 0)
(-8.78921e-35 -3.23631e-35 0)
(-2.0609e-33 -2.91458e-35 0)
(-1.987e-33 6.32918e-35 0)
(1.97224e-33 6.16832e-35 0)
(1.97224e-33 -6.16832e-35 0)
(-1.987e-33 -6.32918e-35 0)
(-2.0609e-33 2.91458e-35 0)
(-8.78921e-35 3.23631e-35 0)
(-1.39878e-35 1.7836e-36 0)
(-7.02474e-37 1.83642e-37 0)
(-6.77132e-38 9.32337e-39 0)
(-6.79873e-39 -1.8815e-42 0)
(-6.79455e-38 -9.35451e-39 0)
(-7.05622e-37 -1.84293e-37 0)
(-1.40519e-35 -1.79227e-36 0)
(-8.85268e-35 -3.25374e-35 0)
(-2.07418e-33 -3.07451e-35 0)
(-2.06083e-33 3.27224e-35 0)
(-8.63472e-42 6.50935e-35 0)
(2.06083e-33 3.27223e-35 0)
(2.07418e-33 -3.07456e-35 0)
(8.84623e-35 -3.25383e-35 0)
(1.37027e-35 -1.68428e-36 0)
(-8.27544e-38 8.37246e-38 0)
(-1.42066e-36 9.05559e-37 0)
(-9.71294e-36 1.64568e-35 0)
(-1.60528e-34 1.48151e-35 0)
(-1.52161e-34 -3.22741e-35 0)
(1.52161e-34 -3.22741e-35 0)
(1.60528e-34 1.48151e-35 0)
(9.71294e-36 1.64568e-35 0)
(1.42094e-36 9.05802e-37 0)
(8.17229e-38 9.13895e-38 0)
(7.61845e-39 4.61711e-39 0)
(4.10711e-40 3.34146e-40 0)
(-2.09184e-46 3.19368e-41 0)
(-4.10716e-40 3.34148e-40 0)
(-7.61854e-39 4.61716e-39 0)
(-8.17244e-38 9.13905e-38 0)
(-1.42097e-36 9.05818e-37 0)
(-9.71335e-36 1.64572e-35 0)
(-1.60535e-34 1.48197e-35 0)
(-1.52243e-34 -3.21824e-35 0)
(1.50733e-34 -3.13637e-35 0)
(1.50733e-34 3.13637e-35 0)
(-1.52243e-34 3.21824e-35 0)
(-1.60535e-34 -1.48197e-35 0)
(-9.71335e-36 -1.64572e-35 0)
(-1.42097e-36 -9.05818e-37 0)
(-8.17259e-38 -9.13895e-38 0)
(-7.64812e-39 -4.6011e-39 0)
(-8.25782e-40 9.02825e-43 0)
(-7.67597e-39 4.61617e-39 0)
(-8.21086e-38 9.17067e-38 0)
(-1.42817e-36 9.10101e-37 0)
(-9.78743e-36 1.65439e-35 0)
(-1.61874e-34 1.56338e-35 0)
(-1.60528e-34 -1.6636e-35 0)
(-1.2638e-42 -3.30971e-35 0)
(1.60528e-34 -1.6636e-35 0)
(1.61874e-34 1.5634e-35 0)
(9.77909e-36 1.65419e-35 0)
(1.3736e-36 7.44308e-37 0)
(-1.31965e-38 9.36764e-39 0)
(-1.92782e-37 1.03725e-37 0)
(-7.06666e-37 1.58049e-36 0)
(-8.48358e-36 1.39203e-36 0)
(-7.95865e-36 -3.08719e-36 0)
(7.95865e-36 -3.08719e-36 0)
(8.48358e-36 1.39203e-36 0)
(7.06663e-37 1.58049e-36 0)
(1.92782e-37 1.0375e-37 0)
(1.23279e-38 1.03099e-38 0)
(1.3511e-39 5.6324e-40 0)
(7.62235e-41 4.03882e-41 0)
(-4.44996e-47 4.04855e-42 0)
(-7.62244e-41 4.03885e-41 0)
(-1.35112e-39 5.63246e-40 0)
(-1.23282e-38 1.031e-38 0)
(-1.92787e-37 1.03752e-37 0)
(-7.0674e-37 1.58053e-36 0)
(-8.48494e-36 1.3926e-36 0)
(-7.97106e-36 -3.07684e-36 0)
(7.76451e-36 -2.98288e-36 0)
(7.76451e-36 2.98288e-36 0)
(-7.97106e-36 3.07684e-36 0)
(-8.48494e-36 -1.3926e-36 0)
(-7.0674e-37 -1.58053e-36 0)
(-1.92787e-37 -1.03752e-37 0)
(-1.23285e-38 -1.03099e-38 0)
(-1.35698e-39 -5.6121e-40 0)
(-1.53328e-40 1.13997e-43 0)
(-1.36248e-39 5.6312e-40 0)
(-1.23992e-38 1.03481e-38 0)
(-1.94062e-37 1.04275e-37 0)
(-7.17711e-37 1.59028e-36 0)
(-8.66531e-36 1.486e-36 0)
(-8.48358e-36 -1.60067e-36 0)
(-7.61435e-44 -3.18168e-36 0)
(8.48358e-36 -1.60066e-36 0)
(8.66531e-36 1.48603e-36 0)
(7.17574e-37 1.59006e-36 0)
(1.93936e-37 8.52741e-38 0)
(-1.18963e-39 1.68899e-39 0)
(-1.54991e-38 1.6437e-38 0)
(-3.82503e-38 2.40928e-37 0)
(-3.4132e-37 2.11465e-37 0)
(-3.17593e-37 -4.70812e-37 0)
(3.17593e-37 -4.70812e-37 0)
(3.4132e-37 2.11465e-37 0)
(3.82499e-38 2.40928e-37 0)
(1.54975e-38 1.64443e-38 0)
(1.09439e-39 1.86011e-39 0)
(1.26254e-40 1.05791e-40 0)
(7.50135e-42 8.07553e-42 0)
(-4.77322e-48 8.27334e-43 0)
(-7.50145e-42 8.07559e-42 0)
(-1.26255e-40 1.05792e-40 0)
(-1.09442e-39 1.86013e-39 0)
(-1.54981e-38 1.64447e-38 0)
(-3.82575e-38 2.40937e-37 0)
(-3.41447e-37 2.11572e-37 0)
(-3.18694e-37 -4.68944e-37 0)
(3.01968e-37 -4.54262e-37 0)
(3.01968e-37 4.54262e-37 0)
(-3.18694e-37 4.68944e-37 0)
(-3.41447e-37 -2.11572e-37 0)
(-3.82575e-38 -2.40937e-37 0)
(-1.54981e-38 -1.64447e-38 0)
(-1.09445e-39 -1.86011e-39 0)
(-1.26842e-40 -1.05376e-40 0)
(-1.50939e-41 2.39667e-44 0)
(-1.27393e-40 1.05766e-40 0)
(-1.1014e-39 1.86774e-39 0)
(-1.56168e-38 1.65424e-38 0)
(-3.9225e-38 2.4269e-37 0)
(-3.55842e-37 2.26148e-37 0)
(-3.4132e-37 -2.44566e-37 0)
(-2.54431e-45 -4.85593e-37 0)
(3.4132e-37 -2.44566e-37 0)
(3.55844e-37 2.26149e-37 0)
(3.92507e-38 2.4262e-37 0)
(1.58478e-38 1.32615e-38 0)
(-1.23727e-40 1.57837e-40 0)
(-1.49318e-39 1.48695e-39 0)
(-2.16562e-39 2.02384e-38 0)
(-9.22528e-39 1.75832e-38 0)
(-8.45487e-39 -3.94953e-38 0)
(8.45487e-39 -3.94953e-38 0)
(9.22528e-39 1.75832e-38 0)
(2.16556e-39 2.02384e-38 0)
(1.49276e-39 1.48773e-39 0)
(1.10498e-40 1.74665e-40 0)
(1.3665e-41 1.04437e-41 0)
(8.31123e-43 8.1111e-43 0)
(-5.63171e-49 8.5796e-44 0)
(-8.31133e-43 8.11117e-43 0)
(-1.36652e-41 1.04438e-41 0)
(-1.10501e-40 1.74668e-40 0)
(-1.49283e-39 1.48777e-39 0)
(-2.1664e-39 2.02392e-38 0)
(-9.23901e-39 1.75937e-38 0)
(-8.56621e-39 -3.93199e-38 0)
(6.94838e-39 -3.79971e-38 0)
(6.94838e-39 3.79971e-38 0)
(-8.56621e-39 3.93199e-38 0)
(-9.23901e-39 -1.75937e-38 0)
(-2.1664e-39 -2.02392e-38 0)
(-1.49283e-39 -1.48777e-39 0)
(-1.10505e-40 -1.74665e-40 0)
(-1.37321e-41 -1.04006e-41 0)
(-1.67276e-42 2.50516e-45 0)
(-1.37947e-41 1.0441e-41 0)
(-1.11273e-40 1.7543e-40 0)
(-1.50565e-39 1.4974e-39 0)
(-2.26317e-39 2.04034e-38 0)
(-1.06204e-38 1.8906e-38 0)
(-9.22528e-39 -2.05797e-38 0)
(7.27822e-46 -4.08278e-38 0)
(9.2253e-39 -2.05797e-38 0)
(1.06209e-38 1.89059e-38 0)
(2.27124e-39 2.03954e-38 0)
(1.5618e-39 1.18973e-39 0)
(-9.95377e-42 1.71528e-41 0)
(-1.12779e-40 1.52696e-40 0)
(-1.20101e-40 2.03366e-39 0)
(-7.71532e-41 1.76284e-39 0)
(-6.20646e-41 -3.96956e-39 0)
(6.20646e-41 -3.96956e-39 0)
(7.7153e-41 1.76284e-39 0)
(1.20096e-40 2.03366e-39 0)
(1.12733e-40 1.52798e-40 0)
(8.77874e-42 1.89984e-41 0)
(1.11841e-42 1.1609e-42 0)
(7.01426e-44 9.26074e-44 0)
(-5.01773e-50 9.92071e-45 0)
(-7.01435e-44 9.26082e-44 0)
(-1.11843e-42 1.16092e-42 0)
(-8.77905e-42 1.89987e-41 0)
(-1.12739e-40 1.52803e-40 0)
(-1.20167e-40 2.03376e-39 0)
(-7.82772e-41 1.764e-39 0)
(-7.09141e-41 -3.95047e-39 0)
(-5.17923e-41 -3.81559e-39 0)
(-5.17923e-41 3.81559e-39 0)
(-7.09141e-41 3.95047e-39 0)
(-7.82772e-41 -1.764e-39 0)
(-1.20167e-40 -2.03376e-39 0)
(-1.12739e-40 -1.52803e-40 0)
(-8.77936e-42 -1.89984e-41 0)
(-1.12414e-42 -1.15593e-42 0)
(-1.41201e-43 2.93038e-46 0)
(-1.12948e-42 1.16059e-42 0)
(-8.84412e-42 1.90857e-41 0)
(-1.13786e-40 1.53872e-40 0)
(-1.27821e-40 2.05159e-39 0)
(-1.8216e-40 1.89771e-39 0)
(-7.7153e-41 -2.07077e-39 0)
(1.09125e-46 -4.10551e-39 0)
(7.71555e-41 -2.07077e-39 0)
(1.8221e-40 1.89768e-39 0)
(1.28678e-40 2.05053e-39 0)
(1.19418e-40 1.20654e-40 0)
(-8.03066e-43 1.52663e-42 0)
(-9.20699e-42 1.21853e-41 0)
(-8.10284e-42 1.56149e-40 0)
(1.64461e-41 1.34547e-40 0)
(1.59972e-41 -3.04588e-40 0)
(-1.59972e-41 -3.04588e-40 0)
(-1.6446e-41 1.34547e-40 0)
(8.10367e-42 1.56152e-40 0)
(9.19288e-42 1.22241e-41 0)
(7.30479e-43 1.55806e-42 0)
(9.5745e-44 9.81189e-44 0)
(6.08727e-45 7.92174e-45 0)
(-4.48671e-51 8.65622e-46 0)
(-6.08736e-45 7.92181e-45 0)
(-9.57468e-44 9.81202e-44 0)
(-7.30507e-43 1.55809e-42 0)
(-9.19338e-42 1.22245e-41 0)
(-8.10981e-42 1.5616e-40 0)
(1.63498e-41 1.34646e-40 0)
(1.52605e-41 -3.03022e-40 0)
(-2.52863e-41 -2.92265e-40 0)
(-2.52863e-41 2.92265e-40 0)
(1.52605e-41 3.03022e-40 0)
(1.63498e-41 -1.34646e-40 0)
(-8.10981e-42 -1.5616e-40 0)
(-9.19338e-42 -1.22245e-41 0)
(-7.30535e-43 -1.55806e-42 0)
(-9.62486e-44 -9.76848e-44 0)
(-1.22557e-44 2.57044e-47 0)
(-9.67177e-44 9.80917e-44 0)
(-7.36149e-43 1.56552e-42 0)
(-9.28299e-42 1.23147e-41 0)
(-8.74404e-42 1.57619e-40 0)
(7.8935e-42 1.45304e-40 0)
(1.6446e-41 -1.59193e-40 0)
(1.42136e-47 -3.15435e-40 0)
(-1.64457e-41 -1.59193e-40 0)
(-7.88823e-42 1.453e-40 0)
(8.83367e-42 1.57522e-40 0)
(9.85071e-42 9.59622e-42 0)
(1.00059e-42 4.16385e-42 0)
(-6.6701e-43 4.80388e-43 0)
(-5.02365e-43 1.28076e-41 0)
(1.66395e-42 1.1046e-41 0)
(1.58979e-42 -2.50609e-41 0)
(-1.58965e-42 -2.50607e-41 0)
(-1.66226e-42 1.10488e-41 0)
(5.26057e-43 1.28478e-41 0)
(6.44738e-43 1.02125e-42 0)
(5.26613e-44 1.33591e-43 0)
(6.99691e-45 8.5263e-45 0)
(4.53321e-46 6.96665e-46 0)
(-3.43961e-52 7.67523e-47 0)
(-4.53327e-46 6.96671e-46 0)
(-6.99704e-45 8.52642e-45 0)
(-5.26634e-44 1.33594e-43 0)
(-6.44776e-43 1.02129e-42 0)
(-5.26515e-43 1.28485e-41 0)
(1.65522e-42 1.10574e-41 0)
(1.53654e-42 -2.49264e-41 0)
(-2.24143e-42 -2.40309e-41 0)
(-2.24143e-42 2.40309e-41 0)
(1.53654e-42 2.49264e-41 0)
(1.65522e-42 -1.10574e-41 0)
(-5.26515e-43 -1.28485e-41 0)
(-6.44776e-43 -1.02129e-42 0)
(-5.26655e-44 -1.33591e-43 0)
(-7.03464e-45 -8.48781e-45 0)
(-9.12796e-46 2.28927e-48 0)
(-7.06976e-45 8.52389e-45 0)
(-5.30834e-44 1.34247e-43 0)
(-6.51315e-43 1.02912e-42 0)
(-5.72141e-43 1.29735e-41 0)
(1.0636e-42 1.19444e-41 0)
(1.66226e-42 -1.31085e-41 0)
(1.30299e-48 -2.59641e-41 0)
(-1.66223e-42 -1.31085e-41 0)
(-1.06317e-42 1.19439e-41 0)
(5.79371e-43 1.29643e-41 0)
(6.96338e-43 7.96587e-43 0)
(4.63784e-41 8.36408e-42 0)
(-7.19018e-45 -6.71992e-42 0)
(4.38923e-43 3.93791e-43 0)
(1.62334e-43 7.45814e-43 0)
(1.27567e-43 -1.76442e-42 0)
(-1.25402e-43 -1.76306e-42 0)
(-1.31793e-43 7.74526e-43 0)
(3.64543e-44 9.04256e-43 0)
(4.60714e-44 7.37542e-44 0)
(3.80966e-45 9.77101e-45 0)
(5.12129e-46 6.35473e-46 0)
(3.34826e-47 5.22334e-47 0)
(-2.56815e-53 5.82642e-48 0)
(-3.34831e-47 5.22339e-47 0)
(-5.12138e-46 6.35482e-46 0)
(-3.80982e-45 9.77119e-45 0)
(-4.60742e-44 7.37572e-44 0)
(-3.64878e-44 9.04308e-43 0)
(1.31283e-43 7.75167e-43 0)
(1.21666e-43 -1.75318e-42 0)
(-1.72096e-43 -1.68861e-42 0)
(-1.72096e-43 1.68861e-42 0)
(1.21666e-43 1.75318e-42 0)
(1.31283e-43 -7.75167e-43 0)
(-3.64878e-44 -9.04308e-43 0)
(-4.60742e-44 -7.37571e-44 0)
(-3.80998e-45 -9.77101e-45 0)
(-5.14928e-46 -6.32551e-46 0)
(-6.74243e-47 1.74123e-49 0)
(-5.17533e-46 6.35289e-46 0)
(-3.84083e-45 9.82014e-45 0)
(-4.65526e-44 7.43404e-44 0)
(-3.97826e-44 9.13441e-43 0)
(8.90552e-44 8.39098e-43 0)
(1.31798e-43 -9.23314e-43 0)
(1.13922e-49 -1.82816e-42 0)
(-1.31796e-43 -9.23315e-43 0)
(-8.902e-44 8.39059e-43 0)
(4.03582e-44 9.12722e-43 0)
(5.01072e-44 5.73663e-44 0)
(1.68746e-39 1.12193e-39 0)
(1.0578e-40 -1.14645e-40 0)
(7.49499e-42 -8.60435e-42 0)
(4.20422e-43 -3.44772e-43 0)
(2.96654e-44 -1.44486e-43 0)
(-7.26031e-45 -1.26538e-43 0)
(-8.68047e-45 5.51404e-44 0)
(2.31489e-45 6.45235e-44 0)
(2.96331e-45 5.32459e-45 0)
(2.49482e-46 7.12955e-46 0)
(3.37203e-47 4.67856e-47 0)
(2.23231e-48 3.86109e-48 0)
(-1.5927e-54 4.32971e-49 0)
(-2.23234e-48 3.86113e-48 0)
(-3.37208e-47 4.67863e-47 0)
(-2.4949e-46 7.1297e-46 0)
(-2.96342e-45 5.32485e-45 0)
(-2.31515e-45 6.45285e-44 0)
(8.69264e-45 5.52187e-44 0)
(8.0423e-45 -1.25068e-43 0)
(-1.12912e-44 -1.20413e-43 0)
(-1.12912e-44 1.20413e-43 0)
(8.0423e-45 1.25068e-43 0)
(8.69264e-45 -5.52187e-44 0)
(-2.31515e-45 -6.45285e-44 0)
(-2.96342e-45 -5.32485e-45 0)
(-2.495e-46 -7.12956e-46 0)
(-3.39072e-47 -4.65685e-47 0)
(-4.49553e-48 1.29419e-50 0)
(-3.40811e-47 4.6772e-47 0)
(-2.51557e-46 7.16587e-46 0)
(-2.99489e-45 5.36777e-45 0)
(-2.53072e-45 6.51945e-44 0)
(5.98114e-45 5.98265e-44 0)
(8.72655e-45 -6.5915e-44 0)
(8.50263e-51 -1.30483e-43 0)
(-8.72638e-45 -6.59151e-44 0)
(-5.97865e-45 5.98232e-44 0)
(2.57059e-45 6.5139e-44 0)
(3.24052e-45 4.13129e-45 0)
(6.62532e-35 -1.87865e-31 0)
(3.20824e-32 -1.17021e-32 0)
(2.9581e-33 -5.16989e-30 0)
(-2.53208e-33 -2.27707e-31 0)
(8.12073e-32 6.15333e-31 0)
(1.25619e-32 2.75613e-32 0)
(2.9574e-33 5.81079e-30 0)
(5.02195e-33 2.56868e-31 0)
(6.78542e-35 2.15708e-31 0)
(3.58938e-32 1.34976e-32 0)
(1.44076e-36 1.00887e-31 0)
(-1.49121e-33 6.37122e-33 0)
(6.03607e-36 4.40431e-31 0)
(-6.0208e-32 2.75425e-32 0)
(1.14937e-35 9.51084e-30 0)
(-1.15613e-31 4.33052e-31 0)
(3.65134e-37 1.88365e-29 0)
(-3.68264e-33 8.43702e-31 0)
(-1.14755e-35 1.01007e-29 0)
(1.1544e-31 4.59022e-31 0)
(6.40589e-32 2.87432e-32 0)
(3.46568e-33 4.23271e-33 0)
(3.28215e-34 2.38259e-34 0)
(1.59414e-35 2.19558e-35 0)
(1.09169e-36 4.4775e-36 0)
(-3.46905e-38 4.78152e-35 0)
(-1.24527e-36 1.00891e-33 0)
(-2.69329e-35 1.06727e-32 0)
(-2.86701e-34 2.24538e-31 0)
(-5.61631e-33 1.40554e-30 0)
(-5.35538e-33 3.41823e-29 0)
(5.35538e-33 3.41823e-29 0)
(5.6163e-33 1.40554e-30 0)
(2.82333e-34 2.24529e-31 0)
(-2.20504e-34 1.05904e-32 0)
(-1.02756e-32 -6.60587e-34 0)
(-2.82229e-31 4.77373e-35 0)
(-1.02768e-32 1.67284e-33 0)
(-2.47437e-34 8.2387e-35 0)
(-4.3677e-36 8.60457e-36 0)
(-1.43981e-38 4.01988e-37 0)
(5.17573e-38 4.75187e-38 0)
(3.75547e-37 2.82944e-37 0)
(1.97825e-33 -5.53586e-34 0)
(2.34621e-34 -2.90143e-35 0)
(1.39263e-35 -2.09526e-36 0)
(1.13792e-36 -1.14102e-37 0)
(-1.50141e-34 -7.76092e-33 0)
(-5.67177e-36 -2.13168e-34 0)
(-3.65171e-39 -5.81852e-36 0)
(6.24974e-38 -1.72344e-37 0)
(2.26169e-35 9.07307e-34 0)
(2.35482e-34 2.31954e-35 0)
(1.64224e-35 3.48148e-37 0)
(2.38987e-36 -2.39626e-39 0)
(3.39868e-34 8.74799e-33 0)
(5.1814e-35 2.3915e-34 0)
(3.49968e-36 6.28563e-36 0)
(3.48022e-37 1.74517e-37 0)
(2.31308e-33 5.75492e-34 0)
(2.71773e-34 1.93451e-35 0)
(1.64137e-35 7.38246e-37 0)
(1.33767e-36 3.03346e-38 0)
(-1.1276e-34 6.66966e-34 0)
(-1.40315e-35 3.92962e-35 0)
(-9.1844e-37 3.1159e-36 0)
(-7.64013e-38 1.75361e-37 0)
(-3.94219e-33 1.57629e-33 0)
(-4.61137e-34 6.96494e-35 0)
(-2.80077e-35 4.19522e-36 0)
(-2.26832e-36 2.14605e-37 0)
(-7.48056e-33 1.46589e-32 0)
(-8.73629e-34 3.91318e-34 0)
(-5.27365e-35 7.57383e-36 0)
(-4.26709e-36 7.94385e-38 0)
(-2.37257e-34 2.77822e-32 0)
(-2.76943e-35 7.1148e-34 0)
(-1.66804e-36 1.08364e-35 0)
(-1.34925e-37 -6.00882e-38 0)
(7.46755e-33 1.54876e-32 0)
(8.72102e-34 4.11471e-34 0)
(5.26382e-35 7.77124e-36 0)
(4.25911e-36 7.00701e-38 0)
(4.19221e-33 1.61284e-33 0)
(4.90578e-34 7.01644e-35 0)
(2.97928e-35 4.14528e-36 0)
(2.41345e-36 2.10176e-37 0)
(2.62023e-34 4.42893e-34 0)
(3.18715e-35 2.61377e-35 0)
(2.07696e-36 2.0679e-36 0)
(1.71626e-37 1.16366e-37 0)
(2.50389e-35 2.76144e-35 0)
(3.41614e-36 1.78342e-36 0)
(2.29583e-37 1.46254e-37 0)
(1.99395e-38 8.61958e-39 0)
(1.29261e-36 2.92697e-36 0)
(1.83093e-37 1.97695e-37 0)
(1.2812e-38 1.7131e-38 0)
(1.13341e-39 1.03432e-39 0)
(-8.07248e-38 4.4044e-37 0)
(-2.19678e-39 5.21677e-38 0)
(-1.35475e-39 3.93388e-39 0)
(-8.46642e-41 3.25369e-40 0)
(-3.77657e-36 4.0355e-36 0)
(-3.29815e-37 5.52686e-37 0)
(-4.81135e-38 3.91998e-38 0)
(-3.45534e-39 3.42297e-39 0)
(-5.3781e-35 7.91973e-35 0)
(-4.67724e-36 1.04644e-35 0)
(-6.46005e-37 7.06661e-37 0)
(-4.57702e-38 6.06826e-38 0)
(-1.13001e-33 8.32042e-34 0)
(-9.13656e-35 9.45206e-35 0)
(-1.2219e-35 6.10974e-36 0)
(-8.25874e-37 4.93202e-37 0)
(-1.13975e-32 1.53269e-32 0)
(-9.11106e-34 1.58627e-33 0)
(-1.08117e-34 9.35838e-35 0)
(-7.07721e-36 7.31353e-36 0)
(-2.19729e-31 9.48942e-32 0)
(-1.50862e-32 4.72497e-33 0)
(-1.73789e-33 1.81946e-34 0)
(-1.05957e-34 8.83652e-36 0)
(-2.09411e-31 1.65677e-30 0)
(-1.42621e-32 5.62821e-32 0)
(-1.64139e-33 1.4457e-33 0)
(-9.96631e-35 2.25995e-35 0)
(2.09411e-31 1.65677e-30 0)
(1.42621e-32 5.62821e-32 0)
(1.64139e-33 1.4457e-33 0)
(9.96629e-35 2.25999e-35 0)
(2.19729e-31 9.48946e-32 0)
(1.50862e-32 4.72542e-33 0)
(1.73785e-33 1.81987e-34 0)
(1.05953e-34 8.8419e-36 0)
(1.13932e-32 1.53359e-32 0)
(9.10199e-34 1.59601e-33 0)
(1.07566e-34 9.44074e-35 0)
(7.02828e-36 7.41745e-36 0)
(8.84427e-34 9.18989e-34 0)
(6.06119e-35 1.87683e-34 0)
(-8.22019e-38 1.38093e-35 0)
(-1.6362e-37 1.35484e-36 0)
(-1.01571e-32 1.8445e-33 0)
(-7.9553e-34 1.88327e-33 0)
(-1.36968e-34 1.33779e-34 0)
(-9.81553e-36 1.46618e-35 0)
(-2.80904e-31 4.0241e-36 0)
(-1.5825e-32 5.5189e-37 0)
(-2.67767e-33 3.92138e-38 0)
(-1.68956e-34 4.02477e-39 0)
(-1.02107e-32 -1.76502e-33 0)
(-8.00191e-34 -1.87277e-33 0)
(-1.37611e-34 -1.33068e-34 0)
(-9.85369e-36 -1.45905e-35 0)
(-2.4557e-34 -8.6934e-35 0)
(-3.07511e-35 -9.31579e-35 0)
(-1.2289e-35 -7.66889e-36 0)
(-8.60922e-37 -6.40787e-37 0)
(-4.32789e-36 -9.08373e-36 0)
(-8.71233e-37 -9.71326e-36 0)
(-2.93293e-37 -4.26728e-37 0)
(2.8484e-36 2.91085e-36 0)
(1.63748e-38 -3.77734e-37 0)
(4.26283e-37 6.44348e-38 0)
(3.52747e-36 7.61718e-36 0)
(4.13151e-35 5.97752e-35 0)
(6.1186e-37 3.01098e-37 0)
(9.0329e-36 4.08702e-36 0)
(7.18005e-35 6.31084e-35 0)
(9.17516e-34 5.5306e-34 0)
(4.87566e-36 5.19353e-36 0)
(7.56009e-35 6.52032e-35 0)
(7.04617e-34 1.07069e-33 0)
(1.01263e-32 9.54559e-33 0)
(5.93519e-38 -5.66049e-39 0)
(3.57288e-39 -1.15485e-40 0)
(1.64843e-40 -3.93702e-42 0)
(8.52717e-42 -1.53585e-43 0)
(3.66943e-43 -1.35835e-44 0)
(1.64131e-44 -6.22877e-45 0)
(2.58295e-46 2.566e-45 0)
(1.36445e-46 3.0256e-45 0)
(1.40752e-46 2.53891e-46 0)
(1.18733e-47 3.45289e-47 0)
(1.60446e-48 2.29747e-48 0)
(1.06564e-49 1.91317e-49 0)
(1.53141e-54 2.16692e-50 0)
(-1.06517e-49 1.9132e-49 0)
(-1.6031e-48 2.29754e-48 0)
(-1.1834e-47 3.45306e-47 0)
(-1.39715e-46 2.53927e-46 0)
(-1.08627e-46 3.0264e-45 0)
(4.13919e-46 2.58339e-45 0)
(3.82732e-46 -5.86351e-45 0)
(-5.35991e-46 -5.64201e-45 0)
(-5.35991e-46 5.64201e-45 0)
(3.82732e-46 5.86351e-45 0)
(4.13919e-46 -2.58339e-45 0)
(-1.08627e-46 -3.0264e-45 0)
(-1.39715e-46 -2.53927e-46 0)
(-1.18345e-47 -3.45299e-47 0)
(-1.61198e-48 -2.28664e-48 0)
(-2.14505e-49 6.50656e-52 0)
(-1.62027e-48 2.29682e-48 0)
(-1.19327e-47 3.47097e-47 0)
(-1.41211e-46 2.56033e-46 0)
(-1.18848e-46 3.05862e-45 0)
(2.86154e-46 2.80258e-45 0)
(4.15531e-46 -3.09353e-45 0)
(4.4439e-52 -6.12186e-45 0)
(-4.15522e-46 -3.09353e-45 0)
(-2.86027e-46 2.8024e-45 0)
(1.20888e-46 3.05581e-45 0)
(1.53982e-46 1.96092e-46 0)
(5.19728e-39 -9.15383e-39 0)
(5.13927e-40 -4.37899e-40 0)
(3.03591e-41 -2.83859e-41 0)
(2.05415e-42 -1.3802e-42 0)
(1.04679e-43 -7.58784e-44 0)
(5.743e-45 -3.62888e-45 0)
(2.48102e-46 -4.87745e-47 0)
(1.64855e-47 1.2418e-46 0)
(5.63901e-48 1.07628e-47 0)
(4.60772e-49 1.48572e-48 0)
(6.0656e-50 9.94436e-50 0)
(4.04227e-51 8.25432e-51 0)
(1.1788e-54 9.35957e-52 0)
(-4.00928e-51 8.26887e-51 0)
(-5.98012e-50 9.98535e-50 0)
(-4.38582e-49 1.49636e-48 0)
(-5.11597e-48 1.10419e-47 0)
(-3.96185e-48 1.3077e-46 0)
(1.51891e-47 1.11495e-46 0)
(1.40312e-47 -2.53298e-46 0)
(-1.96496e-47 -2.4366e-46 0)
(-1.96496e-47 2.4366e-46 0)
(1.40312e-47 2.53298e-46 0)
(1.51891e-47 -1.11495e-46 0)
(-3.96185e-48 -1.3077e-46 0)
(-5.11598e-48 -1.10419e-47 0)
(-4.38601e-49 -1.49633e-48 0)
(-6.01364e-50 -9.93824e-50 0)
(-8.07451e-51 2.79378e-53 0)
(-6.0449e-50 9.98225e-50 0)
(-4.42295e-49 1.5041e-48 0)
(-5.17173e-48 1.11335e-47 0)
(-4.34028e-48 1.32166e-46 0)
(1.0516e-47 1.21032e-46 0)
(1.52492e-47 -1.33678e-46 0)
(1.80723e-53 -2.64532e-46 0)
(-1.52488e-47 -1.33678e-46 0)
(-1.05111e-47 1.21023e-46 0)
(4.41943e-48 1.32039e-46 0)
(5.6647e-48 8.54265e-48 0)
(1.4299e-37 -6.81348e-40 0)
(1.16268e-38 -3.64464e-41 0)
(6.04176e-40 -1.93858e-42 0)
(3.80891e-41 -8.32238e-44 0)
(1.81334e-42 -3.78787e-45 0)
(9.62144e-44 -1.59623e-46 0)
(4.21763e-45 -2.00268e-48 0)
(1.96379e-46 4.6522e-48 0)
(8.16037e-48 4.08686e-49 0)
(3.49678e-49 5.64677e-50 0)
(1.48643e-50 3.81092e-51 0)
(6.33663e-52 3.1644e-52 0)
(1.68508e-53 3.60575e-53 0)
(-1.54736e-52 3.16781e-52 0)
(-2.31261e-51 3.82134e-51 0)
(-1.7027e-50 5.6767e-50 0)
(-1.97753e-49 4.17278e-49 0)
(-1.52896e-49 4.88086e-48 0)
(5.87333e-49 4.15281e-48 0)
(5.42331e-49 -9.45062e-48 0)
(-7.5958e-49 -9.0866e-48 0)
(-7.5958e-49 9.0866e-48 0)
(5.42331e-49 9.45062e-48 0)
(5.87333e-49 -4.15281e-48 0)
(-1.52896e-49 -4.88086e-48 0)
(-1.97753e-49 -4.17278e-49 0)
(-1.70278e-50 -5.67659e-50 0)
(-2.32555e-51 -3.8032e-51 0)
(-3.12809e-52 1.07501e-54 0)
(-2.3376e-51 3.82015e-51 0)
(-1.7171e-50 5.70634e-50 0)
(-1.99909e-49 4.20782e-49 0)
(-1.67597e-49 4.93379e-48 0)
(4.06776e-49 4.51299e-48 0)
(5.89658e-49 -4.99117e-48 0)
(7.38444e-55 -9.87525e-48 0)
(-5.89644e-49 -4.99119e-48 0)
(-4.06576e-49 4.51266e-48 0)
(1.70747e-49 4.92881e-48 0)
(2.19832e-49 3.22587e-49 0)
(2.00162e-38 8.71631e-39 0)
(1.3959e-39 4.14095e-40 0)
(7.06642e-41 2.7155e-41 0)
(4.11308e-42 1.32837e-42 0)
(1.92339e-43 7.32958e-44 0)
(9.73027e-45 3.282e-45 0)
(4.21124e-46 1.56602e-46 0)
(1.89995e-47 6.63325e-48 0)
(7.7033e-49 2.89847e-49 0)
(3.18249e-50 1.26407e-50 0)
(1.25106e-51 5.50921e-52 0)
(4.9411e-53 2.65397e-53 0)
(1.53776e-54 1.9e-54 0)
(-5.45421e-54 1.22641e-53 0)
(-8.15173e-53 1.48622e-52 0)
(-6.00742e-52 2.20419e-51 0)
(-6.91107e-51 1.62814e-50 0)
(-5.3279e-51 1.89588e-49 0)
(2.05256e-50 1.6116e-49 0)
(1.89373e-50 -3.67017e-49 0)
(-2.65362e-50 -3.52804e-49 0)
(-2.65362e-50 3.52804e-49 0)
(1.89373e-50 3.67017e-49 0)
(2.05256e-50 -1.6116e-49 0)
(-5.3279e-51 -1.89588e-49 0)
(-6.91107e-51 -1.62814e-50 0)
(-6.00768e-52 -2.20415e-51 0)
(-8.19759e-53 -1.4792e-52 0)
(-1.10917e-53 4.12664e-56 0)
(-8.24021e-53 1.48575e-52 0)
(-6.05847e-52 2.21565e-51 0)
(-6.98703e-51 1.64178e-50 0)
(-5.84665e-51 1.91643e-49 0)
(1.42213e-50 1.75225e-49 0)
(2.06076e-50 -1.93871e-49 0)
(2.74375e-56 -3.83585e-49 0)
(-2.0607e-50 -1.93872e-49 0)
(-1.4214e-50 1.75211e-49 0)
(5.9598e-51 1.91445e-49 0)
(7.7065e-51 1.26127e-50 0)
(6.9177e-38 1.69575e-39 0)
(4.14214e-39 8.00945e-41 0)
(1.90449e-40 4.50521e-42 0)
(9.81746e-42 2.07975e-43 0)
(4.20964e-43 1.03799e-44 0)
(1.92493e-44 4.45561e-46 0)
(7.70089e-46 1.99075e-47 0)
(3.18414e-47 8.01108e-49 0)
(1.19106e-48 3.28244e-50 0)
(4.51324e-50 1.2788e-51 0)
(1.58387e-51 5.00876e-53 0)
(5.55894e-53 1.99559e-54 0)
(1.82386e-54 1.03492e-55 0)
(-1.35667e-55 4.35317e-55 0)
(-2.8845e-54 5.27454e-54 0)
(-2.13959e-53 7.77686e-53 0)
(-2.45283e-52 5.75127e-52 0)
(-1.88849e-52 6.63369e-51 0)
(7.28386e-52 5.62927e-51 0)
(6.71771e-52 -1.28376e-50 0)
(-9.41533e-52 -1.23354e-50 0)
(-9.41533e-52 1.23354e-50 0)
(6.71771e-52 1.28376e-50 0)
(7.28386e-52 -5.62927e-51 0)
(-1.88849e-52 -6.63369e-51 0)
(-2.45283e-52 -5.75127e-52 0)
(-2.13969e-53 -7.77671e-53 0)
(-2.90243e-54 -5.2496e-54 0)
(-3.93062e-55 1.45989e-57 0)
(-2.91743e-54 5.27287e-54 0)
(-2.15769e-53 7.81743e-53 0)
(-2.47973e-52 5.79968e-52 0)
(-2.07342e-52 6.70616e-51 0)
(5.04711e-52 6.12617e-51 0)
(7.31289e-52 -6.78477e-51 0)
(1.00618e-57 -1.34229e-50 0)
(-7.3127e-52 -6.7848e-51 0)
(-5.04448e-52 6.12567e-51 0)
(2.11417e-52 6.69898e-51 0)
(2.74273e-52 4.45931e-52 0)
(-4.13045e-39 1.06905e-38 0)
(-2.47786e-40 4.87738e-40 0)
(-1.16565e-41 2.49738e-41 0)
(-5.97599e-43 1.06813e-42 0)
(-2.58919e-44 4.86086e-44 0)
(-1.17275e-45 1.93923e-45 0)
(-4.70242e-47 7.98117e-47 0)
(-1.92104e-48 2.97545e-48 0)
(-7.1596e-50 1.12213e-49 0)
(-2.67459e-51 3.92072e-51 0)
(-9.29683e-53 1.36839e-52 0)
(-3.20505e-54 4.49739e-54 0)
(-1.04626e-55 1.47349e-55 0)
(-9.81082e-57 1.97645e-56 0)
(-9.51391e-56 1.87097e-55 0)
(-7.07433e-55 2.75422e-54 0)
(-8.05003e-54 2.04897e-53 0)
(-6.18291e-54 2.35508e-52 0)
(2.39014e-53 1.99693e-52 0)
(2.20283e-53 -4.55675e-52 0)
(-3.08873e-53 -4.37768e-52 0)
(-3.08873e-53 4.37768e-52 0)
(2.20283e-53 4.55675e-52 0)
(2.39014e-53 -1.99693e-52 0)
(-6.18291e-54 -2.35508e-52 0)
(-8.05003e-54 -2.04897e-53 0)
(-7.0746e-55 -2.75416e-54 0)
(-9.55655e-56 -1.86085e-55 0)
(-1.29921e-56 5.10052e-59 0)
(-9.60591e-56 1.86904e-55 0)
(-7.13415e-55 2.7685e-54 0)
(-8.13856e-54 2.06613e-53 0)
(-6.79474e-54 2.38075e-52 0)
(1.65658e-53 2.17412e-52 0)
(2.3997e-53 -2.40858e-52 0)
(3.42841e-59 -4.76525e-52 0)
(-2.39963e-53 -2.40859e-52 0)
(-1.6557e-53 2.17394e-52 0)
(6.93062e-54 2.37816e-52 0)
(9.02442e-54 1.59233e-53 0)
(-1.17408e-37 1.25042e-38 0)
(-6.98152e-39 5.62564e-40 0)
(-3.20501e-40 2.86238e-41 0)
(-1.6404e-41 1.21921e-42 0)
(-7.01177e-43 5.53014e-44 0)
(-3.1832e-44 2.199e-45 0)
(-1.26806e-45 9.02249e-47 0)
(-5.20527e-47 3.35285e-48 0)
(-1.93686e-48 1.26051e-49 0)
(-7.28427e-50 4.38847e-51 0)
(-2.53847e-51 1.52605e-52 0)
(-8.82965e-53 4.99046e-54 0)
(-2.88943e-54 1.61678e-55 0)
(-9.38186e-56 5.47828e-57 0)
(-5.9886e-57 6.3312e-57 0)
(-2.33622e-56 9.06994e-56 0)
(-2.64086e-55 6.77543e-55 0)
(-2.02596e-55 7.73039e-54 0)
(7.83964e-55 6.54531e-54 0)
(7.2228e-55 -1.49527e-53 0)
(-1.01296e-54 -1.43602e-53 0)
(-1.01296e-54 1.43602e-53 0)
(7.2228e-55 1.49527e-53 0)
(7.83964e-55 -6.54531e-54 0)
(-2.02596e-55 -7.73039e-54 0)
(-2.64084e-55 -6.77543e-55 0)
(-2.32757e-56 -9.06932e-56 0)
(-3.12215e-57 -6.15146e-57 0)
(-4.24577e-58 1.6714e-60 0)
(-3.13817e-57 6.17843e-57 0)
(-2.34704e-56 9.1165e-56 0)
(-2.66976e-55 6.83221e-55 0)
(-2.22747e-55 7.81487e-54 0)
(5.43384e-55 7.13162e-54 0)
(7.87086e-55 -7.90654e-54 0)
(1.14578e-60 -1.56422e-53 0)
(-7.87065e-55 -7.90658e-54 0)
(-5.4309e-55 7.13101e-54 0)
(2.27239e-55 7.80618e-54 0)
(2.96705e-55 5.27503e-55 0)
(-2.20026e-37 -3.65187e-39 0)
(-1.30754e-38 -2.55165e-40 0)
(-5.98655e-40 -1.43383e-41 0)
(-3.06249e-41 -6.24504e-43 0)
(-1.30649e-42 -2.84783e-44 0)
(-5.92852e-44 -1.13556e-45 0)
(-2.35819e-45 -4.66191e-47 0)
(-9.67615e-47 -1.73477e-48 0)
(-3.59629e-48 -6.52386e-50 0)
(-1.352e-49 -2.27349e-51 0)
(-4.70716e-51 -7.90761e-53 0)
(-1.63672e-52 -2.58769e-54 0)
(-5.35197e-54 -8.38283e-56 0)
(-1.73333e-55 -2.56612e-57 0)
(-5.43179e-57 1.23645e-58 0)
(-8.8396e-58 2.96099e-57 0)
(-8.15073e-57 2.22918e-56 0)
(-6.23669e-57 2.53606e-55 0)
(2.4178e-56 2.14576e-55 0)
(2.22625e-56 -4.90457e-55 0)
(-3.1233e-56 -4.70943e-55 0)
(-3.1233e-56 4.70943e-55 0)
(2.22625e-56 4.90457e-55 0)
(2.4178e-56 -2.14576e-55 0)
(-6.23655e-57 -2.53606e-55 0)
(-8.14603e-57 -2.22919e-56 0)
(-7.22174e-58 -2.96321e-57 0)
(-9.62742e-59 -2.01047e-58 0)
(-1.31233e-59 5.37471e-62 0)
(-9.67663e-59 2.01921e-58 0)
(-7.28196e-58 2.97852e-57 0)
(-8.2352e-57 2.24775e-56 0)
(-6.86239e-57 2.56366e-55 0)
(1.67612e-56 2.33888e-55 0)
(2.42743e-56 -2.59361e-55 0)
(3.61221e-62 -5.13138e-55 0)
(-2.42736e-56 -2.59362e-55 0)
(-1.6752e-56 2.33867e-55 0)
(7.00219e-57 2.56078e-55 0)
(9.17212e-57 1.73997e-56 0)
(-6.94752e-39 -1.99941e-38 0)
(-4.12774e-40 -1.07898e-39 0)
(-1.88802e-41 -5.75774e-41 0)
(-9.65654e-43 -2.47751e-42 0)
(-4.11654e-44 -1.12647e-43 0)
(-1.86767e-45 -4.48219e-45 0)
(-7.42482e-47 -1.83908e-46 0)
(-3.04607e-48 -6.83466e-48 0)
(-1.13161e-49 -2.56918e-49 0)
(-4.25355e-51 -8.94423e-51 0)
(-1.4804e-52 -3.10973e-52 0)
(-5.14671e-54 -1.01679e-53 0)
(-1.68244e-55 -3.29271e-55 0)
(-5.4481e-57 -1.01358e-56 0)
(-1.70586e-58 -3.01126e-58 0)
(-2.72e-59 8.24518e-59 0)
(-2.49008e-58 6.91412e-58 0)
(-1.90324e-58 7.82323e-57 0)
(7.38505e-58 6.61115e-57 0)
(6.7978e-58 -1.51255e-56 0)
(-9.53864e-58 -1.45195e-56 0)
(-9.53864e-58 1.45195e-56 0)
(6.7978e-58 1.51255e-56 0)
(7.38505e-58 -6.61115e-57 0)
(-1.9032e-58 -7.82323e-57 0)
(-2.4886e-58 -6.91666e-58 0)
(-2.21167e-59 -9.13783e-59 0)
(-2.92508e-60 -6.21435e-60 0)
(-3.98644e-61 1.32334e-63 0)
(-2.9399e-60 6.24149e-60 0)
(-2.22998e-59 9.18487e-59 0)
(-2.5157e-58 6.97409e-58 0)
(-2.0951e-58 7.90834e-57 0)
(5.11975e-58 7.2109e-57 0)
(7.4143e-58 -8.00069e-57 0)
(1.12386e-63 -1.58292e-56 0)
(-7.41409e-58 -8.00073e-57 0)
(-5.11691e-58 7.21026e-57 0)
(2.13794e-58 7.89934e-57 0)
(2.80726e-58 5.41156e-58 0)
(2.196e-37 -4.71999e-39 0)
(1.30499e-38 -3.08906e-40 0)
(5.97462e-40 -1.71582e-41 0)
(3.05636e-41 -7.45426e-43 0)
(1.30382e-42 -3.39725e-44 0)
(5.9164e-44 -1.35412e-45 0)
(2.3533e-45 -5.55869e-47 0)
(9.65601e-47 -2.06801e-48 0)
(3.58872e-48 -7.77646e-50 0)
(1.34914e-49 -2.70951e-51 0)
(4.69711e-51 -9.42338e-53 0)
(1.63321e-52 -3.08322e-54 0)
(5.34041e-54 -9.9874e-56 0)
(1.72951e-55 -3.0762e-57 0)
(5.3243e-57 -9.31167e-59 0)
(1.60816e-58 6.48747e-62 0)
(-2.53946e-60 2.11034e-59 0)
(-5.3855e-60 2.38994e-58 0)
(2.14539e-59 2.01838e-58 0)
(1.97346e-59 -4.61998e-58 0)
(-2.76998e-59 -4.43419e-58 0)
(-2.76994e-59 4.4342e-58 0)
(1.97346e-59 4.62012e-58 0)
(2.14499e-59 -2.01834e-58 0)
(-5.51939e-60 -2.38996e-58 0)
(-7.2297e-60 -2.11827e-59 0)
(-6.45163e-61 -2.77629e-60 0)
(-8.50686e-62 -1.77108e-61 0)
(-1.19202e-62 -1.17095e-62 0)
(-8.48237e-62 1.88661e-61 0)
(-6.50792e-61 2.79054e-60 0)
(-7.30811e-60 2.13568e-59 0)
(-6.08002e-60 2.41585e-58 0)
(1.48722e-59 2.20227e-58 0)
(2.15349e-59 -2.44391e-58 0)
(4.58209e-64 -4.83547e-58 0)
(-2.15344e-59 -2.44377e-58 0)
(-1.48643e-59 2.20205e-58 0)
(6.20474e-60 2.41306e-58 0)
(8.17119e-60 1.66086e-59 0)
(1.24919e-37 1.21947e-38 0)
(7.42894e-39 5.47631e-40 0)
(3.41032e-40 2.78473e-41 0)
(1.74557e-41 1.18524e-42 0)
(7.4611e-43 5.3744e-44 0)
(3.38725e-44 2.13584e-45 0)
(1.3493e-45 8.76085e-47 0)
(5.53874e-47 3.25402e-48 0)
(2.06086e-48 1.22301e-49 0)
(7.75049e-50 4.25599e-51 0)
(2.70083e-51 1.47954e-52 0)
(9.39416e-53 4.83618e-54 0)
(3.07401e-54 1.56596e-55 0)
(9.95844e-56 4.81956e-57 0)
(3.06758e-57 1.46139e-58 0)
(9.30316e-59 4.31969e-60 0)
(2.497e-60 6.84121e-61 0)
(-7.68568e-62 6.92256e-60 0)
(6.17979e-61 5.93992e-60 0)
(5.62353e-61 -1.33582e-59 0)
(-7.93485e-61 -1.28674e-59 0)
(-7.7965e-61 1.28868e-59 0)
(5.65799e-61 1.38606e-59 0)
(6.01641e-61 -5.79179e-60 0)
(-1.60176e-61 -6.91127e-60 0)
(-2.07514e-61 -6.39462e-61 0)
(-5.62792e-63 -7.52179e-62 0)
(-1.49961e-62 4.2121e-61 0)
(-1.36241e-62 -4.29567e-61 0)
(9.83978e-63 -2.85067e-62 0)
(-1.75346e-62 7.64787e-62 0)
(-2.07339e-61 6.28221e-61 0)
(-1.72192e-61 7.07666e-60 0)
(4.21874e-61 6.45955e-60 0)
(6.14463e-61 -7.17046e-60 0)
(1.59048e-62 -1.40395e-59 0)
(-6.17357e-61 -6.61417e-60 0)
(-4.39946e-61 6.35064e-60 0)
(1.67794e-61 6.9822e-60 0)
(2.56254e-61 1.14828e-61 0)
(9.26542e-39 7.07495e-39 0)
(5.56788e-40 3.22476e-40 0)
(2.62648e-41 1.64663e-41 0)
(1.3534e-42 7.03261e-43 0)
(5.8937e-44 3.19159e-44 0)
(2.68825e-45 1.27103e-45 0)
(1.08513e-46 5.21666e-47 0)
(4.46973e-48 1.94072e-48 0)
(1.67918e-49 7.29805e-50 0)
(6.33166e-51 2.54292e-51 0)
(2.2221e-52 8.84456e-53 0)
(7.74473e-54 2.89402e-54 0)
(2.54765e-55 9.37525e-56 0)
(8.26631e-57 2.88789e-57 0)
(2.55627e-58 8.75787e-59 0)
(7.70592e-60 2.37106e-60 0)
(2.00403e-61 -1.94781e-60 0)
(1.46925e-61 -6.87334e-61 0)
(1.05806e-61 3.21355e-60 0)
(-6.25713e-62 1.84588e-60 0)
(-7.34193e-62 -7.33786e-62 0)
(4.3529e-61 6.92628e-61 0)
(7.28348e-62 1.57075e-59 0)
(-4.15216e-61 2.17128e-60 0)
(-9.58822e-62 9.72375e-61 0)
(-3.38479e-62 -8.13926e-61 0)
(4.71334e-61 1.10114e-61 0)
(-4.58068e-61 1.48451e-59 0)
(-4.85307e-61 -1.49518e-59 0)
(4.47856e-61 -1.17727e-60 0)
(4.05011e-62 -1.4879e-61 0)
(6.05021e-62 2.00459e-61 0)
(5.82238e-62 2.3643e-60 0)
(-1.24823e-61 2.57058e-60 0)
(-4.30637e-62 -2.84316e-60 0)
(5.86034e-61 -2.03706e-61 0)
(-7.10418e-62 1.67198e-59 0)
(-5.52166e-61 -1.51234e-60 0)
(-3.39177e-61 -7.66527e-61 0)
(8.09029e-61 -1.28114e-59 0)
(1.10058e-39 5.30961e-40 0)
(6.7425e-41 2.48846e-41 0)
(3.21027e-42 1.27946e-42 0)
(1.66735e-43 5.56805e-44 0)
(7.28274e-45 2.53888e-45 0)
(3.32828e-46 1.02465e-46 0)
(1.34249e-47 4.22003e-48 0)
(5.52072e-49 1.58521e-49 0)
(2.06737e-50 5.97687e-51 0)
(7.76416e-52 2.09746e-52 0)
(2.71135e-53 7.31006e-54 0)
(9.39643e-55 2.40459e-55 0)
(3.07162e-56 7.80208e-57 0)
(9.89753e-58 2.41218e-58 0)
(3.02002e-59 6.47452e-60 0)
(-1.20681e-60 -6.21851e-60 0)
(-7.22361e-61 -7.43603e-59 0)
(5.35615e-60 -3.24199e-59 0)
(3.28452e-60 1.11158e-58 0)
(-2.89757e-60 8.12859e-59 0)
(-2.00743e-60 1.03704e-59 0)
(1.58318e-59 8.77997e-60 0)
(2.12228e-60 5.26378e-58 0)
(-1.4909e-59 8.22587e-59 0)
(-3.3025e-60 4.23422e-59 0)
(-1.11516e-60 -2.94255e-59 0)
(1.64776e-59 1.39279e-60 0)
(-1.58696e-59 5.12015e-58 0)
(-1.68793e-59 -5.15888e-58 0)
(1.5592e-59 -4.02467e-59 0)
(1.43271e-60 -5.17144e-60 0)
(2.43802e-60 6.64612e-60 0)
(2.32267e-60 7.88568e-59 0)
(-5.05967e-60 8.63259e-59 0)
(-2.30584e-60 -9.68199e-59 0)
(2.06085e-59 4.15594e-60 0)
(-1.99486e-60 5.84821e-58 0)
(-1.88462e-59 -6.4655e-59 0)
(-1.16764e-59 -3.31559e-59 0)
(2.7699e-59 -4.3894e-58 0)
(6.4178e-41 6.5101e-41 0)
(3.96675e-42 3.09516e-42 0)
(1.91851e-43 1.60388e-43 0)
(1.00162e-44 7.02229e-45 0)
(4.41969e-46 3.20726e-46 0)
(2.02613e-47 1.29644e-47 0)
(8.22761e-49 5.33007e-49 0)
(3.38938e-50 1.99943e-50 0)
(1.27478e-51 7.50892e-52 0)
(4.79135e-53 2.62588e-53 0)
(1.67768e-54 9.10138e-55 0)
(5.81457e-56 2.9785e-56 0)
(1.90338e-57 9.59789e-58 0)
(6.04107e-59 2.74776e-59 0)
(-4.83215e-60 -2.89532e-59 0)
(-7.73833e-59 -2.22873e-58 0)
(-2.738e-59 -2.58355e-57 0)
(1.95429e-58 -1.12692e-57 0)
(1.19796e-58 3.8619e-57 0)
(-1.06155e-58 2.82286e-57 0)
(-7.63954e-59 3.4734e-58 0)
(5.43601e-58 1.97259e-58 0)
(7.74189e-59 1.70529e-56 0)
(-5.09927e-58 2.7502e-57 0)
(-1.17658e-58 1.45731e-57 0)
(-4.31385e-59 -1.03563e-57 0)
(5.70408e-58 -4.61368e-59 0)
(-5.44964e-58 1.66624e-56 0)
(-5.81813e-58 -1.67969e-56 0)
(5.38044e-58 -1.30362e-57 0)
(4.94013e-59 -1.67186e-58 0)
(8.85113e-59 2.31193e-58 0)
(8.39316e-59 2.73832e-57 0)
(-1.85048e-58 2.99444e-57 0)
(-8.65377e-59 -3.37824e-57 0)
(7.18103e-58 3.72928e-59 0)
(-7.25035e-59 1.90861e-56 0)
(-6.51041e-58 -2.34349e-57 0)
(-3.92657e-58 -1.07956e-57 0)
(9.47639e-58 -1.4149e-56 0)
(-9.43856e-42 1.89578e-41 0)
(-4.97525e-43 1.11659e-42 0)
(-3.5036e-44 5.52075e-44 0)
(-1.69645e-45 2.79915e-45 0)
(-9.48761e-47 1.24821e-46 0)
(-4.21137e-48 5.6022e-48 0)
(-2.00709e-49 2.28221e-49 0)
(-8.19769e-51 9.24496e-51 0)
(-3.453e-52 3.47173e-52 0)
(-1.30383e-53 1.28613e-53 0)
(-4.95979e-55 4.47945e-55 0)
(-1.73865e-56 1.53086e-56 0)
(-6.07531e-58 4.90653e-58 0)
(-5.10276e-59 -5.37977e-59 0)
(-2.33327e-58 -1.03023e-57 0)
(-2.69026e-57 -7.63249e-57 0)
(-9.52351e-58 -8.9034e-56 0)
(6.79004e-57 -3.88729e-56 0)
(4.16095e-57 1.33101e-55 0)
(-3.70243e-57 9.72024e-56 0)
(-2.7658e-57 1.15278e-56 0)
(1.76006e-56 3.4142e-57 0)
(2.68943e-57 5.51742e-55 0)
(-1.64313e-56 9.1389e-56 0)
(-3.98839e-57 4.97866e-56 0)
(-1.5837e-57 -3.61222e-56 0)
(1.8646e-56 -4.55868e-57 0)
(-1.76482e-56 5.41721e-55 0)
(-1.89285e-56 -5.46331e-55 0)
(1.75205e-56 -4.19465e-56 0)
(1.61702e-57 -5.37046e-57 0)
(3.06087e-57 7.93548e-57 0)
(2.911e-57 9.42454e-56 0)
(-6.44355e-57 1.02113e-55 0)
(-3.11509e-57 -1.17001e-55 0)
(2.36673e-56 -2.08773e-57 0)
(-2.50807e-57 6.2196e-55 0)
(-2.12454e-56 -8.38531e-56 0)
(-1.23847e-56 -3.49036e-56 0)
(3.05399e-56 -4.55813e-55 0)
(-2.88385e-40 1.93872e-40 0)
(-1.58435e-41 1.17904e-41 0)
(-9.79519e-43 5.7545e-43 0)
(-4.7954e-44 2.98477e-44 0)
(-2.49849e-45 1.32562e-45 0)
(-1.10888e-46 6.05664e-47 0)
(-5.06455e-48 2.47051e-48 0)
(-2.05973e-49 1.01601e-49 0)
(-8.44321e-51 3.83221e-51 0)
(-3.1706e-52 1.43861e-52 0)
(-1.18444e-53 5.03669e-54 0)
(-4.12859e-55 1.73956e-55 0)
(-1.42676e-56 5.46704e-57 0)
(-1.54052e-57 -2.09132e-57 0)
(-7.9824e-57 -3.36598e-56 0)
(-9.27129e-56 -2.47304e-55 0)
(-3.2912e-56 -2.89235e-54 0)
(2.34022e-55 -1.26332e-54 0)
(1.43357e-55 4.32426e-54 0)
(-1.28078e-55 3.1561e-54 0)
(-9.88008e-56 3.598e-55 0)
(5.6919e-55 -1.9443e-57 0)
(9.26825e-56 1.66085e-53 0)
(-5.28884e-55 2.85574e-54 0)
(-1.3434e-55 1.60208e-54 0)
(-5.72487e-56 -1.18821e-54 0)
(6.08827e-55 -2.46705e-55 0)
(-5.70832e-55 1.63966e-53 0)
(-6.14969e-55 -1.65462e-53 0)
(5.6997e-55 -1.26399e-54 0)
(5.25568e-56 -1.60742e-55 0)
(1.04947e-55 2.58138e-55 0)
(9.92181e-56 3.06088e-54 0)
(-2.2255e-55 3.31741e-54 0)
(-1.09771e-55 -3.81686e-54 0)
(7.78572e-55 -1.80622e-55 0)
(-8.61412e-56 1.88922e-53 0)
(-6.92071e-55 -2.82552e-54 0)
(-3.90215e-55 -1.05971e-54 0)
(9.83495e-55 -1.36342e-53 0)
(-3.71635e-39 3.3375e-39 0)
(-2.02941e-40 2.01236e-40 0)
(-1.24014e-41 9.63408e-42 0)
(-6.05885e-43 4.97219e-43 0)
(-3.14481e-44 2.17931e-44 0)
(-1.39698e-45 9.92536e-46 0)
(-6.38477e-47 4.01136e-47 0)
(-2.6047e-48 1.64625e-48 0)
(-1.07142e-49 6.167e-50 0)
(-4.04164e-51 2.31091e-51 0)
(-1.51746e-52 8.0337e-53 0)
(-5.31341e-54 2.7632e-54 0)
(-1.85921e-55 8.25866e-56 0)
(-4.12372e-56 -7.07255e-56 0)
(-2.58352e-55 -1.09338e-54 0)
(-3.01184e-54 -7.97178e-54 0)
(-1.07045e-54 -9.39721e-53 0)
(7.60322e-54 -4.10928e-53 0)
(4.65619e-54 1.40508e-52 0)
(-4.17681e-54 1.02447e-52 0)
(-3.32702e-54 1.12325e-53 0)
(1.71215e-53 -3.34828e-54 0)
(3.01077e-54 5.05029e-52 0)
(-1.58126e-53 8.94959e-53 0)
(-4.26077e-54 5.16134e-53 0)
(-1.94767e-54 -3.90458e-53 0)
(1.8529e-53 -1.08768e-53 0)
(-1.7175e-53 5.01494e-52 0)
(-1.8609e-53 -5.06322e-52 0)
(1.72654e-53 -3.81922e-53 0)
(1.60386e-54 -4.8292e-54 0)
(3.39424e-54 8.33702e-54 0)
(3.2232e-54 9.92995e-53 0)
(-7.24618e-54 1.06464e-52 0)
(-3.68526e-54 -1.24629e-52 0)
(2.39279e-53 -9.13397e-54 0)
(-2.78661e-54 5.79409e-52 0)
(-2.10227e-53 -9.48019e-53 0)
(-1.13384e-53 -3.2237e-53 0)
(2.94127e-53 -4.12446e-52 0)
(-6.59599e-38 2.65869e-38 0)
(-3.49956e-39 1.55927e-39 0)
(-2.12032e-40 7.41184e-41 0)
(-1.01632e-41 3.78408e-42 0)
(-5.2481e-43 1.65629e-43 0)
(-2.30085e-44 7.52075e-45 0)
(-1.0481e-45 3.04563e-46 0)
(-4.23659e-47 1.25165e-47 0)
(-1.7389e-48 4.69839e-49 0)
(-6.51483e-50 1.7628e-50 0)
(-2.44147e-51 6.07083e-52 0)
(-8.48912e-53 2.05833e-53 0)
(-2.99735e-54 4.40727e-55 0)
(-1.2394e-54 -2.21026e-54 0)
(-8.32489e-54 -3.31534e-53 0)
(-9.78598e-53 -2.40116e-52 0)
(-3.48972e-53 -2.83816e-51 0)
(2.47055e-52 -1.24159e-51 0)
(1.51238e-52 4.24391e-51 0)
(-1.36207e-52 3.09255e-51 0)
(-1.11463e-52 3.24924e-52 0)
(5.20355e-52 -2.05526e-52 0)
(9.78234e-53 1.4015e-50 0)
(-4.77809e-52 2.59837e-51 0)
(-1.35441e-52 1.54401e-51 0)
(-6.58364e-53 -1.19358e-51 0)
(5.69598e-52 -4.19015e-52 0)
(-5.22092e-52 1.40134e-50 0)
(-5.68706e-52 -1.4159e-50 0)
(5.28457e-52 -1.0629e-51 0)
(4.90306e-53 -1.32565e-52 0)
(1.09714e-52 2.52137e-52 0)
(1.03391e-52 2.99879e-51 0)
(-2.35937e-52 3.22213e-51 0)
(-1.21792e-52 -3.77909e-51 0)
(7.41872e-52 -3.80054e-52 0)
(-9.02628e-53 1.6264e-50 0)
(-6.44515e-52 -2.95644e-51 0)
(-3.33222e-52 -9.06967e-52 0)
(8.89429e-52 -1.13521e-50 0)
(-5.33211e-37 3.76459e-37 0)
(-2.78658e-38 2.18293e-38 0)
(-1.64628e-39 1.00904e-39 0)
(-7.84072e-41 5.1162e-41 0)
(-4.00627e-42 2.19644e-42 0)
(-1.75418e-43 9.92158e-44 0)
(-7.9672e-45 3.9615e-45 0)
(-3.22702e-46 1.62094e-46 0)
(-1.32639e-47 5.99473e-48 0)
(-4.9797e-49 2.22852e-49 0)
(-1.86858e-50 7.38375e-51 0)
(-6.43884e-52 2.3919e-52 0)
(-2.41792e-53 5.80388e-55 0)
(-3.54035e-53 -6.73942e-53 0)
(-2.50686e-52 -1.00999e-51 0)
(-2.95565e-51 -7.26899e-51 0)
(-1.05526e-51 -8.67721e-50 0)
(7.46241e-51 -3.80139e-50 0)
(4.56691e-51 1.29761e-49 0)
(-4.12942e-51 9.44493e-50 0)
(-3.47498e-51 9.51891e-51 0)
(1.44277e-50 -9.06443e-51 0)
(2.95448e-51 3.99597e-49 0)
(-1.31432e-50 7.66621e-50 0)
(-3.99579e-51 4.68228e-50 0)
(-2.06829e-51 -3.68844e-50 0)
(1.60259e-50 -1.52134e-50 0)
(-1.44803e-50 4.02397e-49 0)
(-1.58884e-50 -4.06809e-49 0)
(1.47819e-50 -3.00776e-50 0)
(1.38585e-51 -3.70944e-51 0)
(3.29956e-51 7.64311e-51 0)
(3.12953e-51 9.15226e-50 0)
(-7.14186e-51 9.70729e-50 0)
(-3.79546e-51 -1.16125e-49 0)
(2.11219e-50 -1.43723e-50 0)
(-2.71476e-51 4.68557e-49 0)
(-1.80952e-50 -9.29314e-50 0)
(-8.80651e-51 -2.5903e-50 0)
(2.44775e-50 -3.21628e-49 0)
(-7.86507e-36 3.70978e-37 0)
(-3.94257e-37 1.96744e-38 0)
(-2.30743e-38 8.86008e-40 0)
(-1.06922e-39 4.45919e-41 0)
(-5.42664e-41 1.906e-42 0)
(-2.3308e-42 8.60025e-44 0)
(-1.05314e-43 3.42706e-45 0)
(-4.20605e-45 1.38956e-46 0)
(-1.72129e-46 3.94756e-48 0)
(-6.36762e-48 8.72159e-50 0)
(-2.36771e-49 -7.78138e-51 0)
(-7.85664e-51 -7.54402e-52 0)
(-3.25718e-52 -2.28236e-52 0)
(-1.065e-51 -1.88813e-51 0)
(-7.58895e-51 -2.81955e-50 0)
(-9.03738e-50 -2.01985e-49 0)
(-3.2398e-50 -2.41794e-48 0)
(2.28177e-49 -1.05971e-48 0)
(1.39586e-49 3.616e-48 0)
(-1.26707e-49 2.6305e-48 0)
(-1.09073e-49 2.53039e-49 0)
(4.11128e-49 -3.36895e-49 0)
(9.03363e-50 1.01147e-47 0)
(-3.71819e-49 2.0518e-48 0)
(-1.19658e-49 1.29217e-48 0)
(-6.53671e-50 -1.03993e-48 0)
(4.62971e-49 -4.9639e-49 0)
(-4.12728e-49 1.02777e-47 0)
(-4.55805e-49 -1.04004e-47 0)
(4.24844e-49 -7.6559e-49 0)
(3.97551e-50 -9.21423e-50 0)
(1.00354e-49 2.13279e-49 0)
(9.424e-50 2.5506e-48 0)
(-2.18812e-49 2.71793e-48 0)
(-1.17432e-49 -3.24802e-48 0)
(6.16196e-49 -4.84439e-49 0)
(-8.27839e-50 1.20385e-47 0)
(-5.21115e-49 -2.6642e-48 0)
(-2.39898e-49 -6.69597e-49 0)
(6.93231e-49 -8.05149e-48 0)
(-7.39438e-36 -1.26952e-37 0)
(-3.69703e-37 -3.43192e-38 0)
(-2.16286e-38 -1.8692e-39 0)
(-1.00042e-39 -9.8838e-41 0)
(-5.07559e-41 -4.27869e-42 0)
(-2.1771e-42 -1.93603e-43 0)
(-9.834e-44 -7.69687e-45 0)
(-3.92589e-45 -3.49683e-46 0)
(-1.59441e-46 -4.80291e-47 0)
(-4.66148e-48 -3.51301e-48 0)
(-1.11286e-49 -4.30876e-49 0)
(7.3068e-51 -2.8553e-50 0)
(-1.21757e-51 -6.71939e-51 0)
(-2.94746e-50 -5.33946e-50 0)
(-2.10879e-49 -8.03236e-49 0)
(-2.51848e-48 -5.72785e-48 0)
(-9.03922e-49 -6.94383e-47 0)
(6.35897e-48 -3.04871e-47 0)
(3.88899e-48 1.03852e-46 0)
(-3.54409e-48 7.54478e-47 0)
(-3.12705e-48 6.93888e-48 0)
(1.03952e-47 -1.17038e-47 0)
(2.51737e-48 2.69807e-46 0)
(-9.30006e-48 5.69002e-47 0)
(-3.25843e-48 3.68221e-47 0)
(-1.88476e-48 -3.01662e-47 0)
(1.19293e-47 -1.59923e-47 0)
(-1.04398e-47 2.76582e-46 0)
(-1.16404e-47 -2.80065e-46 0)
(1.08656e-47 -2.02322e-47 0)
(1.03177e-48 -2.389e-48 0)
(2.78513e-48 6.05171e-48 0)
(2.63961e-48 7.30946e-47 0)
(-6.11094e-48 7.66646e-47 0)
(-3.37471e-48 -9.37617e-47 0)
(1.61122e-47 -1.59076e-47 0)
(-2.2972e-48 3.25249e-46 0)
(-1.33947e-47 -7.83725e-47 0)
(-5.65017e-48 -1.7914e-47 0)
(1.73536e-47 -2.13072e-46 0)
(7.39435e-36 -1.26926e-37 0)
(3.69701e-37 -3.43172e-38 0)
(2.16285e-38 -1.86909e-39 0)
(1.00041e-39 -9.88329e-41 0)
(5.07556e-41 -4.27753e-42 0)
(2.17708e-42 -1.91823e-43 0)
(9.82241e-44 -6.80075e-45 0)
(3.84636e-45 -1.16069e-45 0)
(1.92268e-46 -9.33855e-46 0)
(4.37359e-47 -7.83523e-47 0)
(3.43108e-48 -1.05737e-47 0)
(4.38624e-49 -7.11895e-49 0)
(-2.64748e-50 -1.70786e-49 0)
(-8.39504e-49 -1.35543e-48 0)
(-5.9807e-48 -2.0414e-47 0)
(-7.23378e-47 -1.45316e-46 0)
(-2.60948e-47 -1.76687e-45 0)
(1.82637e-46 -7.76072e-46 0)
(1.11649e-46 2.64255e-45 0)
(-1.0214e-46 1.91877e-45 0)
(-9.18469e-47 1.67555e-46 0)
(2.77115e-46 -3.56608e-46 0)
(7.23051e-47 6.1366e-45 0)
(-2.45619e-46 1.38901e-45 0)
(-9.17677e-47 9.27751e-46 0)
(-5.56587e-47 -7.76451e-46 0)
(3.23356e-46 -4.56978e-46 0)
(-2.78384e-46 6.3682e-45 0)
(-3.12892e-46 -6.45659e-45 0)
(2.92715e-46 -4.64696e-46 0)
(2.7707e-47 -5.26175e-47 0)
(7.95568e-47 1.54218e-46 0)
(7.44237e-47 1.8606e-45 0)
(-1.75856e-46 1.96724e-45 0)
(-9.75606e-47 -2.39413e-45 0)
(4.41679e-46 -4.63128e-46 0)
(-6.58346e-47 7.54889e-45 0)
(-3.61735e-46 -2.0457e-45 0)
(-1.41281e-46 -4.20584e-46 0)
(4.59055e-46 -4.77053e-45 0)
(7.86462e-36 3.71328e-37 0)
(3.94228e-37 1.97012e-38 0)
(2.30721e-38 8.87416e-40 0)
(1.0691e-39 4.46329e-41 0)
(5.42626e-41 1.93336e-42 0)
(2.33051e-42 1.3562e-43 0)
(1.02471e-43 2.85188e-44 0)
(2.25089e-45 -2.26162e-44 0)
(9.79874e-46 -2.48147e-44 0)
(9.67214e-46 -2.06431e-45 0)
(8.16154e-47 -2.80271e-46 0)
(1.09577e-47 -1.86927e-47 0)
(-6.78625e-49 -4.49936e-48 0)
(-2.13381e-47 -3.56147e-47 0)
(-1.51749e-46 -5.42094e-46 0)
(-1.84089e-45 -3.85018e-45 0)
(-6.64874e-46 -4.75921e-44 0)
(4.64767e-45 -2.09519e-44 0)
(2.84047e-45 7.11833e-44 0)
(-2.60871e-45 5.16048e-44 0)
(-2.39816e-45 4.29009e-45 0)
(6.29369e-45 -1.08625e-44 0)
(1.84002e-45 1.52872e-43 0)
(-5.49229e-45 3.61647e-44 0)
(-2.2826e-45 2.48095e-44 0)
(-1.4594e-45 -2.11119e-44 0)
(7.53262e-45 -1.33736e-44 0)
(-6.32581e-45 1.60424e-43 0)
(-7.20416e-45 -1.62767e-43 0)
(6.75188e-45 -1.14368e-44 0)
(6.5252e-46 -1.25533e-45 0)
(2.0167e-45 4.08453e-45 0)
(1.9111e-45 4.9989e-44 0)
(-4.4846e-45 5.18182e-44 0)
(-2.56148e-45 -6.48384e-44 0)
(1.04824e-44 -1.36985e-44 0)
(-1.66809e-45 1.9108e-43 0)
(-8.40208e-45 -5.62652e-44 0)
(-2.85713e-45 -1.05185e-44 0)
(1.02793e-44 -1.1763e-43 0)
(5.27325e-37 3.82928e-37 0)
(2.74978e-38 2.23166e-38 0)
(1.618e-39 1.03362e-39 0)
(7.69479e-41 5.16234e-41 0)
(4.01501e-42 2.79818e-42 0)
(1.73018e-43 1.23419e-42 0)
(-6.83189e-44 5.7847e-43 0)
(-5.22823e-44 -5.21089e-43 0)
(2.18269e-44 -5.68343e-43 0)
(2.58695e-44 -4.7122e-44 0)
(2.15671e-45 -6.3805e-45 0)
(2.90724e-46 -4.24773e-46 0)
(-1.78391e-47 -1.02343e-46 0)
(-5.66728e-46 -8.09259e-46 0)
(-4.02131e-45 -1.23415e-44 0)
(-4.95987e-44 -8.78967e-44 0)
(-1.803e-44 -1.08996e-42 0)
(1.25187e-43 -4.80049e-43 0)
(7.64754e-44 1.63019e-42 0)
(-7.05054e-44 1.18121e-42 0)
(-6.58342e-44 9.25792e-44 0)
(1.56691e-43 -2.83702e-43 0)
(4.95758e-44 3.0557e-42 0)
(-1.35047e-43 7.93372e-43 0)
(-6.03712e-44 5.62469e-43 0)
(-4.02366e-44 -4.89022e-43 0)
(1.91415e-43 -3.35687e-43 0)
(-1.57534e-43 3.26379e-42 0)
(-1.81219e-43 -3.31724e-42 0)
(1.70304e-43 -2.32477e-43 0)
(1.6366e-44 -2.37027e-44 0)
(5.4021e-44 9.36903e-44 0)
(5.03225e-44 1.14567e-42 0)
(-1.21023e-43 1.20275e-42 0)
(-6.90399e-44 -1.4897e-42 0)
(2.69822e-43 -3.4821e-43 0)
(-4.48631e-44 3.93172e-42 0)
(-2.12566e-43 -1.31877e-42 0)
(-6.43653e-44 -2.20649e-43 0)
(2.53355e-43 -2.29545e-42 0)
(-4.80567e-38 7.84862e-38 0)
(-3.29506e-39 5.24059e-39 0)
(-3.02349e-40 2.36804e-40 0)
(-1.51992e-41 -1.25482e-41 0)
(1.22878e-42 1.40289e-41 0)
(-5.93555e-45 2.85744e-41 0)
(-1.74382e-42 1.44878e-41 0)
(-1.20354e-42 -1.31755e-41 0)
(5.00016e-43 -1.43384e-41 0)
(5.92513e-43 -1.16364e-42 0)
(4.92368e-44 -1.57326e-43 0)
(6.61955e-45 -1.0323e-44 0)
(-4.05401e-46 -2.48834e-45 0)
(-1.29047e-44 -1.96679e-44 0)
(-9.18231e-44 -3.04455e-43 0)
(-1.13619e-42 -2.17075e-42 0)
(-4.13699e-43 -2.75225e-41 0)
(2.86532e-42 -1.21579e-41 0)
(1.75016e-42 4.11654e-41 0)
(-1.61988e-42 2.97697e-41 0)
(-1.54292e-42 2.20833e-42 0)
(3.12674e-42 -7.81207e-42 0)
(1.13573e-42 7.10656e-41 0)
(-2.6298e-42 1.93923e-41 0)
(-1.35079e-42 1.41101e-41 0)
(-9.45506e-43 -1.24567e-41 0)
(3.95797e-42 -9.01813e-42 0)
(-3.14478e-42 7.70099e-41 0)
(-3.68746e-42 -7.83297e-41 0)
(3.47362e-42 -5.31627e-42 0)
(3.43985e-43 -5.14899e-43 0)
(1.23295e-42 2.31007e-42 0)
(1.16959e-42 2.88376e-41 0)
(-2.77581e-42 2.95216e-41 0)
(-1.6325e-42 -3.78343e-41 0)
(5.71633e-42 -9.41303e-42 0)
(-1.02216e-42 9.33096e-41 0)
(-4.37929e-42 -3.39087e-41 0)
(-1.02575e-42 -5.15083e-42 0)
(4.94603e-42 -5.26585e-41 0)
(-9.50832e-37 8.25149e-37 0)
(-5.45386e-38 5.8039e-38 0)
(-3.90595e-39 2.31834e-39 0)
(-1.5761e-40 -3.87621e-40 0)
(4.71539e-41 2.76847e-40 0)
(6.56078e-43 5.76372e-40 0)
(-4.38658e-41 2.92314e-40 0)
(-3.02453e-41 -2.65983e-40 0)
(1.2679e-41 -2.89354e-40 0)
(1.49539e-41 -2.33852e-41 0)
(1.21619e-42 -3.13067e-42 0)
(1.63278e-43 -2.04745e-43 0)
(-9.85459e-45 -4.91982e-44 0)
(-3.18427e-43 -3.90154e-43 0)
(-2.26836e-42 -6.05911e-42 0)
(-2.87014e-41 -4.36555e-41 0)
(-1.05565e-41 -5.55506e-40 0)
(7.21406e-41 -2.45505e-40 0)
(4.4061e-41 8.30775e-40 0)
(-4.09407e-41 6.00514e-40 0)
(-3.94635e-41 4.15729e-41 0)
(7.27871e-41 -1.75009e-40 0)
(2.86996e-41 1.20528e-39 0)
(-6.00726e-41 3.74154e-40 0)
(-3.34351e-41 2.81827e-40 0)
(-2.42355e-41 -2.54278e-40 0)
(9.43781e-41 -1.96423e-40 0)
(-7.31146e-41 1.34266e-39 0)
(-8.68384e-41 -1.36916e-39 0)
(8.20789e-41 -9.28654e-41 0)
(8.04397e-42 -7.80696e-42 0)
(3.09526e-41 4.66922e-41 0)
(2.87203e-41 5.82725e-40 0)
(-7.00018e-41 6.08082e-40 0)
(-4.07642e-41 -7.65823e-40 0)
(1.38215e-40 -2.06971e-40 0)
(-2.57044e-41 1.65475e-39 0)
(-1.03863e-40 -6.99104e-40 0)
(-1.99151e-41 -9.42235e-41 0)
(1.13395e-40 -8.57441e-40 0)
(-1.61751e-35 6.96373e-39 0)
(-8.67843e-37 5.85803e-39 0)
(-6.17583e-38 -1.32381e-38 0)
(-2.17735e-39 -1.31716e-38 0)
(1.00108e-39 6.38636e-39 0)
(1.62769e-41 1.36419e-38 0)
(-8.73489e-40 6.91945e-39 0)
(-5.98486e-40 -6.31526e-39 0)
(2.57138e-40 -6.85219e-39 0)
(3.01937e-40 -5.3726e-40 0)
(2.44515e-41 -7.14541e-41 0)
(3.25032e-42 -4.57618e-42 0)
(-1.95574e-43 -1.09677e-42 0)
(-6.33921e-42 -8.72223e-42 0)
(-4.56378e-41 -1.38387e-40 0)
(-5.79615e-40 -1.00342e-39 0)
(-2.15374e-40 -1.31712e-38 0)
(1.43338e-39 -5.84446e-39 0)
(8.77353e-40 1.96983e-38 0)
(-8.18631e-40 1.42029e-38 0)
(-8.01742e-40 9.22577e-40 0)
(1.24294e-39 -4.42037e-39 0)
(5.80533e-40 2.62579e-38 0)
(-9.73162e-40 8.60595e-39 0)
(-6.47839e-40 6.64489e-39 0)
(-4.8938e-40 -6.0778e-39 0)
(1.68604e-39 -4.87944e-39 0)
(-1.23735e-39 2.98126e-38 0)
(-1.51457e-39 -3.04208e-38 0)
(1.4363e-39 -1.97148e-39 0)
(1.47234e-40 -1.51163e-40 0)
(6.22959e-40 1.06968e-39 0)
(5.94647e-40 1.37612e-38 0)
(-1.39235e-39 1.38988e-38 0)
(-8.30757e-40 -1.82733e-38 0)
(2.54347e-39 -5.15849e-39 0)
(-5.06484e-40 3.69936e-38 0)
(-1.84641e-39 -1.68378e-38 0)
(-1.92399e-40 -2.05284e-39 0)
(1.84656e-39 -1.83289e-38 0)
(-9.48521e-37 -7.04916e-37 0)
(-7.44498e-38 4.31126e-38 0)
(-2.26911e-38 -2.30753e-37 0)
(1.92538e-38 -2.26932e-37 0)
(2.69244e-38 1.09935e-37 0)
(5.61953e-40 2.34839e-37 0)
(-1.96991e-38 1.19066e-37 0)
(-1.31696e-38 -1.08754e-37 0)
(6.20599e-39 -1.17942e-37 0)
(7.15742e-39 -9.19255e-39 0)
(5.62082e-40 -1.19384e-39 0)
(7.42271e-41 -7.59805e-41 0)
(-4.37419e-42 -1.8021e-41 0)
(-1.44841e-40 -1.44897e-40 0)
(-1.04961e-39 -2.31261e-39 0)
(-1.37571e-38 -1.7197e-38 0)
(-5.32395e-39 -2.26759e-37 0)
(3.20685e-38 -1.00673e-37 0)
(1.97942e-38 3.39046e-37 0)
(-1.85589e-38 2.44361e-37 0)
(-1.81857e-38 1.45841e-38 0)
(2.80859e-38 -8.30895e-38 0)
(1.38568e-38 3.55184e-37 0)
(-2.05717e-38 1.41243e-37 0)
(-1.41312e-38 1.13156e-37 0)
(-1.07992e-38 -1.05833e-37 0)
(3.79689e-38 -8.9719e-38 0)
(-2.69364e-38 4.23378e-37 0)
(-3.3526e-38 -4.33757e-37 0)
(3.19288e-38 -2.82069e-38 0)
(3.20813e-39 -1.54194e-39 0)
(1.46851e-38 1.84276e-38 0)
(1.37552e-38 2.37325e-37 0)
(-3.10806e-38 2.4663e-37 0)
(-1.74897e-38 -3.15361e-37 0)
(5.73742e-38 -9.55686e-38 0)
(-1.11751e-38 5.40233e-37 0)
(-4.12961e-38 -2.95651e-37 0)
(-4.01973e-39 -3.15061e-38 0)
(3.9299e-38 -2.28402e-37 0)
(-3.30505e-39 2.55803e-36 0)
(-2.60793e-37 2.26552e-36 0)
(-2.44845e-37 -5.10489e-36 0)
(2.55249e-37 -5.08107e-36 0)
(3.77963e-37 2.46665e-36 0)
(9.63855e-39 5.25395e-36 0)
(-2.53073e-37 2.66173e-36 0)
(-1.4025e-37 -2.44163e-36 0)
(1.13697e-37 -2.63801e-36 0)
(1.23558e-37 -1.96496e-37 0)
(9.63152e-39 -2.51377e-38 0)
(1.2412e-39 -1.55072e-39 0)
(-7.27434e-41 -3.65277e-40 0)
(-2.42217e-39 -2.95869e-39 0)
(-1.80164e-38 -4.87426e-38 0)
(-2.37556e-37 -3.67972e-37 0)
(-1.04997e-37 -5.08093e-36 0)
(3.85985e-37 -2.26859e-36 0)
(2.54594e-37 7.59693e-36 0)
(-2.4116e-37 5.45658e-36 0)
(-2.27852e-37 3.01204e-37 0)
(4.68536e-37 -1.94956e-36 0)
(2.45732e-37 7.35143e-36 0)
(-2.4531e-37 3.08025e-36 0)
(-1.50764e-37 2.52483e-36 0)
(-1.04308e-37 -2.38887e-36 0)
(5.66077e-37 -2.08036e-36 0)
(-3.61591e-37 8.98153e-36 0)
(-4.75429e-37 -9.20302e-36 0)
(4.55089e-37 -5.57402e-37 0)
(4.91458e-38 -2.45503e-38 0)
(2.52783e-37 3.92127e-37 0)
(2.58055e-37 5.29008e-36 0)
(-3.63834e-37 5.26506e-36 0)
(-1.49388e-37 -7.1173e-36 0)
(8.25727e-37 -2.21766e-36 0)
(-1.17822e-37 1.15401e-35 0)
(-6.10728e-37 -6.7149e-36 0)
(-1.29897e-37 -6.42477e-37 0)
(4.7786e-37 -4.60494e-36 0)
(2.88996e-36 3.62099e-35 0)
(-3.58332e-37 3.14902e-35 0)
(-5.338e-37 -7.07686e-35 0)
(7.67834e-37 -7.04612e-35 0)
(3.14723e-36 3.41991e-35 0)
(2.06579e-37 7.2851e-35 0)
(-3.38063e-37 3.68775e-35 0)
(2.21329e-36 -3.38739e-35 0)
(2.95317e-36 -3.65692e-35 0)
(2.78113e-36 -2.69664e-36 0)
(2.06435e-37 -3.266e-37 0)
(2.61652e-38 -1.98787e-38 0)
(-1.48671e-39 -4.56708e-39 0)
(-5.10975e-38 -3.79742e-38 0)
(-3.86593e-37 -6.33544e-37 0)
(-5.35728e-36 -5.06814e-36 0)
(-3.14974e-36 -7.04597e-35 0)
(-1.65008e-36 -3.14825e-35 0)
(3.69312e-37 1.05298e-34 0)
(-4.76467e-37 7.56073e-35 0)
(5.20307e-37 3.73478e-36 0)
(1.51761e-35 -2.92064e-35 0)
(5.91628e-36 6.96204e-35 0)
(-4.39191e-36 4.05875e-35 0)
(2.04298e-36 3.4615e-35 0)
(2.94018e-36 -3.35104e-35 0)
(1.24964e-35 -3.05852e-35 0)
(-7.39886e-36 9.43894e-35 0)
(-9.9718e-36 -9.74109e-35 0)
(9.5994e-36 -5.98232e-36 0)
(9.96446e-37 -1.51065e-38 0)
(5.65573e-36 5.42546e-36 0)
(6.3084e-36 7.35418e-35 0)
(2.49753e-36 7.64151e-35 0)
(7.17325e-36 -9.88813e-35 0)
(1.40766e-35 -3.28061e-35 0)
(1.94083e-36 1.27789e-34 0)
(-1.33369e-35 -9.48354e-35 0)
(-1.21203e-35 -7.72086e-36 0)
(8.86275e-36 -3.46091e-35 0)
(6.53917e-35 7.75688e-34 0)
(3.60643e-34 6.81389e-34 0)
(3.33968e-34 -1.51758e-33 0)
(-3.30747e-34 -1.51163e-33 0)
(-3.21002e-34 7.35166e-34 0)
(2.86365e-36 1.55924e-33 0)
(3.60916e-34 7.88383e-34 0)
(3.97299e-34 -7.28885e-34 0)
(6.61876e-35 -7.82411e-34 0)
(3.95489e-35 -5.35519e-35 0)
(2.86185e-36 -6.30813e-36 0)
(3.40958e-37 -3.65847e-37 0)
(-1.91335e-38 -8.30487e-38 0)
(-6.65961e-37 -6.99414e-37 0)
(-5.38135e-36 -1.22543e-35 0)
(-7.62548e-35 -1.00822e-34 0)
(-9.31463e-35 -1.5116e-33 0)
(-7.30886e-34 -6.81248e-34 0)
(-3.6053e-34 2.25912e-33 0)
(3.34362e-34 1.61377e-33 0)
(3.94481e-34 7.17669e-35 0)
(5.39596e-34 -6.464e-34 0)
(1.08278e-34 1.44448e-33 0)
(3.69147e-36 8.52345e-34 0)
(3.97108e-34 7.41225e-34 0)
(4.05632e-34 -7.2368e-34 0)
(1.62655e-34 -6.71191e-34 0)
(-6.31765e-35 2.00226e-33 0)
(-9.98426e-35 -2.06209e-33 0)
(9.71799e-35 -1.11203e-34 0)
(1.16903e-35 1.33923e-36 0)
(8.02057e-35 1.07034e-34 0)
(1.41358e-34 1.56679e-33 0)
(7.66484e-34 1.53563e-33 0)
(8.03329e-34 -2.13984e-33 0)
(-1.11128e-34 -7.18223e-34 0)
(3.4543e-34 2.71152e-33 0)
(-1.69716e-34 -2.05862e-33 0)
(-8.1356e-34 -1.48427e-34 0)
(1.29876e-35 -7.08932e-34 0)
(2.22059e-33 7.42674e-33 0)
(2.13411e-32 6.52695e-33 0)
(1.99798e-32 -1.45064e-32 0)
(-1.99153e-32 -1.44574e-32 0)
(-2.04652e-32 7.02889e-33 0)
(5.76277e-35 1.49088e-32 0)
(2.13466e-32 7.52658e-33 0)
(2.21573e-32 -6.97727e-33 0)
(2.23499e-33 -7.47744e-33 0)
(8.74274e-34 -5.00367e-34 0)
(5.75951e-35 -5.18296e-35 0)
(6.60748e-36 -2.9085e-36 0)
(-3.5309e-37 -6.23385e-37 0)
(-1.29197e-35 -5.57523e-36 0)
(-1.08557e-34 -1.0078e-34 0)
(-1.6913e-33 -9.49105e-34 0)
(-3.60194e-33 -1.44572e-32 0)
(-4.21298e-32 -6.52563e-33 0)
(-2.13393e-32 2.15873e-32 0)
(1.99851e-32 1.54133e-32 0)
(2.28226e-32 5.84746e-34 0)
(2.50065e-32 -6.60805e-33 0)
(3.16062e-33 6.60294e-33 0)
(1.14783e-33 7.74323e-33 0)
(2.21746e-32 7.00998e-33 0)
(2.23068e-32 -6.99966e-33 0)
(4.10726e-33 -6.74671e-33 0)
(-1.10021e-33 1.23623e-32 0)
(-1.91652e-33 -1.29143e-32 0)
(1.88586e-33 -7.30854e-34 0)
(2.13382e-34 7.2785e-35 0)
(1.76135e-33 1.00982e-33 0)
(4.54468e-33 1.50407e-32 0)
(4.36682e-32 1.58901e-32 0)
(4.38252e-32 -2.0482e-32 0)
(-1.30298e-32 -7.25205e-33 0)
(1.94685e-32 1.87531e-32 0)
(-4.20391e-33 -2.00048e-32 0)
(-4.28525e-32 -1.1786e-33 0)
(-1.38627e-33 -1.78291e-34 0)
(5.77232e-32 1.49084e-31 0)
(9.03603e-31 1.33549e-31 0)
(8.55206e-31 -2.92153e-31 0)
(-8.54582e-31 -2.91317e-31 0)
(-8.94075e-31 1.42204e-31 0)
(5.6678e-34 2.99107e-31 0)
(9.03654e-31 1.50788e-31 0)
(9.12559e-31 -1.41325e-31 0)
(5.79183e-32 -1.49949e-31 0)
(9.52096e-33 -8.62651e-33 0)
(5.66535e-34 -8.81531e-34 0)
(5.50163e-35 -4.60548e-35 0)
(-2.83869e-36 -9.81473e-36 0)
(-1.0763e-34 -8.83259e-35 0)
(-1.07786e-33 -1.71745e-33 0)
(-1.84782e-32 -1.63746e-32 0)
(-1.06368e-31 -2.91313e-31 0)
(-1.76771e-30 -1.33531e-31 0)
(-9.03598e-31 4.35241e-31 0)
(8.55163e-31 3.0779e-31 0)
(9.52207e-31 9.87731e-33 0)
(9.23962e-31 -1.34852e-31 0)
(6.79535e-32 1.88025e-31 0)
(6.56656e-32 1.54663e-31 0)
(9.136e-31 1.41689e-31 0)
(9.13259e-31 -1.41887e-31 0)
(5.97549e-32 -1.37024e-31 0)
(7.64274e-33 3.08213e-31 0)
(-1.30895e-33 -3.17718e-31 0)
(1.9456e-33 -1.29285e-32 0)
(1.23803e-33 1.4028e-33 0)
(1.91209e-32 1.72457e-32 0)
(1.17511e-31 2.99977e-31 0)
(1.81776e-30 2.91428e-31 0)
(1.78427e-30 -4.17758e-31 0)
(-6.98507e-31 -1.46094e-31 0)
(8.16201e-31 4.39534e-31 0)
(-5.88466e-32 -4.07617e-31 0)
(-1.72128e-30 -2.09775e-32 0)
(-1.01527e-31 -5.66724e-32 0)
)
;

boundaryField
{
    leftWall
    {
        type            fixedValue;
        value           nonuniform 0();
    }
    rightWall
    {
        type            fixedValue;
        value           uniform (0 0 0);
    }
    lowerWall
    {
        type            fixedValue;
        value           uniform (0 0 0);
    }
    atmosphere
    {
        type            pressureInletOutletVelocity;
        value           nonuniform 0();
    }
    defaultFaces
    {
        type            empty;
    }
    procBoundary1to0
    {
        type            processor;
        value           nonuniform List<vector> 
44
(
(-2.4176e-43 -6.26846e-43 0)
(-5.24722e-42 -9.39855e-42 0)
(-8.17554e-41 -1.30569e-40 0)
(-1.14822e-39 -1.81909e-39 0)
(-1.64195e-38 -2.19847e-38 0)
(-2.01075e-37 -2.78048e-37 0)
(-2.6436e-36 -2.78037e-36 0)
(-2.67163e-35 -3.20404e-35 0)
(-3.25225e-34 -2.37079e-34 0)
(-2.30049e-33 -2.58968e-33 0)
(-3.20271e-32 -1.16708e-32 0)
(5.69507e-33 -2.2689e-31 0)
(7.26805e-32 2.75841e-32 0)
(-1.86082e-33 2.56073e-31 0)
(-3.58236e-32 1.34596e-32 0)
(1.49294e-33 6.36165e-33 0)
(6.02231e-32 2.75555e-32 0)
(1.15642e-31 4.33408e-31 0)
(3.68356e-33 8.44401e-31 0)
(-1.15469e-31 4.59399e-31 0)
(-6.41694e-36 4.59974e-31 0)
(-6.41694e-36 4.59974e-31 0)
(-3.89462e-37 6.67745e-32 0)
(-4.15039e-38 3.30848e-33 0)
(7.36483e-39 3.00087e-34 0)
(1.66199e-37 1.47525e-35 0)
(3.68797e-36 4.69874e-36 0)
(5.24957e-35 7.29319e-35 0)
(1.10305e-33 7.66817e-34 0)
(1.11373e-32 1.41239e-32 0)
(2.14592e-31 8.78134e-32 0)
(2.04509e-31 1.53283e-30 0)
(-2.04509e-31 1.53283e-30 0)
(-2.14592e-31 8.7813e-32 0)
(-1.11381e-32 1.41146e-32 0)
(-1.13087e-33 6.78009e-34 0)
(-7.76027e-34 -1.71025e-33 0)
(-1.42884e-32 3.70422e-36 0)
(-7.23698e-34 1.7834e-33 0)
(-2.78273e-35 8.8817e-35 0)
(-8.21055e-37 9.28855e-36 0)
(-3.6315e-38 4.33957e-37 0)
(1.41576e-39 3.24451e-38 0)
(2.07464e-38 1.87241e-38 0)
)
;
    }
    procBoundary1to3
    {
        type            processor;
        value           nonuniform List<vector> 
45
(
(5.89342e-36 6.92439e-41 0)
(7.72025e-35 -7.38794e-41 0)
(1.28061e-33 -7.98708e-41 0)
(1.20685e-32 -7.75053e-42 0)
(1.97358e-31 -1.3357e-42 0)
(1.1394e-30 -3.30351e-42 0)
(2.4828e-29 -2.863e-42 0)
(2.38723e-29 6.33302e-42 0)
(-2.38616e-29 6.30359e-42 0)
(-2.46421e-29 -3.07314e-42 0)
(9.70501e-33 -6.4981e-42 0)
(2.48289e-29 -3.2838e-42 0)
(2.50041e-29 3.05208e-42 0)
(1.14147e-30 3.26259e-42 0)
(1.85757e-31 2.1067e-43 0)
(9.70116e-33 2.49531e-44 0)
(9.35252e-34 1.34837e-45 0)
(-4.50179e-35 -7.73798e-46 0)
(-1.83236e-33 -2.11997e-44 0)
(-1.8464e-32 -5.10569e-43 0)
(-3.61858e-31 -1.0105e-41 0)
(-2.09806e-30 -2.01127e-40 0)
(-4.88753e-29 -1.57446e-39 0)
(-2.48279e-29 7.19438e-38 0)
(2.38713e-29 7.37859e-36 0)
(2.57853e-29 3.6264e-34 0)
(2.51879e-29 1.33368e-32 0)
(1.33603e-30 3.3018e-31 0)
(1.33094e-30 1.33369e-32 0)
(2.50236e-29 3.69946e-34 0)
(2.50146e-29 3.6264e-34 0)
(1.14068e-30 1.29743e-32 0)
(1.87698e-31 3.16843e-31 0)
(1.1684e-32 -3.16843e-31 0)
(1.04548e-33 -1.29741e-32 0)
(1.93361e-32 -3.47697e-34 0)
(3.70858e-31 3.64442e-34 0)
(2.27882e-30 1.36719e-32 0)
(4.98591e-29 3.38482e-31 0)
(4.92352e-29 1.40345e-32 0)
(-2.08177e-29 1.37085e-32 0)
(2.31005e-29 3.3018e-31 0)
(-1.12178e-30 1.29812e-32 0)
(-4.79197e-29 -1.2626e-32 0)
(-2.09985e-30 -3.16878e-31 0)
)
;
    }
}


// ************************************************************************* //
