/*--------------------------------*- C++ -*----------------------------------*\
| =========                 |                                                 |
| \\      /  F ield         | OpenFOAM: The Open Source CFD Toolbox           |
|  \\    /   O peration     | Version:  2.4.0                                 |
|   \\  /    A nd           | Web:      www.OpenFOAM.org                      |
|    \\/     M anipulation  |                                                 |
\*---------------------------------------------------------------------------*/
FoamFile
{
    version     2.0;
    format      ascii;
    class       volVectorField;
    location    "0.8";
    object      U;
}
// * * * * * * * * * * * * * * * * * * * * * * * * * * * * * * * * * * * * * //

dimensions      [0 1 -1 0 0 0 0];

internalField   nonuniform List<vector> 
1915
(
(1.50365e-40 -2.75992e-38 0)
(2.71235e-39 -4.80342e-39 0)
(1.30929e-39 -2.19301e-37 0)
(2.51137e-38 -3.82417e-38 0)
(8.86663e-39 -1.59074e-36 0)
(1.88585e-37 -2.77107e-37 0)
(5.4933e-38 -1.10251e-35 0)
(1.34364e-36 -1.9165e-36 0)
(3.06069e-37 -7.17859e-35 0)
(9.1306e-36 -1.24776e-35 0)
(1.42145e-36 -4.47497e-34 0)
(5.79067e-35 -7.75155e-35 0)
(4.99905e-36 -2.54797e-33 0)
(3.48541e-34 -4.42502e-34 0)
(4.36848e-36 -1.41654e-32 0)
(1.87131e-33 -2.43224e-33 0)
(-7.12761e-35 -6.62954e-32 0)
(9.51581e-33 -1.15106e-32 0)
(-5.75027e-34 -3.40143e-31 0)
(3.59172e-32 -5.57526e-32 0)
(-9.35368e-36 -3.04449e-36 0)
(-8.23219e-35 -2.03733e-35 0)
(-4.11444e-34 -1.42338e-34 0)
(-4.01733e-33 -1.0717e-34 0)
(-3.67985e-33 2.73655e-34 0)
(3.67985e-33 2.73655e-34 0)
(4.01733e-33 -1.07169e-34 0)
(4.11452e-34 -1.42336e-34 0)
(8.24421e-35 -2.0378e-35 0)
(9.69771e-36 -3.32375e-36 0)
(1.36225e-36 -3.94678e-37 0)
(1.50911e-37 -4.87458e-38 0)
(-1.65991e-42 -1.0221e-38 0)
(-1.50929e-37 -4.87507e-38 0)
(-1.36244e-36 -3.9473e-37 0)
(-9.69957e-36 -3.32429e-36 0)
(-8.24601e-35 -2.03832e-35 0)
(-4.11606e-34 -1.42385e-34 0)
(-4.01871e-33 -1.07569e-34 0)
(-3.6897e-33 2.70283e-34 0)
(3.59603e-33 2.52878e-34 0)
(3.59603e-33 -2.52878e-34 0)
(-3.6897e-33 -2.70283e-34 0)
(-4.01871e-33 1.07569e-34 0)
(-4.11606e-34 1.42385e-34 0)
(-8.24603e-35 2.03831e-35 0)
(-9.70144e-36 3.32374e-36 0)
(-1.38062e-36 3.89521e-37 0)
(-3.0718e-37 -4.84762e-40 0)
(-1.39642e-36 -3.94136e-37 0)
(-9.83616e-36 -3.36679e-36 0)
(-8.36681e-35 -2.0729e-35 0)
(-4.19923e-34 -1.45308e-34 0)
(-4.0913e-33 -1.24575e-34 0)
(-4.01733e-33 1.48725e-34 0)
(-1.61837e-39 2.91416e-34 0)
(4.01732e-33 1.48721e-34 0)
(4.09117e-33 -1.24611e-34 0)
(4.18518e-34 -1.45386e-34 0)
(7.68862e-35 -1.85665e-35 0)
(-3.60999e-36 1.37763e-36 0)
(-2.81606e-35 1.0868e-35 0)
(-1.36387e-34 7.58067e-35 0)
(-8.48106e-34 5.68885e-35 0)
(-7.36579e-34 -1.45471e-34 0)
(7.3658e-34 -1.45471e-34 0)
(8.48106e-34 5.68884e-35 0)
(1.36391e-34 7.58062e-35 0)
(2.82186e-35 1.08811e-35 0)
(3.85512e-36 1.67958e-36 0)
(5.60701e-37 1.91028e-37 0)
(6.64114e-38 2.23484e-38 0)
(-8.27128e-43 4.49e-39 0)
(-6.64203e-38 2.23503e-38 0)
(-5.60792e-37 1.9105e-37 0)
(-3.85599e-36 1.67981e-36 0)
(-2.82267e-35 1.08833e-35 0)
(-1.36459e-34 7.58286e-35 0)
(-8.48675e-34 5.70817e-35 0)
(-7.40503e-34 -1.43769e-34 0)
(7.07792e-34 -1.34397e-34 0)
(7.07792e-34 1.34397e-34 0)
(-7.40503e-34 1.43769e-34 0)
(-8.48675e-34 -5.70817e-35 0)
(-1.36459e-34 -7.58286e-35 0)
(-2.82268e-35 -1.08833e-35 0)
(-3.85687e-36 -1.67958e-36 0)
(-5.69029e-37 -1.88764e-37 0)
(-1.35339e-37 2.05152e-40 0)
(-5.7614e-37 1.908e-37 0)
(-3.91598e-36 1.69944e-36 0)
(-2.87195e-35 1.1052e-35 0)
(-1.39746e-34 7.73149e-35 0)
(-8.72971e-34 6.62608e-35 0)
(-8.48107e-34 -7.90371e-35 0)
(-8.2523e-40 -1.55016e-34 0)
(8.48098e-34 -7.90356e-35 0)
(8.72906e-34 6.62703e-35 0)
(1.39129e-34 7.72238e-35 0)
(2.55241e-35 8.2528e-36 0)
(-1.07168e-36 5.63344e-37 0)
(-7.05068e-36 4.19611e-36 0)
(-2.63182e-35 2.32719e-35 0)
(-1.27595e-34 1.60245e-35 0)
(-1.07396e-34 -4.42875e-35 0)
(1.07396e-34 -4.42875e-35 0)
(1.27595e-34 1.60244e-35 0)
(2.63188e-35 2.32716e-35 0)
(7.06129e-36 4.20088e-36 0)
(1.09971e-36 6.92848e-37 0)
(1.77607e-37 8.60951e-38 0)
(2.24832e-38 1.05051e-38 0)
(-3.31102e-43 2.21593e-39 0)
(-2.24867e-38 1.05062e-38 0)
(-1.77642e-37 8.61062e-38 0)
(-1.10004e-36 6.92964e-37 0)
(-7.0642e-36 4.202e-36 0)
(-2.63419e-35 2.32821e-35 0)
(-1.27776e-34 1.61117e-35 0)
(-1.08518e-34 -4.35841e-35 0)
(1.00154e-34 -3.99994e-35 0)
(1.00154e-34 3.99994e-35 0)
(-1.08518e-34 4.35841e-35 0)
(-1.27776e-34 -1.61117e-35 0)
(-2.63419e-35 -2.32821e-35 0)
(-7.06424e-36 -4.20199e-36 0)
(-1.10036e-36 -6.92847e-37 0)
(-1.80589e-37 -8.49771e-38 0)
(-4.59001e-38 1.0396e-40 0)
(-1.83115e-37 8.59789e-38 0)
(-1.12025e-36 7.02119e-37 0)
(-7.21875e-36 4.27756e-36 0)
(-2.72611e-35 2.38878e-35 0)
(-1.33714e-34 1.96092e-35 0)
(-1.27595e-34 -2.46006e-35 0)
(-1.86715e-40 -4.79498e-35 0)
(1.27594e-34 -2.45998e-35 0)
(1.33703e-34 1.96144e-35 0)
(2.7157e-35 2.38579e-35 0)
(6.66528e-36 3.18783e-36 0)
(-2.26917e-37 1.84251e-37 0)
(-1.28535e-36 1.27708e-36 0)
(-3.70875e-36 6.551e-36 0)
(-1.47292e-35 4.36851e-36 0)
(-1.21158e-35 -1.24615e-35 0)
(1.21158e-35 -1.24615e-35 0)
(1.47292e-35 4.36851e-36 0)
(3.70873e-36 6.55098e-36 0)
(1.28637e-36 1.27931e-36 0)
(2.25927e-37 2.28295e-37 0)
(3.96413e-38 3.01426e-38 0)
(5.31002e-39 3.88094e-39 0)
(-8.93325e-44 8.52642e-40 0)
(-5.31095e-39 3.88138e-39 0)
(-3.96504e-38 3.01471e-38 0)
(-2.2601e-37 2.28341e-37 0)
(-1.28709e-36 1.27974e-36 0)
(-3.7142e-36 6.55486e-36 0)
(-1.47695e-35 4.39907e-36 0)
(-1.23472e-35 -1.22294e-35 0)
(1.0789e-35 -1.11517e-35 0)
(1.0789e-35 1.11517e-35 0)
(-1.23472e-35 1.22294e-35 0)
(-1.47695e-35 -4.39907e-36 0)
(-3.7142e-36 -6.55486e-36 0)
(-1.2871e-36 -1.27973e-36 0)
(-2.26093e-37 -2.28294e-37 0)
(-4.03767e-38 -2.97122e-38 0)
(-1.08572e-38 4.12689e-41 0)
(-4.09953e-38 3.00963e-38 0)
(-2.30765e-37 2.31699e-37 0)
(-1.32128e-36 1.30599e-36 0)
(-3.89976e-36 6.75259e-36 0)
(-1.58245e-35 5.4462e-36 0)
(-1.47292e-35 -6.98825e-36 0)
(-2.75234e-41 -1.35663e-35 0)
(1.4729e-35 -6.98806e-36 0)
(1.58235e-35 5.44703e-36 0)
(3.89128e-36 6.73819e-36 0)
(1.26388e-36 9.60169e-37 0)
(-4.36611e-38 4.17585e-38 0)
(-2.13863e-37 2.76672e-37 0)
(-4.32332e-37 1.32501e-36 0)
(-1.26601e-36 8.55702e-37 0)
(-1.01266e-36 -2.51866e-36 0)
(1.01266e-36 -2.51866e-36 0)
(1.26601e-36 8.55702e-37 0)
(4.32289e-37 1.32503e-36 0)
(2.13753e-37 2.77312e-37 0)
(4.17514e-38 5.22848e-38 0)
(7.92542e-39 7.25007e-39 0)
(1.11244e-39 9.69685e-40 0)
(-2.10139e-44 2.1985e-40 0)
(-1.11265e-39 9.69804e-40 0)
(-7.9275e-39 7.25131e-39 0)
(-4.17698e-38 5.22971e-38 0)
(-2.1391e-37 2.77423e-37 0)
(-4.33438e-37 1.326e-36 0)
(-1.27409e-36 8.63062e-37 0)
(-1.05556e-36 -2.4654e-36 0)
(7.90819e-37 -2.23398e-36 0)
(7.90819e-37 2.23398e-36 0)
(-1.05556e-36 2.4654e-36 0)
(-1.27409e-36 -8.63062e-37 0)
(-4.33439e-37 -1.326e-36 0)
(-2.13912e-37 -2.77422e-37 0)
(-4.17884e-38 -5.22847e-38 0)
(-8.08558e-39 -7.13905e-39 0)
(-2.27781e-39 1.08774e-41 0)
(-8.21951e-39 7.23784e-39 0)
(-4.27626e-38 5.31312e-38 0)
(-2.2069e-37 2.83701e-37 0)
(-4.67107e-37 1.37092e-36 0)
(-1.44495e-36 1.08712e-36 0)
(-1.26601e-36 -1.42505e-36 0)
(-1.49183e-42 -2.75656e-36 0)
(1.26601e-36 -1.42502e-36 0)
(1.44511e-36 1.08714e-36 0)
(4.68361e-37 1.36671e-36 0)
(2.22026e-37 2.05207e-37 0)
(-7.46896e-39 8.47011e-39 0)
(-3.25003e-38 5.38503e-38 0)
(-4.43518e-38 2.47668e-37 0)
(-6.86408e-38 1.56897e-37 0)
(-5.10364e-38 -4.71108e-37 0)
(5.10364e-38 -4.71108e-37 0)
(6.86404e-38 1.56899e-37 0)
(4.43418e-38 2.47682e-37 0)
(3.24373e-38 5.40493e-38 0)
(6.91356e-39 1.06989e-38 0)
(1.39461e-39 1.54171e-39 0)
(2.03289e-40 2.13238e-40 0)
(-4.22717e-45 4.96042e-41 0)
(-2.03332e-40 2.13266e-40 0)
(-1.39501e-39 1.542e-39 0)
(-6.9171e-39 1.07017e-38 0)
(-3.24667e-38 5.40744e-38 0)
(-4.45521e-38 2.47895e-37 0)
(-7.00648e-38 1.58465e-37 0)
(-5.81603e-38 -4.60196e-37 0)
(1.71747e-38 -4.15492e-37 0)
(1.71747e-38 4.15492e-37 0)
(-5.81603e-38 4.60196e-37 0)
(-7.00648e-38 -1.58465e-37 0)
(-4.45522e-38 -2.47895e-37 0)
(-3.24671e-38 -5.40741e-38 0)
(-6.92069e-39 -1.06989e-38 0)
(-1.4248e-39 -1.51665e-39 0)
(-4.16765e-40 2.5017e-42 0)
(-1.44992e-39 1.53889e-39 0)
(-7.09801e-39 1.08842e-38 0)
(-3.36518e-38 5.54023e-38 0)
(-5.00413e-38 2.57027e-37 0)
(-9.53782e-38 2.01602e-37 0)
(-6.86404e-38 -2.6813e-37 0)
(4.05557e-43 -5.17187e-37 0)
(6.86466e-38 -2.6813e-37 0)
(9.54579e-38 2.01562e-37 0)
(5.0641e-38 2.55948e-37 0)
(3.54304e-38 3.9398e-38 0)
(-9.77962e-40 1.37891e-39 0)
(-4.76299e-39 8.95057e-39 0)
(-4.31124e-39 4.10227e-38 0)
(1.83828e-39 2.55508e-38 0)
(2.28363e-39 -7.81753e-38 0)
(-2.28278e-39 -7.81745e-38 0)
(-1.83349e-39 2.55587e-38 0)
(4.33888e-39 4.10773e-38 0)
(4.77496e-39 9.29618e-39 0)
(1.0841e-39 1.91249e-39 0)
(2.29106e-40 2.84574e-40 0)
(3.43755e-41 4.04367e-41 0)
(-7.73412e-46 9.61083e-42 0)
(-3.43833e-41 4.04424e-41 0)
(-2.29178e-40 2.84632e-40 0)
(-1.08473e-39 1.91305e-39 0)
(-4.78006e-39 9.30104e-39 0)
(-4.3745e-39 4.11177e-38 0)
(1.59922e-39 2.58481e-38 0)
(1.16314e-39 -7.62215e-38 0)
(-7.29211e-39 -6.85889e-38 0)
(-7.29211e-39 6.85889e-38 0)
(1.16314e-39 7.62215e-38 0)
(1.59922e-39 -2.58481e-38 0)
(-4.37451e-39 -4.11177e-38 0)
(-4.78014e-39 -9.30099e-39 0)
(-1.08536e-39 -1.91249e-39 0)
(-2.34342e-40 -2.79717e-40 0)
(-7.05472e-41 4.9236e-43 0)
(-2.38678e-40 2.84018e-40 0)
(-1.11525e-39 1.94752e-39 0)
(-4.97369e-39 9.54506e-39 0)
(-5.22434e-39 4.27408e-38 0)
(-2.05601e-39 3.31913e-38 0)
(1.83351e-39 -4.47298e-38 0)
(1.76977e-43 -8.60604e-38 0)
(-1.8315e-39 -4.47306e-38 0)
(2.0762e-39 3.31773e-38 0)
(5.37067e-39 4.25144e-38 0)
(5.45307e-39 6.685e-39 0)
(3.97299e-39 8.53197e-40 0)
(1.01095e-41 -9.30067e-40 0)
(-1.50272e-40 6.05117e-39 0)
(1.24028e-39 3.89972e-39 0)
(1.09103e-39 -1.22627e-38 0)
(-1.08467e-39 -1.22578e-38 0)
(-1.19911e-39 3.9517e-39 0)
(4.29353e-40 6.43572e-39 0)
(6.72797e-40 1.49578e-39 0)
(1.5976e-40 3.17604e-40 0)
(3.49251e-41 4.84727e-41 0)
(5.36115e-42 7.04246e-42 0)
(-1.28757e-46 1.70323e-42 0)
(-5.36243e-42 7.04351e-42 0)
(-3.4937e-41 4.84832e-41 0)
(-1.59861e-40 3.17704e-40 0)
(-6.73608e-40 1.49665e-39 0)
(-4.34908e-40 6.44277e-39 0)
(1.16343e-39 4.00107e-39 0)
(9.1998e-40 -1.19326e-38 0)
(-1.79385e-39 -1.07121e-38 0)
(-1.79385e-39 1.07121e-38 0)
(9.1998e-40 1.19326e-38 0)
(1.16343e-39 -4.00107e-39 0)
(-4.3491e-40 -6.44277e-39 0)
(-6.7362e-40 -1.49664e-39 0)
(-1.59963e-40 -3.17603e-40 0)
(-3.57584e-41 -4.76117e-41 0)
(-1.10121e-41 8.84005e-44 0)
(-3.6446e-41 4.83727e-41 0)
(-1.64612e-40 3.23685e-40 0)
(-7.02994e-40 1.53806e-39 0)
(-5.58923e-40 6.71104e-39 0)
(6.55957e-40 5.17221e-39 0)
(1.19918e-39 -7.04196e-39 0)
(4.21797e-44 -1.35208e-38 0)
(-1.19875e-39 -7.04223e-39 0)
(-6.52035e-40 5.16878e-39 0)
(5.8638e-40 6.66837e-39 0)
(7.95248e-40 1.06248e-39 0)
(7.49722e-38 -1.84228e-38 0)
(8.78351e-39 -1.59349e-38 0)
(2.44036e-39 -1.41412e-39 0)
(5.47732e-40 2.93966e-40 0)
(2.40794e-40 -1.82136e-39 0)
(-1.97184e-40 -1.7967e-39 0)
(-2.29389e-40 5.70974e-40 0)
(4.52516e-41 9.41464e-40 0)
(9.18915e-41 2.23922e-40 0)
(2.24919e-41 4.87585e-41 0)
(5.04145e-42 7.5995e-42 0)
(7.87715e-43 1.12424e-42 0)
(-1.98643e-47 2.75899e-43 0)
(-7.87911e-43 1.12442e-42 0)
(-5.04324e-42 7.60126e-42 0)
(-2.25069e-41 4.8775e-41 0)
(-9.20094e-41 2.24063e-40 0)
(-4.60337e-41 9.42606e-40 0)
(2.24625e-40 5.78925e-40 0)
(1.77952e-40 -1.74433e-39 0)
(-2.98314e-40 -1.56255e-39 0)
(-2.98314e-40 1.56255e-39 0)
(1.77952e-40 1.74433e-39 0)
(2.24624e-40 -5.78925e-40 0)
(-4.60339e-41 -9.42606e-40 0)
(-9.20113e-41 -2.24061e-40 0)
(-2.25224e-41 -4.87585e-41 0)
(-5.16589e-42 -7.46001e-42 0)
(-1.6192e-42 1.44756e-44 0)
(-5.26826e-42 7.58311e-42 0)
(-2.32039e-41 4.9727e-41 0)
(-9.62364e-41 2.30535e-40 0)
(-6.33615e-41 9.83627e-40 0)
(1.56046e-40 7.52965e-40 0)
(2.2979e-40 -1.03451e-39 0)
(8.10519e-45 -1.98273e-39 0)
(-2.2971e-40 -1.03457e-39 0)
(-1.55381e-40 7.52292e-40 0)
(6.78786e-41 9.76413e-40 0)
(1.11562e-40 1.57394e-40 0)
(1.11236e-36 2.04391e-37 0)
(1.38491e-37 -9.60725e-38 0)
(1.962e-38 -1.34439e-38 0)
(2.12556e-39 -1.28655e-39 0)
(2.48768e-40 -3.74169e-40 0)
(-8.8304e-42 -2.60569e-40 0)
(-3.22131e-41 7.79355e-41 0)
(5.19675e-42 1.31089e-40 0)
(1.20385e-41 3.17651e-41 0)
(3.01072e-42 7.05233e-42 0)
(6.87574e-43 1.11734e-42 0)
(1.09001e-43 1.67614e-43 0)
(-2.48831e-48 4.16062e-44 0)
(-1.09024e-43 1.67643e-43 0)
(-6.87755e-43 1.11763e-42 0)
(-3.01185e-42 7.05519e-42 0)
(-1.20423e-41 3.17912e-41 0)
(-5.14973e-42 1.31323e-40 0)
(3.33853e-41 7.99283e-41 0)
(2.63964e-41 -2.42854e-40 0)
(-4.22495e-41 -2.17166e-40 0)
(-4.22495e-41 2.17166e-40 0)
(2.63964e-41 2.42854e-40 0)
(3.33853e-41 -7.99283e-41 0)
(-5.14976e-42 -1.31323e-40 0)
(-1.20426e-41 -3.17909e-41 0)
(-3.01404e-42 -7.05267e-42 0)
(-7.04951e-43 -1.09632e-42 0)
(-2.2419e-43 2.20131e-45 0)
(-7.1927e-43 1.11487e-42 0)
(-3.10818e-42 7.19677e-42 0)
(-1.2617e-41 3.27404e-41 0)
(-7.45476e-42 1.37238e-40 0)
(2.4483e-41 1.04478e-40 0)
(3.40902e-41 -1.44607e-40 0)
(1.35087e-45 -2.76753e-40 0)
(-3.40775e-41 -1.44618e-40 0)
(-2.43818e-41 1.04362e-40 0)
(8.12387e-42 1.36111e-40 0)
(1.48879e-41 2.21453e-41 0)
(1.20702e-33 -1.18885e-30 0)
(2.00101e-31 -2.0808e-31 0)
(2.10583e-32 -1.18066e-29 0)
(-3.69048e-32 -1.39953e-30 0)
(2.03968e-31 1.53413e-30 0)
(-2.39193e-31 1.93138e-31 0)
(2.10711e-32 1.35223e-29 0)
(1.33017e-32 1.62563e-30 0)
(1.4558e-33 1.4497e-30 0)
(2.22688e-31 2.58805e-31 0)
(8.15805e-35 9.14476e-31 0)
(-3.5378e-32 1.73813e-31 0)
(6.67797e-35 3.16075e-30 0)
(-4.60712e-31 5.71923e-31 0)
(1.10179e-34 2.54357e-29 0)
(-7.81567e-31 3.34508e-30 0)
(3.33488e-36 4.69376e-29 0)
(-2.37019e-32 5.90586e-30 0)
(-1.09839e-34 2.67911e-29 0)
(7.78763e-31 3.50599e-30 0)
(4.89449e-31 5.88133e-31 0)
(7.25651e-32 1.21063e-31 0)
(1.09726e-32 1.65553e-32 0)
(1.25289e-33 2.42269e-33 0)
(1.42903e-34 7.14074e-34 0)
(7.606e-36 3.80805e-33 0)
(-6.50004e-35 3.39984e-32 0)
(-6.48849e-34 2.39803e-31 0)
(-4.70047e-33 1.99078e-30 0)
(-3.38769e-32 9.56959e-30 0)
(-2.97652e-32 8.50703e-29 0)
(2.97655e-32 8.50703e-29 0)
(3.38696e-32 9.56956e-30 0)
(4.43597e-33 1.99053e-30 0)
(-4.4909e-33 2.38268e-31 0)
(-7.29583e-32 2.33512e-32 0)
(-7.07508e-31 3.77545e-33 0)
(-7.30241e-32 1.10788e-32 0)
(-5.13975e-33 1.57862e-33 0)
(-2.63907e-34 2.55764e-34 0)
(-2.92466e-36 3.24428e-35 0)
(3.28747e-35 2.03711e-35 0)
(1.61105e-34 8.33793e-35 0)
(3.26247e-32 -2.28729e-32 0)
(6.29673e-33 -2.45535e-33 0)
(8.69009e-34 -2.60567e-34 0)
(1.2118e-34 -2.6704e-35 0)
(-7.8672e-33 -1.27926e-31 0)
(-1.39899e-33 -9.20888e-33 0)
(-1.92557e-34 -4.81601e-34 0)
(-2.31166e-35 -1.33131e-35 0)
(-5.30034e-32 1.83583e-32 0)
(-9.20305e-33 1.35477e-33 0)
(-1.24652e-33 7.01806e-35 0)
(-1.4843e-34 1.47734e-36 0)
(1.7943e-33 1.50658e-31 0)
(5.02758e-34 1.09553e-32 0)
(8.89858e-35 5.80072e-34 0)
(1.73358e-35 1.64062e-35 0)
(4.12207e-32 3.03861e-32 0)
(8.02143e-33 2.7656e-33 0)
(1.14589e-33 2.19314e-34 0)
(1.60859e-34 1.66732e-35 0)
(-8.03532e-33 2.95758e-32 0)
(-1.71942e-33 3.90527e-33 0)
(-2.68906e-34 5.05628e-34 0)
(-3.98227e-35 5.97367e-35 0)
(-9.00214e-32 7.52956e-32 0)
(-1.78504e-32 7.88836e-33 0)
(-2.60557e-33 7.87934e-34 0)
(-3.69005e-34 7.68147e-35 0)
(-1.48147e-31 3.30764e-31 0)
(-2.90512e-32 2.57574e-32 0)
(-4.188e-33 1.5455e-33 0)
(-5.89063e-34 6.64999e-35 0)
(-4.43223e-33 5.6051e-31 0)
(-8.64495e-34 4.14911e-32 0)
(-1.23864e-34 2.18542e-33 0)
(-1.73594e-35 5.3859e-35 0)
(1.47541e-31 3.45065e-31 0)
(2.89307e-32 2.67157e-32 0)
(4.17023e-33 1.58043e-33 0)
(5.86571e-34 6.49706e-35 0)
(9.56226e-32 7.64213e-32 0)
(1.89758e-32 7.87902e-33 0)
(2.77142e-33 7.68944e-34 0)
(3.92767e-34 7.32842e-35 0)
(1.62791e-32 2.07547e-32 0)
(3.42511e-33 2.76114e-33 0)
(5.294e-34 3.5927e-34 0)
(7.76845e-35 4.25911e-35 0)
(2.57238e-33 3.21803e-33 0)
(5.7711e-34 4.77834e-34 0)
(9.33706e-35 6.77823e-35 0)
(1.42677e-35 8.56017e-36 0)
(3.0535e-34 5.211e-34 0)
(7.16566e-35 8.40405e-35 0)
(1.19629e-35 1.27643e-35 0)
(1.87878e-36 1.69946e-36 0)
(-1.0412e-35 1.74651e-34 0)
(-4.06975e-36 3.71525e-35 0)
(-1.71049e-36 6.25559e-36 0)
(-3.31486e-37 9.63953e-37 0)
(-4.62797e-34 9.48977e-34 0)
(-1.24622e-34 2.15867e-34 0)
(-3.03723e-35 3.60628e-35 0)
(-5.28686e-36 5.61529e-36 0)
(-4.01655e-33 8.03576e-33 0)
(-1.05222e-33 1.72608e-33 0)
(-2.45468e-34 2.74128e-34 0)
(-4.14178e-35 4.10501e-35 0)
(-3.52444e-32 5.45255e-32 0)
(-8.71012e-33 1.05784e-32 0)
(-1.93658e-33 1.555e-33 0)
(-3.13379e-34 2.17399e-34 0)
(-2.24836e-31 4.03238e-31 0)
(-5.30315e-32 6.90293e-32 0)
(-1.10284e-32 9.0461e-33 0)
(-1.70161e-33 1.15584e-33 0)
(-1.53182e-30 1.8292e-30 0)
(-3.09883e-31 2.2919e-31 0)
(-6.08002e-32 2.1825e-32 0)
(-8.85034e-33 1.86062e-33 0)
(-1.33864e-30 1.14694e-29 0)
(-2.64623e-31 1.12386e-30 0)
(-5.14906e-32 8.36024e-32 0)
(-7.42549e-33 4.47192e-33 0)
(1.33864e-30 1.14695e-29 0)
(2.64623e-31 1.12386e-30 0)
(5.149e-32 8.36035e-32 0)
(7.42534e-33 4.47215e-33 0)
(1.53182e-30 1.82923e-30 0)
(3.09876e-31 2.29227e-31 0)
(6.07948e-32 2.18345e-32 0)
(8.84896e-33 1.86272e-33 0)
(2.24576e-31 4.03503e-31 0)
(5.29302e-32 6.93529e-32 0)
(1.09766e-32 9.12449e-33 0)
(1.68974e-33 1.17239e-33 0)
(3.01841e-32 5.61456e-32 0)
(7.27613e-33 1.25419e-32 0)
(1.41925e-33 2.00666e-33 0)
(2.09498e-34 3.06516e-34 0)
(-6.80043e-32 1.92749e-32 0)
(-1.43314e-32 1.49713e-32 0)
(-3.60104e-33 2.89401e-33 0)
(-6.2056e-34 5.30649e-34 0)
(-6.99762e-31 9.41244e-34 0)
(-1.05672e-31 2.1457e-34 0)
(-2.47071e-32 3.6071e-35 0)
(-3.80966e-33 6.5091e-36 0)
(-7.19743e-32 -1.11287e-32 0)
(-1.53704e-32 -1.32184e-32 0)
(-3.84222e-33 -2.61317e-33 0)
(-6.57637e-34 -4.79807e-34 0)
(-5.05525e-33 -1.60821e-33 0)
(-1.43022e-33 -1.9573e-33 0)
(-5.06666e-34 -4.31408e-34 0)
(-6.50175e-35 -3.15976e-36 0)
(-2.55728e-34 -2.59612e-34 0)
(-7.80552e-35 -2.97621e-34 0)
(4.94712e-35 7.66069e-35 0)
(3.95827e-34 6.84872e-34 0)
(2.30407e-35 -1.10078e-36 0)
(1.77885e-34 1.5556e-34 0)
(8.61635e-34 1.2036e-33 0)
(3.85507e-33 5.74712e-33 0)
(2.29869e-34 1.36634e-34 0)
(1.47962e-33 9.76792e-34 0)
(7.53889e-33 6.50338e-33 0)
(3.82068e-32 3.29716e-32 0)
(1.19792e-33 7.05839e-34 0)
(8.28611e-33 5.0944e-33 0)
(4.75666e-32 3.57358e-32 0)
(2.81069e-31 1.90825e-31 0)
(1.41993e-35 -2.28039e-36 0)
(1.53971e-36 -8.93348e-38 0)
(1.52822e-37 -3.65885e-39 0)
(1.47317e-38 -1.69832e-40 0)
(1.3373e-39 -3.70595e-41 0)
(1.1434e-40 -2.49055e-41 0)
(6.49578e-42 7.28179e-42 0)
(1.21204e-42 1.24125e-41 0)
(1.16283e-42 3.06186e-42 0)
(2.84529e-43 6.9741e-43 0)
(6.51258e-44 1.12678e-43 0)
(1.04044e-44 1.72389e-44 0)
(1.3895e-48 4.34561e-45 0)
(-1.03828e-44 1.72423e-44 0)
(-6.48088e-44 1.12713e-43 0)
(-2.80053e-43 6.97754e-43 0)
(-1.10251e-42 3.06501e-42 0)
(-4.27592e-43 1.24404e-41 0)
(3.24256e-42 7.5126e-42 0)
(2.55848e-42 -2.29986e-41 0)
(-4.01644e-42 -2.05357e-41 0)
(-4.01644e-42 2.05357e-41 0)
(2.55848e-42 2.29986e-41 0)
(3.24256e-42 -7.5126e-42 0)
(-4.27594e-43 -1.24404e-41 0)
(-1.10253e-42 -3.06498e-42 0)
(-2.80264e-43 -6.97487e-43 0)
(-6.64621e-44 -1.10486e-43 0)
(-2.13605e-44 2.32883e-46 0)
(-6.78364e-44 1.1242e-43 0)
(-2.89218e-43 7.12266e-43 0)
(-1.15654e-42 3.16039e-42 0)
(-6.41001e-43 1.30231e-41 0)
(2.43233e-42 9.86068e-42 0)
(3.30901e-42 -1.37531e-41 0)
(1.48432e-46 -2.6276e-41 0)
(-3.30766e-42 -1.37545e-41 0)
(-2.42176e-42 9.84731e-42 0)
(7.10612e-43 1.29043e-41 0)
(1.40029e-42 2.10533e-42 0)
(-2.20481e-36 9.13744e-37 0)
(-1.72802e-37 1.68573e-37 0)
(-1.04584e-38 1.71434e-38 0)
(-3.17129e-40 1.42527e-39 0)
(3.19796e-41 1.03594e-40 0)
(8.06459e-42 5.10577e-42 0)
(8.8611e-43 1.05388e-42 0)
(1.58351e-43 1.07766e-42 0)
(9.46649e-44 2.64022e-43 0)
(2.22798e-44 6.04589e-44 0)
(5.06649e-45 9.84759e-45 0)
(8.1371e-46 1.51573e-45 0)
(6.17999e-49 3.84252e-46 0)
(-8.05628e-46 1.51655e-45 0)
(-4.96727e-45 9.85425e-45 0)
(-2.11167e-44 6.04803e-44 0)
(-8.19816e-44 2.63371e-43 0)
(-3.03595e-44 1.05677e-42 0)
(2.45929e-43 6.34107e-43 0)
(1.93597e-43 -1.95254e-42 0)
(-3.02485e-43 -1.74129e-42 0)
(-3.02485e-43 1.74129e-42 0)
(1.93597e-43 1.95254e-42 0)
(2.45929e-43 -6.34107e-43 0)
(-3.03598e-44 -1.05677e-42 0)
(-8.19837e-44 -2.63368e-43 0)
(-2.11335e-44 -6.04566e-44 0)
(-5.09724e-45 -9.65727e-45 0)
(-1.65854e-45 2.06629e-47 0)
(-5.20501e-45 9.82819e-45 0)
(-2.1827e-44 6.17552e-44 0)
(-8.61124e-44 2.71701e-43 0)
(-4.63646e-44 1.10719e-42 0)
(1.86015e-43 8.3531e-43 0)
(2.51026e-43 -1.1705e-42 0)
(1.29977e-47 -2.23448e-42 0)
(-2.5091e-43 -1.17064e-42 0)
(-1.85145e-43 8.34026e-43 0)
(5.20239e-44 1.09633e-42 0)
(1.05775e-43 1.80166e-43 0)
(-1.44169e-35 -2.44115e-37 0)
(-1.2067e-36 -3.84559e-38 0)
(-8.9102e-38 -4.16782e-39 0)
(-5.38539e-39 -3.84772e-40 0)
(-2.24152e-40 -3.3751e-41 0)
(4.51669e-42 -2.91952e-42 0)
(2.25574e-42 -1.72797e-43 0)
(3.43847e-43 6.40864e-44 0)
(4.45086e-44 1.91797e-44 0)
(5.40435e-45 4.66567e-45 0)
(7.23268e-46 7.77339e-46 0)
(9.12925e-47 1.21416e-46 0)
(2.2619e-48 3.11144e-47 0)
(-6.2599e-47 1.2186e-46 0)
(-3.84258e-46 7.83811e-46 0)
(-1.62067e-45 4.75731e-45 0)
(-6.23248e-45 2.04464e-44 0)
(-2.25424e-45 8.10539e-44 0)
(1.88188e-44 4.83347e-44 0)
(1.47853e-44 -1.49697e-43 0)
(-2.30868e-44 -1.33345e-43 0)
(-2.30868e-44 1.33345e-43 0)
(1.47853e-44 1.49697e-43 0)
(1.88188e-44 -4.83347e-44 0)
(-2.25426e-45 -8.10538e-44 0)
(-6.23264e-45 -2.04462e-44 0)
(-1.622e-45 -4.75538e-45 0)
(-3.94459e-46 -7.67843e-46 0)
(-1.29258e-46 1.68547e-48 0)
(-4.02897e-46 7.81682e-46 0)
(-1.67598e-45 4.85956e-45 0)
(-6.55155e-45 2.11077e-44 0)
(-3.47932e-45 8.501e-44 0)
(1.42811e-44 6.38881e-44 0)
(1.92133e-44 -8.99952e-44 0)
(1.1038e-48 -1.7162e-43 0)
(-1.92036e-44 -9.00075e-44 0)
(-1.421e-44 6.37775e-44 0)
(3.93569e-45 8.41171e-44 0)
(8.15122e-45 1.38862e-44 0)
(2.4427e-36 -1.08881e-36 0)
(3.28716e-37 -1.98611e-37 0)
(3.82091e-38 -2.02696e-38 0)
(4.29943e-39 -1.69723e-39 0)
(4.41292e-40 -1.2849e-40 0)
(4.35964e-41 -8.94376e-42 0)
(4.03257e-42 -5.66379e-43 0)
(3.59665e-43 -2.65918e-44 0)
(3.08962e-44 -1.59547e-47 0)
(2.60729e-45 3.16367e-46 0)
(2.2334e-46 6.20642e-47 0)
(1.94454e-47 9.94672e-48 0)
(1.0852e-48 2.51105e-48 0)
(-4.54922e-48 9.62537e-48 0)
(-2.81034e-47 6.15932e-47 0)
(-1.17516e-46 3.71435e-46 0)
(-4.47663e-46 1.5864e-45 0)
(-1.59178e-46 6.23474e-45 0)
(1.35507e-45 3.69951e-45 0)
(1.06251e-45 -1.15098e-44 0)
(-1.66052e-45 -1.02427e-44 0)
(-1.66052e-45 1.02427e-44 0)
(1.06251e-45 1.15098e-44 0)
(1.35507e-45 -3.69951e-45 0)
(-1.59179e-46 -6.23473e-45 0)
(-4.47675e-46 -1.58638e-45 0)
(-1.17615e-46 -3.71281e-46 0)
(-2.8865e-47 -6.03264e-47 0)
(-9.53006e-48 1.34037e-49 0)
(-2.94904e-47 6.14234e-47 0)
(-1.2159e-46 3.79499e-46 0)
(-4.70964e-46 1.63832e-45 0)
(-2.47745e-46 6.5432e-45 0)
(1.03039e-45 4.90375e-45 0)
(1.38393e-45 -6.93263e-45 0)
(8.75926e-50 -1.32121e-44 0)
(-1.38318e-45 -6.93367e-45 0)
(-1.02496e-45 4.89452e-45 0)
(2.8206e-46 6.47086e-45 0)
(5.90988e-46 1.07382e-45 0)
(1.81081e-35 1.25177e-36 0)
(1.9388e-36 1.02373e-37 0)
(1.89117e-37 9.46015e-39 0)
(1.80563e-38 8.75072e-40 0)
(1.6174e-39 8.04113e-41 0)
(1.40874e-40 7.05391e-42 0)
(1.16839e-41 6.00639e-43 0)
(9.40949e-43 4.93569e-44 0)
(7.28244e-44 3.97603e-45 0)
(5.47967e-45 3.20747e-46 0)
(3.99334e-46 2.62101e-47 0)
(2.84035e-47 2.26209e-48 0)
(1.92365e-48 2.92122e-49 0)
(-2.05616e-49 7.23062e-49 0)
(-2.01117e-48 4.55424e-48 0)
(-8.40028e-48 2.72586e-47 0)
(-3.17714e-47 1.15498e-46 0)
(-1.11561e-47 4.49893e-46 0)
(9.62655e-47 2.65638e-46 0)
(7.53561e-47 -8.30219e-46 0)
(-1.17889e-46 -7.38133e-46 0)
(-1.17889e-46 7.38133e-46 0)
(7.53561e-47 8.30219e-46 0)
(9.62655e-47 -2.65638e-46 0)
(-1.11562e-47 -4.49893e-46 0)
(-3.17723e-47 -1.15496e-46 0)
(-8.40801e-48 -2.7247e-47 0)
(-2.07435e-48 -4.459e-48 0)
(-6.88313e-49 1.00676e-50 0)
(-2.11965e-48 4.54102e-48 0)
(-8.69485e-48 2.78578e-47 0)
(-3.34437e-47 1.19332e-46 0)
(-1.74764e-47 4.72495e-46 0)
(7.32901e-47 3.53079e-46 0)
(9.83398e-47 -5.01091e-46 0)
(6.70337e-51 -9.54289e-46 0)
(-9.82829e-47 -5.01174e-46 0)
(-7.28864e-47 3.52359e-46 0)
(1.99978e-47 4.67016e-46 0)
(4.23083e-47 7.78345e-47 0)
(-4.71699e-36 6.38653e-36 0)
(-5.19396e-37 6.10657e-37 0)
(-5.19941e-38 5.77132e-38 0)
(-5.0347e-39 5.14561e-39 0)
(-4.56552e-40 4.46286e-40 0)
(-3.99874e-41 3.68816e-41 0)
(-3.32999e-42 2.95742e-42 0)
(-2.68154e-43 2.27833e-43 0)
(-2.0716e-44 1.70465e-44 0)
(-1.55047e-45 1.23307e-45 0)
(-1.11936e-46 8.68362e-47 0)
(-7.84092e-48 5.94801e-48 0)
(-5.34833e-49 4.04905e-49 0)
(-5.84673e-50 7.72302e-50 0)
(-1.41033e-49 3.30852e-49 0)
(-5.74238e-49 1.96116e-48 0)
(-2.15563e-48 8.27046e-48 0)
(-7.4786e-49 3.19956e-47 0)
(6.53593e-48 1.88148e-47 0)
(5.10786e-48 -5.90222e-47 0)
(-7.9999e-48 -5.24348e-47 0)
(-7.9999e-48 5.24348e-47 0)
(5.10786e-48 5.90222e-47 0)
(6.53593e-48 -1.88148e-47 0)
(-7.47867e-49 -3.19956e-47 0)
(-2.15569e-48 -8.27036e-48 0)
(-5.74596e-49 -1.96021e-48 0)
(-1.42559e-49 -3.22358e-49 0)
(-4.75502e-50 7.34738e-52 0)
(-1.45699e-49 3.28329e-49 0)
(-5.94395e-49 2.00451e-48 0)
(-2.27039e-48 8.54749e-48 0)
(-1.17897e-48 3.36199e-47 0)
(4.98171e-48 2.50663e-47 0)
(6.67848e-48 -3.56781e-47 0)
(4.8715e-52 -6.79124e-47 0)
(-6.6744e-48 -3.56844e-47 0)
(-4.95316e-48 2.5012e-47 0)
(1.35528e-48 3.32151e-47 0)
(2.89102e-48 5.55907e-48 0)
(-4.19315e-35 7.19113e-36 0)
(-4.49997e-36 6.4425e-37 0)
(-4.40013e-37 5.90892e-38 0)
(-4.19523e-38 5.19524e-39 0)
(-3.75208e-39 4.47142e-40 0)
(-3.25565e-40 3.67496e-41 0)
(-2.68934e-41 2.93343e-42 0)
(-2.15405e-42 2.24999e-43 0)
(-1.65699e-43 1.67619e-44 0)
(-1.23725e-44 1.20653e-45 0)
(-8.92369e-46 8.4475e-47 0)
(-6.25769e-47 5.73839e-48 0)
(-4.25612e-48 3.80311e-49 0)
(-2.8348e-49 2.80228e-50 0)
(-2.74772e-50 2.42923e-50 0)
(-3.95273e-50 1.34933e-49 0)
(-1.43361e-49 5.65743e-49 0)
(-4.92158e-50 2.17372e-48 0)
(4.34646e-49 1.27311e-48 0)
(3.39199e-49 -4.00849e-48 0)
(-5.31773e-49 -3.55839e-48 0)
(-5.31773e-49 3.55839e-48 0)
(3.39199e-49 4.00849e-48 0)
(4.34646e-49 -1.27311e-48 0)
(-4.92121e-50 -2.17372e-48 0)
(-1.43296e-49 -5.65731e-49 0)
(-3.84192e-50 -1.3478e-49 0)
(-9.56717e-51 -2.2278e-50 0)
(-3.20338e-51 5.13191e-53 0)
(-9.77914e-51 2.26938e-50 0)
(-3.97523e-50 1.37853e-49 0)
(-1.50985e-49 5.84871e-49 0)
(-7.80007e-50 2.28528e-48 0)
(3.31581e-49 1.69998e-48 0)
(4.44213e-49 -2.42686e-48 0)
(3.42264e-53 -4.61706e-48 0)
(-4.43929e-49 -2.42732e-48 0)
(-3.29617e-49 1.69609e-48 0)
(9.0014e-50 2.25679e-48 0)
(1.93458e-49 3.7918e-49 0)
(-6.64662e-35 2.21039e-37 0)
(-7.1005e-36 -2.49007e-37 0)
(-6.91097e-37 -3.3469e-38 0)
(-6.56736e-38 -3.28685e-39 0)
(-5.85449e-39 -2.9355e-40 0)
(-5.06712e-40 -2.44581e-41 0)
(-4.17554e-41 -1.96368e-42 0)
(-3.33783e-42 -1.51137e-43 0)
(-2.56276e-43 -1.12853e-44 0)
(-1.91055e-44 -8.13859e-46 0)
(-1.37592e-45 -5.70628e-47 0)
(-9.63616e-47 -3.8803e-48 0)
(-6.54574e-48 -2.5695e-49 0)
(-4.33222e-49 -1.6316e-50 0)
(-2.84838e-50 4.92943e-52 0)
(-4.22649e-51 8.9882e-51 0)
(-9.29535e-51 3.78468e-50 0)
(-3.13065e-51 1.44627e-49 0)
(2.78811e-50 8.4415e-50 0)
(2.17288e-50 -2.66617e-49 0)
(-3.40979e-50 -2.36525e-49 0)
(-3.40979e-50 2.36525e-49 0)
(2.17288e-50 2.66617e-49 0)
(2.78815e-50 -8.4415e-50 0)
(-3.12426e-51 -1.44627e-49 0)
(-9.18838e-51 -3.78502e-50 0)
(-2.47762e-51 -9.04798e-51 0)
(-6.19263e-52 -1.50123e-51 0)
(-2.08135e-52 3.48175e-54 0)
(-6.33064e-52 1.5294e-51 0)
(-2.56419e-51 9.25548e-51 0)
(-9.68561e-51 3.91395e-50 0)
(-4.97848e-51 1.5211e-49 0)
(2.12884e-50 1.12942e-49 0)
(2.85007e-50 -1.61617e-49 0)
(2.30792e-54 -3.07355e-49 0)
(-2.84817e-50 -1.6165e-49 0)
(-2.11585e-50 1.12671e-49 0)
(5.76597e-51 1.50159e-49 0)
(1.24775e-50 2.53213e-50 0)
(-1.95131e-36 -6.25868e-36 0)
(-2.07926e-37 -1.06378e-36 0)
(-2.0185e-38 -1.17341e-37 0)
(-1.91445e-39 -1.0946e-38 0)
(-1.70339e-40 -9.60944e-40 0)
(-1.47208e-41 -7.9509e-41 0)
(-1.21129e-42 -6.3618e-42 0)
(-9.67099e-44 -4.88473e-43 0)
(-7.41668e-45 -3.64081e-44 0)
(-5.52365e-46 -2.62135e-45 0)
(-3.97421e-47 -1.83537e-46 0)
(-2.78099e-48 -1.24646e-47 0)
(-1.88761e-49 -8.24583e-49 0)
(-1.24876e-50 -5.30549e-50 0)
(-8.4096e-52 -3.23283e-51 0)
(-2.06317e-52 3.81991e-52 0)
(-5.79045e-52 2.43004e-51 0)
(-1.94324e-52 9.2807e-51 0)
(1.74825e-51 5.39908e-51 0)
(1.36082e-51 -1.71048e-50 0)
(-2.13727e-51 -1.51646e-50 0)
(-2.13727e-51 1.51646e-50 0)
(1.36082e-51 1.71048e-50 0)
(1.74826e-51 -5.39911e-51 0)
(-1.94143e-52 -9.28141e-51 0)
(-5.75978e-52 -2.44223e-51 0)
(-1.5606e-52 -5.85795e-52 0)
(-3.91073e-53 -9.75489e-53 0)
(-1.31836e-53 2.16293e-55 0)
(-3.99813e-53 9.93962e-53 0)
(-1.61541e-52 5.99309e-52 0)
(-6.07353e-52 2.52598e-51 0)
(-3.10834e-52 9.76548e-51 0)
(1.3358e-51 7.2376e-51 0)
(1.78737e-51 -1.03812e-50 0)
(1.52153e-55 -1.97347e-50 0)
(-1.78613e-51 -1.03833e-50 0)
(-1.32744e-51 7.21952e-51 0)
(3.61126e-52 9.63685e-51 0)
(7.86419e-52 1.63078e-51 0)
(6.61855e-35 -2.72687e-37 0)
(7.07067e-36 -3.08994e-37 0)
(6.88203e-37 -3.96009e-38 0)
(6.53998e-38 -3.84712e-39 0)
(5.83017e-39 -3.42482e-40 0)
(5.04614e-40 -2.85058e-41 0)
(4.1583e-41 -2.28793e-42 0)
(3.32409e-42 -1.76071e-43 0)
(2.55224e-43 -1.31465e-44 0)
(1.90272e-44 -9.4806e-46 0)
(1.3703e-45 -6.64724e-47 0)
(9.59683e-47 -4.52027e-48 0)
(6.51906e-48 -2.99383e-49 0)
(4.31357e-49 -1.92886e-50 0)
(2.77656e-50 -1.20617e-51 0)
(1.73444e-51 -3.73316e-53 0)
(7.1785e-53 1.49318e-52 0)
(-5.2948e-54 5.81902e-52 0)
(1.06724e-52 3.37862e-52 0)
(8.26873e-53 -1.07247e-51 0)
(-1.29962e-52 -9.50391e-52 0)
(-1.29944e-52 9.50437e-52 0)
(8.26818e-53 1.07285e-51 0)
(1.0633e-52 -3.37552e-52 0)
(-1.17151e-53 -5.82126e-52 0)
(-3.50302e-53 -1.53941e-52 0)
(-9.52071e-54 -3.7024e-53 0)
(-2.40595e-54 -5.99842e-54 0)
(-8.23545e-55 -1.91632e-55 0)
(-2.43675e-54 6.24608e-54 0)
(-9.86524e-54 3.78532e-53 0)
(-3.69356e-53 1.59239e-52 0)
(-1.88232e-53 6.12908e-52 0)
(8.12889e-53 4.5356e-52 0)
(1.08725e-52 -6.51799e-52 0)
(3.3028e-56 -1.23845e-51 0)
(-1.08661e-52 -6.51541e-52 0)
(-8.0804e-53 4.52143e-52 0)
(2.19381e-53 6.04453e-52 0)
(4.80717e-53 1.02529e-52 0)
(4.46603e-35 6.7319e-36 0)
(4.79528e-36 5.96519e-37 0)
(4.69106e-37 5.44033e-38 0)
(4.47435e-38 4.76832e-39 0)
(4.0031e-39 4.09607e-40 0)
(3.47452e-40 3.36119e-41 0)
(2.87093e-41 2.67946e-42 0)
(2.30007e-42 2.0526e-43 0)
(1.76972e-43 1.52735e-44 0)
(1.32171e-44 1.09807e-45 0)
(9.53476e-46 7.6787e-47 0)
(6.68751e-47 5.20882e-48 0)
(4.54912e-48 3.44234e-49 0)
(3.01383e-49 2.21341e-50 0)
(1.94235e-50 1.38893e-51 0)
(1.22051e-51 8.66076e-53 0)
(7.27804e-53 1.21217e-53 0)
(4.14259e-54 3.50105e-53 0)
(6.80513e-54 2.41214e-53 0)
(4.75835e-54 -6.21717e-53 0)
(-7.8976e-54 -5.70367e-53 0)
(-7.54338e-54 5.77974e-53 0)
(5.03755e-54 6.88754e-53 0)
(6.1766e-54 -1.82818e-53 0)
(-8.68161e-55 -3.40847e-53 0)
(-2.18544e-54 -1.02025e-53 0)
(-3.31325e-55 -2.73136e-54 0)
(-3.36328e-55 2.75769e-54 0)
(-2.94673e-55 -3.57385e-54 0)
(6.59424e-56 -4.95735e-55 0)
(-4.9527e-55 2.23956e-54 0)
(-2.03068e-54 1.04122e-53 0)
(-1.02166e-54 4.0044e-53 0)
(4.52427e-54 2.98357e-53 0)
(6.30052e-54 -4.22974e-53 0)
(4.23887e-55 -7.59745e-53 0)
(-6.5544e-54 -3.524e-53 0)
(-5.1304e-54 2.52852e-53 0)
(1.31748e-54 3.58823e-53 0)
(3.13169e-54 4.5144e-54 0)
(9.13299e-36 4.55784e-36 0)
(1.00231e-36 4.35852e-37 0)
(1.00109e-37 4.11473e-38 0)
(9.69258e-39 3.66404e-39 0)
(8.79426e-40 3.17222e-40 0)
(7.71629e-41 2.6168e-41 0)
(6.44033e-42 2.09388e-42 0)
(5.20199e-43 1.60939e-43 0)
(4.03277e-44 1.2009e-44 0)
(3.03092e-45 8.65652e-46 0)
(2.19926e-46 6.06739e-47 0)
(1.55023e-47 4.12477e-48 0)
(1.05939e-48 2.73123e-49 0)
(7.04676e-50 1.75934e-50 0)
(4.55773e-51 1.10297e-51 0)
(2.85168e-52 5.6823e-53 0)
(1.74723e-53 -3.71842e-53 0)
(7.3365e-54 -1.02674e-53 0)
(4.42689e-54 6.5163e-53 0)
(-2.74231e-54 5.04196e-53 0)
(-3.67915e-54 9.47073e-54 0)
(2.59515e-54 2.62042e-54 0)
(2.59841e-54 6.41869e-53 0)
(-2.04923e-54 3.67419e-53 0)
(-3.21057e-54 2.12975e-53 0)
(-2.02662e-54 -1.49289e-53 0)
(4.1216e-54 -9.13937e-54 0)
(-3.29279e-54 5.27143e-53 0)
(-4.2482e-54 -6.04448e-53 0)
(3.68264e-54 -1.47988e-53 0)
(1.61681e-54 -1.05848e-54 0)
(2.85862e-54 1.26091e-53 0)
(1.62265e-54 5.07632e-53 0)
(-5.38627e-54 4.18011e-53 0)
(-2.65452e-54 -4.89968e-53 0)
(7.46188e-54 -1.59398e-53 0)
(-2.07177e-54 7.25913e-53 0)
(-5.92674e-54 -3.81103e-53 0)
(5.41971e-55 -1.33252e-53 0)
(4.59779e-54 -2.81147e-53 0)
(1.73598e-36 9.54387e-37 0)
(1.95069e-37 9.40069e-38 0)
(1.98746e-38 9.04445e-39 0)
(1.95272e-39 8.18256e-40 0)
(1.79389e-40 7.16809e-41 0)
(1.58922e-41 5.97674e-42 0)
(1.33733e-42 4.82381e-43 0)
(1.08725e-43 3.73732e-44 0)
(8.47568e-45 2.80741e-45 0)
(6.39874e-46 2.0362e-46 0)
(4.66065e-47 1.43476e-47 0)
(3.29537e-48 9.80172e-49 0)
(2.25778e-49 6.51791e-50 0)
(1.50464e-50 4.20723e-51 0)
(9.63946e-52 2.18555e-52 0)
(2.03503e-53 -1.74286e-52 0)
(2.15897e-54 -7.21526e-52 0)
(1.11876e-52 -2.18378e-52 0)
(7.06862e-53 1.10486e-51 0)
(-5.38651e-53 9.3666e-52 0)
(-5.82125e-53 2.17648e-52 0)
(5.00526e-53 -3.18651e-53 0)
(4.09549e-53 9.77758e-52 0)
(-3.89701e-53 6.38152e-52 0)
(-5.52584e-53 3.99314e-52 0)
(-3.42243e-53 -2.53062e-52 0)
(7.0872e-53 -1.68852e-52 0)
(-5.43421e-53 8.65192e-52 0)
(-7.13611e-53 -9.97889e-52 0)
(6.25779e-53 -2.42903e-52 0)
(2.83552e-53 -1.71626e-53 0)
(5.25185e-53 2.07609e-52 0)
(2.97067e-53 8.382e-52 0)
(-1.00486e-52 6.91932e-52 0)
(-5.44794e-53 -8.1199e-52 0)
(1.28411e-52 -2.15485e-52 0)
(-2.98918e-53 1.23292e-51 0)
(-9.55697e-53 -7.0164e-52 0)
(1.1772e-53 -2.60907e-52 0)
(7.27736e-53 -4.50464e-52 0)
(2.33461e-37 1.96753e-37 0)
(2.66336e-38 2.00188e-38 0)
(2.74384e-39 1.96909e-39 0)
(2.71921e-40 1.81768e-40 0)
(2.51323e-41 1.61655e-41 0)
(2.23741e-42 1.36728e-42 0)
(1.8889e-43 1.11618e-43 0)
(1.5397e-44 8.74214e-45 0)
(1.2021e-45 6.62623e-46 0)
(9.08562e-47 4.84706e-47 0)
(6.62036e-48 3.43998e-48 0)
(4.68181e-49 2.3658e-49 0)
(3.20591e-50 1.57985e-50 0)
(2.08808e-51 8.92393e-52 0)
(-5.43942e-53 -7.27407e-52 0)
(-7.04391e-52 -3.19516e-51 0)
(-2.89398e-53 -1.21739e-50 0)
(1.92985e-51 -3.69261e-51 0)
(1.22026e-51 1.86097e-50 0)
(-9.36653e-52 1.57576e-50 0)
(-1.02318e-51 3.58256e-51 0)
(8.02711e-52 -8.41527e-52 0)
(7.0788e-52 1.53808e-50 0)
(-6.10938e-52 1.04553e-50 0)
(-9.41331e-52 6.64485e-51 0)
(-6.00096e-52 -4.34214e-51 0)
(1.18123e-51 -3.06526e-51 0)
(-8.75963e-52 1.3798e-50 0)
(-1.17066e-51 -1.60242e-50 0)
(1.03603e-51 -3.87102e-51 0)
(4.75841e-52 -2.30591e-52 0)
(9.0324e-52 3.4913e-51 0)
(5.11436e-52 1.41042e-50 0)
(-1.74243e-51 1.16196e-50 0)
(-9.57831e-52 -1.37756e-50 0)
(2.16e-51 -3.91334e-51 0)
(-5.13814e-52 1.97276e-50 0)
(-1.57841e-51 -1.20703e-50 0)
(2.63069e-52 -4.27946e-51 0)
(1.16295e-51 -6.88436e-51 0)
(-5.68983e-38 1.20049e-37 0)
(-7.40421e-39 1.3448e-38 0)
(-9.13045e-40 1.39772e-39 0)
(-9.99271e-41 1.37901e-40 0)
(-1.04158e-41 1.28242e-41 0)
(-1.00412e-42 1.14056e-42 0)
(-9.26475e-44 9.66767e-44 0)
(-8.06819e-45 7.88166e-45 0)
(-6.75521e-46 6.16917e-46 0)
(-5.40027e-47 4.66324e-47 0)
(-4.16617e-48 3.39952e-48 0)
(-3.09026e-49 2.39811e-49 0)
(-2.23135e-50 1.59938e-50 0)
(-2.34928e-51 -1.13533e-51 0)
(-3.33874e-51 -1.28863e-50 0)
(-1.20286e-50 -5.23822e-50 0)
(-5.21476e-52 -2.00255e-49 0)
(3.25156e-50 -6.09265e-50 0)
(2.05446e-50 3.06019e-49 0)
(-1.58719e-50 2.58711e-49 0)
(-1.75309e-50 5.7478e-50 0)
(1.24692e-50 -1.87101e-50 0)
(1.19324e-50 2.35469e-49 0)
(-9.23466e-51 1.67179e-49 0)
(-1.56315e-50 1.07928e-49 0)
(-1.02554e-50 -7.27039e-50 0)
(1.91657e-50 -5.39601e-50 0)
(-1.36954e-50 2.1446e-49 0)
(-1.86703e-50 -2.50902e-49 0)
(1.66875e-50 -6.01062e-50 0)
(7.77817e-51 -2.8554e-51 0)
(1.51418e-50 5.72897e-50 0)
(8.58578e-51 2.31699e-49 0)
(-2.94477e-50 1.90461e-49 0)
(-1.64049e-50 -2.282e-49 0)
(3.5395e-50 -6.89722e-50 0)
(-8.61621e-51 3.07713e-49 0)
(-2.53669e-50 -2.02523e-49 0)
(5.4349e-51 -6.84605e-50 0)
(1.80011e-50 -1.01886e-49 0)
(-7.90059e-37 6.94646e-37 0)
(-9.71911e-38 7.80074e-38 0)
(-1.12276e-38 8.08242e-39 0)
(-1.18457e-39 7.9892e-40 0)
(-1.18787e-40 7.42371e-41 0)
(-1.11589e-41 6.61428e-42 0)
(-1.00337e-42 5.60879e-43 0)
(-8.57178e-44 4.58094e-44 0)
(-7.04529e-45 3.58859e-45 0)
(-5.54952e-46 2.71582e-46 0)
(-4.2214e-47 1.97808e-47 0)
(-3.09343e-48 1.3909e-48 0)
(-2.21569e-49 8.84142e-50 0)
(-2.83121e-50 -2.89568e-50 0)
(-5.39985e-50 -2.05413e-49 0)
(-1.97934e-49 -8.33901e-49 0)
(-9.02295e-51 -3.20293e-48 0)
(5.3485e-49 -9.77574e-49 0)
(3.3768e-49 4.89292e-48 0)
(-2.62559e-49 4.12988e-48 0)
(-2.93045e-49 8.95926e-49 0)
(1.88162e-49 -3.7678e-49 0)
(1.96381e-49 3.48527e-48 0)
(-1.34865e-49 2.59758e-48 0)
(-2.5345e-49 1.70434e-48 0)
(-1.71008e-49 -1.18326e-48 0)
(3.03459e-49 -9.19197e-49 0)
(-2.08183e-49 3.22935e-48 0)
(-2.90188e-49 -3.80917e-48 0)
(2.62137e-49 -9.04677e-49 0)
(1.24051e-49 -3.08125e-50 0)
(2.47802e-49 9.13896e-49 0)
(1.40691e-49 3.70115e-48 0)
(-4.85846e-49 3.03664e-48 0)
(-2.74045e-49 -3.67527e-48 0)
(5.66279e-49 -1.17604e-48 0)
(-1.41094e-49 4.65298e-48 0)
(-3.97564e-49 -3.30224e-48 0)
(1.05538e-49 -1.0641e-48 0)
(2.70468e-49 -1.44709e-48 0)
(-5.99536e-36 4.92165e-36 0)
(-7.2226e-37 5.39787e-37 0)
(-8.18786e-38 5.49126e-38 0)
(-8.5189e-39 5.35203e-39 0)
(-8.44085e-40 4.91502e-40 0)
(-7.85483e-41 4.33776e-41 0)
(-7.00657e-42 3.64813e-42 0)
(-5.94683e-43 2.95914e-43 0)
(-4.861e-44 2.30256e-44 0)
(-3.81064e-45 1.73066e-45 0)
(-2.88577e-46 1.24773e-46 0)
(-2.10378e-47 8.63236e-48 0)
(-1.5169e-48 4.80963e-49 0)
(-3.11641e-49 -5.05356e-49 0)
(-8.50648e-49 -3.18129e-48 0)
(-3.16731e-48 -1.2934e-47 0)
(-1.51756e-49 -4.9947e-47 0)
(8.55445e-48 -1.52993e-47 0)
(5.39681e-48 7.62723e-47 0)
(-4.22323e-48 6.42684e-47 0)
(-4.76139e-48 1.36041e-47 0)
(2.7381e-48 -7.05925e-48 0)
(3.14283e-48 5.00909e-47 0)
(-1.8839e-48 3.93465e-47 0)
(-3.99546e-48 2.62454e-47 0)
(-2.77187e-48 -1.87652e-47 0)
(4.66401e-48 -1.51848e-47 0)
(-3.05577e-48 4.73288e-47 0)
(-4.37028e-48 -5.63159e-47 0)
(3.9939e-48 -1.32461e-47 0)
(1.92207e-48 -2.57756e-49 0)
(3.94352e-48 1.42011e-47 0)
(2.24306e-48 5.76322e-47 0)
(-7.7941e-48 4.71821e-47 0)
(-4.45081e-48 -5.77147e-47 0)
(8.80198e-48 -1.94406e-47 0)
(-2.24672e-48 6.85106e-47 0)
(-6.0436e-48 -5.24554e-47 0)
(1.94651e-48 -1.61157e-47 0)
(3.91448e-48 -1.97983e-47 0)
(-4.3812e-35 2.48357e-35 0)
(-5.13983e-36 2.62517e-36 0)
(-5.70531e-37 2.60698e-37 0)
(-5.83526e-38 2.49433e-38 0)
(-5.70305e-39 2.2598e-39 0)
(-5.24577e-40 1.97251e-40 0)
(-4.63495e-41 1.64453e-41 0)
(-3.90155e-42 1.32405e-42 0)
(-3.1671e-43 1.02134e-43 0)
(-2.46611e-44 7.58428e-45 0)
(-1.85487e-45 5.31811e-46 0)
(-1.33927e-46 3.47396e-47 0)
(-9.84022e-48 7.32814e-49 0)
(-3.88332e-48 -7.96976e-48 0)
(-1.31367e-47 -4.76805e-47 0)
(-4.9425e-47 -1.94367e-46 0)
(-2.49887e-48 -7.54839e-46 0)
(1.33397e-46 -2.32076e-46 0)
(8.40931e-47 1.15221e-45 0)
(-6.6229e-47 9.69207e-46 0)
(-7.53748e-47 1.99986e-46 0)
(3.85954e-47 -1.24574e-46 0)
(4.90446e-47 6.92092e-46 0)
(-2.52354e-47 5.7714e-46 0)
(-6.14236e-47 3.91627e-46 0)
(-4.37817e-47 -2.88331e-46 0)
(6.9876e-47 -2.42286e-46 0)
(-4.3504e-47 6.68926e-46 0)
(-6.40532e-47 -8.03871e-46 0)
(5.92707e-47 -1.87205e-46 0)
(2.90158e-47 -5.52995e-49 0)
(6.11846e-47 2.13817e-46 0)
(3.48576e-47 8.6978e-46 0)
(-1.21903e-46 7.10855e-46 0)
(-7.04032e-47 -8.78222e-46 0)
(1.33435e-46 -3.10333e-46 0)
(-3.48935e-47 9.7374e-46 0)
(-8.94824e-47 -8.07158e-46 0)
(3.42805e-47 -2.36285e-46 0)
(5.48014e-47 -2.56834e-46 0)
(-2.26805e-34 1.23297e-34 0)
(-2.57865e-35 1.24943e-35 0)
(-2.78525e-36 1.205e-36 0)
(-2.79318e-37 1.13109e-37 0)
(-2.68518e-38 1.0088e-38 0)
(-2.43876e-39 8.70064e-40 0)
(-2.13213e-40 7.17653e-41 0)
(-1.77972e-41 5.72315e-42 0)
(-1.43435e-42 4.33647e-43 0)
(-1.1076e-43 3.11707e-44 0)
(-8.23545e-45 1.98245e-45 0)
(-5.80067e-46 9.96268e-47 0)
(-4.64741e-47 -1.6932e-47 0)
(-5.1273e-47 -1.17344e-46 0)
(-1.97058e-46 -6.94405e-46 0)
(-7.47545e-46 -2.84156e-45 0)
(-3.98463e-47 -1.11088e-44 0)
(2.01597e-45 -3.43012e-45 0)
(1.2699e-45 1.6949e-44 0)
(-1.00657e-45 1.42304e-44 0)
(-1.15611e-45 2.85975e-45 0)
(5.20748e-46 -2.08983e-45 0)
(7.4179e-46 9.26477e-45 0)
(-3.18162e-46 8.24434e-45 0)
(-9.15014e-46 5.69231e-45 0)
(-6.70045e-46 -4.3116e-45 0)
(1.0123e-45 -3.74733e-45 0)
(-5.94197e-46 9.19207e-45 0)
(-9.05561e-46 -1.11629e-44 0)
(8.49591e-46 -2.56997e-45 0)
(4.24051e-46 3.84174e-47 0)
(9.20084e-46 3.13092e-45 0)
(5.25442e-46 1.27792e-44 0)
(-1.84779e-45 1.04219e-44 0)
(-1.07938e-45 -1.3015e-44 0)
(1.95823e-45 -4.80055e-45 0)
(-5.2522e-46 1.34641e-44 0)
(-1.27984e-45 -1.20848e-44 0)
(5.77912e-46 -3.37063e-45 0)
(7.32794e-46 -3.17853e-45 0)
(-1.13992e-33 1.35256e-34 0)
(-1.25555e-34 1.03109e-35 0)
(-1.32666e-35 8.51149e-37 0)
(-1.30386e-36 7.43756e-38 0)
(-1.23448e-37 6.43134e-39 0)
(-1.10561e-38 5.47158e-40 0)
(-9.5586e-40 4.48415e-41 0)
(-7.89795e-41 3.48505e-42 0)
(-6.30807e-42 1.81773e-43 0)
(-4.79041e-43 -2.47668e-45 0)
(-3.45612e-44 -3.86325e-45 0)
(-2.23854e-45 -8.15312e-46 0)
(-2.3823e-46 -3.84892e-46 0)
(-7.17013e-46 -1.64819e-45 0)
(-2.88073e-45 -9.74572e-45 0)
(-1.1012e-44 -4.00691e-44 0)
(-6.22126e-46 -1.57729e-43 0)
(2.96677e-44 -4.89179e-44 0)
(1.86739e-44 2.40528e-43 0)
(-1.48969e-44 2.01567e-43 0)
(-1.72543e-44 3.94004e-44 0)
(6.78092e-45 -3.33386e-44 0)
(1.09272e-44 1.18215e-43 0)
(-3.78567e-45 1.13504e-43 0)
(-1.3278e-44 7.98081e-44 0)
(-9.98007e-45 -6.21927e-44 0)
(1.42843e-44 -5.57913e-44 0)
(-7.8493e-45 1.21015e-43 0)
(-1.24451e-44 -1.48771e-43 0)
(1.18501e-44 -3.38529e-44 0)
(6.02995e-45 1.20477e-45 0)
(1.34725e-44 4.42245e-44 0)
(7.70968e-45 1.81169e-43 0)
(-2.72733e-44 1.47541e-43 0)
(-1.60937e-44 -1.86051e-43 0)
(2.80061e-44 -7.14703e-44 0)
(-7.70244e-45 1.78631e-43 0)
(-1.78117e-44 -1.74503e-43 0)
(9.35604e-45 -4.6318e-44 0)
(9.42983e-45 -3.63704e-44 0)
(-9.51648e-34 8.7164e-35 0)
(-1.04274e-34 -1.10191e-35 0)
(-1.09802e-35 -1.84926e-36 0)
(-1.07545e-36 -2.01809e-37 0)
(-1.01562e-37 -1.88668e-38 0)
(-9.07343e-39 -1.64986e-39 0)
(-7.8314e-40 -1.3562e-40 0)
(-6.47488e-41 -1.18767e-41 0)
(-5.10407e-42 -2.08069e-42 0)
(-3.06137e-43 -3.72483e-43 0)
(-6.48602e-45 -7.67916e-44 0)
(3.08137e-45 -1.27097e-44 0)
(-9.2319e-46 -5.29947e-45 0)
(-9.90478e-45 -2.23148e-44 0)
(-4.06402e-44 -1.32734e-43 0)
(-1.5652e-43 -5.48936e-43 0)
(-9.35901e-45 -2.17894e-42 0)
(4.21216e-43 -6.79334e-43 0)
(2.64929e-43 3.32082e-42 0)
(-2.12712e-43 2.77707e-42 0)
(-2.48413e-43 5.27398e-43 0)
(8.34944e-44 -5.09508e-43 0)
(1.55316e-43 1.45826e-42 0)
(-4.0744e-44 1.52098e-42 0)
(-1.85849e-43 1.0892e-42 0)
(-1.43396e-43 -8.72252e-43 0)
(1.93865e-43 -8.0473e-43 0)
(-9.84667e-44 1.54865e-42 0)
(-1.63924e-43 -1.9283e-42 0)
(1.58718e-43 -4.32702e-43 0)
(8.26108e-44 2.50393e-44 0)
(1.90357e-43 6.06623e-43 0)
(1.09285e-43 2.49792e-42 0)
(-3.88375e-43 2.03002e-42 0)
(-2.31599e-43 -2.58827e-42 0)
(3.85833e-43 -1.03049e-42 0)
(-1.08976e-43 2.30559e-42 0)
(-2.38093e-43 -2.44951e-42 0)
(1.45152e-43 -6.18487e-43 0)
(1.14194e-43 -3.87421e-43 0)
(9.51614e-34 8.72015e-35 0)
(1.04268e-34 -1.10139e-35 0)
(1.09794e-35 -1.84865e-36 0)
(1.07536e-36 -2.01764e-37 0)
(1.01556e-37 -1.8847e-38 0)
(9.07258e-39 -1.61939e-39 0)
(7.79207e-40 -1.19647e-40 0)
(6.18548e-41 -2.32905e-41 0)
(5.80779e-42 -1.72379e-41 0)
(1.63048e-42 -4.12697e-42 0)
(3.44151e-43 -9.46278e-43 0)
(7.30165e-44 -1.60684e-43 0)
(-1.03489e-44 -6.80011e-44 0)
(-1.34859e-43 -2.88917e-43 0)
(-5.57221e-43 -1.73051e-42 0)
(-2.16495e-42 -7.20737e-42 0)
(-1.38122e-43 -2.8855e-41 0)
(5.81795e-42 -9.04423e-42 0)
(3.65647e-42 4.39479e-41 0)
(-2.95493e-42 3.66748e-41 0)
(-3.47618e-42 6.75513e-42 0)
(9.87178e-43 -7.40689e-42 0)
(2.14843e-42 1.69066e-41 0)
(-3.92118e-43 1.95104e-41 0)
(-2.53194e-42 1.42454e-41 0)
(-2.00306e-42 -1.17265e-41 0)
(2.56273e-42 -1.1113e-41 0)
(-1.19053e-42 1.8799e-41 0)
(-2.09807e-42 -2.37743e-41 0)
(2.06799e-42 -5.26076e-42 0)
(1.10006e-42 4.4347e-43 0)
(2.61654e-42 7.97613e-42 0)
(1.50628e-42 3.30229e-41 0)
(-5.3801e-42 2.68113e-41 0)
(-3.23672e-42 -3.45076e-41 0)
(5.17937e-42 -1.42228e-41 0)
(-1.5011e-42 2.82988e-41 0)
(-3.09626e-42 -3.2954e-41 0)
(2.1671e-42 -7.89861e-42 0)
(1.31854e-42 -3.53442e-42 0)
(1.13963e-33 1.35577e-34 0)
(1.2551e-34 1.03544e-35 0)
(1.32604e-35 8.55917e-37 0)
(1.30316e-36 7.45827e-38 0)
(1.23426e-37 6.66212e-39 0)
(1.10512e-38 9.66736e-40 0)
(9.07859e-40 2.66486e-40 0)
(4.33423e-41 -1.55867e-40 0)
(1.50803e-41 -2.10715e-40 0)
(1.68438e-41 -5.17312e-41 0)
(4.16863e-42 -1.18908e-41 0)
(9.27588e-43 -2.00756e-42 0)
(-1.35905e-43 -8.46209e-43 0)
(-1.75993e-42 -3.61987e-42 0)
(-7.32336e-42 -2.18679e-41 0)
(-2.87102e-41 -9.18659e-41 0)
(-1.95436e-42 -3.71796e-40 0)
(7.70101e-41 -1.17307e-40 0)
(4.83651e-41 5.65841e-40 0)
(-3.93432e-41 4.71045e-40 0)
(-4.66198e-41 8.40153e-41 0)
(1.07958e-41 -1.03546e-40 0)
(2.84963e-41 1.89162e-40 0)
(-2.83483e-42 2.4374e-40 0)
(-3.30406e-41 1.81426e-40 0)
(-2.68105e-41 -1.53271e-40 0)
(3.23318e-41 -1.48673e-40 0)
(-1.34251e-41 2.22239e-40 0)
(-2.54896e-41 -2.85507e-40 0)
(2.56509e-41 -6.20721e-41 0)
(1.40163e-41 6.98148e-42 0)
(3.44861e-41 1.01742e-40 0)
(1.9948e-41 4.24511e-40 0)
(-7.14218e-41 3.4396e-40 0)
(-4.33781e-41 -4.47816e-40 0)
(6.64944e-41 -1.9008e-40 0)
(-1.98108e-41 3.38621e-40 0)
(-3.83516e-41 -4.30943e-40 0)
(3.09024e-41 -9.79612e-41 0)
(1.38746e-41 -2.64602e-41 0)
(2.24476e-34 1.25717e-34 0)
(2.54478e-35 1.28125e-35 0)
(2.73885e-36 1.2369e-36 0)
(2.74449e-37 1.12584e-37 0)
(2.70685e-38 1.25902e-38 0)
(2.4283e-39 5.96696e-39 0)
(-3.98973e-40 2.77496e-39 0)
(-4.39224e-40 -1.94861e-39 0)
(1.157e-40 -2.57687e-39 0)
(2.10954e-40 -6.25345e-40 0)
(5.2688e-41 -1.42265e-40 0)
(1.16991e-41 -2.37892e-41 0)
(-1.70753e-42 -9.95957e-42 0)
(-2.22634e-41 -4.2933e-41 0)
(-9.3454e-41 -2.61811e-40 0)
(-3.70578e-40 -1.11149e-39 0)
(-2.74318e-41 -4.54793e-39 0)
(9.90718e-40 -1.44437e-39 0)
(6.21827e-40 6.91571e-39 0)
(-5.09233e-40 5.74332e-39 0)
(-6.06926e-40 9.89495e-40 0)
(1.1287e-40 -1.36934e-39 0)
(3.68026e-40 1.93787e-39 0)
(-8.21172e-42 2.88487e-39 0)
(-4.1925e-40 2.19244e-39 0)
(-3.48296e-40 -1.9021e-39 0)
(3.98102e-40 -1.88787e-39 0)
(-1.45178e-40 2.45196e-39 0)
(-3.01357e-40 -3.21527e-39 0)
(3.09942e-40 -6.87167e-40 0)
(1.7354e-40 1.01282e-40 0)
(4.42192e-40 1.23229e-39 0)
(2.57019e-40 5.18278e-39 0)
(-9.21284e-40 4.19826e-39 0)
(-5.63232e-40 -5.51487e-39 0)
(8.32841e-40 -2.41074e-39 0)
(-2.54339e-40 3.79879e-39 0)
(-4.62985e-40 -5.34984e-39 0)
(4.23793e-40 -1.14918e-39 0)
(1.35623e-40 -7.0324e-41 0)
(2.51366e-35 3.72574e-35 0)
(2.56231e-36 4.18868e-36 0)
(2.28162e-37 3.77491e-37 0)
(2.66437e-38 -1.08942e-38 0)
(1.15515e-38 2.90827e-38 0)
(7.31321e-40 6.06097e-38 0)
(-7.37566e-39 3.2138e-38 0)
(-5.54052e-39 -2.3375e-38 0)
(1.41937e-39 -3.06864e-38 0)
(2.58104e-39 -7.33958e-39 0)
(6.37513e-40 -1.64906e-39 0)
(1.40205e-40 -2.72409e-40 0)
(-2.02877e-41 -1.13101e-40 0)
(-2.66884e-40 -4.92183e-40 0)
(-1.13237e-39 -3.03771e-39 0)
(-4.54318e-39 -1.30643e-38 0)
(-3.73671e-40 -5.42477e-38 0)
(1.2056e-38 -1.73771e-38 0)
(7.56603e-39 8.24088e-38 0)
(-6.2391e-39 6.82349e-38 0)
(-7.4755e-39 1.1329e-38 0)
(1.05962e-39 -1.74767e-38 0)
(4.51956e-39 1.91463e-38 0)
(2.78529e-40 3.33611e-38 0)
(-5.02193e-39 2.58705e-38 0)
(-4.2722e-39 -2.29956e-38 0)
(4.62654e-39 -2.32611e-38 0)
(-1.4087e-39 2.65329e-38 0)
(-3.32915e-39 -3.54734e-38 0)
(3.51638e-39 -7.40561e-39 0)
(2.03463e-39 1.35951e-39 0)
(5.3863e-39 1.44848e-38 0)
(3.16467e-39 6.16403e-38 0)
(-1.12338e-38 4.98326e-38 0)
(-6.90956e-39 -6.62723e-38 0)
(9.86269e-39 -2.96456e-38 0)
(-3.08372e-39 4.18435e-38 0)
(-5.25817e-39 -6.46875e-38 0)
(5.48167e-39 -1.31061e-38 0)
(1.08209e-39 1.84843e-39 0)
(-9.85601e-35 6.96072e-35 0)
(-1.27996e-35 8.5304e-36 0)
(-1.65475e-36 2.78456e-37 0)
(-9.27942e-38 -5.1121e-37 0)
(1.00553e-37 2.878e-37 0)
(5.65016e-39 6.7137e-37 0)
(-8.69323e-38 3.5685e-37 0)
(-6.46497e-38 -2.61257e-37 0)
(1.74273e-38 -3.41422e-37 0)
(3.08305e-38 -8.04833e-38 0)
(7.4965e-39 -1.78044e-38 0)
(1.62881e-39 -2.90126e-39 0)
(-2.33065e-40 -1.19246e-39 0)
(-3.10141e-39 -5.24901e-39 0)
(-1.33363e-38 -3.28331e-38 0)
(-5.43791e-38 -1.43523e-37 0)
(-5.37806e-39 -6.04652e-37 0)
(1.41426e-37 -1.95295e-37 0)
(8.88684e-38 9.17501e-37 0)
(-7.38382e-38 7.57557e-37 0)
(-8.8585e-38 1.20764e-37 0)
(1.02948e-38 -2.08397e-37 0)
(5.43722e-38 1.63231e-37 0)
(7.57804e-39 3.59379e-37 0)
(-5.78075e-38 2.8501e-37 0)
(-5.01443e-38 -2.59881e-37 0)
(5.29501e-38 -2.68118e-37 0)
(-1.29249e-38 2.60265e-37 0)
(-3.60001e-38 -3.58056e-37 0)
(3.90665e-38 -7.31665e-38 0)
(2.32207e-38 1.69517e-38 0)
(6.40026e-38 1.59212e-37 0)
(3.83255e-38 6.85538e-37 0)
(-1.31762e-37 5.54732e-37 0)
(-8.07128e-38 -7.43693e-37 0)
(1.14315e-37 -3.40989e-37 0)
(-3.59721e-38 4.21641e-37 0)
(-5.87117e-38 -7.31014e-37 0)
(6.71206e-38 -1.38804e-37 0)
(6.4912e-39 5.51813e-38 0)
(-5.7635e-34 4.24622e-36 0)
(-7.13328e-35 2.26627e-36 0)
(-9.2693e-36 -6.773e-36 0)
(-1.71892e-38 -6.62159e-36 0)
(1.1922e-36 3.0534e-36 0)
(7.35703e-38 7.32505e-36 0)
(-9.23109e-37 3.88906e-36 0)
(-6.72925e-37 -2.87042e-36 0)
(2.06615e-37 -3.72766e-36 0)
(3.45056e-37 -8.60536e-37 0)
(8.24583e-38 -1.86732e-37 0)
(1.76366e-38 -2.98857e-38 0)
(-2.49212e-39 -1.21309e-38 0)
(-3.35926e-38 -5.41589e-38 0)
(-1.46984e-37 -3.44842e-37 0)
(-6.09951e-37 -1.53801e-36 0)
(-8.28724e-38 -6.61847e-36 0)
(1.49381e-36 -2.16287e-36 0)
(9.44597e-37 1.00295e-35 0)
(-7.92057e-37 8.24906e-36 0)
(-9.45384e-37 1.25767e-36 0)
(1.14467e-37 -2.41444e-36 0)
(6.19057e-37 1.34166e-36 0)
(1.45975e-37 3.81677e-36 0)
(-5.88759e-37 3.09075e-36 0)
(-5.18848e-37 -2.88059e-36 0)
(5.66499e-37 -3.01593e-36 0)
(-9.34972e-38 2.55604e-36 0)
(-3.53395e-37 -3.59837e-36 0)
(3.97722e-37 -7.10996e-37 0)
(2.4679e-37 1.97991e-37 0)
(7.12774e-37 1.70437e-36 0)
(4.49175e-37 7.47507e-36 0)
(-1.38166e-36 6.03742e-36 0)
(-8.25932e-37 -8.20604e-36 0)
(1.22401e-36 -3.82269e-36 0)
(-3.72002e-37 4.25287e-36 0)
(-6.08907e-37 -8.10141e-36 0)
(7.23767e-37 -1.43649e-36 0)
(-1.76506e-38 9.14438e-37 0)
(-1.02485e-34 -2.89322e-35 0)
(-2.22958e-35 1.41859e-35 0)
(-9.32272e-36 -6.81668e-35 0)
(8.56841e-36 -6.59052e-35 0)
(1.27433e-35 3.03557e-35 0)
(8.89896e-37 7.26747e-35 0)
(-8.72564e-36 3.84925e-35 0)
(-5.93862e-36 -2.86307e-35 0)
(2.59403e-36 -3.69597e-35 0)
(3.81324e-36 -8.35925e-36 0)
(8.86465e-37 -1.76864e-36 0)
(1.85715e-37 -2.77285e-37 0)
(-2.57988e-38 -1.10787e-37 0)
(-3.53901e-37 -5.03504e-37 0)
(-1.58419e-36 -3.27141e-36 0)
(-6.76386e-36 -1.49835e-35 0)
(-1.53015e-36 -6.57813e-35 0)
(1.3835e-35 -2.17283e-35 0)
(8.95565e-36 9.95273e-35 0)
(-7.62105e-36 8.15781e-35 0)
(-8.8197e-36 1.18286e-35 0)
(2.2732e-36 -2.54833e-35 0)
(7.13391e-36 7.75083e-36 0)
(2.38956e-36 3.66244e-35 0)
(-4.94966e-36 3.03881e-35 0)
(-4.33411e-36 -2.9012e-35 0)
(6.21862e-36 -3.08934e-35 0)
(-5.46618e-37 2.14589e-35 0)
(-3.4461e-36 -3.15428e-35 0)
(4.01771e-36 -6.06663e-36 0)
(2.56977e-36 2.11431e-36 0)
(7.83323e-36 1.65991e-35 0)
(5.51696e-36 7.41054e-35 0)
(-1.2389e-35 6.00382e-35 0)
(-6.52857e-36 -8.21166e-35 0)
(1.27914e-35 -3.90233e-35 0)
(-3.20293e-36 3.74476e-35 0)
(-6.46745e-36 -8.15512e-35 0)
(6.16355e-36 -1.33465e-35 0)
(-1.27839e-36 1.30734e-35 0)
(9.57052e-36 3.38256e-34 0)
(-5.26418e-35 2.20124e-34 0)
(-4.57408e-35 -6.67818e-34 0)
(5.60207e-35 -6.53616e-34 0)
(8.96255e-35 3.02002e-34 0)
(8.7579e-36 7.19618e-34 0)
(-4.86493e-35 3.79922e-34 0)
(-1.98484e-35 -2.859e-34 0)
(3.4114e-35 -3.65643e-34 0)
(3.88511e-35 -8.00116e-35 0)
(8.70903e-36 -1.64137e-35 0)
(1.77025e-36 -2.50228e-36 0)
(-2.40991e-37 -9.80693e-37 0)
(-3.37523e-36 -4.55469e-36 0)
(-1.562e-35 -3.04246e-35 0)
(-6.92167e-35 -1.43908e-34 0)
(-3.08649e-35 -6.53283e-34 0)
(6.74648e-35 -2.19501e-34 0)
(5.07831e-35 9.86636e-34 0)
(-4.53352e-35 8.04197e-34 0)
(-4.37779e-35 1.10093e-34 0)
(5.68429e-35 -2.652e-34 0)
(8.01394e-35 4.03895e-35 0)
(3.87096e-35 3.53958e-34 0)
(-9.0504e-36 2.99828e-34 0)
(-4.77303e-36 -2.91468e-34 0)
(6.5743e-35 -3.13316e-34 0)
(1.37637e-36 1.91544e-34 0)
(-2.85176e-35 -2.87589e-34 0)
(3.53194e-35 -5.23861e-35 0)
(2.4202e-35 2.12914e-35 0)
(7.93886e-35 1.58985e-34 0)
(7.11946e-35 7.31978e-34 0)
(-4.63515e-35 5.9219e-34 0)
(5.60828e-36 -8.2311e-34 0)
(1.13412e-34 -3.93461e-34 0)
(-6.97212e-36 3.47273e-34 0)
(-6.54777e-35 -8.1902e-34 0)
(5.10007e-36 -1.22961e-34 0)
(-3.20393e-35 1.56898e-34 0)
(4.55056e-34 2.96483e-33 0)
(3.6204e-34 1.90054e-33 0)
(2.51477e-34 -5.64075e-33 0)
(-1.48273e-34 -5.53017e-33 0)
(4.86379e-35 2.55737e-33 0)
(8.55507e-35 6.07427e-33 0)
(3.75918e-34 3.19569e-33 0)
(6.82851e-34 -2.43111e-33 0)
(5.15037e-34 -3.08339e-33 0)
(4.04721e-34 -6.54273e-34 0)
(8.51148e-35 -1.28553e-34 0)
(1.65931e-35 -1.8961e-35 0)
(-2.19415e-36 -7.24035e-36 0)
(-3.16646e-35 -3.46192e-35 0)
(-1.53388e-34 -2.38867e-34 0)
(-7.26368e-34 -1.1822e-33 0)
(-6.39394e-34 -5.52785e-33 0)
(-9.13868e-34 -1.88427e-33 0)
(-3.56424e-34 8.3304e-33 0)
(2.49609e-34 6.75961e-33 0)
(5.67339e-34 8.66435e-34 0)
(1.41866e-33 -2.36815e-33 0)
(9.90377e-34 -1.45869e-34 0)
(6.21914e-34 2.89208e-33 0)
(7.97936e-34 2.51398e-33 0)
(8.23716e-34 -2.49738e-33 0)
(7.97263e-34 -2.72182e-33 0)
(7.69762e-35 1.27477e-33 0)
(-2.40426e-34 -2.05486e-33 0)
(3.16327e-34 -3.62515e-34 0)
(2.26954e-34 1.86122e-34 0)
(8.21813e-34 1.304e-33 0)
(1.05018e-33 6.17573e-33 0)
(1.27433e-33 5.03662e-33 0)
(1.67074e-33 -7.01233e-33 0)
(8.68532e-34 -3.39919e-33 0)
(5.00514e-34 2.53767e-33 0)
(-7.68887e-34 -7.01036e-33 0)
(-1.31076e-33 -9.45509e-34 0)
(-6.08345e-34 1.69595e-33 0)
(7.22037e-33 2.5917e-32 0)
(2.08942e-32 1.70852e-32 0)
(1.69459e-32 -4.92805e-32 0)
(-1.60767e-32 -4.8411e-32 0)
(-1.7071e-32 2.24617e-32 0)
(7.288e-34 5.29044e-32 0)
(2.10052e-32 2.77018e-32 0)
(2.39548e-32 -2.14736e-32 0)
(7.7233e-33 -2.68193e-32 0)
(3.77722e-33 -5.36028e-33 0)
(7.25582e-34 -1.00469e-33 0)
(1.32343e-34 -1.41837e-34 0)
(-1.68604e-35 -5.2641e-35 0)
(-2.52817e-34 -2.59827e-34 0)
(-1.31697e-33 -1.87266e-33 0)
(-6.84462e-33 -9.73196e-33 0)
(-1.17823e-32 -4.83943e-32 0)
(-4.07394e-32 -1.69608e-32 0)
(-2.08551e-32 7.27718e-32 0)
(1.68999e-32 5.84792e-32 0)
(2.54723e-32 6.90722e-33 0)
(2.98407e-32 -2.14345e-32 0)
(1.21094e-32 -2.54814e-33 0)
(9.65316e-33 2.48677e-32 0)
(2.50666e-32 2.19977e-32 0)
(2.50598e-32 -2.20951e-32 0)
(9.57237e-33 -2.40867e-32 0)
(1.6944e-33 1.09965e-32 0)
(-1.34081e-33 -1.73421e-32 0)
(2.11629e-33 -2.74247e-33 0)
(1.8066e-33 1.54037e-33 0)
(7.62614e-33 1.06798e-32 0)
(1.55822e-32 5.36157e-32 0)
(4.67896e-32 4.37882e-32 0)
(4.76699e-32 -6.21582e-32 0)
(1.20635e-33 -2.97576e-32 0)
(1.64483e-32 2.24279e-32 0)
(-8.9756e-33 -6.20477e-32 0)
(-4.00416e-32 -7.48148e-33 0)
(-1.04891e-32 1.60293e-32 0)
(1.04246e-31 1.57622e-31 0)
(4.32583e-31 1.06022e-31 0)
(3.60733e-31 -2.99215e-31 0)
(-3.53334e-31 -2.94534e-31 0)
(-3.95381e-31 1.3689e-31 0)
(6.28341e-33 3.20666e-31 0)
(4.33495e-31 1.67077e-31 0)
(4.63279e-31 -1.316e-31 0)
(1.08719e-31 -1.6233e-31 0)
(3.68708e-32 -3.08014e-32 0)
(6.26e-33 -5.37086e-33 0)
(1.05811e-33 -7.19403e-34 0)
(-1.2822e-34 -2.55818e-34 0)
(-2.02453e-33 -1.32388e-33 0)
(-1.14482e-32 -1.00465e-32 0)
(-6.76019e-32 -5.63104e-32 0)
(-1.81478e-31 -2.94453e-31 0)
(-8.22742e-31 -1.05377e-31 0)
(-4.32328e-31 4.41577e-31 0)
(3.60177e-31 3.5239e-31 0)
(5.08629e-31 3.79392e-32 0)
(5.14401e-31 -1.36295e-31 0)
(1.50908e-31 -4.14442e-32 0)
(1.33407e-31 1.46965e-31 0)
(4.73813e-31 1.33151e-31 0)
(4.72059e-31 -1.36007e-31 0)
(1.21798e-31 -1.49345e-31 0)
(2.28163e-32 4.84372e-32 0)
(-7.67263e-33 -8.45181e-32 0)
(1.51844e-32 -1.30551e-32 0)
(1.4621e-32 9.18875e-33 0)
(7.39939e-32 6.16268e-32 0)
(2.17468e-31 3.25363e-31 0)
(9.12602e-31 2.72624e-31 0)
(8.90686e-31 -3.80718e-31 0)
(-9.04774e-32 -1.82807e-31 0)
(3.23374e-31 1.17458e-31 0)
(-1.13986e-31 -3.81425e-31 0)
(-7.70474e-31 -3.98863e-32 0)
(-1.52246e-31 1.19323e-31 0)
(1.1291e-30 1.06211e-30 0)
(6.32347e-30 7.62114e-31 0)
(5.4314e-30 -2.02825e-30 0)
(-5.386e-30 -2.00234e-30 0)
(-6.05548e-30 9.40076e-31 0)
(3.92467e-32 2.15404e-30 0)
(6.32882e-30 1.11443e-30 0)
(6.55151e-30 -9.11002e-31 0)
(1.15876e-30 -1.08819e-30 0)
(2.66501e-31 -1.77551e-31 0)
(3.91322e-32 -2.94841e-32 0)
(5.88919e-33 -3.72578e-33 0)
(-6.69872e-34 -1.29142e-33 0)
(-1.12886e-32 -6.87581e-33 0)
(-7.2307e-32 -5.53612e-32 0)
(-4.94502e-31 -3.26016e-31 0)
(-2.05614e-30 -2.00193e-30 0)
(-1.1976e-29 -7.58843e-31 0)
(-6.3226e-30 2.99829e-30 0)
(5.42637e-30 2.33617e-30 0)
(7.22831e-30 2.15501e-31 0)
(6.83045e-30 -9.34006e-31 0)
(1.45909e-30 -1.02387e-31 0)
(1.42414e-30 1.00656e-30 0)
(6.62811e-30 9.1822e-31 0)
(6.59746e-30 -9.3617e-31 0)
(1.17593e-30 -1.00429e-30 0)
(2.55099e-31 5.60205e-31 0)
(2.83447e-32 -7.66786e-31 0)
(2.865e-32 -8.43033e-32 0)
(8.07446e-32 5.12308e-32 0)
(5.32594e-31 3.54294e-31 0)
(2.31556e-30 2.17616e-30 0)
(1.29794e-29 1.85142e-30 0)
(1.24587e-29 -2.65168e-30 0)
(-2.45554e-30 -1.19894e-30 0)
(4.79468e-30 1.11403e-30 0)
(-1.09818e-30 -2.63931e-30 0)
(-1.10829e-29 -2.41806e-31 0)
(-1.71339e-30 6.98613e-31 0)
)
;

boundaryField
{
    leftWall
    {
        type            fixedValue;
        value           nonuniform 0();
    }
    rightWall
    {
        type            fixedValue;
        value           uniform (0 0 0);
    }
    lowerWall
    {
        type            fixedValue;
        value           uniform (0 0 0);
    }
    atmosphere
    {
        type            pressureInletOutletVelocity;
        value           nonuniform 0();
    }
    defaultFaces
    {
        type            empty;
    }
    procBoundary1to0
    {
        type            processor;
        value           nonuniform List<vector> 
44
(
(-2.11848e-39 -7.33628e-39 0)
(-2.06799e-38 -5.74553e-38 0)
(-1.58119e-37 -4.10248e-37 0)
(-1.14931e-36 -2.78756e-36 0)
(-7.99097e-36 -1.77545e-35 0)
(-5.21007e-35 -1.07366e-34 0)
(-3.23524e-34 -5.91918e-34 0)
(-1.81022e-33 -3.11867e-33 0)
(-9.62823e-33 -1.39076e-32 0)
(-3.99862e-32 -6.32969e-32 0)
(-1.99836e-31 -2.08233e-31 0)
(6.19679e-32 -1.39554e-30 0)
(4.70903e-31 1.93504e-31 0)
(1.18071e-32 1.62193e-30 0)
(-2.20946e-31 2.58336e-31 0)
(3.54931e-32 1.73848e-31 0)
(4.60962e-31 5.72936e-31 0)
(7.81982e-31 3.35162e-30 0)
(2.37145e-32 5.91741e-30 0)
(-7.79175e-31 3.51285e-30 0)
(-6.85498e-35 3.26041e-30 0)
(-6.85498e-35 3.26041e-30 0)
(-9.66231e-36 6.31973e-31 0)
(-9.25021e-37 7.75235e-32 0)
(4.45304e-36 1.07244e-32 0)
(4.60268e-35 1.29837e-33 0)
(4.5875e-34 1.01627e-33 0)
(3.9534e-33 7.52683e-33 0)
(3.46973e-32 5.1015e-32 0)
(2.21571e-31 3.77124e-31 0)
(1.50725e-30 1.71456e-30 0)
(1.31684e-30 1.07305e-29 0)
(-1.31684e-30 1.07305e-29 0)
(-1.50726e-30 1.71453e-30 0)
(-2.21665e-31 3.7681e-31 0)
(-3.60227e-32 4.91165e-32 0)
(-1.81387e-32 -5.24736e-33 0)
(-9.75967e-32 8.80369e-34 0)
(-1.42314e-32 1.28646e-32 0)
(-1.32995e-33 1.9079e-33 0)
(-9.40992e-35 3.14144e-34 0)
(-5.6902e-36 3.64509e-35 0)
(3.61069e-36 6.19018e-36 0)
(1.91172e-35 9.65157e-36 0)
)
;
    }
    procBoundary1to3
    {
        type            processor;
        value           nonuniform List<vector> 
45
(
(8.21585e-34 2.69576e-38 0)
(6.28324e-33 -3.14859e-38 0)
(4.57435e-32 -3.88973e-38 0)
(2.73908e-31 -1.08247e-38 0)
(1.80978e-30 -2.62869e-39 0)
(7.73738e-30 -4.70474e-40 0)
(6.1685e-29 -9.16323e-41 0)
(5.54983e-29 7.17064e-41 0)
(-5.5239e-29 7.74448e-41 0)
(-5.99642e-29 -3.68188e-41 0)
(2.25333e-31 -8.45996e-41 0)
(6.17147e-29 -4.38673e-41 0)
(6.31767e-29 3.55236e-41 0)
(7.90061e-30 4.27809e-41 0)
(1.71293e-30 7.26955e-42 0)
(2.24751e-31 1.17777e-42 0)
(3.25844e-32 -6.03696e-43 0)
(-3.52357e-33 -9.11403e-42 0)
(-6.25664e-32 -1.04554e-40 0)
(-4.16565e-31 -1.13557e-39 0)
(-3.20445e-30 -1.07797e-38 0)
(-1.41169e-29 -7.79063e-38 0)
(-1.18637e-28 8.59649e-38 0)
(-6.16807e-29 1.75008e-35 0)
(5.5468e-29 4.49792e-34 0)
(6.79294e-29 7.58372e-33 0)
(6.48771e-29 9.54968e-32 0)
(9.80879e-30 8.33646e-31 0)
(9.68852e-30 9.55143e-32 0)
(6.36281e-29 8.01603e-33 0)
(6.34307e-29 7.58373e-33 0)
(7.92745e-30 8.79306e-32 0)
(1.73081e-30 7.38149e-31 0)
(2.45812e-31 -7.38149e-31 0)
(8.98981e-32 -8.78952e-32 0)
(4.50231e-31 -6.67293e-33 0)
(3.40952e-30 7.34205e-33 0)
(1.57139e-29 9.7896e-32 0)
(1.25462e-28 8.55039e-31 0)
(1.21831e-28 1.0548e-31 0)
(-3.51115e-29 1.03253e-31 0)
(5.09663e-29 8.33671e-31 0)
(-7.45954e-30 8.83572e-32 0)
(-1.12366e-28 -8.05986e-32 0)
(-1.23392e-29 -7.38448e-31 0)
)
;
    }
}


// ************************************************************************* //
