/*--------------------------------*- C++ -*----------------------------------*\
| =========                 |                                                 |
| \\      /  F ield         | OpenFOAM: The Open Source CFD Toolbox           |
|  \\    /   O peration     | Version:  2.4.0                                 |
|   \\  /    A nd           | Web:      www.OpenFOAM.org                      |
|    \\/     M anipulation  |                                                 |
\*---------------------------------------------------------------------------*/
FoamFile
{
    version     2.0;
    format      ascii;
    class       volVectorField;
    location    "0.2";
    object      U;
}
// * * * * * * * * * * * * * * * * * * * * * * * * * * * * * * * * * * * * * //

dimensions      [0 1 -1 0 0 0 0];

internalField   nonuniform List<vector> 
1935
(
(5.59284e-37 1.25957e-37 0)
(1.17595e-35 1.31405e-36 0)
(7.51688e-35 2.62744e-35 0)
(1.92762e-33 2.38889e-35 0)
(1.86372e-33 -5.16136e-35 0)
(-1.86366e-33 -5.16076e-35 0)
(-1.92703e-33 2.4025e-35 0)
(-6.28657e-35 2.77191e-35 0)
(7.52214e-35 2.89094e-35 0)
(2.00284e-33 5.04298e-35 0)
(3.80363e-33 -2.62683e-35 0)
(8.75196e-35 -7.55025e-35 0)
(-1.77619e-33 2.38889e-35 0)
(1.87607e-33 5.01633e-35 0)
(1.92821e-33 -2.40254e-35 0)
(7.52214e-35 -2.62809e-35 0)
(1.17632e-35 -1.31471e-36 0)
(5.40007e-37 -1.30043e-37 0)
(5.01671e-38 -6.06022e-39 0)
(2.31337e-39 -4.22435e-40 0)
(1.59509e-40 -1.87275e-41 0)
(7.04297e-42 -1.05743e-42 0)
(3.95564e-43 -4.40887e-44 0)
(1.72329e-44 -2.04411e-45 0)
(1.7261e-44 2.04763e-45 0)
(3.96323e-43 4.41682e-44 0)
(7.05862e-42 1.05948e-42 0)
(1.59889e-40 1.87695e-41 0)
(2.32002e-39 4.23448e-40 0)
(5.03196e-38 6.07789e-39 0)
(5.42161e-37 1.30446e-37 0)
(1.1811e-35 1.32034e-36 0)
(7.57109e-35 2.64048e-35 0)
(1.93943e-33 2.52092e-35 0)
(1.93943e-33 -2.52092e-35 0)
(7.57109e-35 -2.64048e-35 0)
(1.1811e-35 -1.32034e-36 0)
(5.42161e-37 -1.30446e-37 0)
(5.03196e-38 -6.07789e-39 0)
(2.32002e-39 -4.23448e-40 0)
(1.59889e-40 -1.87696e-41 0)
(7.0581e-42 -1.06027e-42 0)
(3.9256e-43 -5.75852e-44 0)
(-3.57758e-44 -9.85727e-44 0)
(5.09919e-38 -5.97463e-38 0)
(9.53175e-37 -6.64523e-37 0)
(6.69847e-36 -1.33061e-35 0)
(1.21875e-34 -1.20977e-35 0)
(1.16084e-34 2.61361e-35 0)
(-1.16079e-34 2.61332e-35 0)
(-1.2182e-34 -1.21654e-35 0)
(-5.69473e-36 -1.40357e-35 0)
(6.70321e-36 -1.46386e-35 0)
(1.28578e-34 -2.55364e-35 0)
(2.38962e-34 1.33031e-35 0)
(7.70649e-36 3.82339e-35 0)
(-1.08377e-34 -1.20977e-35 0)
(1.17092e-34 -2.54038e-35 0)
(1.2193e-34 1.21656e-35 0)
(6.70321e-36 1.33093e-35 0)
(9.53563e-37 6.64894e-37 0)
(5.01922e-38 6.47165e-38 0)
(4.50038e-39 2.99627e-39 0)
(2.23894e-40 2.06799e-40 0)
(1.52189e-41 9.11499e-42 0)
(7.06029e-43 5.11563e-43 0)
(3.94605e-44 2.12315e-44 0)
(1.78112e-45 9.80557e-46 0)
(1.78411e-45 -9.82235e-46 0)
(3.95389e-44 -2.12694e-44 0)
(7.07646e-43 -5.12543e-43 0)
(1.52567e-41 -9.1352e-42 0)
(2.2456e-40 -2.07289e-40 0)
(4.51489e-39 -3.00487e-39 0)
(5.04008e-38 -6.49141e-38 0)
(9.57839e-37 -6.67683e-37 0)
(6.74887e-36 -1.3371e-35 0)
(1.22833e-34 -1.27654e-35 0)
(1.22833e-34 1.27654e-35 0)
(6.74887e-36 1.3371e-35 0)
(9.57839e-37 6.67683e-37 0)
(5.04008e-38 6.49141e-38 0)
(4.51489e-39 3.00487e-39 0)
(2.2456e-40 2.07289e-40 0)
(1.52561e-41 9.13411e-42 0)
(6.97683e-43 4.9891e-43 0)
(-3.25352e-44 -2.11417e-43 0)
(-1.01428e-42 -1.68843e-42 0)
(7.3738e-39 -5.3119e-39 0)
(1.17682e-37 -6.08625e-38 0)
(4.06145e-37 -1.02283e-36 0)
(5.21088e-36 -9.1186e-37 0)
(4.9163e-36 2.00165e-36 0)
(-4.9155e-36 2.00136e-36 0)
(-5.2033e-36 -9.17951e-37 0)
(-2.81576e-37 -1.08953e-36 0)
(4.06914e-37 -1.14489e-36 0)
(5.61779e-36 -1.9466e-36 0)
(1.02517e-35 1.02254e-36 0)
(5.31403e-37 2.91352e-36 0)
(-4.38483e-36 -9.1186e-37 0)
(5.04156e-36 -1.93469e-36 0)
(5.2185e-36 9.17971e-37 0)
(4.06914e-37 1.02314e-36 0)
(1.1772e-37 6.08965e-38 0)
(6.84987e-39 5.80044e-39 0)
(7.30147e-40 2.91128e-40 0)
(3.7812e-41 1.98289e-41 0)
(2.74469e-42 9.19544e-43 0)
(1.295e-43 5.13601e-44 0)
(7.44105e-45 2.21048e-45 0)
(3.37856e-46 1.01985e-46 0)
(3.38429e-46 -1.02165e-46 0)
(7.45607e-45 -2.21454e-45 0)
(1.29806e-43 -5.14621e-44 0)
(2.75181e-42 -9.21648e-43 0)
(3.7934e-41 -1.9878e-41 0)
(7.32761e-40 -2.91996e-40 0)
(6.88493e-39 -5.81934e-39 0)
(1.18412e-37 -6.11677e-38 0)
(4.13028e-37 -1.02865e-36 0)
(5.32929e-36 -9.73027e-37 0)
(5.32929e-36 9.73027e-37 0)
(4.13028e-37 1.02865e-36 0)
(1.18412e-37 6.11677e-38 0)
(6.88493e-39 5.81934e-39 0)
(7.32761e-40 2.91996e-40 0)
(3.79332e-41 1.98772e-41 0)
(2.74151e-42 9.04763e-43 0)
(-4.58922e-44 -1.59964e-43 0)
(-1.26394e-42 -3.62996e-42 0)
(-1.82824e-41 -2.65318e-41 0)
(5.57553e-40 -8.77574e-40 0)
(7.95826e-39 -8.72455e-39 0)
(1.83222e-38 -1.42161e-37 0)
(1.697e-37 -1.26478e-37 0)
(1.58881e-37 2.78372e-37 0)
(-1.58818e-37 2.78322e-37 0)
(-1.69131e-37 -1.27483e-37 0)
(-9.84988e-39 -1.51848e-37 0)
(1.83823e-38 -1.59669e-37 0)
(1.88082e-37 -2.70603e-37 0)
(3.3705e-37 1.42111e-37 0)
(2.68479e-38 4.0485e-37 0)
(-1.32027e-37 -1.26478e-37 0)
(1.67407e-37 -2.68639e-37 0)
(1.70272e-37 1.27487e-37 0)
(1.83823e-38 1.42214e-37 0)
(7.9607e-39 8.73142e-39 0)
(5.11653e-40 9.55855e-40 0)
(5.69568e-41 4.96639e-41 0)
(3.11272e-42 3.60676e-42 0)
(2.29002e-43 1.70115e-43 0)
(1.11782e-44 9.76992e-45 0)
(6.4627e-46 4.22858e-46 0)
(3.00323e-47 1.97122e-47 0)
(3.00841e-47 -1.9747e-47 0)
(6.47609e-46 -4.23642e-46 0)
(1.12054e-44 -9.78963e-45 0)
(2.2962e-43 -1.70518e-43 0)
(3.12325e-42 -3.61611e-42 0)
(5.71745e-41 -4.98242e-41 0)
(5.14535e-40 -9.5929e-40 0)
(8.01452e-39 -8.77745e-39 0)
(1.88365e-38 -1.4312e-37 0)
(1.77714e-37 -1.35255e-37 0)
(1.77714e-37 1.35255e-37 0)
(1.88365e-38 1.4312e-37 0)
(8.01452e-39 8.77745e-39 0)
(5.14535e-40 9.5929e-40 0)
(5.71739e-41 4.98234e-41 0)
(3.11047e-42 3.6028e-42 0)
(6.98102e-44 -9.40159e-44 0)
(-2.73243e-42 -3.30963e-42 0)
(-1.99733e-41 -5.81756e-41 0)
(-2.89692e-40 -4.28167e-40 0)
(4.86013e-41 -1.06765e-40 0)
(6.99372e-40 -6.67201e-40 0)
(9.34252e-40 -9.986e-39 0)
(3.48224e-39 -8.79613e-39 0)
(3.20468e-39 1.95201e-38 0)
(-3.19847e-39 1.9516e-38 0)
(-3.4299e-39 -8.87483e-39 0)
(-1.8951e-40 -1.07204e-38 0)
(9.39889e-40 -1.13123e-38 0)
(4.42194e-39 -1.89327e-38 0)
(7.43088e-39 9.97866e-39 0)
(1.68374e-39 2.8316e-38 0)
(-1.52031e-39 -8.7959e-39 0)
(3.95438e-39 -1.87786e-38 0)
(3.53451e-39 8.87513e-39 0)
(9.39889e-40 9.98717e-39 0)
(6.97921e-40 6.62859e-40 0)
(4.65959e-41 7.48448e-41 0)
(5.55427e-42 4.09723e-42 0)
(3.09256e-43 3.01385e-43 0)
(2.33479e-44 1.47064e-44 0)
(1.15013e-45 8.49798e-46 0)
(6.71558e-47 3.76407e-47 0)
(3.13135e-48 1.75976e-48 0)
(3.13677e-48 -1.76293e-48 0)
(6.72956e-47 -3.77119e-47 0)
(1.15297e-45 -8.51557e-46 0)
(2.34121e-44 -1.47422e-44 0)
(3.10339e-43 -3.02197e-43 0)
(5.57646e-42 -4.11109e-42 0)
(4.68817e-41 -7.51314e-41 0)
(7.03164e-40 -6.66653e-40 0)
(9.80884e-40 -1.00579e-38 0)
(4.18522e-39 -9.46254e-39 0)
(4.18522e-39 9.46254e-39 0)
(9.80884e-40 1.00579e-38 0)
(7.03163e-40 6.66653e-40 0)
(4.68811e-41 7.51309e-41 0)
(5.56638e-42 4.1007e-42 0)
(1.10092e-43 1.28836e-43 0)
(-2.48676e-42 -3.4477e-42 0)
(-4.39628e-41 -4.37234e-41 0)
(-3.22487e-40 -7.7314e-40 0)
(-4.81113e-39 -5.8009e-39 0)
(-5.68178e-41 -5.47712e-40 0)
(7.21026e-41 -1.3819e-40 0)
(4.96123e-41 -9.60899e-40 0)
(5.2509e-42 -8.02217e-40 0)
(-7.10975e-43 1.77443e-39 0)
(1.33967e-42 1.77446e-39 0)
(7.54969e-43 -8.0624e-40 0)
(2.28303e-42 -9.76011e-40 0)
(4.64123e-41 -1.03031e-39 0)
(4.92163e-41 -1.72103e-39 0)
(5.01794e-41 9.07023e-40 0)
(9.46503e-41 2.57339e-39 0)
(9.55797e-41 -7.98504e-40 0)
(4.77623e-41 -1.70593e-39 0)
(6.3839e-42 8.06269e-40 0)
(4.64123e-41 9.07871e-40 0)
(4.51153e-41 6.12541e-41 0)
(3.17078e-42 7.32785e-42 0)
(3.86986e-43 4.08078e-43 0)
(2.22529e-44 3.07892e-44 0)
(1.69464e-45 1.51612e-45 0)
(8.52569e-47 8.84789e-47 0)
(4.99562e-48 3.93211e-48 0)
(2.36205e-49 1.84211e-49 0)
(2.36618e-49 -1.84542e-49 0)
(5.00617e-48 -3.93956e-48 0)
(8.5471e-47 -8.86631e-47 0)
(1.69941e-45 -1.51986e-45 0)
(2.23331e-44 -3.08738e-44 0)
(3.88595e-43 -4.09506e-43 0)
(3.19133e-42 -7.35712e-42 0)
(4.54799e-41 -6.16312e-41 0)
(4.91927e-41 -9.14788e-40 0)
(4.82839e-41 -8.60134e-40 0)
(4.82839e-41 8.60134e-40 0)
(4.91927e-41 9.14788e-40 0)
(4.54795e-41 6.16309e-41 0)
(3.18346e-42 7.35087e-42 0)
(2.5721e-43 2.68878e-43 0)
(-2.60069e-42 -2.32576e-42 0)
(-3.30871e-41 -4.80545e-41 0)
(-5.84655e-40 -6.12062e-40 0)
(-4.37126e-39 -1.11675e-38 0)
(-6.58143e-38 -8.55475e-38 0)
(-8.38906e-40 -8.20728e-39 0)
(3.87924e-40 -1.06646e-39 0)
(5.96748e-41 -7.77552e-40 0)
(3.34267e-41 -1.01237e-40 0)
(-3.8364e-42 1.1011e-40 0)
(7.01393e-42 1.15701e-40 0)
(7.12836e-42 -5.25204e-41 0)
(6.52612e-43 -6.40918e-41 0)
(2.91156e-42 -6.77967e-41 0)
(-3.93225e-42 -1.12397e-40 0)
(-9.94924e-42 5.93597e-41 0)
(6.43918e-42 1.68025e-40 0)
(1.30775e-41 -5.19539e-41 0)
(-3.07606e-42 -1.11343e-40 0)
(-6.57737e-42 5.24967e-41 0)
(2.91149e-42 5.94208e-41 0)
(3.2962e-42 4.19025e-42 0)
(2.35201e-43 5.11303e-43 0)
(2.94629e-44 2.93919e-44 0)
(1.71194e-45 2.23648e-45 0)
(1.31666e-46 1.12474e-46 0)
(6.66102e-48 6.58688e-48 0)
(3.91227e-49 2.9683e-49 0)
(1.85303e-50 1.39156e-50 0)
(1.85626e-50 -1.39408e-50 0)
(3.92054e-49 -2.97398e-49 0)
(6.67782e-48 -6.60079e-48 0)
(1.32039e-46 -1.12756e-46 0)
(1.71821e-45 -2.24276e-45 0)
(2.95879e-44 -2.94978e-44 0)
(2.3678e-43 -5.13426e-43 0)
(3.32393e-42 -4.2174e-42 0)
(3.11696e-42 -5.99025e-41 0)
(-3.51981e-42 -5.61712e-41 0)
(-3.51981e-42 5.61711e-41 0)
(3.11672e-42 5.99024e-41 0)
(3.31919e-42 4.21429e-42 0)
(1.30072e-43 4.50759e-43 0)
(-1.75777e-42 -1.38427e-42 0)
(-3.64292e-41 -2.38285e-41 0)
(-4.63455e-40 -4.89567e-40 0)
(-8.44812e-39 -6.3516e-39 0)
(-6.44422e-38 -1.17545e-37 0)
(-1.01305e-36 -9.465e-37 0)
(-1.21138e-38 -9.63157e-38 0)
(6.40046e-39 -1.49597e-38 0)
(8.21557e-40 -1.10165e-38 0)
(5.41568e-40 -7.32241e-40 0)
(3.66546e-41 -7.84669e-41 0)
(5.0218e-42 3.70347e-42 0)
(8.09454e-43 -4.22265e-42 0)
(6.90335e-44 -4.7362e-42 0)
(1.67252e-43 -4.99415e-42 0)
(-3.6884e-43 -8.26389e-42 0)
(-8.34882e-43 4.36523e-42 0)
(3.79706e-43 1.23523e-41 0)
(8.93198e-43 -3.81598e-42 0)
(-2.97873e-43 -8.18347e-42 0)
(-5.1858e-43 3.85738e-42 0)
(1.66264e-43 4.36994e-42 0)
(1.99054e-43 3.1176e-43 0)
(1.46239e-44 3.89738e-44 0)
(1.84941e-45 2.26328e-45 0)
(1.09633e-46 1.73913e-46 0)
(8.45805e-48 8.79498e-48 0)
(4.33517e-49 5.16289e-49 0)
(2.54655e-50 2.33084e-50 0)
(1.21581e-51 1.09091e-51 0)
(1.21794e-51 -1.09287e-51 0)
(2.55196e-50 -2.3353e-50 0)
(4.3462e-49 -5.1738e-49 0)
(8.48235e-48 -8.81715e-48 0)
(1.10041e-46 -1.74406e-46 0)
(1.85743e-45 -2.27156e-45 0)
(1.4725e-44 -3.91388e-44 0)
(2.00793e-43 -3.13848e-43 0)
(1.79022e-43 -4.40663e-42 0)
(-3.34373e-43 -4.12982e-42 0)
(-3.34465e-43 4.12976e-42 0)
(1.76662e-43 4.40524e-42 0)
(1.53141e-43 2.79028e-43 0)
(-1.05999e-42 -6.67665e-43 0)
(-1.81047e-41 -1.63092e-41 0)
(-3.71745e-40 -2.77385e-40 0)
(-4.81473e-39 -5.89537e-39 0)
(-8.89371e-38 -7.79489e-38 0)
(-7.10559e-37 -1.52184e-36 0)
(-1.12819e-35 -1.28698e-35 0)
(-1.20532e-37 -1.35242e-36 0)
(9.46011e-38 -1.71076e-37 0)
(1.28395e-38 -1.18188e-37 0)
(8.33506e-39 -7.69343e-39 0)
(5.48811e-40 -8.75457e-40 0)
(6.57266e-41 -4.74462e-41 0)
(3.68743e-42 -3.78965e-42 0)
(2.79943e-43 -4.60087e-43 0)
(2.39337e-44 -3.13415e-43 0)
(-2.54125e-44 -4.99945e-43 0)
(-5.78904e-44 2.64207e-43 0)
(2.38351e-44 7.46507e-43 0)
(5.87778e-44 -2.30073e-43 0)
(-2.12838e-44 -4.94446e-43 0)
(-3.54617e-44 2.32676e-43 0)
(1.03136e-44 2.64531e-43 0)
(1.26006e-44 1.94083e-44 0)
(9.3462e-46 2.44792e-45 0)
(1.19303e-46 1.45017e-46 0)
(7.12092e-48 1.11775e-47 0)
(5.50555e-49 5.72685e-49 0)
(2.8316e-50 3.36225e-50 0)
(1.66052e-51 1.53019e-51 0)
(7.931e-53 7.14946e-53 0)
(7.94481e-53 -7.16237e-53 0)
(1.66404e-51 -1.53312e-51 0)
(2.8388e-50 -3.3694e-50 0)
(5.52139e-49 -5.74141e-49 0)
(7.14756e-48 -1.12096e-47 0)
(1.19825e-46 -1.45556e-46 0)
(9.41185e-46 -2.45852e-45 0)
(1.27127e-44 -1.95421e-44 0)
(1.11261e-44 -2.66833e-43 0)
(-2.38556e-44 -2.49628e-43 0)
(-2.48716e-44 2.49248e-43 0)
(-1.54051e-44 2.58313e-43 0)
(-5.25784e-43 -1.93265e-43 0)
(-1.24221e-41 -4.33625e-42 0)
(-2.11159e-40 -1.00514e-40 0)
(-4.48332e-39 -1.73719e-39 0)
(-5.91002e-38 -3.74128e-38 0)
(-1.14903e-36 -5.19543e-37 0)
(-9.55299e-36 -1.05099e-35 0)
(-1.63369e-34 -1.03214e-34 0)
(-9.70341e-37 -1.21878e-35 0)
(1.99535e-36 -2.2026e-36 0)
(1.91062e-37 -1.74398e-36 0)
(8.98989e-38 -1.06291e-37 0)
(5.75725e-39 -1.17873e-38 0)
(6.56748e-40 -6.1495e-40 0)
(3.59963e-41 -4.49931e-41 0)
(2.67993e-42 -2.14558e-42 0)
(1.31722e-43 -1.41697e-43 0)
(6.12504e-45 -3.68588e-44 0)
(-2.9549e-45 1.64379e-44 0)
(1.33655e-45 4.71385e-44 0)
(3.29791e-45 -1.45204e-44 0)
(-1.21683e-45 -3.12251e-44 0)
(-2.00963e-45 1.46875e-44 0)
(5.67622e-46 1.67153e-44 0)
(7.00304e-46 1.23771e-45 0)
(5.29625e-47 1.5744e-46 0)
(6.77581e-48 9.39024e-48 0)
(4.09813e-49 7.25032e-49 0)
(3.16592e-50 3.72718e-50 0)
(1.64164e-51 2.18394e-51 0)
(9.60342e-53 9.94401e-53 0)
(4.6061e-54 4.62729e-54 0)
(4.61409e-54 -4.6356e-54 0)
(9.62374e-53 -9.96297e-53 0)
(1.64581e-51 -2.18857e-51 0)
(3.17503e-50 -3.73666e-50 0)
(4.11342e-49 -7.27121e-49 0)
(6.80533e-48 -9.42548e-48 0)
(5.33265e-47 -1.58133e-46 0)
(7.06262e-46 -1.24652e-45 0)
(6.03269e-46 -1.68677e-44 0)
(-1.6449e-45 -1.58821e-44 0)
(-7.91524e-45 1.25883e-44 0)
(-1.63057e-43 -5.74827e-44 0)
(-3.33758e-42 -1.90609e-42 0)
(-7.73186e-41 -3.92114e-41 0)
(-1.33587e-39 -9.43078e-40 0)
(-2.8687e-38 -1.65225e-38 0)
(-3.94255e-37 -3.77157e-37 0)
(-7.84069e-36 -5.43487e-36 0)
(-7.22659e-35 -1.22205e-34 0)
(-1.25338e-33 -1.3553e-33 0)
(1.83539e-35 -2.00017e-34 0)
(4.78866e-35 -2.17077e-35 0)
(4.12728e-36 -1.4613e-35 0)
(1.60513e-36 -8.66509e-37 0)
(9.48277e-38 -8.52678e-38 0)
(1.05371e-38 -4.32749e-39 0)
(5.49653e-40 -3.00467e-40 0)
(4.04837e-41 -1.40379e-41 0)
(1.91727e-42 -7.91914e-43 0)
(1.10762e-43 -3.54601e-44 0)
(4.66852e-45 -9.7056e-46 0)
(2.88805e-46 1.84642e-45 0)
(1.46937e-46 -5.9084e-46 0)
(-5.07036e-47 -1.26634e-45 0)
(-8.41224e-47 5.95044e-46 0)
(2.3549e-47 6.78635e-46 0)
(2.91316e-47 5.11477e-47 0)
(2.21134e-48 6.58502e-48 0)
(2.82862e-49 3.98268e-49 0)
(1.71346e-50 3.09393e-50 0)
(1.31858e-51 1.60602e-51 0)
(6.8306e-53 9.43396e-53 0)
(3.9719e-54 4.32173e-54 0)
(1.89832e-55 2.01109e-55 0)
(1.90034e-55 -2.0147e-55 0)
(3.97568e-54 -4.32998e-54 0)
(6.83254e-53 -9.45401e-53 0)
(1.31726e-51 -1.61011e-51 0)
(1.70397e-50 -3.10287e-50 0)
(2.79121e-49 -3.9976e-49 0)
(2.08415e-48 -6.61376e-48 0)
(2.51996e-47 -5.14982e-47 0)
(-8.40589e-47 -6.84354e-46 0)
(-3.06435e-45 -6.27504e-46 0)
(-7.05032e-44 9.47789e-46 0)
(-1.80841e-42 7.84606e-45 0)
(-3.72433e-41 1.65864e-43 0)
(-8.95799e-40 3.26583e-42 0)
(-1.56965e-38 5.76967e-41 0)
(-3.56163e-37 1.47861e-40 0)
(-5.01387e-36 -5.10375e-38 0)
(-1.08781e-34 -3.88307e-36 0)
(-1.05301e-33 -1.86931e-34 0)
(-2.14409e-32 -6.39647e-33 0)
(1.43718e-33 -1.53435e-33 0)
(2.13309e-33 -3.87547e-34 0)
(1.19721e-34 -3.3979e-34 0)
(1.88812e-35 -1.75316e-35 0)
(1.01363e-36 -1.72016e-36 0)
(9.46041e-38 -8.13885e-38 0)
(4.76299e-39 -5.6457e-39 0)
(3.29577e-40 -2.52507e-40 0)
(1.53934e-41 -1.42127e-41 0)
(8.67253e-43 -5.96008e-43 0)
(3.7474e-44 -2.86626e-44 0)
(1.80907e-45 -1.05032e-45 0)
(7.66884e-47 -7.00502e-47 0)
(1.45717e-48 -4.99521e-47 0)
(-2.55426e-48 2.25794e-47 0)
(7.48098e-49 2.58456e-47 0)
(9.23306e-49 1.95656e-48 0)
(7.09966e-50 2.50398e-49 0)
(9.11206e-51 1.51614e-50 0)
(5.57054e-52 1.16832e-51 0)
(4.28736e-53 6.05333e-53 0)
(2.23322e-54 3.52353e-54 0)
(1.29607e-55 1.6074e-55 0)
(6.20943e-57 7.40983e-57 0)
(6.24834e-57 -7.41039e-57 0)
(1.30901e-55 -1.60603e-55 0)
(2.27306e-54 -3.51546e-54 0)
(4.41238e-53 -6.01669e-53 0)
(5.9417e-52 -1.1545e-51 0)
(1.02316e-50 -1.46832e-50 0)
(1.02425e-49 -2.34941e-49 0)
(1.82058e-48 -1.49447e-48 0)
(2.40651e-47 -1.23236e-47 0)
(6.20441e-46 3.36929e-46 0)
(1.4669e-44 9.74865e-45 0)
(3.64471e-43 2.30044e-43 0)
(7.59004e-42 5.73932e-42 0)
(1.74975e-40 1.18148e-40 0)
(3.11973e-39 2.58229e-39 0)
(6.69167e-38 3.21527e-38 0)
(9.66494e-37 -2.01035e-37 0)
(1.94147e-35 -6.29292e-35 0)
(1.95545e-34 -3.64915e-33 0)
(3.54605e-33 -1.53153e-31 0)
(6.21541e-32 -3.72927e-32 0)
(6.63119e-32 -1.37499e-33 0)
(2.72742e-33 -3.41212e-35 0)
(4.35559e-34 -6.44371e-37 0)
(2.06356e-35 -6.41222e-39 0)
(1.93431e-36 6.5543e-41 0)
(9.09604e-38 1.16717e-41 0)
(6.30056e-39 5.41145e-43 0)
(2.81835e-40 2.77031e-44 0)
(1.58701e-41 1.07684e-45 0)
(6.65693e-43 4.75039e-47 0)
(3.20549e-44 4.04135e-48 0)
(1.2554e-45 -6.54965e-49 0)
(5.32329e-47 -1.55152e-48 0)
(1.85638e-48 7.29245e-49 0)
(9.95649e-50 8.33857e-49 0)
(3.38869e-50 6.39778e-50 0)
(2.50565e-51 8.1954e-51 0)
(3.11052e-52 5.00722e-52 0)
(1.89371e-53 3.85278e-53 0)
(1.44173e-54 2.00649e-54 0)
(7.48694e-56 1.16439e-55 0)
(4.30546e-57 5.3225e-57 0)
(2.1524e-58 2.44307e-58 0)
(5.64987e-58 -2.45531e-58 0)
(1.694e-56 -5.36037e-57 0)
(4.98641e-55 -1.17675e-55 0)
(1.53963e-53 -2.04487e-54 0)
(4.53879e-52 -3.97512e-53 0)
(1.3706e-50 -5.37242e-52 0)
(3.87878e-49 -9.3165e-51 0)
(1.11033e-47 -9.55104e-50 0)
(2.91389e-46 -1.75253e-48 0)
(7.78421e-45 -2.45516e-47 0)
(1.84985e-43 -6.50543e-46 0)
(4.58604e-42 -1.52322e-44 0)
(9.65865e-41 -3.87901e-43 0)
(2.21963e-39 -7.74229e-42 0)
(4.02382e-38 -1.65446e-40 0)
(8.59117e-37 -1.15911e-39 0)
(1.27362e-35 8.05634e-38 0)
(2.54252e-34 8.43887e-36 0)
(2.69202e-33 4.5335e-34 0)
(4.8526e-32 1.83857e-32 0)
(2.15384e-33 -3.69867e-32 0)
(1.77219e-33 -1.05005e-33 0)
(1.04056e-34 3.03216e-34 0)
(1.70445e-35 1.68168e-35 0)
(9.33357e-37 1.71059e-36 0)
(8.85656e-38 8.13377e-38 0)
(4.50386e-39 5.65097e-39 0)
(3.14309e-40 2.52789e-40 0)
(1.47673e-41 1.42276e-41 0)
(8.36263e-43 5.96546e-43 0)
(3.62797e-44 2.87139e-44 0)
(1.75554e-45 1.12414e-45 0)
(7.04523e-47 4.76821e-47 0)
(3.00266e-48 1.68972e-48 0)
(1.09083e-49 9.13755e-50 0)
(5.04778e-51 3.07085e-50 0)
(1.09524e-51 2.26721e-51 0)
(7.896e-53 2.80748e-52 0)
(9.53921e-54 1.70812e-53 0)
(5.81934e-55 1.29943e-54 0)
(4.3972e-56 6.74579e-56 0)
(2.28759e-57 3.87734e-57 0)
(1.30741e-58 1.7642e-58 0)
(6.17947e-60 7.68756e-60 0)
(4.35154e-60 -2.06628e-59 0)
(5.17558e-59 -6.30677e-58 0)
(-4.79524e-58 -1.98886e-56 0)
(-6.40147e-56 -6.04696e-55 0)
(-2.84199e-54 -1.90659e-53 0)
(-1.15323e-52 -5.70675e-52 0)
(-3.4887e-51 -1.74177e-50 0)
(-1.21113e-49 -4.94698e-49 0)
(-3.11297e-48 -1.42658e-47 0)
(-1.00655e-46 -3.73741e-46 0)
(-2.25952e-45 -1.00641e-44 0)
(-6.92552e-44 -2.37935e-43 0)
(-1.33841e-42 -5.93905e-42 0)
(-3.91882e-41 -1.2199e-40 0)
(-6.30123e-40 -2.65266e-39 0)
(-1.78553e-38 -3.15405e-38 0)
(-2.2512e-37 3.27561e-37 0)
(-6.30949e-36 7.23884e-35 0)
(-5.27161e-35 4.13641e-33 0)
(-1.4766e-33 1.72404e-31 0)
(3.99098e-34 -1.21627e-33 0)
(-1.4367e-34 -4.9614e-35 0)
(-4.27553e-36 1.11023e-35 0)
(6.17502e-37 7.4815e-37 0)
(5.1382e-38 7.80803e-38 0)
(7.26767e-39 4.02699e-39 0)
(4.08807e-40 2.82091e-40 0)
(3.21883e-41 1.32572e-41 0)
(1.57635e-42 7.50407e-43 0)
(9.39635e-44 3.25432e-44 0)
(4.15367e-45 1.57412e-45 0)
(2.05768e-46 6.3153e-47 0)
(8.31859e-48 2.69173e-48 0)
(3.58109e-49 9.85938e-50 0)
(1.32552e-50 4.59157e-51 0)
(5.35925e-52 9.9267e-52 0)
(4.70596e-53 7.14915e-53 0)
(2.91028e-54 8.61578e-54 0)
(3.0876e-55 5.25267e-55 0)
(1.84023e-56 3.96553e-56 0)
(1.35704e-57 2.06228e-57 0)
(7.00856e-59 1.17806e-58 0)
(3.85071e-60 5.35822e-60 0)
(-3.8253e-60 2.4843e-61 0)
(-1.44357e-58 1.84993e-63 0)
(-5.13618e-57 3.5695e-60 0)
(-1.72542e-55 2.10173e-58 0)
(-5.76542e-54 9.07177e-57 0)
(-1.79504e-52 3.45113e-55 0)
(-5.62483e-51 1.15213e-53 0)
(-1.61118e-49 3.82729e-52 0)
(-4.72738e-48 1.11349e-50 0)
(-1.23321e-46 3.41092e-49 0)
(-3.38404e-45 8.85393e-48 0)
(-7.92515e-44 2.54148e-46 0)
(-2.03338e-42 5.86937e-45 0)
(-4.18609e-41 1.59912e-43 0)
(-1.00623e-39 3.34864e-42 0)
(-1.76234e-38 9.68322e-41 0)
(-3.99587e-37 2.59691e-39 0)
(-5.62152e-36 1.16393e-37 0)
(-1.21858e-34 5.1638e-36 0)
(-1.17841e-33 2.26007e-34 0)
(-2.3975e-32 7.33005e-33 0)
(1.56735e-35 -1.86699e-34 0)
(-7.01038e-36 -7.25851e-36 0)
(-2.98249e-37 4.48796e-37 0)
(1.19721e-38 4.39065e-38 0)
(1.61212e-39 6.5093e-39 0)
(2.74968e-40 3.67814e-40 0)
(1.68024e-41 2.89738e-41 0)
(1.37085e-42 1.41857e-42 0)
(7.01389e-44 8.45133e-44 0)
(4.24167e-45 3.73475e-45 0)
(1.9283e-46 1.84951e-46 0)
(9.62786e-48 7.47534e-48 0)
(3.96793e-49 3.21764e-49 0)
(1.71683e-50 1.19338e-50 0)
(6.45925e-52 4.83465e-52 0)
(2.5653e-53 4.25602e-53 0)
(1.70294e-54 2.63243e-54 0)
(9.59354e-56 2.7885e-55 0)
(9.17983e-57 1.66111e-56 0)
(5.37506e-58 1.22394e-57 0)
(3.87804e-59 6.31927e-59 0)
(1.99526e-60 3.56597e-60 0)
(1.17366e-61 1.68042e-61 0)
(2.2781e-61 2.68923e-61 0)
(8.04081e-60 9.87892e-60 0)
(2.85249e-58 3.55938e-58 0)
(9.59527e-57 1.26533e-56 0)
(3.19178e-55 4.24944e-55 0)
(9.94833e-54 1.41885e-53 0)
(3.09516e-52 4.41694e-52 0)
(8.86964e-51 1.38283e-50 0)
(2.57414e-49 3.96083e-49 0)
(6.71018e-48 1.16083e-47 0)
(1.81151e-46 3.02824e-46 0)
(4.23103e-45 8.29718e-45 0)
(1.05962e-43 1.94326e-43 0)
(2.16796e-42 4.97586e-42 0)
(5.02572e-41 1.0246e-40 0)
(8.68726e-40 2.45696e-39 0)
(1.86224e-38 4.31149e-38 0)
(2.54578e-37 9.77898e-37 0)
(5.03364e-36 1.40146e-35 0)
(4.55442e-35 3.09271e-34 0)
(7.84721e-34 3.29605e-33 0)
(1.41849e-36 -7.23133e-36 0)
(-7.00012e-37 -3.27936e-37 0)
(-3.10366e-38 8.90289e-39 0)
(-1.11716e-39 1.41282e-39 0)
(1.53428e-41 2.47352e-40 0)
(1.20129e-41 1.51429e-41 0)
(8.59963e-43 1.2348e-42 0)
(7.97104e-44 6.31517e-44 0)
(4.27254e-45 3.8168e-45 0)
(2.70359e-46 1.73459e-46 0)
(1.25341e-47 8.65764e-48 0)
(6.37959e-49 3.5673e-49 0)
(2.65016e-50 1.54323e-50 0)
(1.15496e-51 5.81255e-52 0)
(4.36094e-53 2.31114e-53 0)
(1.70319e-54 1.53822e-54 0)
(8.23024e-56 8.67092e-56 0)
(3.91181e-57 8.28929e-57 0)
(2.97757e-58 4.85162e-58 0)
(1.64095e-59 3.49775e-59 0)
(1.123e-60 1.79887e-60 0)
(6.15871e-62 1.0066e-61 0)
(1.87509e-61 1.25306e-62 0)
(6.96381e-60 3.08121e-61 0)
(2.50803e-58 1.16347e-59 0)
(8.91107e-57 4.1915e-58 0)
(2.99189e-55 1.49026e-56 0)
(9.98437e-54 5.00501e-55 0)
(3.10761e-52 1.67166e-53 0)
(9.72316e-51 5.20459e-52 0)
(2.78453e-49 1.63016e-50 0)
(8.15441e-48 4.67002e-49 0)
(2.12686e-46 1.36947e-47 0)
(5.82148e-45 3.57322e-46 0)
(1.36313e-43 9.79792e-45 0)
(3.48554e-42 2.29544e-43 0)
(7.17421e-41 5.88568e-42 0)
(1.7165e-39 1.21444e-40 0)
(3.00528e-38 2.93374e-39 0)
(6.76972e-37 5.29445e-38 0)
(9.51598e-36 1.28641e-36 0)
(2.04307e-34 2.37715e-35 0)
(1.97128e-33 6.93619e-34 0)
(3.9479e-32 1.48461e-32 0)
(5.57796e-38 -6.43656e-37 0)
(-2.77803e-38 -2.87593e-38 0)
(-1.35807e-39 -1.02153e-39 0)
(-7.29608e-41 1.39318e-41 0)
(-1.01588e-42 1.08633e-41 0)
(3.50502e-43 7.76788e-43 0)
(2.93161e-44 7.18784e-44 0)
(2.93171e-45 3.85037e-45 0)
(1.6474e-46 2.43473e-46 0)
(1.06605e-47 1.12838e-47 0)
(5.07184e-49 5.74109e-49 0)
(2.60734e-50 2.3844e-50 0)
(1.10086e-51 1.03894e-51 0)
(4.82221e-53 3.92436e-53 0)
(1.8412e-54 1.53334e-54 0)
(7.17535e-56 7.42204e-56 0)
(3.12483e-57 3.53064e-57 0)
(1.37e-58 2.68744e-58 0)
(8.9618e-60 1.48079e-59 0)
(4.69898e-61 1.0127e-60 0)
(3.08382e-62 5.12039e-62 0)
(1.05631e-62 2.70489e-63 0)
(3.47862e-61 -3.93387e-63 0)
(1.31404e-59 -1.56157e-61 0)
(4.73388e-58 -5.89741e-60 0)
(1.68296e-56 -2.12405e-58 0)
(5.65203e-55 -7.54675e-57 0)
(1.88753e-53 -2.53391e-55 0)
(5.87639e-52 -8.45594e-54 0)
(1.84026e-50 -2.63201e-52 0)
(5.27146e-49 -8.23498e-51 0)
(1.54545e-47 -2.35849e-49 0)
(4.03185e-46 -6.90643e-48 0)
(1.10515e-44 -1.80127e-46 0)
(2.58832e-43 -4.92704e-45 0)
(6.63076e-42 -1.15016e-43 0)
(1.36507e-40 -2.90302e-42 0)
(3.27433e-39 -5.58987e-41 0)
(5.7339e-38 -1.01721e-39 0)
(1.29625e-36 9.52122e-39 0)
(1.82256e-35 1.88984e-36 0)
(3.93446e-34 1.40622e-34 0)
(3.79884e-33 7.23885e-33 0)
(7.68432e-32 2.85783e-31 0)
(3.64229e-39 -2.52372e-38 0)
(-1.80978e-39 -1.23238e-39 0)
(-8.82535e-41 -6.54984e-41 0)
(-7.28765e-42 -8.88463e-43 0)
(-2.30841e-43 3.18017e-43 0)
(4.00327e-45 2.6514e-44 0)
(8.82241e-46 2.64508e-45 0)
(1.17049e-46 1.48521e-46 0)
(7.13157e-48 9.60337e-48 0)
(4.89946e-49 4.56723e-49 0)
(2.3956e-50 2.34702e-50 0)
(1.2585e-51 9.90728e-52 0)
(5.37156e-53 4.33889e-53 0)
(2.37101e-54 1.65697e-54 0)
(9.08503e-56 6.45879e-56 0)
(3.52987e-57 2.81611e-57 0)
(1.39601e-58 1.23558e-58 0)
(5.59634e-60 8.08555e-60 0)
(2.98711e-61 4.23938e-61 0)
(1.43133e-62 2.76068e-62 0)
(8.6077e-64 1.36516e-63 0)
(3.27151e-64 -3.31618e-64 0)
(1.10091e-62 -1.6261e-62 0)
(4.15965e-61 -6.25874e-61 0)
(1.49868e-59 -2.3649e-59 0)
(5.32925e-58 -8.52005e-58 0)
(1.78995e-56 -3.02916e-56 0)
(5.97927e-55 -1.01737e-54 0)
(1.8617e-53 -3.39778e-53 0)
(5.83204e-52 -1.0579e-51 0)
(1.67076e-50 -3.31317e-50 0)
(4.90026e-49 -9.49151e-49 0)
(1.27852e-47 -2.78287e-47 0)
(3.50628e-46 -7.26046e-46 0)
(8.21259e-45 -1.98973e-44 0)
(2.10533e-43 -4.65371e-43 0)
(4.33453e-42 -1.18503e-41 0)
(1.04065e-40 -2.36529e-40 0)
(1.82245e-39 -5.05327e-39 0)
(4.12524e-38 -3.52979e-38 0)
(5.80046e-37 2.47026e-36 0)
(1.25462e-35 2.58377e-34 0)
(1.21157e-34 1.38788e-32 0)
(2.45948e-33 5.62823e-31 0)
(1.38238e-40 -1.63899e-39 0)
(-6.85061e-41 -7.96771e-41 0)
(-3.5482e-42 -6.54354e-42 0)
(-3.27186e-43 -2.06373e-43 0)
(-1.21695e-44 3.73379e-45 0)
(-1.52305e-46 8.00748e-46 0)
(1.86927e-47 1.05713e-46 0)
(3.54244e-48 6.43377e-48 0)
(2.34744e-49 4.41576e-49 0)
(1.68612e-50 2.15818e-50 0)
(8.50136e-52 1.13329e-51 0)
(4.53445e-53 4.836e-53 0)
(1.96693e-54 2.13413e-54 0)
(8.73756e-56 8.17758e-56 0)
(3.37947e-57 3.17744e-57 0)
(1.31434e-58 1.25745e-58 0)
(5.02152e-60 5.04351e-60 0)
(1.93256e-61 2.69357e-61 0)
(9.16355e-63 1.29091e-62 0)
(4.05226e-64 7.69672e-64 0)
(-2.02308e-64 3.4136e-65 0)
(-9.02012e-63 -1.19019e-64 0)
(-3.47137e-61 -4.8482e-63 0)
(-1.31163e-59 -1.86535e-61 0)
(-4.72523e-58 -7.04547e-60 0)
(-1.67991e-56 -2.53779e-58 0)
(-5.64182e-55 -9.01825e-57 0)
(-1.88415e-53 -3.02827e-55 0)
(-5.86592e-52 -1.01075e-53 0)
(-1.83701e-50 -3.14636e-52 0)
(-5.26221e-49 -9.84634e-51 0)
(-1.54278e-47 -2.8202e-49 0)
(-4.02489e-46 -8.26055e-48 0)
(-1.10327e-44 -2.15461e-46 0)
(-2.58394e-43 -5.89573e-45 0)
(-6.61979e-42 -1.37686e-43 0)
(-1.36282e-40 -3.48174e-42 0)
(-3.26908e-39 -6.75841e-41 0)
(-5.72471e-38 -1.27853e-39 0)
(-1.29426e-36 6.58397e-39 0)
(-1.81975e-35 1.92439e-36 0)
(-3.92883e-34 1.48043e-34 0)
(-3.79339e-33 7.65838e-33 0)
(-7.67488e-32 3.03306e-31 0)
(7.24219e-42 -6.20962e-41 0)
(-3.57502e-42 -3.20379e-42 0)
(-1.85176e-43 -2.94106e-43 0)
(-1.98616e-44 -1.09113e-44 0)
(-8.24246e-46 -1.32717e-46 0)
(-3.08831e-47 1.70627e-47 0)
(-3.24626e-49 3.20225e-48 0)
(8.79215e-50 2.11891e-49 0)
(7.40123e-51 1.52026e-50 0)
(5.98618e-52 7.66154e-52 0)
(3.1654e-53 4.08468e-53 0)
(1.74379e-54 1.77139e-54 0)
(7.69352e-56 7.86707e-56 0)
(3.45496e-57 3.04268e-57 0)
(1.34418e-58 1.18333e-58 0)
(5.23287e-60 4.5228e-60 0)
(1.93797e-61 1.74103e-61 0)
(7.18213e-63 8.26078e-63 0)
(3.02097e-64 3.91694e-64 0)
(8.84514e-66 2.22017e-65 0)
(-1.26595e-64 5.90744e-66 0)
(-5.09729e-63 1.94899e-64 0)
(-1.96105e-61 7.8133e-63 0)
(-7.40639e-60 3.00677e-61 0)
(-2.66763e-58 1.13629e-59 0)
(-9.47882e-57 4.09388e-58 0)
(-3.18269e-55 1.4558e-56 0)
(-1.06218e-53 4.88964e-55 0)
(-3.30618e-52 1.63345e-53 0)
(-1.03452e-50 5.08603e-52 0)
(-2.96278e-49 1.59342e-50 0)
(-8.67706e-48 4.56511e-49 0)
(-2.26323e-46 1.33912e-47 0)
(-6.19523e-45 3.49426e-46 0)
(-1.45065e-43 9.58515e-45 0)
(-3.70963e-42 2.24576e-43 0)
(-7.63524e-41 5.76138e-42 0)
(-1.82695e-39 1.18906e-40 0)
(-3.1984e-38 2.87591e-39 0)
(-7.20546e-37 5.20304e-38 0)
(-1.01266e-35 1.27238e-36 0)
(-2.1745e-34 2.39339e-35 0)
(-2.09736e-33 7.09112e-34 0)
(-4.20237e-32 1.55181e-32 0)
(-3.54881e-36 3.05958e-31 0)
(2.26846e-43 -3.58821e-42 0)
(-1.11728e-43 -1.85936e-43 0)
(-6.04449e-45 -1.99407e-44 0)
(-6.75428e-46 -8.31553e-46 0)
(-2.98431e-47 -3.16123e-47 0)
(-1.3327e-48 -3.66694e-49 0)
(-2.9691e-50 8.49482e-50 0)
(1.51515e-51 7.26128e-51 0)
(1.76917e-52 5.90678e-52 0)
(1.594e-53 3.13215e-53 0)
(8.81736e-55 1.72763e-54 0)
(4.97707e-56 7.63094e-56 0)
(2.23655e-57 3.42795e-57 0)
(1.01332e-58 1.33446e-58 0)
(3.97903e-60 5.19333e-60 0)
(1.55348e-61 1.91372e-61 0)
(5.71944e-63 6.08154e-63 0)
(2.56846e-64 2.90549e-64 0)
(1.02178e-65 9.77142e-64 0)
(-2.3396e-65 7.43089e-65 0)
(-1.04358e-65 1.17834e-65 0)
(-3.45854e-64 1.14285e-64 0)
(-1.3291e-62 4.5587e-63 0)
(-5.00429e-61 1.75375e-61 0)
(-1.80128e-59 6.62332e-60 0)
(-6.37338e-58 2.38552e-58 0)
(-2.1382e-56 8.47641e-57 0)
(-7.09478e-55 2.84608e-55 0)
(-2.20601e-53 9.49873e-54 0)
(-6.84844e-52 2.95664e-52 0)
(-1.95868e-50 9.25206e-51 0)
(-5.67483e-49 2.64985e-49 0)
(-1.47748e-47 7.76143e-48 0)
(-3.98466e-46 2.02462e-46 0)
(-9.30645e-45 5.54302e-45 0)
(-2.33068e-43 1.29818e-43 0)
(-4.77819e-42 3.32065e-42 0)
(-1.10931e-40 6.83759e-41 0)
(-1.929e-39 1.63733e-39 0)
(-4.15108e-38 2.87302e-38 0)
(-5.75733e-37 6.50312e-37 0)
(-1.1464e-35 9.31529e-36 0)
(-1.07194e-34 2.04898e-34 0)
(-1.85073e-33 2.17887e-33 0)
(-1.76504e-37 4.27403e-32 0)
(-7.61891e-43 -9.65267e-42 0)
(3.75135e-43 -4.98047e-43 0)
(2.02665e-44 -5.22763e-44 0)
(2.25523e-45 -2.13959e-45 0)
(9.91868e-47 -7.32031e-47 0)
(4.33305e-48 -3.08819e-49 0)
(9.08416e-50 2.79922e-49 0)
(-5.80262e-51 2.20886e-50 0)
(-6.31492e-52 1.73732e-51 0)
(-5.57261e-53 9.0841e-53 0)
(-3.06051e-54 4.9652e-54 0)
(-1.71848e-55 2.18059e-55 0)
(-7.69877e-57 9.75695e-57 0)
(-3.47837e-58 3.78692e-58 0)
(-1.36323e-59 1.46417e-59 0)
(-5.30335e-61 5.08438e-61 0)
(-1.85008e-62 -2.41071e-62 0)
(1.51098e-63 5.47683e-64 0)
(6.18468e-65 4.15372e-62 0)
(-1.0637e-63 3.16067e-63 0)
(-8.21799e-65 3.90809e-64 0)
(-4.55209e-65 3.14265e-65 0)
(-1.38518e-63 3.11299e-64 0)
(-5.2729e-62 1.19052e-62 0)
(-1.91893e-60 4.48237e-61 0)
(-6.86097e-59 1.61338e-59 0)
(-2.3246e-57 5.70851e-58 0)
(-7.78574e-56 1.91514e-56 0)
(-2.44137e-54 6.35473e-55 0)
(-7.64015e-53 1.97593e-53 0)
(-2.19942e-51 6.13447e-52 0)
(-6.41289e-50 1.75457e-50 0)
(-1.676e-48 5.08388e-49 0)
(-4.53871e-47 1.32376e-47 0)
(-1.05961e-45 3.57054e-46 0)
(-2.65625e-44 8.3407e-45 0)
(-5.40471e-43 2.08926e-43 0)
(-1.24996e-41 4.2847e-42 0)
(-2.12784e-40 9.95177e-41 0)
(-4.52512e-39 1.7325e-39 0)
(-5.95846e-38 3.73555e-38 0)
(-1.1588e-36 5.21901e-37 0)
(-9.54986e-36 1.04899e-35 0)
(-1.63834e-34 1.01751e-34 0)
(-1.78477e-38 1.74808e-33 0)
(-2.13018e-41 -1.85554e-40 0)
(1.05162e-41 -9.55583e-42 0)
(5.44347e-43 -8.6765e-43 0)
(5.73162e-44 -3.17609e-44 0)
(2.34686e-45 -2.88671e-46 0)
(8.03077e-47 5.74821e-47 0)
(3.37934e-49 1.00798e-47 0)
(-3.07558e-49 6.59636e-49 0)
(-2.42633e-50 4.70058e-50 0)
(-1.90876e-51 2.36175e-51 0)
(-9.98034e-53 1.25618e-52 0)
(-5.45589e-54 5.4401e-54 0)
(-2.39613e-55 2.41328e-55 0)
(-1.07227e-56 9.32656e-57 0)
(-4.16195e-58 3.5952e-58 0)
(-1.61389e-59 1.23992e-59 0)
(-5.58564e-61 -1.3485e-60 0)
(7.31898e-62 1.30786e-62 0)
(2.91333e-63 1.77124e-60 0)
(-4.57384e-62 1.33845e-61 0)
(-3.48713e-63 1.67634e-62 0)
(-4.34191e-64 1.01579e-63 0)
(-9.88771e-65 1.05301e-64 0)
(-2.76838e-63 1.2466e-63 0)
(-1.00839e-61 4.73325e-62 0)
(-3.60129e-60 1.72254e-60 0)
(-1.22163e-58 6.1589e-59 0)
(-4.08113e-57 2.08677e-57 0)
(-1.28074e-55 6.98939e-56 0)
(-3.99057e-54 2.19173e-54 0)
(-1.14923e-52 6.8593e-53 0)
(-3.32829e-51 1.97476e-51 0)
(-8.6974e-50 5.75829e-50 0)
(-2.33191e-48 1.50508e-48 0)
(-5.43964e-47 4.07631e-47 0)
(-1.34393e-45 9.51816e-46 0)
(-2.72905e-44 2.38643e-44 0)
(-6.1787e-43 4.85702e-43 0)
(-1.04716e-41 1.12358e-41 0)
(-2.15711e-40 1.91378e-40 0)
(-2.81077e-39 4.07219e-39 0)
(-5.20267e-38 5.37225e-38 0)
(-4.17249e-37 1.04666e-36 0)
(-6.64053e-36 8.69868e-36 0)
(2.06629e-39 1.49164e-34 0)
(-4.13218e-40 -4.82933e-39 0)
(2.04763e-40 -2.34645e-40 0)
(1.05863e-41 -1.87167e-41 0)
(9.65617e-43 -5.69904e-43 0)
(3.54442e-44 1.61749e-44 0)
(3.3614e-46 2.6557e-45 0)
(-6.30427e-47 3.35064e-46 0)
(-1.11526e-47 2.01431e-47 0)
(-7.30886e-49 1.37198e-48 0)
(-5.21411e-50 6.67801e-50 0)
(-2.621e-51 3.49628e-51 0)
(-1.39469e-52 1.48892e-52 0)
(-6.04147e-54 6.56044e-54 0)
(-2.68072e-55 2.51093e-55 0)
(-1.0362e-56 9.62828e-57 0)
(-4.01468e-58 3.27375e-58 0)
(-1.37799e-59 -6.01426e-59 0)
(3.46764e-60 3.33065e-61 0)
(1.34238e-61 7.11813e-59 0)
(-1.95034e-60 5.36588e-60 0)
(-1.4766e-61 6.80726e-61 0)
(-1.85533e-62 4.12759e-62 0)
(-1.12875e-63 3.02002e-63 0)
(-2.57989e-64 2.19567e-64 0)
(-6.51454e-63 2.50705e-63 0)
(-2.3492e-61 9.11057e-62 0)
(-8.04995e-60 3.25433e-60 0)
(-2.71467e-58 1.10439e-58 0)
(-8.5964e-57 3.69017e-57 0)
(-2.70087e-55 1.15867e-55 0)
(-7.83733e-54 3.6108e-54 0)
(-2.28578e-52 1.04062e-52 0)
(-6.00648e-51 3.014e-51 0)
(-1.6192e-49 7.88416e-50 0)
(-3.78684e-48 2.11373e-48 0)
(-9.38783e-47 4.93814e-47 0)
(-1.90214e-45 1.21958e-45 0)
(-4.31002e-44 2.48237e-44 0)
(-7.22768e-43 5.61475e-43 0)
(-1.48524e-41 9.55373e-42 0)
(-1.8833e-40 1.9638e-40 0)
(-3.46845e-39 2.57863e-39 0)
(-2.60411e-38 4.75086e-38 0)
(-4.18002e-37 3.88693e-37 0)
(5.42986e-38 6.10226e-36 0)
(-1.07324e-38 -7.63728e-38 0)
(5.33304e-39 -3.72229e-39 0)
(2.59939e-40 -1.98425e-40 0)
(2.08511e-41 -2.67115e-42 0)
(6.38006e-43 9.65029e-43 0)
(-1.75279e-44 8.05176e-44 0)
(-2.92802e-45 8.03259e-45 0)
(-3.71053e-46 4.51208e-46 0)
(-2.23298e-47 2.91816e-47 0)
(-1.52234e-48 1.38821e-48 0)
(-7.41292e-50 7.13523e-50 0)
(-3.88265e-51 3.01252e-51 0)
(-1.65385e-52 1.31957e-52 0)
(-7.28889e-54 5.04012e-54 0)
(-2.79025e-55 1.91834e-55 0)
(-1.07803e-56 6.36462e-57 0)
(-3.63913e-58 -2.65279e-57 0)
(1.45978e-58 5.87898e-60 0)
(5.59454e-60 2.86127e-57 0)
(-7.83742e-59 2.13894e-58 0)
(-5.9193e-60 2.74731e-59 0)
(-7.53388e-61 1.66125e-60 0)
(-4.57138e-62 1.22782e-61 0)
(-3.33831e-63 6.27889e-63 0)
(1.38551e-64 7.20539e-64 0)
(1.15946e-62 1.41216e-62 0)
(4.36517e-61 5.11836e-61 0)
(1.51513e-59 1.79675e-59 0)
(5.3481e-58 6.07835e-58 0)
(1.70503e-56 1.98748e-56 0)
(5.63917e-55 6.23791e-55 0)
(1.63521e-53 1.89112e-53 0)
(5.0595e-52 5.47047e-52 0)
(1.31637e-50 1.52883e-50 0)
(3.8039e-49 4.03888e-49 0)
(8.70779e-48 1.03291e-47 0)
(2.34582e-46 2.45912e-46 0)
(4.58648e-45 5.70056e-45 0)
(1.14964e-43 1.198e-43 0)
(1.82787e-42 2.4854e-42 0)
(4.25277e-41 4.44901e-41 0)
(5.00628e-40 8.11225e-40 0)
(1.07598e-38 1.1503e-38 0)
(7.33823e-38 1.78857e-37 0)
(1.42957e-36 1.63156e-36 0)
(-1.68868e-37 -1.89902e-36 0)
(8.40746e-38 -8.48433e-38 0)
(4.1024e-39 -2.7564e-39 0)
(2.21035e-40 5.77268e-41 0)
(3.05439e-42 3.42596e-41 0)
(-1.06371e-42 2.41429e-42 0)
(-8.90329e-44 2.21739e-43 0)
(-8.9034e-45 1.18368e-44 0)
(-5.00498e-46 7.46823e-46 0)
(-3.23946e-47 3.45592e-47 0)
(-1.54162e-48 1.75655e-48 0)
(-7.92676e-50 7.28929e-50 0)
(-3.34745e-51 3.17432e-51 0)
(-1.46663e-52 1.19847e-52 0)
(-5.60303e-54 4.50626e-54 0)
(-2.16483e-55 1.43536e-55 0)
(-7.07855e-57 -1.02464e-55 0)
(6.12978e-57 1.11813e-58 0)
(2.31245e-58 1.06947e-55 0)
(-3.15039e-57 7.97723e-57 0)
(-2.35945e-58 1.03656e-57 0)
(-3.04057e-59 6.27547e-59 0)
(-1.83986e-60 4.68884e-60 0)
(-1.35873e-61 2.40409e-61 0)
(2.19898e-63 1.75324e-62 0)
(3.32947e-61 1.59552e-61 0)
(1.18969e-59 5.78433e-60 0)
(4.03289e-58 2.06818e-58 0)
(1.34652e-56 7.0069e-57 0)
(4.2229e-55 2.34702e-55 0)
(1.31516e-53 7.3593e-54 0)
(3.78517e-52 2.30348e-52 0)
(1.09584e-50 6.63122e-51 0)
(2.86205e-49 1.93406e-49 0)
(7.67217e-48 5.05487e-48 0)
(1.78889e-46 1.36953e-46 0)
(4.41989e-45 3.19766e-45 0)
(8.97275e-44 8.02168e-44 0)
(2.03224e-42 1.6325e-42 0)
(3.44429e-41 3.77972e-41 0)
(7.10121e-40 6.4372e-40 0)
(9.25835e-39 1.3716e-38 0)
(1.71631e-37 1.80917e-37 0)
(1.37839e-36 3.53289e-36 0)
(2.19815e-35 2.93483e-35 0)
(-4.18659e-36 -2.23959e-35 0)
(2.06513e-36 -1.01404e-36 0)
(9.15532e-38 2.27127e-38 0)
(3.01078e-39 4.07571e-39 0)
(-6.36675e-41 7.32193e-40 0)
(-3.78922e-41 4.51232e-41 0)
(-2.67309e-42 3.69684e-42 0)
(-2.45915e-43 1.89565e-43 0)
(-1.31352e-44 1.14816e-44 0)
(-8.29318e-46 5.22563e-46 0)
(-3.83896e-47 2.6115e-47 0)
(-1.95194e-48 1.07706e-48 0)
(-8.10187e-50 4.66355e-50 0)
(-3.52906e-51 1.7575e-51 0)
(-1.33273e-52 6.35081e-53 0)
(-5.13123e-54 1.72827e-54 0)
(-1.59713e-55 -4.00733e-54 0)
(2.32809e-55 1.18463e-58 0)
(8.74433e-57 4.04812e-54 0)
(-1.17748e-55 2.9889e-55 0)
(-8.79916e-57 3.92791e-56 0)
(-1.14719e-57 2.36757e-57 0)
(-6.95012e-59 1.78631e-58 0)
(-5.19332e-60 9.15106e-60 0)
(-8.96965e-62 5.51204e-61 0)
(6.4187e-60 1.45015e-60 0)
(2.30041e-58 5.13122e-59 0)
(7.79362e-57 1.81345e-57 0)
(2.61067e-55 6.07719e-56 0)
(8.1857e-54 2.01441e-54 0)
(2.56228e-52 6.25743e-53 0)
(7.37568e-51 1.9409e-51 0)
(2.1513e-49 5.54683e-50 0)
(5.62192e-48 1.60601e-48 0)
(1.52325e-46 4.17952e-47 0)
(3.55579e-45 1.12678e-45 0)
(8.92057e-44 2.63184e-44 0)
(1.81478e-42 6.59175e-43 0)
(4.20185e-41 1.35268e-41 0)
(7.15116e-40 3.14331e-40 0)
(1.52339e-38 5.48327e-39 0)
(2.00517e-37 1.18414e-37 0)
(3.91017e-36 1.66323e-36 0)
(3.21971e-35 3.35458e-35 0)
(5.54827e-34 3.29521e-34 0)
(-4.8712e-35 -5.50544e-34 0)
(2.18265e-35 -2.14261e-35 0)
(9.29613e-37 1.42197e-36 0)
(-3.14349e-38 1.35434e-37 0)
(-4.65465e-39 1.99301e-38 0)
(-8.13945e-40 1.12333e-39 0)
(-5.00683e-41 8.83929e-41 0)
(-4.10424e-42 4.324e-42 0)
(-2.10543e-43 2.57512e-43 0)
(-1.27599e-44 1.1375e-44 0)
(-5.80931e-46 5.63209e-46 0)
(-2.90421e-47 2.27581e-47 0)
(-1.19805e-48 9.79553e-49 0)
(-5.18896e-50 3.63221e-50 0)
(-1.95632e-51 1.24759e-51 0)
(-7.52284e-53 2.62355e-53 0)
(-1.92711e-54 -1.39635e-52 0)
(8.956e-54 -3.51943e-56 0)
(3.32176e-55 1.39856e-52 0)
(-4.45711e-54 1.03069e-53 0)
(-3.29682e-55 1.36803e-54 0)
(-4.34723e-56 8.25458e-56 0)
(-2.62212e-57 6.28959e-57 0)
(-1.97989e-58 3.23275e-58 0)
(-8.55376e-60 1.88925e-59 0)
(5.67301e-59 2.27707e-59 0)
(2.02508e-57 7.90629e-58 0)
(6.78659e-56 2.81007e-56 0)
(2.24952e-54 9.43587e-55 0)
(6.98769e-53 3.15047e-53 0)
(2.16731e-51 9.80693e-52 0)
(6.19361e-50 3.07045e-50 0)
(1.79313e-48 8.79434e-49 0)
(4.66604e-47 2.57767e-47 0)
(1.25778e-45 6.7241e-46 0)
(2.93729e-44 1.84266e-44 0)
(7.35523e-43 4.3154e-43 0)
(1.50883e-41 1.10528e-41 0)
(3.50456e-40 2.2757e-40 0)
(6.10604e-39 5.45939e-39 0)
(1.31585e-37 9.57847e-38 0)
(1.83373e-36 2.17421e-36 0)
(3.6613e-35 3.11527e-35 0)
(3.45882e-34 6.88535e-34 0)
(5.98056e-33 7.33785e-33 0)
(-1.18338e-33 -3.99838e-33 0)
(4.21595e-34 -1.63169e-34 0)
(1.2509e-35 3.16659e-35 0)
(-1.93424e-36 2.1786e-36 0)
(-1.58221e-37 2.29939e-37 0)
(-2.22493e-38 1.1922e-38 0)
(-1.24852e-39 8.38728e-40 0)
(-9.82023e-41 3.95317e-41 0)
(-4.80502e-42 2.24327e-42 0)
(-2.86312e-43 9.74676e-44 0)
(-1.26511e-44 4.72234e-45 0)
(-6.26608e-46 1.89699e-46 0)
(-2.53256e-47 8.09699e-48 0)
(-1.09046e-48 2.96208e-49 0)
(-4.04592e-50 6.13051e-51 0)
(-1.54638e-51 -3.75714e-52 0)
(-2.93473e-53 -5.01809e-51 0)
(3.10756e-52 -2.69595e-54 0)
(1.14991e-53 4.98015e-51 0)
(-1.53982e-52 3.62436e-52 0)
(-1.13683e-53 4.85896e-53 0)
(-1.51409e-54 2.91295e-54 0)
(-9.14214e-56 2.23885e-55 0)
(-6.97214e-57 1.14804e-56 0)
(-3.3396e-58 6.56084e-58 0)
(8.63844e-58 4.88304e-59 0)
(3.14255e-56 7.00053e-58 0)
(1.05527e-54 2.48568e-56 0)
(3.52326e-53 8.35017e-55 0)
(1.09672e-51 2.79106e-53 0)
(3.4335e-50 8.69177e-52 0)
(9.83367e-49 2.72497e-50 0)
(2.88198e-47 7.80789e-49 0)
(7.51715e-46 2.29235e-47 0)
(2.05962e-44 5.98204e-46 0)
(4.82259e-43 1.64283e-44 0)
(1.23483e-41 3.84946e-43 0)
(2.54132e-40 9.8946e-42 0)
(6.09191e-39 2.04608e-40 0)
(1.06631e-37 4.99253e-39 0)
(2.40865e-36 9.30522e-38 0)
(3.38405e-35 2.43482e-36 0)
(7.29738e-34 5.49026e-35 0)
(7.03427e-33 1.8476e-33 0)
(1.42031e-31 4.76597e-32 0)
(-7.55195e-33 -1.08427e-31 0)
(-4.88669e-33 -3.0945e-33 0)
(-2.94549e-34 9.22123e-34 0)
(-4.92699e-35 5.10778e-35 0)
(-2.72621e-36 5.19519e-36 0)
(-2.60906e-37 2.47051e-37 0)
(-1.33347e-38 1.71674e-38 0)
(-9.34545e-40 7.68046e-40 0)
(-4.40357e-41 4.32335e-41 0)
(-2.49999e-42 1.81287e-42 0)
(-1.08661e-43 8.72677e-44 0)
(-5.26673e-45 3.41641e-45 0)
(-2.11631e-46 1.44993e-46 0)
(-9.04111e-48 5.12583e-48 0)
(-3.31471e-49 2.97986e-50 0)
(-1.24617e-50 -1.76766e-50 0)
(4.12508e-52 -1.5914e-49 0)
(1.11173e-50 -9.28574e-53 0)
(4.06006e-52 1.57724e-49 0)
(-5.48358e-51 1.14623e-50 0)
(-3.99772e-52 1.54855e-51 0)
(-5.37794e-53 9.29221e-53 0)
(-3.22625e-54 7.20245e-54 0)
(-2.48213e-55 3.70456e-55 0)
(-1.27094e-56 2.13428e-56 0)
(1.05581e-58 9.20252e-58 0)
(2.95876e-56 -1.50122e-57 0)
(9.9482e-55 -5.4987e-56 0)
(3.32315e-53 -1.84676e-54 0)
(1.03463e-51 -6.16771e-53 0)
(3.24116e-50 -1.9202e-51 0)
(9.28453e-49 -6.01378e-50 0)
(2.72315e-47 -1.72267e-48 0)
(7.10409e-46 -5.0509e-47 0)
(1.94836e-44 -1.31762e-45 0)
(4.56276e-43 -3.61109e-44 0)
(1.16978e-41 -8.44439e-43 0)
(2.40775e-40 -2.1505e-41 0)
(5.78158e-39 -4.29105e-40 0)
(1.01208e-37 -9.16821e-39 0)
(2.29163e-36 -6.38703e-38 0)
(3.21987e-35 4.48966e-36 0)
(6.96875e-34 4.69274e-34 0)
(6.7193e-33 2.52012e-32 0)
(1.36584e-31 1.02182e-30 0)
(-1.90161e-31 -2.15301e-31 0)
(-2.01147e-31 -7.9382e-33 0)
(-8.27203e-33 -1.96988e-34 0)
(-1.32203e-33 -3.71993e-36 0)
(-6.26451e-35 -3.69966e-38 0)
(-5.87439e-36 3.79611e-40 0)
(-2.7628e-37 6.74759e-41 0)
(-1.91412e-38 3.12858e-42 0)
(-8.5631e-40 1.60211e-43 0)
(-4.82252e-41 6.24322e-45 0)
(-2.02303e-42 2.7034e-46 0)
(-9.7423e-44 7.97761e-48 0)
(-3.81538e-45 -1.80925e-49 0)
(-1.62149e-46 -5.72067e-48 0)
(-5.75507e-48 -5.76501e-48 0)
(-2.11464e-49 -8.10333e-49 0)
(1.95068e-50 -5.33521e-48 0)
(3.52357e-49 -3.31194e-51 0)
(1.28497e-50 5.28019e-48 0)
(-1.7367e-49 3.77734e-49 0)
(-1.26432e-50 5.1459e-50 0)
(-1.714e-51 3.05978e-51 0)
(-1.02919e-52 2.38915e-52 0)
(-7.98542e-54 1.2233e-53 0)
(-4.109e-55 7.0968e-55 0)
(-2.45166e-56 3.19442e-56 0)
(-3.06893e-56 -2.68308e-59 0)
(-9.94872e-55 -5.49278e-56 0)
(-3.32316e-53 -1.84676e-54 0)
(-1.03463e-51 -6.16773e-53 0)
(-3.24116e-50 -1.92021e-51 0)
(-9.28453e-49 -6.0138e-50 0)
(-2.72315e-47 -1.72268e-48 0)
(-7.10409e-46 -5.05092e-47 0)
(-1.94836e-44 -1.31762e-45 0)
(-4.56276e-43 -3.6111e-44 0)
(-1.16978e-41 -8.44442e-43 0)
(-2.40775e-40 -2.1505e-41 0)
(-5.78158e-39 -4.29106e-40 0)
(-1.01208e-37 -9.16823e-39 0)
(-2.29163e-36 -6.38707e-38 0)
(-3.21987e-35 4.48966e-36 0)
(-6.96875e-34 4.69274e-34 0)
(-6.7193e-33 2.52012e-32 0)
(-1.36584e-31 1.02182e-30 0)
(-3.41413e-33 -1.13962e-31 0)
(-6.97041e-33 -5.20492e-33 0)
(-3.85001e-34 -1.13325e-33 0)
(-5.98771e-35 -5.52036e-35 0)
(-3.18988e-36 -5.25035e-36 0)
(-2.95793e-37 -2.47341e-37 0)
(-1.48321e-38 -1.71368e-38 0)
(-1.0228e-39 -7.664e-40 0)
(-4.76551e-41 -4.3146e-41 0)
(-2.67921e-42 -1.80927e-42 0)
(-1.15603e-43 -8.71096e-44 0)
(-5.56741e-45 -3.46841e-45 0)
(-2.26851e-46 -1.61139e-46 0)
(-1.52452e-47 -1.69933e-46 0)
(5.12408e-48 -1.65728e-46 0)
(4.65055e-49 -2.32594e-47 0)
(8.97035e-49 -1.53176e-46 0)
(1.18051e-47 -9.55586e-50 0)
(4.23756e-49 1.5159e-46 0)
(-5.81477e-48 1.08355e-47 0)
(-4.16675e-49 1.48264e-48 0)
(-5.69609e-50 8.82306e-50 0)
(-3.38916e-51 6.93396e-51 0)
(-2.64902e-52 3.56011e-52 0)
(-1.35685e-53 2.0813e-53 0)
(-7.88402e-55 9.4232e-55 0)
(-6.69301e-56 4.58538e-56 0)
(-1.05697e-54 2.66838e-56 0)
(-3.52329e-53 8.34986e-55 0)
(-1.09673e-51 2.79073e-53 0)
(-3.43352e-50 8.69073e-52 0)
(-9.83374e-49 2.72467e-50 0)
(-2.88199e-47 7.80702e-49 0)
(-7.5172e-46 2.29212e-47 0)
(-2.05963e-44 5.98143e-46 0)
(-4.82262e-43 1.64268e-44 0)
(-1.23483e-41 3.84911e-43 0)
(-2.54134e-40 9.89388e-42 0)
(-6.09193e-39 2.04592e-40 0)
(-1.06631e-37 4.99225e-39 0)
(-2.40865e-36 9.30465e-38 0)
(-3.38406e-35 2.43474e-36 0)
(-7.29739e-34 5.49012e-35 0)
(-7.03429e-33 1.84759e-33 0)
(-1.42031e-31 4.76595e-32 0)
(1.02297e-33 -4.12798e-33 0)
(-6.89396e-34 -2.45102e-34 0)
(-3.62622e-35 -5.06737e-35 0)
(-7.66347e-36 -2.7913e-36 0)
(-4.10318e-37 -2.6331e-37 0)
(-4.123e-38 -1.32399e-38 0)
(-2.06671e-39 -9.13682e-40 0)
(-1.46438e-40 -4.25747e-41 0)
(-6.7891e-42 -2.38372e-42 0)
(-3.84918e-43 -9.77995e-44 0)
(-1.67184e-44 -4.65082e-45 0)
(-8.2033e-46 -1.67743e-45 0)
(-1.5065e-46 -4.92292e-46 0)
(-1.67238e-46 -5.17122e-45 0)
(1.57205e-46 -5.20108e-45 0)
(1.37344e-47 -7.17467e-46 0)
(2.57545e-47 -4.82001e-45 0)
(3.38948e-46 -2.92927e-48 0)
(1.21568e-47 4.77084e-45 0)
(-1.66948e-46 3.34217e-46 0)
(-1.19532e-47 4.60133e-47 0)
(-1.64127e-48 2.70378e-48 0)
(-9.77345e-50 2.13699e-49 0)
(-7.68873e-51 1.08913e-50 0)
(-3.94904e-52 6.40222e-52 0)
(-2.30975e-53 2.88825e-53 0)
(-1.04799e-54 1.39248e-54 0)
(-1.1812e-55 8.4405e-56 0)
(-2.25529e-54 9.43823e-55 0)
(-6.9993e-53 3.14387e-53 0)
(-2.17066e-51 9.78625e-52 0)
(-6.20329e-50 3.06448e-50 0)
(-1.79567e-48 8.77693e-49 0)
(-4.67283e-47 2.5731e-47 0)
(-1.25937e-45 6.71173e-46 0)
(-2.94121e-44 1.83975e-44 0)
(-7.36325e-43 4.30813e-43 0)
(-1.51063e-41 1.10378e-41 0)
(-3.50767e-40 2.27226e-40 0)
(-6.11238e-39 5.45345e-39 0)
(-1.3167e-37 9.56593e-38 0)
(-1.83527e-36 2.17251e-36 0)
(-3.66264e-35 3.11203e-35 0)
(-3.46086e-34 6.8825e-34 0)
(-5.98089e-33 7.33321e-33 0)
(1.5229e-34 7.1931e-34 0)
(-7.92703e-35 2.88469e-35 0)
(-4.25556e-36 -6.73318e-37 0)
(-6.53874e-37 -1.04502e-37 0)
(-3.42927e-38 -1.76689e-38 0)
(-3.06123e-39 -1.02859e-39 0)
(-1.51724e-40 -8.3316e-41 0)
(-1.00848e-41 -4.11407e-42 0)
(-4.5917e-43 4.41083e-45 0)
(-3.59593e-44 1.29052e-43 0)
(-8.80633e-45 7.38179e-45 0)
(-9.456e-46 -4.36e-44 0)
(-4.10702e-45 -1.27174e-44 0)
(-5.24544e-45 -1.32529e-43 0)
(4.95351e-45 -1.33257e-43 0)
(4.23851e-46 -1.83801e-44 0)
(7.94657e-46 -1.23494e-43 0)
(1.06662e-44 -7.50582e-47 0)
(3.7489e-46 1.22235e-43 0)
(-5.25525e-45 8.56233e-45 0)
(-3.68739e-46 1.17796e-45 0)
(-5.09418e-47 6.92604e-47 0)
(-2.99528e-48 5.49335e-48 0)
(-2.3698e-49 2.80637e-49 0)
(-1.2082e-50 1.65945e-50 0)
(-7.1055e-52 7.51732e-52 0)
(-3.20626e-53 3.64917e-53 0)
(-1.55544e-54 1.48769e-54 0)
(-3.97246e-55 1.06012e-55 0)
(-1.04921e-53 1.49013e-54 0)
(-3.22728e-52 4.62607e-53 0)
(-9.31506e-51 1.47386e-51 0)
(-2.6601e-49 4.19666e-50 0)
(-6.99921e-48 1.25352e-48 0)
(-1.84662e-46 3.2313e-47 0)
(-4.36512e-45 9.04093e-46 0)
(-1.05819e-43 2.07597e-44 0)
(-2.19749e-42 5.44041e-43 0)
(-4.86298e-41 1.08666e-41 0)
(-8.54515e-40 2.67198e-40 0)
(-1.71214e-38 4.47702e-39 0)
(-2.36598e-37 1.03951e-37 0)
(-4.23242e-36 1.37964e-36 0)
(-3.76075e-35 3.06839e-35 0)
(-5.67747e-34 2.82168e-34 0)
(2.52277e-33 8.44637e-33 0)
(-1.27042e-33 4.30309e-34 0)
(-5.53667e-35 1.66312e-35 0)
(-6.5053e-36 4.69423e-37 0)
(-2.85242e-37 2.01399e-38 0)
(-2.15033e-38 7.21005e-40 0)
(-9.25545e-40 2.39608e-41 0)
(-5.38267e-41 1.06918e-42 0)
(-2.07438e-42 7.49642e-42 0)
(-3.81407e-43 4.13912e-42 0)
(-2.08319e-43 2.47671e-43 0)
(-2.29293e-44 -9.83774e-43 0)
(-9.8732e-44 -3.48332e-43 0)
(-1.33886e-43 -3.91543e-42 0)
(1.26997e-43 -3.93909e-42 0)
(1.08617e-44 -5.3035e-43 0)
(2.03472e-44 -3.65744e-42 0)
(2.73163e-43 -2.13486e-45 0)
(9.59247e-45 3.62105e-42 0)
(-1.34666e-43 2.47034e-43 0)
(-9.44805e-45 3.40889e-44 0)
(-1.3043e-45 1.96953e-45 0)
(-7.67366e-47 1.56764e-46 0)
(-6.09255e-48 7.91968e-48 0)
(-3.11357e-49 4.70068e-49 0)
(-1.84196e-50 2.11537e-50 0)
(-8.34594e-52 1.03098e-51 0)
(-4.05438e-53 4.1848e-53 0)
(-2.25257e-54 1.48423e-54 0)
(-1.87137e-53 -8.47452e-54 0)
(-5.34811e-52 -2.67451e-52 0)
(-1.5458e-50 -7.6652e-51 0)
(-4.04603e-49 -2.24757e-49 0)
(-1.08741e-47 -5.86833e-48 0)
(-2.56289e-46 -1.60885e-46 0)
(-6.38344e-45 -3.77307e-45 0)
(-1.32893e-43 -9.66808e-44 0)
(-3.05721e-42 -1.99498e-42 0)
(-5.459e-41 -4.78592e-41 0)
(-1.15656e-39 -8.41742e-40 0)
(-1.68701e-38 -1.90211e-38 0)
(-3.28687e-37 -2.69897e-37 0)
(-3.57179e-36 -5.81071e-36 0)
(-6.4104e-35 -5.74855e-35 0)
(-4.14463e-34 -1.1483e-33 0)
(2.4231e-33 2.57133e-31 0)
(-1.22022e-33 9.48055e-33 0)
(-5.2773e-35 2.35241e-34 0)
(-6.18921e-36 4.44138e-36 0)
(-2.69998e-37 4.45369e-38 0)
(-2.03593e-38 -3.68259e-40 0)
(-8.76037e-40 -3.96266e-40 0)
(-2.7418e-41 -1.3125e-41 0)
(2.96314e-42 1.658e-40 0)
(-8.06231e-42 9.24177e-41 0)
(-5.67122e-42 5.22623e-42 0)
(-6.33741e-43 -2.72997e-41 0)
(-3.23198e-42 -8.08291e-42 0)
(-3.96748e-42 -8.75589e-41 0)
(3.76807e-42 -8.80432e-41 0)
(3.13348e-43 -1.18571e-41 0)
(5.85578e-43 -8.17476e-41 0)
(8.07227e-42 -4.73114e-44 0)
(2.75126e-43 8.09411e-41 0)
(-3.99057e-42 5.52641e-42 0)
(-2.72646e-43 7.55474e-43 0)
(-3.77507e-44 4.36511e-44 0)
(-2.18241e-45 3.47e-45 0)
(-1.73884e-46 1.75616e-46 0)
(-8.7876e-48 1.04567e-47 0)
(-5.21826e-49 4.72311e-49 0)
(-2.3488e-50 2.31535e-50 0)
(-1.14536e-51 9.45081e-52 0)
(-5.63073e-53 4.00041e-53 0)
(-3.09288e-52 1.50133e-54 0)
(-8.8296e-51 4.35807e-55 0)
(-2.5873e-49 1.18311e-53 0)
(-6.7774e-48 3.40484e-52 0)
(-1.85498e-46 9.85685e-51 0)
(-4.37015e-45 2.57472e-49 0)
(-1.11602e-43 6.90157e-48 0)
(-2.31813e-42 1.60958e-46 0)
(-5.52645e-41 3.97661e-45 0)
(-9.81751e-40 8.0758e-44 0)
(-2.19465e-38 1.82899e-42 0)
(-3.17024e-37 3.1018e-41 0)
(-6.7403e-36 6.39522e-40 0)
(-7.19971e-35 8.34988e-39 0)
(-1.51865e-33 1.54857e-37 0)
(-9.54561e-33 1.24958e-36 0)
(-2.42292e-33 2.57135e-31 0)
(1.22013e-33 9.48065e-33 0)
(5.27675e-35 2.35258e-34 0)
(6.18886e-36 4.44094e-36 0)
(2.70107e-37 5.77606e-38 0)
(1.94311e-38 2.11216e-39 0)
(7.58261e-40 -8.91186e-39 0)
(5.83708e-40 -2.56816e-40 0)
(1.15378e-40 4.64233e-39 0)
(-1.7548e-40 2.57787e-39 0)
(-1.29659e-40 1.55214e-40 0)
(-1.12407e-41 -5.22259e-40 0)
(-6.349e-41 -2.04096e-40 0)
(-8.56598e-41 -2.44228e-39 0)
(8.44909e-41 -2.45727e-39 0)
(7.00584e-42 -3.20111e-40 0)
(1.28953e-41 -2.28742e-39 0)
(1.7797e-40 -1.2445e-42 0)
(5.9558e-42 2.26571e-39 0)
(-8.92338e-41 1.49235e-40 0)
(-6.10127e-42 2.03658e-41 0)
(-8.36812e-43 1.14826e-42 0)
(-4.83795e-44 9.1336e-44 0)
(-3.84976e-45 4.54768e-45 0)
(-1.94902e-46 2.7122e-46 0)
(-1.16104e-47 1.21211e-47 0)
(-5.24538e-49 5.95489e-49 0)
(-2.57204e-50 2.4148e-50 0)
(-1.0506e-51 1.02509e-51 0)
(-6.26754e-53 4.67898e-53 0)
(-5.23334e-52 2.76261e-52 0)
(-1.50802e-50 7.8961e-51 0)
(-3.93664e-49 2.31403e-49 0)
(-1.05884e-47 6.06219e-48 0)
(-2.48632e-46 1.65952e-46 0)
(-6.20489e-45 3.91036e-45 0)
(-1.28483e-43 9.98863e-44 0)
(-2.96767e-42 2.07541e-42 0)
(-5.25623e-41 4.94958e-41 0)
(-1.12219e-39 8.79643e-40 0)
(-1.61617e-38 1.96664e-38 0)
(-3.19448e-37 2.83651e-37 0)
(-3.40058e-36 5.99208e-36 0)
(-6.27284e-35 6.10281e-35 0)
(-3.92535e-34 1.17772e-33 0)
(-2.51843e-33 8.46972e-33 0)
(1.26822e-33 4.31659e-34 0)
(5.52447e-35 1.67983e-35 0)
(6.50002e-36 4.52197e-37 0)
(2.88263e-37 2.77504e-37 0)
(-2.60131e-39 4.91362e-38 0)
(-2.16778e-39 -1.66319e-37 0)
(1.47134e-38 -4.79585e-39 0)
(3.15376e-39 8.746e-38 0)
(-4.62833e-39 4.85281e-38 0)
(-3.05756e-39 2.69709e-39 0)
(-6.36195e-42 -1.37395e-38 0)
(-1.74404e-39 -4.05366e-39 0)
(-2.1412e-39 -4.60211e-38 0)
(2.38895e-39 -4.6269e-38 0)
(1.89061e-40 -6.02997e-39 0)
(3.2857e-40 -4.30724e-38 0)
(4.72803e-39 -2.28304e-41 0)
(1.41146e-40 4.26733e-38 0)
(-2.4997e-39 2.816e-39 0)
(-1.64832e-40 3.74475e-40 0)
(-2.2564e-41 2.10802e-41 0)
(-1.27289e-42 1.66074e-42 0)
(-1.0135e-43 8.2733e-44 0)
(-5.04794e-45 4.9274e-45 0)
(-3.01195e-46 2.20869e-46 0)
(-1.34636e-47 1.08864e-47 0)
(-6.61614e-49 4.43702e-49 0)
(-2.68335e-50 1.89457e-50 0)
(-1.14126e-51 7.08067e-52 0)
(-1.08756e-52 4.31985e-53 0)
(-1.94102e-51 4.67984e-52 0)
(-5.08805e-50 1.35023e-50 0)
(-1.37732e-48 3.52507e-49 0)
(-3.23375e-47 9.48265e-48 0)
(-8.09343e-46 2.22706e-46 0)
(-1.66136e-44 5.559e-45 0)
(-3.82717e-43 1.15142e-43 0)
(-6.61163e-42 2.6603e-42 0)
(-1.39404e-40 4.71369e-41 0)
(-1.88758e-39 1.00631e-39 0)
(-3.60827e-38 1.44645e-38 0)
(-3.22272e-37 2.83605e-37 0)
(-5.41054e-36 2.86226e-36 0)
(-1.29229e-35 4.73551e-35 0)
(-1.04947e-34 1.29555e-33 0)
(5.26552e-35 5.88303e-35 0)
(2.67552e-36 2.66596e-36 0)
(6.48978e-37 -6.63614e-37 0)
(7.36468e-38 6.84564e-36 0)
(-3.70586e-37 1.28347e-36 0)
(-5.41871e-38 -4.44753e-36 0)
(2.49289e-37 -1.21915e-37 0)
(5.9468e-38 2.33226e-36 0)
(-5.82039e-38 1.28888e-36 0)
(-3.05651e-38 7.67986e-38 0)
(3.13269e-38 -2.11244e-37 0)
(2.80945e-39 -9.41021e-38 0)
(-1.0746e-38 -1.22276e-36 0)
(4.71143e-38 -1.23014e-36 0)
(3.56123e-39 -1.5277e-37 0)
(4.18873e-39 -1.14924e-36 0)
(6.18025e-38 -5.53287e-40 0)
(6.59019e-40 1.13924e-36 0)
(-4.7182e-38 7.14007e-38 0)
(-3.11398e-39 9.40418e-39 0)
(-4.151e-40 5.11061e-40 0)
(-2.33782e-41 4.0128e-41 0)
(-1.84352e-42 1.95232e-42 0)
(-9.18688e-44 1.16162e-43 0)
(-5.47402e-45 5.12407e-45 0)
(-2.45424e-46 2.52576e-46 0)
(-1.20999e-47 1.01833e-47 0)
(-4.93232e-49 4.351e-49 0)
(-2.1064e-50 1.61334e-50 0)
(-7.90074e-52 6.15758e-52 0)
(-1.26704e-52 8.07403e-53 0)
(-2.53745e-51 1.74208e-51 0)
(-6.78772e-50 4.56885e-50 0)
(-1.59082e-48 1.23692e-48 0)
(-3.91851e-47 2.90458e-47 0)
(-8.02287e-46 7.27081e-46 0)
(-1.80694e-44 1.49288e-44 0)
(-3.10803e-43 3.43987e-43 0)
(-6.33993e-42 5.94498e-42 0)
(-8.50447e-41 1.25376e-40 0)
(-1.54341e-39 1.69775e-39 0)
(-1.3368e-38 3.23969e-38 0)
(-2.04117e-37 2.85214e-37 0)
(-3.23229e-37 4.64461e-36 0)
(-1.00787e-35 4.9811e-35 0)
(1.03836e-36 -7.09645e-37 0)
(-1.16877e-36 -5.14815e-35 0)
(2.47985e-36 -1.38161e-35 0)
(-4.81246e-37 1.02078e-34 0)
(-3.96541e-36 1.91838e-35 0)
(-1.15759e-36 -6.65308e-35 0)
(4.63745e-36 -1.84721e-36 0)
(1.5791e-36 3.48897e-35 0)
(6.37453e-37 1.92573e-35 0)
(1.69323e-36 1.02195e-36 0)
(3.18031e-36 -5.35948e-36 0)
(2.23663e-36 -1.51518e-36 0)
(1.89128e-36 -1.82897e-35 0)
(1.40595e-36 -1.838e-35 0)
(9.02685e-38 -2.28161e-36 0)
(-3.74036e-38 -1.7175e-35 0)
(-3.93349e-37 -7.72747e-39 0)
(-1.2697e-37 1.70342e-35 0)
(-1.2655e-36 1.07059e-36 0)
(-7.91258e-38 1.32497e-37 0)
(-1.04304e-38 7.15176e-39 0)
(-5.66977e-40 5.47055e-40 0)
(-4.45568e-41 2.65464e-41 0)
(-2.16845e-42 1.56443e-42 0)
(-1.29081e-43 6.91087e-44 0)
(-5.69517e-45 3.40281e-45 0)
(-2.80799e-46 1.37805e-46 0)
(-1.13229e-47 5.91039e-48 0)
(-4.83867e-49 2.20625e-49 0)
(-1.79438e-50 8.45021e-51 0)
(-6.8964e-52 2.95085e-52 0)
(-2.08674e-52 9.71138e-53 0)
(-4.99225e-51 2.27896e-51 0)
(-1.17438e-49 6.09853e-50 0)
(-2.9056e-48 1.42952e-48 0)
(-5.94385e-47 3.52176e-47 0)
(-1.34048e-45 7.21238e-46 0)
(-2.28503e-44 1.62477e-44 0)
(-4.64692e-43 2.79591e-43 0)
(-6.08123e-42 5.70488e-42 0)
(-1.09353e-40 7.65661e-41 0)
(-8.90233e-40 1.38877e-39 0)
(-1.33636e-38 1.19628e-38 0)
(-1.37333e-38 1.80006e-37 0)
(-4.52265e-36 -4.18487e-36 0)
(-5.85847e-35 -7.91269e-35 0)
(-5.56237e-35 -1.34116e-33 0)
(-5.03647e-34 -3.65025e-34 0)
(-1.83928e-34 2.6467e-33 0)
(4.57734e-34 4.92977e-34 0)
(5.01058e-36 -1.72837e-33 0)
(-1.0568e-34 -4.43305e-35 0)
(2.40689e-35 9.02999e-34 0)
(1.97467e-34 4.95245e-34 0)
(2.22793e-34 2.82464e-35 0)
(2.47854e-34 -6.00339e-35 0)
(2.35738e-34 -3.21904e-35 0)
(2.16909e-34 -4.70991e-34 0)
(3.28269e-35 -4.73605e-34 0)
(1.35529e-36 -5.44464e-35 0)
(-1.19399e-35 -4.44902e-34 0)
(-1.82584e-34 -1.71317e-37 0)
(-1.32847e-35 4.41618e-34 0)
(-1.93363e-35 2.55868e-35 0)
(-1.19732e-36 3.0991e-36 0)
(-1.47263e-37 1.58672e-37 0)
(-7.94372e-39 1.20415e-38 0)
(-6.07957e-40 5.6457e-40 0)
(-2.95097e-41 3.31537e-41 0)
(-1.73983e-42 1.4306e-42 0)
(-7.68745e-44 7.0297e-44 0)
(-3.78617e-45 2.80014e-45 0)
(-1.53354e-46 1.19926e-46 0)
(-6.57832e-48 4.42385e-48 0)
(-2.45584e-49 1.69257e-49 0)
(-9.40727e-51 5.80085e-51 0)
(-3.33291e-52 2.07803e-52 0)
(-2.28408e-52 1.73071e-52 0)
(-5.10832e-51 4.49031e-51 0)
(-1.25021e-49 1.05672e-49 0)
(-2.55455e-48 2.61523e-48 0)
(-5.66862e-47 5.35259e-47 0)
(-9.62886e-46 1.20771e-45 0)
(-1.91061e-44 2.06087e-44 0)
(-2.47475e-43 4.19478e-43 0)
(-4.27677e-42 5.50424e-42 0)
(-3.3364e-41 9.91676e-41 0)
(-4.60502e-40 8.15199e-40 0)
(2.26947e-40 1.23071e-38 0)
(-9.90111e-35 -7.57719e-35 0)
(-1.56461e-33 -8.04894e-34 0)
(-2.78976e-33 -1.36862e-32 0)
(-3.74096e-32 -3.72162e-33 0)
(-1.27504e-32 2.69867e-32 0)
(3.53204e-32 5.02511e-33 0)
(1.00453e-33 -1.76384e-32 0)
(-1.06672e-32 -4.61524e-34 0)
(6.30392e-34 9.21372e-33 0)
(1.35476e-32 5.04089e-33 0)
(1.4748e-32 2.36702e-34 0)
(1.53229e-32 -1.53683e-33 0)
(1.49032e-32 -3.65843e-34 0)
(1.40566e-32 -4.80015e-33 0)
(1.30636e-33 -4.81907e-33 0)
(3.26228e-35 -5.49993e-34 0)
(-7.54447e-34 -4.53091e-33 0)
(-1.2718e-32 -1.45913e-36 0)
(-7.86862e-34 4.50219e-33 0)
(-5.15274e-34 2.60671e-34 0)
(-2.89609e-35 2.7159e-35 0)
(-3.452e-36 1.35761e-36 0)
(-1.76412e-37 9.66919e-38 0)
(-1.33887e-38 4.48251e-39 0)
(-6.27865e-40 2.56412e-40 0)
(-3.68861e-41 1.1038e-41 0)
(-1.59204e-42 5.37376e-43 0)
(-7.82499e-44 2.1469e-44 0)
(-3.11746e-45 9.1914e-46 0)
(-1.33538e-46 3.41241e-47 0)
(-4.92655e-48 1.31196e-48 0)
(-1.88509e-49 4.53622e-50 0)
(-6.46132e-51 1.589e-51 0)
(-2.34244e-52 5.94519e-53 0)
(-2.24942e-52 2.25999e-52 0)
(-4.97577e-51 5.50318e-51 0)
(-8.68392e-50 1.4091e-49 0)
(-1.58e-48 3.11677e-48 0)
(-1.26819e-47 7.49681e-47 0)
(2.99903e-47 1.49551e-45 0)
(1.19502e-44 3.43825e-44 0)
(4.0055e-43 6.28846e-43 0)
(1.13938e-41 1.419e-41 0)
(2.78285e-40 2.45793e-40 0)
(5.41324e-39 5.53456e-39 0)
(-9.91657e-34 -1.6181e-33 0)
(-1.82093e-32 -1.71743e-32 0)
(-1.05545e-31 -3.42481e-31 0)
(-1.98e-30 -9.62259e-32 0)
(-6.55132e-31 6.76717e-31 0)
(1.90702e-30 1.24032e-31 0)
(6.03992e-32 -4.43635e-31 0)
(-6.30893e-31 -9.86149e-33 0)
(7.23196e-33 2.30233e-31 0)
(6.88673e-31 1.24509e-31 0)
(7.26303e-31 6.20109e-33 0)
(7.33774e-31 -9.94754e-33 0)
(7.29624e-31 -6.64259e-33 0)
(6.947e-31 -1.19091e-31 0)
(3.95307e-32 -1.19624e-31 0)
(3.43942e-34 -1.17262e-32 0)
(-3.31499e-32 -1.13486e-31 0)
(-6.54791e-31 -2.86067e-35 0)
(-3.34919e-32 1.1288e-31 0)
(-5.99719e-33 5.56074e-33 0)
)
;

boundaryField
{
    leftWall
    {
        type            fixedValue;
        value           uniform (0 0 0);
    }
    rightWall
    {
        type            fixedValue;
        value           nonuniform 0();
    }
    lowerWall
    {
        type            fixedValue;
        value           uniform (0 0 0);
    }
    atmosphere
    {
        type            pressureInletOutletVelocity;
        value           nonuniform 0();
    }
    defaultFaces
    {
        type            empty;
    }
    procBoundary0to1
    {
        type            processor;
        value           nonuniform List<vector> 
44
(
(1.40669e-45 -1.36371e-42 0)
(1.13987e-44 -2.43317e-41 0)
(1.8812e-43 -3.85378e-40 0)
(2.66978e-42 -6.39661e-39 0)
(3.83968e-41 -8.7452e-38 0)
(4.11165e-40 -1.34617e-36 0)
(4.58861e-39 -1.50321e-35 0)
(1.93126e-38 -2.1966e-34 0)
(9.00016e-39 -1.7756e-33 0)
(-3.02039e-36 -2.68087e-32 0)
(3.6036e-35 -1.26556e-31 0)
(1.96856e-33 -4.28201e-30 0)
(6.66004e-32 5.05135e-31 0)
(1.96816e-33 4.80418e-30 0)
(3.65961e-35 1.44527e-31 0)
(6.36828e-37 6.4912e-32 0)
(3.33504e-36 2.92573e-31 0)
(6.44697e-36 7.74642e-30 0)
(2.05885e-37 1.54631e-29 0)
(-6.43848e-36 8.23456e-30 0)
(-6.43848e-36 8.23456e-30 0)
(4.20148e-32 1.55127e-32 0)
(1.85037e-33 2.18084e-33 0)
(1.63845e-34 1.01856e-34 0)
(6.64166e-36 8.76044e-36 0)
(4.20438e-37 1.67389e-36 0)
(-1.79542e-38 1.9957e-35 0)
(-5.39737e-37 5.05249e-34 0)
(-1.39238e-35 5.66713e-33 0)
(-1.56825e-34 1.44854e-31 0)
(-3.7731e-33 9.39403e-31 0)
(-3.62969e-33 2.80659e-29 0)
(3.62969e-33 2.80659e-29 0)
(3.7731e-33 9.39403e-31 0)
(1.54896e-34 1.4485e-31 0)
(-1.19886e-34 5.62266e-33 0)
(-6.84017e-33 -6.10928e-34 0)
(-2.31505e-31 1.9933e-35 0)
(-6.84071e-33 1.11747e-33 0)
(-1.3381e-34 4.45224e-35 0)
(-1.92856e-36 4.36466e-36 0)
(-3.24171e-39 1.68868e-37 0)
(1.50137e-38 1.61426e-38 0)
(1.15124e-37 9.1648e-38 0)
)
;
    }
    procBoundary0to2
    {
        type            processor;
        value           nonuniform List<vector> 
46
(
(-3.11353e-34 5.75857e-34 0)
(-3.06034e-35 2.66243e-35 0)
(-1.51712e-36 1.89354e-36 0)
(-1.07826e-37 8.36546e-38 0)
(-4.99833e-39 4.77687e-39 0)
(-2.86034e-40 1.9897e-40 0)
(-1.23167e-41 9.66426e-42 0)
(-5.99808e-43 3.76992e-43 0)
(-2.39682e-44 1.60953e-44 0)
(-1.02632e-45 5.86895e-46 0)
(-3.81082e-47 2.24943e-47 0)
(-1.46527e-48 7.66954e-49 0)
(-5.06661e-50 2.67716e-50 0)
(-1.74275e-51 8.54967e-52 0)
(9.39836e-52 3.7418e-53 0)
(3.12845e-50 2.36932e-52 0)
(9.02173e-49 5.81409e-51 0)
(2.64493e-47 1.19298e-49 0)
(6.95209e-46 2.6597e-48 0)
(1.90108e-44 4.52257e-47 0)
(4.49538e-43 9.00712e-46 0)
(1.14507e-41 1.16416e-44 0)
(2.39007e-40 2.02332e-43 0)
(5.66999e-39 1.5942e-42 0)
(1.0149e-37 2.27474e-41 0)
(-2.11045e-32 3.27051e-36 0)
(-4.42991e-31 3.99021e-37 0)
(-2.5686e-30 2.71527e-37 0)
(-6.77971e-29 1.71058e-38 0)
(-2.24801e-29 6.64792e-39 0)
(6.60228e-29 1.05407e-39 0)
(1.46951e-30 -2.33991e-39 0)
(-2.18903e-29 -4.76504e-38 0)
(1.72429e-31 -4.97561e-36 0)
(2.32967e-29 -2.67351e-34 0)
(2.42465e-29 -1.08419e-32 0)
(2.43933e-29 -2.97872e-31 0)
(2.42558e-29 -1.08419e-32 0)
(2.34404e-29 -2.67353e-34 0)
(9.60886e-31 -4.978e-36 0)
(7.27164e-33 -4.7663e-38 0)
(-8.06801e-31 -9.42027e-41 0)
(-2.24729e-29 9.7164e-41 0)
(-8.1404e-31 7.74835e-40 0)
(-3.11353e-34 5.75857e-34 0)
(-1.46127e-31 3.79419e-41 0)
)
;
    }
}


// ************************************************************************* //
