/*--------------------------------*- C++ -*----------------------------------*\
| =========                 |                                                 |
| \\      /  F ield         | OpenFOAM: The Open Source CFD Toolbox           |
|  \\    /   O peration     | Version:  2.4.0                                 |
|   \\  /    A nd           | Web:      www.OpenFOAM.org                      |
|    \\/     M anipulation  |                                                 |
\*---------------------------------------------------------------------------*/
FoamFile
{
    version     2.0;
    format      ascii;
    class       surfaceScalarField;
    location    "0.7";
    object      phi;
}
// * * * * * * * * * * * * * * * * * * * * * * * * * * * * * * * * * * * * * //

dimensions      [0 3 -1 0 0 0 0];

internalField   nonuniform List<scalar> 
3781
(
3.38957e-39
7.80571e-41
1.82043e-38
4.52713e-40
2.59859e-38
3.16365e-39
5.51947e-37
2.38778e-39
6.202e-41
-6.08982e-39
-5.51476e-37
-6.08058e-39
-2.21645e-38
2.47402e-39
3.46862e-39
3.69414e-39
4.1259e-38
4.07896e-39
5.81395e-37
5.71566e-39
5.7397e-37
-3.1542e-39
-5.03876e-37
-8.47758e-39
2.20847e-38
2.38776e-39
5.55817e-37
5.5512e-39
2.64562e-38
-2.4752e-39
1.82715e-38
-3.17422e-39
3.4129e-39
-4.53686e-40
4.08784e-40
-7.70429e-41
5.57973e-41
-9.36653e-42
6.23362e-42
-1.1761e-42
7.12975e-43
-1.26641e-43
7.26948e-44
-1.3471e-44
7.38129e-45
-1.30433e-45
1.36933e-45
-1.12179e-46
7.4375e-45
1.13104e-46
7.3314e-44
1.31427e-45
7.19601e-43
1.35831e-44
6.29887e-42
1.27821e-43
5.64362e-41
1.18825e-42
4.1429e-40
9.47946e-42
3.46232e-39
7.80897e-41
1.86231e-38
4.61849e-40
2.94478e-38
3.24165e-39
5.70564e-37
2.84948e-39
2.94478e-38
-2.84948e-39
1.86231e-38
-3.24165e-39
3.46232e-39
-4.61849e-40
4.1429e-40
-7.80897e-41
5.64362e-41
-9.47955e-42
6.29856e-42
-1.18903e-42
7.17684e-43
-1.34066e-43
6.48211e-44
-5.51269e-44
-2.77975e-44
-2.65089e-43
-1.13018e-42
1.02374e-39
-8.7217e-41
5.33357e-39
-6.77504e-40
3.21304e-38
-4.4948e-39
5.17901e-38
-3.31779e-39
2.2223e-41
8.60928e-39
-5.16266e-38
8.5971e-39
-3.09536e-38
-3.4364e-39
1.05567e-39
-5.28093e-39
3.65958e-38
-5.86522e-39
8.49734e-38
-8.03889e-39
5.82996e-38
4.48243e-39
-1.31278e-38
1.19271e-38
6.53161e-39
-3.31777e-39
5.29839e-38
-7.81239e-39
3.22935e-38
3.43784e-39
5.35797e-39
4.50866e-39
1.03583e-39
6.79878e-40
1.41053e-40
1.06464e-40
1.98727e-41
1.23297e-41
2.35497e-42
1.43788e-42
2.75943e-43
1.46916e-43
2.90841e-44
1.48353e-44
3.00826e-45
1.38061e-45
5.70034e-46
1.14863e-46
3.03195e-45
-1.15757e-46
2.93415e-44
-1.39049e-45
2.78637e-43
-1.49501e-44
2.38102e-42
-1.4817e-43
2.0119e-41
-1.45132e-42
1.43126e-40
-1.24615e-41
1.05329e-39
-1.07752e-40
5.4786e-39
-6.9074e-40
3.31835e-38
-4.6025e-39
5.72661e-38
-4.00837e-39
3.31835e-38
4.00837e-39
5.4786e-39
4.6025e-39
1.05329e-39
6.9074e-40
1.43126e-40
1.07752e-40
2.01185e-41
1.24608e-41
2.37796e-42
1.44555e-42
2.59378e-43
1.0176e-43
-5.66758e-44
-2.97856e-43
-3.57267e-43
-2.01491e-42
-8.79992e-42
2.37952e-40
-2.95795e-41
9.64354e-40
-2.16489e-40
4.44353e-39
-1.19534e-39
6.79387e-39
-8.22127e-40
6.55303e-42
2.27461e-39
-6.74999e-39
2.27016e-39
-4.16662e-39
-8.62723e-40
2.45494e-40
-1.44867e-39
5.21301e-39
-1.63374e-39
1.1482e-38
-2.09465e-39
8.0345e-39
1.19077e-39
-1.10307e-39
3.09672e-39
1.24717e-39
-8.22107e-40
7.07566e-39
-2.01733e-39
4.48723e-39
8.63268e-40
9.71274e-40
1.20038e-39
2.39688e-40
2.17289e-40
3.72405e-41
3.61724e-41
5.81699e-42
4.50816e-42
7.37294e-43
5.46112e-43
9.10181e-44
5.81704e-44
9.96625e-45
6.03104e-45
1.06288e-45
5.76669e-46
2.06167e-46
4.8824e-47
1.0716e-45
-4.92177e-47
1.00591e-44
-5.80952e-46
9.19668e-44
-6.07983e-45
7.46186e-43
-5.86932e-44
5.89783e-42
-5.51557e-43
3.78846e-41
-4.56019e-42
2.44747e-40
-3.66592e-41
1.00251e-39
-2.21239e-40
4.68819e-39
-1.23193e-39
7.79555e-39
-1.04329e-39
4.68819e-39
1.04329e-39
1.00251e-39
1.23193e-39
2.44747e-40
2.21239e-40
3.78842e-41
3.66587e-41
5.89426e-42
4.55552e-42
7.21958e-43
5.11642e-43
-6.2393e-44
-2.66523e-43
-6.88417e-43
-2.21812e-42
-2.9677e-42
-1.45966e-41
-6.50969e-41
4.00135e-41
-9.76778e-42
1.28859e-40
-5.70124e-41
4.6867e-40
-2.91245e-40
6.82006e-40
-1.94607e-40
1.34247e-42
5.53245e-40
-6.73632e-40
5.51947e-40
-4.21483e-40
-2.05958e-40
4.13482e-41
-3.57623e-40
5.65862e-40
-4.05342e-40
1.19181e-39
-5.07062e-40
8.57839e-40
2.89497e-40
-3.61472e-41
7.4778e-40
1.77176e-40
-1.94517e-40
7.30157e-40
-4.85328e-40
4.76987e-40
2.06126e-40
1.30222e-40
2.92347e-40
4.01674e-41
5.66869e-41
7.0106e-42
1.0129e-41
1.18337e-42
1.33236e-42
1.58498e-43
1.69072e-43
2.03264e-44
1.86718e-44
2.29543e-45
1.99336e-45
2.50496e-46
1.95105e-46
4.95316e-47
1.68085e-47
2.52619e-46
-1.69481e-47
2.31771e-45
-1.96603e-46
2.05494e-44
-2.01016e-45
1.6054e-43
-1.88483e-44
1.20135e-42
-1.70867e-43
7.14828e-42
-1.349e-42
4.11877e-41
-1.0279e-41
1.36008e-40
-5.78462e-41
5.09826e-40
-3.01107e-40
8.17832e-40
-2.52344e-40
5.09826e-40
2.52344e-40
1.36008e-40
3.01107e-40
4.11873e-41
5.78459e-41
7.14502e-42
1.0276e-41
1.17501e-42
1.31953e-42
-2.03384e-44
-8.39045e-44
-1.14821e-42
-2.08796e-42
-5.37261e-42
-1.46688e-41
-2.32258e-41
-9.83936e-41
-4.5115e-40
6.14394e-42
-1.32872e-41
1.52525e-41
-1.53991e-41
3.74834e-41
-5.58388e-41
4.95443e-41
-3.49323e-41
2.57112e-43
1.00192e-40
-4.80472e-41
1.00024e-40
-2.99437e-41
-3.66347e-41
6.48444e-42
-6.57986e-41
4.77683e-41
-7.49481e-41
9.33758e-41
-9.14994e-41
7.20726e-41
5.24861e-41
1.0721e-41
1.34611e-40
2.28103e-41
-3.42874e-41
5.71659e-41
-8.70535e-41
3.88734e-41
3.66692e-41
1.53793e-41
5.30959e-41
6.26553e-42
1.09682e-41
1.20951e-42
2.06493e-42
2.19401e-43
2.84378e-43
3.07472e-44
3.73758e-44
4.08e-45
4.25315e-45
4.72697e-46
4.64434e-46
5.26406e-47
4.63507e-47
1.05763e-47
4.04865e-48
5.30991e-47
-4.08312e-48
4.77446e-46
-4.67165e-47
4.12677e-45
-4.68479e-46
3.11667e-44
-4.29501e-45
2.22998e-43
-3.7793e-44
1.23607e-42
-2.88158e-43
6.45324e-42
-2.09796e-42
1.63612e-41
-1.12142e-41
4.38676e-41
-5.48679e-41
6.58382e-41
-4.54974e-41
4.38676e-41
4.54974e-41
1.63609e-41
5.48677e-41
6.45064e-42
1.12125e-41
1.21365e-42
2.08025e-42
3.95494e-44
1.16309e-43
-1.24659e-42
-1.46957e-42
-8.39996e-42
-1.27001e-41
-3.94454e-41
-9.05564e-41
-1.74074e-40
-6.25307e-40
-2.9748e-39
-1.10552e-43
-8.08442e-41
2.63441e-42
-3.26697e-41
2.54503e-42
-3.01423e-41
2.19384e-42
-1.00872e-41
9.40872e-44
1.6135e-41
-1.70576e-42
1.6828e-41
-9.72247e-43
-6.16128e-42
9.25788e-43
-1.12571e-41
3.04256e-42
-1.28544e-41
4.91254e-42
-1.54727e-41
4.66399e-42
8.88741e-42
2.86772e-42
2.27183e-41
2.76093e-42
-5.70904e-42
3.04855e-42
-1.465e-41
2.27577e-42
6.15087e-42
1.69232e-42
9.00432e-42
8.90061e-43
1.93323e-42
1.86007e-43
3.81048e-43
3.55965e-44
5.43963e-44
5.17194e-45
7.37225e-45
7.04855e-46
8.59649e-46
8.3422e-47
9.5723e-47
9.44631e-48
9.70716e-48
1.92417e-48
8.57927e-49
9.53055e-48
-8.65384e-49
8.4285e-47
-9.78553e-48
7.13232e-46
-9.65803e-47
5.24581e-45
-8.68405e-46
3.6216e-44
-7.45809e-45
1.90455e-43
-5.51583e-44
9.20318e-43
-3.87541e-43
1.84131e-42
-1.98006e-42
2.96943e-42
-9.32924e-42
3.77916e-42
-7.68825e-42
2.96926e-42
7.68817e-42
1.83962e-42
9.32844e-42
9.04068e-43
1.97129e-42
4.86217e-44
2.97877e-43
-1.14106e-42
-8.27172e-43
-8.33777e-42
-7.86679e-42
-5.60308e-41
-6.78992e-41
-2.69757e-40
-4.98905e-40
-1.21865e-39
-3.57439e-39
-1.78843e-38
-5.69661e-42
-5.17762e-40
8.11748e-42
-1.99076e-40
3.78344e-42
-1.41303e-40
1.69614e-42
-2.90979e-41
3.93566e-43
-2.92522e-42
2.68506e-43
1.77858e-42
1.57051e-43
-1.02635e-42
1.30149e-43
-1.72829e-42
9.91998e-44
-1.96573e-42
-2.73196e-44
-2.33387e-42
1.73374e-43
1.34235e-42
5.03053e-43
3.4204e-42
3.39005e-43
-8.48578e-43
-4.67284e-45
-2.19989e-42
3.78287e-44
9.20609e-43
1.89778e-43
1.36195e-42
1.2319e-43
3.02615e-43
2.7213e-44
6.18422e-44
5.42108e-45
9.09838e-45
8.09448e-46
1.26389e-45
1.12698e-46
1.50444e-46
1.35671e-47
1.70252e-47
1.55754e-48
1.75045e-48
3.20841e-49
1.56261e-49
1.5717e-48
-1.57644e-49
1.37109e-47
-1.76487e-48
1.14077e-46
-1.71813e-47
8.2144e-46
-1.52021e-46
5.51989e-45
-1.27913e-45
2.79067e-44
-9.23145e-45
1.27774e-43
-6.29522e-44
2.11343e-43
-3.10415e-43
1.3217e-43
-1.4144e-42
5.09163e-44
-1.15887e-42
1.31229e-43
1.15853e-42
2.01691e-43
1.41085e-42
3.37573e-44
2.71175e-43
-8.04476e-43
-3.43752e-43
-7.03175e-42
-4.0663e-42
-5.09637e-41
-3.71911e-41
-3.51695e-40
-3.30992e-40
-1.7484e-39
-2.5358e-39
-8.16047e-39
-1.91847e-38
-1.02941e-37
-1.88369e-41
-3.18274e-39
6.72519e-41
-1.17364e-39
2.81831e-41
-8.296e-40
1.28855e-41
-1.63133e-40
2.619e-42
-3.02891e-41
5.52609e-43
-3.88718e-42
1.1079e-43
-6.9807e-43
2.68697e-44
-3.13127e-43
-8.01761e-45
-2.91432e-43
-5.14796e-44
-3.35258e-43
-9.2409e-45
1.92452e-43
7.28678e-44
4.89565e-43
4.15111e-44
-1.2029e-43
-2.93436e-44
-3.142e-43
-1.39642e-44
1.3125e-43
2.17446e-44
1.95568e-43
1.62127e-44
4.45515e-44
3.72386e-45
9.37587e-45
7.63551e-46
1.4124e-45
1.16499e-46
2.00198e-46
1.64975e-47
2.42291e-47
2.01448e-48
2.77886e-48
2.33933e-49
2.88955e-49
4.86547e-50
2.601e-50
2.36095e-49
-2.62437e-50
2.03625e-48
-2.91373e-49
1.67043e-47
-2.80485e-48
1.18277e-46
-2.44892e-47
7.77985e-46
-2.02683e-46
3.82338e-45
-1.4338e-45
1.68555e-44
-9.5513e-45
2.46686e-44
-4.57586e-44
-1.74693e-45
-2.0349e-43
-2.57746e-44
-1.66108e-43
-6.38756e-45
1.64986e-43
-2.34504e-44
1.91456e-43
-4.58363e-43
-8.91985e-44
-4.27369e-42
-1.41023e-42
-3.69285e-41
-1.45199e-41
-2.7451e-40
-1.36353e-40
-1.95453e-39
-1.2655e-39
-1.011e-38
-1.03314e-38
-4.88686e-38
-8.44553e-38
-5.04573e-37
1.46792e-40
-1.74521e-38
5.89728e-40
-6.54294e-39
2.11602e-40
-4.75661e-39
8.72954e-41
-8.94865e-40
1.68758e-41
-1.61653e-40
3.11492e-42
-2.15919e-41
4.45699e-43
-2.82076e-42
6.11926e-44
-3.48468e-43
4.35016e-45
-7.25504e-44
-8.73896e-45
-4.81842e-44
-3.06088e-45
2.54702e-44
9.66237e-45
6.54371e-44
5.08836e-45
-1.59452e-44
-5.47599e-45
-4.19358e-44
-2.94219e-45
1.74852e-44
2.55848e-45
2.62309e-44
2.06538e-45
6.10785e-45
4.87035e-46
1.31549e-45
1.02009e-46
2.02092e-46
1.58263e-47
2.91144e-47
2.27178e-48
3.57296e-48
2.80617e-49
4.14353e-49
3.28957e-50
4.35027e-50
6.89643e-51
3.94345e-51
3.32039e-50
-3.97934e-51
2.83699e-49
-4.3872e-50
2.3008e-48
-4.18296e-49
1.60732e-47
-3.61211e-48
1.03987e-46
-2.94849e-47
5.00443e-46
-2.05249e-46
2.14994e-45
-1.34105e-45
2.92561e-45
-6.2814e-45
-1.55739e-45
-2.73558e-44
-7.05405e-45
-2.24564e-44
-2.21558e-44
1.92919e-44
-2.13615e-43
-7.01174e-45
-2.17488e-42
-3.85528e-43
-2.00039e-41
-4.2005e-42
-1.77474e-40
-4.42827e-41
-1.3621e-39
-4.33441e-40
-1.01133e-38
-4.31207e-39
-5.48874e-38
-3.88609e-38
-2.81258e-37
-3.6042e-37
-2.4971e-36
3.77885e-39
-9.37763e-38
5.28963e-39
-3.03039e-38
1.53013e-39
-2.12249e-38
5.31145e-40
-3.81617e-39
9.62592e-41
-6.55545e-40
1.69155e-41
-8.45295e-41
2.32216e-42
-1.0611e-41
3.04858e-43
-1.16895e-42
3.45969e-44
-1.2943e-43
2.5312e-45
-1.85475e-44
-9.76821e-47
2.561e-45
1.22599e-45
9.29037e-45
6.09777e-46
-2.28013e-45
-7.54016e-46
-6.008e-45
-4.18741e-46
2.50139e-45
2.98157e-46
3.77188e-45
2.50887e-46
8.92931e-46
6.03402e-47
1.95717e-46
1.28447e-47
3.05179e-47
2.02054e-48
4.45159e-48
2.93294e-49
5.52199e-49
3.65874e-50
6.45904e-50
4.32359e-51
6.8323e-51
9.12695e-52
6.22725e-52
4.36419e-51
-6.28454e-52
3.69891e-50
-6.89099e-51
2.97015e-49
-6.52137e-50
2.05141e-48
-5.58355e-49
1.30815e-47
-4.50949e-48
6.18012e-47
-3.10081e-47
2.58241e-46
-1.99659e-46
3.02105e-46
-9.19647e-46
-7.58181e-46
-3.94643e-45
-6.86351e-45
-3.32448e-45
-6.93203e-44
1.49781e-45
-7.31353e-43
-1.63309e-44
-7.49613e-42
-2.38225e-43
-7.05131e-41
-2.71437e-42
-6.44146e-40
-3.20372e-41
-5.13206e-39
-3.85703e-40
-3.98288e-38
-5.18743e-39
-2.29058e-37
-6.85743e-38
-1.2412e-36
-8.64151e-37
-8.26246e-36
8.40953e-38
-6.15138e-37
7.77197e-38
-2.21381e-37
1.88703e-38
-1.64308e-37
5.51715e-39
-2.60329e-38
9.1652e-40
-4.25053e-39
1.52187e-40
-5.18334e-40
2.00261e-41
-6.30662e-41
2.55298e-42
-6.70783e-42
2.86136e-43
-6.99864e-43
3.06853e-44
-6.75384e-44
2.9909e-45
-5.97072e-45
4.40496e-46
1.54281e-46
1.01076e-46
-2.15085e-46
-9.71433e-47
-4.51907e-46
-5.57908e-47
1.86254e-46
3.64175e-47
2.8242e-46
3.13428e-47
6.79941e-47
7.64081e-48
1.5255e-47
1.6449e-48
2.42223e-48
2.61297e-49
3.5957e-49
3.82254e-50
4.52572e-50
4.80137e-51
5.36286e-51
5.70473e-52
5.73633e-52
1.20871e-52
5.27501e-53
5.74059e-52
-5.32175e-53
4.82646e-51
-5.7825e-52
3.82924e-50
-5.40937e-51
2.59157e-49
-4.5677e-50
1.58784e-48
-3.62926e-49
6.62332e-48
-2.4414e-48
1.62084e-47
-1.52776e-47
-1.68929e-46
-6.60912e-47
-2.65537e-45
-2.4294e-46
-3.11291e-44
4.23815e-46
-3.56325e-43
8.364e-45
-3.84935e-42
9.48213e-44
-4.04929e-41
1.05081e-42
-3.9171e-40
1.05171e-41
-3.72505e-39
8.96658e-41
-3.09417e-38
3.61352e-40
-2.5703e-37
-6.90916e-39
-1.57978e-36
-2.50321e-37
-9.94987e-36
-4.603e-36
-6.10909e-35
1.44316e-36
-8.41442e-37
1.07191e-36
-7.09303e-37
1.94098e-37
-1.85394e-37
4.12798e-38
-2.49231e-38
5.97688e-39
-3.74373e-39
8.89393e-40
-4.42165e-40
1.09789e-40
-5.31103e-41
1.33192e-41
-5.61019e-42
1.44358e-42
-5.83297e-43
1.51557e-43
-5.58103e-44
1.47201e-44
-5.16678e-45
1.39107e-45
-3.99385e-46
1.27258e-46
-5.15754e-47
3.4888e-48
-3.79589e-47
-3.08295e-48
1.424e-47
2.54638e-48
2.20024e-47
2.16393e-48
5.35833e-48
5.33778e-49
1.21189e-48
1.16496e-49
1.93991e-49
1.87261e-50
2.89513e-50
2.76942e-51
3.6628e-51
3.51154e-52
4.35469e-52
4.20765e-53
4.67225e-53
9.04084e-54
4.30478e-54
4.33346e-53
-4.3248e-54
3.68251e-52
-4.68211e-53
3.00155e-51
-4.34856e-52
2.18552e-50
-3.62917e-51
1.58509e-49
-2.82076e-50
1.08699e-48
-1.80776e-49
9.32545e-48
-1.00512e-48
9.22535e-47
-2.35937e-48
1.0898e-45
1.8839e-47
1.27321e-44
5.13492e-46
1.43411e-43
6.56367e-45
1.52325e-42
7.64442e-44
1.56115e-41
8.54509e-43
1.47909e-40
8.655e-42
1.35567e-39
7.61921e-41
1.09765e-38
3.71929e-40
8.61195e-38
-4.03396e-39
5.14867e-37
-1.76978e-37
2.90246e-36
-3.39271e-36
-4.66368e-35
3.351e-35
-1.68933e-35
1.82545e-36
-9.13537e-37
1.39907e-36
5.38699e-38
2.82556e-37
1.68695e-38
3.71686e-38
3.39238e-39
5.35433e-39
4.34189e-40
6.32286e-40
5.37062e-41
7.50323e-41
5.71842e-42
7.9275e-42
5.95282e-43
8.19298e-43
5.68787e-44
7.82731e-44
5.28626e-45
7.25437e-45
4.65725e-46
6.34225e-46
3.82247e-47
5.31411e-47
7.02333e-49
4.05067e-48
1.26884e-48
5.12367e-49
1.57697e-48
1.77678e-49
3.85048e-49
3.97848e-50
8.78956e-50
8.4669e-51
1.42064e-50
1.35768e-51
2.13868e-51
2.01017e-52
2.72708e-52
2.55662e-53
3.26357e-53
3.09065e-54
3.52205e-54
9.77443e-55
3.24489e-55
8.15939e-54
-3.5166e-55
1.03693e-52
-3.92187e-54
1.3696e-51
-3.87921e-53
1.83215e-50
-3.65574e-52
2.47853e-49
-3.51164e-51
3.30553e-48
-3.39699e-50
4.33953e-47
-3.65485e-49
5.50537e-46
-4.1583e-48
6.78218e-45
-5.14402e-47
7.97864e-44
-6.34413e-46
9.07982e-43
-7.78762e-45
9.74894e-42
-9.08301e-44
1.014e-40
-1.01122e-42
9.74636e-40
-1.00784e-41
9.13071e-39
-8.38978e-41
7.54725e-38
-2.62847e-40
6.14675e-37
8.84847e-39
3.80432e-36
2.87663e-37
2.33674e-35
5.22696e-36
6.96632e-35
1.57078e-36
-6.27725e-37
9.15533e-37
-4.52058e-37
1.69866e-37
1.05627e-37
3.69497e-38
2.21096e-38
5.45526e-39
4.02898e-39
8.24354e-40
5.06998e-40
1.0291e-40
6.24458e-41
1.25943e-41
6.66744e-42
1.3742e-42
6.96187e-43
1.45067e-43
6.67712e-44
1.41549e-44
6.22218e-45
1.33226e-45
5.4566e-46
1.18202e-46
4.62662e-47
1.00857e-47
3.57664e-48
8.07583e-49
3.6637e-49
7.67044e-50
1.32552e-49
1.50578e-50
2.90224e-50
2.90512e-51
6.41939e-51
5.8864e-52
1.03364e-51
9.34944e-53
1.55608e-52
1.38277e-53
1.98909e-53
1.76322e-54
2.38505e-54
2.13815e-55
2.57901e-55
6.78075e-56
2.26709e-56
5.60074e-55
-4.45435e-56
7.02112e-54
-5.9124e-55
9.11455e-53
-7.64144e-54
1.19669e-51
-1.00584e-52
1.58467e-50
-1.36247e-51
2.06919e-49
-1.85457e-50
2.64972e-48
-2.53494e-49
3.28159e-47
-3.39723e-48
3.91993e-46
-4.46911e-47
4.47907e-45
-5.66496e-46
4.89255e-44
-6.96234e-45
5.06252e-43
-8.10769e-44
4.96575e-42
-8.98154e-43
4.54424e-41
-8.82192e-42
3.87895e-40
-6.94834e-41
2.9926e-39
-9.61766e-41
2.04459e-38
1.0954e-38
1.14878e-37
3.12741e-37
4.21819e-37
5.48849e-36
7.10976e-35
1.60947e-37
-4.87637e-37
-1.54676e-38
-6.67968e-38
4.00833e-39
1.10519e-38
2.83018e-39
3.05885e-39
5.88657e-40
6.07554e-40
1.11046e-40
8.20888e-41
1.56459e-41
1.05248e-41
2.08979e-42
1.16719e-42
2.41715e-43
1.25031e-43
2.66837e-44
1.22845e-44
2.69112e-45
1.16537e-45
2.6003e-46
1.03889e-46
2.35471e-47
8.93653e-48
2.04778e-48
7.21154e-49
1.68426e-49
6.28533e-50
1.42949e-50
1.17592e-50
1.70117e-51
2.16379e-51
2.44852e-52
4.4915e-52
4.28578e-53
7.13857e-53
6.49731e-54
1.07156e-53
9.42603e-55
1.37226e-54
1.18982e-55
1.64942e-55
6.41287e-57
1.79698e-56
-1.26292e-55
2.99027e-57
-2.04095e-54
2.0471e-56
-3.1644e-53
3.41665e-55
-4.77215e-52
5.53194e-54
-6.97461e-51
8.63918e-53
-9.90838e-50
1.306e-51
-1.35954e-48
1.90778e-50
-1.8113e-47
2.70341e-49
-2.31855e-46
3.69447e-48
-2.87927e-45
4.899e-47
-3.40802e-44
6.2341e-46
-3.91491e-43
7.69853e-45
-4.23181e-42
9.0552e-44
-4.45499e-41
1.03769e-42
-4.31271e-40
1.1262e-41
-4.10607e-39
1.21953e-40
-3.41413e-38
1.27222e-39
-2.84109e-37
1.41306e-38
-1.74841e-36
1.52487e-37
-1.10417e-35
1.67453e-36
1.43443e-35
1.28861e-38
-8.81379e-38
-7.16623e-39
-1.24157e-38
-7.3508e-40
6.36784e-40
1.19967e-40
3.33604e-40
4.51205e-41
8.12062e-41
1.05976e-41
1.21148e-41
1.65681e-42
1.67767e-42
2.36099e-43
1.96191e-43
2.85708e-44
2.19159e-44
3.25724e-45
2.22175e-45
3.37052e-46
2.16102e-46
3.32145e-47
1.96448e-47
3.05816e-48
1.7178e-48
2.69683e-49
1.41877e-49
2.25139e-50
1.17389e-50
1.86783e-51
1.35825e-51
1.82243e-52
1.86411e-52
2.10936e-53
3.28812e-53
3.12335e-54
4.96781e-54
4.42221e-55
7.29821e-55
6.21809e-56
9.28306e-56
7.93417e-57
1.11345e-56
3.3548e-57
1.35968e-57
3.94243e-56
2.72648e-57
6.19743e-55
4.34483e-56
9.4979e-54
7.06249e-55
1.41662e-52
1.1196e-53
2.04802e-51
1.7255e-52
2.87515e-50
2.58944e-51
3.89595e-49
3.76691e-50
5.11471e-48
5.32818e-49
6.44407e-47
7.27639e-48
7.84844e-46
9.64919e-47
9.0964e-45
1.22843e-45
1.01732e-43
1.51784e-44
1.06826e-42
1.78654e-43
1.08193e-41
2.04761e-42
1.0045e-40
2.22002e-41
9.01398e-40
2.39258e-40
7.03678e-39
2.46499e-39
5.31511e-38
2.67661e-38
2.96593e-37
2.79227e-37
1.54912e-36
2.98029e-36
2.47705e-35
1.41709e-39
-9.51667e-39
-1.39105e-39
-1.51746e-39
-2.00073e-40
-1.41158e-41
-1.00822e-41
2.52382e-41
2.15817e-42
7.77664e-42
8.74773e-43
1.27844e-42
1.60598e-43
1.88676e-43
2.5099e-44
2.30924e-44
3.21382e-45
2.66668e-45
3.81662e-46
2.77604e-46
4.06888e-47
2.75569e-47
4.1038e-48
2.54831e-48
3.84802e-49
2.25931e-49
3.44461e-50
1.89348e-50
2.91478e-51
1.55512e-51
2.40531e-52
1.49016e-52
2.10612e-53
1.6537e-53
2.04492e-54
2.42726e-54
2.47306e-55
3.40179e-55
3.12681e-56
4.82207e-56
4.19922e-57
6.05349e-57
1.69704e-57
7.22756e-58
1.99554e-56
1.04862e-58
3.2322e-55
4.65472e-58
5.12068e-54
7.64931e-57
7.89014e-53
1.24645e-55
1.18377e-51
1.98169e-54
1.72221e-50
3.06403e-53
2.43547e-49
4.61572e-52
3.32666e-48
6.7422e-51
4.40938e-47
9.58293e-50
5.61443e-46
1.3157e-48
6.92762e-45
1.75724e-47
8.14579e-44
2.26049e-46
9.27894e-43
2.85318e-45
9.9447e-42
3.53268e-44
1.03495e-40
4.59849e-43
9.90544e-40
6.64064e-42
9.27617e-39
1.16327e-40
7.5934e-38
2.28326e-39
6.15975e-37
4.54962e-38
3.7088e-36
8.14887e-37
2.23328e-35
1.22986e-35
1.43858e-34
1.34551e-40
-1.2196e-39
-1.52369e-40
-2.00519e-40
-2.48719e-41
-1.41041e-41
-2.41743e-42
9.52734e-43
-2.96936e-46
6.34291e-43
5.80321e-44
1.22004e-43
1.29983e-44
1.97264e-44
2.22722e-45
2.55212e-45
3.00783e-46
3.06931e-46
3.70412e-47
3.29116e-47
4.05655e-48
3.34326e-48
4.17573e-49
3.14815e-49
3.98063e-50
2.8323e-50
3.611e-51
2.40514e-51
3.0916e-52
1.97913e-52
2.55903e-53
1.72028e-53
2.14617e-54
1.6278e-54
1.8981e-55
1.94273e-55
1.97334e-56
2.42122e-56
2.22935e-57
3.2091e-57
3.81954e-58
3.90431e-58
1.91331e-57
3.32752e-59
3.1386e-56
-2.15416e-58
5.10291e-55
-3.75716e-57
8.09317e-54
-6.25902e-56
1.24842e-52
-1.01619e-54
1.87537e-51
-1.6092e-53
2.73194e-50
-2.47795e-52
3.86914e-49
-3.71597e-51
5.29318e-48
-5.4022e-50
7.02876e-47
-7.63605e-49
8.96665e-46
-1.04201e-47
1.10895e-44
-1.38018e-46
1.30704e-43
-1.75314e-45
1.49338e-42
-2.15363e-44
1.6054e-41
-2.49269e-43
1.6778e-40
-2.71703e-42
1.61235e-39
-2.5115e-41
1.51951e-38
-1.52068e-40
1.25104e-37
1.33391e-39
1.026e-36
7.02035e-38
6.23407e-36
1.65728e-36
3.84889e-35
2.76589e-35
3.48295e-34
1.45014e-41
-1.22176e-40
-1.67593e-41
-2.13333e-41
-2.90846e-42
-2.28103e-42
-3.83049e-43
-5.75364e-44
-2.32176e-44
4.04108e-44
2.32079e-45
9.70753e-45
8.96269e-46
1.73314e-45
1.79797e-46
2.37046e-46
2.61672e-47
2.96108e-47
3.37895e-48
3.26456e-48
3.82173e-49
3.38673e-49
4.02921e-50
3.24346e-50
3.91185e-51
2.95765e-51
3.60032e-52
2.54143e-52
3.11949e-53
2.10392e-53
2.59806e-54
1.75906e-54
2.13449e-55
1.53104e-55
1.78429e-56
1.57028e-56
1.64964e-57
1.73956e-57
1.65462e-58
2.12234e-58
2.15471e-59
2.40863e-59
5.71065e-59
-1.02585e-59
9.19362e-58
-2.28539e-58
1.49528e-56
-3.90243e-57
2.37277e-55
-6.50027e-56
3.66222e-54
-1.05536e-54
5.50484e-53
-1.67124e-53
8.02453e-52
-2.5735e-52
1.13735e-50
-3.85926e-51
1.5572e-49
-5.6105e-50
2.06973e-48
-7.93047e-49
2.64295e-47
-1.08218e-47
3.27254e-46
-1.43339e-46
3.86177e-45
-1.82075e-45
4.41917e-44
-2.23686e-44
4.758e-43
-2.58975e-43
4.98303e-42
-2.82547e-42
4.79834e-41
-2.62062e-41
4.53594e-40
-1.61548e-40
3.7449e-39
1.29197e-39
3.08677e-38
7.08224e-38
1.88332e-37
1.68171e-36
1.17535e-36
2.81175e-35
3.54523e-34
1.34657e-42
-1.28638e-41
-1.54099e-42
-2.30233e-42
-2.82379e-43
-3.22157e-43
-4.31671e-44
-2.23792e-44
-3.67749e-45
1.34814e-45
-4.75936e-47
6.48697e-46
4.91448e-47
1.37795e-46
1.26309e-47
2.03715e-47
2.01288e-48
2.67242e-48
2.73649e-49
3.04463e-49
3.20017e-50
3.23613e-50
3.45527e-51
3.157e-51
3.41592e-52
2.92093e-52
3.18844e-53
2.54008e-53
2.79474e-54
2.11915e-54
2.34528e-55
1.74038e-55
1.9138e-56
1.44254e-56
1.55571e-57
1.3211e-57
1.33468e-58
1.30841e-58
5.97535e-60
1.44976e-59
-1.08483e-58
1.65111e-60
-1.8735e-57
8.84222e-61
-3.1252e-56
1.24061e-59
-5.08176e-55
2.12826e-58
-8.05974e-54
3.5741e-57
-1.24328e-52
5.85298e-56
-1.86766e-51
9.35734e-55
-2.72074e-50
1.45541e-53
-3.85332e-49
2.20723e-52
-5.27158e-48
3.24692e-51
-7.00015e-47
4.65262e-50
-8.93022e-46
6.44371e-49
-1.10446e-44
8.70197e-48
-1.30175e-43
1.13589e-46
-1.48736e-42
1.47235e-45
-1.59893e-41
1.9245e-44
-1.67107e-40
2.79918e-43
-1.60588e-39
4.80523e-42
-1.51347e-38
9.95459e-41
-1.24607e-37
2.18102e-39
-1.02204e-36
4.5729e-38
-6.21037e-36
8.39243e-37
-3.83587e-35
1.27925e-35
1.50678e-34
1.27219e-43
-1.20097e-42
-1.42056e-43
-2.22983e-43
-2.69505e-44
-3.63901e-44
-4.61559e-45
-3.33144e-45
-4.70621e-46
-9.21758e-47
-2.84978e-47
3.26554e-47
1.23668e-48
9.55739e-48
7.48088e-49
1.56836e-48
1.40084e-49
2.17987e-49
2.05454e-50
2.57604e-50
2.51039e-51
2.80994e-51
2.79173e-52
2.79519e-52
2.81894e-53
2.62539e-53
2.67354e-54
2.31131e-54
2.37296e-55
1.94537e-55
2.00908e-56
1.58846e-56
1.63849e-57
1.27588e-57
1.31289e-58
1.09467e-58
1.05146e-59
1.84372e-59
-3.37924e-60
3.21437e-60
-7.44979e-59
1.06091e-60
-1.27239e-57
7.37986e-60
-2.12039e-56
1.27097e-58
-3.44453e-55
2.16766e-57
-5.4572e-54
3.61162e-56
-8.40859e-53
5.86548e-55
-1.26153e-51
9.29163e-54
-1.83528e-50
1.43134e-52
-2.59526e-49
2.14741e-51
-3.54473e-48
3.12338e-50
-4.69809e-47
4.41755e-49
-5.9815e-46
6.03253e-48
-7.37973e-45
7.99955e-47
-8.67616e-44
1.01843e-45
-9.88143e-43
1.25845e-44
-1.05881e-41
1.48167e-43
-1.10163e-40
1.69967e-42
-1.054e-39
1.84747e-41
-9.86685e-39
2.00368e-40
-8.07281e-38
2.09439e-39
-6.54604e-37
2.3295e-38
-3.939e-36
2.51576e-37
-2.37223e-35
2.76259e-36
-2.03692e-35
2.36398e-35
1.45852e-34
8.04603e-45
-4.38577e-43
-8.87098e-45
-8.3109e-44
-1.72602e-45
-1.52451e-44
-3.11212e-46
-1.628e-45
-3.40503e-47
-1.12751e-46
-2.60047e-48
9.63679e-49
-3.19585e-50
2.07159e-48
3.3393e-50
4.15553e-49
7.34843e-51
6.31271e-50
1.14557e-51
7.83646e-51
1.44571e-52
8.83192e-52
1.64127e-53
8.99026e-53
1.68146e-54
8.59115e-54
1.61188e-55
7.66451e-55
1.4427e-56
6.49105e-56
1.22962e-57
5.17388e-57
1.0194e-58
2.34021e-58
9.2542e-60
2.92071e-59
2.63094e-61
1.66658e-58
-1.45919e-60
4.23652e-59
-1.59669e-59
1.07881e-59
-2.69109e-58
5.6059e-60
-4.47055e-57
6.69771e-59
-7.23875e-56
1.1363e-57
-1.14263e-54
1.89061e-56
-1.75358e-53
3.06602e-55
-2.61887e-52
4.8491e-54
-3.7911e-51
7.45704e-53
-5.33003e-50
1.11659e-51
-7.23454e-49
1.62072e-50
-9.51698e-48
2.2868e-49
-1.20192e-46
3.11492e-48
-1.46819e-45
4.11808e-47
-1.70768e-44
5.22559e-46
-1.91829e-43
6.42935e-45
-2.02528e-42
7.5286e-44
-2.06524e-41
8.55525e-43
-1.93412e-40
9.13813e-42
-1.75433e-39
9.54186e-41
-1.38905e-38
9.20682e-40
-1.06584e-37
8.88996e-39
-6.07588e-37
7.65869e-38
-3.22281e-36
6.70708e-37
-2.7099e-36
4.35979e-36
2.54176e-35
-3.25176e-44
-3.65276e-42
3.55389e-44
-6.79671e-43
6.99372e-45
-1.12459e-43
1.29876e-45
-1.05423e-44
1.47849e-46
-3.69759e-46
1.26504e-47
8.54308e-47
4.54737e-49
2.70425e-47
-8.96094e-50
4.51893e-48
-2.42751e-50
6.33618e-49
-4.02168e-51
7.524e-50
-5.22232e-52
8.23385e-51
-6.0322e-53
8.20891e-52
-6.25115e-54
7.72337e-53
-6.04255e-55
6.8058e-54
-5.44169e-56
5.68696e-55
-4.64382e-57
4.40372e-56
-3.50326e-58
1.99328e-58
-5.59038e-60
2.20882e-58
-8.88694e-60
3.10216e-57
-1.2252e-59
7.89502e-58
-6.29415e-60
1.97417e-58
-5.45688e-59
3.40417e-59
-8.93972e-58
1.94106e-59
-1.44612e-56
2.41885e-58
-2.2799e-55
4.00271e-57
-3.49337e-54
6.47219e-56
-5.2062e-53
1.02018e-54
-7.51684e-52
1.56309e-53
-1.05334e-50
2.33049e-52
-1.42396e-49
3.36685e-51
-1.86386e-48
4.72424e-50
-2.33964e-47
6.39612e-49
-2.83655e-46
8.39429e-48
-3.26893e-45
1.05669e-46
-3.63023e-44
1.28719e-45
-3.7778e-43
1.49073e-44
-3.78336e-42
1.66949e-43
-3.46038e-41
1.75314e-42
-3.04812e-40
1.78492e-41
-2.31885e-39
1.66509e-40
-1.70101e-38
1.52216e-39
-9.09745e-38
1.21354e-38
-4.60238e-37
9.57396e-38
-3.84274e-37
5.4797e-37
2.88423e-36
-3.93317e-43
-3.99276e-41
4.38258e-43
-7.18072e-42
8.34821e-44
-1.03073e-42
1.44448e-44
-7.62093e-44
1.49822e-45
2.80956e-45
9.7194e-47
1.80953e-45
-2.41217e-48
3.99234e-46
-2.11171e-48
5.98246e-47
-4.0842e-49
7.90874e-48
-6.06837e-50
9.05228e-49
-7.46474e-51
9.65376e-50
-8.33724e-52
9.44027e-51
-8.44319e-53
8.75082e-52
-8.02548e-54
7.61653e-53
-7.13413e-55
6.27503e-54
-6.02226e-56
4.71324e-55
-4.34296e-57
-2.22643e-56
7.92232e-59
2.11384e-57
-1.56498e-58
5.65764e-56
-2.30366e-58
1.43628e-56
-6.01867e-59
3.58989e-57
-2.1847e-59
6.03251e-58
-1.29947e-58
9.74356e-59
-2.06025e-57
5.89282e-59
-3.24001e-56
7.72858e-58
-4.95143e-55
1.24613e-56
-7.35613e-54
1.9617e-55
-1.05837e-52
3.00076e-54
-1.47689e-51
4.4645e-53
-1.98718e-50
6.43308e-52
-2.58638e-49
8.99702e-51
-3.22604e-48
1.2133e-49
-3.88085e-47
1.5845e-48
-4.43337e-46
1.98284e-47
-4.86932e-45
2.39755e-46
-5.00407e-44
2.75182e-45
-4.93023e-43
3.04667e-44
-4.42488e-42
3.15308e-43
-3.79998e-41
3.14851e-42
-2.80583e-40
2.85874e-41
-1.97794e-39
2.51748e-40
-1.01078e-38
1.89751e-39
-4.84037e-38
1.40165e-38
-3.99142e-38
7.28923e-38
3.69659e-37
-4.1969e-42
-3.84391e-40
4.78769e-42
-6.7493e-41
8.82093e-43
-7.65109e-42
1.3746e-43
-2.8391e-43
1.21755e-44
1.06134e-43
2.99609e-46
2.74636e-44
-1.2981e-46
5.02583e-45
-3.60363e-47
6.95122e-46
-5.86604e-48
8.7444e-47
-8.06036e-49
9.68464e-48
-9.48443e-50
1.00811e-48
-1.02836e-50
9.67892e-50
-1.01968e-51
8.84374e-51
-9.53991e-53
7.60315e-52
-8.37501e-54
6.14815e-53
-6.99027e-55
4.36659e-54
-4.64088e-56
-7.08874e-55
4.20959e-57
1.48293e-56
-2.73583e-57
1.00851e-54
-4.30148e-57
2.55093e-55
-1.11434e-57
6.37081e-56
-2.65001e-58
1.06757e-56
-6.1054e-59
1.67537e-57
-2.77673e-58
2.27143e-58
-4.25514e-57
1.56838e-58
-6.48987e-56
2.10724e-57
-9.62052e-55
3.3195e-56
-1.38041e-53
5.08941e-55
-1.91999e-52
7.58556e-54
-2.57312e-51
1.0955e-52
-3.33331e-50
1.53425e-51
-4.13387e-49
2.07363e-50
-4.9397e-48
2.71e-49
-5.59605e-47
3.39896e-48
-6.08734e-46
4.10806e-47
-6.17851e-45
4.72674e-46
-6.00184e-44
5.21946e-45
-5.28339e-43
5.41839e-44
-4.44215e-42
5.37175e-43
-3.17676e-41
4.89985e-42
-2.17205e-40
4.2402e-41
-1.04815e-39
3.23215e-40
-4.86754e-39
2.30282e-39
-2.73434e-39
1.2829e-38
6.23831e-38
-4.51457e-41
-3.81893e-39
5.20367e-41
-6.33722e-40
9.09956e-42
-4.91786e-41
1.23099e-42
1.94437e-42
8.11796e-44
1.78593e-42
-5.42873e-45
3.53702e-43
-2.52046e-45
5.79623e-44
-5.22187e-46
7.55021e-45
-7.69492e-47
9.12278e-46
-1.00081e-47
9.81295e-47
-1.13699e-48
9.99258e-48
-1.20255e-49
9.42663e-49
-1.17025e-50
8.49359e-50
-1.07912e-51
7.20683e-51
-9.36024e-53
5.66949e-52
-7.71838e-54
3.60661e-53
-4.40154e-55
-1.53256e-53
1.08305e-55
3.60052e-56
-4.77158e-56
1.74774e-53
-7.83321e-56
4.40193e-54
-2.02479e-56
1.09787e-54
-4.7944e-57
1.83457e-55
-8.01037e-58
2.87508e-56
-1.00542e-58
3.76785e-57
3.71503e-58
6.18486e-58
6.3259e-57
2.66392e-57
1.00077e-55
4.21204e-56
1.54135e-54
6.61246e-55
2.29047e-53
1.00892e-53
3.31086e-52
1.49685e-52
4.59114e-51
2.15124e-51
6.18722e-50
2.99963e-50
7.93264e-49
4.0344e-49
9.88111e-48
5.2517e-48
1.15619e-46
6.55444e-47
1.31577e-45
7.8974e-46
1.37788e-44
9.04095e-45
1.40892e-43
9.9705e-44
1.278e-42
1.02947e-42
1.14321e-41
1.02345e-41
8.41607e-41
9.27671e-41
6.24383e-40
8.12863e-40
3.11626e-39
6.12434e-39
1.63919e-38
4.49734e-38
2.34086e-37
-4.25708e-40
-3.05951e-38
4.80826e-40
-4.92969e-39
7.94325e-41
-1.20239e-40
8.29288e-42
6.5811e-41
1.44333e-43
2.20751e-41
-1.55013e-43
3.70478e-42
-3.69039e-44
5.52921e-43
-6.46469e-45
6.81101e-44
-8.82378e-46
7.90157e-45
-1.09399e-46
8.25274e-46
-1.20343e-47
8.2135e-47
-1.2429e-48
7.61059e-48
-1.1878e-49
6.75858e-49
-1.07982e-50
5.64689e-50
-9.25392e-52
4.1948e-51
-7.51802e-53
1.86595e-52
-2.86246e-54
-2.91359e-52
2.31249e-54
-1.69521e-54
-8.24852e-55
2.956e-52
-1.39416e-54
7.40583e-53
-3.59207e-55
1.8434e-53
-8.49629e-56
3.06987e-54
-1.41621e-56
4.8032e-55
-1.79106e-57
6.27007e-56
6.07611e-57
8.38343e-57
1.00047e-55
1.2696e-56
1.52997e-54
1.91778e-55
2.27397e-53
3.02181e-54
3.27317e-52
4.63054e-53
4.57003e-51
6.90541e-52
6.15268e-50
9.97912e-51
8.01381e-49
1.40078e-49
1.00035e-47
1.89746e-48
1.20458e-46
2.49184e-47
1.37749e-45
3.1393e-46
1.51498e-44
3.828e-45
1.55906e-43
4.43897e-44
1.53896e-42
4.97939e-43
1.38388e-41
5.23998e-42
1.19164e-40
5.35006e-41
8.82277e-40
5.01068e-40
6.2424e-39
4.60528e-39
3.2006e-38
3.70042e-38
1.53802e-37
2.94482e-37
1.70487e-36
-4.44216e-39
-2.781e-37
4.37876e-39
-3.99693e-38
6.42469e-40
1.43967e-39
3.87062e-41
9.46197e-40
-5.3526e-42
2.37655e-40
-2.484e-42
3.57933e-41
-4.67154e-43
4.98602e-42
-7.38732e-44
5.85103e-43
-9.51898e-45
6.55338e-44
-1.13536e-45
6.65625e-45
-1.214e-46
6.48444e-46
-1.22725e-47
5.90153e-47
-1.15281e-48
5.16536e-48
-1.03372e-49
4.22824e-49
-8.7469e-51
2.76983e-50
-6.96469e-52
-1.30089e-52
-1.60763e-54
-5.011e-51
4.36811e-53
-4.45467e-53
-1.40551e-53
4.84122e-51
-2.41145e-53
1.20615e-51
-6.18913e-54
2.99443e-52
-1.46162e-54
4.96835e-53
-2.43234e-55
7.75805e-54
-3.46762e-56
1.00984e-54
3.99073e-56
1.26733e-55
7.0556e-55
6.88507e-56
1.0823e-53
8.99123e-55
1.61354e-52
1.42065e-53
2.33056e-51
2.18606e-52
3.26734e-50
3.27573e-51
4.41922e-49
4.75841e-50
5.78808e-48
6.7202e-49
7.2705e-47
9.16281e-48
8.82224e-46
1.21282e-46
1.01764e-44
1.54094e-45
1.13147e-43
1.89895e-44
1.17898e-42
2.22738e-43
1.1828e-41
2.53693e-42
1.08384e-40
2.71665e-41
9.5727e-40
2.84779e-40
7.30236e-39
2.76137e-39
5.37815e-38
2.68811e-38
2.88613e-37
2.34013e-37
1.4673e-36
2.07726e-36
1.36888e-35
-4.12365e-38
-1.64505e-36
2.4151e-38
-2.30372e-37
2.70309e-39
2.83484e-38
-2.62205e-40
8.6691e-39
-1.22868e-40
1.76817e-39
-3.02288e-41
2.41274e-40
-4.80751e-42
3.11201e-41
-6.9202e-43
3.46447e-42
-8.42622e-44
3.72206e-43
-9.64937e-45
3.66524e-44
-1.00175e-45
3.48348e-45
-9.89712e-47
3.10946e-46
-9.13161e-48
2.67737e-47
-8.07079e-49
2.095e-48
-6.72844e-50
6.73382e-50
-5.15655e-51
-3.06879e-50
4.90419e-52
-8.21174e-50
7.76788e-52
-8.52228e-52
-2.3544e-52
7.73032e-50
-4.07118e-52
1.91296e-50
-1.0398e-52
4.73304e-51
-2.45021e-53
7.81756e-52
-4.06632e-54
1.2175e-52
-6.11496e-55
1.57971e-53
1.31197e-55
1.93178e-54
3.34162e-54
2.85798e-55
5.14439e-53
1.24098e-54
7.6852e-52
1.93278e-53
1.11293e-50
2.97902e-52
1.56548e-49
4.47275e-51
2.12615e-48
6.51066e-50
2.79911e-47
9.21676e-49
3.53842e-46
1.25981e-47
4.32749e-45
1.67253e-46
5.04073e-44
2.13193e-45
5.67288e-43
2.63897e-44
6.00294e-42
3.11439e-43
6.13902e-41
3.58933e-42
5.77027e-40
3.93901e-41
5.25761e-39
4.36444e-40
4.18715e-38
4.76343e-39
3.23359e-37
5.65869e-38
1.85811e-36
6.63875e-37
9.91039e-36
7.75274e-36
7.01387e-35
-5.00734e-37
-3.23167e-36
6.15687e-38
-1.50311e-36
-9.06141e-39
3.02931e-37
-7.99091e-39
6.5476e-38
-1.70737e-39
1.20802e-38
-3.26823e-40
1.5262e-39
-4.63634e-41
1.88386e-40
-6.22258e-42
2.01369e-41
-7.21938e-43
2.10429e-42
-7.98871e-44
2.01941e-43
-8.07091e-45
1.88271e-44
-7.80972e-46
1.65067e-45
-7.08091e-47
1.39873e-46
-6.17111e-48
9.76728e-48
-5.04857e-49
-7.52121e-49
-3.58857e-50
-6.04155e-49
1.17722e-50
-1.27236e-48
1.29746e-50
-1.3605e-50
-3.84193e-51
1.18917e-48
-6.65228e-51
2.92273e-49
-1.69017e-51
7.20097e-50
-3.97182e-52
1.18362e-50
-6.56936e-53
1.83757e-51
-1.00066e-53
2.37626e-52
-2.9333e-55
2.89239e-53
1.58689e-53
3.09885e-54
2.47097e-52
-6.10866e-55
3.71031e-51
-1.47919e-53
5.40222e-50
-2.28038e-52
7.64657e-49
-3.41611e-51
1.04545e-47
-4.96067e-50
1.38728e-46
-7.00283e-49
1.76847e-45
-9.54248e-48
2.18527e-44
-1.26169e-46
2.57326e-43
-1.59889e-45
2.93688e-42
-1.95584e-44
3.1535e-41
-2.24251e-43
3.29077e-40
-2.38016e-42
3.15747e-39
-2.00269e-41
2.96913e-38
-5.91158e-41
2.43903e-37
3.20216e-39
1.99281e-36
1.07695e-37
1.20606e-35
2.32713e-36
7.38206e-35
3.76804e-35
4.63492e-34
-4.9637e-36
-5.00585e-35
-2.55653e-36
-4.29411e-36
-4.80901e-37
3.74531e-38
-1.05974e-37
4.33165e-38
-1.58165e-38
9.93524e-39
-2.41034e-39
1.30784e-39
-3.0272e-40
1.63376e-40
-3.72203e-41
1.7445e-41
-4.07555e-42
1.81735e-42
-4.31453e-43
1.73682e-43
-4.21946e-44
1.61367e-44
-3.97887e-45
1.40632e-45
-3.53696e-46
1.1322e-46
-3.03297e-47
-1.41659e-47
-2.3796e-48
-2.38162e-47
-1.17626e-49
-9.9156e-48
2.22332e-49
-1.9127e-47
2.09298e-49
-2.04645e-49
-6.13228e-50
1.78295e-47
-1.06008e-49
4.34506e-48
-2.67606e-50
1.06487e-48
-6.26643e-51
1.73977e-49
-1.03201e-51
2.69015e-50
-1.5769e-52
3.4641e-51
-1.95354e-53
4.20468e-52
1.08309e-53
4.55767e-53
2.04872e-52
1.88379e-54
3.08304e-51
-4.44087e-53
4.49343e-50
-6.90887e-52
6.36745e-49
-1.03639e-50
8.71595e-48
-1.50708e-49
1.15817e-46
-2.13093e-48
1.47849e-45
-2.9088e-47
1.83009e-44
-3.85457e-46
2.15877e-43
-4.89914e-45
2.46933e-42
-6.02601e-44
2.65729e-41
-6.99591e-43
2.7815e-40
-7.69358e-42
2.67653e-39
-7.32444e-41
2.52849e-38
-5.11169e-40
2.08546e-37
1.55657e-39
1.71765e-36
1.48172e-37
1.04623e-35
3.73118e-36
6.5239e-35
6.35002e-35
8.1109e-34
-1.02117e-34
-5.23206e-35
-5.32152e-36
-5.07335e-36
-4.2202e-36
-7.96426e-37
-8.53157e-37
-8.97644e-38
-1.12301e-37
-1.19566e-38
-1.61924e-38
-1.35302e-39
-1.91332e-39
-1.5983e-40
-2.27183e-40
-1.68085e-41
-2.40134e-41
-1.74614e-42
-2.48274e-42
-1.66747e-43
-2.37271e-43
-1.54835e-44
-2.19963e-44
-1.4077e-45
-1.92541e-45
-2.03671e-46
-1.63039e-46
-3.49881e-46
-1.16372e-47
-3.52081e-46
1.63346e-49
-1.41754e-46
3.5573e-48
-2.74088e-46
3.22042e-48
-2.87527e-48
-9.44223e-49
2.55718e-46
-1.62624e-48
6.18018e-47
-4.07824e-49
1.50479e-47
-9.50926e-50
2.44267e-48
-1.55876e-50
3.75911e-49
-2.375e-51
4.81825e-50
-3.06583e-52
5.82872e-51
-5.01621e-53
6.32131e-52
-2.09151e-52
6.40778e-53
-3.08352e-51
-8.63561e-54
-4.49351e-50
-2.27644e-52
-6.36755e-49
-3.41847e-51
-8.71607e-48
-4.96402e-50
-1.15819e-46
-7.00735e-49
-1.47851e-45
-9.54836e-48
-1.83011e-44
-1.26242e-46
-2.15879e-43
-1.59977e-45
-2.46935e-42
-1.95685e-44
-2.65731e-41
-2.24362e-43
-2.78151e-40
-2.3813e-42
-2.67655e-39
-2.00382e-41
-2.5285e-38
-5.92172e-41
-2.08547e-37
3.20129e-39
-1.71765e-36
1.07689e-37
-1.04623e-35
2.32709e-36
-6.5239e-35
3.76801e-35
4.6349e-34
-4.22621e-36
-3.87747e-36
-3.46055e-36
-2.37182e-36
-6.21058e-37
-6.38428e-37
-1.31036e-37
-8.76618e-38
-1.88377e-38
-1.32844e-38
-2.78735e-39
-1.58221e-39
-3.42628e-40
-1.90777e-40
-4.14298e-41
-2.02363e-41
-4.47883e-42
-2.10113e-42
-4.69355e-43
-1.96776e-43
-4.55623e-44
-1.77322e-44
-4.29964e-45
-2.24243e-45
-4.21767e-46
-1.34767e-45
-3.73661e-47
-4.75786e-45
1.97891e-47
-4.8978e-45
1.74573e-47
-1.95873e-45
5.42763e-47
-3.82965e-45
4.82303e-47
-3.91063e-47
-1.42006e-47
3.57795e-45
-2.43296e-47
8.55346e-46
-6.05067e-48
2.06592e-46
-1.40331e-48
3.32603e-47
-2.28678e-49
5.08803e-48
-3.47006e-50
6.4832e-49
-4.44976e-51
7.80889e-50
-5.50914e-52
8.43463e-51
-3.0511e-52
8.65974e-52
-3.71666e-51
1.0146e-52
-5.40284e-50
3.04168e-52
-7.64732e-49
4.45613e-51
-1.04555e-47
6.48648e-50
-1.3874e-46
9.18404e-49
-1.76861e-45
1.25553e-47
-2.18543e-44
1.66715e-46
-2.57344e-43
2.1254e-45
-2.93707e-42
2.63143e-44
-3.15368e-41
3.10601e-43
-3.29093e-40
3.5806e-42
-3.15761e-39
3.93025e-41
-2.96923e-38
4.35642e-40
-2.4391e-37
4.75634e-39
-1.99285e-36
5.65328e-38
-1.20607e-35
6.63477e-37
-7.38209e-35
7.7506e-36
7.01278e-35
-5.29762e-38
-1.15258e-36
-4.89704e-37
-2.42623e-37
-9.74179e-38
-8.1444e-38
-2.39955e-38
-1.30977e-38
-3.66642e-39
-2.13472e-39
-5.73343e-40
-2.70791e-40
-7.26955e-41
-3.39521e-41
-9.01431e-42
-3.71676e-42
-9.91196e-43
-2.92018e-43
-1.06298e-43
3.28576e-44
-1.10005e-44
1.09115e-44
-1.50891e-45
-7.97779e-45
-7.33981e-46
-1.57774e-44
-8.18315e-47
-6.26414e-44
3.19465e-46
-6.46028e-44
2.50221e-46
-2.56335e-44
7.74563e-46
-5.06444e-44
6.88665e-46
-5.02395e-46
-2.04134e-46
4.73847e-44
-3.47768e-46
1.12108e-44
-8.57685e-47
2.68082e-45
-1.97649e-47
4.27814e-46
-3.20052e-48
6.49814e-47
-4.83356e-49
8.2268e-48
-6.16881e-50
9.85944e-49
-7.39522e-51
1.06013e-49
-8.50229e-52
1.08322e-50
-8.53029e-52
1.0404e-51
-1.11771e-50
3.05844e-52
-1.57088e-49
3.20118e-51
-2.13319e-48
4.64244e-50
-2.80793e-47
6.56261e-49
-3.54905e-46
8.95534e-48
-4.3397e-45
1.1866e-46
-5.0542e-44
1.50887e-45
-5.68681e-43
1.86159e-44
-6.01674e-42
2.18534e-43
-6.15155e-41
2.49244e-42
-5.78111e-40
2.67116e-41
-5.2658e-39
2.80503e-40
-4.19304e-38
2.72241e-39
-3.23686e-37
2.65709e-38
-1.85983e-36
2.31618e-37
-9.91469e-36
2.06349e-36
1.36155e-35
7.43956e-38
3.16274e-36
-1.21106e-37
5.26933e-37
-2.40475e-38
4.90302e-38
-5.34642e-39
2.88343e-39
-7.79428e-40
3.05249e-41
-1.15212e-40
-1.74477e-41
-1.41319e-41
-5.86092e-42
-1.67004e-42
-6.79306e-43
-1.83288e-43
1.26255e-42
-3.36182e-44
9.1526e-43
-1.14229e-44
1.86131e-43
-7.62073e-45
-9.25432e-44
-9.05853e-45
-1.99284e-43
-1.02223e-45
-8.08101e-43
4.46677e-45
-8.33221e-43
3.45182e-45
-3.26915e-43
1.07782e-44
-6.55373e-43
9.59225e-45
-6.25784e-45
-2.87277e-45
6.14339e-43
-4.8551e-45
1.43241e-43
-1.18425e-45
3.38326e-44
-2.70729e-46
5.33692e-45
-4.34842e-47
8.0346e-46
-6.52784e-48
1.00875e-46
-8.28263e-49
1.20127e-47
-9.88158e-50
1.28407e-48
-1.06439e-50
1.30598e-49
-1.26526e-51
1.2328e-50
-2.71788e-51
1.13112e-51
-3.65424e-50
3.84307e-52
-4.92598e-49
4.31019e-51
-6.42667e-48
6.24699e-50
-8.04758e-47
8.67689e-49
-9.72235e-46
1.17921e-47
-1.11805e-44
1.51746e-46
-1.23672e-43
1.91838e-45
-1.285e-42
2.25983e-44
-1.28089e-41
2.63979e-43
-1.17106e-40
2.79905e-42
-1.02539e-39
3.00834e-41
-7.81663e-39
2.80931e-40
-5.68483e-38
2.79717e-39
-3.06768e-37
2.22373e-38
-1.52753e-36
2.05103e-37
1.1582e-36
4.69046e-37
5.07576e-36
-5.76931e-37
4.05063e-36
-9.07121e-38
3.34616e-37
-1.63901e-38
2.08392e-38
-1.99951e-39
9.87418e-40
-2.52849e-40
3.52416e-41
-2.68015e-41
-2.75858e-41
-2.47157e-42
-2.63235e-42
-2.79031e-43
1.58785e-41
-2.16404e-43
1.10605e-41
-1.26299e-43
2.2162e-42
-9.64189e-44
-1.10203e-42
-1.17851e-43
-2.3609e-42
-1.25766e-44
-9.70635e-42
5.89872e-44
-1.00022e-41
4.48953e-44
-3.8833e-42
1.41198e-43
-7.8917e-42
1.25727e-43
-7.22968e-44
-3.82689e-44
7.41214e-42
-6.40349e-44
1.70533e-42
-1.54492e-44
3.96488e-43
-3.4975e-45
6.17674e-44
-5.56885e-46
9.19915e-45
-8.30105e-47
1.14444e-45
-1.04658e-47
1.35279e-46
-1.24238e-48
1.43678e-47
-1.33083e-49
1.45387e-48
-1.36308e-50
1.3662e-49
-2.89185e-51
1.22722e-50
-2.22165e-50
8.49687e-52
-2.92894e-49
-2.63974e-51
-3.73564e-48
-3.66966e-50
-4.59957e-47
-4.82101e-49
-5.41584e-46
-6.04219e-48
-6.13442e-45
-7.40961e-47
-6.58183e-44
-8.55431e-46
-6.76679e-43
-9.74992e-45
-6.49062e-42
-1.02183e-43
-5.94188e-41
-1.07969e-42
-4.93919e-40
-1.00187e-41
-3.90611e-39
-9.80839e-41
-2.64873e-38
-7.57121e-40
-1.70891e-37
-6.76772e-39
-8.07469e-37
-3.33321e-38
-2.5267e-37
4.14888e-37
1.17171e-34
-5.07512e-37
7.13126e-36
-7.7798e-38
5.69574e-37
-1.38684e-38
3.42685e-38
-1.6715e-39
1.93906e-39
-2.15597e-40
1.50947e-40
-1.92091e-41
-3.18875e-40
2.97723e-42
-2.84798e-41
-1.99727e-43
1.89369e-40
-2.40978e-42
1.30961e-40
-1.52049e-42
2.59688e-41
-1.17628e-42
-1.19084e-41
-1.47078e-42
-2.72006e-41
-1.28809e-43
-1.14882e-40
7.67985e-43
-1.18328e-40
5.66734e-43
-4.51991e-41
1.79496e-42
-9.3797e-41
1.5978e-42
-8.11768e-43
-5.05423e-43
8.83274e-41
-8.29029e-43
1.99038e-41
-1.96911e-43
4.5386e-42
-4.40333e-44
6.9508e-43
-6.93043e-45
1.02137e-43
-1.02391e-45
1.25542e-44
-1.28027e-46
1.4702e-45
-1.51009e-47
1.5484e-46
-1.60805e-48
1.55655e-47
-1.63044e-49
1.45408e-48
-2.18221e-50
1.30173e-49
-9.08519e-50
1.13693e-50
-1.19051e-48
5.88974e-51
-1.52258e-47
6.84802e-50
-1.88671e-46
9.09597e-49
-2.23096e-45
1.16238e-47
-2.55389e-44
1.43925e-46
-2.75762e-43
1.69957e-45
-2.88742e-42
1.94352e-44
-2.79635e-41
2.09385e-43
-2.64739e-40
2.18862e-42
-2.23414e-39
2.1089e-41
-1.89187e-38
1.98526e-40
-1.31717e-37
1.64144e-39
-1.00043e-36
1.34247e-38
-4.99937e-36
8.25033e-38
5.07555e-37
-4.14428e-37
5.10807e-36
5.06894e-37
4.05681e-36
7.77383e-38
3.33832e-37
1.3922e-38
2.08599e-38
1.59553e-39
6.66712e-39
1.14225e-40
1.41322e-39
5.4489e-41
-3.40214e-39
6.51089e-41
-2.98678e-40
1.46402e-42
2.03811e-39
-2.6294e-41
1.40108e-39
-1.54911e-41
2.7247e-40
-1.14072e-41
-1.29366e-40
-1.52498e-41
-2.86177e-40
-2.12814e-43
-1.22936e-39
9.42726e-42
-1.26499e-39
6.50026e-42
-4.76251e-40
2.0415e-41
-1.00689e-39
1.80821e-41
-8.18462e-42
-6.33648e-42
9.50771e-40
-9.96921e-42
2.10455e-40
-2.33e-42
4.67551e-41
-5.12856e-43
7.02705e-42
-7.97028e-44
1.01519e-42
-1.16495e-44
1.2311e-43
-1.44343e-45
1.42577e-44
-1.69001e-46
1.48784e-45
-1.78821e-47
1.48459e-46
-1.79894e-48
1.37818e-47
-1.69789e-49
1.22739e-48
-3.26612e-50
1.03858e-49
-2.33175e-49
1.40919e-50
-2.94156e-48
7.85385e-50
-3.60837e-47
1.03366e-48
-4.22253e-46
1.3178e-47
-4.77e-45
1.62843e-46
-5.08154e-44
1.91782e-45
-5.22294e-43
2.18869e-44
-4.96699e-42
2.35044e-43
-4.57168e-41
2.45219e-42
-3.75952e-40
2.35322e-41
-3.03245e-39
2.21168e-40
-2.0307e-38
1.81734e-39
-1.39185e-37
1.48333e-38
-6.55188e-37
8.98745e-38
5.49008e-37
-4.65615e-37
3.46102e-36
5.71107e-37
5.78401e-37
9.02313e-38
3.49657e-38
1.69506e-38
1.898e-39
1.22951e-39
6.1947e-38
-7.67131e-40
1.48639e-38
4.0437e-40
-3.70887e-38
7.26087e-40
-3.1812e-39
5.05595e-41
2.20738e-38
-2.31717e-40
1.50397e-38
-9.26054e-41
2.87058e-39
-4.69982e-41
-1.21135e-39
-1.01957e-40
-2.95072e-39
4.21128e-41
-1.32001e-38
1.19559e-40
-1.35711e-38
6.89508e-41
-4.97909e-39
2.05863e-40
-1.08785e-38
1.78649e-40
-8.08106e-41
-8.38042e-41
1.03106e-38
-1.19448e-40
2.20948e-39
-2.7184e-41
4.75654e-40
-5.86079e-42
6.96098e-41
-8.94934e-43
9.84943e-42
-1.29043e-43
1.17311e-42
-1.5797e-44
1.34009e-43
-1.8323e-45
1.38161e-44
-1.92252e-46
1.3657e-45
-1.9212e-47
1.25725e-46
-1.78922e-48
1.11225e-47
-1.63325e-49
9.3207e-49
-6.41998e-50
7.64369e-50
-6.4051e-49
2.16097e-50
-7.78135e-48
2.08358e-49
-9.01388e-47
2.62872e-48
-1.0056e-45
3.21504e-47
-1.05409e-44
3.74535e-46
-1.06183e-43
4.21505e-45
-9.82552e-43
4.46084e-44
-8.73605e-42
4.56155e-43
-6.82436e-41
4.28821e-42
-5.15149e-40
3.90621e-41
-3.07299e-39
3.11172e-40
-1.81835e-38
2.40178e-39
-6.03672e-38
1.38135e-38
7.35981e-38
-6.29994e-38
6.12628e-37
7.02747e-38
4.32267e-38
1.83925e-38
-2.75625e-37
8.48438e-39
-3.41797e-38
-5.70713e-39
5.66257e-37
-7.85877e-39
1.35367e-37
3.61883e-39
-3.43186e-37
6.92009e-39
-2.91087e-38
1.69287e-39
2.03096e-37
3.88464e-41
1.37235e-37
1.79907e-39
2.53191e-38
2.29106e-39
-1.19512e-38
1.46296e-39
-2.63704e-38
1.85229e-39
-1.2054e-37
1.50589e-39
-1.23724e-37
5.16285e-40
-4.44283e-38
1.0461e-39
-9.97563e-38
7.59539e-40
-6.69758e-40
-1.13253e-39
9.49142e-38
-1.30008e-39
1.98246e-38
-2.86268e-40
4.0802e-39
-5.98886e-41
5.79359e-40
-8.96015e-42
7.9716e-41
-1.26977e-42
9.29937e-42
-1.53338e-43
1.04422e-42
-1.75883e-44
1.06216e-43
-1.82857e-45
1.03852e-44
-1.81376e-46
9.47598e-46
-1.67841e-47
8.32317e-47
-1.48913e-48
6.93297e-48
-1.32185e-49
5.57529e-49
-9.83294e-50
4.6175e-50
-1.06546e-48
4.61156e-50
-1.2222e-47
5.39402e-49
-1.34808e-46
6.54275e-48
-1.39512e-45
7.54766e-47
-1.38205e-44
8.39215e-46
-1.25438e-43
8.74552e-45
-1.08581e-42
8.77361e-44
-8.20675e-42
8.04093e-43
-5.89611e-41
7.10113e-42
-3.2737e-40
5.41866e-41
-1.72454e-39
3.9897e-40
-4.30836e-39
2.14302e-39
1.08887e-38
-5.521e-38
-2.02544e-38
-4.93528e-38
-5.47205e-37
-3.70536e-38
-2.81778e-36
-3.42143e-38
-3.79373e-37
-2.52421e-38
5.45618e-36
-1.20535e-38
1.28076e-36
2.74204e-38
-3.33376e-36
5.42206e-38
-2.6967e-37
4.77793e-38
1.95149e-36
6.42151e-38
1.29864e-36
8.97446e-38
2.30648e-37
9.46006e-38
-9.13702e-38
7.9796e-38
-2.3351e-37
5.52478e-38
-1.14312e-36
2.19135e-38
-1.17157e-36
3.69198e-40
-4.00961e-37
-1.7739e-38
-9.55931e-37
-2.07857e-38
-5.52449e-39
-1.79999e-38
9.14395e-37
-1.46906e-38
1.79975e-37
-3.04406e-39
3.5276e-38
-6.11085e-40
4.80106e-39
-8.87426e-41
6.4036e-40
-1.23056e-41
7.27244e-41
-1.45908e-42
8.008e-42
-1.6506e-43
8.00693e-43
-1.69534e-44
7.72787e-44
-1.66577e-45
6.97009e-45
-1.52854e-46
6.06674e-46
-1.3466e-47
5.01218e-47
-1.12621e-48
4.00233e-48
-1.02694e-49
3.06703e-49
-1.52158e-49
2.86743e-50
-1.65519e-48
7.62291e-50
-1.80913e-47
8.98297e-49
-1.85198e-46
1.02703e-47
-1.8101e-45
1.12932e-46
-1.6148e-44
1.16229e-45
-1.36804e-43
1.1472e-44
-1.00371e-42
1.03218e-43
-6.9442e-42
8.89109e-43
-3.61862e-41
6.59643e-42
-1.7471e-40
4.67808e-41
-3.1096e-40
2.4231e-40
1.18676e-39
-4.55415e-37
-5.26526e-37
-9.30586e-37
-3.6416e-36
-2.50658e-36
-1.92066e-35
-2.69256e-36
-2.7324e-36
7.59013e-37
3.71317e-35
1.66752e-36
8.6007e-36
-6.50352e-38
-2.28364e-35
-2.05573e-38
-1.8046e-36
1.13501e-36
1.32602e-35
2.08275e-36
8.70963e-36
2.45248e-36
1.44363e-36
2.49873e-36
-8.32288e-37
2.2395e-36
-1.53187e-36
1.32682e-36
-7.68666e-36
3.23512e-37
-7.85657e-36
-1.09508e-37
-2.59074e-36
-8.49616e-37
-6.46849e-36
-8.77354e-37
-3.1639e-38
-2.88453e-37
6.21955e-36
-1.45838e-37
1.17234e-36
-2.77181e-38
2.13267e-37
-5.20027e-39
2.76692e-38
-7.2698e-40
3.52795e-39
-9.77659e-41
3.88138e-40
-1.1342e-41
4.16334e-41
-1.26072e-42
4.08212e-42
-1.27735e-43
3.87814e-43
-1.24129e-44
3.455e-44
-1.12893e-45
2.97742e-45
-9.87402e-47
2.44028e-46
-8.20248e-48
1.93605e-47
-6.58595e-49
1.47374e-48
-6.63883e-50
1.0958e-49
-1.83443e-49
1.79563e-50
-1.94218e-48
1.23295e-49
-1.95956e-47
1.40268e-48
-1.87906e-46
1.54199e-47
-1.63414e-45
1.58996e-46
-1.33509e-44
1.57614e-45
-9.24342e-44
1.4349e-44
-5.80916e-43
1.26265e-43
-2.35444e-42
9.86236e-43
-4.83832e-42
7.65643e-42
7.70662e-41
5.07323e-41
3.75016e-40
-4.83853e-36
-3.35288e-36
-1.43344e-35
-2.38253e-35
-5.77759e-35
-1.45902e-34
-6.39198e-35
-2.4536e-35
2.35412e-35
2.83058e-34
4.44933e-35
6.29215e-35
-6.22513e-36
-1.76423e-34
-8.60901e-36
-1.20294e-35
2.18856e-35
1.00208e-34
4.34125e-35
6.36811e-35
4.8875e-35
9.51565e-36
4.925e-35
-4.48386e-36
4.50102e-35
-9.74152e-36
2.54533e-35
-5.67923e-35
4.83613e-36
-5.79002e-35
-2.63506e-36
-1.6852e-35
-1.89884e-35
-4.89004e-35
-1.92516e-35
-1.84117e-37
-4.51085e-36
4.73707e-35
-1.56567e-36
7.6698e-36
-2.63103e-37
-4.56903e-38
-6.06538e-39
-7.88331e-40
-8.89563e-41
-9.69501e-42
-9.65566e-43
-9.26227e-44
-8.32669e-45
-7.21642e-46
-5.94525e-47
-4.73198e-48
-3.62267e-49
-3.67058e-50
-7.86124e-50
-3.02671e-49
3.63174e-48
1.26255e-46
2.25809e-45
3.31148e-44
4.21516e-43
4.88154e-42
5.19891e-41
5.07258e-40
-3.73472e-35
-1.67959e-34
-9.43116e-34
-1.07509e-33
4.44231e-34
7.83857e-34
-1.50763e-34
-2.06565e-34
3.27668e-34
6.72654e-34
7.34466e-34
7.37203e-34
6.85378e-34
3.74915e-34
5.57834e-35
-3.93927e-35
-3.06532e-34
-3.08299e-34
-5.36529e-35
)
;

boundaryField
{
    leftWall
    {
        type            calculated;
        value           uniform 0;
    }
    rightWall
    {
        type            calculated;
        value           nonuniform 0();
    }
    lowerWall
    {
        type            calculated;
        value           uniform 0;
    }
    atmosphere
    {
        type            calculated;
        value           nonuniform 0();
    }
    defaultFaces
    {
        type            empty;
        value           nonuniform 0();
    }
    procBoundary0to1
    {
        type            processor;
        value           nonuniform List<scalar> 
44
(
-2.60167e-44
-2.75037e-43
-2.28896e-42
-1.80911e-41
-1.37221e-40
-9.73768e-40
-6.6249e-39
-4.03597e-38
-2.36605e-37
-1.06004e-36
-8.55323e-36
3.3458e-36
2.10189e-35
1.20679e-36
-9.49323e-36
1.30216e-36
1.91754e-35
3.31743e-35
1.0147e-36
-3.30643e-35
-3.05843e-34
2.0353e-35
2.70795e-36
3.84175e-37
4.01751e-38
5.54916e-39
1.40011e-38
1.25028e-37
1.20205e-36
8.15555e-36
6.20702e-35
5.50042e-35
-5.50042e-35
-6.20706e-35
-8.16706e-36
-1.43734e-36
-3.71567e-36
-7.24099e-36
-3.59194e-36
-2.35409e-37
-1.15074e-38
-2.68192e-40
8.92067e-40
4.66697e-39
)
;
    }
    procBoundary0to2
    {
        type            processor;
        value           nonuniform List<scalar> 
46
(
1.32294e-36
1.61727e-37
1.99859e-38
2.12802e-39
2.23573e-40
2.14711e-41
2.01002e-42
1.76525e-43
1.50468e-44
1.22037e-45
9.60064e-47
7.24947e-48
5.31556e-49
3.88661e-50
1.79766e-50
1.81483e-49
2.07507e-48
2.2679e-47
2.42575e-46
2.47335e-45
2.50998e-44
2.43375e-43
2.40744e-42
2.27857e-41
2.23278e-40
-2.89056e-36
-2.06842e-35
-1.2925e-34
-2.21503e-35
2.50872e-34
5.54798e-35
-1.56611e-34
-1.04691e-35
8.8697e-35
5.58095e-35
3.97258e-36
-6.93561e-36
-1.27269e-35
-5.04774e-35
-5.11237e-35
-1.46231e-35
-4.32981e-35
-1.57403e-37
4.19801e-35
-1.22156e-35
6.65962e-36
)
;
    }
}


// ************************************************************************* //
