/*--------------------------------*- C++ -*----------------------------------*\
| =========                 |                                                 |
| \\      /  F ield         | OpenFOAM: The Open Source CFD Toolbox           |
|  \\    /   O peration     | Version:  2.4.0                                 |
|   \\  /    A nd           | Web:      www.OpenFOAM.org                      |
|    \\/     M anipulation  |                                                 |
\*---------------------------------------------------------------------------*/
FoamFile
{
    version     2.0;
    format      ascii;
    class       surfaceScalarField;
    location    "1";
    object      phi;
}
// * * * * * * * * * * * * * * * * * * * * * * * * * * * * * * * * * * * * * //

dimensions      [0 3 -1 0 0 0 0];

internalField   nonuniform List<scalar> 
3731
(
5.25191e-43
-4.63216e-41
-9.58564e-42
4.31383e-42
-2.99625e-40
-6.20887e-41
2.81376e-41
-1.83328e-39
-3.80066e-40
1.7415e-40
-1.06068e-38
-2.20231e-39
1.02309e-39
-5.83775e-38
-1.21203e-38
5.61778e-39
-2.98462e-37
-6.21487e-38
2.89844e-38
-1.45866e-36
-3.02024e-37
1.34284e-37
-6.30693e-36
-1.31382e-36
5.77487e-37
-2.76658e-35
-5.52561e-36
1.89082e-36
-8.67317e-35
-1.7876e-35
-4.21877e-39
-1.23747e-40
-2.14608e-38
-6.32048e-40
-3.23207e-38
-3.81099e-39
-5.64413e-37
-2.74763e-39
1.00527e-44
7.33289e-39
5.64413e-37
7.33289e-39
3.23214e-38
-2.7476e-39
2.14698e-38
-3.81074e-39
4.25602e-39
-6.30891e-40
5.81625e-40
-1.22804e-40
8.68325e-41
-1.7872e-41
9.6979e-42
-2.6491e-42
-9.70016e-42
-6.66418e-43
-8.68517e-41
-2.64962e-42
-5.81793e-40
-1.78767e-41
-4.25746e-39
-1.22846e-40
-2.14811e-38
-6.31229e-40
-3.24099e-38
-3.81339e-39
-5.65006e-37
-2.76581e-39
-4.34446e-39
7.20744e-39
5.4235e-37
6.6838e-39
-4.34446e-39
-6.6838e-39
-5.65006e-37
-7.20744e-39
-3.24099e-38
2.76581e-39
-2.14811e-38
3.81339e-39
-4.25763e-39
6.31224e-40
-5.83251e-40
1.22804e-40
-9.8287e-41
1.75346e-41
-9.93938e-41
-3.64323e-44
-5.92913e-40
-1.78303e-41
-4.33334e-39
-1.25074e-40
-2.19743e-38
-6.46442e-40
-3.6073e-38
-3.91799e-39
-5.82131e-37
-3.27124e-39
-1.46033e-38
4.04579e-39
1.46017e-38
7.87235e-39
5.82121e-37
4.04547e-39
3.59818e-38
-3.27411e-39
2.15129e-38
-3.93442e-39
-6.89025e-40
-1.83844e-39
1.55645e-40
-8.75539e-39
1.11777e-39
-4.48363e-38
6.19401e-39
-6.96156e-38
4.27575e-39
7.33235e-45
-1.18148e-38
6.96157e-38
-1.18148e-38
4.48369e-38
4.27573e-39
8.76095e-39
6.19392e-39
1.86577e-39
1.1196e-39
2.95943e-40
1.9544e-40
4.66265e-41
2.62348e-41
5.55533e-42
3.46221e-42
-5.55681e-42
7.9858e-43
-4.66388e-41
3.46271e-42
-2.96048e-40
2.62397e-41
-1.86663e-39
1.95486e-40
-8.76746e-39
1.12e-39
-4.48844e-38
6.19739e-39
-6.99181e-38
4.30237e-39
-1.91336e-39
-1.16159e-38
6.05522e-38
-1.06686e-38
-1.91336e-39
1.06686e-38
-6.99181e-38
1.16159e-38
-4.48844e-38
-4.30237e-39
-8.76748e-39
-6.19739e-39
-1.86673e-39
-1.11999e-39
-2.96921e-40
-1.95439e-40
-5.32404e-41
-2.58312e-41
-5.38948e-41
4.04701e-44
-3.02454e-40
2.61889e-41
-1.90695e-39
1.98453e-40
-9.01584e-39
1.14276e-39
-4.64478e-38
6.36619e-39
-7.67657e-38
5.22306e-39
-3.76869e-38
-6.56819e-39
3.76859e-38
-1.27856e-38
7.67593e-38
-6.5679e-39
4.63966e-38
5.22445e-39
8.74951e-39
6.35438e-39
8.31441e-40
-5.46468e-40
7.45247e-41
-2.13033e-39
4.97822e-40
-8.49144e-39
2.25765e-39
-1.23891e-38
1.4125e-39
1.89054e-45
-4.27912e-39
1.23892e-38
-4.27912e-39
8.49156e-39
1.41249e-39
2.13168e-39
2.25759e-39
5.52413e-40
4.98697e-40
9.93089e-41
9.43968e-41
1.71475e-41
1.3785e-41
2.16588e-42
1.92128e-42
-2.16656e-42
4.66075e-43
-1.7153e-41
1.9216e-42
-9.93538e-41
1.3788e-41
-5.5277e-40
9.44247e-41
-2.13424e-39
4.98933e-40
-8.50911e-39
2.25952e-39
-1.2491e-38
1.42651e-39
-5.69962e-40
-4.1828e-39
1.01556e-38
-3.7664e-39
-5.69962e-40
3.7664e-39
-1.2491e-38
4.1828e-39
-8.50911e-39
-1.42651e-39
-2.13425e-39
-2.25952e-39
-5.52815e-40
-4.9893e-40
-9.97151e-41
-9.43966e-41
-1.97539e-41
-1.35492e-41
-2.00211e-41
2.44317e-44
-1.01871e-40
1.37571e-41
-5.67444e-40
9.60545e-41
-2.21601e-39
5.10791e-40
-8.95965e-39
2.33989e-39
-1.40528e-38
1.82889e-39
-6.828e-39
-2.43792e-39
6.82773e-39
-4.7078e-39
1.40512e-38
-2.43776e-39
8.94814e-39
1.82964e-39
2.15505e-39
2.33472e-39
3.69416e-40
-1.18977e-40
2.58981e-41
-3.8174e-40
1.63083e-40
-1.24159e-39
6.82949e-40
-1.71838e-39
4.08729e-40
2.76947e-46
-1.29422e-39
1.71838e-39
-1.29422e-39
1.2416e-39
4.08726e-40
3.81928e-40
6.82944e-40
1.1969e-40
1.63485e-40
2.41457e-41
3.31095e-41
4.5107e-42
5.11375e-42
5.9943e-43
7.47483e-43
-5.99642e-43
1.88247e-43
-4.51236e-42
7.47623e-43
-2.41592e-41
5.11506e-42
-1.19794e-40
3.31211e-41
-3.82643e-40
1.63581e-40
-1.24623e-39
6.83692e-40
-1.74325e-39
4.13934e-40
-1.24318e-40
-1.26036e-39
1.31159e-39
-1.12553e-39
-1.24318e-40
1.12553e-39
-1.74325e-39
1.26036e-39
-1.24623e-39
-4.13934e-40
-3.82644e-40
-6.83692e-40
-1.19808e-40
-1.6358e-40
-2.42643e-41
-3.31094e-41
-5.23889e-42
-5.01848e-42
-5.31569e-42
1.01474e-44
-2.48606e-41
5.10215e-42
-1.23617e-40
3.37501e-41
-4.02164e-40
1.67944e-40
-1.34106e-39
7.11593e-40
-2.00086e-39
5.43563e-40
-9.59132e-40
-7.46112e-40
9.59088e-40
-1.4336e-39
2.00065e-39
-7.46071e-40
1.33961e-39
5.437e-40
3.93374e-40
7.09202e-40
1.19795e-40
-2.29765e-41
6.71037e-42
-5.7673e-41
4.05225e-41
-1.41126e-40
1.59036e-40
-1.80383e-40
9.13948e-41
-7.23836e-48
-3.01438e-40
1.80383e-40
-3.01438e-40
1.41123e-40
9.13952e-41
5.76718e-41
1.59041e-40
2.29147e-41
4.0667e-41
5.14549e-42
8.68687e-42
1.0349e-42
1.40623e-42
1.43611e-43
2.13606e-43
-1.43668e-43
5.54813e-44
-1.03534e-42
2.13651e-43
-5.14896e-42
1.40664e-42
-2.29407e-41
8.69038e-42
-5.78444e-41
4.06951e-41
-1.42187e-40
1.59255e-40
-1.85701e-40
9.28291e-41
-2.3979e-41
-2.92538e-40
1.17392e-40
-2.59337e-40
-2.39791e-41
2.59337e-40
-1.85701e-40
2.92538e-40
-1.42187e-40
-9.28291e-41
-5.78449e-41
-1.59255e-40
-2.29442e-41
-4.06947e-41
-5.17528e-42
-8.68683e-42
-1.21091e-42
-1.37814e-42
-1.22994e-42
3.05817e-45
-5.31807e-42
1.40273e-42
-2.38099e-41
8.86887e-42
-6.19265e-41
4.18869e-41
-1.59783e-40
1.66508e-40
-2.19394e-40
1.24596e-40
-1.02112e-40
-1.75597e-40
1.02109e-40
-3.35882e-40
2.19397e-40
-1.7559e-40
1.59821e-40
1.24596e-40
6.15276e-41
1.65713e-40
2.93628e-41
-4.03998e-42
1.45926e-42
-7.82183e-42
8.7862e-42
-1.19038e-41
3.33688e-41
-1.24664e-41
1.86651e-41
1.84217e-47
-6.33605e-41
1.24664e-41
-6.33601e-41
1.1903e-41
1.86683e-41
7.81523e-42
3.33889e-41
3.99188e-42
8.91556e-42
9.82665e-43
1.99263e-42
2.09917e-43
3.35074e-43
3.01802e-44
5.26096e-44
-3.01933e-44
1.40211e-44
-2.10017e-43
5.26214e-44
-9.83439e-43
3.3518e-43
-3.99753e-42
1.99354e-42
-7.85173e-42
8.92267e-42
-1.21193e-41
3.34415e-41
-1.34857e-41
1.90104e-41
-4.20822e-42
-6.13149e-41
3.63193e-42
-5.41025e-41
-4.20822e-42
5.41025e-41
-1.34857e-41
6.13149e-41
-1.21193e-41
-1.90104e-41
-7.85183e-42
-3.34415e-41
-3.99831e-42
-8.92257e-42
-9.89177e-43
-1.99262e-42
-2.47188e-43
-3.2797e-43
-2.51301e-43
7.8776e-46
-1.01917e-42
3.34167e-43
-4.17248e-42
2.03723e-42
-8.61826e-42
9.20491e-42
-1.5092e-41
3.5092e-41
-1.70927e-41
2.58807e-41
-7.2767e-42
-3.71836e-41
7.27745e-42
-7.08681e-41
1.71023e-41
-3.71833e-41
1.51588e-41
2.58714e-41
8.78249e-42
3.48672e-41
6.33999e-42
-6.32621e-43
7.21421e-44
-1.00848e-42
1.11888e-42
-4.67881e-43
6.19451e-42
1.36964e-43
3.42669e-42
2.4743e-46
-1.1992e-41
-1.35467e-43
-1.19901e-41
4.75426e-43
3.44455e-42
1.02214e-42
6.3102e-42
6.65958e-43
1.74655e-42
1.76045e-43
4.05256e-43
3.94199e-44
7.036e-44
5.82639e-45
1.13571e-44
-5.82913e-45
3.09337e-45
-3.94404e-44
1.13598e-44
-1.76202e-43
7.03842e-44
-6.67082e-43
4.05459e-43
-1.02923e-42
1.74812e-42
-5.16121e-43
6.32156e-42
-4.76517e-44
3.51648e-42
-7.06659e-43
-1.15732e-41
-1.34079e-42
-1.01714e-41
-7.06659e-43
1.01714e-41
-4.7652e-44
1.15732e-41
-5.16123e-43
-3.51648e-42
-1.02925e-42
-6.32156e-42
-6.67241e-43
-1.7481e-42
-1.77343e-43
-4.05253e-43
-4.66617e-44
-6.87922e-44
-4.74739e-44
1.7662e-46
-1.83132e-43
7.01563e-44
-6.99727e-43
4.14841e-43
-1.16461e-42
1.80708e-42
-9.98932e-43
6.65491e-42
-3.63129e-43
4.84642e-42
2.32409e-44
-7.08149e-42
-2.28559e-44
-1.34536e-41
3.66395e-43
-7.08169e-42
1.02022e-42
4.84268e-42
1.23013e-42
6.60119e-42
1.22419e-42
6.67112e-43
-4.3212e-42
6.05641e-44
-3.35152e-42
1.37202e-43
4.94744e-43
2.49066e-43
5.1264e-43
1.60292e-45
-2.13479e-42
-2.38309e-43
-2.12607e-42
-7.40493e-44
5.98169e-43
1.34225e-43
1.11684e-42
1.06654e-43
3.17762e-43
2.96976e-44
7.60471e-44
6.8879e-45
1.35517e-44
1.04031e-45
2.23837e-45
-1.04083e-45
6.20785e-46
-6.89176e-45
2.23894e-45
-2.97268e-44
1.35567e-44
-1.06859e-43
7.60887e-44
-1.35493e-43
3.18078e-43
6.69507e-44
1.11909e-42
2.07538e-43
6.12134e-43
-1.13776e-43
-2.04675e-42
-4.03706e-43
-1.79341e-42
-1.13776e-43
1.79341e-42
2.07538e-43
2.04675e-42
6.69503e-44
-6.12133e-43
-1.35497e-43
-1.11909e-42
-1.06888e-43
-3.18073e-43
-2.99357e-44
-7.60467e-44
-8.1879e-45
-1.32369e-44
-8.33556e-45
3.59279e-47
-3.09689e-44
1.35101e-44
-1.12533e-43
7.79292e-44
-1.58077e-43
3.29381e-43
-8.73071e-45
1.18127e-42
1.87093e-43
8.51611e-43
1.25502e-43
-1.26152e-42
-1.25397e-43
-2.39028e-42
-1.86316e-43
-1.26161e-42
1.35697e-44
8.50579e-43
1.73753e-43
1.16982e-42
2.19779e-43
1.11599e-41
1.52024e-41
1.88929e-42
-1.84026e-41
4.98803e-43
-2.78387e-42
1.2457e-43
-2.55832e-43
9.42078e-45
-3.90781e-43
-5.45264e-44
-3.57157e-43
-2.44811e-44
9.74174e-44
1.81223e-44
1.85519e-43
1.65412e-44
5.40279e-44
4.77501e-45
1.32602e-44
1.13676e-45
2.41436e-45
1.74597e-46
4.06418e-46
-1.74688e-46
1.14426e-46
-1.13743e-45
4.06528e-46
-4.77996e-45
2.41533e-45
-1.65751e-44
1.32681e-44
-1.83241e-44
5.40887e-44
2.3426e-44
1.85956e-43
5.06397e-44
1.00234e-43
-1.77169e-44
-3.39815e-43
-7.87291e-44
-2.96979e-43
-1.77169e-44
2.96979e-43
5.06397e-44
3.39815e-43
2.34259e-44
-1.00234e-43
-1.83248e-44
-1.85956e-43
-1.65803e-44
-5.40878e-44
-4.81574e-45
-1.32603e-44
-1.35591e-45
-2.35635e-45
-1.38106e-45
6.69767e-48
-4.98908e-45
2.40663e-45
-1.75077e-44
1.3601e-44
-2.19234e-44
5.60947e-44
1.18756e-44
1.96745e-43
5.0247e-44
1.40598e-43
2.99879e-44
-2.10767e-43
-2.99652e-44
-3.98435e-43
-5.00913e-44
-2.1079e-43
-1.09394e-44
1.40366e-43
2.50108e-44
1.94538e-43
3.69348e-44
1.38658e-40
-2.3573e-40
2.03372e-41
-2.92499e-41
3.158e-42
-3.26556e-42
3.93457e-43
-3.27436e-43
4.52442e-44
-9.69484e-44
-4.84151e-45
-6.53997e-44
-4.17238e-45
1.65896e-44
2.53241e-45
3.24897e-44
2.47523e-45
9.63836e-45
7.32237e-46
2.41215e-45
1.77742e-46
4.4658e-46
2.76693e-47
7.62912e-47
-2.76815e-47
2.17349e-47
-1.77819e-46
7.63136e-47
-7.32659e-46
4.46781e-46
-2.47638e-45
2.41386e-45
-2.51803e-45
9.65195e-45
4.48702e-45
3.25948e-44
8.92854e-45
1.73657e-44
-2.65491e-45
-5.95251e-44
-1.29445e-44
-5.19154e-44
-2.65491e-45
5.19154e-44
8.92853e-45
5.95251e-44
4.48701e-45
-1.73657e-44
-2.51814e-45
-3.25948e-44
-2.47721e-45
-9.65176e-45
-7.38422e-46
-2.41235e-45
-2.12568e-46
-4.35572e-46
-2.166e-46
1.28358e-48
-7.65883e-46
4.4511e-46
-2.62167e-45
2.47615e-45
-3.0659e-45
1.00219e-44
2.78228e-45
3.45497e-44
9.09951e-45
2.45179e-44
5.26673e-45
-3.7105e-44
-5.26245e-45
-7.00149e-44
-9.07175e-45
-3.71105e-44
-2.62064e-45
2.44677e-44
3.6001e-45
3.41168e-44
6.52747e-45
1.36365e-35
-6.07407e-35
-1.01436e-34
1.5814e-35
-1.47618e-36
-2.51063e-33
-7.3514e-35
-3.71921e-36
1.48368e-35
2.84121e-33
1.13339e-34
-3.27904e-35
1.9877e-36
9.40278e-35
1.20799e-34
4.79889e-37
1.51096e-35
1.54905e-34
3.44272e-35
1.79826e-35
-3.1479e-36
2.67173e-34
5.93701e-35
-3.97314e-36
-3.33187e-35
5.26568e-34
2.65685e-34
-4.05643e-35
-5.45177e-35
4.8999e-33
5.99789e-34
-6.58928e-35
-1.62574e-36
5.18696e-33
6.09671e-34
-1.95821e-36
5.42997e-35
2.76622e-34
6.56226e-35
5.61363e-35
4.31186e-35
1.19043e-35
7.846e-36
1.90037e-36
1.34207e-36
3.51255e-37
1.79271e-37
4.73966e-37
1.6412e-38
3.38425e-36
-5.71928e-38
2.21562e-35
-4.60618e-37
1.54951e-34
-3.48049e-36
7.45095e-34
-1.99278e-35
1.16951e-33
-1.13128e-34
1.71009e-32
-9.62735e-35
1.16951e-33
9.62736e-35
7.45071e-34
1.13126e-34
1.54815e-34
1.98712e-35
2.13842e-35
2.58769e-36
2.72267e-36
-9.92153e-36
1.09055e-36
-1.55684e-34
8.26643e-37
-1.03755e-35
1.4238e-37
-8.91943e-37
2.52055e-38
-5.5539e-38
6.59877e-39
4.38835e-39
1.39195e-38
4.21118e-38
1.96282e-37
3.13779e-36
-1.07583e-35
6.42793e-37
-9.99909e-37
1.02245e-37
-7.51419e-38
-4.55483e-39
1.63777e-38
-9.6498e-37
-7.51819e-36
-1.9667e-37
-6.45581e-37
-3.21547e-38
-4.01213e-38
-1.25234e-39
-4.78483e-39
-5.79012e-36
1.19896e-35
-1.14911e-36
1.05792e-36
-1.82457e-37
6.8002e-38
2.30464e-39
-2.67632e-38
2.79918e-38
1.33061e-35
1.503e-38
1.23095e-36
4.23749e-39
8.80137e-38
4.52534e-39
1.24176e-39
4.05761e-36
5.32761e-36
8.48296e-37
6.99828e-37
1.39737e-37
8.62316e-38
1.02472e-38
2.24546e-38
-1.09519e-36
9.26827e-36
-2.53597e-37
1.22418e-36
-4.58264e-38
1.51362e-37
1.79481e-38
-7.81446e-39
-9.74663e-36
3.1795e-35
-2.09597e-36
3.22364e-36
-3.54893e-37
2.71818e-37
2.00197e-38
-5.78891e-38
-1.53351e-35
6.64917e-35
-3.2521e-36
6.14731e-36
-5.43199e-37
4.26406e-37
1.886e-38
-8.7867e-38
-4.48659e-37
6.7486e-35
-9.44286e-38
6.22732e-36
-1.56518e-38
4.29968e-37
1.86872e-38
-2.51884e-39
1.52658e-35
3.28623e-35
3.23729e-36
3.29984e-36
5.40714e-37
2.72847e-37
1.93253e-38
8.74709e-38
1.03638e-35
8.57645e-36
2.23071e-36
1.10663e-36
3.78023e-37
1.32752e-37
1.53126e-38
6.17152e-38
2.13013e-36
2.22849e-36
4.85808e-37
3.48647e-37
8.67417e-38
5.14451e-38
6.99374e-39
1.46573e-38
3.83237e-37
4.00681e-37
9.22536e-38
6.98775e-38
1.72128e-38
1.12951e-38
1.64587e-39
3.01843e-39
5.309e-38
8.41686e-38
1.32746e-38
1.70415e-38
2.54929e-39
3.0548e-39
4.9146e-40
4.58099e-40
-1.6954e-39
1.34667e-37
-1.03841e-39
3.41744e-38
-4.04774e-40
6.63674e-39
1.16897e-39
-9.48606e-41
-7.58426e-38
9.27711e-37
-2.41694e-38
2.26099e-37
-6.29225e-39
4.19349e-38
7.12634e-39
-1.29409e-39
-5.8456e-37
5.81319e-36
-1.80216e-37
1.29805e-36
-4.51308e-38
2.23514e-37
3.55862e-38
-8.9939e-39
-4.3451e-36
3.65877e-35
-1.26887e-36
7.24831e-36
-3.03821e-37
1.11523e-36
1.61407e-37
-5.81974e-38
-2.45136e-35
1.64026e-34
-6.78625e-36
2.60435e-35
-1.53569e-36
3.19413e-36
3.55711e-37
-2.8106e-37
-1.34428e-34
8.25614e-34
-3.24639e-35
1.02445e-34
-6.91874e-36
9.78723e-36
7.28779e-37
-1.20016e-36
-1.13743e-34
1.38636e-33
-2.6788e-35
1.65099e-34
-5.64739e-36
1.50425e-35
1.01011e-36
-9.69458e-37
1.13743e-34
8.25617e-34
2.67879e-35
1.02449e-34
5.64728e-36
9.78847e-36
7.29091e-37
9.69423e-37
1.34426e-34
1.64049e-34
3.24622e-35
2.60737e-35
6.91782e-36
3.20302e-36
3.57848e-37
1.19988e-36
2.44733e-35
3.67232e-35
6.76776e-36
7.41926e-36
1.5278e-36
1.16286e-36
1.72224e-37
2.78963e-37
3.75641e-36
6.58254e-36
1.06876e-36
2.23903e-36
2.37077e-37
4.51717e-37
8.43799e-38
4.25398e-38
-5.87639e-36
1.58131e-36
-1.48641e-36
1.02252e-36
-3.85024e-37
2.30292e-37
4.7113e-38
-7.86052e-38
-1.35894e-35
-5.29871e-37
-9.29108e-36
-7.64308e-37
-2.21514e-36
-1.81653e-37
-3.71979e-38
-4.08757e-37
-6.45207e-36
-7.53029e-37
-1.66347e-36
-9.35946e-37
-4.28564e-37
-2.24034e-37
-3.60332e-38
-8.65308e-38
-5.87106e-37
-1.32783e-37
-1.97459e-37
-1.65915e-37
-5.9141e-38
-2.42094e-38
8.20857e-38
-5.82561e-39
-3.53874e-38
-1.85014e-38
1.2646e-39
-1.07345e-39
6.10271e-38
1.47808e-37
6.51418e-37
1.12378e-37
3.23082e-38
1.97233e-38
1.48487e-37
1.35787e-37
5.81524e-37
7.89016e-37
3.49092e-36
1.31079e-36
2.34365e-37
9.36589e-38
1.11221e-36
5.95854e-37
4.89834e-36
3.56146e-36
1.66871e-35
1.42469e-35
1.17042e-36
6.16049e-36
3.13179e-35
1.18621e-34
2.1116e-39
-1.5212e-40
2.57306e-40
2.18316e-41
2.92096e-41
3.84213e-42
3.18261e-42
4.27416e-43
3.28866e-43
3.41594e-44
3.11519e-44
-2.35113e-45
2.32397e-45
1.81754e-45
6.48531e-46
3.03521e-45
4.04257e-46
9.12095e-46
1.16433e-46
2.33831e-46
2.83231e-47
4.41795e-47
4.44027e-48
7.70164e-48
-4.42677e-48
2.22961e-48
-2.81575e-47
7.70371e-48
-1.14363e-46
4.41943e-47
-3.79567e-46
2.33901e-46
-3.65821e-46
9.1186e-46
7.72267e-46
3.02291e-45
1.4824e-45
1.59278e-45
-4.07841e-46
-5.51872e-45
-2.08218e-45
-4.80415e-45
-4.07841e-46
4.80415e-45
1.4824e-45
5.51872e-45
7.72265e-46
-1.59278e-45
-3.6584e-46
-3.02291e-45
-3.79703e-46
-9.11841e-46
-1.15297e-46
-2.33744e-46
-3.37316e-47
-4.30434e-47
-3.43822e-47
1.33399e-49
-1.19688e-46
4.40199e-47
-4.02513e-46
2.4016e-46
-4.50896e-46
9.48293e-46
5.13321e-46
3.21136e-45
1.52989e-45
2.26206e-45
8.73772e-46
-3.45953e-45
-8.72984e-46
-6.51339e-45
-1.52494e-45
-3.4602e-45
-4.84757e-46
2.25635e-45
5.48269e-46
3.16642e-45
6.07094e-46
-5.33135e-40
1.36743e-40
-5.41754e-41
2.89524e-41
-4.7829e-42
3.48696e-42
-3.68371e-43
3.46391e-43
-2.22386e-44
3.04712e-44
-7.65739e-46
2.02232e-45
1.86574e-47
3.46769e-46
5.17865e-47
3.03968e-46
3.53454e-47
8.94969e-47
1.02429e-47
2.30269e-47
2.51013e-48
4.38724e-48
3.96828e-49
7.7063e-49
-3.9285e-49
2.24572e-49
-2.47235e-48
7.70789e-49
-9.88208e-48
4.38651e-48
-3.22796e-47
2.29862e-47
-3.02933e-47
8.86558e-47
6.83568e-47
2.90318e-46
1.29344e-46
1.51624e-46
-3.47626e-47
-5.29713e-46
-1.79867e-46
-4.60416e-46
-3.47626e-47
4.60416e-46
1.29344e-46
5.29713e-46
6.83566e-47
-1.51624e-46
-3.0295e-47
-2.90318e-46
-3.2292e-47
-8.86538e-47
-9.9663e-48
-2.29703e-47
-2.96914e-48
-4.27055e-48
-3.02756e-48
1.34993e-50
-1.03562e-47
4.36884e-48
-3.42883e-47
2.36114e-47
-3.76008e-47
9.22656e-47
4.65175e-47
3.08792e-46
1.34301e-46
2.16424e-46
7.63334e-47
-3.33204e-46
-7.62554e-47
-6.26586e-46
-1.33829e-46
-3.33281e-46
-4.38381e-47
2.15798e-46
4.66887e-47
3.04118e-46
5.86604e-47
-2.99043e-39
-2.14949e-40
-3.13412e-40
-4.67631e-41
-3.00462e-41
-5.75132e-42
-2.67201e-42
-5.8427e-43
-2.16911e-43
-5.44935e-44
-1.57227e-44
-4.79787e-45
-9.65672e-46
-3.81872e-46
-3.66093e-47
-5.84601e-48
3.53724e-48
5.50037e-48
1.28726e-48
1.89757e-48
2.8246e-49
3.87691e-49
4.24511e-50
7.0196e-50
-3.41816e-50
2.0817e-50
-2.18195e-49
7.09757e-50
-8.64671e-49
3.99596e-49
-2.79551e-48
2.06976e-48
-2.58762e-48
7.87644e-48
6.00431e-48
2.54746e-47
1.12844e-47
1.31924e-47
-3.01474e-48
-4.64618e-47
-1.56428e-47
-4.03254e-47
-3.01474e-48
4.03254e-47
1.12844e-47
4.64618e-47
6.00429e-48
-1.31924e-47
-2.58777e-48
-2.54745e-47
-2.79664e-48
-7.87625e-48
-8.72229e-49
-2.06827e-48
-2.62508e-49
-3.88819e-49
-2.67733e-49
1.26277e-51
-9.06876e-49
3.9794e-49
-2.97252e-48
2.12719e-48
-3.22486e-48
8.2045e-48
4.12321e-48
2.7133e-47
1.1755e-47
1.8919e-47
6.66841e-48
-2.9334e-47
-6.66089e-48
-5.50866e-47
-1.17106e-47
-2.93418e-47
-3.87518e-48
1.88571e-47
4.07091e-48
2.66917e-47
5.16723e-48
2.25387e-40
4.56371e-41
3.77943e-41
-1.98368e-41
5.39812e-42
-2.8678e-42
7.20492e-43
-2.83456e-43
8.76279e-44
-2.3732e-44
1.00843e-44
-1.74676e-45
1.08749e-45
-1.08637e-46
1.12251e-46
-3.06738e-48
1.12041e-47
6.19364e-49
1.10439e-48
2.08344e-49
1.11516e-49
4.01753e-50
1.10727e-50
6.92181e-51
-2.26462e-51
1.94166e-51
-1.82306e-50
6.38807e-51
-7.1789e-50
3.57153e-50
-2.29838e-49
1.83635e-49
-2.107e-49
6.93449e-49
4.9626e-49
2.22225e-48
9.28524e-49
1.14291e-48
-2.48206e-49
-4.05126e-48
-1.28631e-48
-3.51202e-48
-2.48206e-49
3.51202e-48
9.28524e-49
4.05126e-48
4.96258e-49
-1.14291e-48
-2.10713e-49
-2.22225e-48
-2.29934e-49
-6.93432e-49
-7.24362e-50
-1.835e-49
-2.20262e-50
-3.47404e-50
-2.24697e-50
1.14591e-52
-7.53583e-50
3.55644e-50
-2.44639e-49
1.88791e-49
-2.63426e-49
7.2273e-49
3.42423e-49
2.3691e-48
9.69699e-49
1.64552e-48
5.49543e-49
-2.56454e-48
-5.48866e-49
-4.81159e-48
-9.65799e-49
-2.5653e-48
-3.20971e-49
1.63962e-48
3.36348e-49
2.3284e-48
4.52673e-49
2.75597e-39
1.2648e-39
3.30141e-40
1.32705e-40
3.66551e-41
1.40327e-41
3.94075e-42
1.42903e-42
4.01403e-43
1.41684e-43
3.95336e-44
1.34677e-44
3.72923e-45
1.23974e-45
3.40575e-46
1.1009e-46
3.00021e-47
9.50512e-48
2.56662e-48
8.0123e-49
2.13302e-49
6.65302e-50
1.72731e-50
5.52787e-51
1.08736e-51
5.42429e-52
-1.39958e-51
5.71717e-52
-5.85032e-51
3.02132e-51
-1.86153e-50
1.54037e-50
-1.69473e-50
5.76734e-50
4.02822e-50
1.83149e-49
7.51322e-50
9.35676e-50
-2.01235e-50
-3.33764e-49
-1.04084e-49
-2.89009e-49
-2.01235e-50
2.89009e-49
7.51322e-50
3.33764e-49
4.02821e-50
-9.35676e-50
-1.69484e-50
-1.83148e-49
-1.86238e-50
-5.76719e-50
-5.91115e-51
-1.53919e-50
-1.80969e-51
-2.93579e-51
-1.84641e-51
9.85658e-54
-6.15211e-51
3.00631e-51
-1.9829e-50
1.58417e-50
-2.12395e-50
6.01449e-50
2.78718e-50
1.95442e-49
7.86114e-50
1.35223e-49
4.4524e-50
-2.11849e-49
-4.44652e-50
-3.97089e-49
-7.82785e-50
-2.11919e-49
-2.60654e-50
1.34697e-49
2.73906e-50
1.91912e-49
3.74375e-50
-1.01269e-39
2.19916e-39
-1.25445e-40
2.28219e-40
-1.43292e-41
2.3837e-41
-1.56809e-42
2.3975e-42
-1.61977e-43
2.34816e-43
-1.60798e-44
2.20575e-44
-1.52477e-45
2.00679e-45
-1.39444e-46
1.75929e-46
-1.22691e-47
1.49582e-47
-1.04435e-48
1.23152e-48
-8.59094e-50
9.86092e-50
-6.85488e-51
7.68275e-51
-5.52317e-52
5.90974e-52
-1.58301e-52
8.74947e-53
-4.61134e-52
2.51714e-52
-1.44595e-51
1.2616e-51
-1.30778e-51
4.6955e-51
3.13258e-51
1.48031e-50
5.82609e-51
7.52014e-51
-1.56436e-51
-2.6967e-50
-8.07304e-51
-2.33285e-50
-1.56436e-51
2.33285e-50
5.82609e-51
2.6967e-50
3.13257e-51
-7.52014e-51
-1.30785e-51
-1.48031e-50
-1.44638e-51
-4.69536e-51
-4.62421e-52
-1.26042e-51
-1.42529e-52
-2.41721e-52
-1.45444e-52
8.21465e-55
-4.81466e-52
2.47577e-52
-1.54106e-51
1.29761e-51
-1.64271e-51
4.89881e-51
2.17255e-51
1.58083e-50
6.10667e-51
1.09034e-50
3.45699e-51
-1.71528e-50
-3.45213e-51
-3.21279e-50
-6.07961e-51
-1.71589e-50
-2.02753e-51
1.0858e-50
2.13602e-51
1.5511e-50
3.036e-51
-7.20369e-39
1.32902e-39
-8.68497e-40
7.64311e-41
-9.69108e-41
5.03372e-42
-1.04296e-41
3.87561e-43
-1.06222e-42
3.34468e-44
-1.0436e-43
2.97201e-45
-9.81133e-45
2.63407e-46
-8.91654e-46
2.27343e-47
-7.80707e-47
1.91166e-48
-6.6245e-48
1.55906e-49
-5.44077e-49
1.23794e-50
-4.34114e-50
9.56547e-52
-3.36586e-51
7.26829e-53
-2.62915e-52
8.8124e-54
-5.3643e-53
2.00156e-53
-1.11106e-52
9.91004e-53
-9.88553e-53
3.66653e-52
2.38049e-52
1.14787e-51
4.41685e-52
5.79976e-52
-1.18867e-52
-2.09038e-51
-6.12184e-52
-1.80667e-51
-1.18867e-52
1.80667e-51
4.41686e-52
2.09038e-51
2.38054e-52
-5.79976e-52
-9.87687e-53
-1.14787e-51
-1.09818e-52
-3.66642e-52
-3.53171e-53
-9.89965e-53
-1.09404e-53
-1.90877e-53
-1.11654e-53
6.56741e-56
-3.6783e-53
1.95542e-53
-1.17072e-52
1.01945e-52
-1.24296e-52
3.82694e-52
1.65397e-52
1.2267e-51
4.6364e-52
8.43517e-52
2.62364e-52
-1.33236e-51
-2.61976e-52
-2.49379e-51
-4.61506e-52
-1.33287e-51
-1.54079e-52
8.39791e-52
1.62846e-52
1.20277e-51
2.36134e-52
-1.08469e-38
-5.80133e-40
-1.3004e-39
-2.16716e-40
-1.44349e-40
-3.00384e-41
-1.54727e-41
-3.30936e-42
-1.57002e-42
-3.3428e-43
-1.53786e-43
-3.17116e-44
-1.44183e-44
-2.89262e-45
-1.30728e-45
-2.53608e-46
-1.14218e-46
-2.15416e-47
-9.67383e-48
-1.77037e-48
-7.93182e-49
-1.41362e-49
-6.31935e-50
-1.09615e-50
-4.8907e-51
-8.27594e-52
-3.69233e-52
-6.05799e-53
-2.96332e-53
-2.85565e-54
-9.99201e-54
7.27482e-54
-7.3456e-54
2.79101e-53
1.74732e-53
8.69306e-53
3.23627e-53
4.37164e-53
-8.72905e-54
-1.58262e-52
-4.48677e-53
-1.36673e-52
-8.72901e-54
1.36673e-52
3.23633e-53
1.58262e-52
1.74824e-53
-4.37164e-53
-7.21073e-54
-8.69319e-53
-8.05859e-54
-2.79302e-53
-2.60617e-54
-7.57435e-54
-8.11214e-55
-1.46663e-54
-8.27993e-55
5.07866e-57
-2.71515e-54
1.50272e-54
-8.59548e-54
7.8016e-54
-9.09111e-54
2.91629e-53
1.21672e-53
9.29562e-53
3.40197e-53
6.37556e-53
1.9244e-53
-1.01045e-52
-1.92141e-53
-1.89018e-52
-3.38577e-53
-1.01086e-52
-1.13163e-53
6.34598e-53
1.19906e-53
9.10861e-53
1.7934e-53
-3.09359e-40
-6.55304e-40
-3.69487e-41
-2.27452e-40
-4.08682e-42
-3.13002e-41
-4.36818e-43
-3.44193e-42
-4.42067e-44
-3.4748e-43
-4.32048e-45
-3.29596e-44
-4.04236e-46
-3.00648e-45
-3.6586e-47
-2.63604e-46
-3.19128e-48
-2.23921e-47
-2.69893e-49
-1.84038e-48
-2.20993e-50
-1.46961e-49
-1.75852e-51
-1.13966e-50
-1.35947e-52
-8.60544e-52
-1.02825e-53
-6.3255e-53
-9.36261e-55
-4.42685e-54
-6.30779e-55
2.42813e-55
-5.18007e-55
2.03519e-54
1.25307e-54
6.36561e-54
2.31551e-54
3.1877e-54
-6.25775e-55
-1.15878e-53
-3.21092e-54
-9.99955e-54
-6.25771e-55
9.99963e-54
2.31552e-54
1.15883e-53
1.25332e-54
-3.1873e-54
-5.14299e-55
-6.36699e-54
-5.77359e-55
-2.05713e-54
-1.87607e-55
-5.6021e-55
-5.86196e-56
-1.08722e-55
-5.98357e-56
1.52331e-58
-1.95497e-55
1.1153e-55
-6.16095e-55
5.77085e-55
-6.49466e-55
2.14861e-54
8.73515e-55
6.81237e-54
2.43701e-54
4.66096e-54
1.37812e-54
-7.41083e-54
-1.37589e-54
-1.3855e-53
-2.42507e-54
-7.4135e-54
-8.11269e-55
4.63799e-54
8.6188e-55
6.67113e-54
1.31699e-54
1.07989e-38
1.16823e-39
1.29474e-39
5.54838e-41
1.43731e-40
2.63224e-42
1.54075e-41
1.36348e-43
1.5635e-42
8.3895e-45
1.53156e-43
5.93331e-46
1.43599e-44
4.54225e-47
1.30205e-45
3.50904e-48
1.13766e-46
2.68603e-49
9.63587e-48
2.00038e-50
7.90099e-49
1.45388e-51
6.29499e-50
1.02579e-52
4.87187e-51
7.05636e-54
3.67158e-52
4.73418e-55
2.69365e-53
3.86171e-56
1.88971e-54
4.13327e-56
9.92833e-56
1.44768e-55
9.654e-56
4.54398e-55
1.61554e-55
2.31809e-55
-4.35653e-56
-8.23873e-55
-2.23216e-55
-7.12972e-55
-4.35512e-56
7.14175e-55
1.60936e-55
8.31676e-55
8.72483e-56
-2.24152e-55
-3.56646e-56
-4.53423e-55
-4.01734e-56
-1.48779e-55
-1.31106e-56
-4.1141e-56
-4.14175e-57
-5.13071e-57
-4.19966e-57
-3.4606e-57
-1.36444e-56
7.00834e-57
-4.28682e-56
4.15702e-56
-4.5052e-56
1.5551e-55
6.08859e-56
4.90969e-55
1.69528e-55
3.35539e-55
9.588e-56
-5.33665e-55
-9.56801e-56
-9.92189e-55
-1.68751e-55
-5.26515e-55
-5.65125e-56
3.28003e-55
6.0173e-56
4.75652e-55
9.30728e-56
7.6864e-39
1.83379e-39
9.27334e-40
1.8775e-40
1.03541e-40
1.94648e-41
1.11492e-41
1.94962e-42
1.13606e-42
1.90409e-43
1.11662e-43
1.7845e-44
1.0502e-44
1.62006e-45
9.54764e-46
1.41718e-46
8.36244e-47
1.20215e-47
7.09797e-48
9.86966e-49
5.83139e-49
7.87428e-50
4.65417e-50
6.10152e-51
3.60779e-51
4.60401e-52
2.72292e-52
3.38306e-53
2.0012e-53
2.42153e-54
1.43203e-54
1.56657e-55
9.85379e-56
-2.64972e-56
1.36653e-56
2.01683e-56
1.14823e-56
9.09985e-56
-3.45385e-57
9.16666e-57
-1.52723e-56
-3.13718e-56
-2.61468e-57
4.8466e-56
1.09839e-56
1.08256e-55
5.55284e-57
2.6561e-56
-2.8336e-57
-4.82801e-57
-2.64044e-57
-2.63596e-56
-8.31059e-58
-1.55921e-56
-7.3715e-58
3.97699e-56
-3.14129e-58
-5.18176e-56
-5.47616e-58
-1.50868e-56
-2.51753e-57
2.75198e-57
-2.68818e-57
2.8306e-56
3.80026e-57
9.19349e-56
1.08022e-56
6.79168e-56
6.75478e-57
-8.84235e-56
-6.12871e-57
-8.65002e-56
-1.19581e-56
2.32381e-56
-4.11356e-57
-2.38088e-56
4.452e-57
1.42757e-56
-1.19889e-56
1.88476e-39
9.441e-40
2.32532e-40
1.03241e-40
2.6488e-41
1.10621e-41
2.89618e-42
1.12677e-42
2.99162e-43
1.11066e-43
2.97308e-44
1.04753e-44
2.82393e-45
9.55492e-46
2.58866e-46
8.39246e-47
2.28422e-47
7.14379e-48
1.95128e-48
5.88364e-49
1.61237e-49
4.70728e-50
1.29341e-50
3.65691e-51
1.00723e-51
2.76576e-52
7.63295e-53
2.03535e-53
5.6271e-54
1.39546e-54
4.02213e-55
-1.36832e-55
3.68753e-56
-7.25825e-55
1.60237e-56
-1.83399e-55
2.35781e-57
1.14065e-54
-8.52495e-57
1.00431e-54
-3.12178e-57
2.66404e-55
5.11991e-57
-3.07919e-56
1.83887e-57
7.21687e-55
-5.40485e-57
6.22184e-55
-6.78991e-57
3.98137e-55
1.10087e-57
-2.48998e-55
1.03299e-57
-2.05698e-55
-6.8225e-57
5.77937e-55
-3.75021e-58
-7.51446e-55
5.84713e-57
-2.25023e-55
6.05092e-57
1.33738e-57
5.60095e-57
2.65905e-55
-5.25004e-57
8.81063e-55
-1.07693e-56
6.78704e-55
3.99389e-57
-7.89746e-55
5.30865e-57
-2.87721e-55
-8.30094e-57
8.60682e-55
-4.11257e-57
-7.20712e-55
5.75716e-57
-2.77565e-55
-2.51727e-55
4.01295e-40
2.33181e-40
5.06912e-41
2.63947e-41
5.89052e-42
2.89318e-42
6.53894e-43
3.00086e-43
6.84139e-44
2.99903e-44
6.86865e-45
2.86313e-45
6.58091e-46
2.63808e-46
6.07577e-47
2.33849e-47
5.39406e-48
2.0064e-48
4.63143e-49
1.66451e-49
3.84386e-50
1.34026e-50
3.09493e-51
1.0473e-51
2.41781e-52
7.95827e-53
1.83527e-53
5.68964e-54
1.29702e-54
-5.68446e-55
5.58112e-56
-3.4984e-54
1.39902e-55
-1.08455e-53
2.1218e-55
-2.76216e-54
2.28983e-56
1.68432e-53
-1.3054e-55
1.48762e-53
-3.71096e-56
3.90091e-54
7.91551e-56
-7.61503e-55
2.05083e-56
9.86454e-54
-8.57328e-56
8.96478e-54
-1.02273e-55
5.83607e-54
1.7432e-56
-3.74719e-54
1.816e-56
-3.21522e-54
-9.89786e-56
8.06192e-54
-4.45693e-57
-1.06155e-53
8.85066e-56
-3.15074e-54
9.54618e-56
6.85376e-56
8.93667e-56
3.91335e-54
-8.6017e-56
1.29772e-53
-1.79843e-55
9.9793e-54
5.12665e-56
-1.17342e-53
8.60719e-56
-4.42302e-54
-1.12863e-55
1.2061e-53
-5.2998e-56
-1.08817e-53
8.35063e-56
-4.05115e-54
-3.30021e-54
6.21114e-41
7.45735e-41
7.95502e-42
9.02546e-42
9.33669e-43
1.03711e-42
1.04412e-43
1.12661e-43
1.09787e-44
1.16741e-44
1.1063e-45
1.15485e-45
1.06225e-46
1.09624e-46
9.82109e-48
1.00034e-47
8.72307e-49
8.80211e-49
7.48973e-50
7.48105e-50
6.21216e-51
6.15209e-51
4.99712e-52
4.90001e-52
3.89094e-53
3.73092e-53
2.65533e-54
-3.86921e-56
-7.12375e-55
-1.40302e-53
-6.23615e-55
-5.06796e-53
2.01203e-54
-1.56558e-52
3.20164e-54
-4.00534e-53
3.38269e-55
2.42957e-52
-1.99705e-54
2.14213e-52
-6.23738e-55
5.50227e-53
1.15134e-54
-1.46555e-53
3.57329e-55
1.31691e-52
-1.23792e-54
1.25811e-52
-1.54172e-54
8.30525e-53
2.28232e-55
-5.51573e-53
2.93607e-55
-4.89004e-53
-1.40299e-54
1.09471e-52
-5.18294e-56
-1.46138e-52
1.29487e-54
-4.29531e-53
1.4268e-54
1.71359e-54
1.34571e-54
5.63337e-53
-1.30935e-54
1.87015e-52
-2.74227e-54
1.43516e-52
7.17381e-55
-1.70692e-52
1.26207e-54
-6.718e-53
-1.6485e-54
1.64117e-52
-7.01118e-55
-1.59903e-52
1.24202e-54
-5.72159e-53
-4.15137e-53
-1.71101e-41
1.85625e-40
-2.56759e-42
2.36577e-41
-3.55268e-43
2.8052e-42
-4.44908e-44
3.15294e-43
-5.24191e-45
3.34758e-44
-5.76755e-46
3.39582e-45
-6.03723e-47
3.28801e-46
-5.99613e-48
3.06024e-47
-5.70803e-49
2.73698e-48
-5.20439e-50
2.36212e-49
-4.5719e-51
1.96464e-50
-3.87103e-52
1.57587e-51
-3.2839e-53
1.14374e-52
-6.96385e-54
-3.08946e-53
-1.39315e-53
-1.97896e-52
-9.48994e-54
-7.09022e-52
2.96605e-53
-2.20042e-51
4.72505e-53
-5.65712e-52
4.89047e-54
3.41272e-51
-2.98096e-53
3.00353e-51
-1.01357e-53
7.55167e-52
1.63179e-53
-2.57161e-52
5.9784e-54
1.70143e-51
-1.74022e-53
1.71847e-51
-2.26818e-53
1.15089e-51
2.84605e-54
-7.90261e-52
4.61075e-54
-7.21973e-52
-1.93265e-53
1.44227e-51
-5.38766e-55
-1.95474e-51
1.8465e-53
-5.6861e-52
2.08052e-53
3.40584e-53
1.97738e-53
7.8942e-52
-1.94418e-53
2.62448e-51
-4.07877e-53
2.0102e-51
9.74552e-54
-2.41782e-51
1.80387e-53
-9.90572e-52
-2.34838e-53
2.16785e-51
-8.87684e-54
-2.287e-51
1.80241e-53
-7.86349e-52
-4.97492e-52
-2.06449e-40
1.09776e-39
-2.90343e-41
1.36773e-40
-3.7822e-42
1.5937e-41
-4.54926e-43
1.7679e-42
-5.16566e-44
1.85689e-43
-5.52806e-45
1.86751e-44
-5.64256e-46
1.79493e-45
-5.4916e-47
1.66035e-46
-5.13249e-48
1.47608e-47
-4.6075e-49
1.26579e-48
-3.99023e-50
1.0424e-49
-3.33662e-51
8.21776e-51
-2.86337e-52
5.17458e-52
-8.50256e-53
-4.96359e-52
-1.99522e-52
-2.69181e-51
-1.3723e-52
-9.657e-51
4.26942e-52
-3.01306e-50
6.80575e-52
-7.78824e-51
6.89686e-53
4.67006e-50
-4.34149e-52
4.10236e-50
-1.59168e-52
1.00891e-50
2.25505e-52
-4.21318e-51
9.61483e-53
2.12856e-50
-2.38333e-52
2.2862e-50
-3.25689e-52
1.55395e-50
3.36056e-53
-1.10244e-50
7.03728e-53
-1.03507e-50
-2.58809e-52
1.84577e-50
-4.58474e-54
-2.5431e-50
2.56756e-52
-7.31421e-51
2.9605e-52
5.97815e-52
2.83582e-52
1.077e-50
-2.81704e-52
3.58778e-50
-5.91944e-52
2.7427e-50
1.28545e-52
-3.33662e-50
2.51548e-52
-1.41824e-50
-3.26294e-52
2.78303e-50
-1.06992e-52
-3.18473e-50
2.55236e-52
-1.05209e-50
-5.65083e-51
-1.39081e-39
5.21868e-39
-1.913e-40
6.26681e-40
-2.4443e-41
7.122e-41
-2.89623e-42
7.75455e-42
-3.24707e-43
8.0319e-43
-3.43913e-44
7.98758e-44
-3.4797e-45
7.60757e-45
-3.36188e-46
6.98235e-46
-3.12234e-47
6.15255e-47
-2.78727e-48
5.21076e-48
-2.40084e-49
4.17767e-49
-1.99733e-50
3.10737e-50
-1.83395e-51
7.80827e-52
-1.01668e-51
-6.96584e-51
-2.78537e-51
-3.548e-50
-1.93295e-51
-1.27681e-49
5.98306e-51
-4.00688e-49
9.54426e-51
-1.04167e-49
9.4645e-52
6.20606e-49
-6.15527e-51
5.44102e-49
-2.41605e-51
1.30778e-49
3.02953e-51
-6.51969e-50
1.48924e-51
2.56328e-49
-3.17009e-51
2.95198e-49
-4.55349e-51
2.03757e-49
3.6799e-52
-1.49294e-49
1.0423e-51
-1.4376e-49
-3.35599e-51
2.28296e-49
-2.04714e-53
-3.2039e-49
3.4714e-51
-9.1041e-50
4.1012e-51
9.65616e-51
3.96048e-51
1.4263e-49
-3.97341e-51
4.76311e-49
-8.36357e-51
3.63496e-49
1.63804e-51
-4.47142e-49
3.41233e-51
-1.96698e-49
-4.40915e-51
3.45582e-49
-1.20873e-51
-4.30492e-49
3.51754e-51
-1.36567e-49
-5.96302e-50
-8.68998e-39
2.19585e-38
-1.16371e-39
2.50872e-39
-1.45483e-40
2.7588e-40
-1.69385e-41
2.93891e-41
-1.87192e-42
2.99467e-42
-1.95902e-43
2.94089e-43
-1.96234e-44
2.77155e-44
-1.8797e-45
2.51945e-45
-1.73288e-46
2.18199e-46
-1.53589e-47
1.78583e-47
-1.31274e-48
1.29562e-48
-1.08334e-49
7.18857e-50
-1.16967e-50
-1.52462e-50
-1.27816e-50
-9.05352e-50
-3.79815e-50
-4.53754e-49
-2.65463e-50
-1.64022e-48
8.16755e-50
-5.18129e-48
1.304e-49
-1.35564e-48
1.26458e-50
8.01882e-48
-8.49991e-50
7.01577e-48
-3.54708e-50
1.64657e-48
3.96187e-50
-9.5986e-49
2.22462e-50
2.97619e-48
-4.09997e-50
3.7056e-48
-6.20291e-50
2.59843e-48
3.64858e-51
-1.96474e-48
1.49904e-50
-1.93589e-48
-4.21877e-50
2.73638e-48
2.99923e-52
-3.91786e-48
4.56824e-50
-1.09847e-48
5.53449e-50
1.45784e-49
5.38908e-50
1.8349e-48
-5.45956e-50
6.14757e-48
-1.15098e-49
4.68317e-48
2.02036e-50
-5.82686e-48
4.50915e-50
-2.64467e-48
-5.80155e-50
4.16192e-48
-1.26012e-50
-5.65471e-48
4.72226e-50
-1.72184e-48
-5.73781e-49
-4.01636e-38
3.79795e-38
-5.21196e-39
3.64867e-39
-6.34507e-40
3.63926e-40
-7.23962e-41
3.69581e-41
-7.86781e-42
3.68126e-42
-8.1248e-43
3.57446e-43
-8.04864e-44
3.34788e-44
-7.63975e-45
3.00089e-45
-6.98648e-46
2.26474e-46
-6.13372e-47
1.07004e-47
-5.16853e-48
-1.26569e-48
-4.19159e-49
-4.88672e-49
-7.27509e-50
-2.92539e-49
-1.62255e-49
-1.12044e-48
-5.03423e-49
-5.60714e-48
-3.54134e-49
-2.03798e-47
1.08241e-48
-6.48372e-47
1.72974e-48
-1.70802e-47
1.63927e-49
1.0026e-46
-1.13945e-48
8.7531e-47
-5.03106e-49
2.0037e-47
5.02085e-49
-1.3473e-47
3.20422e-49
3.29909e-47
-5.13165e-49
4.49824e-47
-8.20415e-49
3.20659e-47
3.00801e-50
-2.50127e-47
2.08794e-49
-2.51795e-47
-5.10975e-49
3.15285e-47
1.15412e-50
-4.61852e-47
5.82663e-49
-1.27651e-47
7.25037e-49
2.07866e-48
7.12152e-49
2.28305e-47
-7.28138e-49
7.67828e-47
-1.53777e-48
5.84089e-47
2.39221e-49
-7.34739e-47
5.77885e-49
-3.43407e-47
-7.40115e-49
4.82479e-47
-1.15207e-49
-7.18496e-47
6.15133e-49
-2.09777e-47
-4.68126e-48
-1.65449e-37
3.69674e-38
-2.08245e-38
3.12384e-40
-2.47817e-39
-1.6324e-40
-2.77253e-40
-2.61639e-41
-2.96627e-41
-3.006e-42
-3.02142e-42
-3.06521e-43
-2.95923e-43
-2.88858e-44
-2.78088e-44
-3.00838e-45
-2.51784e-45
-6.97521e-46
-2.16847e-46
-1.6084e-46
-1.75446e-47
-3.87491e-47
-1.3416e-48
-7.67415e-48
-6.06629e-49
-3.60325e-48
-2.05453e-48
-1.33281e-47
-6.49274e-48
-6.70844e-47
-4.5974e-48
-2.45443e-46
1.39463e-47
-7.87326e-46
2.23116e-47
-2.09023e-46
2.06475e-48
1.21631e-45
-1.48493e-47
1.05942e-45
-6.89834e-48
2.3626e-46
6.18358e-48
-1.81029e-46
4.45435e-48
3.50463e-46
-6.23224e-48
5.2986e-46
-1.05529e-47
3.84125e-46
1.59007e-49
-3.08807e-46
2.82021e-48
-3.1694e-46
-5.97978e-48
3.51201e-46
2.42248e-49
-5.27383e-46
7.21942e-48
-1.43421e-46
9.23488e-48
2.80954e-47
9.15199e-48
2.7526e-46
-9.44202e-48
9.30341e-46
-1.99725e-47
7.06613e-46
2.73139e-48
-8.99127e-46
7.20335e-48
-4.31439e-46
-9.17842e-48
5.41446e-46
-8.31759e-49
-8.85289e-46
7.79103e-48
-2.47603e-46
-2.7176e-47
-1.32768e-37
3.33475e-38
-1.66109e-38
-2.6734e-39
-1.96807e-39
-6.17683e-40
-2.19305e-40
-7.9954e-41
-2.3388e-41
-8.67021e-42
-2.37546e-42
-8.58717e-43
-2.32255e-43
-7.66107e-44
-2.18226e-44
-1.12661e-44
-1.91837e-45
-6.04412e-45
-1.24555e-46
-1.68537e-45
-2.55394e-49
-4.30884e-46
1.19238e-48
-8.63862e-47
-6.0666e-48
-4.0799e-47
-2.53494e-47
-1.52147e-46
-8.10184e-47
-7.71532e-46
-5.77614e-47
-2.84489e-45
1.73787e-46
-9.2076e-45
2.78371e-46
-2.46474e-45
2.51324e-47
1.42096e-44
-1.87164e-46
1.23469e-44
-9.1183e-47
2.67839e-45
7.34942e-47
-2.32206e-45
5.964e-47
3.50428e-45
-7.28917e-47
6.00552e-45
-1.31298e-46
4.4314e-45
-8.94313e-49
-3.67069e-45
3.6781e-47
-3.8367e-45
-6.69265e-47
3.73094e-45
4.16886e-48
-5.76843e-45
8.63281e-47
-1.54178e-45
1.13762e-46
3.60799e-46
1.13817e-46
3.1939e-45
-1.18386e-46
1.08564e-44
-2.50906e-46
8.23736e-45
2.96464e-47
-1.05953e-44
8.67347e-47
-5.21185e-45
-1.09904e-46
5.80881e-45
-2.16081e-48
-1.05014e-44
9.53621e-47
-2.80838e-45
3.76953e-47
1.3276e-37
3.70293e-38
1.66094e-38
3.21943e-40
1.96784e-39
-1.62046e-40
2.19274e-40
-2.61011e-41
2.33856e-41
-2.9393e-42
2.37372e-42
-1.86369e-43
2.29769e-43
3.57212e-44
2.09546e-44
-4.5454e-44
2.59245e-45
-6.11468e-44
7.46183e-46
-1.82586e-44
1.86203e-46
-4.73027e-45
2.9725e-47
-9.45725e-46
-7.12171e-47
-4.45446e-46
-3.04401e-46
-1.67423e-45
-9.81256e-46
-8.56552e-45
-7.05116e-46
-3.18803e-44
2.10085e-45
-1.04288e-43
3.37024e-45
-2.81868e-44
2.96554e-46
1.60751e-43
-2.2885e-45
1.39303e-43
-1.1633e-45
2.9346e-44
8.47936e-46
-2.85657e-44
7.70375e-46
3.32425e-44
-8.25316e-46
6.59445e-44
-1.58539e-45
4.95418e-44
-4.39286e-47
-4.22284e-44
4.64507e-46
-4.48575e-44
-7.20772e-46
3.82516e-44
6.35188e-47
-6.10217e-44
1.00088e-45
-1.5984e-44
1.35987e-45
4.40751e-45
1.37397e-45
3.5814e-44
-1.43999e-45
1.22642e-43
-3.0573e-45
9.294e-44
3.09216e-46
-1.20948e-43
1.01457e-45
-6.07868e-44
-1.27737e-45
6.02729e-44
6.98323e-47
-1.20552e-43
1.13255e-45
-3.07722e-44
4.32385e-45
1.65389e-37
3.83879e-38
2.08142e-38
3.70976e-39
2.47655e-39
3.70837e-40
2.77063e-40
3.68386e-41
2.96556e-41
4.31227e-42
3.00489e-42
1.65604e-42
2.69438e-43
7.35371e-43
1.85427e-44
-4.61712e-43
9.82012e-45
-6.58407e-43
6.90476e-45
-1.94999e-43
2.00004e-45
-5.00232e-44
3.29494e-46
-9.9008e-45
-8.1801e-46
-4.63041e-45
-3.51648e-45
-1.75516e-44
-1.14387e-44
-9.07058e-44
-8.29248e-45
-3.4139e-43
2.44215e-44
-1.12972e-42
3.9249e-44
-3.08466e-43
3.36192e-45
1.73905e-42
-2.69154e-44
1.50283e-42
-1.42399e-44
3.06788e-43
9.39456e-45
-3.34365e-43
9.55821e-45
2.8815e-43
-8.92783e-45
6.91732e-43
-1.84091e-44
5.29675e-43
-8.97712e-46
-4.6454e-43
5.64086e-45
-5.01159e-43
-7.33385e-45
3.69304e-43
8.90075e-46
-6.12342e-43
1.11314e-44
-1.56991e-43
1.56414e-44
5.1072e-44
1.59765e-44
3.83749e-43
-1.68307e-44
1.32515e-42
-3.58282e-44
1.00386e-42
3.02467e-45
-1.32021e-42
1.14029e-44
-6.77274e-43
-1.42503e-44
5.9164e-43
1.94201e-45
-1.32316e-42
1.2915e-44
-3.21351e-43
9.1008e-44
3.97383e-38
2.39372e-38
5.14112e-39
2.79363e-39
6.2386e-40
2.99869e-40
7.13386e-41
2.19564e-41
7.931e-42
8.88048e-42
6.4358e-43
1.37971e-41
-2.15632e-43
7.34703e-42
-9.57054e-44
-4.88493e-42
8.36827e-44
-6.88626e-42
7.54384e-44
-2.01063e-42
2.21197e-44
-5.09073e-43
3.64214e-45
-9.94945e-44
-9.06423e-45
-4.61262e-44
-3.92854e-44
-1.76631e-43
-1.29208e-43
-9.2416e-43
-9.47727e-44
-3.52589e-42
2.74367e-43
-1.18369e-41
4.42153e-43
-3.27217e-42
3.6812e-44
1.81933e-41
-3.06092e-43
1.56708e-41
-1.67457e-43
3.09225e-42
1.01323e-43
-3.75545e-42
1.14418e-43
2.31535e-42
-9.30186e-44
7.0252e-42
-2.06638e-43
5.48326e-42
-1.38588e-44
-4.9388e-42
6.63052e-44
-5.39869e-42
-7.14207e-44
3.44379e-42
1.15858e-44
-5.94388e-42
1.19848e-43
-1.48454e-42
1.74285e-43
5.62528e-43
1.80171e-43
3.96316e-42
-1.89925e-43
1.38394e-41
-4.05606e-43
1.04761e-41
2.87915e-44
-1.39446e-41
1.24578e-43
-7.27169e-42
-1.54125e-43
5.62957e-42
3.36089e-44
-1.40345e-41
1.42267e-43
-3.23272e-42
1.39279e-42
5.77724e-39
1.37029e-38
7.03141e-40
1.82086e-39
7.91827e-41
9.4664e-41
1.23442e-41
-9.24484e-41
3.43091e-42
5.6111e-41
-1.51013e-42
1.3336e-40
-3.13675e-42
7.22382e-41
-1.08909e-42
-4.86324e-41
9.04416e-43
-6.8105e-41
8.12309e-43
-1.95836e-41
2.35552e-43
-4.88027e-42
3.85431e-44
-9.39951e-43
-9.56908e-44
-4.31222e-43
-4.18913e-43
-1.67152e-42
-1.39499e-42
-8.87163e-42
-1.04022e-42
-3.4415e-41
2.92431e-42
-1.17334e-40
4.73427e-42
-3.28565e-41
3.82368e-43
1.8003e-40
-3.30879e-42
1.54552e-40
-1.8615e-42
2.93855e-41
1.05119e-42
-3.98053e-41
1.31287e-42
1.55385e-41
-9.04566e-43
6.73865e-41
-2.19797e-42
5.36918e-41
-1.80943e-43
-4.96717e-41
7.46654e-43
-5.5007e-41
-6.41683e-43
2.95627e-41
1.41472e-43
-5.38468e-41
1.22653e-42
-1.30869e-41
1.85531e-42
5.83191e-42
1.94802e-42
3.86816e-41
-2.02396e-42
1.36765e-40
-4.35437e-42
1.03601e-40
2.64839e-43
-1.39298e-40
1.30087e-42
-7.38158e-41
-1.58352e-42
4.97931e-41
4.79151e-43
-1.40796e-40
1.47816e-42
-3.05849e-41
1.85339e-41
-1.31739e-38
8.50991e-39
-1.97799e-39
1.39602e-39
-2.68195e-40
-1.03226e-39
8.26717e-42
-1.11134e-39
2.30446e-41
5.14172e-40
-1.66447e-41
1.27384e-39
-3.20852e-41
6.89221e-40
-1.08026e-41
-4.68816e-40
9.62771e-42
-6.51372e-40
8.481e-42
-1.83569e-40
2.42194e-42
-4.48519e-41
3.93115e-43
-8.48081e-42
-9.72974e-43
-3.84094e-42
-4.31326e-42
-1.51124e-41
-1.46001e-41
-8.1673e-41
-1.12217e-41
-3.23428e-40
2.95719e-41
-1.1256e-39
4.8368e-41
-3.20438e-40
3.7759e-42
1.72353e-39
-3.41107e-41
1.47341e-39
-1.93559e-41
2.68819e-40
1.09608e-41
-4.05223e-40
1.46511e-41
8.61836e-41
-8.13378e-42
6.27027e-40
-2.21157e-41
5.09774e-40
-1.83435e-42
-4.82983e-40
8.19933e-42
-5.40216e-40
-5.46175e-42
2.47523e-40
1.62482e-42
-4.74375e-40
1.21497e-41
-1.11226e-40
1.91343e-41
5.72883e-41
2.05487e-41
3.63126e-40
-2.02258e-41
1.30646e-39
-4.42344e-41
9.89719e-40
2.87825e-42
-1.3478e-39
1.33509e-41
-7.21476e-40
-1.57171e-41
4.31919e-40
5.66731e-42
-1.36554e-39
1.44066e-41
-2.78137e-40
2.19122e-40
-6.48377e-38
-1.17768e-39
-9.36833e-39
2.05468e-39
-1.19058e-39
-1.04541e-38
2.53905e-40
-1.00404e-38
2.40258e-40
4.56171e-39
-1.51037e-40
1.13078e-38
-2.94022e-40
6.09986e-39
-9.1594e-41
-4.19325e-39
9.88855e-41
-5.77845e-39
8.38728e-41
-1.5935e-39
2.34996e-41
-3.79807e-40
3.77344e-42
-7.02639e-41
-9.30593e-42
-3.13206e-41
-4.19249e-41
-1.25513e-40
-1.44815e-40
-6.92977e-40
-1.18185e-40
-2.81653e-39
2.65844e-40
-1.0017e-38
4.46585e-40
-2.89985e-39
3.34464e-41
1.53027e-38
-3.18052e-40
1.30272e-38
-1.74605e-40
2.26978e-39
1.1697e-40
-3.82612e-39
1.58652e-40
1.35775e-40
-5.71172e-41
5.39922e-39
-1.95197e-40
4.48827e-39
-8.98834e-42
-4.3569e-39
8.70407e-41
-4.9246e-39
-4.00944e-41
1.82089e-39
1.75422e-41
-3.78169e-39
1.12664e-40
-8.55912e-40
1.86779e-40
5.20577e-40
2.09086e-40
3.15899e-39
-1.72209e-40
1.1583e-38
-3.96687e-40
8.79805e-39
4.13701e-41
-1.20894e-38
1.32417e-40
-6.54221e-39
-1.43779e-40
3.36961e-39
5.11804e-41
-1.22831e-38
1.18551e-40
-2.32223e-39
2.37678e-39
-1.56201e-38
3.867e-38
-4.65888e-39
2.50129e-38
-6.88468e-41
-8.93994e-38
3.36545e-39
-8.67174e-38
2.20387e-39
3.95106e-38
-1.16445e-39
9.74527e-38
-2.26668e-39
5.23577e-38
-5.2034e-40
-3.65164e-38
1.033e-39
-4.97465e-38
8.10078e-40
-1.32944e-38
2.20456e-40
-3.07219e-39
3.48778e-41
-5.52529e-40
-8.56209e-41
-2.41512e-40
-3.94236e-40
-9.89902e-40
-1.40488e-39
-5.6194e-39
-1.29549e-39
-2.35888e-38
1.91981e-39
-8.66237e-38
3.52217e-39
-2.56702e-38
2.46665e-40
1.31973e-37
-2.53881e-39
1.11677e-37
-1.12957e-39
1.84431e-38
1.43623e-39
-3.47875e-38
1.74366e-39
-3.02231e-39
-1.16468e-40
4.54254e-38
-1.31102e-39
3.85403e-38
2.19846e-40
-3.81422e-38
9.39155e-40
-4.33558e-38
-2.62126e-40
1.36604e-38
1.79404e-40
-2.99326e-38
1.01457e-39
-6.41762e-39
1.77956e-39
4.45428e-39
2.15652e-39
2.63853e-38
-9.70091e-40
9.9581e-38
-2.77162e-39
7.57809e-38
8.32344e-40
-1.05568e-37
1.36906e-39
-5.7174e-38
-1.22387e-39
2.68442e-38
1.3692e-40
-1.07251e-37
6.11544e-40
-1.86378e-38
2.35884e-38
-5.1103e-39
3.58603e-37
-1.22577e-38
2.04349e-37
1.89498e-39
-6.82543e-37
1.96973e-38
-6.64283e-37
1.37586e-38
3.03062e-37
-4.37145e-39
7.44264e-37
-7.93518e-39
3.98092e-37
3.12787e-39
-2.81778e-37
1.09013e-38
-3.79478e-37
7.35585e-39
-9.8132e-38
1.91875e-39
-2.17926e-38
2.9684e-40
-3.78925e-39
-7.2464e-40
-1.61563e-39
-3.44262e-39
-6.81299e-39
-1.28362e-38
-3.99768e-38
-1.47831e-38
-1.74956e-37
3.28378e-39
-6.63769e-37
1.43839e-38
-2.01181e-37
7.6105e-40
1.00818e-36
-1.08351e-38
8.48275e-37
2.81057e-39
1.31889e-37
2.01946e-38
-2.80716e-37
1.95538e-38
-6.42313e-38
7.64236e-39
3.37524e-37
7.6133e-40
2.93036e-37
9.11399e-39
-2.95916e-37
1.02672e-38
-3.38761e-37
-8.505e-40
8.05931e-38
1.71872e-39
-1.99902e-37
8.29811e-39
-4.09805e-38
1.59045e-38
3.37635e-38
2.2466e-38
1.95224e-37
6.51405e-39
7.59545e-37
-1.44067e-39
5.82182e-37
1.73587e-38
-8.15606e-37
1.46377e-38
-4.43225e-37
-7.97722e-39
1.78955e-37
-8.10086e-39
-8.29527e-37
-5.93914e-39
-1.30323e-37
2.11297e-37
1.16582e-37
2.69346e-36
9.2824e-38
1.58487e-36
1.661e-38
-5.09628e-36
-2.15938e-38
-4.97313e-36
1.29365e-38
2.2763e-36
7.11418e-38
5.54004e-36
1.53204e-37
2.94582e-36
1.66656e-37
-2.13333e-36
1.24559e-37
-2.82021e-36
6.68974e-38
-6.89588e-37
1.62948e-38
-1.46149e-37
2.4406e-39
-2.43428e-38
-5.91386e-39
-1.00845e-38
-2.93694e-38
-4.39433e-38
-1.17846e-37
-2.69059e-37
-1.8498e-37
-1.23606e-36
-2.20568e-37
-4.96995e-36
-1.8375e-37
-1.56267e-36
-1.73966e-38
7.52343e-36
1.2238e-37
6.26487e-36
2.66334e-37
9.02386e-37
3.16269e-37
-2.18207e-36
2.34068e-37
-6.16156e-37
2.14591e-37
2.4824e-36
2.32092e-37
2.1938e-36
2.14189e-37
-2.24043e-36
1.20613e-37
-2.55768e-36
5.34969e-39
5.93177e-37
1.57886e-38
-1.42516e-36
6.65239e-38
-2.64638e-37
1.42159e-37
2.36528e-37
2.53038e-37
1.3726e-36
3.30359e-37
5.63699e-36
4.13486e-37
4.35379e-36
3.37446e-37
-6.18632e-36
1.76101e-37
-3.30446e-36
-2.23011e-38
1.38336e-36
-2.56618e-37
-6.27089e-36
-2.56555e-37
-8.80326e-37
1.71378e-36
3.08992e-36
1.52905e-35
3.94428e-36
9.27716e-36
1.2556e-37
-2.88842e-35
-3.35515e-36
-2.82601e-35
-1.65027e-36
1.29675e-35
2.3382e-36
3.13212e-35
4.80688e-36
1.65539e-35
3.5183e-36
-1.22473e-35
1.40177e-36
-1.5918e-35
5.58527e-37
-3.68331e-36
1.23451e-37
-7.34807e-37
1.75848e-38
-1.16496e-37
-4.22161e-38
-4.65239e-38
-2.23941e-37
-2.11301e-37
-9.96004e-37
-1.35808e-36
-2.26484e-36
-6.64586e-36
-5.72687e-36
-2.82455e-35
-6.48436e-36
-9.16935e-36
-4.93694e-37
4.26058e-35
4.50276e-36
3.51564e-35
5.99387e-36
4.6568e-36
4.69523e-36
-1.29019e-35
2.74827e-36
-5.01588e-36
4.00456e-36
1.38067e-35
5.46219e-36
1.24451e-35
3.82678e-36
-1.2875e-35
1.38762e-36
-1.46939e-35
2.10032e-37
2.57158e-36
1.32999e-37
-6.97281e-36
4.46536e-37
-1.2366e-36
1.16265e-36
1.26639e-36
2.8214e-36
7.35406e-36
6.96021e-36
3.1871e-35
1.01562e-35
2.51783e-35
5.54791e-36
-3.54749e-35
2.0943e-36
-1.87504e-35
6.5318e-37
7.26124e-36
-5.08548e-36
-3.59497e-35
-5.3375e-36
-4.43028e-36
1.11008e-35
4.80809e-35
8.41966e-35
6.75817e-35
5.52377e-35
9.21198e-37
-1.59832e-34
-6.2742e-35
-1.56999e-34
-3.27634e-35
7.28015e-35
3.83457e-35
1.71705e-34
7.8146e-35
8.9917e-35
5.17659e-35
-6.95579e-35
1.50644e-35
-8.70356e-35
4.63604e-36
-1.753e-35
9.08228e-37
-3.3042e-36
1.22029e-37
-4.94775e-37
-2.89741e-37
-1.91757e-37
-1.65916e-36
-9.00899e-37
-8.37971e-36
-6.13353e-36
-2.56297e-35
-3.1814e-35
-8.91645e-35
-1.56939e-34
-1.07943e-34
-5.47841e-35
-7.37514e-36
2.36012e-34
7.52696e-35
1.89848e-34
9.0682e-35
2.17532e-35
6.11612e-35
-7.26992e-35
3.00321e-35
-6.03043e-35
5.62607e-35
7.73351e-35
8.35294e-35
7.02859e-35
5.37619e-35
-7.25001e-35
1.50552e-35
-8.05908e-35
2.69046e-36
-1.33961e-35
1.05657e-36
-7.36979e-36
2.97482e-36
-6.50307e-36
9.47886e-36
5.79679e-36
3.01143e-35
3.49746e-35
1.02387e-34
1.74125e-34
1.5759e-34
1.4175e-34
7.47811e-35
-2.02158e-34
2.35987e-35
-1.00015e-34
1.53611e-35
2.01327e-35
-7.56508e-35
-2.03263e-34
-7.9565e-35
-2.18052e-35
9.45228e-35
5.45626e-34
8.2392e-34
5.0451e-36
-7.93717e-34
-4.19842e-34
4.54235e-34
9.19999e-34
5.69713e-34
1.24601e-34
2.92291e-35
4.98997e-36
6.18339e-37
-1.44983e-36
-9.1946e-36
-5.35438e-35
-2.20663e-34
-1.01878e-33
-1.293e-33
-7.51606e-35
8.99443e-34
1.0213e-33
6.24121e-34
2.5335e-34
6.03587e-34
9.53594e-34
5.76285e-34
1.25417e-34
2.78917e-35
6.56223e-36
1.1709e-35
5.86091e-35
2.48583e-34
1.12937e-33
1.81937e-33
7.66571e-34
2.01405e-34
2.31236e-34
-8.60352e-34
-9.06444e-34
)
;

boundaryField
{
    leftWall
    {
        type            calculated;
        value           nonuniform 0();
    }
    rightWall
    {
        type            calculated;
        value           uniform 0;
    }
    lowerWall
    {
        type            calculated;
        value           uniform 0;
    }
    atmosphere
    {
        type            calculated;
        value           nonuniform 0();
    }
    defaultFaces
    {
        type            empty;
        value           nonuniform 0();
    }
    procBoundary1to0
    {
        type            processor;
        value           nonuniform List<scalar> 
44
(
3.37209e-43
2.96171e-42
2.01078e-41
1.30211e-40
8.0584e-40
4.70274e-39
2.59639e-38
1.30341e-37
6.0706e-37
2.25518e-36
1.34527e-35
-6.34098e-36
-3.40843e-35
-2.89175e-36
1.46921e-35
-3.17765e-36
-3.33462e-35
-5.45611e-35
-1.62704e-36
5.43429e-35
5.30731e-34
-3.54157e-35
-6.25464e-36
-1.05762e-36
-1.40786e-37
-2.4474e-38
-5.81302e-38
-4.30144e-37
-3.23328e-36
-1.84292e-35
-1.04117e-34
-8.85416e-35
8.85417e-35
1.04119e-34
1.84692e-35
3.81931e-36
6.87493e-36
1.25578e-35
6.45149e-36
5.86768e-37
3.99e-38
8.8788e-40
-6.45696e-39
-2.87749e-38
)
;
    }
    procBoundary1to3
    {
        type            processor;
        value           nonuniform List<scalar> 
45
(
1.08171e-38
7.54382e-38
4.81633e-37
2.90763e-36
1.37678e-35
7.12815e-35
4.73643e-35
-1.35441e-34
-1.33126e-34
6.18427e-35
1.45266e-34
7.59578e-35
-5.91948e-35
-7.36029e-35
-1.44501e-35
-2.69648e-36
-3.99323e-37
-1.53915e-37
-7.27606e-37
-5.00953e-36
-2.62503e-35
-1.33077e-34
-4.69992e-35
2.00042e-34
1.60255e-34
1.85148e-35
-5.52191e-35
1.16614e-34
7.2227e-35
6.04513e-35
-6.09724e-35
-6.22731e-35
1.50504e-34
-1.67596e-34
-1.13729e-35
4.19888e-36
2.94251e-35
1.53895e-34
1.26161e-34
-1.64843e-34
-7.70212e-35
1.8656e-34
-1.66925e-34
-2.34103e-35
-6.60609e-35
)
;
    }
}


// ************************************************************************* //
