/*--------------------------------*- C++ -*----------------------------------*\
| =========                 |                                                 |
| \\      /  F ield         | OpenFOAM: The Open Source CFD Toolbox           |
|  \\    /   O peration     | Version:  2.4.0                                 |
|   \\  /    A nd           | Web:      www.OpenFOAM.org                      |
|    \\/     M anipulation  |                                                 |
\*---------------------------------------------------------------------------*/
FoamFile
{
    version     2.0;
    format      ascii;
    class       volVectorField;
    location    "1";
    object      U;
}
// * * * * * * * * * * * * * * * * * * * * * * * * * * * * * * * * * * * * * //

dimensions      [0 1 -1 0 0 0 0];

internalField   nonuniform List<vector> 
1915
(
(9.82468e-40 -1.23357e-37 0)
(1.40062e-38 -2.54276e-38 0)
(7.73185e-39 -8.76265e-37 0)
(1.15382e-37 -1.81431e-37 0)
(4.55547e-38 -5.58965e-36 0)
(7.57476e-37 -1.15845e-36 0)
(2.45189e-37 -3.39726e-35 0)
(4.72495e-36 -7.0434e-36 0)
(1.17676e-36 -1.94923e-34 0)
(2.80216e-35 -4.04826e-35 0)
(4.68378e-36 -1.06486e-33 0)
(1.55644e-34 -2.21075e-34 0)
(1.34784e-35 -5.37596e-33 0)
(8.13721e-34 -1.1201e-33 0)
(4.51531e-36 -2.61021e-32 0)
(3.82788e-33 -5.39759e-33 0)
(-1.95572e-34 -1.10002e-31 0)
(1.66767e-32 -2.29546e-32 0)
(-1.22475e-33 -4.87028e-31 0)
(5.51878e-32 -9.62883e-32 0)
(-1.35726e-35 -4.60674e-36 0)
(-1.06829e-34 -2.8255e-35 0)
(-5.0565e-34 -1.69685e-34 0)
(-4.33815e-33 -1.21528e-34 0)
(-3.9271e-33 3.25383e-34 0)
(3.9271e-33 3.25383e-34 0)
(4.33815e-33 -1.21527e-34 0)
(5.0567e-34 -1.69679e-34 0)
(1.07067e-34 -2.82569e-35 0)
(1.43979e-35 -5.10983e-36 0)
(2.20137e-36 -7.014e-37 0)
(2.76778e-37 -9.74656e-38 0)
(-5.50566e-42 -2.33723e-38 0)
(-2.76832e-37 -9.74819e-38 0)
(-2.20187e-36 -7.01554e-37 0)
(-1.44022e-35 -5.11123e-36 0)
(-1.07103e-34 -2.82687e-35 0)
(-5.05955e-34 -1.69776e-34 0)
(-4.34039e-33 -1.2224e-34 0)
(-3.94179e-33 3.20176e-34 0)
(3.8178e-33 2.96413e-34 0)
(3.8178e-33 -2.96413e-34 0)
(-3.94179e-33 -3.20176e-34 0)
(-4.34039e-33 1.2224e-34 0)
(-5.05955e-34 1.69776e-34 0)
(-1.07104e-34 2.82686e-35 0)
(-1.44065e-35 5.10982e-36 0)
(-2.23912e-36 6.89578e-37 0)
(-5.65932e-37 -1.23086e-39 0)
(-2.27071e-36 -6.99998e-37 0)
(-1.46507e-35 -5.19407e-36 0)
(-1.0902e-34 -2.88724e-35 0)
(-5.18115e-34 -1.74173e-34 0)
(-4.43277e-33 -1.4529e-34 0)
(-4.33815e-33 1.79467e-34 0)
(-3.96311e-39 3.49771e-34 0)
(4.33812e-33 1.79457e-34 0)
(4.43251e-33 -1.45364e-34 0)
(5.15773e-34 -1.74337e-34 0)
(9.81942e-35 -2.54914e-35 0)
(-6.63872e-36 2.07666e-36 0)
(-4.58292e-35 1.53324e-35 0)
(-2.04045e-34 9.17665e-35 0)
(-1.07556e-33 6.53509e-35 0)
(-9.11231e-34 -1.75457e-34 0)
(9.11232e-34 -1.75457e-34 0)
(1.07556e-33 6.53507e-35 0)
(2.04059e-34 9.17657e-35 0)
(4.5974e-35 1.53579e-35 0)
(7.27391e-36 2.59901e-36 0)
(1.17215e-36 3.35995e-37 0)
(1.5855e-37 4.33029e-38 0)
(-3.66981e-42 9.7469e-39 0)
(-1.58585e-37 4.33087e-38 0)
(-1.17246e-36 3.36052e-37 0)
(-7.27659e-36 2.59956e-36 0)
(-4.59959e-35 1.53628e-35 0)
(-2.04223e-34 9.1809e-35 0)
(-1.07675e-33 6.56916e-35 0)
(-9.18669e-34 -1.72815e-34 0)
(8.64063e-34 -1.59759e-34 0)
(8.64063e-34 1.59759e-34 0)
(-9.18669e-34 1.72815e-34 0)
(-1.07675e-33 -6.56916e-35 0)
(-2.04223e-34 -9.1809e-35 0)
(-4.59962e-35 -1.53628e-35 0)
(-7.27929e-36 -2.599e-36 0)
(-1.19468e-36 -3.31071e-37 0)
(-3.24773e-37 4.85973e-40 0)
(-1.21335e-36 3.35446e-37 0)
(-7.41851e-36 2.63684e-36 0)
(-4.70048e-35 1.56554e-35 0)
(-2.10302e-34 9.40671e-35 0)
(-1.11529e-33 7.84072e-35 0)
(-1.07556e-33 -9.67482e-35 0)
(-2.59459e-39 -1.88815e-34 0)
(1.07554e-33 -9.67449e-35 0)
(1.11513e-33 7.8423e-35 0)
(2.09004e-34 9.38952e-35 0)
(4.07018e-35 1.14038e-35 0)
(-2.2724e-36 1.10562e-36 0)
(-1.33235e-35 7.5212e-36 0)
(-4.7475e-35 3.48742e-35 0)
(-1.94866e-34 2.20697e-35 0)
(-1.58713e-34 -6.61038e-35 0)
(1.58713e-34 -6.61039e-35 0)
(1.94866e-34 2.20695e-35 0)
(4.7478e-35 3.48733e-35 0)
(1.33589e-35 7.53298e-36 0)
(2.40665e-36 1.39689e-36 0)
(4.27566e-37 2.00393e-37 0)
(6.18147e-38 2.74843e-38 0)
(-1.69493e-42 6.58061e-39 0)
(-6.18306e-38 2.74887e-38 0)
(-4.27705e-37 2.00435e-37 0)
(-2.4078e-36 1.39728e-36 0)
(-1.33679e-35 7.53631e-36 0)
(-4.75421e-35 3.49008e-35 0)
(-1.95303e-34 2.22732e-35 0)
(-1.61184e-34 -6.46795e-35 0)
(1.44918e-34 -5.83672e-35 0)
(1.44918e-34 5.83672e-35 0)
(-1.61184e-34 6.46795e-35 0)
(-1.95303e-34 -2.22732e-35 0)
(-4.75421e-35 -3.49008e-35 0)
(-1.33681e-35 -7.53627e-36 0)
(-2.40895e-36 -1.39689e-36 0)
(-4.36857e-37 -1.97066e-37 0)
(-1.26909e-37 3.41466e-40 0)
(-4.44482e-37 2.00005e-37 0)
(-2.46285e-36 1.42066e-36 0)
(-1.37317e-35 7.70913e-36 0)
(-4.9512e-35 3.6094e-35 0)
(-2.06191e-34 2.83818e-35 0)
(-1.94866e-34 -3.75428e-35 0)
(-7.41905e-40 -7.2595e-35 0)
(1.9486e-34 -3.75403e-35 0)
(2.06153e-34 2.83945e-35 0)
(4.92215e-35 3.60245e-35 0)
(1.22824e-35 5.59557e-36 0)
(-5.62222e-37 4.18087e-37 0)
(-2.83332e-36 2.65711e-36 0)
(-8.06131e-36 1.12849e-35 0)
(-2.73729e-35 6.80986e-36 0)
(-2.16688e-35 -2.13856e-35 0)
(2.16688e-35 -2.13856e-35 0)
(2.73729e-35 6.80982e-36 0)
(8.06159e-36 1.12848e-35 0)
(2.83842e-36 2.66323e-36 0)
(5.77481e-37 5.33115e-37 0)
(1.11625e-37 8.14497e-38 0)
(1.71079e-38 1.17976e-38 0)
(-5.40566e-43 2.94861e-39 0)
(-1.71129e-38 1.17997e-38 0)
(-1.11667e-37 8.147e-38 0)
(-5.77824e-37 5.33295e-37 0)
(-2.84103e-36 2.66472e-36 0)
(-8.07938e-36 1.12966e-35 0)
(-2.74872e-35 6.89274e-36 0)
(-2.2264e-35 -2.08407e-35 0)
(1.87161e-35 -1.86395e-35 0)
(1.87161e-35 1.86395e-35 0)
(-2.2264e-35 2.08407e-35 0)
(-2.74872e-35 -6.89274e-36 0)
(-8.07938e-36 -1.12966e-35 0)
(-2.84107e-36 -2.6647e-36 0)
(-5.7817e-37 -5.33113e-37 0)
(-1.14319e-37 -7.99576e-38 0)
(-3.51961e-38 1.58058e-40 0)
(-1.16511e-37 8.12692e-38 0)
(-5.92998e-37 5.4324e-37 0)
(-2.93495e-36 2.73433e-36 0)
(-8.54259e-36 1.17467e-35 0)
(-2.97304e-35 9.01106e-36 0)
(-2.7373e-35 -1.23021e-35 0)
(-1.3857e-40 -2.36592e-35 0)
(2.7372e-35 -1.23014e-35 0)
(2.97254e-35 9.01372e-36 0)
(8.50637e-36 1.17104e-35 0)
(2.72029e-36 1.9574e-36 0)
(-1.23228e-37 1.11417e-37 0)
(-5.32508e-37 6.7723e-37 0)
(-1.11345e-36 2.67847e-36 0)
(-2.9142e-36 1.54687e-36 0)
(-2.23382e-36 -5.07559e-36 0)
(2.23382e-36 -5.07559e-36 0)
(2.9142e-36 1.54687e-36 0)
(1.11336e-36 2.67851e-36 0)
(5.32561e-37 6.79342e-37 0)
(1.21413e-37 1.43832e-37 0)
(2.54367e-38 2.31043e-38 0)
(4.09874e-39 3.48522e-39 0)
(-1.46656e-43 9.0023e-40 0)
(-4.10006e-39 3.48593e-39 0)
(-2.54479e-38 2.31109e-38 0)
(-1.21501e-37 1.43888e-37 0)
(-5.33213e-37 6.79799e-37 0)
(-1.11763e-36 2.68199e-36 0)
(-2.9403e-36 1.57043e-36 0)
(-2.35951e-36 -4.92828e-36 0)
(1.67516e-36 -4.3727e-36 0)
(1.67516e-36 4.3727e-36 0)
(-2.35951e-36 4.92828e-36 0)
(-2.9403e-36 -1.57043e-36 0)
(-1.11763e-36 -2.68199e-36 0)
(-5.33225e-37 -6.79792e-37 0)
(-1.2159e-37 -1.43831e-37 0)
(-2.61098e-38 -2.26485e-38 0)
(-8.4488e-39 4.94132e-41 0)
(-2.66531e-38 2.30477e-38 0)
(-1.25122e-37 1.46804e-37 0)
(-5.54399e-37 6.99405e-37 0)
(-1.21295e-36 2.80227e-36 0)
(-3.34718e-36 2.10245e-36 0)
(-2.91421e-36 -2.95266e-36 0)
(-1.37876e-41 -5.65162e-36 0)
(2.91415e-36 -2.95254e-36 0)
(3.34733e-36 2.1026e-36 0)
(1.21388e-36 2.78971e-36 0)
(5.42082e-37 4.91903e-37 0)
(-2.41225e-38 2.5781e-38 0)
(-9.11762e-38 1.5128e-37 0)
(-1.32054e-37 5.73128e-37 0)
(-2.07672e-37 3.21754e-37 0)
(-1.48111e-37 -1.08751e-36 0)
(1.48111e-37 -1.08751e-36 0)
(2.07674e-37 3.21764e-37 0)
(1.32031e-37 5.73204e-37 0)
(9.10108e-38 1.52121e-37 0)
(2.29151e-38 3.37772e-38 0)
(5.12955e-39 5.64707e-39 0)
(8.6136e-40 8.82105e-40 0)
(-3.42282e-44 2.34122e-40 0)
(-8.61666e-40 8.823e-40 0)
(-5.13209e-39 5.64884e-39 0)
(-2.29347e-38 3.37923e-38 0)
(-9.11525e-38 1.5224e-37 0)
(-1.32931e-37 5.74086e-37 0)
(-2.12947e-37 3.27528e-37 0)
(-1.71927e-37 -1.05285e-36 0)
(5.18266e-38 -9.29627e-37 0)
(5.18266e-38 9.29627e-37 0)
(-1.71927e-37 1.05285e-36 0)
(-2.12947e-37 -3.27528e-37 0)
(-1.32932e-37 -5.74086e-37 0)
(-9.11551e-38 -1.52238e-37 0)
(-2.29545e-38 -3.3777e-38 0)
(-5.276e-39 -5.52847e-39 0)
(-1.7786e-39 1.31132e-41 0)
(-5.3934e-39 5.632e-39 0)
(-2.36932e-38 3.45256e-38 0)
(-9.53869e-38 1.57001e-37 0)
(-1.50573e-37 6.02099e-37 0)
(-2.80143e-37 4.4499e-37 0)
(-2.07674e-37 -6.37535e-37 0)
(8.85619e-43 -1.21572e-36 0)
(2.07693e-37 -6.37526e-37 0)
(2.80398e-37 4.44859e-37 0)
(1.52226e-37 5.98403e-37 0)
(9.84213e-38 1.08439e-37 0)
(-3.32424e-39 4.05464e-39 0)
(-1.47304e-38 2.83593e-38 0)
(-1.4051e-38 1.0912e-37 0)
(6.97924e-40 5.98677e-38 0)
(3.21095e-39 -2.07935e-37 0)
(-3.20389e-39 -2.07929e-37 0)
(-6.62259e-40 5.99225e-38 0)
(1.42307e-38 1.09455e-37 0)
(1.49406e-38 3.01632e-38 0)
(4.06548e-39 6.96352e-39 0)
(9.58732e-40 1.20373e-39 0)
(1.66289e-40 1.93534e-40 0)
(-7.21016e-45 5.2548e-41 0)
(-1.66353e-40 1.9358e-40 0)
(-9.59254e-40 1.20414e-39 0)
(-4.06944e-39 6.96697e-39 0)
(-1.49687e-38 3.01899e-38 0)
(-1.44048e-38 1.09648e-37 0)
(-3.24997e-40 6.11526e-38 0)
(-1.03495e-39 -2.00771e-37 0)
(-1.91327e-38 -1.76534e-37 0)
(-1.91327e-38 1.76534e-37 0)
(-1.03496e-39 2.00771e-37 0)
(-3.25005e-40 -6.11526e-38 0)
(-1.44049e-38 -1.09648e-37 0)
(-1.49692e-38 -3.01895e-38 0)
(-4.07345e-39 -6.96348e-39 0)
(-9.8782e-40 -1.1771e-39 0)
(-3.43878e-40 2.99312e-42 0)
(-1.011e-39 1.20028e-39 0)
(-4.21547e-39 7.12697e-39 0)
(-1.57543e-38 3.11992e-38 0)
(-1.7483e-38 1.15382e-37 0)
(-1.10259e-38 8.41587e-38 0)
(6.62418e-40 -1.22709e-37 0)
(8.64131e-43 -2.33224e-37 0)
(-6.5316e-40 -1.22712e-37 0)
(1.11099e-38 8.40994e-38 0)
(1.80066e-38 1.1448e-37 0)
(1.71006e-38 2.11865e-38 0)
(1.73841e-38 -2.57964e-39 0)
(1.65492e-39 -5.48311e-39 0)
(7.35418e-41 1.75314e-38 0)
(3.84212e-39 1.01932e-38 0)
(3.26609e-39 -3.72507e-38 0)
(-3.22035e-39 -3.72172e-38 0)
(-3.58086e-39 1.05036e-38 0)
(1.46753e-39 1.95615e-38 0)
(2.36316e-39 5.54627e-39 0)
(6.80668e-40 1.3222e-39 0)
(1.66886e-40 2.34823e-40 0)
(2.96911e-41 3.86688e-41 0)
(-1.38414e-45 1.06981e-41 0)
(-2.97033e-41 3.86786e-41 0)
(-1.66984e-40 2.34909e-40 0)
(-6.81402e-40 1.32292e-39 0)
(-2.36829e-39 5.55171e-39 0)
(-1.49862e-39 1.96002e-38 0)
(3.40935e-39 1.07443e-38 0)
(2.51366e-39 -3.5852e-38 0)
(-5.76077e-39 -3.14265e-38 0)
(-5.76077e-39 3.14265e-38 0)
(2.51366e-39 3.5852e-38 0)
(3.40935e-39 -1.07442e-38 0)
(-1.49863e-39 -1.96002e-38 0)
(-2.36839e-39 -5.55162e-39 0)
(-6.82148e-40 -1.3222e-39 0)
(-1.722e-40 -2.29399e-40 0)
(-6.14775e-41 6.17999e-43 0)
(-1.76415e-40 2.34109e-40 0)
(-7.0742e-40 1.35473e-39 0)
(-2.50422e-39 5.74768e-39 0)
(-2.00719e-39 2.06822e-38 0)
(1.75803e-39 1.49296e-38 0)
(3.58149e-39 -2.2077e-38 0)
(2.63887e-43 -4.18449e-38 0)
(-3.57903e-39 -2.20784e-38 0)
(-1.73833e-39 1.49125e-38 0)
(2.1256e-39 2.04863e-38 0)
(2.83322e-39 3.84281e-39 0)
(2.76232e-37 -8.57703e-38 0)
(4.22664e-38 -6.30409e-38 0)
(1.16528e-38 -7.41598e-39 0)
(2.58275e-39 2.88045e-40 0)
(9.72397e-40 -6.39651e-39 0)
(-7.03533e-40 -6.25176e-39 0)
(-8.52619e-40 1.72633e-39 0)
(1.53943e-40 3.27311e-39 0)
(3.63258e-40 9.50585e-40 0)
(1.08817e-40 2.3263e-40 0)
(2.74593e-41 4.22497e-41 0)
(4.98314e-42 7.09613e-42 0)
(-2.45054e-46 1.99427e-42 0)
(-4.98526e-42 7.09802e-42 0)
(-2.74762e-41 4.22662e-41 0)
(-1.08941e-40 2.32766e-40 0)
(-3.64104e-40 9.51613e-40 0)
(-1.58855e-40 3.28036e-39 0)
(8.27418e-40 1.77123e-39 0)
(6.17811e-40 -5.9951e-39 0)
(-1.12344e-39 -5.24098e-39 0)
(-1.12344e-39 5.24098e-39 0)
(6.17811e-40 5.9951e-39 0)
(8.27418e-40 -1.77123e-39 0)
(-1.58857e-40 -3.28036e-39 0)
(-3.64121e-40 -9.51596e-40 0)
(-1.0907e-40 -2.3263e-40 0)
(-2.8368e-41 -4.12384e-41 0)
(-1.03289e-41 1.16571e-43 0)
(-2.90856e-41 4.21148e-41 0)
(-1.133e-40 2.38581e-40 0)
(-3.86361e-40 9.86732e-40 0)
(-2.3932e-40 3.46974e-39 0)
(5.78243e-40 2.4821e-39 0)
(8.55777e-40 -3.71568e-39 0)
(6.06892e-44 -7.02602e-39 0)
(-8.5525e-40 -3.71607e-39 0)
(-5.74327e-40 2.47815e-39 0)
(2.62124e-40 3.4315e-39 0)
(4.5167e-40 6.50711e-40 0)
(3.457e-36 3.96594e-37 0)
(5.00222e-37 -3.13213e-37 0)
(8.01905e-38 -4.95022e-38 0)
(9.93693e-39 -5.5187e-39 0)
(1.29209e-39 -1.59327e-39 0)
(-8.50023e-43 -1.05055e-39 0)
(-1.37324e-40 2.65433e-40 0)
(1.82466e-41 5.19944e-40 0)
(5.40268e-41 1.54051e-40 0)
(1.66147e-41 3.84824e-41 0)
(4.28296e-42 7.11363e-42 0)
(7.89701e-43 1.21336e-42 0)
(-3.50182e-47 3.45246e-43 0)
(-7.8998e-43 1.21371e-42 0)
(-4.28486e-42 7.11681e-42 0)
(-1.66248e-41 3.85095e-41 0)
(-5.40496e-41 1.54268e-40 0)
(-1.78135e-41 5.2164e-40 0)
(1.45871e-40 2.78126e-40 0)
(1.08945e-40 -9.52644e-40 0)
(-1.84714e-40 -8.30964e-40 0)
(-1.84714e-40 8.30964e-40 0)
(1.08945e-40 9.52644e-40 0)
(1.45871e-40 -2.78126e-40 0)
(-1.78139e-41 -5.21639e-40 0)
(-5.40525e-41 -1.54265e-40 0)
(-1.66458e-41 -3.84856e-41 0)
(-4.42834e-42 -6.93877e-42 0)
(-1.63823e-42 2.03678e-44 0)
(-4.54341e-42 7.0903e-42 0)
(-1.73145e-41 3.95005e-41 0)
(-5.75065e-41 1.60162e-40 0)
(-2.99924e-41 5.52838e-40 0)
(1.09397e-40 3.92519e-40 0)
(1.50298e-40 -5.93598e-40 0)
(1.18976e-44 -1.12026e-39 0)
(-1.50199e-40 -5.93683e-40 0)
(-1.08703e-40 3.91728e-40 0)
(3.39118e-41 5.45967e-40 0)
(6.8833e-41 1.04446e-40 0)
(1.88825e-33 -1.59529e-30 0)
(2.62979e-31 -3.3481e-31 0)
(2.92968e-32 -1.32755e-29 0)
(-5.79693e-32 -1.85419e-30 0)
(2.36192e-31 1.77425e-30 0)
(-3.55827e-31 2.67752e-31 0)
(2.93492e-32 1.53041e-29 0)
(9.25856e-33 2.17811e-30 0)
(2.49873e-33 1.98882e-30 0)
(2.90981e-31 4.2874e-31 0)
(1.66076e-34 1.35403e-30 0)
(-6.1309e-32 3.14201e-31 0)
(7.68025e-35 4.41157e-30 0)
(-6.4724e-31 9.67009e-31 0)
(1.20235e-34 2.99987e-29 0)
(-1.05904e-30 4.76648e-30 0)
(3.60796e-36 5.4251e-29 0)
(-3.1581e-32 8.177e-30 0)
(-1.19842e-34 3.15237e-29 0)
(1.0548e-30 4.97973e-30 0)
(6.87968e-31 9.89788e-31 0)
(1.21497e-31 2.21636e-31 0)
(2.05422e-32 3.52593e-32 0)
(2.72033e-33 5.75072e-33 0)
(3.48265e-34 1.82938e-33 0)
(2.62119e-35 8.39881e-33 0)
(-1.2225e-34 6.46335e-32 0)
(-1.09624e-33 4.13497e-31 0)
(-7.25686e-33 2.93036e-30 0)
(-4.4197e-32 1.31488e-29 0)
(-3.79227e-32 9.83042e-29 0)
(3.79233e-32 9.83042e-29 0)
(4.41764e-32 1.31487e-29 0)
(6.70242e-33 2.92991e-30 0)
(-7.64967e-33 4.11015e-31 0)
(-1.01492e-31 5.04561e-32 0)
(-8.18816e-31 8.2992e-33 0)
(-1.01618e-31 1.5235e-32 0)
(-8.7459e-33 2.60401e-33 0)
(-5.518e-34 4.68562e-34 0)
(-3.04166e-36 7.53744e-35 0)
(1.10994e-34 6.70273e-35 0)
(4.92039e-34 2.33356e-34 0)
(5.01785e-32 -4.29848e-32 0)
(1.07681e-32 -5.28544e-33 0)
(1.71717e-33 -6.16372e-34 0)
(2.68778e-34 -6.93847e-35 0)
(-1.54681e-32 -2.02645e-31 0)
(-3.27512e-33 -1.7544e-32 0)
(-5.44881e-34 -1.09923e-33 0)
(-7.96736e-35 -3.46091e-35 0)
(-9.32424e-32 3.09929e-32 0)
(-1.92214e-32 2.80442e-33 0)
(-3.0983e-33 1.83204e-34 0)
(-4.45628e-34 6.01624e-36 0)
(3.14556e-34 2.42749e-31 0)
(2.2914e-34 2.13496e-32 0)
(6.27932e-35 1.36939e-33 0)
(1.95133e-35 4.66022e-35 0)
(6.46792e-32 6.10506e-32 0)
(1.41332e-32 6.75483e-33 0)
(2.34358e-33 6.40104e-34 0)
(3.70587e-34 5.67184e-35 0)
(-1.71085e-32 6.0587e-32 0)
(-4.1638e-33 9.22333e-33 0)
(-7.61909e-34 1.3287e-33 0)
(-1.28196e-34 1.77242e-34 0)
(-1.54541e-31 1.51022e-31 0)
(-3.47715e-32 1.87266e-32 0)
(-5.93928e-33 2.12712e-33 0)
(-9.5394e-34 2.32541e-34 0)
(-2.43795e-31 5.74907e-31 0)
(-5.40652e-32 5.48741e-32 0)
(-9.10158e-33 4.07889e-33 0)
(-1.44919e-33 2.2454e-34 0)
(-7.1428e-33 9.43202e-31 0)
(-1.57168e-33 8.54786e-32 0)
(-2.62446e-34 5.65661e-33 0)
(-4.15658e-35 2.06063e-34 0)
(2.42694e-31 5.97609e-31 0)
(5.38193e-32 5.67008e-32 0)
(9.05986e-33 4.16022e-33 0)
(1.44264e-33 2.20595e-34 0)
(1.64298e-31 1.52688e-31 0)
(3.70023e-32 1.86396e-32 0)
(6.3256e-33 2.06929e-33 0)
(1.0169e-33 2.20632e-34 0)
(3.33825e-32 4.31255e-32 0)
(7.99188e-33 6.62636e-33 0)
(1.44415e-33 9.61651e-34 0)
(2.40667e-34 1.28979e-34 0)
(5.93683e-33 7.75439e-33 0)
(1.50692e-33 1.33379e-33 0)
(2.84956e-34 2.1292e-34 0)
(4.93744e-35 3.06991e-35 0)
(8.15391e-34 1.39377e-33 0)
(2.15798e-34 2.61622e-34 0)
(4.20395e-35 4.49637e-35 0)
(7.47635e-36 6.87863e-36 0)
(-1.91354e-35 5.27925e-34 0)
(-1.37951e-35 1.27462e-34 0)
(-6.37427e-36 2.47822e-35 0)
(-1.48781e-36 4.34217e-36 0)
(-1.10521e-33 2.54674e-33 0)
(-3.67913e-34 6.52792e-34 0)
(-1.01539e-34 1.26745e-34 0)
(-2.06776e-35 2.23472e-35 0)
(-8.58601e-33 1.86343e-32 0)
(-2.76813e-33 4.50941e-33 0)
(-7.32272e-34 8.30694e-34 0)
(-1.44321e-34 1.40358e-34 0)
(-6.4714e-32 1.1409e-31 0)
(-1.96826e-32 2.5127e-32 0)
(-4.96309e-33 4.27248e-33 0)
(-9.38154e-34 6.72131e-34 0)
(-3.69597e-31 7.21265e-31 0)
(-1.0654e-31 1.40363e-31 0)
(-2.52723e-32 2.119e-32 0)
(-4.55607e-33 3.01303e-33 0)
(-2.09533e-30 3.0237e-30 0)
(-5.15712e-31 4.54249e-31 0)
(-1.14847e-31 5.1737e-32 0)
(-1.95388e-32 5.10839e-33 0)
(-1.78286e-30 1.58263e-29 0)
(-4.26418e-31 1.88473e-30 0)
(-9.38964e-32 1.71721e-31 0)
(-1.57951e-32 1.15308e-32 0)
(1.78286e-30 1.58263e-29 0)
(4.26417e-31 1.88474e-30 0)
(9.38947e-32 1.71724e-31 0)
(1.57946e-32 1.15316e-32 0)
(2.09531e-30 3.02376e-30 0)
(5.15694e-31 4.54331e-31 0)
(1.14833e-31 5.17622e-32 0)
(1.95347e-32 5.11471e-33 0)
(3.69052e-31 7.21742e-31 0)
(1.06302e-31 1.40971e-31 0)
(2.51514e-32 2.13676e-32 0)
(4.5238e-33 3.0555e-33 0)
(5.61145e-32 1.16706e-31 0)
(1.68477e-32 2.84222e-32 0)
(3.91121e-33 5.18222e-33 0)
(6.93619e-34 8.76631e-34 0)
(-9.14991e-32 3.35834e-32 0)
(-2.26405e-32 2.26982e-32 0)
(-6.23064e-33 5.13118e-33 0)
(-1.24783e-33 1.04989e-33 0)
(-8.08373e-31 2.52024e-33 0)
(-1.43977e-31 6.47648e-34 0)
(-3.6487e-32 1.26748e-34 0)
(-6.53856e-33 2.57691e-35 0)
(-9.99574e-32 -1.4618e-32 0)
(-2.53637e-32 -1.8098e-32 0)
(-6.94645e-33 -4.27417e-33 0)
(-1.37772e-33 -8.75054e-34 0)
(-8.58324e-33 -2.57481e-33 0)
(-2.82035e-33 -3.2711e-33 0)
(-1.01497e-33 -8.40871e-34 0)
(-1.33747e-34 5.23606e-35 0)
(-5.27637e-34 -4.56818e-34 0)
(-1.59706e-34 -5.17007e-34 0)
(1.84268e-34 2.88134e-34 0)
(1.00109e-33 1.82178e-33 0)
(8.57754e-35 3.44026e-35 0)
(5.41759e-34 4.92499e-34 0)
(2.34236e-33 3.08655e-33 0)
(8.95281e-33 1.30511e-32 0)
(6.90626e-34 4.15911e-34 0)
(3.86154e-33 2.60773e-33 0)
(1.77413e-32 1.49279e-32 0)
(7.74011e-32 6.6652e-32 0)
(3.2429e-33 1.72247e-33 0)
(1.94905e-32 1.09965e-32 0)
(1.00167e-31 6.63858e-32 0)
(5.08133e-31 3.1434e-31 0)
(3.65281e-35 -6.5334e-36 0)
(4.48639e-36 -2.78159e-37 0)
(5.11353e-37 -9.6992e-39 0)
(5.59958e-38 -1.56837e-40 0)
(5.82122e-39 -1.06277e-40 0)
(5.66478e-40 -1.07319e-40 0)
(3.85972e-41 2.8772e-41 0)
(6.54225e-42 5.61854e-41 0)
(6.05442e-42 1.6955e-41 0)
(1.79763e-42 4.34792e-42 0)
(4.63902e-43 8.20999e-43 0)
(8.62287e-44 1.43034e-43 0)
(1.64498e-47 4.1385e-44 0)
(-8.59993e-44 1.43079e-43 0)
(-4.60915e-43 8.21393e-43 0)
(-1.7604e-42 4.35114e-42 0)
(-5.61207e-42 1.69789e-41 0)
(-1.49343e-42 5.63486e-41 0)
(1.64935e-41 2.97135e-41 0)
(1.22998e-41 -1.02877e-40 0)
(-2.02215e-41 -8.95687e-41 0)
(-2.02215e-41 8.95687e-41 0)
(1.22998e-41 1.02877e-40 0)
(1.64935e-41 -2.97135e-41 0)
(-1.49347e-42 -5.63486e-41 0)
(-5.61239e-42 -1.69786e-41 0)
(-1.76274e-42 -4.34823e-42 0)
(-4.76713e-43 -8.00032e-43 0)
(-1.78468e-43 2.47508e-45 0)
(-4.89351e-43 8.18158e-43 0)
(-1.8354e-42 4.46742e-42 0)
(-5.98277e-42 1.76562e-41 0)
(-2.77517e-42 5.98551e-41 0)
(1.27456e-41 4.21801e-41 0)
(1.69701e-41 -6.44711e-41 0)
(1.52316e-45 -1.21395e-40 0)
(-1.69578e-41 -6.44834e-41 0)
(-1.26618e-41 4.2075e-41 0)
(3.24614e-42 5.90236e-41 0)
(7.4031e-42 1.13102e-41 0)
(-9.38918e-36 3.42321e-36 0)
(-9.66108e-37 7.24521e-37 0)
(-8.61623e-38 8.82542e-38 0)
(-6.73783e-39 8.89565e-39 0)
(-4.1719e-40 8.04689e-40 0)
(-1.47584e-41 5.92489e-41 0)
(-1.14851e-43 8.38869e-42 0)
(4.77241e-43 5.87138e-42 0)
(5.28628e-43 1.6934e-42 0)
(1.57899e-43 4.329e-43 0)
(4.10534e-44 8.22802e-44 0)
(7.70184e-45 1.44312e-44 0)
(5.90025e-48 4.20091e-45 0)
(-7.63638e-45 1.44284e-44 0)
(-4.03851e-44 8.21883e-44 0)
(-1.51558e-43 4.31115e-43 0)
(-4.75421e-43 1.66468e-42 0)
(-1.12977e-43 5.45688e-42 0)
(1.4407e-42 2.85192e-42 0)
(1.0716e-42 -9.95691e-42 0)
(-1.74681e-42 -8.65537e-42 0)
(-1.74681e-42 8.65537e-42 0)
(1.0716e-42 9.95691e-42 0)
(1.4407e-42 -2.85192e-42 0)
(-1.12981e-43 -5.45688e-42 0)
(-4.7545e-43 -1.66464e-42 0)
(-1.51771e-43 -4.30818e-43 0)
(-4.18084e-44 -8.00195e-44 0)
(-1.58623e-44 2.52341e-46 0)
(-4.29433e-44 8.18581e-44 0)
(-1.58209e-43 4.4282e-43 0)
(-5.07786e-43 1.73233e-42 0)
(-2.2255e-43 5.80345e-42 0)
(1.12608e-42 4.06921e-42 0)
(1.4825e-42 -6.26126e-42 0)
(1.54614e-46 -1.17756e-41 0)
(-1.48129e-42 -6.26268e-42 0)
(-1.11812e-42 4.05758e-42 0)
(2.66633e-43 5.71614e-42 0)
(6.40221e-43 1.10225e-42 0)
(-5.25324e-35 -6.2741e-37 0)
(-5.55189e-36 -1.32569e-37 0)
(-5.35625e-37 -1.69609e-38 0)
(-4.79738e-38 -1.81344e-39 0)
(-3.92576e-39 -1.81685e-40 0)
(-2.87391e-40 -1.79013e-41 0)
(-1.79972e-41 -1.29877e-42 0)
(-7.59455e-43 3.43457e-43 0)
(4.83777e-44 1.36427e-43 0)
(2.03275e-44 3.7901e-44 0)
(4.67538e-45 7.41981e-45 0)
(8.10944e-46 1.32487e-45 0)
(1.36001e-47 3.90621e-46 0)
(-6.77522e-46 1.33092e-45 0)
(-3.56056e-45 7.49682e-45 0)
(-1.32343e-44 3.88542e-44 0)
(-4.10641e-44 1.47951e-43 0)
(-9.19618e-45 4.78873e-43 0)
(1.2582e-43 2.48131e-43 0)
(9.33616e-44 -8.73425e-43 0)
(-1.51918e-43 -7.58141e-43 0)
(-1.51918e-43 7.58141e-43 0)
(9.33616e-44 8.73425e-43 0)
(1.2582e-43 -2.48131e-43 0)
(-9.19652e-45 -4.78873e-43 0)
(-4.10668e-44 -1.47948e-43 0)
(-1.32535e-44 -3.88263e-44 0)
(-3.68818e-45 -7.29483e-45 0)
(-1.41063e-45 2.36612e-47 0)
(-3.78966e-45 7.4658e-45 0)
(-1.3825e-44 3.99311e-44 0)
(-4.39115e-44 1.54107e-43 0)
(-1.87264e-44 5.1001e-43 0)
(9.88132e-44 3.55725e-43 0)
(1.29508e-43 -5.51326e-43 0)
(1.51224e-47 -1.03542e-42 0)
(-1.29392e-43 -5.51471e-43 0)
(-9.80671e-44 3.54571e-43 0)
(2.2798e-44 5.01755e-43 0)
(5.62729e-44 9.71002e-44 0)
(3.73607e-36 -3.76737e-36 0)
(6.41712e-37 -8.23534e-37 0)
(9.23808e-38 -1.00629e-37 0)
(1.24691e-38 -1.01324e-38 0)
(1.5253e-39 -9.32472e-40 0)
(1.76731e-40 -8.01944e-41 0)
(1.91405e-41 -6.50886e-42 0)
(1.98217e-42 -4.62983e-43 0)
(1.98134e-43 -2.39678e-44 0)
(1.94878e-44 8.95977e-46 0)
(1.96322e-45 5.0678e-46 0)
(2.02797e-46 1.10333e-46 0)
(1.22714e-47 3.49971e-47 0)
(-5.6258e-47 1.20224e-46 0)
(-2.97841e-46 6.73195e-46 0)
(-1.09654e-45 3.46352e-45 0)
(-3.36769e-45 1.30879e-44 0)
(-7.24817e-46 4.19716e-44 0)
(1.03639e-44 2.15973e-44 0)
(7.67121e-45 -7.65184e-44 0)
(-1.24922e-44 -6.63392e-44 0)
(-1.24922e-44 6.63392e-44 0)
(7.67121e-45 7.65184e-44 0)
(1.03639e-44 -2.15973e-44 0)
(-7.24846e-46 -4.19716e-44 0)
(-3.36792e-45 -1.30876e-44 0)
(-1.09819e-45 -3.46097e-45 0)
(-3.08766e-46 -6.54846e-46 0)
(-1.19057e-46 2.15691e-48 0)
(-3.1738e-46 6.70364e-46 0)
(-1.14633e-45 3.56066e-45 0)
(-3.60539e-45 1.36399e-44 0)
(-1.51124e-45 4.47419e-44 0)
(8.16225e-45 3.10859e-44 0)
(1.06726e-44 -4.84277e-44 0)
(1.38276e-48 -9.08669e-44 0)
(-1.06622e-44 -4.8442e-44 0)
(-8.09686e-45 3.09751e-44 0)
(1.86251e-45 4.39763e-44 0)
(4.6705e-45 8.54735e-45 0)
(4.77604e-35 4.70045e-36 0)
(5.76994e-36 4.17957e-37 0)
(6.42519e-37 4.19944e-38 0)
(6.94477e-38 4.3369e-39 0)
(7.0951e-39 4.47256e-40 0)
(7.01521e-40 4.44807e-41 0)
(6.63559e-41 4.28771e-42 0)
(6.0784e-42 4.00268e-43 0)
(5.36722e-43 3.66311e-44 0)
(4.60209e-44 3.36375e-45 0)
(3.83155e-45 3.14631e-46 0)
(3.11491e-46 3.11884e-47 0)
(2.40117e-47 4.70136e-48 0)
(-2.89149e-48 1.0385e-47 0)
(-2.42931e-47 5.70293e-47 0)
(-8.93399e-47 2.91027e-46 0)
(-2.72232e-46 1.09013e-45 0)
(-5.69414e-47 3.46375e-45 0)
(8.39359e-46 1.77032e-45 0)
(6.19964e-46 -6.3124e-45 0)
(-1.01083e-45 -5.46636e-45 0)
(-1.01083e-45 5.46636e-45 0)
(6.19964e-46 6.3124e-45 0)
(8.39359e-46 -1.77032e-45 0)
(-5.69439e-47 -3.46375e-45 0)
(-2.72252e-46 -1.09011e-45 0)
(-8.94864e-47 -2.90807e-46 0)
(-2.53283e-47 -5.54444e-47 0)
(-9.82199e-48 1.85975e-49 0)
(-2.60416e-47 5.67753e-47 0)
(-9.34532e-47 2.99299e-46 0)
(-2.91694e-46 1.13681e-45 0)
(-1.20849e-46 3.69604e-45 0)
(6.62215e-46 2.55784e-45 0)
(8.64686e-46 -4.00602e-45 0)
(1.21528e-49 -7.50927e-45 0)
(-8.63787e-46 -4.00733e-45 0)
(-6.56647e-46 2.54792e-45 0)
(1.50369e-46 3.62949e-45 0)
(3.81649e-46 7.07849e-46 0)
(-1.74839e-35 2.11593e-35 0)
(-2.18585e-36 2.29528e-36 0)
(-2.50726e-37 2.44914e-37 0)
(-2.75967e-38 2.48806e-38 0)
(-2.86095e-39 2.44956e-39 0)
(-2.85198e-40 2.30875e-40 0)
(-2.71274e-41 2.10596e-41 0)
(-2.4889e-42 1.8506e-42 0)
(-2.19567e-43 1.57708e-43 0)
(-1.87397e-44 1.30179e-44 0)
(-1.54513e-45 1.04562e-45 0)
(-1.23518e-46 8.18326e-47 0)
(-9.62688e-48 6.38896e-48 0)
(-1.10099e-48 1.30417e-48 0)
(-1.97376e-48 4.74371e-48 0)
(-6.98302e-48 2.39109e-47 0)
(-2.11022e-47 8.90378e-47 0)
(-4.29928e-48 2.80847e-46 0)
(6.51446e-47 1.42729e-46 0)
(4.80178e-47 -5.11633e-46 0)
(-7.84029e-47 -4.42631e-46 0)
(-7.84029e-47 4.42631e-46 0)
(4.80177e-47 5.11633e-46 0)
(6.51446e-47 -1.42729e-46 0)
(-4.29946e-48 -2.80847e-46 0)
(-2.11034e-47 -8.90353e-47 0)
(-6.99009e-48 -2.38902e-47 0)
(-1.9917e-48 -4.57979e-48 0)
(-7.76697e-49 1.55495e-50 0)
(-2.04831e-48 4.69068e-48 0)
(-7.30339e-48 2.45946e-47 0)
(-2.26292e-47 9.28903e-47 0)
(-9.27769e-48 2.99901e-46 0)
(5.1476e-47 2.06896e-46 0)
(6.71363e-47 -3.25383e-46 0)
(1.01516e-50 -6.0949e-46 0)
(-6.70622e-47 -3.25498e-46 0)
(-5.10245e-47 2.06038e-46 0)
(1.16429e-47 2.94277e-46 0)
(2.98458e-47 5.75867e-47 0)
(-1.2475e-34 2.3804e-35 0)
(-1.51706e-35 2.37082e-36 0)
(-1.69854e-36 2.4245e-37 0)
(-1.83799e-37 2.4138e-38 0)
(-1.87795e-38 2.35141e-39 0)
(-1.85237e-39 2.20106e-40 0)
(-1.74648e-40 1.99707e-41 0)
(-1.59214e-41 1.7464e-42 0)
(-1.39751e-42 1.48122e-43 0)
(-1.18885e-43 1.21613e-44 0)
(-9.78537e-45 9.70507e-46 0)
(-7.82442e-46 7.52464e-47 0)
(-6.0755e-47 5.6939e-48 0)
(-4.62148e-48 4.84722e-49 0)
(-4.85219e-49 4.02747e-49 0)
(-5.5671e-49 1.88344e-48 0)
(-1.60134e-48 6.96475e-48 0)
(-3.18765e-49 2.1813e-47 0)
(4.94248e-48 1.1025e-47 0)
(3.63655e-48 -3.97246e-47 0)
(-5.94535e-48 -3.43351e-47 0)
(-5.94535e-48 3.43351e-47 0)
(3.63655e-48 3.97246e-47 0)
(4.94249e-48 -1.1025e-47 0)
(-3.18664e-49 -2.1813e-47 0)
(-1.59976e-48 -6.96442e-48 0)
(-5.33284e-49 -1.87987e-48 0)
(-1.52694e-49 -3.62351e-49 0)
(-5.9805e-50 1.2459e-51 0)
(-1.57065e-49 3.71203e-49 0)
(-5.57386e-49 1.93583e-48 0)
(-1.71656e-48 7.26916e-48 0)
(-6.97692e-49 2.33101e-47 0)
(3.91027e-48 1.60317e-47 0)
(5.09518e-48 -2.53165e-47 0)
(8.18226e-52 -4.7387e-47 0)
(-5.08928e-48 -2.53261e-47 0)
(-3.87473e-48 1.59611e-47 0)
(8.81986e-49 2.28564e-47 0)
(2.28104e-48 4.48638e-48 0)
(-1.87957e-34 3.36872e-36 0)
(-2.27272e-35 -8.08131e-37 0)
(-2.53098e-36 -1.39533e-37 0)
(-2.72767e-37 -1.6214e-38 0)
(-2.77648e-38 -1.66756e-39 0)
(-2.73034e-39 -1.59341e-40 0)
(-2.56705e-40 -1.45851e-41 0)
(-2.3347e-41 -1.28158e-42 0)
(-2.04488e-42 -1.09037e-43 0)
(-1.73631e-43 -8.9737e-45 0)
(-1.42672e-44 -7.17402e-46 0)
(-1.13911e-45 -5.56891e-47 0)
(-8.83233e-47 -4.20785e-48 0)
(-6.67058e-48 -3.04547e-49 0)
(-5.01164e-49 6.48534e-51 0)
(-7.44131e-50 1.42738e-49 0)
(-1.19666e-49 5.31726e-49 0)
(-2.30107e-50 1.6559e-48 0)
(3.62399e-49 8.32981e-49 0)
(2.66194e-49 -3.01468e-48 0)
(-4.35741e-49 -2.60357e-48 0)
(-4.35741e-49 2.60357e-48 0)
(2.66194e-49 3.01468e-48 0)
(3.6241e-49 -8.32981e-49 0)
(-2.28435e-50 -1.6559e-48 0)
(-1.17213e-49 -5.31818e-49 0)
(-3.93119e-50 -1.44181e-49 0)
(-1.13088e-50 -2.79102e-50 0)
(-4.44772e-51 9.68489e-53 0)
(-1.16347e-50 2.85967e-50 0)
(-4.11027e-50 1.48505e-49 0)
(-1.25851e-49 5.55277e-49 0)
(-5.07295e-50 1.77059e-48 0)
(2.87058e-49 1.21459e-48 0)
(3.7372e-49 -1.92455e-48 0)
(6.33468e-53 -3.60027e-48 0)
(-3.73267e-49 -1.92533e-48 0)
(-2.84365e-49 1.20898e-48 0)
(6.45651e-50 1.73504e-48 0)
(1.68333e-49 3.41548e-49 0)
(-5.3628e-36 -1.52299e-35 0)
(-6.45992e-37 -3.62276e-36 0)
(-7.16774e-38 -4.74623e-37 0)
(-7.70257e-39 -5.14481e-38 0)
(-7.81924e-40 -5.16702e-39 0)
(-7.67203e-41 -4.89023e-40 0)
(-7.19815e-42 -4.45564e-41 0)
(-6.53484e-43 -3.9036e-42 0)
(-5.71407e-44 -3.31396e-43 0)
(-4.8447e-45 -2.72227e-44 0)
(-3.97542e-46 -2.17283e-45 0)
(-3.17012e-47 -1.68427e-46 0)
(-2.45523e-48 -1.27129e-47 0)
(-1.85333e-49 -9.34049e-49 0)
(-1.43877e-50 -6.4871e-50 0)
(-3.79767e-51 6.00083e-51 0)
(-8.4542e-51 3.89145e-50 0)
(-1.60725e-51 1.21457e-49 0)
(2.59462e-50 6.08298e-50 0)
(1.90288e-50 -2.21094e-49 0)
(-3.11835e-50 -1.90796e-49 0)
(-3.11834e-50 1.90796e-49 0)
(1.90288e-50 2.21094e-49 0)
(2.59465e-50 -6.08306e-50 0)
(-1.60274e-51 -1.21479e-49 0)
(-8.3867e-51 -3.92343e-50 0)
(-2.82756e-51 -1.06817e-50 0)
(-8.16397e-52 -2.07596e-51 0)
(-3.22195e-52 6.98778e-54 0)
(-8.40018e-52 2.12749e-51 0)
(-2.9572e-51 1.10042e-50 0)
(-9.00945e-51 4.09784e-50 0)
(-3.60539e-51 1.29966e-49 0)
(2.0572e-50 8.89337e-50 0)
(2.67629e-50 -1.41378e-49 0)
(4.78752e-54 -2.64329e-49 0)
(-2.67293e-50 -1.41437e-49 0)
(-2.03738e-50 8.8503e-50 0)
(4.6162e-51 1.27281e-49 0)
(1.21244e-50 2.51244e-50 0)
(1.87123e-34 1.8318e-36 0)
(2.26282e-35 -1.02765e-36 0)
(2.52013e-36 -1.6533e-37 0)
(2.71616e-37 -1.89244e-38 0)
(2.76494e-38 -1.93744e-39 0)
(2.71914e-39 -1.84858e-40 0)
(2.55665e-40 -1.69132e-41 0)
(2.32535e-41 -1.48596e-42 0)
(2.03677e-42 -1.26425e-43 0)
(1.7295e-43 -1.04051e-44 0)
(1.42117e-44 -8.31894e-46 0)
(1.13472e-45 -6.45834e-47 0)
(8.79852e-47 -4.88155e-48 0)
(6.6431e-48 -3.59242e-49 0)
(4.88362e-49 -2.56389e-50 0)
(3.48353e-50 -1.03635e-51 0)
(1.86935e-51 2.6964e-51 0)
(5.90727e-53 8.69181e-51 0)
(1.81606e-51 4.34481e-51 0)
(1.32187e-51 -1.58264e-50 0)
(-2.16806e-51 -1.36512e-50 0)
(-2.16756e-51 1.36528e-50 0)
(1.32165e-51 1.58361e-50 0)
(1.80427e-51 -4.33597e-51 0)
(-1.09612e-52 -8.69888e-51 0)
(-5.83115e-52 -2.82502e-51 0)
(-1.97189e-52 -7.72189e-52 0)
(-5.7463e-53 -1.46927e-52 0)
(-2.29839e-53 -3.87326e-54 0)
(-5.85879e-53 1.52815e-52 0)
(-2.06432e-52 7.94688e-52 0)
(-6.26215e-52 2.95149e-51 0)
(-2.48847e-52 9.31783e-51 0)
(1.43146e-51 6.36278e-51 0)
(1.86136e-51 -1.01416e-50 0)
(9.5864e-55 -1.89465e-50 0)
(-1.85939e-51 -1.01369e-50 0)
(-1.41833e-51 6.32375e-51 0)
(3.20666e-52 9.11466e-51 0)
(8.48098e-52 1.8024e-51 0)
(1.33099e-34 2.20534e-35 0)
(1.61973e-35 2.16205e-36 0)
(1.81465e-36 2.19148e-37 0)
(1.96471e-37 2.17122e-38 0)
(2.00842e-38 2.10897e-39 0)
(1.98192e-39 1.96989e-40 0)
(1.86937e-40 1.78419e-41 0)
(1.70479e-41 1.55771e-42 0)
(1.49689e-42 1.31917e-43 0)
(1.27379e-43 1.08141e-44 0)
(1.04877e-44 8.61619e-46 0)
(8.38848e-46 6.66807e-47 0)
(6.51494e-47 5.02583e-48 0)
(4.92616e-48 3.68922e-49 0)
(3.62671e-49 2.64284e-50 0)
(2.6029e-50 1.88143e-51 0)
(1.78601e-51 2.63489e-52 0)
(1.27934e-52 5.98667e-52 0)
(1.37493e-52 3.94682e-52 0)
(8.55322e-53 -1.01823e-51 0)
(-1.52618e-52 -9.25951e-52 0)
(-1.44023e-52 9.48975e-52 0)
(9.32372e-53 1.16808e-51 0)
(1.20107e-52 -2.46964e-52 0)
(-1.22523e-53 -5.71672e-52 0)
(-4.27858e-53 -2.16869e-52 0)
(-8.50051e-54 -6.89658e-53 0)
(-7.64149e-54 4.20259e-53 0)
(-6.67647e-54 -6.6881e-53 0)
(5.75026e-55 -9.52477e-54 0)
(-1.12116e-53 5.52428e-53 0)
(-3.76874e-53 2.28012e-52 0)
(-1.45262e-53 7.20372e-52 0)
(8.83402e-53 4.97541e-52 0)
(1.21476e-52 -7.69511e-52 0)
(9.72499e-54 -1.33946e-51 0)
(-1.28765e-52 -6.28007e-52 0)
(-1.03502e-52 3.82488e-52 0)
(2.36024e-53 6.10376e-52 0)
(6.28706e-53 1.00537e-52 0)
(3.25553e-35 1.54396e-35 0)
(4.05305e-36 1.67662e-36 0)
(4.63517e-37 1.78822e-37 0)
(5.09701e-38 1.8149e-38 0)
(5.2835e-39 1.78408e-39 0)
(5.27242e-40 1.67865e-40 0)
(5.02309e-41 1.52813e-41 0)
(4.61938e-42 1.33981e-42 0)
(4.08671e-43 1.1387e-43 0)
(3.50017e-44 9.36508e-45 0)
(2.89873e-45 7.48331e-46 0)
(2.33041e-46 5.80689e-47 0)
(1.81833e-47 4.38738e-48 0)
(1.38057e-48 3.22767e-49 0)
(1.02004e-49 2.30813e-50 0)
(7.29327e-51 1.32152e-51 0)
(5.19072e-52 -8.05242e-52 0)
(1.97171e-52 -1.86312e-52 0)
(1.14063e-52 1.46584e-51 0)
(-6.82664e-53 1.20565e-51 0)
(-9.73172e-53 2.84534e-52 0)
(3.66815e-53 4.19444e-53 0)
(6.27645e-53 1.04529e-51 0)
(-2.70473e-53 7.90022e-52 0)
(-7.79333e-53 4.7296e-52 0)
(-5.39499e-53 -3.2207e-52 0)
(7.53325e-53 -2.49825e-52 0)
(-5.52684e-53 7.71098e-52 0)
(-7.72477e-53 -9.92565e-52 0)
(6.99635e-53 -2.98935e-52 0)
(4.36075e-53 1.02337e-54 0)
(7.39218e-53 3.50724e-52 0)
(3.48676e-53 1.1593e-51 0)
(-1.36841e-52 8.91064e-52 0)
(-7.23355e-53 -1.03837e-51 0)
(1.4991e-52 -4.2909e-52 0)
(-4.67983e-53 1.10313e-51 0)
(-1.14434e-52 -8.69274e-52 0)
(3.4554e-53 -3.18499e-52 0)
(7.72695e-53 -3.45658e-52 0)
(6.91283e-36 3.86315e-36 0)
(8.81676e-37 4.34206e-37 0)
(1.0292e-37 4.73489e-38 0)
(1.14937e-38 4.88847e-39 0)
(1.20712e-39 4.86744e-40 0)
(1.21714e-40 4.63089e-41 0)
(1.16987e-41 4.2544e-42 0)
(1.08366e-42 3.76087e-43 0)
(9.6466e-44 3.21899e-44 0)
(8.30496e-45 2.66442e-45 0)
(6.90858e-46 2.14104e-46 0)
(5.575e-47 1.66992e-47 0)
(4.36404e-48 1.26741e-48 0)
(3.32164e-49 9.33737e-50 0)
(2.43073e-50 5.44981e-51 0)
(8.8523e-52 -4.11914e-51 0)
(1.98813e-52 -1.40347e-50 0)
(2.51855e-51 -3.5634e-51 0)
(1.60271e-51 2.18554e-50 0)
(-1.15795e-51 1.93281e-50 0)
(-1.37757e-51 5.16227e-51 0)
(6.56774e-52 -6.71507e-52 0)
(8.80687e-52 1.37101e-50 0)
(-4.82347e-52 1.1931e-50 0)
(-1.18287e-51 7.66721e-51 0)
(-8.03613e-52 -4.76886e-51 0)
(1.1422e-51 -3.95581e-51 0)
(-7.89473e-52 1.10452e-50 0)
(-1.13303e-51 -1.43713e-50 0)
(1.04646e-51 -4.30181e-51 0)
(6.7264e-52 2.63204e-53 0)
(1.18155e-51 5.08588e-51 0)
(5.54253e-52 1.68546e-50 0)
(-2.22499e-51 1.29855e-50 0)
(-1.26816e-51 -1.51085e-50 0)
(2.26393e-51 -5.45357e-51 0)
(-5.9212e-52 1.64941e-50 0)
(-1.60005e-51 -1.38662e-50 0)
(5.70653e-52 -5.35651e-51 0)
(1.05132e-51 -4.80107e-51 0)
(1.0682e-36 9.04387e-37 0)
(1.38213e-37 1.05451e-37 0)
(1.63006e-38 1.1804e-38 0)
(1.8344e-39 1.24699e-39 0)
(1.93644e-40 1.26427e-40 0)
(1.96e-41 1.22298e-41 0)
(1.88809e-42 1.13932e-42 0)
(1.75159e-43 1.02032e-43 0)
(1.56001e-44 8.83221e-45 0)
(1.3431e-45 7.38793e-46 0)
(1.11659e-46 5.99204e-47 0)
(9.00254e-48 4.71352e-48 0)
(7.03556e-49 3.59712e-49 0)
(5.21955e-50 2.29548e-50 0)
(-6.19957e-52 -1.70721e-50 0)
(-1.32168e-50 -6.7408e-50 0)
(1.10406e-51 -2.0771e-49 0)
(3.79763e-50 -5.29108e-50 0)
(2.42103e-50 3.22514e-49 0)
(-1.764e-50 2.84827e-49 0)
(-2.11495e-50 7.45945e-50 0)
(9.03439e-51 -1.48979e-50 0)
(1.33285e-50 1.87977e-49 0)
(-6.38798e-51 1.7136e-49 0)
(-1.76567e-50 1.11655e-49 0)
(-1.22887e-50 -7.1845e-50 0)
(1.67217e-50 -6.17816e-50 0)
(-1.10189e-50 1.53786e-49 0)
(-1.6232e-50 -2.02669e-49 0)
(1.52253e-50 -6.01173e-50 0)
(9.92539e-51 1.37498e-51 0)
(1.77879e-50 7.49251e-50 0)
(8.35025e-51 2.48474e-49 0)
(-3.37823e-50 1.91048e-49 0)
(-1.94819e-50 -2.24806e-49 0)
(3.34158e-50 -8.4978e-50 0)
(-8.90223e-51 2.30101e-49 0)
(-2.31172e-50 -2.08617e-49 0)
(9.49909e-51 -7.7472e-50 0)
(1.46251e-50 -6.2674e-50 0)
(-2.88593e-37 6.20319e-37 0)
(-4.37433e-38 7.90803e-38 0)
(-6.12803e-39 9.40032e-39 0)
(-7.72483e-40 1.05644e-39 0)
(-9.16795e-41 1.12257e-40 0)
(-1.01362e-41 1.1382e-41 0)
(-1.06633e-42 1.10202e-42 0)
(-1.06307e-43 1.02495e-43 0)
(-1.01579e-44 9.1643e-45 0)
(-9.29014e-46 7.90759e-46 0)
(-8.18563e-47 6.58633e-47 0)
(-6.94545e-48 5.30489e-48 0)
(-5.73395e-49 4.03099e-49 0)
(-6.44503e-50 -2.37458e-50 0)
(-7.08114e-50 -2.69785e-49 0)
(-1.99786e-49 -9.6877e-49 0)
(1.5459e-50 -2.99323e-48 0)
(5.60649e-49 -7.66008e-49 0)
(3.57116e-49 4.6449e-48 0)
(-2.62126e-49 4.0949e-48 0)
(-3.16877e-49 1.05038e-48 0)
(1.20007e-49 -2.84745e-49 0)
(1.96942e-49 2.50453e-48 0)
(-8.0821e-50 2.40093e-48 0)
(-2.57188e-49 1.58641e-48 0)
(-1.83369e-49 -1.05588e-48 0)
(2.38649e-49 -9.38021e-49 0)
(-1.49092e-49 2.08443e-48 0)
(-2.26295e-49 -2.78522e-48 0)
(2.1583e-49 -8.18089e-49 0)
(1.42823e-49 3.36605e-50 0)
(2.61285e-49 1.07686e-48 0)
(1.22789e-49 3.57517e-48 0)
(-5.00414e-49 2.74323e-48 0)
(-2.91822e-49 -3.26512e-48 0)
(4.81113e-49 -1.28856e-48 0)
(-1.3074e-49 3.12539e-48 0)
(-3.25395e-49 -3.06072e-48 0)
(1.52977e-49 -1.09235e-48 0)
(1.97112e-49 -7.86102e-49 0)
(-3.51152e-36 3.17491e-36 0)
(-4.98412e-37 4.04617e-37 0)
(-6.55329e-38 4.7954e-38 0)
(-7.93024e-39 5.38996e-39 0)
(-9.05957e-40 5.72179e-40 0)
(-9.73891e-41 5.80479e-41 0)
(-9.98456e-42 5.62055e-42 0)
(-9.75198e-43 5.23192e-43 0)
(-9.14563e-44 4.67951e-44 0)
(-8.23419e-45 4.03875e-45 0)
(-7.15135e-46 3.35821e-46 0)
(-5.99029e-47 2.69149e-47 0)
(-4.90553e-48 1.93536e-48 0)
(-6.56104e-49 -6.07916e-49 0)
(-9.95383e-49 -3.77634e-48 0)
(-2.88e-48 -1.35277e-47 0)
(2.14538e-49 -4.19958e-47 0)
(8.07812e-48 -1.08004e-47 0)
(5.14095e-48 6.51304e-47 0)
(-3.80134e-48 5.73144e-47 0)
(-4.6313e-48 1.43895e-47 0)
(1.53971e-48 -4.97309e-48 0)
(2.84035e-48 3.22825e-47 0)
(-9.72828e-49 3.27344e-47 0)
(-3.65641e-48 2.19444e-47 0)
(-2.66958e-48 -1.51015e-47 0)
(3.32232e-48 -1.38232e-47 0)
(-1.95544e-48 2.74037e-47 0)
(-3.07152e-48 -3.71807e-47 0)
(2.98247e-48 -1.08075e-47 0)
(2.0046e-48 6.62687e-49 0)
(3.74569e-48 1.50634e-47 0)
(1.76243e-48 5.00841e-47 0)
(-7.23408e-48 3.83567e-47 0)
(-4.26347e-48 -4.61688e-47 0)
(6.76026e-48 -1.89644e-47 0)
(-1.87434e-48 4.11977e-47 0)
(-4.46339e-48 -4.36986e-47 0)
(2.38524e-48 -1.49851e-47 0)
(2.57231e-48 -9.38546e-48 0)
(-2.37228e-35 1.92695e-35 0)
(-3.29148e-36 2.3918e-36 0)
(-4.24213e-37 2.7789e-37 0)
(-5.05541e-38 3.07559e-38 0)
(-5.70052e-39 3.22435e-39 0)
(-6.06382e-40 3.23777e-40 0)
(-6.16143e-41 3.10781e-41 0)
(-5.97329e-42 2.87151e-42 0)
(-5.56631e-43 2.55e-43 0)
(-4.98334e-44 2.18411e-44 0)
(-4.30484e-45 1.79544e-45 0)
(-3.58404e-46 1.41103e-46 0)
(-2.95448e-47 8.64441e-48 0)
(-6.07677e-48 -9.54047e-48 0)
(-1.36705e-47 -5.12596e-47 0)
(-4.04308e-47 -1.83916e-46 0)
(2.88629e-48 -5.74045e-46 0)
(1.13325e-46 -1.48435e-46 0)
(7.20568e-47 8.89695e-46 0)
(-5.36736e-47 7.8144e-46 0)
(-6.58826e-47 1.91889e-46 0)
(1.89547e-47 -8.11681e-47 0)
(3.98891e-47 4.02916e-46 0)
(-1.0963e-47 4.34694e-46 0)
(-5.06108e-47 2.95771e-46 0)
(-3.78334e-47 -2.10299e-46 0)
(4.4981e-47 -1.97804e-46 0)
(-2.4736e-47 3.49977e-46 0)
(-4.04487e-47 -4.82772e-46 0)
(4.0051e-47 -1.38736e-46 0)
(2.73753e-47 1.15601e-47 0)
(5.22838e-47 2.05136e-46 0)
(2.46421e-47 6.83461e-46 0)
(-1.01819e-46 5.22407e-46 0)
(-6.06297e-47 -6.36026e-46 0)
(9.24459e-47 -2.71004e-46 0)
(-2.6167e-47 5.27811e-46 0)
(-5.94738e-47 -6.07441e-46 0)
(3.59961e-47 -2.00121e-46 0)
(3.23263e-47 -1.0615e-46 0)
(-1.48715e-34 8.743e-35 0)
(-2.00735e-35 1.04211e-35 0)
(-2.52966e-36 1.17825e-36 0)
(-2.96102e-37 1.27791e-37 0)
(-3.29017e-38 1.31974e-38 0)
(-3.45734e-39 1.30934e-39 0)
(-3.47733e-40 1.24464e-40 0)
(-3.34191e-41 1.14044e-41 0)
(-3.09107e-42 1.00293e-42 0)
(-2.74765e-43 8.46964e-44 0)
(-2.35572e-44 6.74609e-45 0)
(-1.94074e-45 4.94221e-46 0)
(-1.63477e-46 7.32012e-48 0)
(-6.3713e-47 -1.32881e-46 0)
(-1.84549e-46 -6.74153e-46 0)
(-5.53181e-46 -2.42661e-45 0)
(3.7562e-47 -7.61829e-45 0)
(1.54885e-45 -1.98133e-45 0)
(9.83956e-46 1.1799e-44 0)
(-7.38333e-46 1.03431e-44 0)
(-9.12639e-46 2.48196e-45 0)
(2.23676e-46 -1.25183e-45 0)
(5.45854e-46 4.83788e-45 0)
(-1.13757e-46 5.60083e-45 0)
(-6.82596e-46 3.87019e-45 0)
(-5.2222e-46 -2.84212e-45 0)
(5.93088e-46 -2.74147e-45 0)
(-3.01922e-46 4.3177e-45 0)
(-5.17507e-46 -6.06782e-45 0)
(5.23332e-46 -1.72266e-45 0)
(3.63975e-46 1.85867e-46 0)
(7.1101e-46 2.71103e-45 0)
(3.35733e-46 9.05504e-45 0)
(-1.39616e-45 6.90952e-45 0)
(-8.3943e-46 -8.5061e-45 0)
(1.23185e-45 -3.75062e-45 0)
(-3.56022e-46 6.53785e-45 0)
(-7.70837e-46 -8.19426e-45 0)
(5.26079e-46 -2.59209e-45 0)
(3.91145e-46 -1.11303e-45 0)
(-6.89937e-34 3.61527e-34 0)
(-9.01773e-35 4.08714e-35 0)
(-1.10566e-35 4.46229e-36 0)
(-1.26771e-36 4.73088e-37 0)
(-1.38466e-37 4.80307e-38 0)
(-1.43537e-38 4.70352e-39 0)
(-1.4274e-39 4.42198e-40 0)
(-1.35918e-40 4.01074e-41 0)
(-1.24717e-41 3.45829e-42 0)
(-1.09844e-42 2.80428e-43 0)
(-9.29385e-44 1.97437e-44 0)
(-7.45184e-45 9.75531e-46 0)
(-6.89652e-46 -3.19039e-46 0)
(-7.23417e-46 -1.71817e-45 0)
(-2.42813e-45 -8.60316e-45 0)
(-7.35005e-45 -3.11089e-44 0)
(4.71566e-46 -9.83167e-44 0)
(2.05525e-44 -2.57356e-44 0)
(1.30451e-44 1.52151e-43 0)
(-9.86104e-45 1.33099e-43 0)
(-1.2271e-44 3.11833e-44 0)
(2.49895e-45 -1.83732e-44 0)
(7.25324e-45 5.60124e-44 0)
(-1.02956e-45 7.01626e-44 0)
(-8.93785e-45 4.92564e-44 0)
(-6.99739e-45 -3.73283e-44 0)
(7.58165e-45 -3.68391e-44 0)
(-3.52616e-45 5.16294e-44 0)
(-6.39871e-45 -7.40355e-44 0)
(6.62288e-45 -2.07364e-44 0)
(4.69441e-45 2.79478e-45 0)
(9.38826e-45 3.48047e-44 0)
(4.44416e-45 1.16636e-43 0)
(-1.85871e-44 8.88411e-44 0)
(-1.12817e-44 -1.10628e-43 0)
(1.59282e-44 -5.03215e-44 0)
(-4.7037e-45 7.85554e-44 0)
(-9.67185e-45 -1.0742e-43 0)
(7.43413e-45 -3.26121e-44 0)
(4.51384e-45 -1.06183e-44 0)
(-2.85236e-33 4.1499e-34 0)
(-3.61211e-34 3.37281e-35 0)
(-4.3272e-35 2.97842e-36 0)
(-4.86248e-36 2.82545e-37 0)
(-5.22717e-37 2.72351e-38 0)
(-5.34335e-38 2.6047e-39 0)
(-5.2527e-39 2.42299e-40 0)
(-4.95131e-40 2.12478e-41 0)
(-4.50109e-41 1.17212e-42 0)
(-3.89419e-42 -6.16512e-44 0)
(-3.17716e-43 -4.56215e-44 0)
(-2.30594e-44 -1.09668e-44 0)
(-2.99895e-45 -5.66211e-45 0)
(-8.78384e-45 -2.119e-44 0)
(-3.11222e-44 -1.06039e-43 0)
(-9.49889e-44 -3.85571e-43 0)
(5.6917e-45 -1.22732e-42 0)
(2.65193e-43 -3.23481e-43 0)
(1.68175e-43 1.89773e-42 0)
(-1.2807e-43 1.65653e-42 0)
(-1.60353e-43 3.78486e-43 0)
(2.63635e-44 -2.57092e-43 0)
(9.37427e-44 6.18508e-43 0)
(-7.22405e-45 8.49533e-43 0)
(-1.13827e-43 6.06352e-43 0)
(-9.11454e-44 -4.74073e-43 0)
(9.42338e-44 -4.77973e-43 0)
(-3.94557e-44 5.92991e-43 0)
(-7.6692e-44 -8.70252e-43 0)
(8.13972e-44 -2.40256e-43 0)
(5.88283e-44 3.97048e-44 0)
(1.20544e-43 4.31981e-43 0)
(5.72182e-44 1.45324e-42 0)
(-2.40614e-43 1.10537e-42 0)
(-1.4732e-43 -1.3916e-42 0)
(2.00372e-43 -6.51798e-43 0)
(-6.04589e-44 9.07907e-43 0)
(-1.17817e-43 -1.36159e-42 0)
(1.01662e-43 -3.96292e-43 0)
(4.96667e-44 -8.50933e-44 0)
(-2.29055e-33 3.40834e-34 0)
(-2.88261e-34 -2.73412e-35 0)
(-3.43793e-35 -6.31598e-36 0)
(-3.84738e-36 -8.17483e-37 0)
(-4.12257e-37 -8.86948e-38 0)
(-4.20173e-38 -8.87173e-39 0)
(-4.12219e-39 -8.32888e-40 0)
(-3.88988e-40 -8.27562e-41 0)
(-3.48816e-41 -1.54334e-41 0)
(-2.37971e-42 -3.22683e-42 0)
(-3.95717e-44 -7.46629e-43 0)
(3.46111e-44 -1.45936e-43 0)
(-1.1451e-44 -6.80089e-44 0)
(-1.06383e-43 -2.51312e-43 0)
(-3.85988e-43 -1.26555e-42 0)
(-1.18766e-42 -4.63267e-42 0)
(6.57412e-44 -1.48701e-41 0)
(3.3098e-42 -3.95013e-42 0)
(2.09711e-42 2.29706e-41 0)
(-1.60895e-42 2.00041e-41 0)
(-2.02641e-42 4.45201e-42 0)
(2.55328e-43 -3.44418e-42 0)
(1.17218e-42 6.54695e-42 0)
(-1.3768e-44 9.9838e-42 0)
(-1.40204e-42 7.24735e-42 0)
(-1.14822e-42 -5.83969e-42 0)
(1.13085e-42 -6.00209e-42 0)
(-4.16442e-43 6.58755e-42 0)
(-8.83498e-43 -9.91244e-42 0)
(9.64472e-43 -2.69209e-42 0)
(7.12313e-43 5.34724e-43 0)
(1.49733e-42 5.1959e-42 0)
(7.13369e-43 1.75682e-41 0)
(-3.01282e-42 1.33418e-41 0)
(-1.86063e-42 -1.69917e-41 0)
(2.43646e-42 -8.16926e-42 0)
(-7.51781e-43 1.01623e-41 0)
(-1.38293e-42 -1.67387e-41 0)
(1.34096e-42 -4.66613e-42 0)
(5.11296e-43 -4.70538e-43 0)
(2.29042e-33 3.40979e-34 0)
(2.88236e-34 -2.73183e-35 0)
(3.43752e-35 -6.31297e-36 0)
(3.84683e-36 -8.17231e-37 0)
(4.12217e-37 -8.85735e-38 0)
(4.2011e-38 -8.68532e-39 0)
(4.09468e-39 -7.33469e-40 0)
(3.68224e-40 -1.47588e-40 0)
(3.87863e-41 -1.08143e-40 0)
(1.1568e-41 -3.12318e-41 0)
(2.92542e-42 -8.06308e-42 0)
(6.91282e-43 -1.62029e-42 0)
(-1.13921e-43 -7.66154e-43 0)
(-1.26936e-42 -2.85943e-42 0)
(-4.64315e-42 -1.4509e-41 0)
(-1.44162e-41 -5.3533e-41 0)
(7.20425e-43 -1.73386e-40 0)
(4.00852e-41 -4.64431e-41 0)
(2.53763e-41 2.67555e-40 0)
(-1.96162e-41 2.32437e-40 0)
(-2.48342e-41 5.03095e-41 0)
(2.23896e-42 -4.40318e-41 0)
(1.42308e-41 6.51004e-41 0)
(7.32459e-43 1.12803e-40 0)
(-1.67629e-41 8.33556e-41 0)
(-1.40308e-41 -6.921e-41 0)
(1.31775e-41 -7.24419e-41 0)
(-4.15522e-42 6.96941e-41 0)
(-9.84462e-42 -1.08027e-40 0)
(1.10784e-41 -2.88306e-41 0)
(8.36203e-42 6.84205e-42 0)
(1.80512e-41 6.01056e-41 0)
(8.63589e-42 2.04399e-40 0)
(-3.66054e-41 1.55077e-40 0)
(-2.27777e-41 -1.99636e-40 0)
(2.87837e-41 -9.83906e-41 0)
(-9.07737e-42 1.08603e-40 0)
(-1.57335e-41 -1.97969e-40 0)
(1.70899e-41 -5.2753e-41 0)
(4.90799e-42 1.24124e-42 0)
(2.85137e-33 4.16111e-34 0)
(3.61038e-34 3.39007e-35 0)
(4.32441e-35 2.99983e-36 0)
(4.8589e-36 2.83575e-37 0)
(5.22607e-37 2.84775e-38 0)
(5.34042e-38 4.87487e-39 0)
(4.96099e-39 1.46381e-39 0)
(2.72404e-40 -7.8175e-40 0)
(8.77581e-41 -1.14205e-39 0)
(1.02982e-40 -3.42078e-40 0)
(3.11318e-41 -8.86504e-41 0)
(7.7157e-42 -1.77157e-41 0)
(-1.31582e-42 -8.3413e-42 0)
(-1.45727e-41 -3.13714e-41 0)
(-5.37292e-41 -1.60619e-40 0)
(-1.6845e-40 -5.98281e-40 0)
(7.38188e-42 -1.95886e-39 0)
(4.66966e-40 -5.29855e-40 0)
(2.95382e-40 3.01911e-39 0)
(-2.30082e-40 2.61571e-39 0)
(-2.92707e-40 5.49689e-40 0)
(1.61191e-41 -5.40014e-40 0)
(1.66355e-40 6.14565e-40 0)
(1.92977e-41 1.23548e-39 0)
(-1.92706e-40 9.29561e-40 0)
(-1.6486e-40 -7.94179e-40 0)
(1.47424e-40 -8.447e-40 0)
(-3.78589e-41 7.12386e-40 0)
(-1.04589e-40 -1.1396e-39 0)
(1.21878e-40 -2.97972e-40 0)
(9.43314e-41 8.32725e-41 0)
(2.09477e-40 6.72135e-40 0)
(1.00841e-40 2.30309e-39 0)
(-4.27751e-40 1.74514e-39 0)
(-2.68154e-40 -2.27322e-39 0)
(3.26904e-40 -1.14444e-39 0)
(-1.05421e-40 1.12372e-39 0)
(-1.71368e-40 -2.2668e-39 0)
(2.09088e-40 -5.76405e-40 0)
(4.17642e-41 8.71629e-41 0)
(6.82866e-34 3.68756e-34 0)
(8.89864e-35 4.19479e-35 0)
(1.08716e-35 4.58218e-36 0)
(1.24592e-36 4.69616e-37 0)
(1.39722e-37 5.96898e-38 0)
(1.43254e-38 2.89839e-38 0)
(-1.82485e-39 1.35714e-38 0)
(-2.36346e-39 -8.65827e-39 0)
(5.04541e-40 -1.23195e-38 0)
(1.12086e-39 -3.64482e-39 0)
(3.44409e-40 -9.34107e-40 0)
(8.52313e-41 -1.84713e-40 0)
(-1.44886e-41 -8.63305e-41 0)
(-1.61569e-40 -3.27482e-40 0)
(-6.01485e-40 -1.69392e-39 0)
(-1.90817e-39 -6.38166e-39 0)
(6.73575e-41 -2.11391e-38 0)
(5.26178e-39 -5.77695e-39 0)
(3.32633e-39 3.2537e-38 0)
(-2.61131e-39 2.81106e-38 0)
(-3.33404e-39 5.7228e-39 0)
(8.14486e-41 -6.2963e-39 0)
(1.88659e-39 5.27685e-39 0)
(3.35801e-40 1.29074e-38 0)
(-2.14254e-39 9.9e-39 0)
(-1.87107e-39 -8.70366e-39 0)
(1.60189e-39 -9.40183e-39 0)
(-3.14014e-40 6.83829e-39 0)
(-1.07322e-39 -1.13801e-38 0)
(1.29825e-39 -2.91181e-39 0)
(1.0296e-39 9.60928e-40 0)
(2.35561e-39 7.17387e-39 0)
(1.14392e-39 2.47905e-38 0)
(-4.83291e-39 1.87795e-38 0)
(-3.04534e-39 -2.47194e-38 0)
(3.60457e-39 -1.27029e-38 0)
(-1.18485e-39 1.09728e-38 0)
(-1.80878e-39 -2.47861e-38 0)
(2.46158e-39 -5.99384e-39 0)
(3.01724e-40 1.77356e-39 0)
(9.99162e-35 1.20655e-34 0)
(1.22975e-35 1.51697e-35 0)
(1.35989e-36 1.54884e-36 0)
(1.78102e-37 -2.07019e-38 0)
(6.16631e-38 1.21877e-37 0)
(4.97679e-39 2.53107e-37 0)
(-3.43087e-38 1.36644e-37 0)
(-2.66178e-38 -9.12173e-38 0)
(5.46399e-39 -1.28475e-37 0)
(1.21028e-38 -3.74638e-38 0)
(3.67497e-39 -9.47424e-39 0)
(9.00245e-40 -1.84952e-39 0)
(-1.51608e-40 -8.56751e-40 0)
(-1.70703e-39 -3.28387e-39 0)
(-6.42967e-39 -1.72012e-38 0)
(-2.06658e-38 -6.57075e-38 0)
(4.61173e-40 -2.20874e-37 0)
(5.63389e-38 -6.11248e-38 0)
(3.56167e-38 3.39436e-37 0)
(-2.81898e-38 2.9229e-37 0)
(-3.6078e-38 5.75003e-38 0)
(-7.86496e-41 -7.04865e-38 0)
(2.04964e-38 4.20621e-38 0)
(5.00393e-39 1.30727e-37 0)
(-2.25737e-38 1.02209e-37 0)
(-2.01184e-38 -9.22734e-38 0)
(1.66038e-38 -1.00978e-37 0)
(-2.10128e-39 6.35724e-38 0)
(-1.03624e-38 -1.10147e-37 0)
(1.31103e-38 -2.74405e-38 0)
(1.07131e-38 1.05403e-38 0)
(2.53233e-38 7.38556e-38 0)
(1.25138e-38 2.58166e-37 0)
(-5.1826e-38 1.95412e-37 0)
(-3.27507e-38 -2.60388e-37 0)
(3.78947e-38 -1.35972e-37 0)
(-1.26274e-38 1.04128e-37 0)
(-1.81298e-38 -2.62159e-37 0)
(2.74366e-38 -6.01013e-38 0)
(1.27431e-39 2.6703e-38 0)
(-2.22414e-34 1.59509e-34 0)
(-3.34672e-35 2.20591e-35 0)
(-4.95216e-36 3.86629e-37 0)
(-2.57098e-37 -1.86947e-36 0)
(4.17674e-37 1.02535e-36 0)
(2.99293e-38 2.47353e-36 0)
(-3.53225e-37 1.34031e-36 0)
(-2.69979e-37 -9.03105e-37 0)
(6.0155e-38 -1.26398e-36 0)
(1.26848e-37 -3.62937e-37 0)
(3.7882e-38 -9.03061e-38 0)
(9.16021e-39 -1.73684e-38 0)
(-1.52458e-39 -7.95987e-39 0)
(-1.73739e-38 -3.08914e-38 0)
(-6.64043e-38 -1.64185e-37 0)
(-2.17179e-37 -6.37931e-37 0)
(-7.84684e-40 -2.1781e-36 0)
(5.75172e-37 -6.10649e-37 0)
(3.64299e-37 3.3414e-36 0)
(-2.90958e-37 2.86764e-36 0)
(-3.71587e-37 5.43307e-37 0)
(-4.37027e-39 -7.43359e-37 0)
(2.17267e-37 2.75632e-37 0)
(6.73077e-38 1.24704e-36 0)
(-2.25293e-37 9.95557e-37 0)
(-2.04268e-37 -9.23299e-37 0)
(1.68639e-37 -1.02368e-36 0)
(-9.3801e-39 5.40857e-37 0)
(-9.67056e-38 -9.90788e-37 0)
(1.28265e-37 -2.4013e-37 0)
(1.07723e-37 1.08697e-37 0)
(2.63931e-37 7.17016e-37 0)
(1.35194e-37 2.5381e-36 0)
(-5.28048e-37 1.92278e-36 0)
(-3.31135e-37 -2.58765e-36 0)
(3.8704e-37 -1.37324e-36 0)
(-1.2772e-37 9.13925e-37 0)
(-1.7756e-37 -2.61652e-36 0)
(2.87639e-37 -5.65227e-37 0)
(-7.8136e-39 3.52234e-37 0)
(-1.10113e-33 1.44814e-35 0)
(-1.58237e-34 6.48355e-36 0)
(-2.37279e-35 -2.14918e-35 0)
(6.0292e-37 -2.08526e-35 0)
(4.32879e-36 9.48724e-36 0)
(3.3784e-37 2.35709e-35 0)
(-3.27148e-36 1.27513e-35 0)
(-2.43942e-36 -8.68216e-36 0)
(6.60356e-37 -1.20538e-35 0)
(1.26034e-36 -3.39026e-36 0)
(3.68757e-37 -8.26721e-37 0)
(8.76859e-38 -1.56028e-37 0)
(-1.43929e-38 -7.05708e-38 0)
(-1.6636e-37 -2.78092e-37 0)
(-6.47964e-37 -1.50567e-36 0)
(-2.16484e-36 -5.97478e-36 0)
(-1.30717e-37 -2.08355e-35 0)
(5.29432e-36 -5.94091e-36 0)
(3.37988e-36 3.18973e-35 0)
(-2.73024e-36 2.72573e-35 0)
(-3.44741e-36 4.95288e-36 0)
(5.59907e-38 -7.5417e-36 0)
(2.21596e-36 1.48645e-36 0)
(8.65605e-37 1.1573e-35 0)
(-1.97501e-36 9.42711e-36 0)
(-1.81638e-36 -8.95161e-36 0)
(1.64179e-36 -1.00214e-35 0)
(4.88317e-38 4.51992e-36 0)
(-8.27602e-37 -8.70814e-36 0)
(1.16833e-36 -2.03396e-36 0)
(1.01999e-36 1.0626e-36 0)
(2.6079e-36 6.70733e-36 0)
(1.45325e-36 2.41733e-35 0)
(-4.79812e-36 1.83127e-35 0)
(-2.90689e-36 -2.4969e-35 0)
(3.71044e-36 -1.33778e-35 0)
(-1.13846e-36 7.91696e-36 0)
(-1.65422e-36 -2.5303e-35 0)
(2.64832e-36 -5.12147e-36 0)
(-3.45656e-37 4.12786e-36 0)
(-2.40301e-34 -3.85598e-35 0)
(-6.30944e-35 3.55258e-35 0)
(-2.73968e-35 -1.92249e-34 0)
(2.60596e-35 -1.84429e-34 0)
(3.93089e-35 8.378e-35 0)
(3.49781e-36 2.07625e-34 0)
(-2.61154e-35 1.11965e-34 0)
(-1.79111e-35 -7.70518e-35 0)
(7.80434e-36 -1.06091e-34 0)
(1.22601e-35 -2.91899e-35 0)
(3.47438e-36 -6.9387e-36 0)
(8.07612e-37 -1.28057e-36 0)
(-1.30167e-37 -5.698e-37 0)
(-1.53288e-36 -2.28812e-36 0)
(-6.12451e-36 -1.26627e-35 0)
(-2.1163e-35 -5.16111e-35 0)
(-3.99972e-36 -1.83969e-34 0)
(4.1289e-35 -5.33485e-35 0)
(2.71235e-35 2.80976e-34 0)
(-2.23324e-35 2.39093e-34 0)
(-2.69799e-35 4.14543e-35 0)
(5.03986e-36 -7.06859e-35 0)
(2.28567e-35 1.28955e-36 0)
(1.10111e-35 9.88177e-35 0)
(-1.32733e-35 8.23387e-35 0)
(-1.21913e-35 -8.01282e-35 0)
(1.64614e-35 -9.06653e-35 0)
(1.78014e-36 3.27094e-35 0)
(-6.87152e-36 -6.8611e-35 0)
(1.03562e-35 -1.54657e-35 0)
(9.35018e-36 9.58096e-36 0)
(2.52149e-35 5.78803e-35 0)
(1.66721e-35 2.12649e-34 0)
(-3.55146e-35 1.61569e-34 0)
(-1.83197e-35 -2.22208e-34 0)
(3.44867e-35 -1.20382e-34 0)
(-7.89483e-36 6.09771e-35 0)
(-1.58768e-35 -2.25834e-34 0)
(1.85363e-35 -4.23581e-35 0)
(-6.65802e-36 4.4467e-35 0)
(2.95994e-35 8.29193e-34 0)
(-1.28859e-34 4.75881e-34 0)
(-1.09228e-34 -1.63558e-33 0)
(1.46035e-34 -1.58857e-33 0)
(2.36554e-34 7.24042e-34 0)
(3.06839e-35 1.78486e-33 0)
(-1.15592e-34 9.58523e-34 0)
(-3.85358e-35 -6.69551e-34 0)
(9.92897e-35 -9.11011e-34 0)
(1.12451e-34 -2.42623e-34 0)
(3.0425e-35 -5.58744e-35 0)
(6.84374e-36 -1.00163e-35 0)
(-1.07811e-36 -4.36807e-36 0)
(-1.29969e-35 -1.79511e-35 0)
(-5.38706e-35 -1.0223e-34 0)
(-1.95452e-34 -4.30678e-34 0)
(-9.16853e-35 -1.58711e-33 0)
(1.55468e-34 -4.71495e-34 0)
(1.23917e-34 2.41729e-33 0)
(-1.09135e-34 2.04421e-33 0)
(-1.01319e-34 3.35628e-34 0)
(1.5591e-34 -6.40568e-34 0)
(2.36337e-34 -6.30826e-35 0)
(1.43464e-34 8.29936e-34 0)
(4.97624e-36 7.05643e-34 0)
(9.81137e-36 -6.99716e-34 0)
(1.67213e-34 -7.95773e-34 0)
(3.22111e-35 2.46586e-34 0)
(-4.87307e-35 -5.43382e-34 0)
(8.2114e-35 -1.15747e-34 0)
(7.90636e-35 8.14898e-35 0)
(2.29856e-34 4.81585e-34 0)
(2.06509e-34 1.82335e-33 0)
(-7.99844e-35 1.38782e-33 0)
(5.20016e-35 -1.93619e-33 0)
(2.85162e-34 -1.04858e-33 0)
(-8.48627e-37 4.87871e-34 0)
(-1.54096e-34 -1.96699e-33 0)
(-3.25013e-36 -3.38704e-34 0)
(-1.12108e-34 4.37813e-34 0)
(1.19221e-33 6.50268e-33 0)
(1.0722e-33 3.70218e-33 0)
(7.30759e-34 -1.23195e-32 0)
(-4.08136e-34 -1.19931e-32 0)
(-1.12875e-35 5.47226e-33 0)
(2.62558e-34 1.34321e-32 0)
(1.11926e-33 7.18074e-33 0)
(1.85649e-33 -5.0916e-33 0)
(1.38054e-33 -6.84768e-33 0)
(1.03882e-33 -1.76375e-33 0)
(2.60558e-34 -3.8969e-34 0)
(5.59416e-35 -6.74576e-35 0)
(-8.53689e-36 -2.86645e-35 0)
(-1.0633e-34 -1.21345e-34 0)
(-4.64124e-34 -7.15123e-34 0)
(-1.82484e-33 -3.14641e-33 0)
(-1.76809e-33 -1.19841e-32 0)
(-2.51609e-33 -3.6418e-33 0)
(-1.05297e-33 1.81955e-32 0)
(7.15068e-34 1.52993e-32 0)
(1.66197e-33 2.36093e-33 0)
(3.51114e-33 -5.09885e-33 0)
(2.63186e-33 -1.25017e-33 0)
(1.91452e-33 6.07096e-33 0)
(2.25357e-33 5.28568e-33 0)
(2.25445e-33 -5.35049e-33 0)
(1.90583e-33 -6.13043e-33 0)
(4.36889e-34 1.40119e-33 0)
(-3.3298e-34 -3.54375e-33 0)
(6.39648e-34 -7.22128e-34 0)
(6.52472e-34 6.08828e-34 0)
(2.10873e-33 3.50991e-33 0)
(2.80612e-33 1.37061e-32 0)
(3.61056e-33 1.05153e-32 0)
(4.42075e-33 -1.47394e-32 0)
(2.13361e-33 -8.01345e-33 0)
(1.28687e-33 3.17098e-33 0)
(-1.72003e-33 -1.49933e-32 0)
(-3.26437e-33 -2.32583e-33 0)
(-1.7188e-33 3.8823e-33 0)
(1.69479e-32 4.85669e-32 0)
(4.30687e-32 2.87015e-32 0)
(3.35426e-32 -9.18775e-32 0)
(-3.11038e-32 -8.96858e-32 0)
(-3.40647e-32 4.10683e-32 0)
(2.01084e-33 9.98378e-32 0)
(4.3405e-32 5.30485e-32 0)
(4.99609e-32 -3.85258e-32 0)
(1.83764e-32 -5.08134e-32 0)
(8.85079e-33 -1.23353e-32 0)
(1.9977e-33 -2.59843e-33 0)
(4.00126e-34 -4.30248e-34 0)
(-5.85693e-35 -1.7752e-34 0)
(-7.61411e-34 -7.77105e-34 0)
(-3.58827e-33 -4.78598e-33 0)
(-1.57575e-32 -2.21257e-32 0)
(-2.82334e-32 -8.963e-32 0)
(-8.30019e-32 -2.83081e-32 0)
(-4.29464e-32 1.35626e-31 0)
(3.33572e-32 1.1279e-31 0)
(5.41016e-32 1.6089e-32 0)
(6.23197e-32 -3.9515e-32 0)
(2.88776e-32 -1.13476e-32 0)
(2.45031e-32 4.46834e-32 0)
(5.3279e-32 3.95681e-32 0)
(5.28151e-32 -4.04567e-32 0)
(2.1514e-32 -4.61632e-32 0)
(5.4383e-33 1.07267e-32 0)
(-1.35875e-33 -2.55945e-32 0)
(3.94204e-33 -4.68857e-33 0)
(4.73121e-33 4.22714e-33 0)
(1.78513e-32 2.45538e-32 0)
(3.69499e-32 1.01546e-31 0)
(9.8241e-32 7.85008e-32 0)
(9.90276e-32 -1.11744e-31 0)
(8.73173e-33 -5.95484e-32 0)
(3.19468e-32 2.51127e-32 0)
(-1.92598e-32 -1.13219e-31 0)
(-7.95175e-32 -1.5673e-32 0)
(-2.41549e-32 3.11571e-32 0)
(2.06435e-31 2.64058e-31 0)
(7.27459e-31 1.60976e-31 0)
(5.85207e-31 -4.98679e-31 0)
(-5.67314e-31 -4.88111e-31 0)
(-6.51347e-31 2.2406e-31 0)
(1.49702e-32 5.40546e-31 0)
(7.29833e-31 2.85406e-31 0)
(7.88028e-31 -2.11879e-31 0)
(2.17443e-31 -2.74642e-31 0)
(7.51591e-32 -6.29723e-32 0)
(1.48887e-32 -1.24252e-32 0)
(2.75221e-33 -1.95158e-33 0)
(-3.81993e-34 -7.73692e-34 0)
(-5.24576e-33 -3.54309e-33 0)
(-2.69808e-32 -2.29809e-32 0)
(-1.35782e-31 -1.13753e-31 0)
(-3.62034e-31 -4.87869e-31 0)
(-1.36984e-30 -1.59165e-31 0)
(-7.26769e-31 7.35479e-31 0)
(5.83519e-31 6.06006e-31 0)
(8.78473e-31 7.91225e-32 0)
(8.8288e-31 -2.24273e-31 0)
(3.05077e-31 -9.12056e-32 0)
(2.78249e-31 2.37604e-31 0)
(8.14525e-31 2.14879e-31 0)
(8.079e-31 -2.22782e-31 0)
(2.36338e-31 -2.54263e-31 0)
(5.60855e-32 4.18509e-32 0)
(-3.82765e-33 -1.16969e-31 0)
(2.43498e-32 -2.05945e-32 0)
(3.34314e-32 2.1665e-32 0)
(1.5068e-31 1.25805e-31 0)
(4.34241e-31 5.50077e-31 0)
(1.55446e-30 4.36286e-31 0)
(1.50647e-30 -6.13565e-31 0)
(-5.39658e-32 -3.23816e-31 0)
(5.12333e-31 1.23348e-31 0)
(-2.13969e-31 -6.21796e-31 0)
(-1.25543e-30 -7.4907e-32 0)
(-2.89996e-31 1.95805e-31 0)
(1.87102e-30 1.4574e-30 0)
(8.72689e-30 9.68396e-31 0)
(7.27643e-30 -2.76919e-30 0)
(-7.17844e-30 -2.72185e-30 0)
(-8.23823e-30 1.26442e-30 0)
(8.34746e-32 2.97007e-30 0)
(8.7393e-30 1.55301e-30 0)
(9.1302e-30 -1.21028e-30 0)
(1.93556e-30 -1.50486e-30 0)
(4.84612e-31 -2.95441e-31 0)
(8.31157e-32 -5.51314e-32 0)
(1.38064e-32 -8.16443e-33 0)
(-1.79616e-33 -3.1469e-33 0)
(-2.63645e-32 -1.48764e-32 0)
(-1.52226e-31 -1.02423e-31 0)
(-8.87776e-31 -5.36706e-31 0)
(-3.39825e-30 -2.72086e-30 0)
(-1.639e-29 -9.60932e-31 0)
(-8.72452e-30 4.08995e-30 0)
(7.26465e-30 3.27557e-30 0)
(1.02056e-29 3.65637e-31 0)
(9.63152e-30 -1.26211e-30 0)
(2.49103e-30 -2.88692e-31 0)
(2.42989e-30 1.34356e-30 0)
(9.29382e-30 1.22216e-30 0)
(9.22821e-30 -1.25953e-30 0)
(1.96521e-30 -1.39347e-30 0)
(4.70808e-31 5.3732e-31 0)
(7.09435e-32 -8.86775e-31 0)
(5.65172e-32 -1.12365e-31 0)
(1.7091e-31 9.68543e-32 0)
(9.67478e-31 5.89274e-31 0)
(3.86085e-30 3.01003e-30 0)
(1.80753e-29 2.46188e-30 0)
(1.7263e-29 -3.51969e-30 0)
(-2.37359e-30 -1.72106e-30 0)
(6.28556e-30 1.14134e-30 0)
(-1.79417e-30 -3.53405e-30 0)
(-1.49168e-29 -3.70916e-31 0)
(-2.68942e-30 9.85612e-31 0)
)
;

boundaryField
{
    leftWall
    {
        type            fixedValue;
        value           nonuniform 0();
    }
    rightWall
    {
        type            fixedValue;
        value           uniform (0 0 0);
    }
    lowerWall
    {
        type            fixedValue;
        value           uniform (0 0 0);
    }
    atmosphere
    {
        type            pressureInletOutletVelocity;
        value           nonuniform 0();
    }
    defaultFaces
    {
        type            empty;
    }
    procBoundary1to0
    {
        type            processor;
        value           nonuniform List<vector> 
44
(
(-1.06062e-38 -4.0299e-38 0)
(-9.22575e-38 -2.82203e-37 0)
(-6.19421e-37 -1.77087e-36 0)
(-3.96135e-36 -1.05481e-35 0)
(-2.4175e-35 -5.9125e-35 0)
(-1.38897e-34 -3.13182e-34 0)
(-7.54475e-34 -1.52672e-33 0)
(-3.72436e-33 -7.02229e-33 0)
(-1.71296e-32 -2.80336e-32 0)
(-6.31368e-32 -1.10087e-31 0)
(-2.63185e-31 -3.35579e-31 0)
(9.38665e-32 -1.84929e-30 0)
(6.30164e-31 2.68307e-31 0)
(2.68184e-32 2.17356e-30 0)
(-2.87869e-31 4.28076e-31 0)
(6.15547e-32 3.14391e-31 0)
(6.47619e-31 9.69007e-31 0)
(1.05964e-30 4.77704e-30 0)
(3.1599e-32 8.19507e-30 0)
(-1.0554e-30 4.99077e-30 0)
(-7.4845e-35 4.53301e-30 0)
(-7.4845e-35 4.53301e-30 0)
(-1.01507e-35 9.46653e-31 0)
(3.62422e-37 1.35316e-31 0)
(1.42007e-35 2.07085e-32 0)
(1.27103e-34 2.97036e-33 0)
(1.10287e-33 2.70786e-33 0)
(8.4771e-33 1.75484e-32 0)
(6.38974e-32 1.07256e-31 0)
(3.65215e-31 6.77642e-31 0)
(2.06651e-30 2.84545e-30 0)
(1.7577e-30 1.48571e-29 0)
(-1.7577e-30 1.4857e-29 0)
(-2.06652e-30 2.84537e-30 0)
(-3.65437e-31 6.77051e-31 0)
(-6.65344e-32 1.04056e-31 0)
(-3.20421e-32 -7.14355e-35 0)
(-1.34293e-31 2.36942e-33 0)
(-2.36921e-32 1.7895e-32 0)
(-2.65113e-33 3.23339e-33 0)
(-2.23192e-34 5.9498e-34 0)
(-1.4204e-35 8.17373e-35 0)
(1.44218e-35 1.81801e-35 0)
(6.68673e-35 3.04516e-35 0)
)
;
    }
    procBoundary1to3
    {
        type            processor;
        value           nonuniform List<vector> 
45
(
(2.03686e-33 7.6945e-38 0)
(1.38418e-32 -9.56951e-38 0)
(8.75043e-32 -1.22408e-37 0)
(4.71564e-31 -4.10836e-38 0)
(2.67318e-30 -1.12582e-38 0)
(1.05908e-29 -2.20252e-39 0)
(7.10563e-29 -3.90617e-40 0)
(6.27149e-29 5.28049e-41 0)
(-6.22584e-29 9.52708e-41 0)
(-6.84975e-29 -4.82692e-41 0)
(3.91371e-31 -1.11421e-40 0)
(7.11124e-29 -5.80777e-41 0)
(7.32157e-29 4.55772e-41 0)
(1.08851e-29 5.63944e-41 0)
(2.54154e-30 1.081e-41 0)
(3.89892e-31 1.49129e-42 0)
(6.20983e-32 -4.41013e-42 0)
(-7.68939e-33 -4.92755e-41 0)
(-1.1878e-31 -4.94235e-40 0)
(-7.16852e-31 -4.63946e-39 0)
(-4.70036e-30 -3.76336e-38 0)
(-1.92819e-29 -2.1414e-37 0)
(-1.35856e-28 6.95687e-37 0)
(-7.10467e-29 4.68017e-35 0)
(6.26581e-29 9.41102e-34 0)
(7.95072e-29 1.29109e-32 0)
(7.57404e-29 1.3312e-31 0)
(1.3761e-29 9.66824e-31 0)
(1.35621e-29 1.33166e-31 0)
(7.39988e-29 1.38052e-32 0)
(7.36617e-29 1.29109e-32 0)
(1.09444e-29 1.20256e-31 0)
(2.57072e-30 8.33704e-31 0)
(4.25958e-31 -8.33703e-31 0)
(1.79282e-31 -1.20161e-31 0)
(7.82877e-31 -1.10053e-32 0)
(5.05553e-30 1.23417e-32 0)
(2.16338e-29 1.36465e-31 0)
(1.45299e-28 9.92052e-31 0)
(1.40546e-28 1.49374e-31 0)
(-3.49248e-29 1.46308e-31 0)
(5.68074e-29 9.66885e-31 0)
(-1.01145e-29 1.21153e-31 0)
(-1.27322e-28 -1.07723e-31 0)
(-1.61237e-29 -8.33942e-31 0)
)
;
    }
}


// ************************************************************************* //
