/*--------------------------------*- C++ -*----------------------------------*\
| =========                 |                                                 |
| \\      /  F ield         | OpenFOAM: The Open Source CFD Toolbox           |
|  \\    /   O peration     | Version:  2.4.0                                 |
|   \\  /    A nd           | Web:      www.OpenFOAM.org                      |
|    \\/     M anipulation  |                                                 |
\*---------------------------------------------------------------------------*/
FoamFile
{
    version     2.0;
    format      ascii;
    class       volVectorField;
    location    "0.5";
    object      U;
}
// * * * * * * * * * * * * * * * * * * * * * * * * * * * * * * * * * * * * * //

dimensions      [0 1 -1 0 0 0 0];

internalField   nonuniform List<vector> 
1935
(
(1.15097e-34 2.6004e-39 0)
(1.43868e-35 -8.79295e-36 0)
(2.41445e-36 -1.21598e-36 0)
(2.93559e-37 -1.25501e-36 0)
(-1.05357e-36 -1.18208e-35 0)
(-7.5907e-35 -1.51439e-34 0)
(-2.28389e-33 -1.30335e-33 0)
(-4.99309e-32 -1.49813e-32 0)
(-7.27797e-31 -5.85934e-32 0)
(-4.85795e-32 -7.13612e-31 0)
(1.25196e-32 -3.49288e-30 0)
(-1.77215e-33 -5.20242e-29 0)
(-3.0293e-32 1.0888e-30 0)
(-1.09042e-33 5.31961e-29 0)
(1.51494e-32 3.5924e-30 0)
(1.38411e-33 7.4549e-31 0)
(-5.73854e-36 1.18488e-31 0)
(-1.35174e-33 7.62252e-31 0)
(-1.528e-32 3.11029e-30 0)
(2.11223e-32 5.50342e-29 0)
(5.23455e-32 -6.72308e-29 0)
(-1.77614e-32 -1.26641e-28 0)
(-5.29904e-32 -5.85003e-30 0)
(1.8869e-32 5.70179e-29 0)
(5.38254e-32 -7.08554e-29 0)
(-3.67074e-32 -1.31256e-28 0)
(-3.89071e-32 5.82873e-29 0)
(1.23791e-32 1.66244e-30 0)
(-6.84483e-32 6.71781e-31 0)
(-1.02377e-30 -5.71542e-30 0)
(-7.1908e-32 -7.12325e-29 0)
(-2.35141e-32 -4.81937e-30 0)
(-1.97126e-33 -9.84457e-31 0)
(-2.24928e-34 -8.08248e-32 0)
(2.97667e-37 -1.98074e-32 0)
(2.29085e-34 -7.78957e-32 0)
(1.80005e-33 -9.95514e-31 0)
(2.01532e-32 -4.1065e-30 0)
(-2.76502e-32 -7.25602e-29 0)
(-6.90377e-32 8.79803e-29 0)
(2.1296e-32 1.67246e-28 0)
(4.80853e-32 1.20652e-29 0)
(4.28824e-33 2.52827e-30 0)
(1.1131e-33 -2.85308e-39 0)
(1.10929e-32 -3.29864e-39 0)
(8.14445e-32 -6.06791e-40 0)
(7.60395e-31 -1.18239e-40 0)
(1.36161e-34 -1.00682e-34 0)
(1.28425e-33 -9.25744e-34 0)
(9.14481e-33 -9.01972e-33 0)
(7.60199e-32 -6.07234e-32 0)
(2.15104e-35 -1.25967e-35 0)
(1.90018e-34 -1.13573e-34 0)
(1.18166e-33 -1.04408e-33 0)
(8.46657e-33 -6.76449e-33 0)
(2.09801e-36 -1.4004e-36 0)
(1.68828e-35 -1.73202e-35 0)
(9.85749e-35 -1.5901e-34 0)
(6.31212e-34 -9.48243e-34 0)
(-5.02871e-37 7.38858e-36 0)
(5.48589e-37 7.67316e-36 0)
(8.30938e-36 -1.27516e-35 0)
(5.58372e-35 -8.1778e-35 0)
(-7.05585e-35 9.41331e-35 0)
(-2.17743e-35 1.15734e-34 0)
(-1.1369e-35 1.71805e-35 0)
(2.0939e-36 -4.89317e-36 0)
(-2.19764e-33 6.82157e-34 0)
(-4.49511e-34 8.63814e-34 0)
(-1.63297e-34 1.3333e-34 0)
(-2.30562e-35 1.98838e-35 0)
(-4.87874e-32 7.12129e-33 0)
(-7.04528e-33 8.98722e-33 0)
(-1.4855e-33 1.1967e-33 0)
(-1.82759e-34 1.7651e-34 0)
(-7.14456e-31 -8.67897e-33 0)
(-7.35142e-32 -1.29783e-33 0)
(-1.48152e-32 -1.37324e-34 0)
(-1.62477e-33 -1.49868e-35 0)
(8.93905e-33 -1.02147e-31 0)
(1.73263e-33 -2.1687e-32 0)
(-8.93334e-35 -2.41002e-33 0)
(-3.02163e-35 -3.01198e-34 0)
(6.15773e-31 -4.40112e-31 0)
(7.95534e-32 -3.32194e-32 0)
(1.20784e-32 -1.816e-33 0)
(1.23564e-33 -7.7124e-35 0)
(-7.24772e-32 -4.55182e-30 0)
(-1.07847e-32 -2.80597e-31 0)
(-1.72071e-33 -1.27677e-32 0)
(-1.87612e-34 -3.21183e-34 0)
(-1.26653e-30 9.8584e-32 0)
(-1.64477e-31 6.32271e-33 0)
(-2.52284e-32 3.04751e-34 0)
(-2.6006e-33 9.78114e-36 0)
(-4.7051e-32 4.66085e-30 0)
(-7.44434e-33 2.87713e-31 0)
(-1.19862e-33 1.31144e-32 0)
(-1.32926e-34 3.31948e-34 0)
(6.3251e-31 4.51968e-31 0)
(8.19466e-32 3.35278e-32 0)
(1.25426e-32 1.7679e-33 0)
(1.29043e-33 6.3184e-35 0)
(5.91636e-32 9.72744e-32 0)
(8.99855e-33 1.30073e-32 0)
(1.43224e-33 1.2433e-33 0)
(1.5657e-34 1.2776e-34 0)
(-2.16513e-34 1.75099e-32 0)
(-2.48612e-35 2.58825e-33 0)
(-3.08155e-36 2.71847e-34 0)
(-2.11874e-37 2.94323e-35 0)
(-5.67513e-32 9.79747e-32 0)
(-8.57112e-33 1.28731e-32 0)
(-1.3372e-33 1.20922e-33 0)
(-1.44448e-34 1.22735e-34 0)
(-6.34987e-31 3.85593e-31 0)
(-8.03626e-32 2.09196e-32 0)
(-1.21949e-32 3.56221e-34 0)
(-1.2398e-33 -9.86483e-35 0)
(8.86452e-31 4.61735e-30 0)
(1.18223e-31 2.69374e-31 0)
(1.82628e-32 1.1155e-32 0)
(1.90416e-33 1.36492e-34 0)
(2.18765e-30 -6.08432e-30 0)
(2.83866e-31 -3.90016e-31 0)
(4.3511e-32 -1.87948e-32 0)
(4.48241e-33 -6.06862e-34 0)
(-7.41321e-31 -1.12568e-29 0)
(-9.60416e-32 -7.02638e-31 0)
(-1.46934e-32 -3.24511e-32 0)
(-1.51125e-33 -8.64945e-34 0)
(-2.21225e-30 -7.47273e-31 0)
(-2.86428e-31 -7.07512e-32 0)
(-4.38331e-32 -5.21799e-33 0)
(-4.50852e-33 -4.08258e-34 0)
(7.87006e-31 4.70483e-30 0)
(1.019e-31 2.57745e-31 0)
(1.55748e-32 9.06565e-33 0)
(1.60085e-33 -1.45931e-34 0)
(2.24636e-30 -6.38711e-30 0)
(2.8947e-31 -4.03596e-31 0)
(4.42594e-32 -1.89452e-32 0)
(4.54377e-33 -5.39785e-34 0)
(-1.53314e-30 -1.15309e-29 0)
(-1.97492e-31 -7.20188e-31 0)
(-3.02294e-32 -3.36282e-32 0)
(-3.10523e-33 -9.70973e-34 0)
(-1.62291e-30 4.76109e-30 0)
(-2.12198e-31 2.79273e-31 0)
(-3.25955e-32 1.20705e-32 0)
(-3.36941e-33 2.51432e-34 0)
(6.47998e-31 2.38604e-31 0)
(8.06465e-32 4.67363e-33 0)
(1.20987e-32 -1.0669e-33 0)
(1.21505e-33 -2.33655e-34 0)
(6.46225e-32 5.55019e-32 0)
(1.02886e-32 1.32739e-32 0)
(1.07097e-33 1.50182e-33 0)
(8.52159e-35 2.14268e-34 0)
(-1.71645e-31 -6.81126e-31 0)
(5.23704e-33 -4.97773e-32 0)
(-4.28785e-33 -2.62265e-33 0)
(-5.83435e-34 -9.67221e-35 0)
(-8.13537e-32 -6.29334e-30 0)
(-1.15709e-32 -4.09697e-31 0)
(-2.35653e-33 -2.06374e-32 0)
(-2.85473e-34 -8.55772e-34 0)
(-8.49312e-31 -6.09247e-31 0)
(-1.10553e-31 -4.71874e-32 0)
(-1.70928e-32 -2.70161e-33 0)
(-1.77144e-33 -1.31893e-34 0)
(-7.99442e-32 -1.28615e-31 0)
(-1.22009e-32 -1.73457e-32 0)
(-1.96074e-33 -1.66884e-33 0)
(-2.15765e-34 -1.73219e-34 0)
(-1.05572e-32 -1.20074e-32 0)
(-1.66098e-33 -1.81612e-33 0)
(-2.91993e-34 -1.93733e-34 0)
(-3.36444e-35 -2.13614e-35 0)
(1.78954e-36 -3.00149e-33 0)
(-2.35976e-37 -5.12584e-34 0)
(-3.1972e-37 -5.8321e-35 0)
(-5.84227e-38 -6.84442e-36 0)
(1.07434e-32 -1.14935e-32 0)
(1.67567e-33 -1.68189e-33 0)
(2.91425e-34 -1.75553e-34 0)
(3.32835e-35 -1.88785e-35 0)
(7.57202e-32 -1.27746e-31 0)
(1.14506e-32 -1.6729e-32 0)
(1.79052e-33 -1.5666e-33 0)
(1.93743e-34 -1.58572e-34 0)
(8.37532e-31 -5.09112e-31 0)
(1.06018e-31 -2.76917e-32 0)
(1.60892e-32 -4.80505e-34 0)
(1.63588e-33 1.28935e-34 0)
(-1.16056e-30 -6.08932e-30 0)
(-1.54824e-31 -3.55249e-31 0)
(-2.39216e-32 -1.47052e-32 0)
(-2.49468e-33 -1.78644e-34 0)
(-2.88653e-30 7.9668e-30 0)
(-3.74855e-31 5.11674e-31 0)
(-5.74952e-32 2.47561e-32 0)
(-5.92657e-33 8.13126e-34 0)
(8.88147e-31 1.49071e-29 0)
(1.13301e-31 9.39736e-31 0)
(1.72917e-32 4.42425e-32 0)
(1.76814e-33 1.30304e-33 0)
(2.01099e-30 1.52558e-30 0)
(2.62848e-31 1.22842e-31 0)
(4.03686e-32 7.417e-33 0)
(4.172e-33 4.05001e-34 0)
(1.8113e-31 3.34372e-31 0)
(2.77269e-32 4.29505e-32 0)
(4.4535e-33 4.00104e-33 0)
(4.90843e-34 3.99203e-34 0)
(3.74212e-30 -3.08946e-41 0)
(4.40136e-29 -1.53009e-41 0)
(4.09478e-29 3.34825e-41 0)
(-4.08734e-29 3.33089e-41 0)
(-4.32959e-29 -1.59115e-41 0)
(6.61543e-32 -3.51707e-41 0)
(4.40209e-29 -1.79943e-41 0)
(4.46643e-29 1.56157e-41 0)
(3.78219e-30 1.77194e-41 0)
(7.16239e-31 2.10663e-42 0)
(6.60761e-32 3.08589e-43 0)
(7.9776e-33 1.36462e-44 0)
(-6.35633e-34 -2.39803e-43 0)
(-1.54505e-32 -3.66483e-42 0)
(-1.24121e-31 -5.40971e-41 0)
(-1.36702e-30 -6.95397e-40 0)
(-6.85543e-30 -7.73922e-39 0)
(-8.56031e-29 -1.97697e-38 0)
(-4.40128e-29 2.03061e-36 0)
(4.09401e-29 8.90663e-35 0)
(4.70936e-29 2.3191e-33 0)
(4.53744e-29 4.48707e-32 0)
(4.5571e-30 5.89265e-31 0)
(4.52003e-30 4.48727e-32 0)
(4.4797e-29 2.40613e-33 0)
(4.47375e-29 2.3191e-33 0)
(3.78546e-30 4.25536e-32 0)
(7.23295e-31 5.44394e-31 0)
(7.37152e-32 -5.44394e-31 0)
(1.87875e-32 -4.25495e-32 0)
(1.3197e-31 -2.13873e-33 0)
(1.42768e-30 2.2903e-33 0)
(7.53544e-30 4.59979e-32 0)
(8.88586e-29 6.04157e-31 0)
(8.69639e-29 4.8317e-32 0)
(-3.10095e-29 4.72459e-32 0)
(3.85833e-29 5.89268e-31 0)
(-3.6527e-30 4.26374e-32 0)
(-8.25262e-29 -4.03228e-32 0)
(-6.43644e-30 -5.4456e-31 0)
(3.59076e-31 -5.06195e-31 0)
(3.01168e-30 -4.09048e-31 0)
(2.71929e-30 9.77902e-31 0)
(-2.7109e-30 9.71145e-31 0)
(-2.9399e-30 -4.64834e-31 0)
(7.43837e-33 -1.02002e-30 0)
(3.01253e-30 -5.1987e-31 0)
(3.07593e-30 4.57493e-31 0)
(3.64021e-31 5.13065e-31 0)
(7.16049e-32 5.56265e-32 0)
(7.42857e-33 7.40049e-33 0)
(9.20831e-34 6.63246e-34 0)
(-7.757e-35 1.8596e-34 0)
(-1.7804e-33 1.24887e-33 0)
(-1.39297e-32 1.41508e-32 0)
(-1.35856e-31 1.03911e-31 0)
(-6.57273e-31 9.71085e-31 0)
(-5.79418e-30 4.08549e-31 0)
(-3.0116e-30 -1.4502e-30 0)
(2.71832e-30 -1.07635e-30 0)
(3.30507e-30 -6.28112e-32 0)
(3.1408e-30 5.03125e-31 0)
(4.42203e-31 5.09326e-31 0)
(4.44134e-31 -4.52682e-31 0)
(3.09142e-30 -4.57016e-31 0)
(3.08371e-30 4.65835e-31 0)
(3.59031e-31 5.18252e-31 0)
(7.84518e-32 9.60739e-32 0)
(1.4345e-32 -3.3111e-32 0)
(-3.218e-33 -5.12063e-33 0)
(1.41816e-32 -1.49236e-32 0)
(1.41851e-31 -1.08478e-31 0)
(7.17844e-31 -9.75206e-31 0)
(6.10778e-30 -2.83394e-31 0)
(5.93571e-30 1.39315e-30 0)
(-1.77293e-30 5.83406e-31 0)
(2.49697e-30 -2.10397e-31 0)
(-3.42854e-31 1.36503e-30 0)
(-5.49451e-30 4.80944e-32 0)
(-6.14302e-31 -8.2216e-31 0)
(2.29494e-32 -4.86638e-32 0)
(1.34584e-31 -3.78681e-32 0)
(1.19153e-31 9.35497e-32 0)
(-1.18044e-31 9.2773e-32 0)
(-1.2644e-31 -4.40965e-32 0)
(9.659e-34 -9.82088e-32 0)
(1.34701e-31 -5.02357e-32 0)
(1.41729e-31 4.32482e-32 0)
(2.35335e-32 4.94529e-32 0)
(8.10736e-33 6.21151e-33 0)
(9.64253e-34 8.55755e-34 0)
(1.37024e-34 8.14836e-35 0)
(-1.22088e-35 2.32881e-35 0)
(-2.64565e-34 1.53181e-34 0)
(-1.79038e-33 1.63172e-33 0)
(-1.52623e-32 1.15746e-32 0)
(-3.90831e-32 9.27654e-32 0)
(-2.60725e-31 3.78042e-32 0)
(-1.3456e-31 -1.38509e-31 0)
(1.19011e-31 -1.045e-31 0)
(1.5017e-31 -6.97228e-33 0)
(1.49175e-31 4.86648e-32 0)
(3.24789e-32 5.23275e-32 0)
(3.25658e-32 -4.23303e-32 0)
(1.43729e-31 -4.31145e-32 0)
(1.42765e-31 4.42882e-32 0)
(2.31075e-32 5.03482e-32 0)
(8.7866e-33 1.36197e-32 0)
(1.65368e-33 -6.56031e-33 0)
(-1.70192e-34 -8.85485e-34 0)
(1.76149e-33 -1.78042e-33 0)
(1.538e-32 -1.20299e-32 0)
(3.97242e-32 -9.34171e-32 0)
(2.78882e-31 -3.71767e-32 0)
(2.82824e-31 1.32046e-31 0)
(-6.41606e-32 5.78032e-32 0)
(1.11682e-31 -1.24535e-32 0)
(-2.118e-32 1.29399e-31 0)
(-2.46132e-31 5.15701e-33 0)
(-4.5289e-32 -7.91449e-32 0)
(1.11973e-33 -6.48946e-33 0)
(4.23821e-33 -5.0116e-33 0)
(3.68007e-33 1.24968e-32 0)
(-3.58626e-33 1.23786e-32 0)
(-3.6242e-33 -5.88075e-33 0)
(8.09582e-35 -1.31266e-32 0)
(4.24834e-33 -6.73515e-33 0)
(4.76779e-33 5.75119e-33 0)
(1.16786e-33 6.61599e-33 0)
(6.10364e-34 8.65938e-34 0)
(8.07989e-35 1.30809e-34 0)
(1.22331e-35 1.30801e-35 0)
(-1.14117e-36 3.92553e-36 0)
(-2.35876e-35 2.45007e-35 0)
(-1.49259e-34 2.48831e-34 0)
(-1.14103e-33 1.6023e-33 0)
(-1.73632e-33 1.23773e-32 0)
(-8.43376e-33 5.00184e-33 0)
(-4.23587e-33 -1.85095e-32 0)
(3.6668e-33 -1.40058e-32 0)
(4.80619e-33 -9.87411e-34 0)
(5.29405e-33 6.44288e-33 0)
(1.84779e-33 6.57087e-33 0)
(1.88576e-33 -5.66362e-33 0)
(4.93863e-33 -5.73573e-33 0)
(4.85278e-33 5.90572e-33 0)
(1.10837e-33 6.70576e-33 0)
(6.96147e-34 1.48384e-33 0)
(1.67495e-34 -4.88365e-34 0)
(-3.70828e-35 -8.7463e-35 0)
(1.4089e-34 -2.60922e-34 0)
(1.12771e-33 -1.61139e-33 0)
(1.62365e-33 -1.22089e-32 0)
(9.21847e-33 -2.60171e-33 0)
(1.02433e-32 1.78703e-32 0)
(-1.35004e-33 7.81648e-33 0)
(3.72248e-33 -1.93621e-33 0)
(-9.45652e-34 1.72467e-32 0)
(-7.97388e-33 8.20189e-34 0)
(-2.63985e-33 -1.01294e-32 0)
(5.89848e-35 -5.25224e-34 0)
(2.80653e-35 -3.98551e-34 0)
(1.90222e-35 1.01054e-33 0)
(-1.0022e-35 9.99913e-34 0)
(2.69181e-35 -4.73726e-34 0)
(7.69491e-36 -1.06418e-33 0)
(2.90592e-35 -5.47513e-34 0)
(7.49409e-35 4.62039e-34 0)
(6.35304e-35 5.368e-34 0)
(5.45776e-35 7.487e-35 0)
(7.67776e-36 1.18075e-35 0)
(1.23745e-36 1.23296e-36 0)
(-1.1873e-37 3.79086e-37 0)
(-2.38434e-36 2.30478e-36 0)
(-1.41068e-35 2.24111e-35 0)
(-1.01592e-34 1.38051e-34 0)
(-7.35884e-35 9.9979e-34 0)
(-9.25275e-35 3.97635e-34 0)
(-2.77935e-35 -1.49617e-33 0)
(1.76968e-35 -1.14025e-33 0)
(3.81991e-35 -8.5275e-35 0)
(1.22654e-34 5.23878e-34 0)
(1.24652e-34 5.55501e-34 0)
(1.27342e-34 -4.51431e-34 0)
(9.10935e-35 -4.59997e-34 0)
(8.31616e-35 4.76608e-34 0)
(5.90048e-35 5.4709e-34 0)
(6.1618e-35 1.47493e-34 0)
(1.48073e-35 -6.09352e-35 0)
(-2.31487e-36 -1.00338e-35 0)
(1.28765e-35 -2.37739e-35 0)
(9.72436e-35 -1.36844e-34 0)
(3.7902e-35 -9.76575e-34 0)
(1.22993e-34 -1.71578e-34 0)
(2.79525e-34 1.45052e-33 0)
(7.13537e-35 6.46634e-34 0)
(6.40372e-35 -1.10925e-34 0)
(-4.42903e-35 1.39136e-33 0)
(-9.7402e-35 7.17928e-35 0)
(-1.82097e-34 -8.2678e-34 0)
(2.84482e-36 -4.94646e-35 0)
(-6.59649e-36 -3.75593e-35 0)
(-6.13058e-36 9.59144e-35 0)
(6.81417e-36 9.48304e-35 0)
(1.05431e-35 -4.49135e-35 0)
(5.84645e-37 -1.01038e-34 0)
(-6.48763e-36 -5.20871e-35 0)
(-3.20508e-36 4.37215e-35 0)
(3.50005e-36 5.09965e-35 0)
(3.94524e-36 7.28671e-36 0)
(5.83233e-37 1.20504e-36 0)
(9.70947e-38 1.29315e-37 0)
(-9.56707e-39 4.07972e-38 0)
(-1.86935e-37 2.41224e-37 0)
(-1.06845e-36 2.28392e-36 0)
(-7.31643e-36 1.33811e-35 0)
(-3.14128e-36 9.48169e-35 0)
(9.44537e-36 3.74988e-35 0)
(6.58673e-36 -1.42041e-34 0)
(-6.23439e-36 -1.08452e-34 0)
(-6.93365e-36 -8.3698e-36 0)
(1.01894e-37 4.94995e-35 0)
(7.93974e-36 5.14556e-35 0)
(8.26897e-36 -4.28176e-35 0)
(-1.96373e-36 -4.35327e-35 0)
(-2.58796e-36 4.51913e-35 0)
(3.06134e-36 5.18916e-35 0)
(4.59776e-36 1.3078e-35 0)
(1.2426e-36 -4.59863e-36 0)
(-2.68544e-37 -8.62252e-37 0)
(9.38324e-37 -2.35568e-36 0)
(6.86236e-36 -1.28095e-35 0)
(-2.49414e-37 -9.03947e-35 0)
(-8.26386e-36 5.24463e-37 0)
(4.82931e-36 1.3978e-34 0)
(9.43001e-36 6.21209e-35 0)
(-1.76218e-36 -1.10379e-35 0)
(-1.93322e-36 1.31947e-34 0)
(7.97951e-36 7.432e-36 0)
(-1.19304e-35 -7.70339e-35 0)
(-3.23729e-36 -1.61974e-36 0)
(-1.13795e-36 -2.54665e-36 0)
(-7.56785e-37 7.09778e-36 0)
(7.73632e-37 6.99757e-36 0)
(1.10518e-36 -3.30846e-36 0)
(4.70015e-38 -7.47021e-36 0)
(-7.86136e-37 -3.85815e-36 0)
(-5.29399e-37 3.21469e-36 0)
(2.38234e-37 3.77245e-36 0)
(3.10181e-37 5.58726e-37 0)
(4.69006e-38 9.49445e-38 0)
(8.02037e-39 1.04672e-38 0)
(-8.02397e-40 3.35587e-39 0)
(-1.54356e-38 1.94975e-38 0)
(-8.57023e-38 1.79687e-37 0)
(-5.7423e-37 1.02356e-36 0)
(-1.7341e-37 6.9951e-36 0)
(1.25994e-36 2.73948e-36 0)
(7.94333e-37 -1.04855e-35 0)
(-7.29964e-37 -8.0389e-36 0)
(-8.57635e-37 -6.41054e-37 0)
(-2.66487e-37 3.66861e-36 0)
(5.87989e-37 3.91617e-36 0)
(6.10995e-37 -3.12936e-36 0)
(-4.29882e-37 -3.1963e-36 0)
(-4.79289e-37 3.33383e-36 0)
(2.06939e-37 3.85431e-36 0)
(3.58648e-37 1.09346e-36 0)
(9.59068e-38 -4.40773e-37 0)
(-1.75598e-38 -7.88444e-38 0)
(7.27032e-38 -1.85675e-37 0)
(5.23866e-37 -9.59323e-37 0)
(-1.94097e-37 -6.56221e-36 0)
(-1.2013e-36 6.24522e-37 0)
(-3.73985e-38 1.04112e-35 0)
(8.89859e-37 4.66708e-36 0)
(-3.38648e-37 -6.05392e-37 0)
(-1.18172e-37 9.73478e-36 0)
(1.10022e-36 5.76102e-37 0)
(-8.87346e-37 -5.73364e-36 0)
(-2.32242e-35 1.64279e-35 0)
(-2.25046e-36 1.37595e-36 0)
(-2.66597e-37 6.90591e-37 0)
(3.96022e-38 5.65961e-37 0)
(7.88819e-38 -2.61838e-37 0)
(3.15798e-39 -5.9358e-37 0)
(-5.86943e-38 -3.06982e-37 0)
(-4.13843e-38 2.54831e-37 0)
(1.52877e-38 2.99898e-37 0)
(2.10224e-38 4.51492e-38 0)
(3.25923e-39 7.8644e-39 0)
(5.66624e-40 8.81208e-40 0)
(-5.76263e-41 2.86548e-40 0)
(-1.08996e-39 1.63942e-39 0)
(-5.94616e-39 1.48704e-38 0)
(-3.88407e-38 8.25233e-38 0)
(-1.00552e-38 5.55396e-37 0)
(9.54911e-38 2.16583e-37 0)
(5.92644e-38 -8.33053e-37 0)
(-5.40782e-38 -6.39629e-37 0)
(-6.44512e-38 -5.20327e-38 0)
(-2.40732e-38 2.9077e-37 0)
(3.90524e-38 3.0751e-37 0)
(4.11016e-38 -2.48291e-37 0)
(-3.44124e-38 -2.53364e-37 0)
(-3.79318e-38 2.64652e-37 0)
(1.27686e-38 3.06224e-37 0)
(2.48205e-38 8.45662e-38 0)
(7.0941e-39 -3.16334e-38 0)
(-1.56803e-39 -6.03579e-39 0)
(4.8498e-39 -1.5016e-38 0)
(3.46754e-38 -7.46322e-38 0)
(-1.89786e-38 -5.07758e-37 0)
(-9.21777e-38 1.40627e-37 0)
(-8.6787e-39 8.39796e-37 0)
(6.26854e-38 3.74912e-37 0)
(-2.65238e-38 -4.82629e-38 0)
(-6.52866e-39 7.72865e-37 0)
(8.40791e-38 4.80412e-38 0)
(-5.97153e-38 -4.50917e-37 0)
(-2.00322e-34 -1.29514e-36 0)
(-1.78867e-35 -1.19219e-37 0)
(-1.70659e-36 3.04537e-38 0)
(-1.32972e-37 3.71707e-38 0)
(-5.49723e-39 -1.78639e-38 0)
(-5.90591e-40 -4.03952e-38 0)
(-4.27539e-39 -2.09142e-38 0)
(-3.01603e-39 1.7275e-38 0)
(1.04498e-39 2.04133e-38 0)
(1.4668e-39 3.14423e-39 0)
(2.30319e-40 5.56583e-40 0)
(4.05939e-41 6.34529e-41 0)
(-4.16889e-42 2.0842e-41 0)
(-7.80658e-41 1.17938e-40 0)
(-4.19632e-40 1.05139e-39 0)
(-2.7073e-39 5.73837e-39 0)
(-6.59603e-40 3.77362e-38 0)
(6.88885e-39 1.4618e-38 0)
(4.25702e-39 -5.66257e-38 0)
(-3.87455e-39 -4.35963e-38 0)
(-4.63822e-39 -3.61874e-39 0)
(-1.79761e-39 1.9826e-38 0)
(2.70538e-39 2.1362e-38 0)
(2.84181e-39 -1.67535e-38 0)
(-2.51996e-39 -1.71565e-38 0)
(-2.76694e-39 1.7984e-38 0)
(8.77213e-40 2.09079e-38 0)
(1.72548e-39 6.23562e-39 0)
(4.91467e-40 -2.54047e-39 0)
(-1.01461e-40 -4.71594e-40 0)
(3.29397e-40 -1.05748e-39 0)
(2.35027e-39 -5.05627e-39 0)
(-1.79004e-39 -3.38041e-38 0)
(-6.67168e-39 1.35341e-38 0)
(-4.10064e-40 5.77313e-38 0)
(4.4889e-39 2.58545e-38 0)
(-1.91699e-39 -2.48094e-39 0)
(-4.40054e-40 5.25257e-38 0)
(6.06047e-39 3.36623e-39 0)
(-4.13112e-39 -3.08502e-38 0)
(-7.57157e-36 -2.68116e-35 0)
(-8.8216e-37 -2.40234e-36 0)
(-1.04608e-37 -1.84175e-37 0)
(-9.31261e-39 -1.21006e-38 0)
(-5.11994e-40 -2.29628e-39 0)
(-5.4453e-41 -2.89824e-39 0)
(-2.7209e-40 -1.46815e-39 0)
(-1.91778e-40 1.20499e-39 0)
(6.49226e-41 1.42734e-39 0)
(9.21265e-41 2.22484e-40 0)
(1.47011e-41 3.99268e-41 0)
(2.61572e-42 4.60025e-42 0)
(-2.71608e-43 1.52335e-42 0)
(-5.02855e-42 8.54399e-42 0)
(-2.67596e-41 7.5377e-41 0)
(-1.69815e-40 4.05519e-40 0)
(-4.00808e-41 2.63613e-39 0)
(4.36263e-40 1.01772e-39 0)
(2.69374e-40 -3.95723e-39 0)
(-2.4476e-40 -3.05049e-39 0)
(-2.94172e-40 -2.56637e-40 0)
(-1.16779e-40 1.38412e-39 0)
(1.69395e-40 1.48529e-39 0)
(1.79563e-40 -1.16901e-39 0)
(-1.59798e-40 -1.19688e-39 0)
(-1.75865e-40 1.25612e-39 0)
(5.31007e-41 1.46188e-39 0)
(1.10046e-40 4.32236e-40 0)
(3.27711e-41 -1.7022e-40 0)
(-7.64949e-42 -3.26685e-41 0)
(2.01342e-41 -7.42714e-41 0)
(1.43815e-40 -3.44361e-40 0)
(-1.3359e-40 -2.29754e-39 0)
(-4.22756e-40 1.35964e-39 0)
(-1.00742e-41 4.09617e-39 0)
(2.83441e-40 1.82575e-39 0)
(-1.20286e-40 -1.67774e-40 0)
(-2.48797e-41 3.66892e-39 0)
(3.84713e-40 2.42309e-40 0)
(-2.60847e-40 -2.14391e-39 0)
(1.23094e-34 -2.14668e-36 0)
(9.8918e-36 -4.64766e-38 0)
(8.01958e-37 -1.06587e-39 0)
(5.83238e-38 1.08955e-41 0)
(4.22684e-39 -9.58165e-41 0)
(2.81002e-40 -1.79396e-40 0)
(1.48184e-42 -9.22343e-41 0)
(-1.09821e-41 7.55688e-41 0)
(4.1426e-42 8.97651e-41 0)
(5.81229e-42 1.42133e-41 0)
(9.35723e-43 2.57549e-42 0)
(1.67745e-43 3.00216e-43 0)
(-1.75359e-44 1.00033e-43 0)
(-3.2239e-43 5.57245e-43 0)
(-1.70152e-42 4.85893e-42 0)
(-1.0698e-41 2.58824e-41 0)
(-2.48891e-42 1.65572e-40 0)
(2.75679e-41 6.36148e-41 0)
(1.70193e-41 -2.48619e-40 0)
(-1.545e-41 -1.92027e-40 0)
(-1.85996e-41 -1.63717e-41 0)
(-7.40183e-42 8.71842e-41 0)
(1.06658e-41 9.48509e-41 0)
(1.13012e-41 -7.30321e-41 0)
(-1.01001e-41 -7.49855e-41 0)
(-1.1121e-41 7.89072e-41 0)
(3.33773e-42 9.21585e-41 0)
(6.93398e-42 2.87508e-41 0)
(2.07021e-42 -1.19869e-41 0)
(-4.74055e-43 -2.26134e-42 0)
(1.22645e-42 -4.74968e-42 0)
(8.79212e-42 -2.1322e-41 0)
(-1.0097e-41 -1.4088e-40 0)
(-2.67146e-41 1.05177e-40 0)
(9.28249e-43 2.60629e-40 0)
(1.81133e-41 1.16152e-40 0)
(-7.52635e-42 -7.90484e-42 0)
(-1.54531e-42 2.30502e-40 0)
(2.42848e-41 1.55273e-41 0)
(-1.64155e-41 -1.35407e-40 0)
(-1.9373e-35 8.97526e-36 0)
(-1.62235e-36 1.89481e-36 0)
(-1.35504e-37 1.65274e-37 0)
(-1.01685e-38 1.26322e-38 0)
(-7.51267e-40 8.52842e-40 0)
(-5.14456e-41 4.55374e-41 0)
(-4.43538e-42 -2.29321e-42 0)
(-9.25612e-43 4.97474e-42 0)
(2.23179e-43 5.6768e-42 0)
(3.38216e-43 9.05767e-43 0)
(5.51914e-44 1.65328e-43 0)
(9.95633e-45 1.94112e-44 0)
(-1.04945e-45 6.49763e-45 0)
(-1.91363e-44 3.60102e-44 0)
(-1.00408e-43 3.11704e-43 0)
(-6.2377e-43 1.64688e-42 0)
(-1.42955e-43 1.04403e-41 0)
(1.6094e-42 4.00024e-42 0)
(9.93746e-43 -1.56806e-41 0)
(-9.01241e-43 -1.21241e-41 0)
(-1.08773e-42 -1.04351e-42 0)
(-4.37855e-43 5.4979e-42 0)
(6.21764e-43 5.97502e-42 0)
(6.6349e-43 -4.59857e-42 0)
(-5.88561e-43 -4.72281e-42 0)
(-6.49777e-43 4.97497e-42 0)
(1.89813e-43 5.81717e-42 0)
(4.0956e-43 1.81624e-42 0)
(1.26302e-43 -7.47426e-43 0)
(-3.15274e-44 -1.43456e-43 0)
(6.90787e-44 -2.98825e-43 0)
(4.9832e-43 -1.30492e-42 0)
(-6.7103e-43 -8.62453e-42 0)
(-1.55929e-42 8.24864e-42 0)
(1.31575e-43 1.66901e-41 0)
(1.0631e-42 7.39922e-42 0)
(-4.34364e-43 -4.62564e-43 0)
(-8.2831e-44 1.45332e-41 0)
(1.42022e-42 9.983e-43 0)
(-9.63378e-43 -8.51634e-42 0)
(-2.61859e-34 2.00356e-38 0)
(-2.12181e-35 -2.51526e-38 0)
(-1.7381e-36 -2.49523e-39 0)
(-1.27467e-37 -1.99474e-40 0)
(-9.28344e-39 -1.42645e-41 0)
(-6.24036e-40 -1.60172e-42 0)
(-4.13114e-41 -3.99738e-43 0)
(-2.60533e-42 2.73771e-43 0)
(-1.42366e-43 3.30635e-43 0)
(1.05777e-44 5.34562e-44 0)
(2.70784e-45 9.82025e-45 0)
(5.55057e-46 1.16259e-45 0)
(-6.31791e-47 3.90631e-46 0)
(-1.1197e-45 2.15623e-45 0)
(-5.84812e-45 1.85114e-44 0)
(-3.60604e-44 9.72383e-44 0)
(-8.18908e-45 6.09223e-43 0)
(9.30962e-44 2.32577e-43 0)
(5.7491e-44 -9.15171e-43 0)
(-5.21048e-44 -7.08658e-43 0)
(-6.29703e-44 -6.15581e-44 0)
(-2.5387e-44 3.21599e-43 0)
(3.59413e-44 3.53234e-43 0)
(3.83805e-44 -2.67188e-43 0)
(-3.40178e-44 -2.75056e-43 0)
(-3.75916e-44 2.90343e-43 0)
(1.09269e-44 3.40441e-43 0)
(2.37237e-44 1.10599e-43 0)
(7.35967e-45 -4.73982e-44 0)
(-1.84613e-45 -8.99296e-45 0)
(3.83383e-45 -1.75527e-44 0)
(2.78784e-44 -7.44273e-44 0)
(-4.44309e-44 -4.89555e-43 0)
(-9.01816e-44 5.60543e-43 0)
(1.31087e-44 9.87413e-43 0)
(6.22664e-44 4.36767e-43 0)
(-2.48603e-44 -1.93405e-44 0)
(-4.68028e-45 8.48248e-43 0)
(8.21181e-44 5.90429e-44 0)
(-5.5727e-44 -4.99272e-43 0)
(-1.37487e-35 -9.02943e-36 0)
(-1.15844e-36 -1.93575e-36 0)
(-9.66927e-38 -1.69374e-37 0)
(-7.27016e-39 -1.29746e-38 0)
(-5.37067e-40 -8.8402e-40 0)
(-3.67398e-41 -5.86819e-41 0)
(-2.45941e-42 -3.66722e-42 0)
(-1.56931e-43 -2.05845e-43 0)
(-8.75729e-45 6.3071e-45 0)
(5.13388e-46 2.391e-45 0)
(1.45329e-46 5.35649e-46 0)
(3.04114e-47 6.63474e-47 0)
(-3.51532e-48 2.29437e-47 0)
(-6.17467e-47 1.26876e-46 0)
(-3.21481e-46 1.08352e-45 0)
(-1.9642e-45 5.6661e-45 0)
(-4.41056e-46 3.52408e-44 0)
(5.07339e-45 1.34228e-44 0)
(3.13366e-45 -5.29459e-44 0)
(-2.83801e-45 -4.1036e-44 0)
(-3.43674e-45 -3.58915e-45 0)
(-1.3977e-45 1.86129e-44 0)
(1.95758e-45 2.04592e-44 0)
(2.10259e-45 -1.54312e-44 0)
(-1.85068e-45 -1.58947e-44 0)
(-2.0498e-45 1.67936e-44 0)
(5.82967e-46 1.97149e-44 0)
(1.30588e-45 6.44289e-45 0)
(4.15298e-46 -2.75587e-45 0)
(-1.11109e-46 -5.27398e-46 0)
(2.00078e-46 -1.00786e-45 0)
(1.4704e-45 -4.15981e-45 0)
(-2.69522e-45 -2.742e-44 0)
(-4.91363e-45 3.78971e-44 0)
(9.79652e-46 5.80062e-44 0)
(3.42021e-45 2.55132e-44 0)
(-1.33955e-45 -9.71131e-46 0)
(-2.35884e-46 4.90643e-44 0)
(4.48205e-45 3.46009e-45 0)
(-3.05263e-45 -2.88558e-44 0)
(1.29722e-34 5.36135e-37 0)
(1.04971e-35 -1.21266e-37 0)
(8.58956e-37 -1.30973e-38 0)
(6.29344e-38 -1.06173e-39 0)
(4.58017e-39 -7.4371e-41 0)
(3.07674e-40 -5.00288e-42 0)
(2.03291e-41 -3.16139e-43 0)
(1.26292e-42 -1.84583e-44 0)
(7.68501e-44 -8.51152e-47 0)
(4.50279e-45 1.07162e-46 0)
(2.60838e-46 2.82181e-47 0)
(1.53672e-47 3.61111e-48 0)
(5.35528e-49 1.27221e-48 0)
(-3.3026e-48 7.04052e-48 0)
(-1.73487e-47 5.9773e-47 0)
(-1.05357e-46 3.11599e-46 0)
(-2.34765e-47 1.92065e-45 0)
(2.72215e-46 7.29464e-46 0)
(1.68162e-46 -2.88589e-45 0)
(-1.52214e-46 -2.23937e-45 0)
(-1.84551e-46 -1.97154e-46 0)
(-7.523e-47 1.01659e-45 0)
(1.04997e-46 1.127e-45 0)
(1.12937e-46 -8.38004e-46 0)
(-9.92126e-47 -8.64934e-46 0)
(-1.10005e-46 9.15356e-46 0)
(3.107e-47 1.07706e-45 0)
(7.02617e-47 3.63024e-46 0)
(2.25172e-47 -1.60087e-46 0)
(-6.12388e-48 -3.03837e-47 0)
(1.02242e-47 -5.48559e-47 0)
(7.60629e-47 -2.19986e-46 0)
(-1.61243e-46 -1.44817e-45 0)
(-2.63603e-46 2.33189e-45 0)
(6.89196e-47 3.20703e-45 0)
(1.85837e-46 1.40536e-45 0)
(-7.11098e-47 -3.30669e-47 0)
(-1.22486e-47 2.67453e-45 0)
(2.40497e-46 1.90308e-46 0)
(-1.63987e-46 -1.57905e-45 0)
(1.60854e-35 1.03458e-35 0)
(1.34491e-36 8.28696e-37 0)
(1.11767e-37 6.02717e-38 0)
(8.36291e-39 4.37405e-39 0)
(6.15903e-40 2.93515e-40 0)
(4.19928e-41 1.93827e-41 0)
(2.80112e-42 1.20376e-42 0)
(1.75983e-43 7.32342e-44 0)
(1.07887e-44 4.29079e-45 0)
(6.32735e-46 2.48581e-46 0)
(3.63286e-47 1.46944e-47 0)
(2.04727e-48 8.93133e-49 0)
(9.45854e-50 1.0478e-49 0)
(-1.66867e-49 3.84189e-49 0)
(-8.93375e-49 3.23401e-48 0)
(-5.38723e-48 1.68226e-47 0)
(-1.18943e-48 1.03067e-46 0)
(1.39235e-47 3.90689e-47 0)
(8.6028e-48 -1.54875e-46 0)
(-7.78238e-48 -1.20275e-46 0)
(-9.4516e-48 -1.06425e-47 0)
(-3.88095e-48 5.45974e-47 0)
(5.36857e-48 6.06405e-47 0)
(5.80307e-48 -4.48939e-47 0)
(-5.06721e-48 -4.63729e-47 0)
(-5.62965e-48 4.91171e-47 0)
(1.56021e-48 5.78637e-47 0)
(3.62469e-48 1.96744e-47 0)
(1.18492e-48 -8.71153e-48 0)
(-3.39011e-49 -1.65973e-48 0)
(4.96534e-49 -2.91056e-48 0)
(3.7497e-48 -1.13504e-47 0)
(-9.03944e-48 -7.49987e-47 0)
(-1.3481e-47 1.41359e-46 0)
(4.29822e-48 1.74782e-46 0)
(9.59623e-48 7.61312e-47 0)
(-3.5968e-48 -1.29916e-48 0)
(-5.8085e-49 1.43516e-46 0)
(1.23185e-47 1.03024e-47 0)
(-8.42728e-48 -8.47586e-47 0)
(-1.17434e-38 2.49296e-36 0)
(-1.44881e-40 2.03493e-37 0)
(3.97153e-41 1.51133e-38 0)
(6.82492e-42 1.10827e-39 0)
(7.1154e-43 7.5383e-41 0)
(6.27265e-44 5.01911e-42 0)
(4.88439e-45 3.14936e-43 0)
(3.50388e-46 1.92853e-44 0)
(2.35915e-47 1.1279e-45 0)
(1.63376e-48 6.44547e-47 0)
(1.14275e-49 3.58203e-48 0)
(9.67184e-51 1.96612e-49 0)
(-2.03065e-52 1.31665e-50 0)
(-8.67568e-51 2.0292e-50 0)
(-4.50703e-50 1.66848e-49 0)
(-2.70297e-49 8.66699e-49 0)
(-5.92787e-50 5.27233e-48 0)
(6.9873e-49 1.99396e-48 0)
(4.31778e-49 -7.92296e-48 0)
(-3.90422e-49 -6.15892e-48 0)
(-4.747e-49 -5.4758e-49 0)
(-1.95481e-49 2.79833e-48 0)
(2.69352e-49 3.13031e-48 0)
(2.91708e-49 -2.28948e-48 0)
(-2.54072e-49 -2.3692e-48 0)
(-2.82593e-49 2.51276e-48 0)
(7.76609e-50 2.96602e-48 0)
(1.82548e-49 1.03406e-48 0)
(6.01855e-50 -4.69012e-49 0)
(-1.75948e-50 -8.87951e-50 0)
(2.35235e-50 -1.47812e-49 0)
(1.80675e-49 -5.59489e-49 0)
(-4.97177e-49 -3.70209e-48 0)
(-6.7644e-49 8.0033e-48 0)
(2.58622e-49 9.07387e-48 0)
(4.87751e-49 3.93371e-48 0)
(-1.78564e-49 -1.99719e-50 0)
(-2.79606e-50 7.34257e-48 0)
(6.18416e-49 5.30257e-49 0)
(-4.23724e-49 -4.35167e-48 0)
(-1.46213e-35 9.83468e-36 0)
(-1.21227e-36 7.83211e-37 0)
(-9.9886e-38 5.66524e-38 0)
(-7.43348e-39 4.09792e-39 0)
(-5.4471e-40 2.74e-40 0)
(-3.70124e-41 1.80504e-41 0)
(-2.4616e-42 1.11807e-42 0)
(-1.54337e-43 6.78435e-44 0)
(-9.44371e-45 3.91747e-45 0)
(-5.50751e-46 2.21059e-46 0)
(-3.13115e-47 1.197e-47 0)
(-1.70942e-48 6.32965e-49 0)
(-9.10143e-50 3.24371e-50 0)
(-5.09713e-51 2.60897e-51 0)
(-2.42005e-51 8.4977e-51 0)
(-1.30426e-50 4.37257e-50 0)
(-2.83645e-51 2.64618e-49 0)
(3.36927e-50 9.99103e-50 0)
(2.08237e-50 -3.97663e-49 0)
(-1.88202e-50 -3.09345e-49 0)
(-2.29159e-50 -2.76062e-50 0)
(-9.49618e-51 1.40592e-49 0)
(1.29852e-50 1.57673e-49 0)
(1.41238e-50 -1.1471e-49 0)
(-1.22358e-50 -1.18815e-49 0)
(-1.36337e-50 1.26109e-49 0)
(3.68356e-51 1.49037e-49 0)
(8.86896e-51 5.24953e-50 0)
(2.97256e-51 -2.39841e-50 0)
(-9.05891e-52 -4.54587e-51 0)
(1.06618e-51 -7.31115e-51 0)
(8.35521e-51 -2.68485e-50 0)
(-2.59822e-50 -1.78594e-49 0)
(-3.26142e-50 4.44207e-49 0)
(1.44407e-50 4.62561e-49 0)
(2.37727e-50 1.99259e-49 0)
(-8.51484e-51 2.78418e-52 0)
(-1.24939e-51 3.68517e-49 0)
(2.98598e-50 2.67691e-50 0)
(-2.05215e-50 -2.18637e-49 0)
(-1.23904e-34 -1.32517e-35 0)
(-9.95301e-36 -1.25041e-36 0)
(-8.11022e-37 -9.60117e-38 0)
(-5.91254e-38 -7.10273e-39 0)
(-4.28937e-39 -4.80878e-40 0)
(-2.87094e-40 -3.18876e-41 0)
(-1.89226e-41 -1.98776e-42 0)
(-1.17241e-42 -1.21144e-43 0)
(-7.11576e-44 -7.02832e-45 0)
(-4.10941e-45 -3.97996e-46 0)
(-2.31913e-46 -2.16281e-47 0)
(-1.25562e-47 -1.14661e-48 0)
(-6.63736e-49 -5.86579e-50 0)
(-3.3875e-50 -2.88009e-51 0)
(-1.78961e-51 2.66706e-52 0)
(-6.96736e-52 2.11403e-51 0)
(-1.36965e-52 1.27611e-50 0)
(1.59111e-51 4.80909e-51 0)
(9.83611e-52 -1.91778e-50 0)
(-8.88634e-52 -1.49308e-50 0)
(-1.08317e-51 -1.3371e-51 0)
(-4.50313e-52 6.79237e-51 0)
(6.13197e-52 7.66462e-51 0)
(6.6844e-52 -5.51699e-51 0)
(-5.77402e-52 -5.72389e-51 0)
(-6.44125e-52 6.08204e-51 0)
(1.72381e-52 7.2002e-51 0)
(4.20576e-52 2.59002e-51 0)
(1.42211e-52 -1.20695e-51 0)
(-4.43693e-53 -2.27612e-52 0)
(4.70177e-53 -3.4839e-52 0)
(3.76941e-52 -1.23859e-51 0)
(-1.3288e-51 -8.27026e-51 0)
(-1.54019e-51 2.33826e-50 0)
(7.82427e-52 2.26465e-50 0)
(1.13744e-51 9.70201e-51 0)
(-3.97773e-52 1.12244e-52 0)
(-5.60949e-53 1.7774e-50 0)
(1.4111e-51 1.29606e-51 0)
(-9.71565e-52 -1.05798e-50 0)
(1.92549e-34 -2.42107e-35 0)
(1.57034e-35 -3.11844e-36 0)
(1.29038e-36 -2.54232e-37 0)
(9.5039e-38 -1.90959e-38 0)
(6.93864e-39 -1.29329e-39 0)
(4.67857e-40 -8.56189e-41 0)
(3.09905e-41 -5.31977e-42 0)
(1.93087e-42 -3.23416e-43 0)
(1.17661e-43 -1.87094e-44 0)
(6.82476e-45 -1.05716e-45 0)
(3.86426e-46 -5.73118e-47 0)
(2.09953e-47 -3.03261e-48 0)
(1.11291e-48 -1.54847e-49 0)
(5.69288e-50 -7.7153e-51 0)
(2.83693e-51 -3.53355e-52 0)
(1.0937e-52 8.30331e-53 0)
(4.56157e-55 6.01981e-52 0)
(7.29158e-53 2.26795e-52 0)
(4.4907e-53 -9.05857e-52 0)
(-4.05415e-53 -7.05702e-52 0)
(-4.94806e-53 -6.33732e-53 0)
(-2.06858e-53 3.2121e-52 0)
(2.79792e-53 3.63543e-52 0)
(3.06185e-53 -2.6014e-52 0)
(-2.63198e-53 -2.70173e-52 0)
(-2.94092e-53 2.87276e-52 0)
(7.74805e-54 3.40497e-52 0)
(1.93235e-53 1.23839e-52 0)
(6.62633e-54 -5.82265e-53 0)
(-2.14152e-54 -1.09763e-53 0)
(1.99118e-54 -1.617e-53 0)
(1.63972e-53 -5.55654e-53 0)
(-6.51598e-53 -3.73603e-52 0)
(-7.02794e-53 1.20383e-51 0)
(4.01558e-53 1.0866e-51 0)
(5.25144e-53 4.62427e-52 0)
(-1.7949e-53 8.2878e-54 0)
(-2.3644e-54 8.39557e-52 0)
(6.44776e-53 6.14451e-53 0)
(-4.45211e-53 -5.00524e-52 0)
(4.51104e-34 -1.87564e-36 0)
(3.65365e-35 1.456e-36 0)
(2.99186e-36 1.44186e-37 0)
(2.19345e-37 1.13861e-38 0)
(1.5971e-38 7.83003e-40 0)
(1.07332e-39 5.21084e-41 0)
(7.09422e-41 3.24688e-42 0)
(4.40893e-42 1.97709e-43 0)
(2.68186e-43 1.14554e-44 0)
(1.55247e-44 6.48022e-46 0)
(8.77697e-46 3.51749e-47 0)
(4.76091e-47 1.86309e-48 0)
(2.52037e-48 9.52298e-50 0)
(1.2875e-49 4.75045e-51 0)
(6.41916e-51 2.30507e-52 0)
(3.08882e-52 1.54515e-53 0)
(1.43631e-53 2.80084e-53 0)
(3.91455e-54 1.03583e-53 0)
(2.03558e-54 -4.13413e-53 0)
(-1.8092e-54 -3.22303e-53 0)
(-2.21184e-54 -2.90175e-54 0)
(-9.2789e-55 1.46851e-53 0)
(1.24966e-54 1.67113e-53 0)
(1.37084e-54 -1.18437e-53 0)
(-1.17465e-54 -1.23197e-53 0)
(-1.31411e-54 1.31117e-53 0)
(3.42659e-55 1.5565e-53 0)
(8.66897e-55 5.76498e-54 0)
(2.99913e-55 -2.75645e-54 0)
(-9.92566e-56 -5.17455e-55 0)
(8.18427e-56 -7.26304e-55 0)
(6.95071e-55 -2.406e-54 0)
(-3.12377e-54 -1.62766e-53 0)
(-3.13891e-54 5.93586e-53 0)
(2.00453e-54 5.03596e-53 0)
(2.37696e-54 2.13017e-53 0)
(-7.92828e-55 5.70034e-55 0)
(-9.94033e-56 3.83209e-53 0)
(2.88222e-54 2.81079e-54 0)
(-1.99414e-54 -2.29175e-53 0)
(-1.5186e-34 1.76197e-35 0)
(-1.22852e-35 4.37996e-36 0)
(-1.00501e-36 3.88605e-37 0)
(-7.36213e-38 2.98731e-38 0)
(-5.35703e-39 2.03692e-39 0)
(-3.5981e-40 1.35141e-40 0)
(-2.37714e-41 8.40449e-42 0)
(-1.47676e-42 5.11184e-43 0)
(-8.98006e-44 2.95835e-44 0)
(-5.19688e-45 1.67206e-45 0)
(-2.93747e-46 9.0675e-47 0)
(-1.59307e-47 4.79914e-48 0)
(-8.43236e-49 2.45109e-49 0)
(-4.30704e-50 1.22187e-50 0)
(-2.14728e-51 5.90262e-52 0)
(-1.03786e-52 2.80478e-53 0)
(-4.9051e-54 2.50549e-54 0)
(-8.38345e-56 5.1834e-55 0)
(7.6862e-56 -1.84429e-54 0)
(-7.88772e-56 -1.44048e-54 0)
(-9.59562e-56 -1.29957e-55 0)
(-4.0451e-56 6.56839e-55 0)
(5.41478e-56 7.49899e-55 0)
(5.96109e-56 -5.28158e-55 0)
(-5.08486e-56 -5.49987e-55 0)
(-5.69726e-56 5.85714e-55 0)
(1.46378e-56 6.96125e-55 0)
(3.78008e-56 2.60772e-55 0)
(1.32393e-56 -1.25897e-55 0)
(-4.51784e-57 -2.36053e-56 0)
(3.2345e-57 -3.17919e-56 0)
(2.84938e-56 -1.01238e-55 0)
(-1.44482e-55 -6.91029e-55 0)
(-1.36007e-55 2.86013e-54 0)
(9.58637e-56 2.28546e-54 0)
(1.04283e-55 9.60068e-55 0)
(-3.39646e-56 3.16075e-56 0)
(-3.95345e-57 1.7119e-54 0)
(1.2505e-55 1.25821e-55 0)
(-8.67573e-56 -1.02578e-54 0)
(-4.53187e-34 -2.81752e-35 0)
(-3.66666e-35 -2.08177e-36 0)
(-3.00016e-36 -1.47104e-37 0)
(-2.19797e-37 -1.05683e-38 0)
(-1.59953e-38 -7.06987e-40 0)
(-1.07442e-39 -4.664e-41 0)
(-7.09885e-41 -2.89568e-42 0)
(-4.41023e-42 -1.76018e-43 0)
(-2.68194e-43 -1.01838e-44 0)
(-1.55211e-44 -5.75494e-46 0)
(-8.77329e-46 -3.12048e-47 0)
(-4.75804e-47 -1.65143e-48 0)
(-2.5185e-48 -8.43389e-50 0)
(-1.28638e-49 -4.20415e-51 0)
(-6.41314e-51 -2.03073e-52 0)
(-3.09809e-52 -9.57004e-54 0)
(-1.46153e-53 -3.85938e-55 0)
(-6.6417e-55 2.79742e-58 0)
(-2.63398e-56 -8.08909e-56 0)
(-4.63689e-57 -6.25049e-56 0)
(-4.12789e-57 -5.64744e-57 0)
(-1.72532e-57 2.85126e-56 0)
(2.29632e-57 3.27139e-56 0)
(2.53451e-57 -2.28377e-56 0)
(-2.15478e-57 -2.38168e-56 0)
(-2.41723e-57 2.53841e-56 0)
(6.14306e-58 3.02123e-56 0)
(1.61047e-57 1.15019e-56 0)
(5.68985e-58 -5.6349e-57 0)
(-1.98715e-58 -1.05277e-57 0)
(1.23637e-58 -1.3511e-57 0)
(1.13718e-57 -4.12123e-57 0)
(-6.53194e-57 -2.83785e-56 0)
(-5.76777e-57 1.32865e-55 0)
(4.46601e-57 1.00602e-55 0)
(4.48307e-57 4.19848e-56 0)
(-1.42408e-57 1.711e-57 0)
(-1.5594e-58 7.41959e-56 0)
(5.30817e-57 5.45825e-57 0)
(-3.69059e-57 -4.45932e-56 0)
(1.6075e-34 -4.94429e-35 0)
(1.29986e-35 -5.21852e-36 0)
(1.06293e-36 -4.08795e-37 0)
(7.78411e-38 -3.03555e-38 0)
(5.66265e-39 -2.04959e-39 0)
(3.80267e-40 -1.35574e-40 0)
(2.5119e-41 -8.42227e-42 0)
(1.56029e-42 -5.12027e-43 0)
(9.48715e-44 -2.96218e-44 0)
(5.48996e-45 -1.67382e-45 0)
(3.10297e-46 -9.0748e-47 0)
(1.68276e-47 -4.80207e-48 0)
(8.90689e-49 -2.4521e-49 0)
(4.54936e-50 -1.22217e-50 0)
(2.26807e-51 -5.90269e-52 0)
(1.09568e-52 -2.78389e-53 0)
(5.16892e-54 -1.27399e-54 0)
(2.37268e-55 -5.6328e-56 0)
(1.07729e-56 -5.88993e-57 0)
(3.26457e-58 -2.75742e-57 0)
(-1.48387e-58 -2.44375e-58 0)
(-7.06747e-59 1.2108e-57 0)
(9.47994e-59 1.39414e-57 0)
(1.04943e-58 -9.66978e-58 0)
(-8.8837e-59 -1.0096e-57 0)
(-9.98017e-59 1.07666e-57 0)
(2.50061e-59 1.28294e-57 0)
(6.68507e-59 4.94014e-58 0)
(2.38794e-59 -2.44434e-58 0)
(-8.56924e-60 -4.55931e-59 0)
(4.53538e-60 -5.59962e-59 0)
(4.39594e-59 -1.62897e-58 0)
(-2.86174e-58 -1.13475e-57 0)
(-2.38004e-58 6.0308e-57 0)
(2.00735e-58 4.3355e-57 0)
(1.87423e-58 1.79645e-57 0)
(-5.80841e-59 8.38753e-59 0)
(-5.84633e-60 3.14712e-57 0)
(2.19322e-58 2.31692e-58 0)
(-1.52894e-58 -1.89565e-57 0)
(4.5651e-34 6.38924e-36 0)
(3.68963e-35 2.21333e-36 0)
(3.0177e-36 2.01091e-37 0)
(2.20923e-37 1.555e-38 0)
(1.60713e-38 1.06156e-39 0)
(1.07895e-39 7.04429e-41 0)
(7.12638e-41 4.37984e-42 0)
(4.42544e-42 2.66338e-43 0)
(2.69039e-43 1.54093e-44 0)
(1.55645e-44 8.7076e-46 0)
(8.79541e-46 4.72098e-47 0)
(4.76858e-47 2.49822e-48 0)
(2.52345e-48 1.27568e-49 0)
(1.28856e-49 6.35833e-51 0)
(6.42255e-51 3.07087e-52 0)
(3.10186e-52 1.44834e-53 0)
(1.46295e-53 6.64062e-55 0)
(6.7067e-55 2.97795e-56 0)
(3.00503e-56 1.15821e-57 0)
(1.3058e-57 -5.40436e-59 0)
(4.91746e-59 -7.61126e-60 0)
(-5.69027e-61 5.01533e-59 0)
(3.92372e-60 5.7899e-59 0)
(4.2546e-60 -3.98249e-59 0)
(-3.58597e-60 -4.16399e-59 0)
(-4.03368e-60 4.4436e-59 0)
(9.99199e-61 5.30207e-59 0)
(2.71337e-60 2.07171e-59 0)
(9.7749e-61 -1.03854e-59 0)
(-3.58651e-61 -1.93116e-60 0)
(1.59874e-61 -2.25857e-60 0)
(1.65243e-60 -6.23467e-60 0)
(-1.22582e-59 -4.39628e-59 0)
(-9.61468e-60 2.65146e-58 0)
(8.8003e-60 1.81781e-58 0)
(7.67743e-60 7.48026e-59 0)
(-2.31912e-60 4.01997e-60 0)
(-2.16285e-61 1.29897e-58 0)
(8.86915e-60 9.56195e-60 0)
(-6.19668e-60 -7.8475e-59 0)
(-3.12286e-34 9.17702e-36 0)
(-2.52537e-35 3.69859e-36 0)
(-2.06676e-36 3.38791e-37 0)
(-1.51369e-37 2.62521e-38 0)
(-1.10161e-38 1.79401e-39 0)
(-7.39786e-40 1.19118e-40 0)
(-4.88763e-41 7.41079e-42 0)
(-3.03587e-42 4.50867e-43 0)
(-1.84598e-43 2.6099e-44 0)
(-1.06811e-44 1.47548e-45 0)
(-6.03669e-46 8.00328e-47 0)
(-3.27326e-47 4.23689e-48 0)
(-1.73233e-48 2.16444e-49 0)
(-8.84656e-50 1.07924e-50 0)
(-4.40966e-51 5.21447e-52 0)
(-2.12982e-52 2.46028e-53 0)
(-1.00454e-53 1.12831e-54 0)
(-4.60526e-55 5.05661e-56 0)
(-2.06308e-56 2.2022e-57 0)
(-9.00719e-58 8.98519e-59 0)
(-3.8706e-59 3.52825e-60 0)
(-1.71648e-60 2.18567e-60 0)
(8.5542e-62 2.35699e-60 0)
(1.65418e-61 -1.60604e-60 0)
(-1.41268e-61 -1.68149e-60 0)
(-1.5901e-61 1.79535e-60 0)
(3.88476e-62 2.14467e-60 0)
(1.07505e-61 8.47522e-61 0)
(3.91171e-62 -4.29071e-61 0)
(-1.47074e-62 -7.96409e-62 0)
(5.3658e-63 -8.891e-62 0)
(6.0176e-62 -2.31359e-61 0)
(-5.10497e-61 -1.65669e-60 0)
(-3.78796e-61 1.13941e-59 0)
(3.73995e-61 7.46336e-60 0)
(3.06606e-61 3.0486e-60 0)
(-9.02814e-62 1.81205e-61 0)
(-7.6193e-63 5.24849e-60 0)
(3.49871e-61 3.86239e-61 0)
(-2.45084e-61 -3.17837e-60 0)
(-3.39595e-34 -1.36318e-35 0)
(-2.75638e-35 -2.20976e-36 0)
(-2.25999e-36 -1.85902e-37 0)
(-1.65954e-37 -1.40378e-38 0)
(-1.20973e-38 -9.48976e-40 0)
(-8.14064e-40 -6.25916e-41 0)
(-5.38631e-41 -3.87262e-42 0)
(-3.35134e-42 -2.34402e-43 0)
(-2.04057e-43 -1.35002e-44 0)
(-1.18247e-44 -7.59405e-46 0)
(-6.69141e-46 -4.09858e-47 0)
(-3.63316e-47 -2.15891e-48 0)
(-1.92508e-48 -1.09735e-49 0)
(-9.8431e-50 -5.44406e-51 0)
(-4.91195e-51 -2.61704e-52 0)
(-2.37518e-52 -1.22846e-53 0)
(-1.12149e-53 -5.60491e-55 0)
(-5.14709e-55 -2.49881e-56 0)
(-2.30826e-56 -1.08561e-57 0)
(-1.00859e-57 -4.62766e-59 0)
(-4.31057e-59 -1.92724e-60 0)
(-1.80193e-60 2.37772e-63 0)
(-6.75515e-62 9.00922e-62 0)
(3.57337e-63 -6.3288e-62 0)
(-5.55757e-63 -6.62232e-62 0)
(-6.14294e-63 7.07444e-62 0)
(1.48194e-63 8.46168e-62 0)
(4.1681e-63 3.38917e-62 0)
(1.52916e-63 -1.73625e-62 0)
(-5.87178e-64 -3.21398e-63 0)
(1.70411e-64 -3.41227e-63 0)
(2.12671e-63 -8.30672e-63 0)
(-2.07962e-62 -6.05104e-62 0)
(-1.46164e-62 4.75881e-61 0)
(1.55201e-62 2.98823e-61 0)
(1.20001e-62 1.21181e-61 0)
(-3.44178e-63 7.98268e-63 0)
(-2.63396e-64 2.06826e-61 0)
(1.3515e-62 1.52057e-62 0)
(-9.4891e-63 -1.25617e-61 0)
(1.19911e-34 -2.36154e-35 0)
(9.5138e-36 -2.03046e-36 0)
(7.64536e-37 -1.49851e-37 0)
(5.50041e-38 -1.0761e-38 0)
(3.93194e-39 -7.11542e-40 0)
(2.59463e-40 -4.60018e-41 0)
(1.68382e-41 -2.7996e-42 0)
(1.02757e-42 -1.66165e-43 0)
(6.13591e-44 -9.39217e-45 0)
(3.48678e-45 -5.16951e-46 0)
(1.93436e-46 -2.73009e-47 0)
(1.02948e-47 -1.40337e-48 0)
(5.34479e-49 -6.95738e-50 0)
(2.677e-50 -3.35778e-51 0)
(1.308e-51 -1.5686e-52 0)
(6.19056e-53 -7.13633e-54 0)
(2.85945e-54 -3.15066e-55 0)
(1.28323e-55 -1.35526e-56 0)
(5.62374e-57 -5.66731e-58 0)
(2.39998e-58 -2.31036e-59 0)
(1.00087e-59 -9.16716e-61 0)
(4.07033e-61 -3.23274e-62 0)
(1.64202e-62 2.28023e-63 0)
(8.75513e-64 -2.48251e-63 0)
(-1.81088e-64 -2.55601e-63 0)
(-2.30653e-64 2.7301e-63 0)
(5.5181e-65 3.26923e-63 0)
(1.57987e-64 1.32408e-63 0)
(5.84966e-65 -6.84895e-64 0)
(-2.2967e-65 -1.26547e-64 0)
(5.02359e-66 -1.27909e-64 0)
(7.2698e-65 -2.88311e-64 0)
(-8.25692e-64 -2.146e-63 0)
(-5.51024e-64 1.94376e-62 0)
(6.2643e-64 1.17203e-62 0)
(4.58778e-64 4.71701e-63 0)
(-1.28158e-64 3.36474e-64 0)
(-8.65387e-66 7.98225e-63 0)
(5.10149e-64 5.86175e-64 0)
(-3.59101e-64 -4.86034e-63 0)
(2.00788e-36 2.01624e-35 0)
(-2.03677e-37 1.95642e-36 0)
(-6.28003e-38 1.58957e-37 0)
(-7.28395e-39 1.31979e-38 0)
(-7.82705e-40 9.73848e-40 0)
(-6.73332e-41 7.15918e-41 0)
(-5.6029e-42 4.83849e-42 0)
(-4.14079e-43 3.21969e-43 0)
(-2.96876e-44 2.01024e-44 0)
(-1.96687e-45 1.2289e-45 0)
(-1.26458e-46 7.14069e-47 0)
(-7.66703e-48 4.05257e-48 0)
(-4.51386e-49 2.20507e-49 0)
(-2.53606e-50 1.1709e-50 0)
(-1.38496e-51 5.99684e-52 0)
(-7.27345e-53 2.99739e-53 0)
(-3.71725e-54 1.45124e-54 0)
(-1.83656e-55 6.8606e-56 0)
(-8.84109e-57 3.15172e-57 0)
(-4.12994e-58 1.41468e-58 0)
(-1.88202e-59 6.18579e-60 0)
(-8.3457e-61 2.64599e-61 0)
(-3.61358e-62 1.11741e-62 0)
(-1.51741e-63 3.59149e-64 0)
(-7.06026e-65 -7.82635e-65 0)
(-1.11007e-65 1.03643e-64 0)
(1.91323e-66 1.23443e-64 0)
(5.86057e-66 5.06177e-65 0)
(2.18861e-66 -2.64682e-65 0)
(-8.76617e-67 -4.87885e-66 0)
(1.32992e-67 -4.68075e-66 0)
(2.40234e-66 -9.64853e-66 0)
(-3.20879e-65 -7.36712e-65 0)
(-2.0356e-65 7.73602e-64 0)
(2.47151e-65 4.49102e-64 0)
(1.71958e-65 1.79396e-64 0)
(-4.67551e-66 1.38619e-65 0)
(-2.76699e-67 3.00988e-64 0)
(1.88675e-65 2.20656e-65 0)
(-1.33123e-65 -1.83804e-64 0)
(-1.11545e-34 -1.23565e-36 0)
(-1.14147e-35 1.3509e-37 0)
(-1.27691e-36 1.57803e-38 0)
(-1.11184e-37 1.29482e-39 0)
(-9.88267e-39 9.07179e-41 0)
(-7.60492e-40 6.08832e-42 0)
(-5.81817e-41 3.82656e-43 0)
(-4.0444e-42 2.3432e-44 0)
(-2.76262e-43 1.3667e-45 0)
(-1.75985e-44 7.76985e-47 0)
(-1.09588e-45 4.2414e-48 0)
(-6.46382e-47 2.2568e-49 0)
(-3.71906e-48 1.1593e-50 0)
(-2.04711e-49 5.80747e-52 0)
(-1.09857e-50 2.81982e-53 0)
(-5.67813e-52 1.33618e-54 0)
(-2.86199e-53 6.15529e-56 0)
(-1.39598e-54 2.76958e-57 0)
(-6.64442e-56 1.21428e-58 0)
(-3.07109e-57 5.20462e-60 0)
(-1.38627e-58 2.17767e-61 0)
(-6.09256e-60 8.91968e-63 0)
(-2.61727e-61 3.61914e-64 0)
(-1.0969e-62 1.06074e-65 0)
(-4.50042e-64 -3.01828e-66 0)
(-1.83306e-65 3.82346e-66 0)
(-6.35145e-67 4.5657e-66 0)
(1.85938e-67 1.89279e-66 0)
(7.91902e-68 -9.99053e-67 0)
(-3.28256e-68 -1.83824e-67 0)
(2.87808e-69 -1.67411e-67 0)
(7.64125e-68 -3.10136e-67 0)
(-1.21769e-66 -2.44742e-66 0)
(-7.35736e-67 3.01304e-65 0)
(9.50771e-67 1.6866e-65 0)
(6.30542e-67 6.68504e-66 0)
(-1.6684e-67 5.5148e-67 0)
(-8.33089e-69 1.11212e-65 0)
(6.828e-67 8.13776e-67 0)
(-4.82987e-67 -6.80931e-66 0)
(-3.56888e-35 -2.53415e-35 0)
(-3.33466e-36 -7.92965e-37 0)
(-3.2148e-37 -3.74594e-38 0)
(-2.65597e-38 -3.50835e-39 0)
(-2.19738e-39 -3.07783e-40 0)
(-1.63537e-40 -2.73275e-41 0)
(-1.20066e-41 -2.08742e-42 0)
(-8.15757e-43 -1.54769e-43 0)
(-5.42759e-44 -1.04365e-44 0)
(-3.4011e-45 -6.83039e-46 0)
(-2.0801e-46 -4.18331e-47 0)
(-1.21195e-47 -2.48852e-48 0)
(-6.88332e-49 -1.40692e-49 0)
(-3.7534e-50 -7.73302e-51 0)
(-1.99487e-51 -4.07767e-52 0)
(-1.02352e-52 -2.09271e-53 0)
(-5.12084e-54 -1.03672e-54 0)
(-2.48321e-55 -5.00453e-56 0)
(-1.1751e-56 -2.34199e-57 0)
(-5.40584e-58 -1.06921e-58 0)
(-2.42893e-59 -4.74697e-60 0)
(-1.06342e-60 -2.05832e-61 0)
(-4.55138e-62 -8.6997e-63 0)
(-1.90155e-63 -3.59631e-64 0)
(-7.77435e-65 -1.46364e-65 0)
(-3.11753e-66 -4.35465e-67 0)
(-1.19058e-67 1.43083e-67 0)
(2.93053e-69 6.8481e-68 0)
(2.70346e-69 -3.69901e-68 0)
(-1.20524e-69 -6.78721e-69 0)
(3.24596e-71 -5.85129e-69 0)
(2.32972e-69 -9.5228e-69 0)
(-4.5259e-68 -7.83791e-68 0)
(-2.60727e-68 1.14572e-66 0)
(3.5786e-68 6.1971e-67 0)
(2.2678e-68 2.43736e-67 0)
(-5.83601e-69 2.14542e-68 0)
(-2.3979e-70 4.02044e-67 0)
(2.42254e-68 2.93506e-68 0)
(-1.7177e-68 -2.4688e-67 0)
(-1.79935e-34 -5.27837e-36 0)
(-1.46751e-35 -2.6015e-37 0)
(-1.21258e-36 -1.64676e-38 0)
(-8.95577e-38 -1.30831e-39 0)
(-6.57806e-39 -9.93622e-41 0)
(-4.45461e-40 -7.59647e-42 0)
(-2.96956e-41 -5.33308e-43 0)
(-1.85998e-42 -3.66395e-44 0)
(-1.14095e-43 -2.35422e-45 0)
(-6.65715e-45 -1.47395e-46 0)
(-3.79516e-46 -8.75377e-48 0)
(-2.07515e-47 -5.06082e-49 0)
(-1.1077e-48 -2.80146e-50 0)
(-5.70437e-50 -1.50984e-51 0)
(-2.86774e-51 -7.84127e-53 0)
(-1.39676e-52 -3.96754e-54 0)
(-6.64406e-54 -1.9433e-55 0)
(-3.07162e-55 -9.28185e-57 0)
(-1.38775e-56 -4.30593e-58 0)
(-6.10841e-58 -1.9499e-59 0)
(-2.62953e-59 -8.59801e-61 0)
(-1.10491e-60 -3.70451e-62 0)
(-4.544e-62 -1.55728e-63 0)
(-1.82688e-63 -6.40319e-65 0)
(-7.19409e-65 -2.57707e-66 0)
(-2.77329e-66 -9.63089e-68 0)
(-1.04676e-67 1.96796e-69 0)
(-3.61335e-69 2.33907e-69 0)
(-3.95692e-71 -1.34285e-69 0)
(-4.79838e-71 -2.45349e-70 0)
(-1.48111e-72 -1.99996e-70 0)
(6.74902e-71 -2.76332e-70 0)
(-1.64514e-69 -2.41149e-69 0)
(-9.05026e-70 4.26641e-68 0)
(1.31582e-69 2.23283e-68 0)
(7.98911e-70 8.71237e-69 0)
(-1.999e-70 8.10459e-70 0)
(-6.29699e-72 1.42502e-68 0)
(8.41969e-70 1.03771e-69 0)
(-5.98503e-70 -8.77427e-69 0)
(-2.23785e-35 -1.4136e-35 0)
(-1.88384e-36 -1.14307e-36 0)
(-1.57865e-37 -8.37631e-38 0)
(-1.18905e-38 -6.13251e-39 0)
(-8.82326e-40 -4.14663e-40 0)
(-6.0547e-41 -2.76183e-41 0)
(-4.0673e-42 -1.72875e-42 0)
(-2.5716e-43 -1.05994e-43 0)
(-1.58678e-44 -6.18193e-45 0)
(-9.32254e-46 -3.52313e-46 0)
(-5.33907e-47 -1.92588e-47 0)
(-2.93447e-48 -1.02781e-48 0)
(-1.57204e-49 -5.292e-50 0)
(-8.12744e-51 -2.6601e-51 0)
(-4.09743e-52 -1.29549e-52 0)
(-2.00168e-53 -6.16195e-54 0)
(-9.54255e-55 -2.8486e-55 0)
(-4.42169e-56 -1.28697e-56 0)
(-2.00111e-57 -5.66479e-58 0)
(-8.82331e-59 -2.43861e-59 0)
(-3.8031e-60 -1.02471e-60 0)
(-1.60003e-61 -4.21442e-62 0)
(-6.5863e-63 -1.69447e-63 0)
(-2.65027e-64 -6.67316e-65 0)
(-1.04429e-65 -2.57249e-66 0)
(-4.02749e-67 -9.70236e-68 0)
(-1.52178e-68 -3.3945e-69 0)
(-5.54533e-70 -4.328e-71 0)
(-1.69752e-71 -5.21098e-71 0)
(-2.23637e-72 -8.8454e-72 0)
(-1.54268e-73 -6.69011e-72 0)
(1.8314e-72 -7.44916e-72 0)
(-5.86086e-71 -7.07629e-71 0)
(-3.08185e-71 1.5535e-69 0)
(4.73785e-71 7.88034e-70 0)
(2.76186e-71 3.05052e-70 0)
(-6.71552e-72 2.99584e-71 0)
(-1.48517e-73 4.94747e-70 0)
(2.8706e-71 3.59243e-71 0)
(-2.04546e-71 -3.05518e-70 0)
(-3.68471e-36 -1.83244e-36 0)
(-3.18684e-37 -1.51586e-37 0)
(-2.74248e-38 -1.13658e-38 0)
(-2.09682e-39 -8.41794e-40 0)
(-1.57683e-40 -5.77175e-41 0)
(-1.09062e-41 -3.8751e-42 0)
(-7.37338e-43 -2.44914e-43 0)
(-4.67854e-44 -1.51069e-44 0)
(-2.8937e-45 -8.87295e-46 0)
(-1.70136e-46 -5.08021e-47 0)
(-9.74216e-48 -2.79153e-48 0)
(-5.34827e-49 -1.49513e-49 0)
(-2.85978e-50 -7.72827e-51 0)
(-1.47478e-51 -3.89546e-52 0)
(-7.41223e-53 -1.90269e-53 0)
(-3.60828e-54 -9.06919e-55 0)
(-1.71339e-55 -4.20173e-56 0)
(-7.90535e-57 -1.90131e-57 0)
(-3.56125e-58 -8.38217e-59 0)
(-1.56262e-59 -3.61252e-60 0)
(-6.70093e-61 -1.51968e-61 0)
(-2.80425e-62 -6.25488e-63 0)
(-1.14797e-63 -2.51666e-64 0)
(-4.59319e-65 -9.91549e-66 0)
(-1.79931e-66 -3.82368e-67 0)
(-6.89784e-68 -1.44437e-68 0)
(-2.59092e-69 -5.28047e-70 0)
(-9.50413e-71 -1.64148e-71 0)
(-3.32232e-72 -2.34083e-72 0)
(-1.73601e-73 -3.25437e-73 0)
(-1.13805e-74 -2.19407e-73 0)
(4.51592e-74 -1.79248e-73 0)
(-2.04447e-72 -1.95834e-72 0)
(-1.02893e-72 5.54325e-71 0)
(1.669e-72 2.72872e-71 0)
(9.36139e-73 1.04777e-71 0)
(-2.21122e-73 1.07918e-72 0)
(-2.67404e-75 1.68506e-71 0)
(9.59623e-73 1.21981e-72 0)
(-6.85498e-73 -1.04346e-71 0)
(-9.5508e-39 -6.07253e-37 0)
(-1.01308e-39 -5.16747e-38 0)
(-1.05378e-40 -3.92875e-39 0)
(-9.15041e-42 -2.94225e-40 0)
(-7.73931e-43 -2.02843e-41 0)
(-5.85747e-44 -1.36717e-42 0)
(-4.30377e-45 -8.65102e-44 0)
(-2.9254e-46 -5.33626e-45 0)
(-1.92863e-47 -3.12957e-46 0)
(-1.19849e-48 -1.78757e-47 0)
(-7.22594e-50 -9.79027e-49 0)
(-4.15431e-51 -5.22279e-50 0)
(-2.31949e-52 -2.68732e-51 0)
(-1.24437e-53 -1.34766e-52 0)
(-6.49128e-55 -6.54632e-54 0)
(-3.271e-56 -3.10191e-55 0)
(-1.6048e-57 -1.42821e-56 0)
(-7.63488e-59 -6.42065e-58 0)
(-3.54104e-60 -2.81159e-59 0)
(-1.59716e-61 -1.20327e-60 0)
(-7.03144e-63 -5.02562e-62 0)
(-3.01713e-64 -2.05331e-63 0)
(-1.26505e-65 -8.1997e-65 0)
(-5.17893e-67 -3.20594e-66 0)
(-2.07387e-68 -1.22669e-67 0)
(-8.12017e-70 -4.59893e-69 0)
(-3.11244e-71 -1.68692e-70 0)
(-1.15808e-72 -5.9822e-72 0)
(-3.90378e-74 -2.71077e-73 0)
(-3.29722e-75 -1.76995e-74 0)
(-3.84051e-76 -7.24598e-75 0)
(9.50537e-76 -3.47886e-75 0)
(-6.9941e-74 -5.00186e-74 0)
(-3.37185e-74 1.93654e-72 0)
(5.76203e-74 9.26434e-73 0)
(3.1153e-74 3.52847e-73 0)
(-7.14446e-75 3.80685e-74 0)
(-1.51019e-77 5.62698e-73 0)
(3.14863e-74 4.05961e-74 0)
(-2.25467e-74 -3.49462e-73 0)
(3.61222e-36 -1.5925e-36 0)
(3.10164e-37 -1.29502e-37 0)
(2.6501e-38 -9.59787e-39 0)
(2.01372e-39 -7.02507e-40 0)
(1.50513e-40 -4.77291e-41 0)
(1.03531e-41 -3.17473e-42 0)
(6.96147e-43 -1.99086e-43 0)
(4.39482e-44 -1.21836e-44 0)
(2.7046e-45 -7.1064e-46 0)
(1.58261e-46 -4.04058e-47 0)
(9.01942e-48 -2.20626e-48 0)
(4.92898e-49 -1.17424e-49 0)
(2.6237e-50 -6.03408e-51 0)
(1.34709e-51 -3.02384e-52 0)
(6.74103e-53 -1.46882e-53 0)
(3.26755e-54 -6.96294e-55 0)
(1.54502e-55 -3.209e-56 0)
(7.0988e-57 -1.44455e-57 0)
(3.18466e-58 -6.33646e-59 0)
(1.39165e-59 -2.71726e-60 0)
(5.94349e-61 -1.13751e-61 0)
(2.47724e-62 -4.65931e-63 0)
(1.01003e-63 -1.86581e-64 0)
(4.02516e-65 -7.31666e-66 0)
(1.57052e-66 -2.80841e-67 0)
(5.99697e-68 -1.05642e-68 0)
(2.24377e-69 -3.89358e-70 0)
(8.22439e-71 -1.40704e-71 0)
(2.9561e-72 -5.00736e-73 0)
(1.04116e-73 -1.76944e-74 0)
(3.58862e-75 -8.11237e-76 0)
(1.35395e-76 -4.97226e-77 0)
(-2.34114e-75 -1.12452e-75 0)
(-1.08409e-75 6.63407e-74 0)
(1.94852e-75 3.08762e-74 0)
(1.01732e-75 1.16629e-74 0)
(-2.26427e-76 1.31187e-75 0)
(1.91115e-78 1.84434e-74 0)
(1.01375e-75 1.32588e-75 0)
(-7.27744e-76 -1.14866e-74 0)
(1.96474e-35 -1.26785e-35 0)
(1.63103e-36 -1.00813e-36 0)
(1.34546e-37 -7.28327e-38 0)
(1.00214e-38 -5.26373e-39 0)
(7.3489e-40 -3.51671e-40 0)
(4.99638e-41 -2.31536e-41 0)
(3.32453e-42 -1.43337e-42 0)
(2.08521e-43 -8.6939e-44 0)
(1.2763e-44 -5.01789e-45 0)
(7.44521e-46 -2.83048e-46 0)
(4.23366e-47 -1.53181e-47 0)
(2.31187e-48 -8.09442e-49 0)
(1.23054e-49 -4.12736e-50 0)
(6.32376e-51 -2.05481e-51 0)
(3.16916e-52 -9.91262e-53 0)
(1.53948e-53 -4.67076e-54 0)
(7.29815e-55 -2.13924e-55 0)
(3.36359e-56 -9.57597e-57 0)
(1.51418e-57 -4.17654e-58 0)
(6.64201e-59 -1.78163e-59 0)
(2.84833e-60 -7.41893e-61 0)
(1.19239e-61 -3.02384e-62 0)
(4.88418e-63 -1.20491e-63 0)
(1.95587e-64 -4.7029e-65 0)
(7.66988e-66 -1.79676e-66 0)
(2.944e-67 -6.72872e-68 0)
(1.10743e-68 -2.46907e-69 0)
(4.08165e-70 -8.88663e-71 0)
(1.47533e-71 -3.13678e-72 0)
(5.2294e-73 -1.08674e-73 0)
(1.81893e-74 -3.70105e-75 0)
(6.20767e-76 -1.21571e-76 0)
(-5.63545e-77 -2.32754e-77 0)
(-3.35525e-77 2.22723e-75 0)
(6.4645e-77 1.00977e-75 0)
(3.26321e-77 3.78268e-76 0)
(-7.04485e-78 4.43027e-77 0)
(1.34441e-79 5.93169e-76 0)
(3.20526e-77 4.24788e-77 0)
(-2.30659e-77 -3.7051e-76 0)
(1.63497e-34 1.73824e-35 0)
(1.31343e-35 1.64167e-36 0)
(1.07029e-36 1.26099e-37 0)
(7.80298e-38 9.33026e-39 0)
(5.66098e-39 6.31775e-40 0)
(3.7891e-40 4.18979e-41 0)
(2.49748e-41 2.612e-42 0)
(1.54744e-42 1.59199e-43 0)
(9.39209e-44 9.2367e-45 0)
(5.42412e-45 5.23077e-46 0)
(3.06112e-46 2.84269e-47 0)
(1.65737e-47 1.50711e-48 0)
(8.76118e-49 7.71132e-50 0)
(4.46887e-50 3.84991e-51 0)
(2.22545e-51 1.8626e-52 0)
(1.07386e-52 8.79782e-54 0)
(5.06101e-54 4.03936e-55 0)
(2.31842e-55 1.81199e-56 0)
(1.03797e-56 7.91967e-58 0)
(4.52771e-58 3.38467e-59 0)
(1.93165e-59 1.41202e-60 0)
(8.04444e-61 5.76468e-62 0)
(3.27905e-62 2.30078e-63 0)
(1.30669e-63 8.99343e-65 0)
(5.1004e-65 3.44091e-66 0)
(1.9487e-66 1.2903e-67 0)
(7.29788e-68 4.74076e-69 0)
(2.67796e-69 1.70832e-70 0)
(9.63852e-71 6.03684e-72 0)
(3.40209e-72 2.09355e-73 0)
(1.17854e-73 7.12499e-75 0)
(4.00674e-75 2.38261e-76 0)
(1.31276e-76 7.75335e-78 0)
(3.32401e-78 7.3628e-77 0)
(2.24263e-78 3.24418e-77 0)
(1.03229e-78 1.20483e-77 0)
(-2.15e-79 1.46418e-78 0)
(6.51714e-81 1.87346e-77 0)
(9.95114e-79 1.33626e-78 0)
(-7.179e-79 -1.17357e-77 0)
(-2.52301e-34 3.20819e-35 0)
(-2.05794e-35 4.12701e-36 0)
(-1.69122e-36 3.36433e-37 0)
(-1.24574e-37 2.52722e-38 0)
(-9.09556e-39 1.71181e-39 0)
(-6.13335e-40 1.13338e-40 0)
(-4.06289e-41 7.04277e-42 0)
(-2.53152e-42 4.282e-43 0)
(-1.54269e-43 2.47731e-44 0)
(-8.94846e-45 1.39986e-45 0)
(-5.06686e-46 7.58948e-47 0)
(-2.753e-47 4.01608e-48 0)
(-1.45933e-48 2.05072e-49 0)
(-7.4652e-50 1.02211e-50 0)
(-3.72636e-51 4.93635e-52 0)
(-1.80244e-52 2.32812e-53 0)
(-8.51197e-54 1.06726e-54 0)
(-3.90726e-55 4.78101e-56 0)
(-1.75238e-56 2.08675e-57 0)
(-7.65744e-58 8.90709e-59 0)
(-3.27191e-59 3.71122e-60 0)
(-1.36468e-60 1.51339e-61 0)
(-5.5702e-62 6.03326e-63 0)
(-2.22267e-63 2.35578e-64 0)
(-8.6862e-65 9.00374e-66 0)
(-3.32262e-66 3.37291e-67 0)
(-1.24567e-67 1.23804e-68 0)
(-4.57575e-69 4.45705e-70 0)
(-1.6485e-70 1.57357e-71 0)
(-5.82413e-72 5.45223e-73 0)
(-2.01934e-73 1.85399e-74 0)
(-6.87106e-75 6.1907e-76 0)
(-2.29652e-76 2.03148e-77 0)
(-7.5647e-78 3.02505e-78 0)
(-1.75741e-79 1.04367e-78 0)
(2.4124e-80 3.7744e-79 0)
(-6.69207e-81 4.74744e-80 0)
(2.61531e-82 5.80998e-79 0)
(3.03534e-80 4.12638e-80 0)
(-2.19518e-80 -3.6502e-79 0)
(-5.96728e-34 4.11223e-36 0)
(-4.83501e-35 -1.76877e-36 0)
(-3.96044e-36 -1.78527e-37 0)
(-2.90433e-37 -1.41562e-38 0)
(-2.11513e-38 -9.74134e-40 0)
(-1.42172e-39 -6.48316e-41 0)
(-9.39828e-41 -4.03844e-42 0)
(-5.84161e-42 -2.45851e-43 0)
(-3.55368e-43 -1.42401e-44 0)
(-2.05732e-44 -8.05353e-46 0)
(-1.1632e-45 -4.3702e-47 0)
(-6.30997e-47 -2.31418e-48 0)
(-3.34058e-48 -1.18255e-49 0)
(-1.70657e-49 -5.89752e-51 0)
(-8.50909e-51 -2.85e-52 0)
(-4.11107e-52 -1.34483e-53 0)
(-1.93951e-53 -6.16826e-55 0)
(-8.89394e-55 -2.76445e-56 0)
(-3.9853e-56 -1.20714e-57 0)
(-1.7399e-57 -5.15462e-59 0)
(-7.42831e-59 -2.14857e-60 0)
(-3.09575e-60 -8.76471e-62 0)
(-1.26265e-61 -3.49536e-63 0)
(-5.03463e-63 -1.36526e-64 0)
(-1.96618e-64 -5.21961e-66 0)
(-7.51589e-66 -1.95589e-67 0)
(-2.81595e-67 -7.18119e-69 0)
(-1.03375e-68 -2.58597e-70 0)
(-3.72204e-70 -9.13212e-72 0)
(-1.31423e-71 -3.16493e-73 0)
(-4.55413e-73 -1.07646e-74 0)
(-1.54875e-74 -3.59517e-76 0)
(-5.17193e-76 -1.17903e-77 0)
(-1.69614e-77 -3.04716e-79 0)
(-5.44333e-79 1.96741e-80 0)
(-1.63304e-80 1.12035e-80 0)
(-7.28294e-82 1.49572e-81 0)
(-6.27481e-84 1.77023e-80 0)
(9.09159e-82 1.25169e-81 0)
(-6.5952e-82 -1.11542e-80 0)
(1.77475e-34 -9.68071e-36 0)
(1.43125e-35 -4.67869e-36 0)
(1.16964e-36 -4.32721e-37 0)
(8.55023e-38 -3.36201e-38 0)
(6.21539e-39 -2.30011e-39 0)
(4.16812e-40 -1.52792e-40 0)
(2.75119e-41 -9.50933e-42 0)
(1.70699e-42 -5.78646e-43 0)
(1.03712e-43 -3.35022e-44 0)
(5.99564e-45 -1.89417e-45 0)
(3.38625e-46 -1.02753e-46 0)
(1.83477e-47 -5.43983e-48 0)
(9.70441e-49 -2.77905e-49 0)
(4.95268e-50 -1.38566e-50 0)
(2.4674e-51 -6.69479e-52 0)
(1.19107e-52 -3.15851e-53 0)
(5.61509e-54 -1.44842e-54 0)
(2.57294e-55 -6.49042e-56 0)
(1.15215e-56 -2.83369e-57 0)
(5.02667e-58 -1.20985e-58 0)
(2.14478e-59 -5.04223e-60 0)
(8.93297e-61 -2.05663e-61 0)
(3.64144e-62 -8.20082e-63 0)
(1.45116e-63 -3.20281e-64 0)
(5.66435e-65 -1.22435e-65 0)
(2.16415e-66 -4.58743e-67 0)
(8.10445e-68 -1.68414e-68 0)
(2.97378e-69 -6.0641e-70 0)
(1.07024e-70 -2.14129e-71 0)
(3.77729e-72 -7.42047e-73 0)
(1.30838e-73 -2.52365e-74 0)
(4.44766e-75 -8.42789e-76 0)
(1.48466e-76 -2.76393e-77 0)
(4.8668e-78 -8.88189e-79 0)
(1.56806e-79 -2.72269e-80 0)
(4.98893e-81 -5.27735e-82 0)
(1.48776e-82 2.01395e-83 0)
(5.07947e-84 5.29124e-82 0)
(2.69373e-83 3.72712e-83 0)
(-1.94707e-83 -3.34892e-82 0)
(4.20371e-34 1.90234e-35 0)
(3.41111e-35 1.02984e-36 0)
(2.79581e-36 6.21707e-38 0)
(2.05232e-37 4.18263e-39 0)
(1.49543e-38 2.7185e-40 0)
(1.00593e-39 1.77047e-41 0)
(6.65284e-41 1.0879e-42 0)
(4.13759e-42 6.56772e-44 0)
(2.51811e-43 3.77176e-45 0)
(1.45852e-44 2.11931e-46 0)
(8.24953e-46 1.14202e-47 0)
(4.47699e-47 6.01316e-49 0)
(2.37099e-48 3.05435e-50 0)
(1.2117e-49 1.51553e-51 0)
(6.04355e-51 7.28537e-53 0)
(2.92085e-52 3.42198e-54 0)
(1.37841e-53 1.56217e-55 0)
(6.32283e-55 6.97178e-57 0)
(2.834e-56 3.03138e-58 0)
(1.23762e-57 1.2894e-59 0)
(5.28528e-59 5.35357e-61 0)
(2.20323e-60 2.17598e-62 0)
(8.98852e-62 8.64641e-64 0)
(3.58494e-63 3.36572e-65 0)
(1.40037e-64 1.28242e-66 0)
(5.35432e-66 4.79004e-68 0)
(2.00655e-67 1.7531e-69 0)
(7.36782e-69 6.2937e-71 0)
(2.65341e-70 2.21586e-72 0)
(9.37107e-72 7.65715e-74 0)
(3.24802e-73 2.59686e-75 0)
(1.10481e-74 8.64884e-77 0)
(3.69019e-76 2.82879e-78 0)
(1.21039e-77 9.09759e-80 0)
(3.90048e-79 2.89929e-81 0)
(1.23507e-80 9.94636e-83 0)
(3.8419e-82 4.15458e-84 0)
(1.17708e-83 1.56747e-83 0)
(1.12958e-84 1.0945e-84 0)
(-5.54722e-85 -9.88295e-84 0)
(5.07551e-35 3.17355e-35 0)
(4.27035e-36 2.50912e-36 0)
(3.5647e-37 1.81064e-37 0)
(2.67875e-38 1.3059e-38 0)
(1.97894e-39 8.72192e-40 0)
(1.35343e-40 5.73561e-41 0)
(9.04905e-42 3.54963e-42 0)
(5.69868e-43 2.15109e-43 0)
(3.49931e-44 1.2411e-44 0)
(2.04698e-45 6.99571e-46 0)
(1.16656e-46 3.78444e-47 0)
(6.38239e-48 1.99852e-48 0)
(3.4022e-49 1.01861e-49 0)
(1.75064e-50 5.06821e-51 0)
(8.78186e-52 2.44387e-52 0)
(4.26945e-53 1.1509e-53 0)
(2.0252e-54 5.26878e-55 0)
(9.33823e-56 2.35723e-56 0)
(4.20503e-57 1.02762e-57 0)
(1.84494e-58 4.38132e-59 0)
(7.91238e-60 1.82357e-60 0)
(3.31237e-61 7.42876e-62 0)
(1.35665e-62 2.9587e-63 0)
(5.43186e-64 1.15422e-64 0)
(2.12958e-65 4.40757e-66 0)
(8.17182e-67 1.64976e-67 0)
(3.07289e-68 6.05069e-69 0)
(1.13213e-69 2.17665e-70 0)
(4.09034e-71 7.67905e-72 0)
(1.44917e-72 2.65883e-73 0)
(5.03815e-74 9.03503e-75 0)
(1.71887e-75 3.01491e-76 0)
(5.75786e-77 9.87981e-78 0)
(1.89398e-78 3.18091e-79 0)
(6.12023e-80 1.00637e-80 0)
(1.94313e-81 3.13216e-82 0)
(6.0629e-83 9.60934e-84 0)
(1.86023e-84 7.51371e-85 0)
(7.7845e-86 4.08353e-86 0)
(-1.39425e-86 -2.92977e-85 0)
)
;

boundaryField
{
    leftWall
    {
        type            fixedValue;
        value           nonuniform 0();
    }
    rightWall
    {
        type            fixedValue;
        value           uniform (0 0 0);
    }
    lowerWall
    {
        type            fixedValue;
        value           nonuniform 0();
    }
    atmosphere
    {
        type            pressureInletOutletVelocity;
        value           nonuniform List<vector> 
45
(
(4.28824e-33 2.52827e-30 0)
(1.8113e-31 3.34372e-31 0)
(2.77269e-32 4.29505e-32 0)
(4.4535e-33 4.00104e-33 0)
(4.90843e-34 3.99203e-34 0)
(5.07551e-35 3.17355e-35 0)
(4.27035e-36 2.50912e-36 0)
(3.5647e-37 1.81064e-37 0)
(2.67875e-38 1.3059e-38 0)
(1.97894e-39 8.72192e-40 0)
(1.35343e-40 5.73561e-41 0)
(9.04905e-42 3.54963e-42 0)
(5.69868e-43 2.15109e-43 0)
(3.49931e-44 1.2411e-44 0)
(2.04698e-45 6.99571e-46 0)
(1.16656e-46 3.78444e-47 0)
(6.38239e-48 1.99852e-48 0)
(3.4022e-49 1.01861e-49 0)
(1.75064e-50 5.06821e-51 0)
(8.78186e-52 2.44387e-52 0)
(4.26945e-53 1.1509e-53 0)
(2.0252e-54 5.26878e-55 0)
(9.33823e-56 2.35723e-56 0)
(4.20503e-57 1.02762e-57 0)
(1.84494e-58 4.38132e-59 0)
(7.91238e-60 1.82357e-60 0)
(3.31237e-61 7.42876e-62 0)
(1.35665e-62 2.9587e-63 0)
(5.43186e-64 1.15422e-64 0)
(2.12958e-65 4.40757e-66 0)
(8.17182e-67 1.64976e-67 0)
(3.07289e-68 6.05069e-69 0)
(1.13213e-69 2.17665e-70 0)
(4.09034e-71 7.67905e-72 0)
(1.44917e-72 2.65883e-73 0)
(5.03815e-74 9.03503e-75 0)
(1.71887e-75 3.01491e-76 0)
(5.75786e-77 9.87981e-78 0)
(1.89398e-78 3.18091e-79 0)
(6.12023e-80 1.00637e-80 0)
(1.94313e-81 3.13216e-82 0)
(6.0629e-83 9.60934e-84 0)
(1.86023e-84 7.51371e-85 0)
(7.7845e-86 4.08353e-86 0)
(0 -2.92977e-85 0)
)
;
    }
    defaultFaces
    {
        type            empty;
    }
    procBoundary3to1
    {
        type            processor;
        value           nonuniform List<vector> 
45
(
(1.43924e-35 8.82501e-36 0)
(1.36167e-34 1.00647e-34 0)
(1.28424e-33 9.25703e-34 0)
(9.14481e-33 9.01971e-33 0)
(7.60199e-32 6.07234e-32 0)
(3.59076e-31 5.06195e-31 0)
(3.01168e-30 4.09048e-31 0)
(2.71929e-30 -9.77902e-31 0)
(-2.7109e-30 -9.71145e-31 0)
(-2.9399e-30 4.64834e-31 0)
(7.43837e-33 1.02002e-30 0)
(3.01253e-30 5.1987e-31 0)
(3.07593e-30 -4.57493e-31 0)
(3.64021e-31 -5.13065e-31 0)
(7.16049e-32 -5.56265e-32 0)
(7.42857e-33 -7.40049e-33 0)
(9.20831e-34 -6.63246e-34 0)
(-7.757e-35 -1.8596e-34 0)
(-1.7804e-33 -1.24887e-33 0)
(-1.39297e-32 -1.41508e-32 0)
(-1.35856e-31 -1.03911e-31 0)
(-6.57273e-31 -9.71085e-31 0)
(-5.79418e-30 -4.08549e-31 0)
(-3.01158e-30 1.4502e-30 0)
(2.71851e-30 1.07646e-30 0)
(3.30644e-30 6.54726e-32 0)
(3.15369e-30 -4.53439e-31 0)
(4.42204e-31 1.25143e-31 0)
(4.31262e-31 5.02371e-31 0)
(3.09023e-30 4.59782e-31 0)
(3.0847e-30 -4.63173e-31 0)
(3.70535e-31 -4.71224e-31 0)
(6.55636e-32 4.88709e-31 0)
(1.45995e-33 -5.51672e-31 0)
(8.32007e-33 -4.19008e-32 0)
(1.55522e-32 1.24804e-32 0)
(1.43426e-31 1.11101e-31 0)
(7.31086e-31 1.02614e-30 0)
(6.10797e-30 9.3391e-31 0)
(5.92387e-30 -1.33956e-30 0)
(-1.76146e-30 -5.30995e-31 0)
(2.4966e-30 8.44871e-31 0)
(-3.56839e-31 -1.3179e-30 0)
(-5.50716e-30 -9.25106e-32 0)
(-5.92343e-31 2.37333e-31 0)
)
;
    }
    procBoundary3to2
    {
        type            processor;
        value           nonuniform List<vector> 
43
(
(9.87593e-36 3.15694e-39 0)
(1.27375e-36 -7.63991e-37 0)
(2.14067e-37 -1.67779e-37 0)
(-6.28354e-38 -9.37301e-37 0)
(-1.46066e-36 -9.78079e-36 0)
(-2.50556e-35 -1.21156e-34 0)
(-4.78678e-34 -9.30468e-34 0)
(-7.14415e-33 -9.80207e-33 0)
(-7.56958e-32 -8.05739e-33 0)
(-6.37921e-32 -7.83903e-32 0)
(-6.06117e-31 -4.08562e-31 0)
(7.10111e-32 -4.23356e-30 0)
(1.24126e-30 9.17234e-32 0)
(4.61851e-32 4.3352e-30 0)
(-6.1989e-31 4.21162e-31 0)
(-5.80576e-32 9.02795e-32 0)
(2.12387e-34 1.62573e-32 0)
(5.57046e-32 9.09276e-32 0)
(6.2223e-31 3.59781e-31 0)
(-8.68934e-31 4.29407e-30 0)
(-2.144e-30 -5.65988e-30 0)
(7.26534e-31 -1.04712e-29 0)
(2.16811e-30 -6.95399e-31 0)
(-7.71314e-31 4.37585e-30 0)
(-2.20144e-30 -5.94176e-30 0)
(1.50246e-30 -1.0725e-29 0)
(1.59049e-30 4.42623e-30 0)
(-6.38662e-31 2.21195e-31 0)
(-1.42378e-31 2.80741e-32 0)
(-9.44978e-31 -6.34532e-31 0)
(8.78696e-34 -5.82981e-30 0)
(8.28588e-31 -5.65437e-31 0)
(7.83121e-32 -1.19067e-31 0)
(1.03424e-32 -1.1123e-32 0)
(-1.86228e-36 -2.78094e-33 0)
(-1.05284e-32 -1.0672e-32 0)
(-7.43221e-32 -1.18558e-31 0)
(-8.20707e-31 -4.75027e-31 0)
(1.13763e-30 -5.663e-30 0)
(2.82893e-30 7.41101e-30 0)
(-8.70313e-31 1.38664e-29 0)
(-1.97098e-30 1.42101e-30 0)
(-1.77809e-31 3.10492e-31 0)
)
;
    }
}


// ************************************************************************* //
