/*--------------------------------*- C++ -*----------------------------------*\
| =========                 |                                                 |
| \\      /  F ield         | OpenFOAM: The Open Source CFD Toolbox           |
|  \\    /   O peration     | Version:  2.4.0                                 |
|   \\  /    A nd           | Web:      www.OpenFOAM.org                      |
|    \\/     M anipulation  |                                                 |
\*---------------------------------------------------------------------------*/
FoamFile
{
    version     2.0;
    format      ascii;
    class       surfaceScalarField;
    location    "0.6";
    object      phi;
}
// * * * * * * * * * * * * * * * * * * * * * * * * * * * * * * * * * * * * * //

dimensions      [0 3 -1 0 0 0 0];

internalField   nonuniform List<scalar> 
3781
(
2.72757e-39
5.56415e-41
1.52398e-38
3.47708e-40
2.14945e-38
2.72723e-39
5.1889e-37
2.12553e-39
4.21472e-41
-5.26088e-39
-5.1855e-37
-5.25499e-39
-1.84572e-38
2.1862e-39
2.77807e-39
3.13022e-39
3.43409e-38
3.42902e-39
5.43158e-37
4.96879e-39
5.37165e-37
-2.72123e-39
-4.79078e-37
-7.3864e-39
1.83173e-38
2.12552e-39
5.21961e-37
4.85265e-39
2.1834e-38
-2.18689e-39
1.5285e-38
-2.7339e-39
2.73985e-39
-3.48322e-40
2.97659e-40
-5.47904e-41
3.82594e-41
-5.96036e-42
3.89282e-42
-6.88436e-43
4.14516e-43
-6.68642e-44
3.85813e-44
-6.52525e-45
3.61778e-45
-5.72967e-46
6.13831e-46
-4.55277e-47
3.64122e-45
4.58374e-47
3.88614e-44
5.76631e-46
4.17798e-43
6.57076e-45
3.92775e-42
6.73873e-44
3.86348e-41
6.9438e-43
3.0113e-40
6.0206e-42
2.77414e-39
5.54108e-41
1.55435e-38
3.53581e-40
2.42684e-38
2.7826e-39
5.34429e-37
2.47904e-39
2.42684e-38
-2.47904e-39
1.55435e-38
-2.7826e-39
2.77414e-39
-3.53581e-40
3.0113e-40
-5.54108e-41
3.86348e-41
-6.02062e-42
3.92768e-42
-6.94553e-43
4.17321e-43
-6.89098e-44
3.6573e-44
-1.75828e-44
-7.25685e-45
-7.88965e-44
-3.61157e-43
7.00664e-40
-6.00323e-41
3.86112e-39
-4.91212e-40
2.60986e-38
-3.69358e-39
4.30603e-38
-2.83364e-39
1.26417e-41
7.09817e-39
-4.29607e-38
7.09072e-39
-2.53052e-38
-2.91302e-39
7.18002e-40
-4.25799e-39
2.93549e-38
-4.68532e-39
6.98755e-38
-6.67925e-39
4.77144e-38
3.68604e-39
-1.22949e-38
9.93179e-39
4.66666e-39
-2.83363e-39
4.38637e-38
-6.52711e-39
2.6198e-38
2.91383e-39
3.87485e-39
3.70198e-39
7.06602e-40
4.9257e-40
8.68594e-41
7.1946e-41
1.1414e-41
7.52913e-42
1.22946e-42
8.16993e-43
1.33418e-43
7.61438e-44
1.28245e-44
7.12136e-45
1.22131e-45
6.06119e-46
2.1157e-46
4.68759e-47
1.22948e-45
-4.71806e-47
1.29209e-44
-6.09805e-46
1.34523e-43
-7.16821e-45
1.24105e-42
-7.66987e-44
1.15344e-41
-8.235e-43
8.7953e-41
-7.59805e-42
7.16761e-40
-7.26857e-41
3.95003e-39
-4.99268e-40
2.68153e-38
-3.76624e-39
4.7009e-38
-3.33282e-39
2.68153e-38
3.33282e-39
3.95003e-39
3.76624e-39
7.16761e-40
4.99268e-40
8.7953e-41
7.26856e-41
1.15343e-41
7.5979e-42
1.24031e-42
8.22109e-43
1.29334e-43
6.43079e-44
-1.21105e-44
-8.35252e-44
-1.1907e-43
-6.53646e-43
-3.06979e-42
1.47986e-40
-1.74053e-41
6.15747e-40
-1.35634e-40
3.14435e-39
-8.53905e-40
4.94596e-39
-6.17893e-40
3.40829e-42
1.63074e-39
-4.92166e-39
1.62841e-39
-2.97497e-39
-6.41148e-40
1.51567e-40
-1.01082e-39
3.63631e-39
-1.128e-39
8.24144e-39
-1.5162e-39
5.73076e-39
8.51529e-40
-1.01338e-39
2.24863e-39
7.88199e-40
-6.17886e-40
5.11795e-39
-1.47174e-39
3.16857e-39
6.41411e-40
6.19304e-40
8.56519e-40
1.48514e-40
1.36033e-40
2.08624e-41
2.09372e-41
3.05674e-42
2.35207e-42
3.5198e-43
2.63543e-43
4.02798e-44
2.55529e-44
4.01902e-45
2.44401e-45
3.94494e-46
2.13381e-46
6.98938e-47
1.67535e-47
3.97238e-46
-1.6866e-47
4.0508e-45
-2.14723e-46
4.0636e-44
-2.46075e-45
3.55601e-43
-2.57479e-44
3.09293e-42
-2.65771e-43
2.11733e-41
-2.37515e-42
1.51211e-40
-2.11747e-41
6.37029e-40
-1.38117e-40
3.29552e-39
-8.75053e-40
5.5826e-39
-7.55978e-40
3.29552e-39
7.55978e-40
6.37029e-40
8.75053e-40
1.51211e-40
1.38117e-40
2.11732e-41
2.11746e-41
3.09206e-42
2.37401e-42
3.49186e-43
2.5519e-43
-4.99103e-45
-6.96531e-44
-2.18751e-43
-7.05336e-43
-1.08606e-42
-5.19533e-42
-2.48865e-41
2.23545e-41
-5.12984e-42
7.27366e-41
-3.24307e-41
2.88243e-40
-1.90245e-40
4.3281e-40
-1.34642e-40
6.24213e-43
3.62904e-40
-4.28655e-40
3.62282e-40
-2.6236e-40
-1.40597e-40
2.29126e-41
-2.27754e-40
3.42829e-40
-2.55275e-40
7.43876e-40
-3.36105e-40
5.31337e-40
1.8945e-40
-4.54106e-41
4.97522e-40
9.91518e-41
-1.34612e-40
4.59158e-40
-3.24688e-40
2.92376e-40
1.40671e-40
7.33657e-41
1.908e-40
2.23571e-41
3.23201e-41
3.52229e-42
5.35883e-42
5.56443e-43
6.34821e-43
6.76063e-44
7.45468e-44
8.02035e-45
7.48512e-45
8.24595e-46
7.36588e-46
8.27004e-47
6.57501e-47
1.49287e-47
5.24851e-48
8.32939e-47
-5.28471e-48
8.31375e-46
-6.61767e-47
8.09485e-45
-7.41834e-46
6.83474e-44
-7.54512e-45
5.63624e-43
-7.52167e-44
3.58171e-42
-6.41558e-43
2.28443e-41
-5.42576e-42
7.63155e-41
-3.28789e-41
3.11075e-40
-1.95509e-40
5.09049e-40
-1.67483e-40
3.11075e-40
1.67483e-40
7.63155e-41
1.95509e-40
2.28442e-41
3.28788e-41
3.58092e-42
5.42502e-42
5.56595e-43
6.33698e-43
1.58887e-44
1.21787e-45
-3.70027e-43
-6.68998e-43
-1.87406e-42
-5.10365e-42
-9.28984e-42
-3.82427e-41
-1.88188e-40
3.18328e-42
-6.52607e-42
7.79939e-42
-7.50659e-42
1.98663e-41
-3.22395e-41
2.7007e-41
-2.16282e-41
1.08735e-43
5.89664e-41
-2.63294e-41
5.88861e-41
-1.60642e-41
-2.2487e-41
3.315e-42
-3.75213e-41
2.50451e-41
-4.22555e-41
5.01383e-41
-5.44153e-41
3.85056e-41
3.08158e-41
4.46495e-42
8.03995e-41
1.16164e-41
-2.13874e-41
3.08533e-41
-5.2323e-41
2.05055e-41
2.25009e-41
7.85455e-42
3.10746e-41
3.22059e-42
5.60683e-42
5.57969e-43
9.79083e-43
9.45744e-44
1.21394e-43
1.19924e-44
1.47425e-44
1.47008e-45
1.52414e-45
1.54848e-46
1.53199e-46
1.58296e-47
1.39347e-47
2.90067e-48
1.1268e-48
1.59461e-47
-1.13476e-48
1.56163e-46
-1.40275e-47
1.48432e-45
-1.54325e-46
1.21313e-44
-1.53684e-45
9.58867e-44
-1.48815e-44
5.6846e-43
-1.22763e-43
3.30286e-42
-9.92273e-43
8.315e-42
-5.71317e-42
2.31441e-41
-3.19292e-41
3.52971e-41
-2.70991e-41
2.31441e-41
2.70991e-41
8.31494e-42
3.19292e-41
3.30222e-42
5.71275e-42
5.62506e-43
9.87541e-43
4.20696e-44
7.22226e-44
-3.94937e-43
-4.67399e-43
-2.98364e-42
-4.489e-42
-1.50942e-41
-3.46313e-41
-7.63761e-41
-2.66865e-40
-1.36132e-39
-3.40465e-44
-4.34576e-41
1.21426e-42
-1.52926e-41
1.10693e-42
-1.46259e-41
9.3636e-43
-5.0574e-42
3.38881e-44
8.82408e-42
-7.43062e-43
9.09126e-42
-4.13473e-43
-3.4638e-42
4.33403e-43
-5.86622e-42
1.36656e-42
-6.62167e-42
2.18307e-42
-8.42384e-42
2.11457e-42
4.77693e-42
1.361e-42
1.24279e-41
1.28978e-42
-3.27215e-42
1.34968e-42
-8.07e-42
1.00515e-42
3.46087e-42
7.94748e-43
4.82223e-42
4.19445e-43
9.02649e-43
7.81552e-44
1.65176e-43
1.39261e-44
2.12032e-44
1.82718e-45
2.65317e-45
2.29637e-46
2.80743e-46
2.46852e-47
2.87448e-47
2.56287e-48
2.6541e-48
4.75831e-49
2.16982e-49
2.58217e-48
-2.18543e-49
2.49008e-47
-2.67215e-48
2.31938e-46
-2.89616e-47
1.84928e-45
-2.83159e-46
1.41306e-44
-2.67922e-45
7.97476e-44
-2.14547e-44
4.31495e-43
-1.67543e-43
8.58516e-43
-9.21142e-43
1.34276e-42
-4.96564e-42
1.69697e-42
-4.19301e-42
1.34273e-42
4.193e-42
8.58106e-43
4.96545e-42
4.27155e-43
9.18787e-43
3.84826e-44
1.41288e-43
-3.63997e-43
-2.6263e-43
-2.90511e-42
-2.75191e-42
-2.17449e-41
-2.61994e-41
-1.1271e-40
-2.07905e-40
-5.83269e-40
-1.65843e-39
-8.89545e-39
-2.94526e-42
-3.02024e-40
3.83895e-42
-1.02143e-40
1.61473e-42
-7.20811e-41
6.90807e-43
-1.31144e-41
1.46716e-43
-1.03801e-42
1.27231e-43
9.58866e-43
7.51797e-44
-5.07318e-43
5.60179e-44
-8.14732e-43
3.33119e-44
-9.17905e-43
-4.06309e-44
-1.15329e-42
5.69854e-44
6.55091e-43
2.28285e-43
1.6991e-42
1.47498e-43
-4.42798e-43
-2.25874e-44
-1.10106e-42
5.09335e-45
4.70687e-43
8.37402e-44
6.61974e-43
5.36342e-44
1.28223e-43
1.04931e-44
2.4314e-44
1.94074e-45
3.21422e-45
2.61152e-46
4.11728e-46
3.3482e-47
4.44374e-47
3.65684e-48
4.61895e-48
3.84487e-49
4.32116e-49
7.21311e-50
3.56562e-50
3.87435e-49
-3.5917e-50
3.68949e-48
-4.3511e-49
3.38267e-47
-4.65458e-48
2.64421e-46
-4.48303e-47
1.97049e-45
-4.15909e-46
1.072e-44
-3.25396e-45
5.53065e-44
-2.46804e-44
9.22252e-44
-1.31017e-43
4.77082e-44
-6.82985e-43
3.59562e-45
-5.73775e-43
4.74768e-44
5.73693e-43
8.96379e-44
6.82022e-43
2.75912e-44
1.1931e-43
-2.56376e-43
-1.07515e-43
-2.48965e-42
-1.45259e-42
-1.95557e-41
-1.44132e-41
-1.50244e-40
-1.41279e-40
-8.03761e-40
-1.16583e-39
-4.29802e-39
-9.80076e-39
-5.6347e-38
-1.23836e-41
-2.03159e-39
3.41661e-41
-6.57039e-40
1.30784e-41
-4.6073e-40
5.88423e-42
-7.96466e-41
1.06505e-42
-1.37444e-41
2.11924e-43
-1.57168e-42
4.05956e-44
-2.74975e-43
9.8287e-45
-1.29389e-43
-3.94597e-45
-1.23635e-43
-2.33066e-44
-1.51512e-43
-5.43713e-45
8.5992e-44
3.04571e-44
2.22668e-43
1.67172e-44
-5.76017e-44
-1.38922e-44
-1.44061e-43
-6.55177e-45
6.14776e-44
8.98698e-45
8.69864e-44
6.46848e-45
1.72582e-44
1.31023e-45
3.3685e-45
2.48824e-46
4.55436e-46
3.41701e-47
5.94628e-47
4.45014e-48
6.51872e-48
4.92609e-49
6.8599e-49
5.23393e-50
6.48526e-50
9.90823e-51
5.39196e-51
5.27468e-50
-5.43193e-51
4.97091e-49
-6.53086e-50
4.49702e-48
-6.91379e-49
3.46099e-47
-6.57764e-48
2.52771e-46
-6.00829e-47
1.33984e-45
-4.61257e-46
6.6821e-45
-3.42132e-45
1.00388e-44
-1.76529e-44
-1.47055e-45
-8.98879e-44
-1.19786e-44
-7.5269e-44
-2.72148e-45
7.49654e-44
-4.08833e-45
8.63139e-44
-1.4661e-43
-2.63139e-44
-1.49906e-42
-4.99947e-43
-1.42775e-41
-5.64818e-42
-1.14919e-40
-5.73998e-41
-9.099e-40
-5.84486e-40
-5.06677e-39
-5.12061e-39
-2.80121e-38
-4.63178e-38
-2.97579e-37
6.17055e-41
-1.19874e-38
3.22769e-40
-4.03072e-39
1.06781e-40
-2.93322e-39
4.36722e-41
-4.84486e-40
7.54181e-42
-8.12917e-41
1.29721e-42
-9.7613e-42
1.67541e-43
-1.17743e-42
2.1255e-44
-1.32384e-43
1.22589e-45
-2.68144e-44
-3.48098e-45
-1.95307e-44
-1.26669e-45
1.04077e-44
3.7051e-45
2.7128e-44
1.89387e-45
-6.97097e-45
-2.20882e-45
-1.75307e-44
-1.14675e-45
7.46663e-45
9.86956e-46
1.0629e-44
7.56046e-46
2.15521e-45
1.56752e-46
4.3014e-46
3.03557e-47
5.92661e-47
4.23395e-48
7.85618e-48
5.58318e-49
8.72712e-49
6.24675e-50
9.27766e-50
6.69362e-51
8.85058e-51
1.2764e-51
7.40554e-52
6.74637e-51
-7.46109e-52
6.30442e-50
-8.91363e-51
5.64303e-49
-9.3517e-50
4.28959e-48
-8.80753e-49
3.08492e-47
-7.94005e-48
1.60399e-46
-6.00458e-47
7.81821e-46
-4.37128e-46
1.10919e-45
-2.20676e-45
-5.96393e-46
-1.1003e-44
-2.54848e-45
-9.24291e-45
-6.77598e-45
8.26985e-45
-6.96031e-44
-5.99922e-46
-7.8015e-43
-1.42887e-43
-7.79664e-42
-1.69063e-42
-7.62289e-41
-1.95209e-41
-6.32996e-40
-2.05739e-40
-5.22766e-39
-2.2319e-39
-3.05527e-38
-2.14039e-38
-1.79191e-37
-2.18815e-37
-1.63424e-36
2.23887e-39
-7.08406e-38
3.20021e-39
-2.02301e-38
8.39575e-40
-1.40959e-38
2.8689e-40
-2.2278e-39
4.66126e-41
-3.53879e-40
7.64181e-42
-4.1001e-41
9.48194e-43
-4.7463e-42
1.14891e-43
-4.74026e-43
1.185e-44
-4.81959e-44
7.53334e-46
-6.54738e-45
-6.13879e-47
1.0291e-45
4.25708e-46
3.54666e-45
2.07713e-46
-9.15828e-46
-2.70558e-46
-2.3075e-45
-1.44428e-46
9.81392e-46
1.0608e-46
1.4033e-45
8.38298e-47
2.89151e-46
1.77012e-47
5.86862e-47
3.4792e-48
8.20115e-48
4.91669e-49
1.09972e-48
6.54985e-50
1.23396e-49
7.39636e-51
1.32202e-50
7.98256e-52
1.26987e-51
1.53192e-52
1.06768e-52
8.04564e-52
-1.07577e-52
7.46467e-51
-1.27901e-51
6.61975e-50
-1.33271e-50
4.98027e-49
-1.24552e-49
3.53355e-48
-1.1117e-48
1.80722e-47
-8.31198e-48
8.603e-47
-5.96739e-47
1.0949e-46
-2.96435e-46
-2.22577e-46
-1.45661e-45
-2.07808e-45
-1.25273e-45
-2.25959e-44
6.18804e-46
-2.59551e-43
-6.22502e-45
-2.91952e-42
-9.8232e-44
-2.98168e-41
-1.19579e-42
-2.99882e-40
-1.50374e-41
-2.58551e-39
-1.87637e-40
-2.23019e-38
-2.66752e-39
-1.38522e-37
-3.7614e-38
-8.56301e-37
-5.29826e-37
-5.68956e-36
5.83341e-38
-4.93903e-37
5.25538e-38
-1.66023e-37
1.15229e-38
-1.25644e-37
3.30252e-39
-1.75095e-38
4.92864e-40
-2.6525e-39
7.65386e-41
-2.90403e-40
9.10892e-42
-3.26395e-41
1.07321e-42
-3.1467e-42
1.09269e-43
-3.02154e-43
1.07798e-44
-2.65102e-44
9.56107e-46
-2.1582e-45
1.33125e-46
6.3831e-47
3.04479e-47
-7.59438e-47
-3.16789e-47
-1.58118e-46
-1.73656e-47
6.67001e-47
1.19357e-47
9.5825e-47
9.5861e-48
2.00708e-47
2.04908e-48
4.16682e-48
4.06822e-49
5.92356e-49
5.80072e-50
8.07558e-50
7.78019e-51
9.18575e-51
8.83964e-52
9.96045e-52
9.58338e-53
9.66696e-53
1.84483e-53
8.19458e-54
9.63209e-53
-8.2544e-54
8.87517e-52
-9.73235e-53
7.78679e-51
-1.00332e-51
5.75303e-50
-9.25804e-51
3.9402e-49
-8.14018e-50
1.80376e-48
-5.96527e-49
5.62104e-48
-4.17634e-48
-4.67374e-47
-1.96587e-47
-8.3041e-46
-8.60356e-47
-1.06202e-44
1.02601e-46
-1.3332e-43
2.57365e-45
-1.56746e-42
3.17883e-44
-1.8102e-41
3.87943e-43
-1.89961e-40
4.27073e-42
-1.99014e-39
4.09686e-41
-1.78673e-38
1.97396e-40
-1.65131e-37
-3.40413e-39
-1.0941e-36
-1.49936e-37
-7.85228e-36
-3.17046e-36
-4.82813e-35
1.15008e-36
-6.72817e-37
8.31033e-37
-5.56068e-37
1.32796e-37
-1.40378e-37
2.65913e-38
-1.68524e-38
3.45523e-39
-2.36949e-39
4.78046e-40
-2.52533e-40
5.34145e-41
-2.80945e-41
5.98283e-42
-2.6931e-42
5.89501e-43
-2.57904e-43
5.69107e-44
-2.24551e-44
5.03627e-45
-1.90999e-45
4.36291e-46
-1.35511e-46
3.64188e-47
-1.62724e-47
6.87886e-49
-1.20471e-47
-9.07036e-49
4.67923e-48
7.58402e-49
6.82587e-48
6.03538e-49
1.44536e-48
1.3052e-49
3.02086e-49
2.62542e-50
4.32625e-50
3.78561e-51
5.92249e-51
5.12905e-52
6.76661e-52
5.87881e-53
7.35404e-53
6.42234e-54
7.15424e-54
1.25202e-54
6.07104e-55
6.58891e-54
-6.09248e-55
6.12806e-53
-7.16404e-54
5.50215e-52
-7.3408e-53
4.33833e-51
-6.70679e-52
3.44125e-50
-5.78392e-51
2.48264e-49
-4.06047e-50
2.27587e-48
-2.5686e-49
2.36761e-47
-7.29447e-49
3.05179e-46
3.8401e-48
3.89535e-45
1.45954e-46
4.81095e-44
2.05399e-45
5.5739e-43
2.61422e-44
6.27163e-42
3.21512e-43
6.46755e-41
3.57459e-42
6.53021e-40
3.52074e-41
5.74305e-39
1.97433e-40
5.01304e-38
-2.03312e-39
3.25464e-37
-1.08969e-37
2.09537e-36
-2.39197e-36
-3.75622e-35
3.04776e-35
-1.54418e-35
1.4372e-36
-7.23353e-37
1.09835e-36
5.05562e-38
2.10463e-37
1.20918e-38
2.48119e-38
2.19281e-39
3.33518e-39
2.49488e-40
3.56056e-40
2.84046e-41
3.9079e-41
2.73829e-42
3.75052e-42
2.62379e-43
3.56746e-43
2.28153e-44
3.10358e-44
1.94675e-45
2.63946e-45
1.56168e-46
2.10356e-46
1.17578e-47
1.61611e-47
1.68162e-49
1.12772e-48
3.68276e-49
1.33544e-49
4.44748e-49
4.47433e-50
9.45655e-50
8.8716e-51
1.99413e-50
1.7408e-51
2.88248e-51
2.5038e-52
3.97763e-52
3.39324e-53
4.57794e-53
3.8986e-54
5.00464e-54
4.29008e-55
4.89457e-55
1.26343e-55
4.15307e-56
1.18478e-54
-4.48507e-56
1.66731e-53
-5.43682e-55
2.43614e-52
-5.9252e-54
3.58638e-51
-6.10539e-53
5.33607e-50
-6.46048e-52
7.79759e-49
-6.80359e-51
1.12252e-47
-8.03862e-50
1.55709e-46
-9.94231e-49
2.10184e-45
-1.34813e-47
2.6996e-44
-1.81363e-46
3.36702e-43
-2.4417e-45
3.9396e-42
-3.11317e-44
4.49546e-41
-3.81788e-43
4.69672e-40
-4.1901e-42
4.84166e-39
-3.94682e-41
4.33811e-38
-1.58479e-40
3.92198e-37
4.41686e-39
2.62825e-36
1.73708e-37
1.831e-35
3.63189e-36
5.54993e-35
1.25474e-36
-4.99576e-37
7.06406e-37
-3.52246e-37
1.16112e-37
8.65949e-38
2.38223e-38
1.52481e-38
3.1576e-39
2.54058e-39
4.43677e-40
2.85292e-40
5.01281e-41
3.23763e-41
5.66345e-42
3.13023e-42
5.61727e-43
3.00735e-43
5.45225e-44
2.62397e-44
4.84673e-45
2.24407e-45
4.18386e-46
1.7931e-46
3.3852e-47
1.39276e-47
2.64527e-48
9.82847e-49
1.93272e-49
9.35269e-50
1.7144e-50
3.3582e-50
3.3391e-51
6.48988e-51
5.83914e-52
1.32745e-51
1.0974e-52
1.91216e-52
1.5666e-53
2.6366e-53
2.12103e-54
3.04047e-54
2.44292e-55
3.32749e-55
2.69274e-56
3.25883e-56
7.53805e-57
2.63707e-57
6.65496e-56
-5.37001e-57
9.02228e-55
-7.85862e-56
1.26985e-53
-1.12958e-54
1.80605e-52
-1.64619e-53
2.60016e-51
-2.46648e-52
3.69287e-50
-3.69386e-51
5.14915e-49
-5.55179e-50
6.94606e-48
-8.15039e-49
9.02482e-47
-1.17581e-47
1.12223e-45
-1.62954e-46
1.32957e-44
-2.19646e-45
1.49426e-43
-2.79737e-44
1.58202e-42
-3.41765e-43
1.56855e-41
-3.71266e-42
1.43086e-40
-3.36198e-41
1.19335e-39
-8.9057e-41
8.46902e-39
5.31924e-39
5.17272e-38
1.8442e-37
1.58141e-37
3.74178e-36
5.57931e-35
1.19977e-37
-3.92632e-37
-2.02379e-38
-4.61902e-38
1.52874e-39
8.07754e-39
1.62713e-39
1.84587e-39
3.10653e-40
3.33765e-40
5.53832e-41
4.02675e-41
7.07352e-42
4.74867e-42
8.74849e-43
4.77143e-43
9.19803e-44
4.69821e-44
9.34224e-45
4.20087e-45
8.58063e-46
3.65522e-46
7.60343e-47
2.96985e-47
6.27589e-48
2.33906e-48
4.99547e-49
1.72067e-49
3.74652e-50
1.38612e-50
2.92441e-51
2.6064e-51
3.33201e-52
4.3504e-52
4.4231e-53
8.41358e-53
7.231e-54
1.19946e-53
9.89434e-55
1.64957e-54
1.31489e-55
1.90578e-55
1.49998e-56
2.08972e-56
6.40518e-58
2.05992e-57
-1.76605e-56
3.20143e-58
-3.11947e-55
2.47887e-57
-5.29898e-54
4.52963e-56
-8.76214e-53
8.03105e-55
-1.40227e-51
1.37362e-53
-2.18367e-50
2.27708e-52
-3.27754e-49
3.64372e-51
-4.78495e-48
5.66369e-50
-6.69081e-47
8.4725e-49
-9.10367e-46
1.23234e-47
-1.17501e-44
1.71444e-46
-1.47931e-43
2.32234e-45
-1.73946e-42
2.97997e-44
-2.00923e-41
3.74371e-43
-2.10872e-40
4.40869e-42
-2.21013e-39
5.21039e-41
-1.98467e-38
5.82459e-40
-1.83566e-37
7.035e-39
-1.21662e-36
8.1872e-38
-8.74383e-36
1.00863e-36
9.67909e-36
8.75051e-39
-6.81061e-38
-5.35947e-39
-8.158e-39
-5.01412e-40
4.5445e-40
6.15082e-41
1.83943e-40
2.15028e-41
4.12315e-41
4.76237e-42
5.50004e-42
6.72308e-43
7.03029e-43
8.84553e-44
7.45011e-44
9.7161e-45
7.65487e-45
1.01754e-45
7.05937e-46
9.58274e-47
6.29678e-47
8.65197e-48
5.21426e-48
7.25824e-49
4.17262e-49
5.85445e-50
3.1406e-50
4.45472e-51
2.38222e-51
3.38882e-52
2.65048e-52
3.12147e-53
3.35957e-53
3.37172e-54
5.56575e-54
4.71629e-55
7.58208e-55
6.07978e-56
1.0215e-55
7.85504e-57
1.17262e-56
9.03463e-58
1.28232e-57
3.38836e-58
1.41217e-58
4.32144e-57
3.00653e-58
7.46787e-56
5.29878e-57
1.25638e-54
9.45659e-56
2.05772e-53
1.64623e-54
3.26232e-52
2.783e-53
5.02627e-51
4.58373e-52
7.46119e-50
7.30704e-51
1.07466e-48
1.13384e-49
1.48158e-47
1.6949e-48
1.97973e-46
2.465e-47
2.50733e-45
3.43032e-46
3.07816e-44
4.64812e-45
3.52567e-43
5.96757e-44
3.92561e-42
7.49697e-43
3.96557e-41
8.82086e-42
3.92679e-40
1.03785e-40
3.32577e-39
1.14615e-39
2.80022e-38
1.35204e-38
1.69179e-37
1.51408e-37
1.01272e-36
1.80476e-36
1.66979e-35
9.26518e-40
-6.60444e-39
-9.23835e-40
-8.95776e-40
-1.15e-40
-1.98803e-42
-5.55526e-42
1.25708e-41
9.06887e-43
3.55383e-42
3.61129e-43
5.21384e-43
5.99211e-44
7.09142e-44
8.66262e-45
7.85788e-45
1.0066e-45
8.33545e-46
1.09827e-46
7.88905e-47
1.06518e-47
7.17511e-48
9.83989e-49
6.04186e-49
8.40243e-50
4.89907e-50
6.87607e-51
3.74042e-51
5.30021e-52
2.81111e-52
3.99966e-53
2.54387e-53
3.24884e-54
2.63321e-54
2.92732e-55
3.67033e-55
3.3411e-56
4.68367e-56
3.87608e-57
6.11037e-57
4.78836e-58
6.93511e-58
1.79418e-58
7.55213e-59
2.33672e-57
1.03702e-59
4.15901e-56
5.67499e-59
7.23721e-55
1.02939e-57
1.2235e-53
1.84041e-56
2.01489e-52
3.21085e-55
3.21301e-51
5.44109e-54
4.98489e-50
8.988e-53
7.45524e-49
1.4372e-51
1.08381e-47
2.23844e-50
1.50917e-46
3.35929e-49
2.04249e-45
4.91172e-48
2.62251e-44
6.88469e-47
3.27854e-43
9.46845e-46
3.82924e-42
1.25964e-44
4.3805e-41
1.74088e-43
4.55639e-40
2.59652e-42
4.70895e-39
4.76664e-41
4.17669e-38
1.01186e-39
3.77955e-37
2.27172e-38
2.46162e-36
4.65149e-37
1.69864e-35
8.09381e-36
1.09213e-34
8.01719e-41
-7.97143e-40
-8.95534e-41
-1.10859e-40
-1.25702e-41
-6.97135e-42
-1.1188e-42
4.17379e-43
-3.34608e-45
2.65722e-43
2.18119e-44
4.5676e-44
4.39411e-45
6.82486e-45
6.95312e-46
7.99303e-46
8.51008e-47
8.83198e-47
9.6178e-48
8.60619e-48
9.57556e-49
8.0072e-49
9.02097e-50
6.8621e-50
7.82761e-51
5.64329e-51
6.4874e-52
4.36338e-52
5.05749e-53
3.28021e-53
3.82375e-54
2.64505e-54
2.95409e-55
2.32061e-55
2.416e-56
2.62352e-56
2.36588e-57
3.00251e-57
2.47085e-58
3.6774e-58
3.89817e-59
4.05727e-59
2.10088e-58
3.20682e-60
3.7972e-57
-2.15652e-59
6.77979e-56
-4.12176e-58
1.18093e-54
-7.54757e-57
1.99845e-53
-1.34576e-55
3.29483e-52
-2.34082e-54
5.26014e-51
-3.95467e-53
8.17203e-50
-6.50998e-52
1.22386e-48
-1.03727e-50
1.78216e-47
-1.60871e-49
2.48571e-46
-2.40339e-48
3.37123e-45
-3.49239e-47
4.33745e-44
-4.85223e-46
5.43752e-43
-6.54688e-45
6.36738e-42
-8.29872e-44
7.31213e-41
-1.00191e-42
7.63179e-40
-1.03298e-41
7.93304e-39
-7.55634e-41
7.07002e-38
4.81895e-40
6.46156e-37
3.50906e-38
4.23997e-36
9.72957e-37
2.99154e-35
1.87285e-35
2.71511e-34
8.06884e-42
-7.22116e-41
-9.12185e-42
-1.06756e-41
-1.35469e-42
-1.0359e-42
-1.65073e-43
-2.44476e-44
-9.28328e-45
1.54211e-44
7.66174e-46
3.29363e-45
2.74678e-46
5.42998e-46
5.12764e-47
6.71537e-47
6.77222e-48
7.6995e-48
8.03205e-49
7.70903e-49
8.25886e-50
7.31929e-50
7.96773e-51
6.37653e-51
7.03892e-52
5.31188e-52
5.91626e-53
4.1543e-53
4.66542e-54
3.13926e-54
3.54554e-55
2.41696e-55
2.66859e-56
1.94282e-56
2.05106e-57
1.88029e-57
1.77016e-58
1.92778e-58
1.64418e-59
2.18619e-59
2.02153e-60
2.2677e-60
6.33485e-60
-9.444e-61
1.13058e-58
-2.28106e-59
2.01929e-57
-4.28064e-58
3.51888e-56
-7.8379e-57
5.95762e-55
-1.39754e-55
9.82754e-54
-2.4309e-54
1.5698e-52
-4.1069e-53
2.44037e-51
-6.7606e-52
3.65712e-50
-1.07721e-50
5.3296e-49
-1.67065e-49
7.43939e-48
-2.49593e-48
1.00996e-46
-3.62687e-47
1.30067e-45
-5.03913e-46
1.63266e-44
-6.79946e-45
1.91418e-43
-8.6207e-44
2.20209e-42
-1.04155e-42
2.30198e-41
-1.07675e-41
2.39907e-40
-7.98186e-41
2.14265e-39
4.60511e-40
1.9667e-38
3.54123e-38
1.29464e-37
9.87967e-37
9.21887e-37
1.90503e-35
2.76502e-34
6.77648e-43
-7.08128e-42
-7.59159e-43
-1.06972e-42
-1.18986e-43
-1.38053e-43
-1.68015e-44
-8.76639e-45
-1.29686e-45
4.52981e-46
-1.76653e-47
1.99462e-46
1.35389e-47
3.94496e-47
3.26493e-48
5.27909e-48
4.72127e-49
6.36144e-49
5.89378e-50
6.58124e-50
6.26324e-51
6.4008e-51
6.18482e-52
5.67818e-52
5.56132e-53
4.79722e-53
4.73806e-54
3.79515e-54
3.77822e-55
2.88792e-55
2.89111e-56
2.17216e-56
2.15545e-57
1.6539e-57
1.60602e-58
1.41512e-58
1.27865e-59
1.2982e-59
5.1498e-61
1.33945e-60
-1.08875e-59
1.40321e-61
-2.06278e-58
9.77187e-62
-3.78194e-57
1.61927e-60
-6.75319e-56
3.04784e-59
-1.17632e-54
5.61078e-58
-1.99066e-53
1.00605e-56
-3.28205e-52
1.76108e-55
-5.2398e-51
2.99479e-54
-8.14057e-50
4.96727e-53
-1.21917e-48
7.97617e-52
-1.77536e-47
1.24851e-50
-2.47625e-46
1.88335e-49
-3.35846e-45
2.77219e-48
-4.32107e-44
3.91796e-47
-5.41712e-43
5.47046e-46
-6.34357e-42
7.50809e-45
-7.28501e-41
1.11454e-43
-7.60359e-40
1.8976e-42
-7.90413e-39
4.05856e-41
-7.04438e-38
9.65076e-40
-6.43891e-37
2.28612e-38
-4.22535e-36
4.80283e-37
-2.98241e-35
8.43925e-36
1.14642e-34
5.90879e-44
-5.98269e-43
-6.48002e-44
-9.38167e-44
-1.04915e-44
-1.41156e-44
-1.66473e-45
-1.16252e-45
-1.52931e-46
-2.98334e-47
-8.70936e-48
9.02941e-48
2.64097e-49
2.48003e-48
1.74208e-49
3.67947e-49
2.98453e-50
4.69464e-50
4.03218e-51
5.03409e-51
4.48092e-52
5.02081e-52
4.55897e-53
4.53897e-53
4.18677e-54
3.89033e-54
3.6235e-55
3.11414e-55
2.92488e-56
2.38906e-56
2.25677e-57
1.78162e-57
1.67806e-58
1.31065e-58
1.229e-59
1.0437e-59
9.0858e-61
1.76042e-60
-3.05184e-61
2.79859e-61
-7.21784e-60
8.67959e-62
-1.3549e-58
6.75456e-61
-2.48194e-57
1.28353e-59
-4.42804e-56
2.40642e-58
-7.7056e-55
4.40703e-57
-1.3027e-53
7.85968e-56
-2.14532e-52
1.36749e-54
-3.42097e-51
2.31096e-53
-5.30744e-50
3.80549e-52
-7.93741e-49
6.06575e-51
-1.15386e-47
9.41175e-50
-1.60661e-46
1.40687e-48
-2.17421e-45
2.04609e-47
-2.79136e-44
2.84742e-46
-3.48921e-43
3.85851e-45
-4.07462e-42
4.95489e-44
-4.66035e-41
6.22875e-43
-4.84615e-40
7.34308e-42
-5.00706e-39
8.68405e-41
-4.4392e-38
9.71335e-40
-4.01597e-37
1.17211e-38
-2.61418e-36
1.36095e-37
-1.80438e-35
1.67228e-36
-1.57937e-35
1.59912e-35
1.13382e-34
3.48923e-45
-2.01799e-43
-3.78564e-45
-3.22287e-44
-6.29627e-46
-5.45899e-45
-1.05399e-46
-5.2048e-46
-1.04011e-47
-3.29358e-47
-7.47168e-49
1.95141e-49
-1.32768e-50
4.96355e-49
6.93878e-51
8.9847e-50
1.43225e-51
1.25255e-50
2.07187e-52
1.40946e-51
2.38513e-53
1.45136e-52
2.48132e-54
1.34159e-53
2.31432e-55
1.16902e-54
2.02565e-56
9.47658e-56
1.64955e-57
7.30937e-57
1.28132e-58
5.30223e-58
9.67542e-60
1.84727e-59
8.09187e-61
2.49692e-60
1.36557e-62
1.89161e-59
-1.22571e-61
4.14845e-60
-1.35535e-60
9.66671e-61
-2.51252e-59
4.75491e-61
-4.58847e-58
6.41843e-60
-8.16064e-57
1.19837e-58
-1.41494e-55
2.19197e-57
-2.38285e-54
3.90431e-56
-3.90632e-53
6.78324e-55
-6.19913e-52
1.14461e-53
-9.56201e-51
1.88157e-52
-1.42133e-49
2.99374e-51
-2.05068e-48
4.63522e-50
-2.83295e-47
6.91357e-49
-3.79538e-46
1.00275e-47
-4.82215e-45
1.39158e-46
-5.94394e-44
1.8786e-45
-6.84248e-43
2.40177e-44
-7.66731e-42
2.99606e-43
-7.81003e-41
3.48396e-42
-7.81298e-40
3.99441e-41
-6.71114e-39
4.1699e-40
-5.73715e-38
4.41957e-39
-3.54412e-37
4.08654e-38
-2.15168e-36
3.97157e-37
-1.84893e-36
2.79114e-36
1.88139e-35
-1.36205e-44
-1.81375e-42
1.4686e-44
-2.84812e-43
2.46365e-45
-4.32962e-44
4.22182e-46
-3.62532e-45
4.29188e-47
-1.10793e-46
3.35748e-48
2.45507e-47
1.11479e-49
7.14177e-48
-1.95397e-50
1.07339e-48
-4.78051e-51
1.37836e-49
-7.2628e-52
1.48319e-50
-8.55123e-53
1.48283e-51
-9.01826e-54
1.34272e-52
-8.48675e-55
1.15231e-53
-7.47636e-56
9.23036e-55
-6.11704e-57
7.02828e-56
-4.75265e-58
4.95698e-57
-3.23689e-59
-4.93262e-59
-6.76821e-62
2.07756e-59
-9.22415e-61
3.87916e-58
-1.24522e-60
8.50082e-59
-5.25027e-61
1.95025e-59
-4.69303e-60
2.97726e-60
-8.46436e-59
1.61702e-60
-1.5051e-57
2.24831e-59
-2.60839e-56
4.09325e-58
-4.38892e-55
7.27085e-57
-7.18512e-54
1.25913e-55
-1.1381e-52
2.11725e-54
-1.75097e-51
3.46589e-53
-2.59413e-50
5.48985e-52
-3.72681e-49
8.45347e-51
-5.12095e-48
1.25353e-49
-6.81428e-47
1.80491e-48
-8.58419e-46
2.48553e-47
-1.04685e-44
3.32202e-46
-1.18857e-43
4.20248e-45
-1.30907e-42
5.1668e-44
-1.30269e-41
5.91325e-43
-1.26655e-40
6.61699e-42
-1.04426e-39
6.70086e-41
-8.53789e-39
6.74825e-40
-4.92478e-38
5.80853e-39
-2.85942e-37
5.09931e-38
-2.44337e-37
3.15219e-37
1.91425e-36
-1.8116e-43
-2.18033e-41
1.98409e-43
-3.30596e-42
3.22109e-44
-4.34597e-43
5.14324e-45
-2.88118e-44
4.77366e-46
1.05785e-45
2.83037e-47
5.69668e-46
-5.88835e-49
1.15825e-46
-5.05755e-49
1.56482e-47
-8.83923e-50
1.89627e-48
-1.20399e-50
1.96835e-49
-1.34353e-51
1.91907e-50
-1.37067e-52
1.70537e-51
-1.26107e-53
1.4428e-52
-1.09297e-54
1.14212e-53
-8.83084e-56
8.58074e-55
-6.7911e-57
5.88357e-56
-4.41025e-58
-3.85744e-57
1.57528e-59
2.23233e-58
-1.82734e-59
7.76965e-57
-2.58731e-59
1.69736e-57
-5.85242e-60
3.89553e-58
-1.85312e-60
5.81308e-59
-1.09719e-59
8.524e-60
-1.91467e-58
4.95518e-60
-3.3108e-57
7.26793e-59
-5.55772e-56
1.2888e-57
-9.07215e-55
2.23049e-56
-1.43238e-53
3.74702e-55
-2.19497e-52
6.12474e-54
-3.23777e-51
9.68265e-53
-4.62614e-50
1.48704e-51
-6.31899e-49
2.19785e-50
-8.34489e-48
3.15107e-49
-1.04259e-46
4.31665e-48
-1.25776e-45
5.73069e-47
-1.41121e-44
7.18972e-46
-1.52949e-43
8.74561e-45
-1.49501e-42
9.87272e-44
-1.41748e-41
1.08489e-42
-1.13568e-40
1.07078e-41
-8.92187e-40
1.04142e-40
-4.91918e-39
8.48596e-40
-2.69998e-38
6.99531e-39
-2.28226e-38
3.9084e-38
2.29383e-37
-2.09642e-42
-2.25621e-40
2.34324e-42
-3.34936e-41
3.68687e-43
-3.42035e-42
5.28355e-44
-1.11079e-43
4.19495e-45
4.16293e-44
9.02746e-47
9.43197e-45
-3.6968e-47
1.58723e-45
-9.46029e-48
1.98104e-46
-1.38999e-48
2.28475e-47
-1.74937e-49
2.29626e-48
-1.86771e-50
2.18637e-49
-1.85026e-51
1.90876e-50
-1.6675e-52
1.59277e-51
-1.42321e-53
1.24627e-52
-1.13625e-54
9.19842e-54
-8.64668e-56
5.98663e-55
-5.13516e-57
-1.14458e-55
6.04007e-58
1.77929e-57
-3.58115e-58
1.5216e-55
-5.31521e-58
3.31025e-56
-1.19364e-58
7.59706e-57
-2.5965e-59
1.13073e-57
-5.16763e-60
1.61714e-58
-2.3653e-59
1.95932e-59
-3.99508e-58
1.29235e-59
-6.69889e-57
1.92619e-58
-1.09199e-55
3.33673e-57
-1.72087e-54
5.61912e-56
-2.63069e-53
9.20018e-55
-3.86838e-52
1.45799e-53
-5.50614e-51
2.2417e-52
-7.48452e-50
3.32138e-51
-9.82745e-49
4.76319e-50
-1.21874e-47
6.54224e-49
-1.45773e-46
8.67494e-48
-1.61697e-45
1.09175e-46
-1.73018e-44
1.32285e-45
-1.66048e-43
1.49977e-44
-1.54411e-42
1.63287e-43
-1.1993e-41
1.6231e-42
-9.16178e-41
1.54572e-41
-4.77183e-40
1.27989e-40
-2.55407e-39
1.00912e-39
-1.54133e-39
6.08009e-39
3.32549e-38
-2.48924e-41
-2.4731e-39
2.80896e-41
-3.46522e-40
4.19499e-42
-2.36039e-41
5.20976e-43
9.38262e-43
3.10113e-44
7.61597e-43
-1.92869e-45
1.33779e-43
-7.89087e-46
2.02006e-44
-1.50812e-46
2.37817e-45
-2.00947e-47
2.6375e-46
-2.3958e-48
2.57636e-47
-2.47131e-49
2.40168e-48
-2.38977e-50
2.06117e-49
-2.11475e-51
1.69713e-50
-1.78001e-52
1.31138e-51
-1.40478e-53
9.43125e-53
-1.05711e-54
5.55849e-54
-5.33367e-56
-2.58133e-54
1.55838e-56
6.88181e-57
-6.95137e-57
2.89108e-54
-1.0629e-56
6.26168e-55
-2.38081e-57
1.43631e-55
-5.16561e-58
2.13234e-56
-7.68947e-59
3.04791e-57
-8.94789e-60
3.58488e-58
3.28546e-59
5.34003e-59
6.12033e-58
2.50765e-58
1.06187e-56
4.37423e-57
1.79679e-55
7.5517e-56
2.9252e-54
1.26582e-54
4.6447e-53
2.0638e-53
7.04715e-52
3.25536e-52
1.04337e-50
4.98577e-51
1.46139e-49
7.35242e-50
2.00114e-48
1.05096e-48
2.55301e-47
1.43654e-47
3.19842e-46
1.90076e-46
3.64208e-45
2.37979e-45
4.11094e-44
2.88386e-44
4.03887e-43
3.24991e-43
4.00929e-42
3.55566e-42
3.17774e-41
3.50576e-41
2.64593e-40
3.39225e-40
1.40818e-39
2.76496e-39
8.56293e-39
2.26534e-38
1.2679e-37
-2.51726e-40
-2.10821e-38
2.80497e-40
-2.88299e-39
3.97383e-41
-4.35384e-41
3.75971e-42
3.3492e-41
5.89115e-44
1.01716e-41
-5.95466e-44
1.51876e-42
-1.26122e-44
2.08633e-43
-2.03324e-45
2.32499e-44
-2.51065e-46
2.47652e-45
-2.85364e-47
2.35079e-46
-2.85177e-48
2.14306e-47
-2.69416e-49
1.80783e-48
-2.34271e-50
1.46812e-49
-1.94518e-51
1.1183e-50
-1.51773e-52
7.61181e-52
-1.12687e-53
3.25158e-53
-3.59917e-55
-5.28082e-53
3.52813e-55
-1.9174e-55
-1.33208e-55
5.36703e-53
-2.07842e-55
1.15595e-53
-4.63883e-56
2.64848e-54
-1.0061e-56
3.91909e-55
-1.4945e-57
5.59688e-56
-1.76256e-58
6.56132e-57
5.7331e-58
7.97284e-58
1.03391e-56
1.29941e-57
1.73638e-55
2.18034e-56
2.83515e-54
3.77457e-55
4.47765e-53
6.34724e-54
6.86424e-52
1.03914e-52
1.01295e-50
1.64626e-51
1.44813e-49
2.53568e-50
1.97917e-48
3.76147e-49
2.61581e-47
5.41879e-48
3.27071e-46
7.4671e-47
3.95022e-45
9.9888e-46
4.43711e-44
1.26501e-44
4.8169e-43
1.55753e-43
4.71586e-42
1.78588e-42
4.48201e-41
2.00341e-41
3.59938e-40
2.03597e-40
2.83711e-39
2.06012e-39
1.56888e-38
1.78602e-38
8.63897e-38
1.58039e-37
9.88063e-37
-2.878e-39
-2.12623e-37
2.87479e-39
-2.58988e-38
3.63201e-40
1.14313e-39
1.99481e-41
5.29385e-40
-2.33931e-42
1.21563e-40
-1.04133e-42
1.6333e-41
-1.75973e-43
2.09781e-42
-2.56762e-44
2.22924e-43
-2.99799e-45
2.29556e-44
-3.28224e-46
2.12027e-45
-3.19066e-47
1.8937e-46
-2.95284e-48
1.56963e-47
-2.52499e-49
1.25715e-48
-2.06918e-50
9.39628e-50
-1.59492e-51
5.70021e-51
-1.16333e-52
2.01557e-53
2.03675e-55
-9.85444e-52
7.18293e-54
-5.91758e-54
-2.5011e-54
9.62307e-52
-3.94137e-54
2.0612e-52
-8.76263e-55
4.71425e-53
-1.89895e-55
6.95228e-54
-2.81629e-56
9.91638e-55
-3.68572e-57
1.15979e-55
4.26068e-57
1.32588e-56
8.18159e-56
7.82859e-57
1.37782e-54
1.16888e-55
2.2563e-53
2.02973e-54
3.57502e-52
3.4268e-53
5.50239e-51
5.6368e-52
8.15541e-50
8.97463e-51
1.17227e-48
1.39069e-49
1.61171e-47
2.076e-48
2.14627e-46
3.01428e-47
2.7058e-45
4.18759e-46
3.30327e-44
5.6613e-45
3.75448e-43
7.24822e-44
4.14161e-42
9.06018e-43
4.12781e-41
1.05574e-41
4.02297e-40
1.21448e-40
3.32449e-39
1.27273e-39
2.72815e-38
1.35812e-38
1.57813e-37
1.26649e-37
9.20676e-37
1.24561e-36
8.86171e-36
-2.78935e-38
-1.31551e-36
1.77279e-38
-1.57631e-37
1.76666e-39
2.13838e-38
-1.36851e-40
5.26857e-39
-5.91151e-41
9.74402e-40
-1.36694e-41
1.18576e-40
-1.95952e-42
1.40603e-41
-2.60184e-43
1.41784e-42
-2.87384e-44
1.39999e-43
-3.02194e-45
1.25448e-44
-2.85433e-46
1.09349e-45
-2.58313e-47
8.89589e-47
-2.17111e-48
7.01466e-48
-1.7548e-49
5.0345e-49
-1.33397e-50
1.58301e-50
-9.41151e-52
-5.49107e-51
9.04455e-53
-1.76548e-50
1.39128e-52
-1.27927e-52
-4.61144e-53
1.68564e-50
-7.30434e-53
3.58538e-51
-1.61579e-53
8.17941e-52
-3.49654e-54
1.20096e-52
-5.17184e-55
1.70974e-53
-7.10982e-56
1.99391e-54
1.578e-56
2.22068e-55
4.19392e-55
3.12206e-56
7.07886e-54
1.68771e-55
1.16065e-52
2.90237e-54
1.84231e-51
4.9072e-53
2.84267e-50
8.08599e-52
4.22733e-49
1.2897e-50
6.10287e-48
2.00269e-49
8.43741e-47
2.99592e-48
1.13152e-45
4.36144e-47
1.43944e-44
6.07548e-46
1.77717e-43
8.24457e-45
2.04999e-42
1.06058e-43
2.30308e-41
1.33797e-42
2.35389e-40
1.58859e-41
2.36463e-39
1.91063e-40
2.04256e-38
2.21706e-39
1.75673e-37
2.84257e-38
1.09402e-36
3.59136e-37
6.67534e-36
4.70501e-36
4.78282e-35
-3.71596e-37
-2.58131e-36
6.99553e-38
-1.14895e-36
-3.01156e-39
2.52783e-37
-4.6476e-39
4.5442e-38
-9.08147e-40
7.63931e-39
-1.63969e-40
8.60279e-40
-2.10574e-41
9.77896e-41
-2.61487e-42
9.46286e-42
-2.75599e-43
9.09749e-43
-2.80472e-44
7.94163e-44
-2.57971e-45
6.79465e-45
-2.28863e-46
5.42833e-46
-1.89092e-47
4.21673e-47
-1.50791e-48
2.75532e-48
-1.12622e-49
-1.49747e-49
-7.47137e-51
-1.2046e-49
2.2815e-51
-2.98697e-49
2.53444e-51
-2.24502e-51
-8.24457e-52
2.83471e-49
-1.30663e-51
5.98958e-50
-2.87584e-52
1.36181e-50
-6.21105e-53
1.99053e-51
-9.15888e-54
2.8271e-52
-1.27397e-54
3.28743e-53
-1.65271e-56
3.64717e-54
2.29651e-54
3.52777e-55
3.91244e-53
-8.70802e-56
6.44787e-52
-2.09766e-54
1.02892e-50
-3.54584e-53
1.59768e-49
-5.83143e-52
2.39144e-48
-9.2823e-51
3.48019e-47
-1.43791e-49
4.85095e-46
-2.14558e-48
6.57398e-45
-3.11286e-47
8.45143e-44
-4.3165e-46
1.05844e-42
-5.80362e-45
1.23819e-41
-7.30037e-44
1.42001e-40
-8.62139e-43
1.48011e-39
-8.21741e-42
1.53554e-38
-3.63811e-41
1.36586e-37
1.31485e-39
1.24423e-36
5.37216e-38
8.13668e-36
1.35148e-36
5.69858e-35
2.52462e-35
3.579e-34
-3.96788e-36
-4.55053e-35
-1.96821e-36
-3.38124e-36
-3.28773e-37
6.85584e-38
-6.83984e-38
3.21155e-38
-9.16597e-39
6.47765e-39
-1.29879e-39
7.53469e-40
-1.47609e-40
8.64433e-41
-1.67528e-41
8.3504e-42
-1.66732e-42
8.00497e-43
-1.62281e-43
6.96135e-44
-1.44577e-44
5.93801e-45
-1.25033e-45
4.71962e-46
-1.01344e-46
3.53207e-47
-7.95585e-48
-3.2677e-48
-5.71881e-49
-5.93505e-48
-2.82996e-50
-2.19984e-48
4.70297e-50
-4.92433e-48
4.47958e-50
-3.72121e-50
-1.44384e-50
4.66165e-48
-2.28457e-50
9.76407e-49
-4.99553e-51
2.21015e-49
-1.07592e-51
3.21144e-50
-1.58001e-52
4.54622e-51
-2.20543e-53
5.26567e-52
-2.45195e-54
5.82926e-53
1.68303e-54
5.71078e-54
3.32423e-53
1.59785e-55
5.48755e-52
-6.52976e-54
8.76449e-51
-1.1112e-52
1.36232e-49
-1.82969e-51
2.04123e-48
-2.91599e-50
2.97422e-47
-4.52369e-49
4.15074e-46
-6.76017e-48
5.63376e-45
-9.82712e-47
7.25339e-44
-1.366e-45
9.10229e-43
-1.84496e-44
1.06678e-41
-2.34415e-43
1.22681e-40
-2.85042e-42
1.28177e-39
-3.01062e-41
1.33529e-38
-2.45918e-40
1.19162e-37
3.94646e-40
1.09328e-36
7.4228e-38
7.18627e-36
2.20713e-36
5.11528e-35
4.32979e-35
6.36118e-34
-9.28609e-35
-4.75232e-35
-4.186e-36
-4.00432e-36
-3.3163e-36
-5.86945e-37
-6.361e-37
-5.95786e-38
-7.50353e-38
-7.4947e-39
-1.00944e-38
-7.70727e-40
-1.07823e-39
-8.46164e-41
-1.18402e-40
-8.08579e-42
-1.13676e-41
-7.74075e-43
-1.08164e-42
-6.73176e-44
-9.41256e-44
-5.74431e-45
-8.00677e-45
-4.73911e-46
-6.38651e-46
-5.7284e-47
-4.95135e-47
-9.58936e-47
-3.28779e-48
-9.58881e-47
-1.80557e-50
-3.43517e-47
8.19875e-49
-7.70343e-47
7.53193e-49
-5.71689e-49
-2.42834e-49
7.29686e-47
-3.83117e-49
1.5162e-47
-8.32474e-50
3.41251e-48
-1.78674e-50
4.92881e-49
-2.61267e-51
6.94976e-50
-3.63909e-52
8.0165e-51
-4.23028e-53
8.85133e-52
-6.60147e-54
8.6798e-53
-3.3726e-53
8.01028e-54
-5.48806e-52
-1.39945e-54
-8.76458e-51
-3.54213e-53
-1.36233e-49
-5.83467e-52
-2.04125e-48
-9.28734e-51
-2.97425e-47
-1.43866e-49
-4.15077e-46
-2.14664e-48
-5.6338e-45
-3.11431e-47
-7.25343e-44
-4.31842e-46
-9.10234e-43
-5.80602e-45
-1.06678e-41
-7.30327e-44
-1.22681e-40
-8.62465e-43
-1.28178e-39
-8.22094e-42
-1.33529e-38
-3.64157e-41
-1.19162e-37
1.31452e-39
-1.09329e-36
5.37189e-38
-7.18628e-36
1.35146e-36
-5.11528e-35
2.52461e-35
3.57899e-34
-3.36322e-36
-3.10846e-36
-2.6884e-36
-1.83538e-36
-4.25226e-37
-4.76263e-37
-8.44157e-38
-5.8245e-38
-1.08885e-38
-8.24652e-39
-1.49784e-39
-8.85309e-40
-1.66656e-40
-9.8782e-41
-1.86052e-41
-9.50418e-42
-1.82855e-42
-9.09466e-43
-1.76194e-43
-7.79333e-44
-1.55795e-44
-6.51509e-45
-1.34604e-45
-7.44851e-46
-1.19163e-46
-3.65866e-46
-9.55692e-48
-1.42989e-45
5.1693e-48
-1.46435e-45
3.89925e-48
-5.20719e-46
1.37308e-47
-1.18127e-45
1.23771e-47
-8.53798e-48
-4.00294e-48
1.1201e-45
-6.28818e-48
2.30147e-46
-1.35488e-48
5.1428e-47
-2.89471e-49
7.3678e-48
-4.20863e-50
1.03348e-48
-5.84224e-51
1.18542e-49
-6.74867e-52
1.30408e-50
-7.62875e-53
1.27409e-51
-4.63802e-53
1.19218e-52
-6.45513e-52
1.31513e-53
-1.029e-50
4.97523e-53
-1.59779e-49
8.06019e-52
-2.3916e-48
1.28562e-50
-3.48041e-47
1.99665e-49
-4.85124e-46
2.98724e-48
-6.57434e-45
4.3495e-47
-8.45186e-44
6.05959e-46
-1.05849e-42
8.22454e-45
-1.23825e-41
1.05813e-43
-1.42006e-40
1.33519e-42
-1.48016e-39
1.58552e-41
-1.53558e-38
1.90757e-40
-1.36589e-37
2.21408e-39
-1.24425e-36
2.84011e-38
-8.13677e-36
3.58934e-37
-5.69859e-35
4.70384e-36
4.78214e-35
-1.28311e-38
-9.32433e-37
-3.58707e-37
-1.69702e-37
-6.20984e-38
-5.39336e-38
-1.4565e-38
-7.67453e-39
-1.98938e-39
-1.15939e-39
-2.89784e-40
-1.32389e-40
-3.31946e-41
-1.52982e-41
-3.80043e-42
-1.51935e-42
-3.79409e-43
-1.13766e-43
-3.73222e-44
9.96997e-45
-3.48516e-45
2.97294e-45
-4.24526e-46
-2.95843e-45
-2.01716e-46
-4.61102e-45
-1.95137e-47
-2.05216e-44
9.02253e-47
-2.10523e-44
6.10127e-47
-7.42761e-45
2.13928e-46
-1.70199e-44
1.92937e-46
-1.19713e-46
-6.27067e-47
1.61558e-44
-9.80865e-47
3.28703e-45
-2.09676e-47
7.27739e-46
-4.4546e-48
1.03407e-46
-6.43894e-49
1.44137e-47
-8.90271e-50
1.64366e-48
-1.0241e-50
1.80054e-49
-1.12022e-51
1.75223e-50
-1.16586e-52
1.63294e-51
-1.26652e-52
1.42338e-52
-1.84919e-51
4.49811e-53
-2.85157e-50
5.50932e-52
-4.24006e-49
8.76414e-51
-6.12031e-48
1.35938e-49
-8.46051e-47
2.03079e-48
-1.13442e-45
2.95179e-47
-1.44295e-44
4.10378e-46
-1.78113e-43
5.55468e-45
-2.05431e-42
7.11659e-44
-2.30735e-41
8.90833e-43
-2.35796e-40
1.03868e-41
-2.36796e-39
1.19705e-40
-2.04521e-38
1.25521e-39
-1.75831e-37
1.34299e-38
-1.09496e-36
1.25348e-37
-6.67768e-36
1.23751e-36
8.8123e-36
5.46829e-38
2.55019e-36
-8.25977e-38
3.66582e-37
-1.41245e-38
3e-38
-2.93021e-39
1.56344e-39
-3.81057e-40
1.4082e-41
-5.2159e-41
-7.61356e-42
-5.78051e-42
-2.31309e-42
-6.31014e-43
-2.4247e-43
-6.2861e-44
4.70617e-43
-1.05352e-44
3.26536e-43
-3.33632e-45
5.7959e-44
-2.17346e-45
-3.76583e-44
-2.74866e-45
-6.3844e-44
-2.6828e-46
-2.90879e-43
1.3842e-45
-2.98368e-43
9.23805e-46
-1.04004e-43
3.26963e-45
-2.41958e-43
2.95159e-45
-1.63878e-45
-9.66902e-46
2.30004e-43
-1.50284e-45
4.60978e-44
-3.17683e-46
1.00897e-44
-6.70083e-47
1.41734e-45
-9.60889e-48
1.95973e-46
-1.32156e-48
2.21683e-47
-1.51182e-49
2.41472e-48
-1.64695e-50
2.33692e-49
-1.60576e-51
2.16916e-50
-1.74704e-52
1.85774e-51
-4.18474e-52
1.54328e-52
-6.21914e-51
3.94619e-53
-9.18642e-50
4.62719e-52
-1.31447e-48
7.62828e-51
-1.80154e-47
1.18157e-49
-2.38659e-46
1.82278e-48
-3e-45
2.59407e-47
-3.63966e-44
3.72422e-46
-4.12672e-43
4.80517e-45
-4.51623e-42
6.3982e-44
-4.49456e-41
7.33568e-43
-4.33296e-40
9.06575e-42
-3.58333e-39
8.98301e-41
-2.89321e-38
1.04813e-39
-1.68691e-37
8.64476e-39
-9.57296e-37
9.77547e-38
5.66147e-37
3.8171e-37
4.05047e-36
-4.55698e-37
3.16473e-36
-6.17608e-38
2.26365e-37
-1.03442e-38
1.22164e-38
-1.12355e-39
4.93862e-40
-1.31201e-40
1.44167e-41
-1.25792e-41
-1.15315e-41
-1.10224e-42
-9.66458e-43
-1.11733e-43
6.40417e-42
-7.43174e-44
4.28483e-42
-4.05137e-44
7.49293e-43
-3.01042e-44
-4.9318e-43
-3.90567e-44
-8.23274e-43
-3.62293e-45
-3.79782e-42
1.98966e-44
-3.89358e-42
1.31005e-44
-1.34325e-42
4.67107e-44
-3.1657e-42
4.21904e-44
-2.06145e-44
-1.39831e-44
3.01367e-42
-2.15806e-44
5.96527e-43
-4.51539e-45
1.28598e-43
-9.43898e-46
1.78555e-44
-1.34264e-46
2.44437e-45
-1.83506e-47
2.74192e-46
-2.08727e-48
2.96708e-47
-2.26423e-49
2.85512e-48
-2.19711e-50
2.63873e-49
-2.05327e-51
2.2513e-50
-4.53498e-52
1.84339e-51
-4.1924e-51
9.69317e-53
-6.06432e-50
-6.94244e-52
-8.45403e-49
-1.04461e-50
-1.13985e-47
-1.51228e-49
-1.46521e-46
-2.08392e-48
-1.81775e-45
-2.81553e-47
-2.12605e-44
-3.56978e-46
-2.39632e-43
-4.47895e-45
-2.50061e-42
-5.14681e-44
-2.51555e-41
-5.97416e-43
-2.26814e-40
-6.0695e-42
-1.98186e-39
-6.50489e-41
-1.45109e-38
-5.52703e-40
-1.04849e-37
-5.40174e-39
-5.31102e-37
-3.09391e-38
-2.53845e-37
3.42619e-37
1.07036e-34
-4.07462e-37
5.65254e-36
-5.40449e-38
3.91527e-37
-8.95378e-39
2.04016e-38
-9.61778e-40
9.48146e-40
-1.13784e-40
6.23763e-41
-9.50987e-42
-1.45751e-40
9.53082e-43
-1.14146e-41
-1.21484e-43
8.40155e-41
-9.07979e-43
5.5849e-41
-5.39463e-43
9.68688e-42
-4.08656e-43
-5.77119e-42
-5.41363e-43
-1.04083e-41
-4.19795e-44
-4.94947e-41
2.84088e-43
-5.07272e-41
1.81949e-43
-1.71974e-41
6.54654e-43
-4.14211e-41
5.91384e-43
-2.5488e-43
-2.01763e-43
3.95117e-41
-3.0687e-43
7.65545e-42
-6.32072e-44
1.62016e-42
-1.30636e-44
2.21183e-43
-1.83716e-45
2.99035e-44
-2.49065e-46
3.31518e-45
-2.81041e-47
3.55691e-46
-3.03128e-48
3.39519e-47
-2.92512e-49
3.11933e-48
-2.70781e-50
2.64661e-49
-3.67797e-51
2.16194e-50
-2.07942e-50
1.73053e-51
-3.00579e-49
1.16973e-51
-4.2035e-48
1.56985e-50
-5.71072e-47
2.28704e-49
-7.37268e-46
3.19449e-48
-9.25697e-45
4.33653e-47
-1.08915e-43
5.58865e-46
-1.25229e-42
7.011e-45
-1.31762e-41
8.22621e-44
-1.37322e-40
9.44886e-43
-1.25285e-39
9.88708e-42
-1.17355e-38
1.02702e-40
-8.75465e-38
9.18868e-40
-7.42062e-37
8.38174e-39
-3.90512e-36
5.55075e-38
3.90687e-37
-3.42341e-37
4.07268e-36
4.07113e-37
3.16843e-36
5.40089e-38
2.2613e-37
8.97392e-39
1.21868e-38
9.3059e-40
3.24678e-39
7.24495e-41
6.51903e-40
2.44491e-41
-1.67892e-39
2.65913e-41
-1.2932e-40
1.22691e-45
9.78116e-40
-1.09388e-41
6.46898e-40
-6.12142e-42
1.09911e-40
-4.4215e-42
-6.91177e-41
-6.24418e-42
-1.18871e-40
-1.05439e-43
-5.73595e-40
3.76419e-42
-5.87357e-40
2.27659e-42
-1.96354e-40
8.14819e-42
-4.81261e-40
7.335e-42
-2.78844e-42
-2.7105e-42
4.60022e-40
-4.00219e-42
8.76812e-41
-8.12421e-43
1.8081e-41
-1.65416e-43
2.42544e-42
-2.29917e-44
3.2265e-43
-3.08631e-45
3.53259e-44
-3.45374e-46
3.75152e-45
-3.70081e-47
3.5511e-46
-3.55107e-48
3.24109e-47
-3.26268e-49
2.7348e-48
-2.79967e-50
2.22414e-49
-5.76413e-51
1.713e-50
-5.07607e-50
2.44912e-51
-7.01681e-49
1.78565e-50
-9.43436e-48
2.58584e-49
-1.20566e-46
3.60469e-48
-1.49325e-45
4.88515e-47
-1.73422e-44
6.28114e-46
-1.9562e-43
7.86599e-45
-2.02292e-42
9.20335e-44
-2.04785e-41
1.05529e-42
-1.82371e-40
1.10019e-41
-1.62485e-39
1.14091e-40
-1.16975e-38
1.01523e-39
-8.9283e-38
9.24049e-39
-4.4543e-37
6.04951e-38
4.22969e-37
-3.79296e-37
2.77737e-36
4.52072e-37
4.01094e-37
6.14342e-38
2.39287e-38
1.05876e-38
5.81356e-40
7.71006e-40
3.31345e-38
-3.34596e-40
7.5972e-39
1.89541e-40
-2.01989e-38
3.26221e-40
-1.51666e-39
1.26517e-41
1.17041e-38
-1.11818e-40
7.67857e-39
-4.50076e-41
1.28412e-39
-2.44594e-41
-6.96637e-40
-5.16536e-41
-1.34898e-39
1.55332e-41
-6.81212e-39
5.18648e-41
-6.97133e-39
2.68184e-41
-2.26713e-39
9.23719e-41
-5.74892e-39
8.19388e-41
-3.04422e-41
-3.84529e-41
5.51127e-39
-5.2683e-41
1.01611e-39
-1.04244e-41
2.03249e-40
-2.08216e-42
2.65542e-41
-2.84463e-43
3.46397e-42
-3.7708e-44
3.72636e-43
-4.17046e-45
3.90704e-44
-4.43049e-46
3.6551e-45
-4.21706e-47
3.30714e-46
-3.85122e-48
2.76815e-47
-3.25938e-49
2.23755e-48
-2.72234e-50
1.70618e-49
-1.23527e-50
1.2784e-50
-1.42462e-49
4.01959e-51
-1.89989e-48
4.5326e-50
-2.40533e-47
6.25879e-49
-2.9447e-46
8.39376e-48
-3.36712e-45
1.06791e-46
-3.72594e-44
1.31847e-45
-3.75021e-43
1.52108e-44
-3.6713e-42
1.70874e-43
-3.10354e-41
1.74676e-42
-2.59119e-40
1.75434e-41
-1.65275e-39
1.51588e-40
-1.08889e-38
1.30313e-39
-3.66818e-38
8.12255e-39
4.95114e-38
-4.41793e-38
4.74733e-37
4.95387e-38
3.7965e-38
1.06152e-38
-1.57781e-37
4.5313e-39
-2.43175e-38
-2.85295e-39
3.26061e-37
-3.96962e-39
7.45958e-38
1.81683e-39
-2.00901e-37
3.3635e-39
-1.49396e-38
6.65121e-40
1.15917e-37
-1.67193e-40
7.55175e-38
7.12656e-40
1.21826e-38
9.55485e-40
-7.60982e-39
5.45494e-40
-1.30482e-38
7.9937e-40
-6.70621e-38
6.90128e-40
-6.85269e-38
2.20384e-40
-2.1835e-38
5.44995e-40
-5.67834e-38
4.26303e-40
-2.72371e-40
-5.38588e-40
5.45983e-38
-6.16471e-40
9.83689e-39
-1.18599e-40
1.87825e-39
-2.30213e-41
2.3848e-40
-3.08676e-42
3.02656e-41
-4.02534e-43
3.19297e-42
-4.39647e-44
3.29358e-43
-4.6229e-45
3.043e-44
-4.36379e-46
2.72575e-45
-3.95901e-47
2.26329e-46
-3.33194e-48
1.81788e-47
-2.69961e-49
1.37897e-48
-2.19191e-50
1.01264e-49
-1.8974e-50
7.70074e-51
-2.31214e-49
9.16751e-51
-2.90089e-48
1.19452e-49
-3.51186e-47
1.59034e-48
-3.96743e-46
2.00512e-47
-4.31862e-45
2.4479e-46
-4.26857e-44
2.78261e-45
-4.0707e-43
3.06943e-44
-3.33665e-42
3.05977e-43
-2.6556e-41
2.9817e-42
-1.58298e-40
2.46484e-41
-9.32629e-40
2.02209e-40
-2.34161e-39
1.17075e-39
6.82491e-39
-2.99647e-38
6.71708e-40
-2.39675e-38
-3.02355e-37
-1.61018e-38
-1.80598e-36
-1.47838e-38
-2.90497e-37
-1.41739e-38
3.50577e-36
-8.70396e-39
7.88969e-37
1.46307e-38
-2.17445e-36
2.89035e-38
-1.5385e-37
2.31833e-38
1.24318e-36
3.08354e-38
7.98846e-37
4.43173e-38
1.24549e-37
4.68943e-38
-6.19752e-38
3.92898e-38
-1.28245e-37
2.74395e-38
-7.11048e-37
1.08369e-38
-7.25772e-37
2.05488e-40
-2.19847e-37
-8.56655e-39
-6.07896e-37
-9.95675e-39
-2.50841e-39
-9.08503e-39
5.86959e-37
-7.63286e-39
9.95673e-38
-1.38931e-39
1.81204e-38
-2.59673e-40
2.20519e-39
-3.3833e-41
2.71703e-40
-4.32388e-42
2.79146e-41
-4.6392e-43
2.82698e-42
-4.81572e-44
2.56815e-43
-4.49254e-45
2.27255e-44
-4.04017e-46
1.86564e-45
-3.37275e-47
1.48574e-46
-2.71491e-48
1.11803e-47
-2.06673e-49
8.15607e-49
-1.73778e-50
5.69237e-50
-3.01254e-50
4.9227e-51
-3.62561e-49
1.49854e-50
-4.35387e-48
1.94724e-49
-4.86973e-47
2.43446e-48
-5.23542e-46
2.93959e-47
-5.09114e-45
3.30224e-46
-4.75878e-44
3.58429e-45
-3.79097e-43
3.51072e-44
-2.91397e-42
3.33687e-43
-1.63451e-41
2.68403e-42
-8.91436e-41
2.11832e-41
-1.61089e-40
1.18023e-40
6.57551e-40
-2.50846e-37
-2.939e-37
-5.08052e-37
-2.16885e-36
-1.47607e-36
-1.31911e-35
-1.62303e-36
-2.19846e-36
4.93008e-37
2.55703e-35
1.02157e-36
5.69363e-36
-7.5518e-38
-1.59407e-35
-4.66647e-38
-1.10666e-36
6.51604e-37
9.0583e-36
1.2058e-36
5.75711e-36
1.41075e-36
8.34285e-37
1.4377e-36
-6.28895e-37
1.29642e-36
-9.10236e-37
7.60145e-37
-5.13719e-36
1.72682e-37
-5.23069e-36
-5.94979e-38
-1.53007e-36
-5.03315e-37
-4.41363e-36
-5.16874e-37
-1.53958e-38
-1.55829e-37
4.27918e-36
-8.03311e-38
6.98462e-37
-1.35512e-38
1.17253e-37
-2.37215e-39
1.36147e-38
-2.98426e-40
1.6014e-39
-3.7028e-41
1.59547e-40
-3.89299e-42
1.57435e-41
-3.97436e-43
1.40386e-42
-3.66128e-44
1.22362e-43
-3.25934e-45
9.931e-45
-2.69923e-46
7.83632e-46
-2.15898e-47
5.85484e-47
-1.63397e-48
4.247e-48
-1.19797e-49
2.94726e-49
-1.12363e-50
1.99988e-50
-3.60707e-50
3.14139e-51
-4.21979e-49
2.45269e-50
-4.66e-48
3.05446e-49
-4.92508e-47
3.68648e-48
-4.68491e-46
4.14655e-47
-4.2437e-45
4.51432e-46
-3.22084e-44
4.464e-45
-2.2915e-43
4.31564e-44
-1.05975e-42
3.62873e-43
-3.46203e-42
3.09015e-42
2.72722e-41
2.15629e-41
1.73012e-40
-2.94645e-36
-2.15345e-36
-8.76094e-36
-1.62408e-35
-3.92173e-35
-1.14508e-34
-4.43169e-35
-2.16524e-35
1.70447e-35
2.22721e-34
3.11292e-35
4.7824e-35
-5.12822e-36
-1.40353e-34
-6.59153e-36
-8.416e-36
1.46077e-35
7.82963e-35
2.90884e-35
4.83375e-35
3.24519e-35
6.36454e-36
3.26844e-35
-3.54138e-36
3.00917e-35
-6.57591e-36
1.68353e-35
-4.35565e-35
2.91563e-36
-4.42659e-35
-1.6222e-36
-1.14022e-35
-1.29335e-35
-3.8196e-35
-1.30764e-35
-1.02868e-37
-2.74164e-36
3.7246e-35
-9.52669e-37
5.23067e-36
-1.4291e-37
-2.32637e-38
-2.78421e-39
-3.34671e-40
-3.42464e-41
-3.43243e-42
-3.10914e-43
-2.73428e-44
-2.23868e-45
-1.77518e-46
-1.33259e-47
-9.69028e-49
-6.75819e-50
-6.49428e-51
-1.77676e-50
-9.86909e-50
3.68836e-49
2.62039e-47
5.52411e-46
9.18545e-45
1.29765e-43
1.65794e-42
1.94347e-41
2.07073e-40
-2.43266e-35
-1.15472e-34
-7.36935e-34
-8.55408e-34
3.64104e-34
6.27363e-34
-1.32526e-34
-1.72874e-34
2.53182e-34
5.20224e-34
5.62692e-34
5.64582e-34
5.28806e-34
2.8631e-34
3.80785e-35
-2.773e-35
-2.40061e-34
-2.4109e-34
-3.68555e-35
)
;

boundaryField
{
    leftWall
    {
        type            calculated;
        value           uniform 0;
    }
    rightWall
    {
        type            calculated;
        value           nonuniform 0();
    }
    lowerWall
    {
        type            calculated;
        value           uniform 0;
    }
    atmosphere
    {
        type            calculated;
        value           nonuniform 0();
    }
    defaultFaces
    {
        type            empty;
        value           nonuniform 0();
    }
    procBoundary0to1
    {
        type            processor;
        value           nonuniform List<scalar> 
44
(
-8.26949e-45
-9.53007e-44
-8.67927e-43
-7.48273e-42
-6.21247e-41
-4.79716e-40
-3.58211e-39
-2.36832e-38
-1.5392e-37
-7.45026e-37
-6.87486e-36
2.5045e-36
1.67303e-35
8.03411e-37
-7.65667e-36
8.70191e-37
1.48675e-35
2.62621e-35
8.10287e-37
-2.61833e-35
-2.37963e-34
1.57817e-35
1.84763e-36
2.44268e-37
2.29365e-38
2.88333e-39
7.45369e-39
7.18458e-38
7.71064e-37
5.60841e-36
4.87869e-35
4.38844e-35
-4.38844e-35
-4.87871e-35
-5.61505e-36
-9.2768e-37
-2.82984e-36
-5.63568e-36
-2.75861e-36
-1.56669e-37
-6.63566e-39
-1.43247e-40
3.76282e-40
2.09567e-39
)
;
    }
    procBoundary0to2
    {
        type            processor;
        value           nonuniform List<scalar> 
46
(
8.35461e-37
9.13152e-38
1.04295e-38
1.00494e-39
9.72322e-41
8.4886e-42
7.29534e-43
5.8352e-44
4.55606e-45
3.36796e-46
2.42311e-47
1.6679e-48
1.11695e-49
7.40887e-51
3.22262e-51
3.57566e-50
4.49082e-49
5.36306e-48
6.30123e-47
7.00384e-46
7.80983e-45
8.23072e-44
8.94734e-43
9.17889e-42
9.88626e-41
-1.8918e-36
-1.43518e-35
-1.02971e-34
-1.97214e-35
2.00361e-34
4.28517e-35
-1.26405e-34
-7.45004e-36
7.03643e-35
4.3081e-35
2.26617e-36
-5.40276e-36
-9.15975e-36
-3.92994e-35
-3.97106e-35
-1.00726e-35
-3.43388e-35
-8.97344e-38
3.35043e-35
-7.94719e-36
4.62287e-36
)
;
    }
}


// ************************************************************************* //
