/*--------------------------------*- C++ -*----------------------------------*\
| =========                 |                                                 |
| \\      /  F ield         | OpenFOAM: The Open Source CFD Toolbox           |
|  \\    /   O peration     | Version:  2.4.0                                 |
|   \\  /    A nd           | Web:      www.OpenFOAM.org                      |
|    \\/     M anipulation  |                                                 |
\*---------------------------------------------------------------------------*/
FoamFile
{
    version     2.0;
    format      ascii;
    class       volVectorField;
    location    "0.6";
    object      U;
}
// * * * * * * * * * * * * * * * * * * * * * * * * * * * * * * * * * * * * * //

dimensions      [0 1 -1 0 0 0 0];

internalField   nonuniform List<vector> 
1935
(
(7.33818e-36 2.20266e-36 0)
(7.05052e-35 1.57687e-35 0)
(3.64429e-34 1.2366e-34 0)
(3.9018e-33 9.61905e-35 0)
(3.60146e-33 -2.38249e-34 0)
(-3.60025e-33 -2.38e-34 0)
(-3.8933e-33 9.88198e-35 0)
(-2.86249e-34 1.41841e-34 0)
(3.65534e-34 1.55488e-34 0)
(4.26732e-33 2.24884e-34 0)
(7.58132e-33 -1.23407e-34 0)
(4.43503e-34 -3.34439e-34 0)
(-3.15775e-33 9.61902e-35 0)
(3.68052e-33 2.19846e-34 0)
(3.91038e-33 -9.88479e-35 0)
(3.65534e-34 -1.23941e-34 0)
(7.06905e-35 -1.58044e-35 0)
(7.5034e-36 -2.38077e-36 0)
(9.91628e-37 -2.51822e-37 0)
(1.00275e-37 -2.814e-38 0)
(1.08235e-38 -2.66855e-39 0)
(1.00658e-39 -2.54876e-40 0)
(9.45129e-41 -2.20073e-41 0)
(8.73653e-42 -1.72549e-42 0)
(8.78187e-42 1.73696e-42 0)
(9.51366e-41 2.21445e-41 0)
(1.01394e-39 2.56601e-40 0)
(1.09098e-38 2.68867e-39 0)
(1.01186e-37 2.83726e-38 0)
(1.00143e-36 2.54232e-37 0)
(7.59266e-36 2.4062e-36 0)
(7.15798e-35 1.60276e-35 0)
(3.72024e-34 1.26065e-34 0)
(3.97337e-33 1.12215e-34 0)
(3.97337e-33 -1.12215e-34 0)
(3.72024e-34 -1.26065e-34 0)
(7.15798e-35 -1.60276e-35 0)
(7.59266e-36 -2.4062e-36 0)
(1.00143e-36 -2.54232e-37 0)
(1.01186e-37 -2.8373e-38 0)
(1.09081e-38 -2.6921e-39 0)
(1.00203e-39 -2.81014e-40 0)
(4.17464e-41 -1.93045e-40 0)
(-2.48853e-40 -7.71034e-40 0)
(2.07692e-36 -1.00191e-36 0)
(1.79196e-35 -8.26512e-36 0)
(9.22745e-35 -6.48061e-35 0)
(6.52565e-34 -5.03214e-35 0)
(5.76351e-34 1.24719e-34 0)
(-5.75991e-34 1.24597e-34 0)
(-6.50083e-34 -5.16415e-35 0)
(-7.21135e-35 -7.42904e-35 0)
(9.26049e-35 -8.14894e-35 0)
(7.45167e-34 -1.17658e-34 0)
(1.24904e-33 6.46827e-35 0)
(1.127e-34 1.7504e-34 0)
(-4.63588e-34 -5.03213e-35 0)
(5.96772e-34 -1.15126e-34 0)
(6.55072e-34 5.16548e-35 0)
(9.26049e-35 6.49435e-35 0)
(1.79812e-35 8.28759e-36 0)
(2.18478e-36 1.19839e-36 0)
(2.94134e-37 1.23198e-37 0)
(3.16145e-38 1.32835e-38 0)
(3.4735e-39 1.22561e-39 0)
(3.3416e-40 1.14061e-40 0)
(3.18445e-41 9.64265e-42 0)
(3.01103e-42 7.43004e-43 0)
(3.02705e-42 -7.47791e-43 0)
(3.20616e-41 -9.70078e-42 0)
(3.36694e-40 -1.14803e-40 0)
(3.50252e-39 -1.23445e-39 0)
(3.19164e-38 -1.33878e-38 0)
(2.97268e-37 -1.24308e-37 0)
(2.21286e-36 -1.21043e-36 0)
(1.82431e-35 -8.39727e-36 0)
(9.44886e-35 -6.60162e-35 0)
(6.70805e-34 -5.87173e-35 0)
(6.70805e-34 5.87173e-35 0)
(9.44886e-35 6.60162e-35 0)
(1.82431e-35 8.39727e-36 0)
(2.21286e-36 1.21043e-36 0)
(2.97267e-37 1.24307e-37 0)
(3.19138e-38 1.33845e-38 0)
(3.48403e-39 1.20503e-39 0)
(2.07089e-40 -9.84229e-41 0)
(-5.52716e-40 -1.50954e-39 0)
(-2.84547e-39 -7.02275e-39 0)
(5.15384e-37 -2.93588e-37 0)
(3.70804e-36 -2.33525e-36 0)
(1.3865e-35 -1.49015e-35 0)
(7.58729e-35 -1.08285e-35 0)
(6.52821e-35 2.84597e-35 0)
(-6.51848e-35 2.84208e-35 0)
(-7.52765e-35 -1.12215e-35 0)
(-9.6276e-36 -1.75972e-35 0)
(1.39532e-35 -1.96199e-35 0)
(8.9825e-35 -2.64809e-35 0)
(1.45381e-34 1.48621e-35 0)
(1.81714e-35 3.92881e-35 0)
(-4.70927e-35 -1.08285e-35 0)
(6.95874e-35 -2.57294e-35 0)
(7.6476e-35 1.12258e-35 0)
(1.39532e-35 1.49454e-35 0)
(3.72135e-36 2.34208e-36 0)
(5.17164e-37 3.54206e-37 0)
(7.82375e-38 3.92812e-38 0)
(9.00018e-39 4.34719e-39 0)
(1.04513e-39 4.17571e-40 0)
(1.04436e-40 3.96185e-41 0)
(1.0264e-41 3.43742e-42 0)
(9.94639e-43 2.68579e-43 0)
(1.00009e-42 -2.70368e-43 0)
(1.03369e-41 -3.45884e-42 0)
(1.05271e-40 -3.98869e-41 0)
(1.05446e-39 -4.20714e-40 0)
(9.0942e-39 -4.38333e-39 0)
(7.91763e-38 -3.96585e-38 0)
(5.25099e-37 -3.58128e-37 0)
(3.79038e-36 -2.37694e-36 0)
(1.43901e-35 -1.52595e-35 0)
(7.96621e-35 -1.3205e-35 0)
(7.96621e-35 1.3205e-35 0)
(1.43901e-35 1.52595e-35 0)
(3.79038e-36 2.37694e-36 0)
(5.25098e-37 3.58128e-37 0)
(7.91738e-38 3.96557e-38 0)
(9.07194e-39 4.35664e-39 0)
(8.93626e-40 1.82741e-40 0)
(-1.03607e-39 -1.70405e-39 0)
(-5.20696e-39 -1.25962e-38 0)
(-2.57885e-38 -5.92235e-38 0)
(8.82604e-38 -8.20186e-38 0)
(5.49724e-37 -5.91735e-37 0)
(1.52614e-36 -3.52577e-36 0)
(6.70015e-36 -2.50563e-36 0)
(5.652e-36 6.73176e-36 0)
(-5.63419e-36 6.72043e-36 0)
(-6.59939e-36 -2.6145e-36 0)
(-8.88209e-37 -4.21637e-36 0)
(1.54212e-36 -4.72239e-36 0)
(8.24202e-36 -6.23869e-36 0)
(1.29878e-35 3.51392e-36 0)
(2.17628e-36 9.23732e-36 0)
(-3.47227e-36 -2.50555e-36 0)
(6.30201e-36 -6.03081e-36 0)
(6.80211e-36 2.61583e-36 0)
(1.54212e-36 3.53834e-36 0)
(5.51694e-37 5.93516e-37 0)
(8.63655e-38 9.76194e-38 0)
(1.41586e-38 1.14767e-38 0)
(1.72193e-39 1.34008e-39 0)
(2.0751e-40 1.33862e-40 0)
(2.13857e-41 1.31232e-41 0)
(2.14779e-42 1.16736e-42 0)
(2.12432e-43 9.29617e-44 0)
(2.13625e-43 -9.36e-44 0)
(2.16354e-42 -1.1749e-42 0)
(2.15634e-41 -1.32161e-41 0)
(2.09459e-40 -1.34927e-40 0)
(1.74114e-39 -1.35202e-39 0)
(1.43444e-38 -1.15972e-38 0)
(8.78756e-38 -9.88233e-38 0)
(5.64087e-37 -6.03626e-37 0)
(1.61391e-36 -3.62421e-36 0)
(7.26398e-36 -3.10904e-36 0)
(7.26398e-36 3.10904e-36 0)
(1.61391e-36 3.62421e-36 0)
(5.64087e-37 6.03626e-37 0)
(8.78734e-38 9.88212e-38 0)
(1.43241e-38 1.15756e-38 0)
(1.56081e-39 1.15037e-39 0)
(-1.10735e-39 -1.68586e-39 0)
(-9.453e-39 -1.35171e-38 0)
(-4.40316e-38 -9.95192e-38 0)
(-2.21095e-37 -4.77829e-37 0)
(1.17046e-38 -2.86835e-38 0)
(7.91442e-38 -1.08121e-37 0)
(1.43446e-37 -5.79717e-37 0)
(4.23528e-37 -3.99958e-37 0)
(3.47236e-37 1.09973e-36 0)
(-3.44133e-37 1.09763e-36 0)
(-4.07292e-37 -4.19594e-37 0)
(-5.11721e-38 -6.98569e-37 0)
(1.4578e-37 -7.86448e-37 0)
(5.68993e-37 -1.01448e-36 0)
(8.61926e-37 5.74402e-37 0)
(2.37001e-37 1.49922e-36 0)
(-1.09574e-37 -3.99375e-37 0)
(4.41099e-37 -9.75973e-37 0)
(4.39436e-37 4.1986e-37 0)
(1.4578e-37 5.79141e-37 0)
(7.83844e-38 1.03953e-37 0)
(1.35293e-38 1.80244e-38 0)
(2.39479e-39 2.2228e-39 0)
(3.04311e-40 2.6864e-40 0)
(3.79465e-41 2.76676e-41 0)
(4.00877e-42 2.77238e-42 0)
(4.10493e-43 2.5153e-43 0)
(4.12735e-44 2.03012e-44 0)
(4.151e-44 -2.04441e-44 0)
(4.13584e-43 -2.53199e-43 0)
(4.04323e-42 -2.79267e-42 0)
(3.83183e-41 -2.78968e-41 0)
(3.07903e-40 -2.71157e-40 0)
(2.42865e-39 -2.24765e-39 0)
(1.37949e-38 -1.82649e-38 0)
(8.04668e-38 -1.05901e-37 0)
(1.56838e-37 -5.94887e-37 0)
(5.0368e-37 -5.05249e-37 0)
(5.0368e-37 5.05249e-37 0)
(1.56838e-37 5.94887e-37 0)
(8.04652e-38 1.059e-37 0)
(1.37784e-38 1.82509e-38 0)
(2.27522e-39 2.09965e-39 0)
(-1.07457e-39 -1.12409e-39 0)
(-1.01967e-38 -1.27511e-38 0)
(-7.49546e-38 -9.66198e-38 0)
(-3.55824e-37 -7.2576e-37 0)
(-1.82391e-36 -3.58328e-36 0)
(-2.01633e-38 -1.12149e-37 0)
(1.91916e-38 -5.38718e-38 0)
(1.54627e-38 -1.16012e-37 0)
(1.61285e-38 -6.67799e-38 0)
(1.05947e-38 1.72769e-37 0)
(-9.62758e-39 1.73135e-37 0)
(-1.1579e-38 -6.56763e-38 0)
(-2.21313e-40 -1.11142e-37 0)
(1.25904e-38 -1.25426e-37 0)
(2.64104e-38 -1.59808e-37 0)
(3.58932e-38 9.06026e-38 0)
(2.44554e-38 2.35809e-37 0)
(1.43867e-38 -6.21659e-38 0)
(2.24229e-38 -1.5316e-37 0)
(1.60961e-38 6.57106e-38 0)
(1.25902e-38 9.14505e-38 0)
(1.00914e-38 1.7043e-38 0)
(1.87929e-39 3.10422e-39 0)
(3.51212e-40 3.96892e-40 0)
(4.6231e-41 4.95029e-41 0)
(5.91558e-42 5.22343e-42 0)
(6.3813e-43 5.33663e-43 0)
(6.63726e-44 4.91807e-44 0)
(6.77024e-45 4.01523e-45 0)
(6.80972e-45 -4.04404e-45 0)
(6.6884e-44 -4.95143e-44 0)
(6.43772e-43 -5.37676e-43 0)
(5.9756e-42 -5.2682e-42 0)
(4.68017e-41 -4.99866e-41 0)
(3.56477e-40 -4.01573e-40 0)
(1.91947e-39 -3.1484e-39 0)
(1.03951e-38 -1.73894e-38 0)
(1.41064e-38 -9.41473e-38 0)
(2.42153e-38 -7.955e-38 0)
(2.42153e-38 7.955e-38 0)
(1.41054e-38 9.41467e-38 0)
(1.03844e-38 1.73814e-38 0)
(1.80634e-39 3.06029e-39 0)
(-7.08068e-40 -5.41085e-40 0)
(-9.6802e-39 -8.96239e-39 0)
(-7.32301e-38 -8.41216e-38 0)
(-5.47358e-37 -6.50725e-37 0)
(-2.66932e-36 -5.03319e-36 0)
(-1.39768e-35 -2.57941e-35 0)
(-1.65035e-37 -8.25667e-37 0)
(8.09792e-38 -2.76143e-37 0)
(2.85823e-38 -1.99615e-37 0)
(1.75011e-38 -4.23591e-38 0)
(2.2141e-39 1.76546e-38 0)
(1.97309e-39 2.30551e-38 0)
(1.65801e-39 -9.07263e-39 0)
(4.8758e-40 -1.54511e-38 0)
(1.11114e-39 -1.74697e-38 0)
(-1.60436e-40 -2.19787e-38 0)
(-9.99147e-40 1.24836e-38 0)
(2.62548e-39 3.23854e-38 0)
(3.88963e-39 -8.44725e-39 0)
(3.19885e-40 -2.09907e-38 0)
(-9.64516e-40 8.97501e-39 0)
(1.10988e-39 1.26135e-38 0)
(1.28002e-39 2.43617e-39 0)
(2.5067e-40 4.6028e-40 0)
(4.87957e-41 6.06731e-41 0)
(6.59199e-42 7.7526e-42 0)
(8.61139e-43 8.35008e-43 0)
(9.44173e-44 8.66493e-44 0)
(9.94678e-45 8.09485e-45 0)
(1.02626e-45 6.6726e-46 0)
(1.03232e-45 -6.72132e-46 0)
(1.00248e-44 -8.15082e-45 0)
(9.52711e-44 -8.73162e-44 0)
(8.70124e-43 -8.42369e-43 0)
(6.67629e-42 -7.83103e-42 0)
(4.95605e-41 -6.142e-41 0)
(2.56381e-40 -4.67182e-40 0)
(1.32203e-39 -2.48892e-39 0)
(1.31002e-39 -1.30114e-38 0)
(5.15448e-41 -1.09354e-38 0)
(5.10722e-41 1.0935e-38 0)
(1.30389e-39 1.30079e-38 0)
(1.25433e-39 2.44607e-39 0)
(-4.66888e-40 -1.12804e-41 0)
(-6.84994e-39 -5.12649e-39 0)
(-6.42032e-38 -5.0424e-38 0)
(-4.93904e-37 -4.81263e-37 0)
(-3.79397e-36 -3.83586e-36 0)
(-1.91449e-35 -3.07557e-35 0)
(-1.03518e-34 -1.6617e-34 0)
(-1.09785e-36 -5.69202e-36 0)
(7.44426e-37 -1.92811e-36 0)
(2.30654e-37 -1.3559e-36 0)
(1.42595e-37 -2.4065e-37 0)
(2.53374e-38 -4.00548e-38 0)
(5.05842e-39 -2.36279e-39 0)
(9.89769e-40 -1.87532e-39 0)
(1.68806e-40 -2.13081e-39 0)
(1.117e-40 -2.33875e-39 0)
(-2.24316e-40 -2.90941e-39 0)
(-4.40841e-40 1.65325e-39 0)
(2.85668e-40 4.28113e-39 0)
(5.83561e-40 -1.10834e-39 0)
(-1.06462e-40 -2.77021e-39 0)
(-2.90013e-40 1.18244e-39 0)
(1.03029e-40 1.67193e-39 0)
(1.53454e-40 3.30891e-40 0)
(3.11527e-41 6.44171e-41 0)
(6.2404e-42 8.68997e-42 0)
(8.60897e-43 1.13251e-42 0)
(1.14299e-43 1.23953e-43 0)
(1.2706e-44 1.30277e-44 0)
(1.35277e-45 1.23023e-45 0)
(1.40966e-46 1.02202e-46 0)
(1.41809e-46 -1.02958e-46 0)
(1.36355e-45 -1.23887e-45 0)
(1.28231e-44 -1.31298e-44 0)
(1.15519e-43 -1.25071e-43 0)
(8.72227e-43 -1.14429e-42 0)
(6.34173e-42 -8.80068e-42 0)
(3.18965e-41 -6.54232e-41 0)
(1.58807e-40 -3.38423e-40 0)
(1.27695e-40 -1.72741e-39 0)
(-1.69664e-40 -1.44674e-39 0)
(-1.722e-40 1.44527e-39 0)
(9.45302e-41 1.71021e-39 0)
(-2.11209e-40 1.28654e-40 0)
(-3.97296e-39 -2.30889e-39 0)
(-3.88093e-38 -2.62205e-38 0)
(-3.68664e-37 -2.60614e-37 0)
(-2.91107e-36 -2.56755e-36 0)
(-2.3057e-35 -2.13228e-35 0)
(-1.21546e-34 -1.80745e-34 0)
(-6.77903e-34 -1.0498e-33 0)
(-5.46707e-36 -3.81498e-35 0)
(7.22811e-36 -1.22508e-35 0)
(1.98354e-36 -8.58667e-36 0)
(1.06392e-36 -1.47813e-36 0)
(1.82459e-37 -2.56549e-37 0)
(3.27802e-38 -3.15541e-38 0)
(4.24142e-39 -4.05865e-39 0)
(5.4011e-40 -6.61402e-40 0)
(6.64966e-41 -3.29293e-40 0)
(-3.15102e-41 -3.60225e-40 0)
(-6.78349e-41 2.02464e-40 0)
(3.16844e-41 5.24066e-40 0)
(7.40571e-41 -1.34706e-40 0)
(-2.00072e-41 -3.38625e-40 0)
(-4.30313e-41 1.44249e-40 0)
(1.03038e-41 2.05241e-40 0)
(1.78633e-41 4.15409e-41 0)
(3.71379e-42 8.27529e-42 0)
(7.59824e-43 1.13835e-42 0)
(1.0651e-43 1.50699e-43 0)
(1.43242e-44 1.67212e-44 0)
(1.60991e-45 1.77601e-45 0)
(1.72873e-46 1.6929e-46 0)
(1.81591e-47 1.41571e-47 0)
(1.82688e-47 -1.42632e-47 0)
(1.74269e-46 -1.70494e-46 0)
(1.62498e-45 -1.79016e-45 0)
(1.44799e-44 -1.68749e-44 0)
(1.07943e-43 -1.52304e-43 0)
(7.72477e-43 -1.15327e-42 0)
(3.80522e-42 -8.40905e-42 0)
(1.85075e-41 -4.25268e-41 0)
(1.31482e-41 -2.1237e-40 0)
(-3.0169e-41 -1.77565e-40 0)
(-4.25631e-41 1.72487e-40 0)
(-1.5082e-40 1.5245e-40 0)
(-1.83561e-39 -6.96509e-40 0)
(-2.04294e-38 -8.47997e-39 0)
(-2.02082e-37 -9.56673e-38 0)
(-1.97345e-36 -9.78076e-37 0)
(-1.60919e-35 -1.00457e-35 0)
(-1.33103e-34 -8.91801e-35 0)
(-7.38855e-34 -8.18795e-34 0)
(-4.37515e-33 -5.37197e-33 0)
(-1.05265e-35 -2.20538e-34 0)
(7.44226e-35 -7.47323e-35 0)
(1.69096e-35 -5.47122e-35 0)
(7.05137e-36 -8.9771e-36 0)
(1.1363e-36 -1.49773e-36 0)
(1.94e-37 -1.79095e-37 0)
(2.40933e-38 -2.13503e-38 0)
(2.96765e-39 -2.19544e-39 0)
(3.11266e-40 -2.49363e-40 0)
(2.69267e-41 -6.12482e-41 0)
(-5.42695e-42 2.21352e-41 0)
(3.67498e-42 6.1358e-41 0)
(8.47448e-42 -1.57278e-41 0)
(-2.54646e-42 -3.96878e-41 0)
(-5.17512e-42 1.6881e-41 0)
(1.05324e-42 2.41336e-41 0)
(1.97421e-42 4.96848e-42 0)
(4.1824e-43 1.00715e-42 0)
(8.69411e-44 1.40611e-43 0)
(1.23532e-44 1.88371e-44 0)
(1.6788e-45 2.112e-45 0)
(1.90485e-46 2.2611e-46 0)
(2.06024e-47 2.17058e-47 0)
(2.1794e-48 1.82407e-48 0)
(2.1926e-48 -1.83787e-48 0)
(2.07692e-47 -2.1862e-47 0)
(1.92268e-46 -2.27938e-46 0)
(1.69697e-45 -2.13179e-45 0)
(1.25164e-44 -1.90427e-44 0)
(8.83291e-44 -1.42516e-43 0)
(4.27443e-43 -1.02419e-42 0)
(2.0278e-42 -5.09519e-42 0)
(1.09697e-42 -2.50744e-41 0)
(-7.44919e-42 -2.18975e-41 0)
(-5.1858e-41 5.97631e-42 0)
(-5.93016e-40 -1.65397e-40 0)
(-6.81441e-39 -2.387e-39 0)
(-7.65071e-38 -2.80038e-38 0)
(-7.74447e-37 -3.25594e-37 0)
(-7.78403e-36 -3.46178e-36 0)
(-6.6005e-35 -3.81189e-35 0)
(-5.7048e-34 -3.72717e-34 0)
(-3.38286e-33 -3.90325e-33 0)
(-2.10555e-32 -2.9895e-32 0)
(2.80185e-34 -1.56344e-33 0)
(8.52861e-34 -4.29207e-34 0)
(1.67912e-34 -2.95183e-34 0)
(5.59018e-35 -4.61674e-35 0)
(8.24445e-36 -7.22814e-36 0)
(1.32863e-36 -8.29285e-37 0)
(1.58011e-37 -9.50903e-38 0)
(1.89157e-38 -9.40418e-39 0)
(1.92976e-39 -9.17742e-40 0)
(1.92605e-40 -8.44553e-41 0)
(1.6776e-41 -5.10437e-42 0)
(1.79485e-42 4.34246e-42 0)
(7.90888e-43 -1.29211e-42 0)
(-1.99486e-43 -3.16668e-42 0)
(-4.15827e-43 1.34459e-42 0)
(7.85269e-44 1.92953e-42 0)
(1.53305e-43 4.03848e-43 0)
(3.28893e-44 8.38044e-44 0)
(6.9108e-45 1.19078e-44 0)
(9.91065e-46 1.62295e-45 0)
(1.35631e-46 1.84553e-46 0)
(1.54869e-47 2.00089e-47 0)
(1.68266e-48 1.94165e-48 0)
(1.78758e-49 1.64581e-49 0)
(1.79572e-49 -1.65836e-49 0)
(1.69131e-48 -1.95569e-48 0)
(1.55473e-47 -2.0171e-47 0)
(1.35699e-46 -1.86272e-46 0)
(9.81735e-46 -1.64032e-45 0)
(6.67147e-45 -1.20615e-44 0)
(2.83636e-44 -8.50791e-44 0)
(8.0816e-44 -4.1174e-43 0)
(-9.88615e-43 -1.96749e-42 0)
(-1.51408e-41 -1.20335e-42 0)
(-1.9114e-40 7.70632e-42 0)
(-2.39839e-39 7.71625e-41 0)
(-2.80471e-38 8.89992e-40 0)
(-3.23556e-37 9.28619e-39 0)
(-3.36613e-36 7.77464e-38 0)
(-3.52891e-35 8.70955e-38 0)
(-3.11754e-34 -1.50643e-35 0)
(-2.89565e-33 -4.54546e-34 0)
(-1.83554e-32 -8.38158e-33 0)
(-1.34162e-31 -1.07668e-31 0)
(8.31868e-33 -9.095e-33 0)
(1.40199e-32 -3.15358e-33 0)
(2.12161e-33 -2.41623e-33 0)
(4.57735e-34 -3.31687e-34 0)
(5.87588e-35 -5.00129e-35 0)
(8.35356e-36 -5.43762e-36 0)
(9.31719e-37 -6.09271e-37 0)
(1.05772e-37 -5.85017e-38 0)
(1.04347e-38 -5.60276e-39 0)
(1.01538e-39 -4.87636e-40 0)
(9.00185e-41 -4.14696e-41 0)
(7.80296e-42 -2.96498e-42 0)
(6.71299e-43 -3.46754e-43 0)
(3.60766e-44 -2.45504e-43 0)
(-2.27155e-44 9.47958e-44 0)
(5.09778e-45 1.38379e-43 0)
(9.63296e-45 2.92815e-44 0)
(2.08979e-45 6.11564e-45 0)
(4.4535e-46 8.75284e-46 0)
(6.45961e-47 1.19759e-46 0)
(8.93317e-48 1.36762e-47 0)
(1.02918e-48 1.48576e-48 0)
(1.12679e-49 1.44488e-49 0)
(1.20644e-50 1.22583e-50 0)
(1.22541e-50 -1.22938e-50 0)
(1.15725e-49 -1.44554e-49 0)
(1.07455e-48 -1.48081e-48 0)
(9.61249e-48 -1.3517e-47 0)
(7.46526e-47 -1.1633e-46 0)
(5.93756e-46 -8.11562e-46 0)
(4.22838e-45 -5.04653e-45 0)
(3.99768e-44 -1.24959e-44 0)
(4.19893e-43 1.10842e-43 0)
(5.50772e-42 3.41749e-42 0)
(7.01532e-41 4.78331e-41 0)
(8.64296e-40 6.08829e-40 0)
(9.96211e-39 7.48182e-39 0)
(1.11854e-37 8.28763e-38 0)
(1.14436e-36 8.06358e-37 0)
(1.15395e-35 4.17271e-36 0)
(1.0001e-34 -5.83969e-35 0)
(8.73692e-34 -2.78109e-33 0)
(5.44792e-33 -6.00371e-32 0)
(3.52513e-32 -9.34245e-31 0)
(1.38176e-31 -8.64643e-32 0)
(1.62821e-31 -8.84639e-33 0)
(1.76692e-32 -6.13123e-34 0)
(3.66453e-33 -3.19876e-35 0)
(4.23375e-34 -1.12068e-36 0)
(5.85572e-35 -1.20569e-38 0)
(6.22324e-36 2.98978e-39 0)
(6.92572e-37 3.84546e-40 0)
(6.6474e-38 3.71857e-41 0)
(6.37387e-39 3.05384e-42 0)
(5.55345e-40 2.51954e-43 0)
(4.74753e-41 4.06573e-44 0)
(3.79197e-42 -4.40568e-45 0)
(2.93867e-43 -1.44733e-44 0)
(2.00367e-44 6.18223e-45 0)
(1.86759e-45 8.92399e-45 0)
(7.26291e-46 1.90939e-45 0)
(1.42777e-46 4.03391e-46 0)
(2.95398e-47 5.83209e-47 0)
(4.27238e-48 8.04828e-48 0)
(5.90844e-49 9.26182e-49 0)
(6.82385e-50 1.01244e-49 0)
(7.48546e-51 9.90098e-51 0)
(8.47335e-52 8.42985e-52 0)
(1.60668e-51 -8.53758e-52 0)
(2.14057e-50 -1.00458e-50 0)
(3.02442e-49 -1.03336e-49 0)
(4.42937e-48 -9.56268e-49 0)
(6.52304e-47 -8.4872e-48 0)
(9.71216e-46 -6.46876e-47 0)
(1.41744e-44 -4.96524e-46 0)
(2.03856e-43 -3.24559e-45 0)
(2.82054e-42 -2.79721e-44 0)
(3.80044e-41 -2.67804e-43 0)
(4.86349e-40 -3.50786e-42 0)
(6.05354e-39 -4.46806e-41 0)
(7.04668e-38 -5.4359e-40 0)
(8.02705e-37 -5.73659e-39 0)
(8.31992e-36 -4.65801e-38 0)
(8.57216e-35 8.78929e-38 0)
(7.56887e-34 1.45221e-35 0)
(6.86092e-33 4.29538e-34 0)
(4.41886e-32 8.41831e-33 0)
(3.11454e-31 1.23651e-31 0)
(1.24967e-32 -8.46907e-32 0)
(1.18746e-32 -6.7636e-33 0)
(1.84616e-33 1.70413e-33 0)
(4.09122e-34 2.92929e-34 0)
(5.35873e-35 4.84417e-35 0)
(7.74412e-36 5.39601e-36 0)
(8.73592e-37 6.09982e-37 0)
(1.00065e-37 5.87078e-38 0)
(9.93825e-39 5.62496e-39 0)
(9.72389e-40 4.893e-40 0)
(8.66231e-41 4.17589e-41 0)
(7.51686e-42 3.32946e-42 0)
(6.09616e-43 2.5814e-43 0)
(4.79038e-44 1.81023e-44 0)
(3.47639e-45 1.76518e-45 0)
(2.77615e-46 6.73678e-46 0)
(5.53791e-47 1.31336e-46 0)
(9.47743e-48 2.69436e-47 0)
(1.86416e-48 3.88301e-48 0)
(2.67363e-49 5.35461e-49 0)
(3.69227e-50 6.17396e-50 0)
(4.27493e-51 6.7559e-51 0)
(4.70049e-52 6.61527e-52 0)
(5.29736e-53 5.32481e-53 0)
(9.34409e-53 -1.14121e-52 0)
(1.19918e-51 -1.68684e-51 0)
(1.63252e-50 -2.45296e-50 0)
(2.30323e-49 -3.61278e-49 0)
(3.27764e-48 -5.45454e-48 0)
(4.72263e-47 -8.2134e-47 0)
(6.70055e-46 -1.23821e-45 0)
(9.33135e-45 -1.82099e-44 0)
(1.25585e-43 -2.62956e-43 0)
(1.62734e-42 -3.64602e-42 0)
(2.01702e-41 -4.9184e-41 0)
(2.38078e-40 -6.27142e-40 0)
(2.66429e-39 -7.69542e-39 0)
(2.80639e-38 -8.46858e-38 0)
(2.76601e-37 -8.05145e-37 0)
(2.50261e-36 -3.50787e-36 0)
(2.06764e-35 8.07939e-35 0)
(1.43821e-34 3.31909e-33 0)
(8.60896e-34 6.99581e-32 0)
(2.21073e-33 1.07403e-30 0)
(2.72661e-33 -7.13002e-33 0)
(-3.96257e-34 -8.37883e-34 0)
(3.16905e-36 1.64594e-34 0)
(2.65242e-35 3.61263e-35 0)
(5.08023e-36 6.38416e-36 0)
(9.5371e-37 7.60615e-37 0)
(1.2202e-37 8.8699e-38 0)
(1.53721e-38 8.8427e-39 0)
(1.62041e-39 8.64918e-40 0)
(1.66156e-40 7.69528e-41 0)
(1.53025e-41 6.66814e-42 0)
(1.36397e-42 5.40054e-43 0)
(1.12873e-43 4.24184e-44 0)
(9.02626e-45 3.1076e-45 0)
(6.76635e-46 2.53138e-46 0)
(5.10657e-47 5.10232e-47 0)
(5.73631e-48 8.71539e-48 0)
(7.35593e-49 1.70294e-48 0)
(1.23523e-49 2.43431e-49 0)
(1.69277e-50 3.35178e-50 0)
(2.29049e-51 3.87376e-51 0)
(2.63482e-52 4.24836e-52 0)
(2.78646e-53 4.17283e-53 0)
(-1.54236e-53 3.65988e-54 0)
(-3.27603e-52 -1.76386e-54 0)
(-5.73147e-51 -9.05503e-54 0)
(-9.71927e-50 1.53228e-52 0)
(-1.60471e-48 6.02921e-51 0)
(-2.56321e-47 1.31872e-49 0)
(-3.98512e-46 2.42042e-48 0)
(-5.96759e-45 4.01356e-47 0)
(-8.69724e-44 6.21375e-46 0)
(-1.21261e-42 9.21553e-45 0)
(-1.64698e-41 1.29466e-43 0)
(-2.11757e-40 1.78429e-42 0)
(-2.66157e-39 2.3468e-41 0)
(-3.11246e-38 3.2011e-40 0)
(-3.59136e-37 4.56648e-39 0)
(-3.73671e-36 7.96289e-38 0)
(-3.91916e-35 1.58602e-36 0)
(-3.463e-34 3.39954e-35 0)
(-3.21917e-33 6.60691e-34 0)
(-2.04117e-32 1.07897e-32 0)
(-1.49423e-31 1.29992e-31 0)
(2.63467e-34 -1.34299e-33 0)
(-9.3502e-35 -1.58902e-34 0)
(-1.05971e-35 9.71916e-36 0)
(8.58031e-37 3.70758e-36 0)
(3.36668e-37 8.18497e-37 0)
(8.09902e-38 1.08358e-37 0)
(1.15111e-38 1.37774e-38 0)
(1.54744e-39 1.45407e-39 0)
(1.70662e-40 1.48957e-40 0)
(1.80578e-41 1.37021e-41 0)
(1.70628e-42 1.21984e-42 0)
(1.55009e-43 1.0084e-43 0)
(1.30413e-44 8.05859e-45 0)
(1.05664e-45 6.05619e-46 0)
(8.04925e-47 4.59879e-47 0)
(6.03332e-48 5.22307e-48 0)
(5.48923e-49 6.72792e-49 0)
(5.73735e-50 1.12717e-49 0)
(8.1167e-51 1.54123e-50 0)
(1.04393e-51 2.08002e-51 0)
(1.36967e-52 2.38915e-52 0)
(1.56046e-53 2.61261e-53 0)
(1.94372e-54 2.72475e-54 0)
(4.63762e-54 3.24881e-54 0)
(7.92994e-53 5.52578e-53 0)
(1.37121e-51 9.86551e-52 0)
(2.3032e-50 1.71778e-50 0)
(3.76647e-49 2.90398e-49 0)
(5.95989e-48 4.78208e-48 0)
(9.16674e-47 7.62112e-47 0)
(1.35755e-45 1.18209e-45 0)
(1.9516e-44 1.76623e-44 0)
(2.68256e-43 2.56725e-43 0)
(3.57704e-42 3.57031e-42 0)
(4.51238e-41 4.83319e-41 0)
(5.5276e-40 6.19611e-40 0)
(6.2953e-39 7.75883e-39 0)
(6.99534e-38 9.05733e-38 0)
(7.00295e-37 1.04477e-36 0)
(6.92687e-36 1.09835e-35 0)
(5.76709e-35 1.1782e-34 0)
(4.86227e-34 1.10611e-33 0)
(2.7998e-33 1.09767e-32 0)
(1.68706e-32 7.88828e-32 0)
(3.3826e-35 -1.26739e-34 0)
(-1.58298e-35 -1.71477e-35 0)
(-2.11418e-36 8.78936e-38 0)
(-1.19516e-37 2.61912e-37 0)
(1.16137e-38 7.12801e-38 0)
(6.00113e-39 1.03328e-38 0)
(1.01322e-39 1.39397e-39 0)
(1.5065e-40 1.53667e-40 0)
(1.76076e-41 1.62354e-41 0)
(1.94393e-42 1.53205e-42 0)
(1.89289e-43 1.39011e-43 0)
(1.76043e-44 1.16838e-44 0)
(1.50806e-45 9.45944e-46 0)
(1.23981e-46 7.21229e-47 0)
(9.57593e-48 5.4205e-48 0)
(7.1887e-49 4.96671e-49 0)
(5.79997e-50 5.22031e-50 0)
(5.10392e-51 7.39216e-51 0)
(5.81929e-52 9.49841e-52 0)
(6.70262e-53 1.24371e-52 0)
(8.26056e-54 1.4137e-53 0)
(1.04006e-54 1.54644e-54 0)
(2.44484e-54 3.22707e-55 0)
(4.29422e-53 3.23929e-54 0)
(7.64878e-52 5.909e-53 0)
(1.32922e-50 1.05419e-51 0)
(2.24353e-49 1.8348e-50 0)
(3.68926e-48 3.10175e-49 0)
(5.87184e-47 5.10961e-48 0)
(9.09516e-46 8.14749e-47 0)
(1.35711e-44 1.26474e-45 0)
(1.96942e-43 1.89137e-44 0)
(2.73438e-42 2.75224e-43 0)
(3.69377e-41 3.83233e-42 0)
(4.72443e-40 5.19746e-41 0)
(5.89559e-39 6.68192e-40 0)
(6.84812e-38 8.41966e-39 0)
(7.8236e-37 9.97812e-38 0)
(8.0677e-36 1.19491e-36 0)
(8.3396e-35 1.37505e-35 0)
(7.27859e-34 1.73952e-34 0)
(6.61332e-33 2.16128e-33 0)
(4.11997e-32 2.797e-32 0)
(2.88734e-31 2.81458e-31 0)
(3.0738e-36 -1.57852e-35 0)
(-1.51659e-36 -2.18322e-36 0)
(-2.2284e-37 -1.30795e-37 0)
(-2.13157e-38 9.36732e-39 0)
(-4.15327e-40 5.4117e-39 0)
(3.50335e-40 9.18722e-40 0)
(7.33264e-41 1.36364e-40 0)
(1.20222e-41 1.59063e-41 0)
(1.48312e-42 1.75258e-42 0)
(1.69823e-43 1.70406e-43 0)
(1.69872e-44 1.58282e-44 0)
(1.61183e-45 1.35459e-45 0)
(1.40351e-46 1.11278e-46 0)
(1.16874e-47 8.59545e-48 0)
(9.13376e-49 6.45885e-49 0)
(6.896e-50 5.22982e-50 0)
(5.31023e-51 4.6217e-51 0)
(4.27615e-52 5.28426e-52 0)
(4.16553e-53 6.08961e-53 0)
(4.29819e-54 7.49112e-54 0)
(5.01033e-55 8.29026e-55 0)
(2.56123e-55 8.3309e-56 0)
(3.82451e-54 -9.89182e-56 0)
(6.993e-53 -2.01463e-54 0)
(1.24694e-51 -3.68757e-53 0)
(2.16908e-50 -6.57025e-52 0)
(3.66475e-49 -1.1419e-50 0)
(6.03321e-48 -1.92756e-49 0)
(9.61366e-47 -3.17e-48 0)
(1.49115e-45 -5.04601e-47 0)
(2.22804e-44 -7.8168e-46 0)
(3.23876e-43 -1.16643e-44 0)
(4.50422e-42 -1.69229e-43 0)
(6.09765e-41 -2.34661e-42 0)
(7.81503e-40 -3.15417e-41 0)
(9.78001e-39 -3.96361e-40 0)
(1.13896e-37 -4.66283e-39 0)
(1.30637e-36 -4.37483e-38 0)
(1.35172e-35 -1.66271e-37 0)
(1.40569e-34 8.08547e-36 0)
(1.23267e-33 3.16286e-34 0)
(1.13179e-32 7.87665e-33 0)
(7.10367e-32 1.46695e-31 0)
(5.10023e-31 2.07535e-30 0)
(3.10604e-37 -1.4172e-36 0)
(-1.5388e-37 -2.09124e-37 0)
(-2.32971e-38 -1.96466e-38 0)
(-3.01553e-39 -3.60273e-40 0)
(-1.90738e-40 3.22577e-40 0)
(1.04251e-41 6.69668e-41 0)
(4.45661e-42 1.09172e-41 0)
(8.78561e-43 1.34266e-42 0)
(1.174e-43 1.53365e-43 0)
(1.4139e-44 1.5316e-44 0)
(1.462e-45 1.45133e-45 0)
(1.42153e-46 1.2625e-46 0)
(1.2607e-47 1.05046e-47 0)
(1.06493e-48 8.20744e-49 0)
(8.42133e-50 6.19842e-50 0)
(6.40501e-51 4.78219e-51 0)
(4.81641e-52 3.86177e-52 0)
(3.66895e-53 3.77304e-53 0)
(3.14908e-54 3.8983e-54 0)
(2.8917e-55 4.44728e-55 0)
(3.0185e-56 4.65336e-56 0)
(9.08001e-57 -1.41058e-56 0)
(1.13964e-55 -3.6646e-55 0)
(2.08202e-54 -6.88014e-54 0)
(3.71395e-53 -1.26001e-52 0)
(6.46346e-52 -2.24712e-51 0)
(1.09254e-50 -3.90959e-50 0)
(1.79959e-49 -6.60664e-49 0)
(2.86913e-48 -1.08786e-47 0)
(4.45311e-47 -1.73383e-46 0)
(6.65805e-46 -2.68992e-45 0)
(9.68609e-45 -4.0201e-44 0)
(1.34812e-43 -5.8443e-43 0)
(1.82687e-42 -8.12451e-42 0)
(2.34366e-41 -1.0974e-40 0)
(2.93682e-40 -1.39451e-39 0)
(3.42431e-39 -1.69585e-38 0)
(3.93478e-38 -1.7917e-37 0)
(4.07774e-37 -1.46439e-36 0)
(4.25204e-36 2.31384e-36 0)
(3.73654e-35 4.4097e-34 0)
(3.44635e-34 1.31198e-32 0)
(2.16999e-33 2.57468e-31 0)
(1.57362e-32 3.78386e-30 0)
(2.58983e-38 -1.41132e-37 0)
(-1.2736e-38 -2.12566e-38 0)
(-2.00942e-39 -2.70808e-39 0)
(-3.01703e-40 -1.67306e-40 0)
(-2.46386e-41 1.02112e-41 0)
(-5.50811e-43 4.10989e-42 0)
(2.07692e-43 8.00736e-43 0)
(5.52799e-44 1.06522e-43 0)
(8.13618e-45 1.27905e-44 0)
(1.03414e-45 1.32014e-45 0)
(1.10635e-46 1.28175e-46 0)
(1.1018e-47 1.13556e-47 0)
(9.94983e-49 9.58401e-49 0)
(8.52132e-50 7.57563e-50 0)
(6.816e-51 5.76128e-51 0)
(5.22574e-52 4.3362e-52 0)
(3.89764e-53 3.30849e-53 0)
(2.88984e-54 2.84637e-54 0)
(2.29607e-55 2.61851e-55 0)
(1.87496e-56 2.70531e-56 0)
(-8.74696e-57 2.40353e-57 0)
(-2.02726e-55 -6.27436e-57 0)
(-3.80389e-54 -1.25794e-55 0)
(-6.96542e-53 -2.3575e-54 0)
(-1.24205e-51 -4.31411e-53 0)
(-2.1606e-50 -7.68767e-52 0)
(-3.65048e-49 -1.33631e-50 0)
(-6.00981e-48 -2.25606e-49 0)
(-9.5765e-47 -3.71084e-48 0)
(-1.48541e-45 -5.90783e-47 0)
(-2.21949e-44 -9.1535e-46 0)
(-3.22639e-43 -1.36613e-44 0)
(-4.48708e-42 -1.9825e-43 0)
(-6.07456e-41 -2.74996e-42 0)
(-7.78554e-40 -3.69924e-41 0)
(-9.74333e-39 -4.65844e-40 0)
(-1.1347e-37 -5.51811e-39 0)
(-1.30153e-36 -5.31931e-38 0)
(-1.34672e-35 -2.58097e-37 0)
(-1.40058e-34 7.624e-36 0)
(-1.2282e-33 3.23229e-34 0)
(-1.12784e-32 8.20058e-33 0)
(-7.07923e-32 1.53638e-31 0)
(-5.08494e-31 2.18308e-30 0)
(2.23208e-39 -1.16819e-38 0)
(-1.0844e-39 -1.82796e-39 0)
(-1.74244e-40 -2.71116e-40 0)
(-2.95357e-41 -2.18728e-41 0)
(-2.79902e-42 -4.35879e-43 0)
(-1.7142e-43 1.94509e-43 0)
(2.25522e-45 5.0587e-44 0)
(2.87443e-45 7.40116e-45 0)
(5.09271e-46 9.37491e-46 0)
(7.04258e-47 1.00099e-46 0)
(7.89277e-48 9.9541e-48 0)
(8.10695e-49 8.97972e-49 0)
(7.48106e-50 7.68408e-50 0)
(6.51075e-51 6.14321e-51 0)
(5.27314e-52 4.70872e-52 0)
(4.07968e-53 3.51326e-53 0)
(3.03738e-54 2.60623e-54 0)
(2.21981e-55 2.07474e-55 0)
(1.67325e-56 1.83013e-56 0)
(9.15182e-58 1.85222e-57 0)
(-6.84289e-57 6.24602e-58 0)
(-1.33352e-55 8.38313e-57 0)
(-2.49833e-54 1.60738e-55 0)
(-4.57094e-53 3.01523e-54 0)
(-8.14366e-52 5.52491e-53 0)
(-1.41525e-50 9.85872e-52 0)
(-2.38876e-49 1.71635e-50 0)
(-3.92807e-48 2.90233e-49 0)
(-6.25188e-47 4.78278e-48 0)
(-9.68366e-46 7.6291e-47 0)
(-1.44488e-44 1.18478e-45 0)
(-2.0967e-43 1.77256e-44 0)
(-2.91092e-42 2.58074e-43 0)
(-3.93197e-41 3.59546e-42 0)
(-5.02857e-40 4.87976e-41 0)
(-6.27438e-39 6.27869e-40 0)
(-7.28685e-38 7.92329e-39 0)
(-8.32329e-37 9.41434e-38 0)
(-8.58053e-36 1.13394e-36 0)
(-8.86735e-35 1.32024e-35 0)
(-7.73569e-34 1.70116e-34 0)
(-7.02681e-33 2.16394e-33 0)
(-4.37495e-32 2.84813e-32 0)
(-3.06722e-31 2.90895e-31 0)
(-4.60708e-35 2.07757e-30 0)
(1.30933e-40 -1.22881e-39 0)
(-6.31598e-41 -1.96604e-40 0)
(-1.03702e-41 -3.35005e-41 0)
(-1.85933e-42 -3.2144e-42 0)
(-1.87881e-43 -2.07927e-43 0)
(-1.41441e-44 3.46438e-46 0)
(-3.68441e-46 2.93198e-45 0)
(1.1056e-46 5.39135e-46 0)
(2.42142e-47 7.56144e-47 0)
(3.60507e-48 8.53644e-48 0)
(4.19209e-49 8.8082e-49 0)
(4.40643e-50 8.15403e-50 0)
(4.13147e-51 7.11261e-51 0)
(3.63726e-52 5.77125e-52 0)
(2.97244e-53 4.46874e-53 0)
(2.3154e-54 3.3148e-54 0)
(1.73367e-55 2.22159e-55 0)
(1.45621e-56 1.7757e-56 0)
(1.15508e-57 1.96886e-56 0)
(-8.89841e-58 4.18715e-57 0)
(-1.4909e-57 1.24846e-57 0)
(-2.48345e-56 6.19323e-57 0)
(-4.63182e-55 1.16248e-55 0)
(-8.44918e-54 2.17783e-54 0)
(-1.50058e-52 3.98548e-53 0)
(-2.59824e-51 7.10249e-52 0)
(-4.36848e-50 1.23469e-50 0)
(-7.15054e-49 2.08472e-49 0)
(-1.13258e-47 3.42949e-48 0)
(-1.74401e-46 5.46081e-47 0)
(-2.5863e-45 8.4628e-46 0)
(-3.72448e-44 1.26347e-44 0)
(-5.13011e-43 1.83473e-43 0)
(-6.85891e-42 2.54929e-42 0)
(-8.68037e-41 3.44692e-41 0)
(-1.06771e-39 4.41399e-40 0)
(-1.22227e-38 5.51838e-39 0)
(-1.36702e-37 6.43204e-38 0)
(-1.38027e-36 7.40084e-37 0)
(-1.37952e-35 7.75908e-36 0)
(-1.16558e-34 8.28257e-35 0)
(-9.9779e-34 7.72985e-34 0)
(-5.88609e-33 7.60653e-33 0)
(-3.59069e-32 5.41948e-32 0)
(-5.61505e-36 3.69206e-31 0)
(-5.09387e-40 -3.12603e-39 0)
(2.4483e-40 -4.98893e-40 0)
(4.04231e-41 -8.43046e-41 0)
(7.42933e-42 -8.01758e-42 0)
(7.70879e-43 -5.0283e-43 0)
(6.2749e-44 3.86471e-45 0)
(2.46459e-45 7.77937e-45 0)
(-2.99278e-46 1.39977e-45 0)
(-8.02479e-47 1.94686e-46 0)
(-1.26059e-47 2.18799e-47 0)
(-1.50092e-48 2.25123e-48 0)
(-1.60023e-49 2.07976e-49 0)
(-1.51422e-50 1.81149e-50 0)
(-1.34196e-51 1.46792e-51 0)
(-1.10208e-52 1.13049e-52 0)
(-8.60552e-54 8.12743e-54 0)
(-6.25744e-55 1.76482e-55 0)
(-2.9706e-57 3.61266e-56 0)
(1.65599e-57 3.88521e-55 0)
(-1.95724e-56 8.53366e-56 0)
(-4.61407e-57 1.96123e-56 0)
(-5.58372e-57 4.06789e-57 0)
(-8.55709e-56 2.22619e-56 0)
(-1.5585e-54 4.08268e-55 0)
(-2.76756e-53 7.44794e-54 0)
(-4.78963e-52 1.32302e-52 0)
(-8.04581e-51 2.29132e-51 0)
(-1.31514e-49 3.85345e-50 0)
(-2.07906e-48 6.30942e-49 0)
(-3.19308e-47 9.99696e-48 0)
(-4.71937e-46 1.54001e-46 0)
(-6.76679e-45 2.28483e-45 0)
(-9.26994e-44 3.2921e-44 0)
(-1.23087e-42 4.5374e-43 0)
(-1.54425e-41 6.07099e-42 0)
(-1.87891e-40 7.69044e-41 0)
(-2.12072e-39 9.47121e-40 0)
(-2.33058e-38 1.08636e-38 0)
(-2.29721e-37 1.2191e-37 0)
(-2.23034e-36 1.23957e-36 0)
(-1.80527e-35 1.25488e-35 0)
(-1.47782e-34 1.08892e-34 0)
(-8.08778e-34 9.64126e-34 0)
(-4.74518e-33 6.03802e-33 0)
(-6.84657e-37 3.67988e-32 0)
(-6.83806e-39 -3.60147e-38 0)
(3.31931e-39 -5.64736e-39 0)
(5.34465e-40 -8.50029e-40 0)
(9.11799e-41 -7.02169e-41 0)
(8.71919e-42 -1.88809e-42 0)
(5.52874e-43 5.25941e-43 0)
(-3.12037e-45 1.4634e-43 0)
(-8.3168e-45 2.17641e-44 0)
(-1.50668e-45 2.77982e-45 0)
(-2.10196e-46 2.98194e-46 0)
(-2.3659e-47 2.97484e-47 0)
(-2.437e-48 2.68963e-48 0)
(-2.25306e-49 2.30554e-49 0)
(-1.9637e-50 1.84512e-50 0)
(-1.59216e-51 1.40366e-51 0)
(-1.2309e-52 9.88443e-53 0)
(-8.81634e-54 -1.24094e-54 0)
(2.50145e-55 4.12212e-55 0)
(5.5829e-56 7.98272e-54 0)
(-4.1076e-55 1.74914e-54 0)
(-9.17831e-56 4.01252e-55 0)
(-2.18907e-56 6.01815e-56 0)
(-1.41032e-56 1.26334e-56 0)
(-1.99008e-55 7.69184e-56 0)
(-3.51994e-54 1.38532e-54 0)
(-6.07871e-53 2.46033e-53 0)
(-1.01871e-51 4.25881e-52 0)
(-1.66025e-50 7.15583e-51 0)
(-2.61615e-49 1.16998e-49 0)
(-4.00177e-48 1.85015e-48 0)
(-5.88867e-47 2.84251e-47 0)
(-8.39667e-46 4.20292e-46 0)
(-1.14339e-44 6.02904e-45 0)
(-1.50652e-43 8.26373e-44 0)
(-1.87441e-42 1.09793e-42 0)
(-2.25555e-41 1.37852e-41 0)
(-2.51549e-40 1.67876e-40 0)
(-2.71924e-39 1.8972e-39 0)
(-2.63189e-38 2.08846e-38 0)
(-2.49004e-37 2.06476e-37 0)
(-1.95688e-36 2.01399e-36 0)
(-1.53724e-35 1.64567e-35 0)
(-8.01748e-35 1.36307e-34 0)
(-4.44252e-34 7.64407e-34 0)
(9.58848e-37 4.51067e-33 0)
(-8.0019e-38 -4.34502e-37 0)
(3.92995e-38 -6.56954e-38 0)
(6.21408e-39 -8.52859e-39 0)
(9.47077e-40 -5.51542e-40 0)
(7.91686e-41 2.47166e-41 0)
(2.31166e-42 1.17675e-41 0)
(-5.58224e-43 2.35316e-42 0)
(-1.59821e-43 3.15925e-43 0)
(-2.39303e-44 3.81418e-44 0)
(-3.06805e-45 3.94951e-45 0)
(-3.29816e-46 3.84388e-46 0)
(-3.29553e-47 3.41124e-47 0)
(-2.98291e-48 2.88302e-48 0)
(-2.55935e-49 2.28018e-49 0)
(-2.05003e-50 1.71136e-50 0)
(-1.56949e-51 1.17083e-51 0)
(-1.09987e-52 -8.20028e-53 0)
(1.02448e-53 4.40516e-54 0)
(1.48703e-54 1.59687e-52 0)
(-8.44283e-54 3.488e-53 0)
(-1.88111e-54 8.00531e-54 0)
(-4.37352e-55 1.19428e-54 0)
(-6.69756e-56 1.71315e-55 0)
(-3.33972e-56 3.00145e-56 0)
(-4.26024e-55 1.83103e-55 0)
(-7.33378e-54 3.20908e-54 0)
(-1.22781e-52 5.54588e-53 0)
(-1.99823e-51 9.30249e-52 0)
(-3.1427e-50 1.51742e-50 0)
(-4.79543e-49 2.39366e-49 0)
(-7.03416e-48 3.66519e-48 0)
(-9.99138e-47 5.4005e-47 0)
(-1.35383e-45 7.70975e-46 0)
(-1.77344e-44 1.05161e-44 0)
(-2.18986e-43 1.38752e-43 0)
(-2.61242e-42 1.73022e-42 0)
(-2.87946e-41 2.08545e-41 0)
(-3.07264e-40 2.33338e-40 0)
(-2.91795e-39 2.52745e-39 0)
(-2.7074e-38 2.45982e-38 0)
(-2.0587e-37 2.33403e-37 0)
(-1.57366e-36 1.85607e-36 0)
(-7.69485e-36 1.4652e-35 0)
(-4.19138e-35 7.90281e-35 0)
(1.19759e-35 4.39419e-34 0)
(-9.571e-37 -4.43441e-36 0)
(4.73606e-37 -6.57098e-37 0)
(7.19889e-38 -6.52828e-38 0)
(9.49206e-39 -1.84555e-39 0)
(6.27061e-40 8.73644e-40 0)
(-2.47161e-41 1.91775e-40 0)
(-1.27456e-41 3.18994e-41 0)
(-2.58113e-42 3.95917e-42 0)
(-3.48147e-43 4.54909e-43 0)
(-4.21608e-44 4.56038e-44 0)
(-4.37382e-45 4.3338e-45 0)
(-4.26302e-46 3.77798e-46 0)
(-3.7872e-47 3.14891e-47 0)
(-3.20375e-48 2.46144e-48 0)
(-2.53627e-49 1.81389e-49 0)
(-1.9228e-50 1.17483e-50 0)
(-1.30475e-51 -2.38801e-51 0)
(2.68775e-52 3.39919e-53 0)
(3.39144e-53 3.12393e-51 0)
(-1.68934e-52 6.79473e-52 0)
(-3.75178e-53 1.5594e-52 0)
(-8.72572e-54 2.3207e-53 0)
(-1.30764e-54 3.31847e-54 0)
(-1.85911e-55 3.92806e-55 0)
(1.21124e-56 9.57865e-56 0)
(6.26035e-55 9.47646e-55 0)
(1.12617e-53 1.6548e-53 0)
(1.9499e-52 2.82359e-52 0)
(3.29499e-51 4.67976e-51 0)
(5.35224e-50 7.52688e-50 0)
(8.48637e-49 1.17239e-48 0)
(1.28393e-47 1.76706e-47 0)
(1.89818e-46 2.56923e-46 0)
(2.6487e-45 3.60204e-45 0)
(3.62202e-44 4.84537e-44 0)
(4.59662e-43 6.25773e-43 0)
(5.75276e-42 7.69276e-42 0)
(6.49888e-41 9.03115e-41 0)
(7.33495e-40 9.96281e-40 0)
(7.11136e-39 1.04283e-38 0)
(7.07626e-38 1.00165e-37 0)
(5.46463e-37 9.05946e-37 0)
(4.59282e-36 7.12487e-36 0)
(2.27588e-35 5.21804e-35 0)
(1.43562e-34 2.78224e-34 0)
(-9.63665e-36 -4.89351e-35 0)
(4.74729e-36 -6.82086e-36 0)
(7.00917e-37 -4.44089e-37 0)
(7.09353e-38 2.20933e-38 0)
(2.09101e-39 1.55616e-38 0)
(-9.46745e-40 2.69518e-39 0)
(-2.09851e-40 4.0403e-40 0)
(-3.51196e-41 4.73618e-41 0)
(-4.37283e-42 5.23684e-42 0)
(-5.03696e-43 5.10375e-43 0)
(-5.0578e-44 4.74946e-44 0)
(-4.81299e-45 4.07021e-45 0)
(-4.19995e-46 3.34751e-46 0)
(-3.50398e-47 2.58382e-47 0)
(-2.74219e-48 1.85388e-48 0)
(-2.05751e-49 1.08204e-49 0)
(-1.3125e-50 -5.33171e-50 0)
(6.13419e-51 1.14518e-52 0)
(7.18637e-52 5.92657e-50 0)
(-3.30598e-51 1.28333e-50 0)
(-7.31014e-52 2.94361e-51 0)
(-1.70004e-52 4.36953e-52 0)
(-2.54143e-53 6.24555e-53 0)
(-3.6139e-54 7.34337e-54 0)
(1.90421e-55 1.05659e-54 0)
(1.09452e-53 4.46386e-54 0)
(1.89876e-52 7.78481e-53 0)
(3.18275e-51 1.3473e-51 0)
(5.18854e-50 2.26367e-50 0)
(8.17825e-49 3.701e-49 0)
(1.25149e-47 5.85269e-48 0)
(1.84234e-46 8.99225e-47 0)
(2.62852e-45 1.32973e-45 0)
(3.58138e-44 1.90776e-44 0)
(4.72265e-43 2.61551e-43 0)
(5.88057e-42 3.47608e-42 0)
(7.08461e-41 4.36633e-41 0)
(7.90991e-40 5.32026e-40 0)
(8.56506e-39 6.01704e-39 0)
(8.30329e-38 6.6303e-38 0)
(7.87525e-37 6.56379e-37 0)
(6.20369e-36 6.41454e-36 0)
(4.89026e-35 5.25431e-35 0)
(2.55828e-34 4.36681e-34 0)
(1.42215e-33 2.45791e-33 0)
(-1.051e-34 -4.06017e-34 0)
(4.91992e-35 -5.53942e-35 0)
(6.63895e-36 -4.9547e-37 0)
(4.15642e-37 7.00666e-37 0)
(-2.81827e-38 2.03942e-37 0)
(-1.72545e-38 3.00798e-38 0)
(-2.97169e-39 4.09827e-39 0)
(-4.46297e-40 4.54372e-40 0)
(-5.24228e-41 4.82066e-41 0)
(-5.80831e-42 4.56264e-42 0)
(-5.66911e-43 4.14979e-43 0)
(-5.28228e-44 3.49428e-44 0)
(-4.53132e-45 2.83345e-45 0)
(-3.73064e-46 2.1549e-46 0)
(-2.88405e-47 1.45724e-47 0)
(-2.13819e-48 5.93489e-49 0)
(-1.21396e-49 -1.08629e-48 0)
(1.25352e-49 -4.25228e-51 0)
(1.41648e-50 1.09894e-48 0)
(-6.27446e-50 2.36622e-49 0)
(-1.38102e-50 5.42107e-50 0)
(-3.20979e-51 8.02047e-51 0)
(-4.78618e-52 1.14535e-51 0)
(-6.84021e-53 1.3425e-52 0)
(-3.18711e-54 1.61488e-53 0)
(8.5944e-53 2.35774e-53 0)
(1.5032e-51 3.92669e-52 0)
(2.52587e-50 6.79823e-51 0)
(4.12991e-49 1.14337e-49 0)
(6.5309e-48 1.87237e-48 0)
(1.00344e-46 2.96737e-47 0)
(1.48371e-45 4.57277e-46 0)
(2.12858e-44 6.78753e-45 0)
(2.91763e-43 9.78601e-44 0)
(3.87702e-42 1.34985e-42 0)
(4.86788e-41 1.80798e-41 0)
(5.92929e-40 2.29327e-40 0)
(6.69955e-39 2.82912e-39 0)
(7.37446e-38 3.25224e-38 0)
(7.28016e-37 3.66034e-37 0)
(7.08596e-36 3.73724e-36 0)
(5.74869e-35 3.8043e-35 0)
(4.72413e-34 3.32881e-34 0)
(2.59284e-33 2.97381e-33 0)
(1.52898e-32 1.88645e-32 0)
(-8.50064e-34 -4.18239e-33 0)
(3.08279e-34 -5.03502e-34 0)
(3.60564e-35 2.51642e-35 0)
(-1.74189e-36 1.07235e-35 0)
(-9.16221e-37 2.41939e-36 0)
(-2.31995e-37 3.22388e-37 0)
(-3.35115e-38 4.11726e-38 0)
(-4.54907e-39 4.35633e-39 0)
(-5.04583e-40 4.47176e-40 0)
(-5.36149e-41 4.11928e-41 0)
(-5.08134e-42 3.67163e-42 0)
(-4.62728e-43 3.03784e-43 0)
(-3.90034e-44 2.42959e-44 0)
(-3.16691e-45 1.81223e-45 0)
(-2.415e-46 1.08438e-46 0)
(-1.76031e-47 -1.58529e-49 0)
(-6.77235e-49 -2.01796e-47 0)
(2.43399e-48 -1.23449e-49 0)
(2.68338e-49 1.96677e-47 0)
(-1.16404e-48 4.21145e-48 0)
(-2.54715e-49 9.63127e-49 0)
(-5.91274e-50 1.4201e-49 0)
(-8.78726e-51 2.02542e-50 0)
(-1.2582e-51 2.36857e-51 0)
(-1.22771e-52 2.69977e-52 0)
(4.29272e-52 1.45364e-52 0)
(7.71674e-51 2.12977e-51 0)
(1.29779e-49 3.70035e-50 0)
(2.1246e-48 6.25168e-49 0)
(3.36592e-47 1.02919e-47 0)
(5.18485e-46 1.63999e-46 0)
(7.69243e-45 2.54383e-45 0)
(1.10846e-43 3.80126e-44 0)
(1.52799e-42 5.52623e-43 0)
(2.045e-41 7.68699e-42 0)
(2.59138e-40 1.04091e-40 0)
(3.19272e-39 1.33484e-39 0)
(3.66251e-38 1.67228e-38 0)
(4.10712e-37 1.95307e-37 0)
(4.16134e-36 2.25482e-36 0)
(4.17677e-35 2.37282e-35 0)
(3.54966e-34 2.55039e-34 0)
(3.0572e-33 2.4002e-33 0)
(1.81924e-32 2.39065e-32 0)
(1.11465e-31 1.72372e-31 0)
(-8.55947e-33 -2.42064e-32 0)
(1.34181e-33 -2.89819e-33 0)
(1.69601e-35 4.36299e-34 0)
(-7.54547e-35 1.02973e-34 0)
(-1.48175e-35 1.86082e-35 0)
(-2.82177e-36 2.23648e-36 0)
(-3.63071e-37 2.6225e-37 0)
(-4.59353e-38 2.62408e-38 0)
(-4.85429e-39 2.574e-39 0)
(-4.98771e-40 2.29525e-40 0)
(-4.60015e-41 1.99259e-41 0)
(-4.10526e-42 1.61595e-42 0)
(-3.40035e-43 1.27081e-43 0)
(-2.72462e-44 9.05223e-45 0)
(-2.04246e-45 2.33176e-46 0)
(-1.45037e-46 -1.18339e-46 0)
(-8.2433e-50 -3.60812e-46 0)
(4.4397e-47 -2.63723e-48 0)
(4.83037e-48 3.44095e-46 0)
(-2.08441e-47 7.31611e-47 0)
(-4.53509e-48 1.66881e-47 0)
(-1.05077e-48 2.44966e-48 0)
(-1.55625e-49 3.48708e-49 0)
(-2.22716e-50 4.066e-50 0)
(-2.47324e-51 4.52226e-51 0)
(2.15223e-51 5.28379e-52 0)
(4.24538e-50 1.51231e-51 0)
(7.17475e-49 2.56296e-50 0)
(1.18065e-47 4.33808e-49 0)
(1.88045e-46 7.15774e-48 0)
(2.91519e-45 1.14318e-46 0)
(4.35346e-44 1.77797e-45 0)
(6.32437e-43 2.66395e-44 0)
(8.78976e-42 3.88576e-43 0)
(1.18899e-40 5.42391e-42 0)
(1.52265e-39 7.38269e-41 0)
(1.90358e-38 9.53886e-40 0)
(2.21464e-37 1.21507e-38 0)
(2.53667e-36 1.47511e-37 0)
(2.6212e-35 1.86832e-36 0)
(2.72042e-34 2.4116e-35 0)
(2.38093e-33 3.58389e-34 0)
(2.17863e-32 5.34997e-33 0)
(1.36256e-31 7.76278e-32 0)
(9.70601e-31 8.59763e-31 0)
(-4.40531e-32 -2.61299e-31 0)
(-3.30166e-32 -2.18963e-32 0)
(-5.21273e-33 5.01877e-33 0)
(-1.17315e-33 8.77667e-34 0)
(-1.55379e-34 1.46248e-34 0)
(-2.26557e-35 1.63284e-35 0)
(-2.57116e-36 1.84805e-36 0)
(-2.95905e-37 1.77968e-37 0)
(-2.94913e-38 1.70584e-38 0)
(-2.89369e-39 1.48428e-39 0)
(-2.58356e-40 1.26703e-40 0)
(-2.24612e-41 1.00984e-41 0)
(-1.82435e-42 7.82891e-43 0)
(-1.44099e-43 5.04076e-44 0)
(-1.04303e-44 -3.46472e-45 0)
(-6.77544e-46 -2.48118e-45 0)
(1.2787e-46 -6.08508e-45 0)
(7.85605e-46 -4.58104e-47 0)
(8.44819e-47 5.77322e-45 0)
(-3.64924e-46 1.21939e-45 0)
(-7.88175e-47 2.77192e-46 0)
(-1.82127e-47 4.05061e-47 0)
(-2.68526e-48 5.75219e-48 0)
(-3.8366e-49 6.68769e-49 0)
(-4.47104e-50 7.41837e-50 0)
(-2.91488e-51 7.08456e-51 0)
(3.56051e-50 -3.3915e-51 0)
(6.10073e-49 -7.08973e-50 0)
(1.00486e-47 -1.199e-48 0)
(1.60188e-46 -1.9742e-47 0)
(2.4859e-45 -3.1463e-46 0)
(3.71617e-44 -4.88099e-45 0)
(5.40533e-43 -7.29412e-44 0)
(7.5216e-42 -1.06033e-42 0)
(1.01905e-40 -1.47389e-41 0)
(1.30695e-39 -1.99069e-40 0)
(1.63728e-38 -2.52931e-39 0)
(1.90831e-37 -3.07557e-38 0)
(2.19205e-36 -3.24843e-37 0)
(2.27043e-35 -2.65342e-36 0)
(2.36654e-34 4.25858e-36 0)
(2.07787e-33 8.00924e-34 0)
(1.91574e-32 2.3815e-32 0)
(1.20424e-31 4.67186e-31 0)
(8.73136e-31 6.86372e-30 0)
(-4.26523e-31 -4.99172e-31 0)
(-4.9206e-31 -5.10709e-32 0)
(-5.33389e-32 -3.53928e-33 0)
(-1.1075e-32 -1.84612e-34 0)
(-1.28022e-33 -6.46045e-36 0)
(-1.77224e-34 -6.84874e-38 0)
(-1.88445e-35 1.73948e-38 0)
(-2.09829e-36 2.23384e-39 0)
(-2.01473e-37 2.16336e-40 0)
(-1.9325e-38 1.79817e-41 0)
(-1.68422e-39 1.43949e-42 0)
(-1.44015e-40 8.65541e-44 0)
(-1.15039e-41 -2.06693e-44 0)
(-9.00917e-43 -1.20925e-43 0)
(-6.08037e-44 -1.24614e-43 0)
(-3.05634e-45 -4.49915e-44 0)
(2.70564e-45 -1.00182e-43 0)
(1.32191e-44 -7.57228e-46 0)
(1.41045e-45 9.48253e-44 0)
(-6.12712e-45 1.98515e-44 0)
(-1.31432e-45 4.49233e-45 0)
(-3.02629e-46 6.52525e-46 0)
(-4.44163e-47 9.23554e-47 0)
(-6.33073e-48 1.06946e-47 0)
(-7.37627e-49 1.18377e-48 0)
(-8.40364e-50 1.16154e-49 0)
(-4.41866e-50 6.83968e-51 0)
(-6.10887e-49 -7.00151e-50 0)
(-1.00488e-47 -1.19897e-48 0)
(-1.60189e-46 -1.97427e-47 0)
(-2.48592e-45 -3.14641e-46 0)
(-3.7162e-44 -4.88115e-45 0)
(-5.40538e-43 -7.29436e-44 0)
(-7.52166e-42 -1.06036e-42 0)
(-1.01906e-40 -1.47394e-41 0)
(-1.30696e-39 -1.99074e-40 0)
(-1.63729e-38 -2.52937e-39 0)
(-1.90832e-37 -3.07564e-38 0)
(-2.19206e-36 -3.2485e-37 0)
(-2.27044e-35 -2.65349e-36 0)
(-2.36654e-34 4.2579e-36 0)
(-2.07788e-33 8.00919e-34 0)
(-1.91574e-32 2.38149e-32 0)
(-1.20424e-31 4.67185e-31 0)
(-8.73136e-31 6.86372e-30 0)
(-1.99124e-32 -2.8005e-31 0)
(-4.54128e-32 -3.53424e-32 0)
(-6.80501e-33 -9.12701e-33 0)
(-1.45433e-33 -1.1011e-33 0)
(-1.85307e-34 -1.55275e-34 0)
(-2.61852e-35 -1.65638e-35 0)
(-2.90802e-36 -1.84342e-36 0)
(-3.29004e-37 -1.76726e-37 0)
(-3.23729e-38 -1.69209e-38 0)
(-3.14377e-39 -1.4707e-39 0)
(-2.78517e-40 -1.25402e-40 0)
(-2.40898e-41 -1.03136e-41 0)
(-2.05498e-42 -1.21552e-42 0)
(-2.59566e-43 -1.94846e-42 0)
(7.39384e-44 -1.94465e-42 0)
(2.64669e-44 -6.9632e-43 0)
(4.92697e-44 -1.56222e-42 0)
(2.17428e-43 -1.15798e-44 0)
(2.29775e-44 1.47984e-42 0)
(-1.00728e-43 3.07344e-43 0)
(-2.14096e-44 6.91499e-44 0)
(-4.90673e-45 9.98386e-45 0)
(-7.1578e-46 1.40741e-45 0)
(-1.01678e-46 1.62302e-46 0)
(-1.17977e-47 1.79174e-47 0)
(-1.31053e-48 1.75695e-48 0)
(-1.71235e-49 1.66022e-49 0)
(-7.29626e-49 3.98149e-50 0)
(-1.18084e-47 4.3458e-49 0)
(-1.88059e-46 7.15147e-48 0)
(-2.9154e-45 1.1422e-46 0)
(-4.35376e-44 1.77653e-45 0)
(-6.32476e-43 2.66189e-44 0)
(-8.79028e-42 3.88295e-43 0)
(-1.18906e-40 5.42019e-42 0)
(-1.52273e-39 7.37803e-41 0)
(-1.90367e-38 9.53323e-40 0)
(-2.21473e-37 1.21444e-38 0)
(-2.53676e-36 1.47442e-37 0)
(-2.62129e-35 1.86764e-36 0)
(-2.72048e-34 2.41096e-35 0)
(-2.38098e-33 3.58337e-34 0)
(-2.17866e-32 5.34956e-33 0)
(-1.36257e-31 7.76255e-32 0)
(-9.70603e-31 8.59751e-31 0)
(5.76124e-33 -2.50958e-32 0)
(-6.01047e-33 -4.2652e-33 0)
(-9.5685e-34 -1.15076e-33 0)
(-2.49313e-34 -1.55833e-34 0)
(-3.35896e-35 -2.26847e-35 0)
(-5.05095e-36 -2.54117e-36 0)
(-5.77642e-37 -2.88299e-37 0)
(-6.71111e-38 -2.8375e-38 0)
(-6.70613e-39 -2.70541e-39 0)
(-6.63267e-40 -2.11107e-40 0)
(-6.16563e-41 -1.5194e-41 0)
(-6.03738e-42 -5.76036e-42 0)
(-2.20836e-42 -6.67987e-42 0)
(-1.70966e-42 -2.89087e-41 0)
(1.33064e-42 -2.9656e-41 0)
(4.21841e-43 -1.05408e-41 0)
(7.63233e-43 -2.39296e-41 0)
(3.39198e-42 -1.7267e-43 0)
(3.55502e-43 2.26921e-41 0)
(-1.57348e-42 4.65925e-42 0)
(-3.31694e-43 1.04067e-42 0)
(-7.55669e-44 1.49014e-43 0)
(-1.09565e-44 2.08951e-44 0)
(-1.5501e-45 2.39584e-45 0)
(-1.79108e-46 2.63504e-46 0)
(-1.98064e-47 2.57379e-47 0)
(-1.95198e-48 2.40671e-48 0)
(-3.12511e-49 2.4399e-49 0)
(-2.14751e-48 6.39076e-49 0)
(-3.37701e-47 1.02424e-47 0)
(-5.20101e-46 1.63218e-46 0)
(-7.71553e-45 2.53225e-45 0)
(-1.11162e-43 3.78459e-44 0)
(-1.53216e-42 5.5033e-43 0)
(-2.05021e-41 7.65643e-42 0)
(-2.59767e-40 1.03706e-40 0)
(-3.19979e-39 1.33013e-39 0)
(-3.67018e-38 1.66691e-38 0)
(-4.11463e-37 1.94714e-37 0)
(-4.16849e-36 2.2489e-36 0)
(-4.18253e-35 2.36704e-35 0)
(-3.55424e-34 2.5456e-34 0)
(-3.05981e-33 2.39625e-33 0)
(-1.82079e-32 2.38835e-32 0)
(-1.11495e-31 1.72237e-31 0)
(2.44254e-33 4.97386e-33 0)
(-1.38041e-33 6.03029e-34 0)
(-2.2392e-34 -1.31247e-35 0)
(-5.04253e-35 -9.78395e-36 0)
(-6.4894e-36 -2.33495e-36 0)
(-9.12018e-37 -3.15784e-37 0)
(-1.01087e-37 -4.18367e-38 0)
(-1.11898e-38 -4.41264e-39 0)
(-1.06661e-39 2.50327e-40 0)
(-1.54362e-40 4.26259e-40 0)
(-5.02672e-41 7.93501e-41 0)
(-1.45356e-41 -5.80826e-41 0)
(-2.76805e-41 -9.28261e-41 0)
(-2.57079e-41 -4.13949e-40 0)
(2.0497e-41 -4.24653e-40 0)
(6.3888e-42 -1.49747e-40 0)
(1.15546e-41 -3.43361e-40 0)
(5.19527e-41 -2.41074e-42 0)
(5.37727e-42 3.2595e-40 0)
(-2.41578e-41 6.6275e-41 0)
(-5.03256e-42 1.4664e-41 0)
(-1.13792e-42 2.08251e-42 0)
(-1.63613e-43 2.90153e-43 0)
(-2.30241e-44 3.30743e-44 0)
(-2.64507e-45 3.62207e-45 0)
(-2.91398e-46 3.52393e-46 0)
(-2.84958e-47 3.28322e-47 0)
(-2.69353e-48 2.82766e-48 0)
(-6.99814e-49 3.31619e-49 0)
(-7.42838e-48 1.64669e-48 0)
(-1.13368e-46 2.59125e-47 0)
(-1.67095e-45 4.01292e-46 0)
(-2.38605e-44 5.97868e-45 0)
(-3.26059e-43 8.66662e-44 0)
(-4.30951e-42 1.19955e-42 0)
(-5.39608e-41 1.61646e-41 0)
(-6.52985e-40 2.05635e-40 0)
(-7.3625e-39 2.55509e-39 0)
(-8.03581e-38 2.94342e-38 0)
(-7.92638e-37 3.3433e-37 0)
(-7.62344e-36 3.41718e-36 0)
(-6.1977e-35 3.52578e-35 0)
(-4.99983e-34 3.08759e-34 0)
(-2.77656e-33 2.82188e-33 0)
(-1.58174e-32 1.79326e-32 0)
(1.52471e-32 5.00593e-32 0)
(-7.83302e-33 7.30781e-33 0)
(-1.01818e-33 6.60526e-34 0)
(-1.81421e-34 4.35231e-35 0)
(-1.94989e-35 2.63884e-36 0)
(-2.32412e-36 1.51483e-37 0)
(-2.24243e-37 -8.07992e-39 0)
(-2.00877e-38 -8.19861e-40 0)
(-1.32146e-39 9.90561e-39 0)
(-8.48777e-40 6.62041e-39 0)
(-5.94719e-40 1.17141e-39 0)
(-1.92194e-40 -7.54585e-40 0)
(-3.92531e-40 -1.28493e-39 0)
(-3.66081e-40 -5.86324e-39 0)
(2.95712e-40 -6.01415e-39 0)
(9.0747e-41 -2.09466e-39 0)
(1.63708e-40 -4.87811e-39 0)
(7.43572e-40 -3.29542e-41 0)
(7.59097e-41 4.63753e-39 0)
(-3.4751e-40 9.28518e-40 0)
(-7.16584e-41 2.03073e-40 0)
(-1.60457e-41 2.85037e-41 0)
(-2.28797e-42 3.93894e-42 0)
(-3.19897e-43 4.45318e-43 0)
(-3.65343e-44 4.84876e-44 0)
(-4.00757e-45 4.69069e-45 0)
(-3.90331e-46 4.35273e-46 0)
(-3.64218e-47 3.72624e-47 0)
(-3.45961e-48 2.99878e-48 0)
(-5.34886e-48 -7.95096e-49 0)
(-7.60818e-47 -1.5927e-47 0)
(-1.10181e-45 -2.36674e-46 0)
(-1.53188e-44 -3.42886e-45 0)
(-2.0608e-43 -4.73305e-44 0)
(-2.63986e-42 -6.39747e-43 0)
(-3.2667e-41 -8.1277e-42 0)
(-3.80284e-40 -1.01939e-40 0)
(-4.27418e-39 -1.17436e-39 0)
(-4.42962e-38 -1.36038e-38 0)
(-4.4431e-37 -1.38691e-37 0)
(-3.96119e-36 -1.47864e-36 0)
(-3.45332e-35 -1.26391e-35 0)
(-2.47319e-34 -1.22205e-34 0)
(-1.78921e-33 -7.12334e-34 0)
(-8.52659e-33 -5.7151e-33 0)
(1.36766e-32 5.96124e-31 0)
(-7.02181e-33 6.09871e-32 0)
(-8.92489e-34 4.22445e-33 0)
(-1.57246e-34 2.20107e-34 0)
(-1.66669e-35 8.01872e-36 0)
(-2.01413e-36 1.5963e-37 0)
(-1.95941e-37 -2.40771e-37 0)
(1.12271e-38 -2.00363e-38 0)
(7.28502e-39 1.28297e-37 0)
(-9.64465e-39 8.58463e-38 0)
(-7.99139e-39 1.49984e-38 0)
(-2.48682e-39 -9.88826e-39 0)
(-5.45067e-39 -1.64814e-38 0)
(-5.06444e-39 -7.60938e-38 0)
(4.24906e-39 -7.80094e-38 0)
(1.2689e-39 -2.68927e-38 0)
(2.26516e-39 -6.34377e-38 0)
(1.04504e-38 -4.11906e-40 0)
(1.03625e-39 6.03975e-38 0)
(-4.95517e-39 1.19446e-38 0)
(-1.0053e-39 2.57207e-39 0)
(-2.22401e-40 3.56818e-40 0)
(-3.13383e-41 4.88105e-41 0)
(-4.34548e-42 5.47176e-42 0)
(-4.92198e-43 5.9181e-43 0)
(-5.36792e-44 5.69229e-44 0)
(-5.19861e-45 5.25911e-45 0)
(-4.82965e-46 4.48569e-46 0)
(-4.2983e-47 3.67816e-47 0)
(-2.84556e-47 2.88689e-48 0)
(-3.75437e-46 9.45231e-49 0)
(-5.46283e-45 1.12458e-47 0)
(-7.61834e-44 1.65356e-46 0)
(-1.03303e-42 2.35943e-45 0)
(-1.32872e-41 3.21556e-44 0)
(-1.66515e-40 4.24117e-43 0)
(-1.94899e-39 5.28339e-42 0)
(-2.23748e-38 6.36761e-41 0)
(-2.33552e-37 7.11523e-40 0)
(-2.4337e-36 7.71068e-39 0)
(-2.1901e-35 7.4887e-38 0)
(-2.06042e-34 7.11762e-37 0)
(-1.49441e-33 5.63536e-36 0)
(-1.2919e-32 4.4667e-35 0)
(-6.29316e-32 2.37121e-34 0)
(-1.36655e-32 5.96172e-31 0)
(7.01604e-33 6.0995e-32 0)
(8.91475e-34 4.22471e-33 0)
(1.5756e-34 2.2016e-34 0)
(1.67434e-35 1.24423e-35 0)
(1.33177e-36 1.18645e-36 0)
(7.54469e-38 -2.90453e-36 0)
(3.99437e-37 -2.26291e-37 0)
(1.17057e-37 1.68476e-36 0)
(-1.17033e-37 1.11938e-36 0)
(-9.54349e-38 1.94045e-37 0)
(-2.34638e-38 -1.14654e-37 0)
(-6.24167e-38 -2.08129e-37 0)
(-5.88665e-38 -9.92005e-37 0)
(5.68185e-38 -1.01669e-36 0)
(1.62948e-38 -3.44227e-37 0)
(2.79242e-38 -8.30431e-37 0)
(1.30341e-37 -5.08841e-39 0)
(1.21293e-38 7.92266e-37 0)
(-6.47764e-38 1.5326e-37 0)
(-1.29597e-38 3.2391e-38 0)
(-2.82026e-39 4.41632e-39 0)
(-3.92682e-40 5.96509e-40 0)
(-5.3894e-41 6.607e-41 0)
(-6.05265e-42 7.08402e-42 0)
(-6.55687e-43 6.75759e-43 0)
(-6.31352e-44 6.2056e-44 0)
(-5.83861e-45 5.26283e-45 0)
(-4.98628e-46 4.29767e-46 0)
(-4.51642e-47 3.44579e-47 0)
(-6.67948e-47 2.42975e-47 0)
(-9.1915e-46 3.27529e-46 0)
(-1.27099e-44 4.77008e-45 0)
(-1.70537e-43 6.65779e-44 0)
(-2.17127e-42 9.03668e-43 0)
(-2.68328e-41 1.16362e-41 0)
(-3.10011e-40 1.46014e-40 0)
(-3.4896e-39 1.71154e-39 0)
(-3.58024e-38 1.96791e-38 0)
(-3.61959e-37 2.05653e-37 0)
(-3.18031e-36 2.14142e-36 0)
(-2.83798e-35 1.91175e-35 0)
(-1.98826e-34 1.75243e-34 0)
(-1.53535e-33 1.15319e-33 0)
(-7.11642e-33 8.19392e-33 0)
(-1.51401e-32 5.04913e-32 0)
(7.77284e-33 7.37984e-33 0)
(1.00795e-33 6.55182e-34 0)
(1.85315e-34 4.28322e-35 0)
(2.03319e-35 5.76232e-35 0)
(-5.35634e-36 1.28816e-35 0)
(-1.14264e-36 -3.33267e-35 0)
(4.82416e-36 -2.56444e-36 0)
(1.51215e-36 1.9423e-35 0)
(-1.26641e-36 1.28407e-35 0)
(-9.0548e-37 2.17784e-36 0)
(3.12797e-38 -1.37691e-36 0)
(-5.06364e-37 -2.35712e-36 0)
(-4.96924e-37 -1.13862e-35 0)
(7.98632e-37 -1.16585e-35 0)
(2.08759e-37 -3.8931e-36 0)
(3.12144e-37 -9.5552e-36 0)
(1.48203e-36 -5.50862e-38 0)
(1.09497e-37 9.13502e-36 0)
(-8.56383e-37 1.7389e-36 0)
(-1.66901e-37 3.57798e-37 0)
(-3.55767e-38 4.79247e-38 0)
(-4.86596e-39 6.36629e-39 0)
(-6.59269e-40 6.96265e-40 0)
(-7.31492e-41 7.38738e-41 0)
(-7.85537e-42 6.98753e-42 0)
(-7.50144e-43 6.37372e-43 0)
(-6.89518e-44 5.37542e-44 0)
(-5.85187e-45 4.36993e-45 0)
(-4.78945e-46 3.35208e-46 0)
(-4.98257e-47 2.85547e-47 0)
(-1.90107e-46 5.78144e-47 0)
(-2.57698e-45 8.10164e-46 0)
(-3.43253e-44 1.12115e-44 0)
(-4.32871e-43 1.50548e-43 0)
(-5.28674e-42 1.91852e-42 0)
(-6.01142e-41 2.37339e-41 0)
(-6.6359e-40 2.74542e-40 0)
(-6.62059e-39 3.09399e-39 0)
(-6.46886e-38 3.1768e-38 0)
(-5.38124e-37 3.20674e-37 0)
(-4.49485e-36 2.79118e-36 0)
(-2.76071e-35 2.41672e-35 0)
(-1.83893e-34 1.52298e-34 0)
(-5.28593e-34 9.33757e-34 0)
(-1.69295e-33 9.44444e-33 0)
(8.3484e-34 1.27578e-33 0)
(1.27369e-34 -1.38799e-34 0)
(7.88136e-35 -3.02866e-35 0)
(9.19962e-36 6.57419e-34 0)
(-6.46136e-35 1.51066e-34 0)
(-1.24899e-35 -4.02567e-34 0)
(4.7779e-35 -3.01651e-35 0)
(1.75515e-35 2.33153e-34 0)
(-4.63258e-36 1.52863e-34 0)
(1.38513e-36 2.55335e-35 0)
(1.24571e-35 -1.36565e-35 0)
(6.10169e-36 -2.67539e-35 0)
(4.49365e-36 -1.3562e-34 0)
(1.10328e-35 -1.38783e-34 0)
(2.3718e-36 -4.50316e-35 0)
(1.90881e-36 -1.14507e-34 0)
(8.67684e-36 -6.01857e-37 0)
(-3.96595e-37 1.09798e-34 0)
(-1.00646e-35 2.01888e-35 0)
(-1.90936e-36 4.02831e-36 0)
(-3.94243e-37 5.25117e-37 0)
(-5.29086e-38 6.83863e-38 0)
(-7.04665e-39 7.34523e-39 0)
(-7.71919e-40 7.69266e-40 0)
(-8.20255e-41 7.18896e-41 0)
(-7.76684e-42 6.49944e-42 0)
(-7.09125e-43 5.43613e-43 0)
(-5.98489e-44 4.39164e-44 0)
(-4.86857e-45 3.34674e-45 0)
(-3.74988e-46 2.47325e-46 0)
(-5.07555e-47 2.89285e-47 0)
(-3.17784e-46 1.67973e-46 0)
(-4.17318e-45 2.29503e-45 0)
(-5.21719e-44 3.05895e-44 0)
(-6.2995e-43 3.8604e-43 0)
(-7.07614e-42 4.71866e-42 0)
(-7.68061e-41 5.37081e-41 0)
(-7.52296e-40 5.93485e-40 0)
(-7.15439e-39 5.92723e-39 0)
(-5.76547e-38 5.79129e-38 0)
(-4.58153e-37 4.8009e-37 0)
(-2.61654e-36 3.95425e-36 0)
(-1.54983e-35 2.29868e-35 0)
(-2.99838e-35 1.347e-34 0)
(-3.11297e-34 8.00314e-34 0)
(-2.70719e-34 -4.56491e-34 0)
(-1.94812e-34 -3.26612e-33 0)
(-1.1794e-34 -4.94486e-34 0)
(-1.69211e-34 6.37899e-33 0)
(-1.06095e-34 1.45871e-33 0)
(-6.29653e-35 -3.93288e-33 0)
(3.47143e-34 -2.92231e-34 0)
(2.14262e-34 2.26834e-33 0)
(2.36038e-34 1.47681e-33 0)
(3.62891e-34 2.37367e-34 0)
(4.979e-34 -1.50564e-34 0)
(4.12946e-34 -2.54826e-34 0)
(3.50196e-34 -1.31158e-33 0)
(1.82771e-34 -1.34003e-33 0)
(2.77176e-35 -4.26168e-34 0)
(-2.37264e-35 -1.11088e-33 0)
(-1.42665e-34 -5.27593e-36 0)
(-5.07287e-35 1.06844e-33 0)
(-1.25733e-34 1.92092e-34 0)
(-2.25226e-35 3.65045e-35 0)
(-4.4624e-36 4.6213e-36 0)
(-5.81324e-37 5.84747e-37 0)
(-7.58289e-38 6.15593e-38 0)
(-8.15555e-39 6.3383e-39 0)
(-8.55357e-40 5.84791e-40 0)
(-8.0019e-41 5.23222e-41 0)
(-7.24128e-42 4.34057e-42 0)
(-6.06106e-43 3.48382e-43 0)
(-4.89968e-44 2.64114e-44 0)
(-3.73603e-45 1.93796e-45 0)
(-2.78269e-46 1.37254e-46 0)
(-5.92674e-47 2.98624e-47 0)
(-5.25869e-46 2.82745e-46 0)
(-6.51629e-45 3.73008e-45 0)
(-7.80506e-44 4.66659e-44 0)
(-8.67817e-43 5.63917e-43 0)
(-9.30114e-42 6.34075e-42 0)
(-8.95861e-41 6.88995e-41 0)
(-8.3473e-40 6.75759e-40 0)
(-6.52862e-39 6.43242e-39 0)
(-5.00706e-38 5.18231e-38 0)
(-2.67406e-37 4.09435e-37 0)
(-1.46407e-36 2.27807e-36 0)
(-1.66482e-36 1.25816e-35 0)
(-7.63673e-34 -7.85818e-34 0)
(-4.10861e-33 -6.06835e-33 0)
(-5.75948e-33 -3.57069e-32 0)
(-2.29108e-32 -5.77446e-33 0)
(-8.61399e-33 6.92756e-32 0)
(1.81899e-32 1.55673e-32 0)
(1.65243e-33 -4.29918e-32 0)
(-3.11924e-33 -3.02785e-33 0)
(2.21286e-33 2.45596e-32 0)
(1.04435e-32 1.57623e-32 0)
(1.29771e-32 2.4504e-33 0)
(1.44245e-32 -1.18686e-33 0)
(1.35006e-32 -2.51271e-33 0)
(1.16802e-32 -1.40329e-32 0)
(3.08437e-33 -1.43222e-32 0)
(2.69696e-34 -4.31814e-33 0)
(-1.42535e-33 -1.20075e-32 0)
(-8.35073e-33 -4.88557e-35 0)
(-1.68871e-33 1.15982e-32 0)
(-1.33802e-33 1.95657e-33 0)
(-2.22281e-34 3.54535e-34 0)
(-4.09294e-35 4.29668e-35 0)
(-5.14579e-36 5.27861e-36 0)
(-6.50662e-37 5.40839e-37 0)
(-6.85482e-38 5.4668e-38 0)
(-7.06687e-39 4.95728e-39 0)
(-6.52691e-40 4.38095e-40 0)
(-5.84544e-41 3.59201e-41 0)
(-4.85304e-42 2.85785e-42 0)
(-3.8978e-43 2.14859e-43 0)
(-2.95665e-44 1.56629e-44 0)
(-2.17072e-45 1.09116e-45 0)
(-1.56138e-46 7.63696e-47 0)
(-6.21084e-47 4.06402e-47 0)
(-6.38507e-46 4.72065e-46 0)
(-7.55775e-45 5.86979e-45 0)
(-8.29553e-44 7.04475e-44 0)
(-8.73661e-43 7.85498e-43 0)
(-8.22602e-42 8.44956e-42 0)
(-7.42011e-41 8.18553e-41 0)
(-5.51396e-40 7.68552e-40 0)
(-3.89947e-39 6.0983e-39 0)
(-1.66845e-38 4.76986e-38 0)
(-5.05599e-38 2.68868e-37 0)
(5.80279e-37 1.60843e-36 0)
(-7.65806e-33 -5.55654e-33 0)
(-4.95721e-32 -4.07356e-32 0)
(-1.20595e-31 -2.48958e-31 0)
(-6.41139e-31 -4.16685e-32 0)
(-2.19646e-31 4.82531e-31 0)
(5.50712e-31 1.07301e-31 0)
(5.39233e-32 -3.0101e-31 0)
(-1.53531e-31 -2.08538e-32 0)
(2.55007e-32 1.70919e-31 0)
(2.5823e-31 1.08476e-31 0)
(3.06765e-31 1.55535e-32 0)
(3.23561e-31 -1.23847e-32 0)
(3.11281e-31 -1.71302e-32 0)
(2.73201e-31 -9.68278e-32 0)
(5.37971e-32 -9.85562e-32 0)
(2.83433e-33 -2.87008e-32 0)
(-3.4343e-32 -8.32388e-32 0)
(-2.16869e-31 -2.83386e-34 0)
(-3.71199e-32 8.07467e-32 0)
(-1.61319e-32 1.31163e-32 0)
(-2.37211e-33 2.17579e-33 0)
(-4.03678e-34 2.5084e-34 0)
(-4.81825e-35 2.92796e-35 0)
(-5.89639e-36 2.90219e-36 0)
(-6.0406e-37 2.85077e-37 0)
(-6.11213e-38 2.53381e-38 0)
(-5.54819e-39 2.20248e-39 0)
(-4.90813e-40 1.78391e-40 0)
(-4.0276e-41 1.4053e-41 0)
(-3.20676e-42 1.04862e-42 0)
(-2.41239e-43 7.59875e-44 0)
(-1.75954e-44 5.26903e-45 0)
(-1.22643e-45 3.55206e-46 0)
(-8.62378e-47 2.7151e-47 0)
(-3.9903e-47 5.72249e-47 0)
(-3.05204e-46 7.21744e-46 0)
(-1.61171e-45 9.10684e-45 0)
(8.77576e-45 1.09328e-43 0)
(5.00192e-43 1.29236e-42 0)
(1.02295e-41 1.4478e-41 0)
(1.68183e-40 1.62765e-40 0)
(2.35229e-39 1.73251e-39 0)
(2.98506e-38 1.8987e-38 0)
(3.47637e-37 1.96461e-37 0)
(3.67442e-36 2.12518e-36 0)
(-5.2349e-32 -4.09149e-32 0)
(-4.20157e-31 -3.09741e-31 0)
(-1.8227e-30 -2.22214e-30 0)
(-1.24911e-29 -4.25592e-31 0)
(-4.12385e-30 4.3238e-30 0)
(1.1196e-29 9.24741e-31 0)
(9.89524e-31 -2.72782e-30 0)
(-3.56363e-30 -1.60764e-31 0)
(2.05823e-31 1.51872e-30 0)
(4.71182e-30 9.34648e-31 0)
(5.39269e-30 1.21794e-31 0)
(5.5367e-30 -6.40383e-32 0)
(5.42939e-30 -1.24778e-31 0)
(4.84181e-30 -8.43124e-31 0)
(7.19297e-31 -8.56704e-31 0)
(2.03169e-32 -2.17359e-31 0)
(-5.58927e-31 -7.41032e-31 0)
(-4.10388e-30 -1.9365e-33 0)
(-5.78902e-31 7.23023e-31 0)
(-1.36956e-31 9.97618e-32 0)
)
;

boundaryField
{
    leftWall
    {
        type            fixedValue;
        value           uniform (0 0 0);
    }
    rightWall
    {
        type            fixedValue;
        value           nonuniform 0();
    }
    lowerWall
    {
        type            fixedValue;
        value           uniform (0 0 0);
    }
    atmosphere
    {
        type            pressureInletOutletVelocity;
        value           nonuniform 0();
    }
    defaultFaces
    {
        type            empty;
    }
    procBoundary0to1
    {
        type            processor;
        value           nonuniform List<vector> 
44
(
(1.28464e-41 -3.80107e-39 0)
(1.25641e-40 -3.51666e-38 0)
(1.01834e-39 -3.01033e-37 0)
(7.54247e-39 -2.4777e-36 0)
(5.09012e-38 -1.89631e-35 0)
(2.86018e-37 -1.40758e-34 0)
(1.28681e-36 -9.33168e-34 0)
(1.99767e-36 -6.22619e-33 0)
(-1.76259e-35 -3.31832e-32 0)
(-2.0715e-34 -2.08444e-31 0)
(6.29301e-34 -7.86738e-31 0)
(1.33945e-32 -9.92628e-30 0)
(1.66081e-31 1.25171e-30 0)
(1.33942e-32 1.12932e-29 0)
(7.0465e-34 9.38492e-31 0)
(3.14404e-35 5.41441e-31 0)
(4.3925e-35 2.00569e-30 0)
(7.61214e-35 2.02922e-29 0)
(2.33926e-36 3.83102e-29 0)
(-7.59079e-35 2.143e-29 0)
(-7.59079e-35 2.143e-29 0)
(3.06581e-31 2.90477e-31 0)
(3.58928e-32 5.41623e-32 0)
(4.7452e-33 6.03647e-33 0)
(4.44545e-34 7.7511e-34 0)
(4.40281e-35 2.07778e-34 0)
(1.21379e-36 1.33694e-33 0)
(-2.66641e-35 1.45581e-32 0)
(-3.13145e-34 1.15373e-31 0)
(-2.53104e-33 1.1868e-30 0)
(-2.29938e-32 6.17741e-30 0)
(-2.07512e-32 6.94562e-29 0)
(2.07513e-32 6.94562e-29 0)
(2.29919e-32 6.1774e-30 0)
(2.43205e-33 1.18669e-30 0)
(-2.20131e-33 1.14585e-31 0)
(-4.64385e-32 7.47684e-33 0)
(-5.7647e-31 1.32943e-33 0)
(-4.64652e-32 7.21414e-33 0)
(-2.51446e-33 7.99908e-34 0)
(-9.89032e-35 1.14242e-34 0)
(-1.11751e-36 1.11052e-35 0)
(6.72839e-36 4.36148e-36 0)
(3.70305e-35 2.13159e-35 0)
)
;
    }
    procBoundary0to2
    {
        type            processor;
        value           nonuniform List<vector> 
46
(
(-1.74049e-32 1.58535e-32 0)
(-2.56375e-33 1.71975e-33 0)
(-2.86138e-34 1.9579e-34 0)
(-3.30559e-35 1.87844e-35 0)
(-3.27068e-36 1.8132e-36 0)
(-3.2151e-37 1.57846e-37 0)
(-2.861e-38 1.35409e-38 0)
(-2.48996e-39 1.08085e-39 0)
(-2.01889e-40 8.4267e-41 0)
(-1.59187e-41 6.21945e-42 0)
(-1.18876e-42 4.4692e-43 0)
(-8.62007e-44 3.07244e-44 0)
(-5.98004e-45 2.05517e-45 0)
(-3.93175e-46 1.32733e-46 0)
(1.33209e-46 1.23193e-47 0)
(2.49669e-45 4.9885e-47 0)
(3.77098e-44 5.84359e-46 0)
(5.52089e-43 6.40736e-45 0)
(7.73863e-42 6.74505e-44 0)
(1.05216e-40 6.36269e-43 0)
(1.35777e-39 5.77097e-42 0)
(1.7022e-38 4.36853e-41 0)
(1.99744e-37 3.21432e-40 0)
(2.28867e-36 1.61987e-39 0)
(2.39726e-35 8.27414e-39 0)
(-3.97616e-31 8.97933e-35 0)
(-3.5721e-30 2.84565e-35 0)
(-1.6256e-29 2.00104e-35 0)
(-1.60431e-28 3.44753e-36 0)
(-5.30466e-29 6.36205e-37 0)
(1.48946e-28 1.09738e-37 0)
(8.91223e-30 -5.23253e-38 0)
(-4.82852e-29 -8.49249e-36 0)
(1.68765e-30 -2.52705e-34 0)
(5.828e-29 -4.95957e-33 0)
(6.44015e-29 -7.28894e-32 0)
(6.55538e-29 -7.37987e-31 0)
(6.45418e-29 -7.28894e-32 0)
(5.93771e-29 -4.95958e-33 0)
(6.34809e-30 -2.5272e-34 0)
(1.52135e-31 -8.49378e-36 0)
(-5.0082e-30 -4.90221e-38 0)
(-5.28967e-29 2.82218e-38 0)
(-5.15812e-30 8.0254e-39 0)
(-1.74049e-32 1.58535e-32 0)
(-1.16665e-30 9.43481e-40 0)
)
;
    }
}


// ************************************************************************* //
